Mars Surface Radiation Result (absorbed dose in thin silicon slab) (1E-6 Gy/day).

The first row gives the longitude
The first column for each row (starting from the 2nd row) gives the latitude
The rest values of each row gives the dose rate at different longitudes (given in the first row)

179°W  177°W  175°W  173°W  171°W  169°W  167°W  165°W  163°W  161°W  159°W  157°W  155°W  153°W  151°W  149°W  147°W  145°W  143°W  141°W  139°W  137°W  135°W  133°W  131°W  129°W  127°W  125°W  123°W  121°W  119°W  117°W  115°W  113°W  111°W  109°W  107°W  105°W  103°W  101°W  99°W  97°W  95°W  93°W  91°W  89°W  87°W  85°W  83°W  81°W  79°W  77°W  75°W  73°W  71°W  69°W  67°W  65°W  63°W  61°W  59°W  57°W  55°W  53°W  51°W  49°W  47°W  45°W  43°W  41°W  39°W  37°W  35°W  33°W  31°W  29°W  27°W  25°W  23°W  21°W  19°W  17°W  15°W  13°W  11°W  9°W  7°W  5°W  3°W  1°W  1°E  3°E  5°E  7°E  9°E  11°E  13°E  15°E  17°E  19°E  21°E  23°E  25°E  27°E  29°E  31°E  33°E  35°E  37°E  39°E  41°E  43°E  45°E  47°E  49°E  51°E  53°E  55°E  57°E  59°E  61°E  63°E  65°E  67°E  69°E  71°E  73°E  75°E  77°E  79°E  81°E  83°E  85°E  87°E  89°E  91°E  93°E  95°E  97°E  99°E  101°E  103°E  105°E  107°E  109°E  111°E  113°E  115°E  117°E  119°E  121°E  123°E  125°E  127°E  129°E  131°E  133°E  135°E  137°E  139°E  141°E  143°E  145°E  147°E  149°E  151°E  153°E  155°E  157°E  159°E  161°E  163°E  165°E  167°E  169°E  171°E  173°E  175°E  177°E  179°E  
--------------------------------------------------------------------------------------------------------------
89°S ||     84.62 84.67 84.72 84.74 84.74 84.73 84.73 84.74 84.78 84.82 84.97 85.02 84.99 85.05 85.25 85.35 85.40 85.47 85.49 85.38 85.31 85.46 85.47 85.43 85.37 85.35 85.29 85.30 85.39 85.36 85.44 85.55 85.50 85.43 85.53 85.46 85.37 85.31 85.23 85.17 85.12 85.05 84.99 84.96 84.94 84.94 84.94 84.94 84.94 84.92 84.90 84.89 84.86 84.85 84.85 84.85 84.78 84.75 84.73 84.73 84.71 84.70 84.70 84.66 84.68 84.71 84.72 84.60 84.54 84.56 84.50 84.49 84.49 84.50 84.46 84.43 84.42 84.41 84.39 84.40 84.38 84.41 84.41 84.39 84.41 84.42 84.42 84.41 84.41 84.41 84.43 84.45 84.47 84.47 84.48 84.48 84.48 84.49 84.50 84.50 84.48 84.47 84.46 84.46 84.47 84.48 84.48 84.49 84.50 84.51 84.52 84.50 84.47 84.49 84.54 84.57 84.56 84.55 84.56 84.58 84.60 84.61 84.62 84.65 84.68 84.71 84.71 84.74 84.76 84.78 84.79 84.80 84.81 84.83 84.83 84.86 84.86 84.86 84.86 84.87 84.82 84.83 84.81 84.77 84.79 84.79 84.78 84.75 84.72 84.69 84.68 84.67 84.67 84.63 84.60 84.59 84.58 84.56 84.56 84.56 84.56 84.55 84.54 84.52 84.52 84.51 84.52 84.53 84.54 84.54 84.56 84.58 84.58 84.59 84.59 84.60 84.61 84.61 84.62 84.63
87°S ||     86.46 86.54 86.57 86.69 86.66 86.73 86.64 86.63 86.60 86.52 86.51 86.50 86.41 86.29 86.24 86.23 86.24 86.25 86.25 86.21 86.20 86.25 86.38 86.41 86.39 86.34 86.34 86.24 86.32 86.16 86.40 86.41 86.26 86.25 86.24 86.24 86.21 86.18 86.20 86.18 86.14 86.18 86.15 86.12 86.09 86.07 86.07 86.00 85.96 85.91 85.77 85.92 85.74 85.48 85.51 85.45 85.33 85.21 85.15 85.12 85.29 84.81 84.88 84.64 84.57 84.55 84.49 84.45 84.43 84.41 84.35 84.32 84.38 84.36 84.10 84.05 83.98 83.89 83.86 84.02 83.73 83.55 83.54 83.45 83.42 83.43 83.45 83.48 83.52 83.54 83.58 83.58 83.60 83.60 83.60 84.00 83.90 84.08 83.95 84.15 84.15 84.15 84.23 84.25 84.28 84.37 84.43 84.58 84.67 84.72 84.58 84.57 84.61 84.63 84.65 84.65 84.70 84.73 84.80 84.81 84.87 84.93 84.94 84.99 85.06 85.05 85.06 85.13 85.20 85.18 85.25 85.26 85.28 85.34 85.47 85.60 85.68 85.82 85.75 85.58 85.44 85.40 85.37 85.35 85.30 85.31 85.26 85.01 84.98 84.96 84.96 84.97 85.01 85.01 85.00 85.01 85.07 85.18 85.26 85.26 85.33 85.40 85.48 85.52 85.63 85.72 85.82 85.87 86.02 86.06 86.24 86.24 86.26 86.25 86.32 86.21 85.95 86.08 86.44 86.65
85°S ||     85.88 85.89 85.92 85.93 85.94 85.93 85.95 85.99 85.99 85.99 85.99 85.99 86.01 86.08 86.02 85.96 85.97 86.07 86.06 86.07 86.07 86.08 86.11 86.12 86.11 86.11 86.15 86.25 86.31 86.44 86.76 86.79 86.77 86.77 86.81 86.66 86.86 86.76 86.70 86.64 86.86 87.12 87.07 87.09 86.88 86.85 86.75 86.65 86.56 86.47 86.50 86.38 86.37 86.34 86.57 86.65 86.38 86.21 86.26 86.60 86.45 85.58 85.46 85.50 85.63 85.71 85.56 85.64 85.62 85.23 85.37 85.26 84.97 84.88 84.93 84.69 85.00 85.25 85.52 85.19 85.03 84.96 85.03 85.04 85.15 85.01 84.95 84.82 84.81 84.92 84.79 84.80 84.90 84.87 84.87 84.88 84.90 84.95 84.98 85.08 85.05 85.16 85.45 85.73 85.65 85.61 85.59 85.60 85.57 85.62 85.71 85.77 85.82 85.88 85.67 85.72 85.83 85.85 85.78 85.71 85.69 85.73 85.77 85.86 85.96 86.05 86.05 85.98 85.99 85.93 85.89 85.85 85.81 85.83 85.85 85.95 86.49 87.54 87.90 87.66 87.08 86.81 86.70 86.74 86.31 86.08 85.98 85.87 85.93 85.99 85.88 85.90 85.96 86.09 86.25 86.31 86.34 86.36 86.32 86.32 86.31 86.15 86.01 85.94 85.91 86.01 86.07 86.15 86.28 86.46 86.23 86.28 86.25 86.20 86.13 86.08 86.04 86.03 85.92 85.87
83°S ||     85.98 86.00 86.02 86.04 86.05 86.05 86.07 86.08 86.11 86.12 86.15 86.17 86.20 86.22 86.21 86.22 86.24 86.27 86.31 86.33 86.36 86.39 86.42 86.46 86.51 86.56 86.61 86.66 86.77 86.88 86.82 86.67 86.64 86.58 86.69 86.80 86.78 86.74 86.80 86.86 86.62 86.63 86.64 86.65 86.68 86.70 86.68 87.15 87.26 87.33 87.24 87.25 87.18 87.18 87.20 87.16 87.10 87.37 87.45 87.44 87.00 87.33 87.24 87.12 87.44 87.16 87.18 87.15 87.52 87.20 87.48 87.71 87.88 87.89 87.74 87.59 87.62 87.61 87.60 87.70 87.67 87.64 87.48 87.52 87.54 87.46 87.40 87.38 87.43 87.41 87.14 87.13 87.22 87.57 87.15 87.07 86.97 86.93 86.95 86.82 87.02 86.52 86.67 86.42 86.81 87.04 87.10 86.86 86.75 86.78 86.83 86.96 87.20 87.28 87.36 87.32 86.94 86.96 86.89 86.88 86.81 86.80 86.50 86.42 86.49 86.54 86.54 86.41 86.40 86.54 86.47 86.48 86.64 86.66 86.85 87.39 88.13 88.05 88.07 88.05 88.07 86.98 86.87 86.92 86.89 87.02 86.98 86.90 86.88 86.87 86.82 86.71 86.61 86.55 86.51 86.37 86.31 86.35 86.64 86.97 87.44 87.71 87.28 86.77 86.08 86.08 85.79 85.72 85.70 85.69 85.79 85.99 86.48 86.48 86.21 86.01 85.93 85.90 85.92 85.96
81°S ||     86.29 86.36 86.36 86.50 86.26 86.33 86.37 86.42 86.47 86.53 86.58 86.65 86.81 86.85 86.64 86.63 86.66 86.71 86.77 86.82 86.87 86.91 86.93 86.96 87.00 87.05 87.11 87.14 87.17 87.20 87.24 87.39 87.36 87.38 87.49 87.44 87.24 87.28 87.25 87.28 87.45 87.31 87.01 87.06 86.90 86.77 86.83 87.00 87.04 86.94 87.08 86.99 87.20 88.00 87.68 87.87 88.15 87.70 88.12 88.02 87.71 87.83 87.90 87.86 87.86 87.81 87.86 87.87 87.80 87.71 87.81 87.66 87.48 87.51 87.53 87.55 87.49 87.50 87.47 87.50 87.90 87.41 87.25 87.21 87.18 87.20 87.19 87.20 87.17 87.17 87.15 87.17 87.07 86.90 86.71 86.43 85.81 85.14 85.93 86.06 86.51 86.84 86.78 86.90 87.19 87.38 87.52 87.74 87.70 87.59 87.38 87.67 87.78 87.90 87.89 87.97 88.00 88.08 88.05 88.05 88.03 88.07 88.01 87.94 87.92 87.96 87.58 87.62 87.69 87.76 87.82 88.03 88.09 88.18 88.21 88.19 88.16 87.56 86.76 86.56 86.52 86.48 86.46 86.64 86.72 86.74 86.68 86.83 86.92 87.01 87.14 87.22 87.33 87.12 87.22 87.44 87.58 87.27 87.13 87.17 87.62 87.42 87.16 87.17 87.30 87.24 87.65 87.04 86.32 86.00 86.01 86.16 86.31 86.55 86.85 86.22 86.33 86.33 86.15 86.20
79°S ||     86.62 86.66 86.68 86.78 86.77 86.73 86.73 86.77 86.79 86.97 86.84 86.93 86.98 87.01 87.09 87.20 87.09 87.28 87.02 87.26 87.17 87.20 87.17 87.60 88.00 87.06 87.47 87.92 87.74 87.84 87.77 87.78 87.75 87.77 87.81 87.83 87.84 87.82 87.73 87.69 87.70 87.48 88.04 88.14 87.26 87.44 87.42 87.29 87.25 87.49 87.70 87.46 88.10 87.93 87.99 88.18 88.41 87.27 87.87 87.38 88.08 87.85 87.27 87.69 87.70 87.99 88.02 87.96 87.93 87.90 87.85 87.88 87.86 87.87 87.84 87.81 87.83 87.87 87.84 87.64 87.73 87.88 87.63 87.59 87.61 87.81 87.49 87.66 87.51 87.54 87.59 87.48 87.42 87.14 86.38 86.39 85.99 86.45 86.96 87.24 87.16 87.41 87.46 87.53 87.60 87.80 87.63 87.75 87.51 87.77 87.36 87.64 87.49 87.49 87.15 87.06 87.75 87.90 88.15 88.20 88.25 88.23 88.26 88.24 88.28 88.25 88.21 88.26 88.24 88.28 88.22 88.20 88.28 88.26 88.27 88.27 88.33 88.34 88.28 88.28 88.28 88.32 88.01 87.65 87.84 87.32 86.85 86.86 86.87 86.77 86.83 86.93 87.31 88.36 88.22 87.39 87.20 87.72 86.63 86.66 87.25 86.73 86.46 86.33 86.27 86.37 86.25 86.63 86.40 86.37 86.38 86.44 86.57 86.29 86.21 86.33 86.43 86.53 86.53 86.55
77°S ||     87.36 87.10 87.04 87.01 86.93 87.18 87.14 87.47 87.42 87.46 87.42 87.44 87.75 87.58 87.54 87.58 87.66 87.66 87.78 87.66 87.61 87.65 87.60 87.70 87.64 87.76 87.94 88.01 87.87 87.96 87.94 87.96 87.97 87.96 87.96 87.97 87.94 87.96 87.94 87.94 87.93 87.95 87.88 87.75 87.70 87.50 87.03 87.65 86.93 87.18 87.88 87.71 87.56 87.07 87.22 87.42 87.59 87.55 87.67 87.63 87.90 88.06 87.90 87.96 88.12 88.15 88.12 88.15 88.15 88.12 88.09 88.07 88.02 88.03 88.00 88.00 87.97 87.88 87.69 87.71 87.65 87.52 87.46 87.32 87.54 87.71 87.59 87.62 87.44 87.55 87.56 87.51 87.19 87.04 86.92 86.76 86.30 85.93 87.00 88.03 88.36 88.50 88.49 87.45 87.70 87.57 87.60 87.77 87.52 87.82 87.58 87.53 87.48 87.87 88.20 88.04 87.54 87.41 87.03 86.81 86.71 86.35 86.21 86.73 87.30 87.76 88.03 88.02 87.93 87.74 87.22 87.78 87.93 87.33 87.85 88.03 88.30 88.21 87.99 87.88 87.59 87.61 87.39 87.81 88.36 88.32 88.18 88.07 87.44 87.48 87.54 86.82 87.46 87.75 87.75 86.98 86.66 86.74 86.54 86.59 86.67 86.52 86.52 86.76 86.64 86.60 86.72 86.83 86.87 86.85 86.76 86.85 87.05 86.75 86.78 86.83 87.02 87.18 87.26 87.09
75°S ||     87.55 87.64 87.43 87.56 87.39 87.39 87.49 88.08 87.69 87.61 88.41 88.64 87.77 87.91 87.93 88.03 87.84 87.94 87.94 87.79 87.79 87.99 88.00 88.13 88.01 88.07 88.11 88.13 88.11 88.08 88.09 88.07 88.10 88.07 87.69 88.01 88.02 88.00 87.98 87.97 87.92 87.88 87.89 87.89 87.93 87.98 87.91 87.83 87.66 87.56 87.65 87.20 87.06 87.39 87.85 87.93 87.87 88.15 88.28 88.30 88.33 88.32 88.27 88.23 88.20 88.20 88.17 87.99 88.14 88.05 87.93 87.80 87.77 87.62 87.57 87.64 87.56 87.71 87.56 87.58 87.64 87.68 87.76 87.59 87.89 87.68 87.68 87.81 87.66 87.66 87.58 87.31 87.19 87.47 87.60 87.62 87.62 87.63 87.69 87.57 87.43 87.53 87.53 87.48 87.74 87.79 87.80 87.65 87.63 87.53 87.46 87.31 86.90 87.09 87.23 86.74 87.10 86.97 86.77 86.92 86.69 86.63 87.28 87.58 87.43 87.35 88.33 87.06 87.23 87.24 87.35 87.78 87.69 87.57 87.51 87.34 87.62 86.74 86.41 86.04 85.97 86.54 88.49 88.35 88.45 87.40 87.98 87.43 88.11 88.38 88.26 88.20 88.13 88.15 88.24 87.28 86.34 86.30 86.29 86.30 86.28 86.43 87.02 86.92 87.09 86.54 86.61 86.78 86.86 86.85 86.92 86.92 86.96 87.17 87.19 87.26 87.38 87.34 87.39 87.44
73°S ||     88.48 87.53 88.09 88.08 87.98 87.72 88.33 88.08 88.11 88.09 87.71 87.41 88.21 87.68 87.93 88.09 88.05 88.04 87.99 87.88 87.75 87.45 88.31 87.28 87.50 88.21 88.01 87.99 88.02 88.06 88.08 88.08 88.15 87.86 87.80 87.52 87.71 88.03 87.93 87.98 87.98 88.01 87.93 87.97 88.00 88.00 88.01 87.79 88.26 88.96 88.96 89.06 89.03 87.80 88.25 88.26 88.40 88.43 88.45 88.47 88.47 88.45 88.40 88.32 88.35 88.02 88.15 88.31 88.33 88.32 88.28 88.05 87.86 87.96 87.84 87.74 87.67 87.77 87.96 87.63 87.64 87.65 87.68 87.96 87.81 88.03 88.14 88.10 88.00 88.04 87.75 87.71 87.40 87.73 87.71 87.80 87.95 87.97 87.97 87.95 87.98 87.99 88.06 88.01 87.94 87.88 88.00 87.60 87.53 87.40 86.99 86.67 86.91 87.32 87.71 87.45 87.63 87.52 87.62 87.29 87.42 87.07 86.88 86.81 87.12 87.09 87.39 87.41 87.65 87.62 87.59 87.68 87.72 87.81 87.89 87.91 87.89 88.00 87.71 87.39 87.75 86.53 86.68 87.25 87.35 87.40 87.47 87.69 88.24 88.02 87.83 87.06 87.76 88.16 88.41 88.52 88.01 87.13 86.35 86.74 86.52 86.79 87.25 87.31 86.70 86.97 87.36 87.50 87.36 87.69 88.37 88.17 87.83 87.71 87.73 87.68 87.83 87.66 87.71 88.39
71°S ||     88.33 88.37 88.45 88.50 88.55 88.69 88.79 88.73 88.74 88.76 88.75 88.21 87.66 87.40 86.84 86.85 87.44 87.58 88.45 87.78 87.83 87.69 87.52 87.59 89.02 88.08 88.09 88.11 88.01 87.83 87.90 87.82 87.81 87.97 87.91 87.87 87.81 88.07 87.94 87.95 88.07 87.92 88.04 87.97 88.01 88.04 87.80 87.64 87.69 88.42 88.96 88.85 89.09 87.63 88.36 88.47 88.51 88.56 88.50 88.52 88.57 88.31 88.21 88.31 88.40 88.46 88.50 88.35 88.36 87.60 87.85 88.02 87.89 88.03 87.77 87.94 87.80 87.39 87.20 87.07 86.98 87.83 87.81 87.79 87.95 87.97 88.09 87.92 88.14 88.01 88.42 88.34 87.99 88.07 88.06 87.91 87.84 87.29 87.82 88.07 88.19 87.95 87.99 88.00 87.98 88.02 87.72 86.95 87.22 87.51 87.54 87.64 87.65 87.80 87.83 87.75 87.97 87.81 87.92 88.00 87.93 88.10 88.13 87.95 88.08 87.79 87.24 87.44 88.47 88.47 87.63 87.80 87.62 86.60 87.34 87.52 87.61 87.21 86.94 87.24 87.56 87.08 87.82 87.96 88.20 88.22 88.19 87.94 87.94 88.09 88.34 88.25 88.45 88.28 88.90 89.04 88.98 88.71 88.40 88.20 88.41 88.26 88.08 88.37 88.52 88.47 88.46 88.32 88.20 88.59 88.25 88.51 88.42 88.45 88.00 88.00 88.05 88.13 87.83 88.27
69°S ||     87.80 87.87 88.16 88.36 88.01 89.12 88.99 88.73 88.85 88.83 88.79 88.62 88.13 88.21 87.86 88.00 87.07 87.23 87.55 87.94 88.24 88.05 87.81 87.72 87.63 88.18 87.99 88.12 87.80 88.27 87.50 87.57 87.49 87.73 87.77 87.85 88.07 88.09 88.17 88.17 88.23 88.17 88.15 88.20 88.20 88.65 88.04 88.29 88.30 88.28 88.32 88.43 88.43 88.52 88.53 88.48 88.51 88.53 88.37 88.36 88.21 88.51 88.48 88.60 88.49 88.31 87.81 87.83 87.88 87.87 87.83 87.93 87.92 88.09 88.18 88.35 88.20 87.72 87.26 87.49 87.61 88.00 87.99 87.64 87.62 87.43 87.49 87.45 87.68 87.92 87.94 88.05 87.27 88.08 88.15 88.08 88.20 88.19 88.17 88.22 88.17 88.14 88.20 88.13 87.94 87.67 87.06 88.04 88.21 88.11 87.95 87.79 87.88 87.78 87.90 87.49 87.44 87.92 88.26 88.42 88.58 88.46 88.49 88.56 88.55 88.47 88.16 87.81 87.57 87.59 87.98 87.88 87.85 87.82 88.57 87.63 86.58 86.90 87.01 87.12 87.30 87.30 86.98 87.08 87.53 87.92 88.03 87.81 88.22 88.29 88.29 88.36 87.96 86.47 88.28 88.89 88.76 86.99 88.89 88.82 88.76 88.58 88.51 88.45 88.24 88.01 87.81 87.88 87.26 87.04 87.86 88.36 88.31 88.15 88.03 87.90 87.82 87.75 87.94 87.93
67°S ||     88.93 87.75 87.54 88.14 88.17 88.26 88.29 88.75 88.76 88.84 88.87 88.87 88.74 88.64 88.35 88.11 87.85 87.48 87.41 87.17 87.16 86.92 87.21 87.24 87.55 87.52 87.42 87.35 87.76 87.14 87.15 87.18 87.64 88.85 87.58 87.78 87.80 88.39 88.12 88.14 88.22 88.22 88.18 88.20 88.21 88.25 88.22 88.31 88.32 88.27 88.30 88.38 88.41 88.42 88.35 88.48 88.60 88.50 88.56 88.49 88.05 88.35 88.54 88.54 88.33 88.15 89.42 89.41 89.12 87.90 88.02 88.06 88.11 88.26 88.39 88.08 87.79 87.33 87.37 87.11 87.37 87.39 87.71 87.66 87.93 87.84 87.94 87.96 87.94 87.94 87.98 88.12 88.05 88.17 88.12 88.22 88.12 88.08 88.09 87.94 87.95 87.36 87.19 87.23 86.93 87.40 88.48 88.87 88.83 88.49 88.40 88.05 88.09 87.79 87.93 87.85 88.17 88.29 88.52 88.55 88.53 88.52 88.57 88.56 88.50 88.68 88.67 88.78 88.79 88.41 87.79 87.26 87.75 87.91 87.27 87.13 87.02 86.69 87.15 86.50 86.72 87.06 87.09 87.86 87.62 87.57 87.17 87.45 87.83 88.11 88.36 88.46 88.24 88.39 88.49 88.52 88.55 88.52 88.28 88.43 88.39 88.43 88.27 88.09 88.31 88.26 88.27 88.26 88.20 87.86 88.37 88.18 88.13 87.96 87.58 88.06 87.52 87.50 87.56 87.96
65°S ||     87.85 87.53 87.26 87.63 87.67 88.38 88.46 88.78 88.72 88.77 88.76 88.84 88.85 88.85 88.78 88.63 88.53 88.47 88.39 88.13 87.72 87.61 87.67 87.49 87.78 87.72 87.45 88.05 87.93 87.48 87.29 87.55 87.37 87.58 87.74 87.85 87.87 87.93 87.96 88.14 88.16 88.24 88.27 88.27 88.34 88.37 88.34 88.34 88.36 88.35 88.26 88.19 88.13 88.23 88.35 88.45 88.46 88.46 88.37 87.65 88.48 88.60 88.73 88.86 88.35 88.59 88.57 88.57 88.15 88.08 88.26 88.16 88.22 88.33 88.50 88.39 88.00 87.84 87.51 87.22 87.24 87.50 88.21 87.77 87.92 87.95 87.94 87.88 87.67 87.99 87.99 88.02 87.97 88.12 87.95 88.14 88.35 88.22 87.99 88.06 87.85 87.88 87.77 87.68 87.35 87.62 87.49 87.71 87.80 87.71 87.69 87.59 87.69 88.15 88.40 88.80 88.77 88.63 88.50 88.41 88.42 88.57 88.70 88.67 88.77 88.73 88.70 88.74 88.74 88.82 88.02 87.97 87.92 87.82 88.97 87.39 87.34 87.43 87.82 86.87 86.84 86.85 87.26 87.30 87.34 86.98 86.86 87.88 87.64 87.40 88.14 88.04 87.95 88.36 88.33 87.12 87.64 87.80 88.29 88.03 87.53 87.66 88.29 87.98 88.17 88.39 88.27 88.34 88.31 88.28 88.00 87.92 87.77 87.26 88.06 88.25 87.91 87.77 87.45 87.37
63°S ||     87.83 87.80 88.12 87.58 87.35 87.73 88.19 88.29 88.51 88.46 88.67 88.55 88.82 88.72 88.73 88.62 88.69 88.71 88.65 88.25 87.81 87.78 87.55 87.64 87.56 87.68 87.69 87.53 87.48 87.55 87.50 87.62 87.83 87.84 87.81 87.62 87.46 87.75 88.09 87.86 88.23 87.97 87.80 88.14 88.18 88.15 87.99 88.25 88.19 88.17 87.99 88.04 88.27 88.60 88.37 87.81 88.17 88.65 88.53 88.57 88.52 88.51 88.62 88.78 89.05 88.86 88.30 88.89 88.17 88.60 88.39 88.22 88.25 88.15 88.23 88.64 88.76 88.67 88.59 88.26 88.08 87.75 87.83 87.82 87.84 87.88 87.99 87.99 88.00 87.96 87.94 87.95 88.05 87.99 88.03 87.87 88.00 88.06 87.92 88.14 88.17 87.92 87.98 88.14 88.02 87.80 87.63 87.44 87.47 87.29 87.72 87.84 88.15 88.63 88.95 89.00 89.03 88.85 88.69 88.63 88.59 88.56 88.62 88.65 88.83 88.89 88.80 88.77 88.79 88.81 88.65 88.17 88.07 88.29 87.94 87.53 87.29 87.43 87.30 86.62 88.13 87.10 87.60 87.52 87.50 87.23 87.09 86.93 86.70 87.10 87.50 87.85 87.68 87.73 88.02 88.32 88.54 88.55 88.32 88.21 87.79 87.86 88.04 88.01 87.90 87.14 87.11 87.43 87.87 88.12 88.23 88.30 88.14 88.37 88.34 87.56 87.95 88.04 87.99 88.18
61°S ||     88.47 87.64 87.28 87.80 88.08 88.26 88.24 87.67 87.77 87.95 87.57 87.78 88.26 87.76 89.15 87.85 88.20 88.16 88.61 88.35 88.27 88.23 88.25 87.71 87.55 87.37 88.26 87.99 87.53 87.63 88.03 88.30 88.33 88.23 88.21 87.96 87.63 87.80 87.73 87.70 88.08 87.48 87.87 88.15 87.90 87.06 88.34 88.49 88.53 88.48 88.45 88.57 88.55 88.27 87.92 88.73 88.73 88.55 88.74 88.73 88.67 88.53 88.63 88.70 88.91 89.15 88.96 88.48 89.02 89.03 88.88 88.64 87.90 88.54 88.71 88.31 88.25 88.34 88.21 87.95 87.18 87.20 87.81 88.05 87.84 87.77 87.66 87.92 88.04 88.01 88.06 87.98 88.00 88.15 88.06 88.12 88.08 87.93 88.04 88.14 88.21 88.08 88.02 88.01 87.53 88.03 87.95 87.97 88.00 88.11 88.22 88.29 88.39 88.56 88.78 88.83 88.46 88.41 88.45 88.25 89.23 88.83 88.33 88.54 88.71 88.77 88.92 88.98 88.74 88.93 89.17 88.98 87.15 88.82 88.69 88.48 87.48 87.63 87.61 87.98 87.27 87.18 87.09 87.19 87.25 87.17 87.17 86.96 87.17 87.13 87.39 87.39 87.44 87.53 87.57 88.44 88.91 88.86 88.85 88.73 88.57 88.36 88.18 87.97 87.91 87.59 87.25 87.46 87.56 86.71 87.38 88.02 88.14 87.92 87.06 87.38 87.56 88.32 88.36 88.33
59°S ||     88.58 88.13 87.95 88.20 88.24 88.08 87.01 87.61 87.78 87.57 88.01 87.59 87.79 87.08 87.94 88.31 88.08 88.21 87.96 88.21 88.34 88.36 88.11 87.99 87.28 87.63 87.80 87.86 88.21 87.65 87.85 88.42 88.49 88.23 88.46 88.25 87.81 87.37 87.23 87.35 87.61 88.13 88.40 88.39 88.33 88.04 88.48 88.60 88.75 88.74 88.75 88.76 88.79 88.81 88.58 88.42 88.53 88.39 88.65 88.76 88.52 88.27 88.87 88.79 88.25 89.15 88.26 88.80 89.02 87.83 88.11 88.73 89.24 88.52 88.95 88.39 88.42 88.16 87.94 87.94 87.44 87.54 87.82 87.62 87.67 88.04 87.89 87.85 88.20 87.15 87.92 88.12 88.18 88.09 88.47 87.93 87.86 87.88 88.73 87.83 87.76 88.12 87.99 88.02 88.09 88.14 88.12 88.07 88.05 88.35 88.43 88.61 88.67 88.68 88.56 88.27 88.31 88.40 88.10 87.72 87.76 87.81 88.39 88.73 89.03 89.12 89.17 89.11 89.18 89.30 89.13 89.10 88.89 88.75 88.80 88.56 88.11 87.13 86.66 86.92 88.65 88.49 86.67 86.69 87.90 86.98 87.09 86.53 87.09 87.45 87.05 87.13 87.58 88.13 88.38 88.55 88.71 88.66 88.75 88.74 88.72 88.65 88.55 88.40 88.03 87.75 87.45 87.40 87.57 87.38 88.23 86.84 87.51 87.70 87.45 88.03 88.23 88.08 88.32 88.46
57°S ||     88.44 88.47 88.60 88.82 88.46 87.39 87.75 87.61 87.24 87.29 87.39 88.76 87.35 87.47 87.14 87.21 87.79 88.20 87.81 87.69 88.70 87.74 87.78 87.76 87.12 87.69 87.91 87.89 87.86 87.18 86.74 88.43 88.23 88.31 88.28 88.05 88.17 87.67 87.50 87.55 87.37 87.89 88.09 88.22 88.30 88.06 87.67 87.62 88.36 88.76 88.78 88.83 88.71 88.68 88.49 87.95 87.79 87.82 87.62 87.52 88.09 89.20 88.44 87.95 89.05 89.34 89.22 88.45 89.82 86.80 89.46 88.46 88.05 88.59 88.24 88.98 89.16 88.94 88.65 89.21 89.23 88.52 87.91 87.98 88.18 87.93 87.98 87.76 87.71 87.99 88.06 88.13 87.88 87.60 87.61 87.55 87.57 87.65 88.02 87.65 87.41 87.54 87.53 87.60 87.58 88.13 88.17 88.33 88.47 88.60 88.71 88.82 88.94 89.00 88.92 88.72 88.83 88.83 88.94 88.73 88.66 88.82 89.13 89.34 89.48 89.47 89.48 89.48 89.48 89.60 89.31 89.23 89.07 89.20 89.13 89.05 88.98 88.59 87.01 87.94 88.73 88.98 87.18 87.35 87.82 87.65 87.32 87.12 87.09 87.44 87.86 88.01 88.13 87.90 88.28 88.09 88.52 88.06 87.36 87.58 88.58 88.67 88.61 88.35 87.98 87.71 87.49 87.49 87.58 87.49 87.21 87.08 87.51 87.59 88.41 87.56 87.58 87.68 87.94 88.38
55°S ||     88.51 88.54 88.65 88.70 88.20 88.15 88.08 87.72 87.56 88.00 87.96 87.85 87.71 87.82 87.53 87.73 88.18 88.09 88.09 88.02 87.55 86.95 86.95 88.68 86.92 87.71 88.02 88.02 88.00 87.76 87.56 88.32 88.29 88.18 88.32 88.01 87.78 87.55 87.19 87.09 87.19 87.09 87.04 87.23 87.92 87.64 87.50 87.83 88.32 88.55 88.76 88.78 88.80 88.39 88.05 87.23 87.56 87.16 87.47 88.95 87.98 89.34 89.46 89.08 88.16 90.10 90.00 90.16 90.00 89.99 89.99 89.57 87.82 88.29 89.16 88.59 88.42 89.03 88.90 88.81 88.38 88.12 88.24 88.21 88.12 87.98 87.99 87.75 87.85 87.58 87.82 87.99 88.20 87.91 87.99 88.37 88.97 88.00 87.96 88.04 88.02 87.94 87.41 87.56 87.42 87.66 88.32 88.42 88.61 88.78 88.92 89.02 89.17 89.29 89.29 89.39 89.46 89.53 89.56 89.71 89.91 90.02 90.05 90.14 90.28 90.03 89.89 89.86 90.25 89.69 89.52 89.45 89.35 89.18 89.30 89.24 88.07 88.74 88.61 88.31 88.14 87.97 88.06 88.08 87.06 87.44 87.56 87.56 87.88 88.16 88.47 88.48 89.00 88.73 88.08 88.25 88.44 87.30 87.47 88.68 88.44 88.26 88.09 88.12 87.77 87.64 87.79 87.98 88.21 88.00 87.97 87.41 88.07 87.73 87.53 87.62 87.85 88.21 88.24 88.45
53°S ||     88.58 88.24 88.30 88.81 88.98 87.64 88.32 88.43 88.42 88.24 88.36 87.89 87.70 88.04 88.04 88.03 87.77 88.11 88.01 88.10 87.98 87.36 87.04 88.08 87.67 87.93 88.85 87.90 88.08 87.91 88.21 88.10 88.10 88.30 88.16 88.15 88.11 87.36 87.07 87.03 86.92 87.06 87.51 87.71 87.91 88.04 88.19 88.15 88.84 89.31 87.85 87.92 88.20 87.99 88.10 88.56 88.40 87.74 87.65 88.48 87.99 89.40 89.46 89.54 90.51 90.28 90.05 90.05 90.09 90.11 90.09 89.94 89.67 89.44 88.85 88.70 88.92 89.14 88.56 88.74 88.88 88.75 88.63 88.46 88.25 88.97 88.38 88.02 88.14 88.18 87.90 87.84 87.72 88.15 87.64 87.49 87.80 87.89 87.98 87.86 88.00 88.09 87.67 86.99 88.16 87.95 88.13 88.43 88.55 88.64 89.01 89.14 89.34 89.47 89.54 89.66 89.94 90.08 90.63 91.37 91.99 92.49 92.72 92.81 92.85 92.31 92.11 92.21 92.22 92.08 91.04 89.71 89.71 89.86 89.28 89.40 89.42 89.23 88.36 88.36 88.50 88.06 88.14 87.79 87.94 88.55 87.83 87.82 87.90 87.69 87.96 88.30 88.63 88.78 89.20 88.52 88.40 87.09 88.73 88.41 88.55 88.58 88.58 88.27 88.03 87.98 87.68 88.01 87.46 87.99 88.19 87.58 87.06 87.06 87.60 88.16 88.23 88.32 88.52 88.57
51°S ||     88.50 88.36 88.05 88.14 88.65 88.51 88.42 87.71 88.60 88.17 87.85 88.09 87.95 88.18 88.03 87.93 88.02 87.39 87.89 87.96 87.77 87.42 86.98 86.81 86.51 87.70 87.38 87.75 88.04 88.05 87.94 88.12 87.84 87.74 87.94 87.68 87.71 87.58 87.31 86.58 86.55 86.39 86.75 87.74 87.92 88.10 88.19 87.85 88.91 89.22 87.77 87.76 87.32 87.06 88.02 88.89 89.04 89.01 88.21 87.64 87.61 87.82 89.49 89.94 90.26 89.98 90.17 90.08 90.08 90.07 90.07 90.15 89.67 89.70 89.81 90.13 88.92 88.97 88.67 88.70 88.83 88.75 88.39 88.21 88.00 88.49 87.81 87.93 88.15 88.11 88.08 88.14 88.24 88.31 88.04 87.67 87.79 87.88 87.95 87.58 88.12 87.85 87.55 87.97 87.85 88.01 88.33 88.59 88.78 88.82 89.23 89.35 89.40 89.60 89.75 90.11 90.67 91.46 92.28 93.22 93.54 94.00 94.17 94.35 94.38 94.40 94.20 94.20 94.06 93.82 94.18 93.53 90.69 90.59 89.93 89.52 89.05 87.99 87.22 88.77 88.47 87.88 88.75 87.80 87.29 87.53 87.88 88.42 88.18 88.26 88.59 88.62 88.50 88.40 87.83 88.40 88.45 88.57 88.50 88.52 88.47 88.03 88.17 88.51 88.46 88.27 87.79 88.45 88.09 88.40 88.06 87.68 88.09 87.52 87.63 87.92 88.05 88.27 88.35 88.48
49°S ||     87.69 87.94 87.81 88.19 88.86 89.02 89.12 88.44 88.45 87.54 87.97 87.56 87.53 87.39 87.68 87.50 87.43 87.48 86.78 87.02 87.34 87.60 86.87 86.72 87.35 87.14 87.50 88.03 88.01 88.00 87.82 88.05 87.72 86.55 86.54 86.70 87.01 87.01 87.06 86.56 86.39 86.46 86.62 87.45 87.79 87.97 88.00 87.99 87.93 87.83 87.65 87.34 86.90 86.71 86.97 87.41 88.41 88.47 87.85 87.65 89.17 89.35 89.45 89.59 90.02 90.44 90.13 90.16 90.09 90.27 90.29 89.99 89.79 89.12 89.37 88.71 88.68 88.96 88.62 88.73 88.74 88.68 88.45 88.13 88.14 87.74 87.87 89.07 88.50 88.15 87.93 88.09 88.62 88.62 88.14 87.88 87.31 88.28 87.64 87.63 87.59 87.60 87.87 88.21 88.29 87.95 87.91 88.61 88.78 89.03 88.78 89.23 89.56 89.83 90.61 91.45 92.30 92.85 93.59 94.04 94.71 95.09 94.72 94.69 93.71 94.31 94.41 94.53 94.39 94.33 94.36 94.38 94.11 93.50 91.73 90.52 89.47 88.97 89.25 88.90 89.09 88.54 87.61 88.14 88.29 87.39 88.05 87.83 88.31 88.44 87.81 88.26 88.25 88.21 88.08 88.47 88.29 88.10 87.77 87.80 86.63 87.41 88.14 88.00 87.71 88.23 88.57 88.81 88.27 88.81 88.72 88.46 88.41 87.96 87.55 87.15 87.34 87.56 87.91 88.07
47°S ||     87.50 87.98 87.75 87.71 88.35 88.84 88.25 87.77 88.26 87.87 87.58 87.69 86.72 88.02 86.91 87.14 86.34 86.57 87.32 87.12 87.59 86.99 87.34 87.65 87.61 88.01 87.42 87.77 87.95 87.92 87.93 87.93 87.99 87.20 87.01 87.15 87.43 87.48 87.47 87.18 86.76 86.64 86.99 87.09 86.96 87.58 87.59 87.68 87.47 87.51 87.19 87.03 86.68 86.68 86.61 86.95 87.27 87.24 87.76 88.20 87.28 88.93 88.60 89.40 89.40 90.18 90.42 90.38 90.30 90.41 90.34 90.09 89.91 89.17 89.38 89.35 88.72 88.66 88.48 87.99 88.61 88.39 88.30 88.26 87.94 87.99 87.75 88.00 88.30 88.19 88.28 88.29 88.76 88.25 88.03 87.34 87.66 87.52 87.83 88.37 87.65 87.28 87.52 87.84 88.66 88.68 88.29 88.58 88.95 88.89 88.76 89.04 89.47 89.64 92.22 93.71 94.20 94.95 95.32 94.67 94.21 94.50 94.87 94.77 94.36 94.04 93.79 94.22 94.42 94.29 94.31 94.09 94.11 94.01 93.38 92.12 90.82 89.68 89.39 89.26 89.18 89.09 88.60 88.17 88.71 88.69 88.16 88.52 88.45 88.45 88.46 87.89 87.72 88.09 87.69 87.98 88.03 87.46 87.11 87.79 88.50 88.61 87.72 87.64 88.12 88.63 88.49 88.66 88.82 88.74 88.69 88.62 87.83 87.84 87.55 88.08 87.76 87.61 87.98 87.85
45°S ||     88.02 88.10 87.95 88.01 88.26 88.22 88.33 88.36 88.47 87.69 87.44 87.98 87.47 87.28 87.36 87.37 88.28 87.29 87.68 87.79 87.57 87.85 88.41 87.46 87.82 88.06 87.89 87.76 87.77 87.72 87.59 87.69 87.61 87.41 87.41 87.38 87.40 87.43 87.54 87.55 87.21 87.11 87.29 87.19 87.16 87.36 87.36 87.15 86.97 86.78 86.70 86.70 86.65 86.18 86.00 87.11 87.53 87.67 88.05 88.32 88.62 88.58 88.94 89.06 89.00 89.73 89.97 91.36 91.14 90.64 90.48 90.24 89.64 89.48 89.32 89.43 88.56 88.51 88.48 89.22 88.15 88.36 88.08 88.03 87.96 87.86 87.86 88.34 88.33 88.23 88.11 88.20 88.40 88.18 87.97 88.06 87.70 87.73 87.67 88.38 86.85 87.52 87.71 87.78 88.38 87.77 88.35 88.58 88.78 88.81 88.91 88.84 89.47 90.59 93.77 94.29 95.23 95.33 94.76 95.13 94.93 95.17 95.00 94.99 94.76 95.14 95.23 94.31 94.18 94.67 94.29 94.17 94.17 94.03 93.36 92.96 91.48 89.95 89.51 89.37 89.19 89.29 87.45 88.72 88.75 88.48 88.61 88.32 88.15 88.50 88.18 87.96 88.22 87.94 88.02 87.68 87.45 87.53 87.01 86.27 87.48 87.30 87.83 88.65 88.75 88.66 88.17 88.78 88.29 88.36 88.64 88.54 87.83 87.87 87.92 87.09 87.14 87.74 87.93 87.84
43°S ||     88.54 87.78 88.66 88.28 88.54 88.21 88.32 88.28 88.06 87.82 87.44 87.51 87.32 87.12 87.46 87.49 87.87 87.95 87.81 87.78 87.28 87.51 87.71 87.72 87.43 87.78 87.88 87.88 87.21 87.51 87.37 87.64 87.68 87.21 87.31 87.30 87.33 87.44 87.63 87.72 87.12 86.87 85.84 85.91 86.74 87.14 86.99 86.74 86.78 86.50 86.39 86.41 86.31 86.41 86.46 87.21 87.31 87.47 87.59 87.97 87.96 88.06 88.50 88.03 89.28 89.19 89.57 89.65 89.74 89.81 89.70 89.69 89.30 89.49 89.38 88.68 88.59 88.75 88.63 88.73 88.51 89.47 88.07 88.27 88.11 88.10 87.96 88.39 88.35 88.10 88.01 88.18 88.23 88.14 88.11 87.86 88.07 87.84 88.16 87.67 87.60 87.71 87.55 87.14 87.20 87.55 88.25 88.89 88.47 88.68 88.79 88.87 89.59 91.92 94.12 95.01 94.98 94.72 94.94 95.27 95.06 95.06 94.81 95.13 95.06 94.38 94.55 94.46 94.74 94.46 94.25 94.21 93.98 93.60 92.41 92.27 91.53 90.26 89.50 89.51 89.38 89.41 89.20 89.14 88.95 88.78 88.59 88.40 88.41 88.97 88.65 88.50 88.43 88.07 88.01 87.70 87.40 87.39 87.46 87.49 87.26 87.37 88.06 88.80 88.94 88.90 88.74 88.64 88.29 88.49 88.47 88.59 87.27 88.05 88.09 88.76 87.76 88.01 88.31 88.26
41°S ||     88.70 88.63 88.65 88.96 88.79 88.13 88.23 88.13 88.69 88.99 89.43 89.32 88.30 87.54 87.81 87.69 87.23 87.51 87.19 87.56 87.20 87.77 87.72 87.71 87.50 86.64 87.19 87.38 87.62 87.14 87.01 87.28 87.10 87.11 86.87 87.18 87.26 87.43 87.47 85.32 85.00 84.82 82.98 82.71 82.79 85.16 85.15 85.16 85.95 86.32 86.02 86.42 86.16 86.35 86.31 86.38 86.48 87.01 87.88 87.73 87.38 86.81 88.18 88.75 88.71 89.17 89.17 89.36 89.58 89.61 89.58 89.32 89.49 89.04 89.09 89.09 88.92 89.54 88.86 88.46 88.66 88.55 88.22 88.23 88.05 88.06 88.16 88.46 88.46 88.31 88.06 88.26 87.99 88.03 88.14 87.65 87.48 87.99 87.93 87.80 87.47 87.54 87.05 86.81 88.40 87.68 88.06 88.58 88.60 88.63 88.83 89.06 89.57 91.97 93.70 95.02 94.99 94.33 95.12 95.15 95.13 94.97 95.20 95.33 94.95 94.37 94.72 94.81 94.57 94.73 94.48 94.16 93.36 92.64 92.27 91.94 91.09 90.11 89.75 89.52 89.64 88.99 88.82 89.05 88.11 88.25 88.61 88.71 88.76 88.71 88.62 88.60 88.61 88.01 87.86 87.80 87.55 87.96 87.92 87.69 87.62 87.56 88.19 88.56 88.69 88.58 88.66 88.58 87.86 88.30 88.31 87.57 87.48 88.20 88.12 88.19 88.26 88.46 88.64 88.32
39°S ||     88.55 88.69 88.41 88.05 88.85 88.01 88.47 88.34 87.63 88.05 89.15 89.14 87.88 87.55 88.15 87.86 88.12 87.64 87.89 87.96 88.12 87.38 88.14 88.14 87.86 87.86 87.63 87.35 87.50 87.38 87.25 85.32 86.45 86.88 86.89 87.07 87.21 87.18 86.43 86.27 85.66 84.34 84.00 84.09 84.47 84.60 84.49 84.76 84.15 85.28 86.03 86.06 86.09 86.20 86.37 86.41 86.65 86.99 87.08 87.58 87.60 87.76 87.30 87.54 88.28 87.72 88.80 89.51 89.44 89.40 89.43 89.42 89.16 89.04 89.15 89.05 88.99 88.82 88.68 88.70 88.64 88.64 88.49 88.32 88.28 88.05 88.39 88.63 88.34 88.27 88.50 88.54 88.46 88.02 88.20 87.86 87.87 87.82 87.79 88.19 87.53 87.71 87.33 87.45 87.35 87.30 88.02 88.45 88.67 88.70 88.70 89.19 89.61 90.79 93.46 95.09 95.31 95.19 94.78 95.05 95.32 95.19 95.29 95.32 95.05 94.71 95.07 94.80 94.92 94.54 94.25 93.64 92.81 92.37 91.71 91.30 91.00 90.57 89.72 89.32 89.24 88.73 88.75 88.65 88.64 88.83 88.89 88.79 88.09 88.66 88.71 88.79 88.56 88.40 88.04 88.29 88.04 87.74 88.31 88.16 87.86 87.72 87.74 87.96 88.31 88.43 88.81 88.65 88.37 88.33 88.46 88.27 88.59 88.50 88.52 88.25 88.38 88.60 88.74 88.85
37°S ||     88.86 88.69 88.70 88.34 89.23 89.01 88.65 87.87 87.35 86.71 86.41 87.37 87.26 88.13 88.52 88.48 88.49 88.48 88.32 88.22 88.21 88.18 87.85 88.06 87.72 87.35 87.43 86.96 86.84 87.38 87.26 86.33 86.49 85.87 86.60 85.68 86.28 84.32 84.45 86.23 84.26 83.46 84.80 84.83 84.73 84.68 84.90 85.62 85.00 84.97 84.75 85.39 86.01 86.51 86.52 86.65 86.55 87.14 87.27 87.09 87.08 87.85 87.84 88.19 88.61 88.55 88.95 89.10 87.83 89.25 89.01 89.07 89.12 89.19 89.09 88.97 88.88 88.86 88.87 88.68 88.47 88.32 88.04 89.20 88.36 88.15 88.16 88.06 88.55 88.28 88.41 88.55 88.51 88.30 87.86 88.15 87.79 87.71 88.11 88.06 87.47 87.43 87.28 87.46 87.65 87.62 88.96 88.11 88.59 88.78 88.82 88.91 89.28 90.53 91.94 94.64 95.33 95.56 95.75 95.09 95.15 95.18 94.75 95.29 94.82 94.91 94.72 94.82 94.76 94.64 94.43 93.28 92.21 91.77 91.16 90.81 90.20 89.73 89.54 89.36 88.86 88.96 88.51 88.54 88.40 88.52 88.79 88.81 88.78 88.66 88.81 88.68 88.60 88.54 88.38 88.41 88.61 88.43 88.32 87.64 87.98 87.92 87.48 87.45 88.15 88.33 88.78 88.41 88.44 88.57 88.71 88.68 88.66 88.64 88.46 88.28 88.87 88.98 88.88 89.17
35°S ||     88.84 89.22 88.70 88.03 88.61 88.00 87.88 88.09 87.46 86.71 86.58 87.41 88.11 88.28 88.44 88.36 88.48 87.06 88.25 88.18 88.12 87.91 87.89 87.71 87.20 87.45 87.26 87.12 86.57 86.72 86.40 86.27 86.37 86.08 86.22 86.39 85.68 84.21 84.32 84.27 83.70 84.77 85.50 85.38 85.06 85.33 85.14 85.22 85.50 85.55 85.37 84.50 85.30 86.37 86.72 86.93 86.94 86.96 86.99 87.09 87.28 87.47 87.45 88.49 88.44 87.88 88.13 88.50 88.43 89.07 88.99 89.08 88.92 88.67 88.78 88.92 88.92 88.90 89.05 88.82 88.50 88.21 88.40 88.23 88.32 88.00 87.90 88.04 88.17 88.25 88.29 88.48 88.39 87.98 88.00 87.98 88.22 88.42 87.79 87.65 87.68 87.10 87.23 87.61 87.80 87.75 87.81 88.19 88.69 88.59 88.56 88.71 89.01 89.21 90.11 91.94 95.03 95.37 95.64 95.69 95.12 95.10 95.52 95.57 94.77 94.87 94.81 94.67 94.75 94.56 93.67 91.59 90.81 90.77 90.45 90.05 90.22 89.72 89.69 89.65 89.04 88.80 88.04 88.51 88.28 88.43 88.57 88.64 88.76 88.83 88.70 88.51 87.91 87.92 88.00 88.30 88.01 87.81 88.14 88.35 88.12 87.80 88.20 88.41 88.25 88.26 88.10 88.33 88.29 87.85 88.73 88.81 88.55 88.49 88.65 88.72 89.13 89.01 88.72 88.16
33°S ||     88.90 88.98 88.03 87.87 88.06 87.22 87.63 86.72 86.76 87.33 87.28 87.54 88.18 88.33 88.60 88.26 88.49 88.52 88.19 88.18 87.45 87.92 87.84 87.81 87.50 87.23 87.24 87.05 86.81 86.53 86.37 85.54 85.93 85.70 85.37 85.55 84.87 83.88 83.72 83.02 83.27 84.80 85.69 85.28 86.02 85.37 86.28 86.36 86.09 86.14 85.52 84.58 83.76 85.44 86.35 86.92 86.89 86.97 87.02 87.01 87.40 87.83 87.69 88.45 88.53 88.59 88.56 88.55 88.48 88.33 88.53 88.93 88.89 88.67 88.98 88.69 89.04 88.85 88.81 88.89 88.70 88.51 88.69 88.39 88.33 88.21 88.15 88.04 88.05 88.13 88.18 87.88 88.10 88.27 88.04 88.17 87.95 88.19 87.90 87.38 87.55 87.37 87.12 87.34 87.60 87.71 87.72 87.65 88.29 88.56 88.43 88.38 88.18 88.50 89.04 89.91 92.94 94.49 95.15 95.49 95.47 95.69 94.89 94.71 94.93 94.92 94.64 94.61 93.62 92.47 91.83 90.54 89.85 89.80 89.77 89.76 90.01 89.83 89.59 89.55 89.31 88.82 88.51 88.41 88.26 88.21 88.38 88.34 88.45 88.58 88.55 88.31 88.16 87.96 87.44 87.33 87.45 87.40 88.07 87.67 88.01 88.28 87.82 88.10 87.98 87.91 88.27 88.41 88.60 88.22 88.39 88.79 88.13 88.60 88.61 88.75 88.87 88.70 88.43 88.40
31°S ||     88.84 88.22 88.09 88.02 87.39 87.47 86.95 87.39 87.53 87.38 87.56 87.60 87.99 88.25 88.50 88.49 88.49 88.04 87.91 88.18 87.79 87.84 87.76 87.69 87.48 87.42 87.20 87.00 86.68 86.35 86.06 85.89 85.84 85.23 85.07 85.63 84.77 83.67 83.82 83.00 84.00 84.84 85.23 85.83 86.07 86.30 86.32 86.54 86.53 86.65 85.72 84.58 84.98 85.09 85.25 85.22 86.57 87.14 87.13 87.46 87.86 88.21 88.44 88.49 88.63 88.59 88.65 88.76 88.69 88.65 88.73 89.29 88.68 88.47 88.62 88.62 88.71 88.79 88.93 88.91 88.95 88.86 88.68 88.69 88.55 88.22 87.96 87.82 88.02 88.07 88.06 88.15 87.89 88.11 88.18 88.08 88.14 88.03 87.99 87.58 87.54 88.00 87.70 87.51 87.77 87.94 88.03 87.74 88.31 88.53 88.72 88.38 88.71 88.64 89.21 89.20 89.87 90.40 90.96 94.04 94.81 95.32 94.52 94.80 94.62 94.73 94.31 93.70 91.03 89.87 90.60 90.21 89.70 89.68 89.64 89.47 89.45 89.58 89.56 89.40 89.35 88.52 88.57 88.31 88.42 88.03 88.17 88.15 88.17 88.25 88.36 88.17 87.96 87.97 87.62 87.55 88.16 87.34 87.17 86.99 88.11 88.41 88.72 88.21 88.39 88.53 88.64 88.56 88.59 88.46 88.33 88.55 88.25 88.51 88.50 88.32 88.50 88.63 88.61 88.55
29°S ||     88.83 88.21 86.91 88.00 87.37 87.21 87.74 87.31 87.64 87.46 87.46 87.68 88.22 88.40 88.50 88.45 88.41 87.38 88.26 88.22 88.02 87.76 87.74 87.62 87.53 87.36 87.19 86.88 86.55 86.26 85.99 85.65 85.44 85.39 85.35 84.56 84.60 84.11 82.70 81.78 83.90 84.99 85.43 85.74 86.09 86.38 86.56 86.70 86.81 86.80 86.77 86.62 85.92 85.94 85.85 85.12 85.43 85.94 87.10 87.40 87.91 88.50 88.61 88.57 88.81 88.61 88.48 88.59 88.77 88.75 88.87 89.08 88.88 88.57 88.78 88.99 88.82 88.79 89.05 89.01 88.97 88.98 88.79 88.87 88.37 88.34 88.21 87.99 87.88 88.05 88.12 88.16 88.28 88.21 88.17 88.10 88.13 87.68 88.03 87.68 88.14 88.20 87.91 87.91 88.15 88.26 88.33 88.24 87.70 88.47 88.21 88.68 88.80 88.89 88.34 88.57 89.41 89.32 89.70 89.71 90.33 90.29 91.54 93.46 92.26 92.54 91.10 91.60 89.84 89.62 89.48 89.32 89.50 89.58 89.49 89.29 89.38 89.36 89.32 88.98 88.94 88.69 88.47 88.34 88.30 88.16 88.13 88.20 88.20 88.24 88.27 88.07 88.04 87.60 87.83 87.41 86.93 87.18 87.92 86.92 87.90 88.32 88.48 88.03 88.51 87.75 88.47 88.62 88.41 88.29 88.46 88.34 88.14 88.26 88.31 88.50 88.35 88.50 88.61 88.76
27°S ||     88.53 88.15 88.11 88.05 87.48 87.36 87.93 87.06 87.51 87.85 87.75 88.12 88.06 88.21 88.50 88.29 88.51 87.72 88.24 87.69 87.72 87.74 87.61 87.58 87.38 87.26 87.11 86.98 86.51 86.18 85.82 85.50 85.09 85.10 84.93 85.11 85.31 83.90 83.61 82.02 84.15 85.03 85.40 85.82 86.18 86.47 86.69 86.84 86.93 87.09 87.08 87.15 86.90 86.29 86.29 86.40 86.70 86.69 86.60 86.60 86.39 87.96 88.64 88.67 88.63 88.65 88.74 88.88 88.72 88.63 88.66 89.10 89.16 89.32 89.01 88.74 88.97 88.98 89.14 89.13 89.11 89.10 89.01 88.81 88.71 88.48 88.54 88.55 88.20 88.09 88.04 88.24 88.25 87.86 88.01 88.14 88.15 87.88 87.87 87.86 88.13 88.33 87.84 88.12 88.31 88.19 88.45 87.87 87.48 87.74 88.35 88.38 88.63 88.46 88.42 88.50 88.48 89.37 89.32 89.44 89.52 89.52 89.67 89.71 89.75 89.95 90.44 90.01 89.85 89.59 89.34 89.46 89.49 89.38 89.13 89.26 87.53 89.31 89.29 88.03 88.54 88.23 88.16 88.16 88.19 88.20 88.20 88.21 88.12 88.08 88.05 87.81 87.34 87.22 87.09 87.38 87.98 87.02 87.11 87.76 87.42 87.87 88.33 88.32 88.69 87.90 88.52 88.30 88.49 88.62 88.55 88.39 88.00 87.79 87.83 88.21 88.21 88.27 88.60 88.65
25°S ||     88.63 87.98 88.32 88.06 88.00 87.96 88.10 88.43 87.91 88.23 88.05 88.59 88.59 88.51 88.61 88.41 88.45 88.07 87.71 88.15 87.79 87.64 87.58 87.44 87.30 87.09 86.93 86.76 86.37 85.90 85.55 85.25 84.98 84.79 84.72 84.03 84.43 84.81 83.60 83.95 84.41 84.96 85.47 85.84 86.07 86.35 86.53 86.78 86.94 86.96 87.14 87.20 86.92 86.54 85.64 86.38 86.70 86.87 86.88 86.74 86.02 87.28 88.43 88.49 88.60 88.62 88.62 88.14 88.37 88.50 88.56 88.59 88.99 89.43 89.53 89.09 89.19 89.25 89.37 89.20 89.20 89.13 89.31 89.05 89.19 88.71 88.78 88.79 88.75 88.17 88.49 88.37 88.58 87.79 88.19 88.15 88.16 87.73 87.40 88.09 88.12 87.99 88.08 88.12 87.97 87.60 88.03 87.39 87.18 87.54 87.84 87.95 88.31 88.16 88.61 88.99 88.71 89.17 89.31 89.41 89.49 89.42 89.37 89.65 89.46 89.79 89.67 89.36 89.28 89.16 89.27 89.09 89.07 89.23 89.07 88.45 88.36 88.66 87.84 88.28 88.15 87.96 87.81 87.87 87.97 88.04 88.31 88.08 88.03 87.90 87.84 87.64 87.27 86.88 87.03 87.31 87.69 87.26 86.74 87.19 87.09 87.51 87.93 88.34 88.00 88.04 88.46 88.02 88.32 88.48 88.46 88.09 87.77 88.32 88.37 88.19 88.31 88.67 88.87 88.59
23°S ||     88.58 88.58 88.09 88.11 88.03 88.14 88.35 88.50 88.63 88.69 88.68 88.64 88.80 88.86 88.62 88.75 87.48 87.79 88.22 87.82 87.81 87.54 87.53 87.42 87.23 86.94 86.70 86.35 85.96 85.57 85.22 84.83 84.62 84.50 84.56 84.49 83.65 84.03 83.54 83.82 84.34 84.93 85.30 85.57 85.83 86.07 86.32 86.57 86.84 86.99 87.28 87.26 87.25 86.90 86.15 86.34 86.66 86.69 86.65 86.30 85.62 87.49 88.29 88.35 88.09 88.27 88.51 88.18 88.52 88.49 88.33 88.74 88.86 89.26 89.36 89.45 89.15 89.25 89.17 89.29 89.29 89.23 89.25 89.40 89.16 88.90 88.98 89.06 88.95 87.99 88.57 88.37 88.62 88.64 88.66 88.23 88.13 89.06 88.04 87.67 87.83 87.63 87.41 87.26 87.55 87.97 87.23 87.18 86.87 87.47 87.73 88.17 88.06 87.72 87.68 87.95 88.49 88.70 88.91 89.07 89.34 89.18 89.35 89.47 89.48 89.63 89.44 89.17 89.17 89.05 88.76 88.80 88.93 89.02 88.35 87.83 87.21 87.40 87.78 88.09 87.88 87.69 87.38 87.53 87.85 87.95 88.02 88.11 87.85 87.79 87.72 87.65 87.84 87.70 87.77 87.24 87.72 87.26 86.89 87.23 86.84 87.68 87.90 88.14 88.14 88.31 88.23 88.36 88.29 88.78 88.29 89.04 88.27 88.35 88.41 88.36 88.19 88.75 89.01 88.59
21°S ||     88.39 88.48 88.11 88.12 88.09 88.11 88.41 88.98 88.74 88.67 88.55 88.60 88.69 88.54 88.65 88.73 88.39 88.05 88.08 87.87 87.68 87.49 87.44 87.28 87.08 86.85 86.45 85.97 85.44 85.00 84.68 84.32 84.11 84.08 84.22 83.73 83.90 83.18 83.34 83.86 84.25 84.68 84.95 85.23 85.54 85.76 86.09 86.33 86.59 86.81 86.96 87.16 87.21 86.82 86.34 86.63 86.24 86.54 86.23 85.89 85.97 86.33 88.17 88.15 88.24 88.11 88.44 88.54 88.50 88.53 88.64 88.63 88.82 89.03 89.38 89.53 89.36 89.27 89.36 89.39 89.34 89.31 89.27 89.39 89.32 89.40 89.08 89.10 88.94 88.63 88.49 88.63 88.76 88.79 88.44 88.32 88.16 87.83 87.78 87.94 88.04 88.13 87.18 87.54 87.79 87.69 87.91 86.97 86.88 87.33 87.78 87.40 87.88 87.86 87.94 88.20 88.31 88.67 88.75 89.07 89.18 89.28 88.97 89.38 89.21 89.12 89.13 88.39 88.75 88.76 88.65 88.51 88.87 88.36 87.97 87.72 86.63 86.78 87.61 87.49 87.71 87.69 87.34 87.01 87.87 87.99 88.01 88.04 88.04 87.81 87.55 87.31 87.03 87.33 88.06 87.34 87.52 87.46 86.98 87.68 87.55 87.73 87.61 87.60 88.17 88.30 88.52 88.32 88.07 88.75 88.87 88.59 88.64 88.86 88.77 88.33 87.98 88.47 88.48 88.25
19°S ||     87.68 87.98 87.99 87.82 88.18 88.43 88.72 89.23 89.21 88.94 88.82 88.60 88.69 88.67 88.83 88.65 88.42 88.36 87.91 87.86 87.68 87.44 87.29 87.02 86.84 86.57 86.18 85.48 84.63 84.17 83.88 83.73 83.60 83.72 83.95 82.37 83.59 83.08 83.23 83.53 83.72 84.10 84.40 84.69 85.06 85.42 85.78 86.06 86.38 86.60 86.75 86.86 87.01 86.96 86.54 86.12 86.11 86.09 86.23 86.12 85.76 87.14 87.95 87.90 88.09 88.26 88.58 88.61 88.66 88.49 88.62 88.79 89.02 89.29 89.62 89.63 89.60 89.30 89.40 89.42 89.53 89.39 89.33 89.31 89.45 89.47 89.22 89.03 89.03 89.09 88.94 88.80 88.84 88.75 88.40 88.47 88.14 88.04 88.26 87.57 87.94 88.02 87.37 87.73 87.31 87.65 86.97 86.78 87.29 87.32 87.13 87.50 87.49 87.69 87.81 87.97 88.02 87.96 88.03 88.86 89.01 89.01 89.09 89.08 88.91 88.91 88.55 88.56 88.63 88.53 88.47 88.00 87.83 88.08 87.80 87.51 87.06 86.91 87.33 87.54 87.83 87.86 88.06 88.05 87.91 87.95 87.98 88.00 87.87 87.76 87.95 87.42 87.08 87.18 87.59 87.73 87.62 87.81 87.32 87.73 87.83 87.64 87.54 87.45 87.99 88.01 87.90 87.84 88.46 88.81 89.01 89.12 89.17 89.31 89.10 89.13 89.01 88.80 88.84 87.73
17°S ||     87.73 87.72 87.86 88.22 88.24 88.47 89.03 89.13 89.13 89.06 88.95 88.73 88.78 88.25 88.76 89.08 88.55 88.53 88.19 87.81 87.65 87.45 87.06 86.75 86.54 86.23 85.74 84.63 83.70 83.13 83.03 83.11 83.30 83.46 83.14 82.50 82.90 83.11 82.97 82.85 82.98 83.39 83.80 84.11 84.62 85.03 85.42 85.71 86.06 86.35 86.48 86.70 86.72 86.80 86.44 86.07 85.55 85.58 86.13 86.01 85.77 87.28 87.91 87.36 87.79 89.64 90.22 89.47 88.58 88.70 88.35 88.73 88.97 89.18 89.62 89.60 89.62 89.29 89.45 89.35 89.45 89.41 89.42 89.41 89.43 89.40 89.30 89.30 89.23 89.11 88.82 88.87 88.87 88.74 88.56 88.53 88.20 88.25 87.92 88.52 88.05 87.81 87.40 87.39 87.38 87.31 87.42 86.92 87.42 87.39 87.54 87.36 87.17 87.15 87.47 87.54 87.71 88.29 88.37 87.93 88.41 88.31 88.49 88.52 88.44 88.80 88.72 88.71 88.60 88.49 87.97 88.04 87.04 87.40 87.53 87.37 86.82 86.84 87.38 87.63 87.92 87.95 88.07 88.16 87.97 87.93 87.90 87.84 87.80 87.56 87.70 87.60 87.27 87.39 87.26 87.33 87.60 87.82 87.61 88.11 87.82 87.78 87.56 87.38 88.31 87.43 87.74 87.98 88.48 88.97 89.11 89.23 89.23 89.34 89.41 89.18 89.20 89.01 89.17 88.69
15°S ||     88.91 87.74 88.57 88.35 88.65 88.81 89.37 89.32 89.02 89.08 89.07 88.76 88.60 88.64 88.79 89.05 87.80 88.59 88.78 87.93 87.72 87.40 87.10 86.78 86.37 85.85 84.99 83.55 82.08 81.63 82.09 82.68 82.86 83.13 83.28 83.22 83.41 83.44 82.73 82.39 82.36 82.95 83.32 83.66 84.18 84.76 85.17 85.48 85.70 85.86 85.88 86.30 86.50 86.50 86.18 86.06 85.67 86.65 85.94 86.83 87.22 89.44 90.05 90.33 90.61 90.36 89.94 90.56 90.52 88.82 88.73 89.13 89.08 89.16 89.51 89.50 89.57 89.49 89.42 89.39 89.42 89.42 89.40 89.48 89.40 89.36 89.37 89.28 89.22 89.16 89.20 89.06 88.96 88.71 88.57 88.58 88.49 88.29 87.81 88.26 87.65 87.76 87.62 87.28 87.39 87.12 87.26 87.23 87.08 87.16 87.56 87.08 86.91 86.88 86.98 86.64 87.54 88.27 88.30 88.33 87.91 88.34 88.32 88.22 88.45 88.62 88.56 88.76 88.28 87.94 87.76 86.92 86.83 86.89 87.17 87.04 86.80 86.98 87.04 87.47 87.78 88.00 87.96 87.98 88.09 87.99 87.79 87.88 87.58 87.73 87.57 87.78 87.19 86.90 87.82 88.00 87.37 87.96 88.03 87.79 87.84 87.73 87.39 87.61 88.04 88.17 88.04 88.07 88.32 89.14 89.30 89.59 89.47 89.42 89.16 89.48 89.29 89.58 88.63 88.77
13°S ||     89.01 88.95 88.72 88.47 88.67 89.00 89.26 89.43 89.34 89.41 89.27 88.96 88.87 89.00 88.98 89.04 88.65 88.61 88.48 88.16 87.86 87.48 87.15 86.79 86.27 85.61 84.61 82.59 80.29 79.79 81.08 82.21 82.57 82.68 82.76 83.47 83.22 83.18 82.57 82.29 82.34 83.59 82.84 83.35 83.90 84.43 84.94 85.26 85.50 85.68 85.73 86.49 85.89 87.11 89.73 89.36 89.31 87.55 90.51 90.89 89.43 87.34 87.26 87.51 89.64 89.84 89.50 89.53 88.21 90.21 88.87 89.00 89.17 89.29 89.34 89.49 89.46 89.57 89.64 89.46 89.44 89.44 89.43 89.42 89.33 89.36 89.42 89.32 89.21 89.34 89.26 89.19 89.06 88.87 89.08 88.75 88.59 88.36 88.22 88.22 88.18 87.91 87.54 87.33 87.13 87.58 87.18 87.15 87.03 86.95 86.97 87.13 86.73 87.11 86.99 87.22 87.25 88.01 88.18 88.05 88.12 88.32 88.21 88.20 87.93 88.36 88.42 88.45 88.26 88.07 87.09 86.85 86.55 87.05 86.95 87.16 86.76 86.94 87.59 87.63 88.10 87.99 88.10 88.03 88.09 88.02 87.67 87.51 87.46 87.52 87.49 87.28 87.64 87.21 88.04 88.02 87.55 87.55 87.89 88.00 87.73 87.82 87.47 87.33 87.66 88.51 88.55 88.69 88.98 89.33 89.44 89.53 89.55 89.52 89.50 89.56 89.60 89.52 89.60 89.51
11°S ||     89.59 89.45 89.62 89.63 89.15 89.15 89.29 89.45 89.35 89.35 89.28 89.24 89.26 89.02 89.16 89.08 89.02 88.77 88.62 88.33 87.98 87.69 87.22 86.78 86.12 85.49 84.57 82.82 80.36 78.39 79.44 82.19 82.47 82.48 82.39 83.06 82.98 82.68 82.20 81.95 82.43 82.79 82.74 83.28 83.73 84.18 84.90 85.12 85.33 85.57 85.45 86.15 89.19 89.57 91.09 91.15 87.95 84.91 84.72 85.83 86.53 86.75 87.06 87.29 87.76 87.65 87.85 88.98 88.44 88.63 90.50 89.32 90.49 89.53 89.40 89.70 89.67 89.54 89.61 89.63 89.47 89.47 89.49 89.45 89.46 89.43 89.52 89.38 89.42 89.31 89.31 89.40 89.10 88.98 88.81 88.82 88.84 88.51 87.40 87.79 88.23 88.29 87.80 87.56 87.45 87.13 87.09 87.17 86.94 86.98 87.41 87.10 87.19 86.90 87.15 87.30 87.22 87.46 87.83 87.63 87.77 88.03 87.99 87.90 87.60 88.32 88.26 88.48 88.26 88.23 87.97 87.19 86.65 86.87 86.81 87.35 87.01 87.46 87.80 87.83 88.22 88.15 88.00 88.09 88.11 88.08 87.96 88.01 87.75 87.73 87.57 87.23 86.85 87.33 87.26 87.51 87.91 88.00 87.76 88.16 87.92 88.38 88.60 88.30 88.49 89.29 88.63 88.96 89.13 89.40 89.48 89.50 89.61 89.58 89.63 89.67 89.68 89.45 89.52 89.39
9°S ||     89.26 89.39 89.36 89.52 89.63 89.26 89.46 89.35 89.47 89.51 89.34 89.40 89.29 89.23 89.24 89.11 89.10 88.92 88.77 88.45 88.20 87.78 87.42 86.91 86.34 85.63 84.79 83.98 80.75 77.09 77.08 81.09 82.34 82.34 82.42 82.29 82.73 82.50 82.54 82.21 82.35 83.00 84.74 86.42 85.25 84.24 84.85 85.46 85.40 85.83 89.07 89.82 89.77 90.89 89.41 85.40 84.49 86.41 85.16 86.46 86.74 86.89 87.55 87.48 87.94 88.11 89.14 88.49 89.77 88.76 90.56 90.55 90.80 90.08 89.90 89.71 89.47 89.57 89.58 89.83 89.63 89.46 89.52 89.53 89.50 89.51 89.58 89.41 89.43 89.42 89.50 89.23 89.22 89.18 88.98 88.76 88.83 88.63 88.08 87.99 88.27 88.02 87.69 87.85 87.81 87.40 87.12 87.48 88.52 88.81 87.21 87.49 87.33 87.43 87.39 87.24 87.27 87.35 87.62 87.68 87.66 87.48 87.69 87.50 87.47 87.59 87.87 88.21 88.26 88.26 87.94 87.54 86.68 87.50 87.50 86.93 87.78 88.02 87.46 87.89 88.21 88.25 88.38 88.20 88.21 88.01 87.93 88.30 88.21 87.83 87.09 87.31 86.86 87.60 88.01 87.86 88.07 88.44 88.07 88.24 88.66 89.29 89.45 89.18 89.15 89.44 89.43 89.36 89.46 89.48 89.54 89.59 89.64 89.95 89.74 89.73 89.40 88.20 89.51 89.45
7°S ||     89.48 89.46 89.41 89.40 89.77 89.68 89.53 89.55 89.70 89.60 89.55 89.45 89.37 89.35 89.35 89.37 89.33 89.11 88.91 88.66 88.35 87.98 87.62 87.05 86.49 85.95 85.28 84.67 81.40 78.30 79.04 80.52 82.00 82.26 82.43 82.66 82.20 82.22 82.67 82.22 85.64 85.99 83.26 87.26 86.49 86.49 86.92 89.01 88.40 87.83 86.58 85.09 87.84 90.72 89.29 89.55 89.77 87.15 86.28 86.93 87.07 87.10 87.42 87.60 88.63 89.59 89.52 89.37 88.22 88.39 89.61 90.62 90.53 90.10 90.40 90.04 89.88 89.52 89.50 89.58 89.61 89.56 89.58 89.49 89.52 89.48 89.42 89.37 89.34 89.39 89.35 89.41 89.22 89.17 89.16 89.19 89.20 88.81 88.37 88.51 87.70 87.64 87.78 87.86 87.17 87.64 87.79 87.49 87.47 87.51 87.71 87.69 87.83 87.13 87.23 87.25 87.24 87.75 87.80 87.62 87.25 87.08 87.18 86.96 87.39 87.90 87.68 87.83 88.25 88.26 88.15 88.03 87.05 86.96 87.38 87.60 87.65 87.75 87.61 87.99 88.26 88.21 88.48 88.44 88.39 88.44 88.52 88.54 88.51 88.73 86.88 86.73 86.91 87.61 87.17 88.37 89.29 88.86 88.96 88.93 89.30 89.43 89.40 89.33 89.55 89.64 89.56 89.63 89.64 89.63 89.64 89.63 89.69 89.77 89.85 89.85 89.68 89.59 89.56 89.48
5°S ||     89.51 89.55 89.59 89.58 89.49 89.80 89.77 89.76 89.82 89.63 89.55 89.36 89.42 89.49 89.56 89.60 89.60 89.47 89.01 88.99 88.65 88.33 87.93 87.38 86.89 86.34 85.78 84.88 83.69 82.05 80.75 80.98 82.01 82.15 82.52 82.79 82.77 83.80 83.06 82.42 82.78 83.10 83.55 87.90 86.17 88.26 86.08 87.03 86.13 85.36 84.92 87.99 88.72 89.25 88.67 85.47 85.85 87.00 89.29 89.00 87.32 87.48 87.59 87.65 88.31 87.97 88.65 88.21 88.32 88.57 89.02 89.37 90.07 89.31 89.29 90.05 90.13 89.91 89.41 89.48 89.82 89.65 89.63 89.58 89.55 89.48 89.40 89.41 89.47 89.42 89.37 89.33 89.37 89.13 89.16 89.24 89.20 89.18 88.94 89.01 88.35 87.46 87.65 87.83 88.14 87.85 87.74 87.67 87.79 87.61 88.16 88.23 88.08 87.35 87.18 87.24 87.00 87.22 86.97 87.53 87.23 87.56 87.31 87.33 87.58 87.39 87.94 87.60 88.12 88.19 88.05 87.52 87.65 87.13 87.58 87.76 88.07 87.99 88.09 88.22 88.12 88.35 88.77 88.81 88.63 88.62 89.13 88.93 88.56 88.36 87.82 87.40 88.16 88.08 87.99 88.49 89.57 89.32 90.29 89.60 89.49 89.39 89.36 89.57 89.58 89.71 89.72 89.69 89.69 89.72 89.75 89.73 89.82 89.81 89.81 89.84 89.85 89.75 89.65 89.58
3°S ||     89.58 89.56 89.65 89.66 89.60 89.95 89.96 89.88 89.70 89.78 89.46 89.17 89.54 89.81 89.78 89.84 89.42 89.04 89.46 89.27 89.07 88.62 88.50 87.96 87.34 86.78 86.25 85.34 84.64 83.33 82.34 82.15 81.85 81.82 82.62 83.07 83.41 83.59 83.64 83.21 83.00 83.60 83.99 84.90 85.20 85.25 85.90 85.94 85.76 85.43 85.18 84.96 85.47 87.50 87.04 86.01 86.63 87.16 87.50 89.68 87.31 88.00 87.97 88.16 88.31 88.42 89.14 88.70 88.83 89.08 89.22 89.32 90.56 89.50 89.46 89.88 89.71 89.78 89.55 89.57 89.64 89.64 89.81 89.66 89.56 89.52 89.55 89.48 89.48 89.45 89.42 89.36 89.32 89.29 89.22 89.19 88.87 89.19 89.18 89.21 88.57 88.03 87.85 88.01 88.27 87.82 87.95 88.13 88.07 88.07 88.29 88.29 88.01 87.71 87.54 87.09 86.80 88.00 87.77 87.59 87.50 87.61 87.44 87.79 87.29 87.64 87.40 88.06 88.12 88.33 87.91 88.05 87.95 87.82 88.21 88.79 87.86 88.49 88.37 88.12 88.36 88.43 89.02 89.02 88.71 89.22 89.10 88.77 88.51 88.26 87.73 87.94 87.84 88.03 88.24 88.96 89.54 89.58 89.60 89.46 89.63 89.59 89.57 89.55 89.62 89.73 89.67 89.58 89.81 89.83 89.81 89.86 89.88 89.91 89.90 89.91 89.87 89.82 89.69 89.67
1°S ||     89.70 89.67 89.70 89.77 89.81 89.97 89.98 89.86 89.79 89.58 89.40 89.08 89.62 89.79 89.93 89.66 89.46 89.58 89.54 89.30 89.21 89.03 88.81 88.40 87.87 87.11 86.48 85.76 85.07 84.33 83.28 82.69 81.30 79.79 82.85 83.30 83.58 83.86 84.03 84.06 84.11 84.98 85.34 85.66 85.92 86.49 86.80 87.02 87.27 87.45 86.74 88.14 89.81 86.04 86.17 86.46 87.30 87.63 87.73 88.73 88.04 88.29 88.30 88.29 88.51 88.61 88.59 89.15 89.24 89.27 89.86 89.36 90.32 90.43 89.61 89.62 89.56 89.58 89.60 89.70 89.95 89.80 89.76 89.59 89.61 89.59 89.54 89.48 89.44 89.42 89.44 89.48 89.38 89.35 89.24 89.20 88.79 89.17 89.16 89.19 88.61 88.44 88.27 88.08 88.28 88.22 88.16 88.33 88.37 88.43 88.55 88.53 87.89 87.66 87.63 87.31 87.01 88.05 87.84 87.81 87.84 87.45 87.53 87.33 87.69 87.76 87.94 88.08 88.59 88.47 88.15 87.63 88.13 88.23 88.75 88.76 88.57 89.16 88.43 88.28 88.47 88.61 89.08 89.11 89.15 89.25 89.18 88.43 88.69 88.28 88.16 88.26 88.83 88.89 89.14 89.57 89.69 89.75 89.68 89.66 89.80 89.74 89.63 89.62 89.74 89.69 89.57 89.68 89.80 89.84 89.86 89.87 89.88 89.91 89.92 89.91 89.84 89.85 89.78 89.72
1°N ||     89.74 89.69 89.77 89.89 89.84 89.90 89.98 90.21 89.81 89.65 89.44 89.45 89.74 89.95 89.94 89.80 89.70 89.64 89.26 89.48 89.32 89.32 88.85 88.21 87.69 87.53 86.88 85.97 85.16 84.88 84.44 83.89 81.70 79.06 80.02 83.61 83.76 83.90 84.23 84.58 85.00 85.33 85.58 85.91 86.32 86.83 87.16 87.51 88.04 88.35 87.01 85.97 85.78 86.19 86.51 87.12 87.57 87.99 88.06 88.45 88.22 88.44 88.98 88.45 88.57 88.69 88.57 89.43 89.02 89.22 89.41 90.24 90.96 90.88 89.50 89.56 89.57 89.60 89.50 89.96 89.51 89.89 89.66 89.57 89.70 89.64 89.56 89.48 89.51 89.44 89.43 89.47 89.40 89.39 89.36 89.23 89.18 88.94 88.96 88.81 88.79 88.84 88.64 88.72 88.35 88.15 88.19 88.67 88.53 88.50 88.47 88.11 88.22 88.10 87.71 87.52 87.85 87.83 87.54 87.96 87.77 87.62 87.71 87.75 87.74 87.85 88.03 88.27 88.32 88.52 88.87 88.72 89.08 89.06 89.07 89.08 88.86 88.83 88.99 88.77 89.09 89.15 89.31 89.30 89.34 89.15 88.72 88.68 88.73 88.47 88.68 88.99 89.42 89.53 89.55 89.58 89.69 89.76 89.73 89.79 89.74 89.74 89.69 89.77 89.75 89.70 89.63 89.77 89.82 89.84 89.86 89.89 89.89 89.90 89.91 89.91 89.92 89.88 89.85 89.80
3°N ||     89.93 89.88 89.91 89.96 90.03 90.07 90.03 89.98 89.92 89.65 89.59 89.61 89.96 90.05 90.02 89.91 89.83 89.49 89.40 89.58 89.50 89.13 88.67 88.03 87.38 88.10 87.38 85.39 85.19 85.29 85.16 85.29 84.80 81.41 82.92 83.91 83.67 83.79 84.31 84.78 85.21 85.45 85.65 85.63 86.73 87.18 87.67 87.99 88.30 88.83 88.89 87.60 87.00 87.23 87.61 87.96 88.17 88.28 88.36 88.64 88.55 88.46 88.21 89.03 89.11 88.83 88.94 89.24 89.28 89.41 89.47 89.54 90.43 90.56 90.25 89.96 89.99 89.86 89.79 89.76 89.59 89.55 89.67 89.61 89.57 89.68 89.53 89.45 89.48 89.48 89.51 89.47 89.44 89.40 89.35 89.25 89.23 89.07 89.17 89.04 89.03 89.04 89.03 88.85 88.84 88.34 88.59 88.91 89.18 88.45 88.59 88.34 87.97 87.94 87.80 88.20 88.01 88.01 87.71 88.00 87.83 87.70 87.67 87.81 87.83 87.91 88.15 88.29 88.53 88.64 89.25 89.45 89.57 89.63 89.80 89.60 89.21 89.13 89.01 89.20 89.23 89.33 89.39 89.33 89.30 88.99 88.96 88.84 88.73 88.47 89.14 89.58 89.54 89.49 89.51 89.68 89.73 89.77 89.79 89.82 89.72 89.82 89.78 89.81 89.79 89.73 89.75 89.80 89.82 89.84 89.84 89.87 89.89 89.89 89.89 89.91 89.92 89.93 89.94 89.94
5°N ||     89.92 89.97 90.21 89.99 90.10 90.11 90.06 90.04 89.97 89.81 89.74 89.70 90.06 90.16 90.16 90.05 89.71 89.42 89.68 89.63 89.43 88.82 88.28 87.88 88.15 88.26 88.03 86.79 85.31 85.21 85.43 85.87 86.13 85.80 84.90 84.26 83.49 83.30 84.45 85.06 85.48 85.71 85.82 85.58 86.94 87.73 88.10 88.35 88.69 89.13 89.29 88.06 88.03 88.32 88.50 88.65 88.63 88.67 88.71 88.85 89.06 88.74 88.40 88.54 88.78 89.13 89.26 89.32 89.35 89.49 89.63 90.32 89.64 90.07 90.52 90.17 89.84 89.64 89.59 89.60 89.54 89.62 89.57 89.60 89.70 89.59 89.57 89.47 89.50 89.47 89.45 89.46 89.35 89.33 89.31 89.30 89.28 89.28 89.20 89.06 89.04 89.05 88.98 89.03 88.96 88.94 88.98 88.90 88.97 88.31 88.47 87.75 87.94 87.83 88.02 87.87 87.90 88.05 87.97 87.96 87.84 87.73 87.63 87.69 88.23 87.99 88.13 88.40 88.69 89.05 89.44 90.41 90.54 90.54 90.50 90.32 90.13 89.52 89.42 89.38 89.37 89.47 89.42 89.30 89.32 89.08 88.95 88.97 88.58 88.66 89.57 89.54 89.59 89.60 89.64 89.66 89.75 89.78 89.81 89.82 89.80 89.79 89.81 89.81 89.81 89.81 89.81 89.80 89.82 89.83 89.83 89.85 89.87 89.88 89.88 89.90 89.92 89.93 89.94 89.96
7°N ||     89.95 89.98 90.02 90.03 90.10 90.12 90.11 90.09 90.04 89.91 89.80 89.95 90.17 90.24 90.26 90.09 89.66 89.81 89.78 89.64 89.29 88.91 88.99 88.78 88.65 88.60 88.28 87.50 84.90 85.06 85.43 86.26 86.55 86.30 85.65 84.72 82.53 82.51 84.94 85.43 85.73 85.92 86.05 86.32 87.49 87.88 88.19 88.52 88.81 89.09 89.31 89.34 88.62 88.60 88.59 88.63 88.76 88.88 88.99 89.07 89.11 88.96 88.58 88.95 89.22 89.26 89.40 89.44 89.47 89.55 89.68 90.36 90.63 90.33 90.49 89.66 89.64 89.61 89.80 89.90 89.78 89.60 89.62 89.66 89.60 89.52 89.52 89.47 89.50 89.44 89.47 89.44 89.42 89.46 89.30 89.26 89.21 89.28 89.15 88.97 88.97 89.01 89.08 88.96 88.94 89.09 88.74 89.18 88.98 89.01 88.61 88.26 88.18 87.69 87.80 87.91 87.81 87.98 87.98 88.01 87.80 87.87 87.65 88.17 88.52 87.90 88.14 88.48 89.05 89.53 90.34 90.64 90.59 90.57 90.57 90.49 90.45 90.08 89.54 89.53 89.55 89.49 89.37 89.40 89.08 88.84 88.95 89.18 89.01 88.98 89.53 89.63 89.66 89.70 89.76 89.71 89.80 89.82 89.80 89.82 89.84 89.80 89.81 89.80 89.82 89.82 89.80 89.80 89.80 89.80 89.81 89.79 89.84 89.87 89.86 89.90 89.93 89.94 89.95 89.97
9°N ||     89.99 90.11 89.95 89.99 90.12 90.11 90.12 90.10 90.17 89.96 89.85 90.12 90.27 90.31 90.28 89.96 89.82 89.95 89.76 89.51 89.45 89.34 89.28 89.17 89.03 88.79 88.51 87.63 85.47 85.37 85.97 86.84 86.83 87.03 86.58 85.19 81.89 80.09 84.21 85.74 85.91 86.14 86.38 86.77 87.41 87.89 88.26 88.60 88.84 89.12 89.31 89.35 89.23 88.81 88.75 88.76 88.86 88.99 89.07 89.18 89.27 89.20 89.07 89.11 89.24 89.42 89.56 89.57 89.60 89.79 90.33 90.38 90.25 90.58 89.77 89.75 89.78 89.74 89.89 89.64 89.64 89.62 89.59 89.63 89.66 89.59 89.56 89.61 89.56 89.56 89.48 89.46 89.40 89.43 89.36 89.46 89.28 89.21 89.18 89.18 89.12 88.89 88.71 88.64 89.02 89.14 89.17 88.85 88.80 88.67 88.61 88.60 88.45 88.60 88.31 88.05 87.92 87.96 87.97 87.68 87.89 87.82 87.54 88.75 88.01 87.90 88.27 88.71 89.25 89.80 90.47 90.68 90.69 90.66 90.60 90.56 90.51 90.35 89.95 89.73 89.63 89.67 89.37 89.24 89.23 89.17 89.37 89.47 89.40 89.40 89.59 89.70 89.84 89.70 89.79 89.84 89.80 89.80 89.77 89.77 90.08 89.74 89.73 89.75 89.79 89.81 89.77 89.78 89.74 89.76 89.77 89.83 89.84 89.87 89.85 89.90 89.93 89.95 89.97 89.97
11°N ||     90.03 90.02 90.06 90.03 90.17 90.17 90.22 90.19 90.29 90.23 90.13 90.35 90.38 90.36 90.32 90.27 89.97 89.98 89.76 89.58 89.52 89.46 89.34 89.19 89.00 88.82 88.42 87.60 86.83 87.14 87.08 87.07 87.10 87.12 87.23 87.10 82.55 76.86 78.46 85.72 86.07 86.32 86.62 86.99 87.41 87.94 88.39 88.67 88.95 89.12 89.28 89.36 89.34 88.96 88.88 88.87 88.97 89.08 89.14 89.22 89.29 89.15 89.09 89.30 89.44 89.53 89.67 89.75 89.84 89.77 90.57 90.42 89.75 90.61 90.39 89.74 90.27 89.68 89.64 89.72 89.63 89.60 89.56 89.54 89.59 89.61 89.67 89.61 89.59 89.57 89.49 89.47 89.47 89.47 89.51 89.36 89.44 89.22 89.26 89.29 89.22 89.19 88.97 88.68 89.13 89.07 89.47 89.02 89.28 88.61 88.79 88.75 88.71 88.85 88.59 88.13 87.92 88.16 88.35 87.85 88.03 87.94 87.74 87.62 87.80 88.21 88.55 88.95 89.46 89.92 90.68 90.72 90.75 90.67 90.57 90.56 90.47 90.40 90.11 89.80 89.72 89.40 89.49 89.41 89.31 89.50 89.60 89.65 89.65 89.67 89.73 89.81 89.89 89.91 89.84 89.87 89.83 89.83 89.75 89.71 89.67 89.62 89.63 89.65 89.68 89.70 89.71 89.71 89.72 89.93 89.59 89.77 89.83 89.83 89.83 89.93 89.94 89.94 89.78 89.96
13°N ||     89.97 90.07 89.87 89.88 90.16 90.15 90.24 90.29 90.32 90.36 90.41 90.46 90.46 90.44 90.41 90.29 90.17 89.95 89.57 89.59 89.54 89.41 89.30 89.21 88.97 88.71 88.44 88.09 87.36 87.36 87.24 87.23 87.23 87.34 87.53 87.68 86.93 78.86 80.11 84.82 85.86 86.55 86.93 87.20 84.17 88.19 88.54 88.78 89.00 89.12 89.30 89.35 89.36 89.02 88.97 89.01 89.09 89.16 89.21 89.26 89.28 89.32 89.38 89.33 89.51 89.71 89.80 89.89 89.94 90.43 90.52 90.45 89.97 89.91 89.80 90.22 89.85 89.78 89.63 89.55 89.54 89.61 89.57 89.59 89.59 89.59 90.46 89.59 89.91 89.55 89.48 89.49 89.49 89.56 89.54 89.35 89.36 89.38 89.42 89.43 89.41 89.15 89.06 89.11 89.18 89.26 89.17 89.30 89.48 88.98 88.98 89.16 88.89 88.82 88.71 88.54 88.33 88.44 88.56 88.51 88.36 88.07 87.98 88.01 88.11 88.32 88.70 89.17 89.57 89.99 90.68 90.70 90.68 90.63 90.56 90.54 90.50 90.43 90.21 89.88 89.78 89.59 89.62 89.64 89.64 89.67 89.66 89.80 89.75 89.85 89.89 89.92 90.02 90.10 90.12 89.97 89.93 89.82 89.70 89.58 89.45 89.38 89.47 89.48 89.55 89.60 89.62 89.67 89.66 89.67 89.69 89.63 89.84 89.81 89.85 89.87 89.93 89.97 89.63 89.90
15°N ||     90.04 90.10 90.11 90.27 90.23 90.16 90.30 90.40 90.42 90.47 90.52 90.59 90.58 90.55 90.54 90.38 89.97 89.78 89.61 89.60 89.33 86.68 82.04 81.43 83.93 88.60 88.33 88.23 88.00 87.53 87.45 87.34 87.37 87.45 87.54 87.65 87.67 86.42 84.36 84.75 86.09 86.75 87.18 87.44 87.88 88.45 88.66 88.87 89.01 89.11 89.27 89.35 89.39 89.07 89.08 89.07 89.14 89.22 89.27 89.28 89.31 89.31 89.28 89.44 89.73 89.84 89.93 90.00 90.03 90.37 90.58 90.49 90.20 90.02 90.26 89.98 90.02 89.79 89.73 89.70 89.80 89.62 89.44 90.05 89.62 89.60 89.61 89.59 89.59 89.60 89.80 89.62 89.52 89.49 89.49 89.43 89.45 89.47 89.49 89.53 89.47 89.46 89.25 89.21 89.26 89.27 89.17 89.50 89.39 88.84 89.03 89.06 89.09 89.13 88.79 88.74 88.55 88.42 88.50 88.51 88.34 88.43 88.28 88.34 88.42 88.60 88.87 89.35 89.70 90.63 90.65 90.59 90.67 90.61 90.55 90.52 90.47 90.43 90.25 89.95 89.84 89.80 89.74 89.73 89.72 89.73 89.77 89.82 89.93 89.97 90.04 90.12 90.13 90.19 90.21 90.17 89.97 89.80 89.62 89.46 89.32 89.21 89.08 89.21 89.31 89.50 89.56 89.61 89.61 89.64 89.66 89.67 89.74 89.80 89.82 89.89 89.88 89.97 89.77 90.47
17°N ||     90.07 90.17 90.20 90.30 89.97 90.29 90.32 90.39 90.50 90.53 90.60 90.65 90.67 90.66 90.70 90.11 89.86 89.83 89.68 89.69 88.90 81.08 77.21 76.04 78.95 86.16 88.28 88.24 88.47 88.01 87.74 87.48 87.41 87.48 87.57 87.67 87.69 87.47 86.36 86.23 86.73 86.97 87.26 87.53 87.95 88.48 88.75 88.94 89.06 89.16 89.23 89.39 89.36 88.95 88.99 89.15 89.19 89.24 89.27 89.30 89.33 89.38 89.47 89.66 89.76 89.95 90.07 90.23 90.42 90.47 90.34 90.48 90.41 90.25 90.31 90.10 89.85 89.88 89.83 89.69 89.64 89.54 89.67 89.96 89.59 89.61 89.62 90.30 89.62 89.70 89.61 89.60 89.50 89.49 89.53 89.56 89.53 89.54 89.53 89.58 89.58 89.53 89.39 89.34 89.46 89.44 89.44 89.42 89.14 88.99 89.11 89.13 89.03 88.93 88.88 88.81 88.63 88.09 88.41 88.52 88.56 88.55 88.51 88.56 88.63 88.76 89.24 89.41 89.75 90.48 90.61 90.63 90.60 90.56 90.53 90.53 90.48 90.37 90.26 90.11 89.97 90.01 89.92 89.92 89.91 90.00 90.01 90.07 90.14 90.21 90.26 90.26 90.27 90.34 90.31 90.30 90.13 89.79 89.62 89.37 89.15 88.89 88.68 88.69 88.96 89.40 89.52 89.54 89.54 89.58 89.63 89.69 89.75 89.79 89.79 89.85 90.00 89.99 89.94 90.19
19°N ||     90.09 90.20 90.30 90.34 90.38 90.30 90.33 90.44 90.55 90.61 90.66 90.73 90.76 90.76 90.79 90.20 89.89 89.77 89.52 89.62 89.24 81.20 77.29 76.42 78.50 86.36 88.53 88.65 88.69 88.57 88.06 87.61 87.35 87.28 87.31 87.58 87.73 87.70 87.24 87.07 87.16 87.23 87.32 87.52 87.82 88.32 88.81 88.98 89.12 89.17 89.23 89.40 89.29 89.32 88.96 89.09 89.19 89.23 89.29 89.30 89.37 89.39 89.55 89.76 89.93 90.12 90.36 90.44 90.60 90.61 90.70 90.60 90.57 90.48 90.41 90.04 89.96 89.98 90.24 89.74 89.67 89.62 89.68 89.67 90.21 89.57 89.60 89.54 89.60 89.63 89.63 89.63 89.75 89.57 89.56 89.59 89.57 89.57 89.56 89.58 89.59 89.48 89.85 89.48 89.54 89.35 89.26 89.41 89.25 89.21 89.13 89.05 88.90 88.86 88.88 89.05 88.51 88.65 88.49 88.75 88.88 89.02 88.59 88.63 88.70 88.85 89.19 89.08 89.59 89.91 90.32 90.57 90.52 90.51 90.49 90.45 90.44 90.41 90.33 90.27 90.26 90.25 90.34 90.26 90.28 90.26 90.35 90.36 90.38 90.44 90.49 90.44 90.54 90.50 90.49 90.36 90.20 89.79 89.53 89.25 88.79 88.43 88.32 88.55 88.58 87.78 89.40 89.47 89.51 89.55 89.61 89.68 89.74 89.80 89.82 89.93 89.79 90.07 90.03 90.13
21°N ||     90.39 90.30 90.28 90.44 90.53 90.52 90.50 90.57 90.68 90.70 90.78 90.80 90.83 90.84 90.84 90.19 89.90 89.60 89.53 89.66 89.54 83.29 80.85 79.91 81.85 88.12 88.91 88.91 88.84 88.64 88.29 87.80 87.33 87.09 86.90 86.81 87.67 87.70 87.53 87.38 87.34 87.36 87.42 87.55 87.81 88.29 88.86 88.97 89.06 89.15 89.16 89.32 89.42 89.47 89.03 89.09 89.12 89.21 89.24 89.32 89.38 89.40 89.64 89.78 89.96 90.47 90.54 90.59 90.68 90.71 90.71 90.68 90.55 90.57 90.48 90.21 90.14 90.17 89.91 89.74 89.76 89.89 89.72 89.67 89.57 89.71 89.80 89.61 89.63 89.66 89.62 89.62 89.59 89.58 89.64 89.61 89.58 89.59 89.59 89.58 89.61 89.50 89.43 89.55 89.37 89.44 89.52 89.04 89.27 89.43 89.02 88.88 88.87 88.93 88.93 89.06 88.75 88.76 87.96 88.95 89.00 88.97 88.42 88.57 88.80 88.85 89.15 89.04 89.31 89.54 89.85 89.95 90.21 90.30 90.29 90.42 90.42 90.42 90.42 90.40 90.43 90.51 90.51 90.52 90.55 90.53 90.59 90.62 90.62 90.58 90.63 90.60 90.63 90.56 90.59 90.59 90.41 89.84 89.50 89.02 88.33 88.13 88.05 88.02 88.45 88.94 89.27 89.38 89.46 89.54 89.62 89.68 89.74 89.78 89.87 89.90 89.80 90.12 90.12 90.20
23°N ||     90.36 90.41 90.45 90.53 90.57 90.64 90.68 90.75 90.79 90.80 90.85 90.85 90.87 90.86 90.86 90.24 89.80 89.56 89.65 89.74 89.75 88.24 86.29 85.65 88.53 89.32 89.11 89.05 88.93 88.57 88.20 87.81 87.42 86.97 86.71 86.62 87.40 87.70 87.63 87.38 87.36 87.15 87.43 87.60 87.63 88.46 88.67 88.87 88.95 89.06 89.13 89.20 89.31 89.44 89.33 89.17 89.51 89.84 89.74 89.47 89.41 89.33 89.66 89.80 90.00 90.46 90.64 90.69 90.77 90.81 90.75 90.81 90.57 90.79 90.66 90.45 90.40 90.42 90.34 89.96 89.76 89.64 89.56 89.64 89.60 89.64 89.64 89.65 89.64 89.59 89.66 89.68 89.65 89.62 89.68 89.69 89.76 89.53 89.65 89.64 89.59 89.52 89.44 89.52 89.53 89.50 89.50 89.39 89.25 89.34 89.19 89.00 89.01 88.88 88.86 88.90 88.99 88.74 88.14 88.90 88.99 88.83 89.39 89.19 88.79 88.75 88.96 89.11 89.17 89.41 89.55 89.67 89.79 89.91 90.12 90.32 90.42 90.47 90.53 90.55 90.56 90.70 90.63 90.74 90.79 90.83 90.87 90.83 90.95 90.88 90.89 90.86 90.83 90.84 90.87 90.77 90.70 89.92 89.48 88.95 88.44 88.06 87.89 86.25 87.12 88.49 89.10 89.33 89.47 89.54 89.62 89.69 89.77 89.84 89.94 89.88 90.05 90.12 89.99 90.32
25°N ||     90.44 90.47 90.46 90.62 90.71 90.72 90.78 90.79 90.81 90.85 90.87 90.88 90.88 90.88 90.89 90.30 89.74 89.62 89.65 89.59 89.76 89.71 89.70 89.69 89.55 89.39 88.99 89.12 88.81 88.43 87.99 87.70 87.26 86.88 86.64 86.13 86.18 87.60 87.68 87.36 87.46 87.37 87.47 86.69 87.91 88.48 88.75 88.85 88.90 88.97 88.86 89.09 89.10 89.49 89.10 89.14 89.19 89.16 89.55 90.05 90.16 89.54 89.74 90.18 90.45 90.69 90.77 90.78 90.83 90.87 90.86 90.83 90.78 90.72 90.51 90.60 90.57 90.64 90.74 90.18 89.96 89.70 89.66 89.73 89.78 89.67 89.70 89.67 89.68 89.61 89.66 89.74 89.67 89.68 89.68 89.88 89.71 89.66 89.62 89.65 89.51 89.52 89.57 89.53 89.47 89.61 89.57 89.36 89.47 89.42 89.21 89.33 89.29 89.24 89.43 88.95 89.09 88.50 88.70 88.28 88.61 88.55 88.57 88.78 88.81 88.89 88.83 88.77 89.21 89.09 89.50 89.70 89.68 89.82 90.16 90.40 90.49 90.64 90.69 90.73 90.81 90.86 90.92 91.01 91.10 91.19 91.25 91.28 91.27 91.21 91.15 91.12 91.13 91.08 91.01 90.93 90.80 90.62 89.65 89.19 88.39 88.02 86.31 79.83 86.01 88.37 89.12 89.36 89.46 89.56 89.68 89.68 89.79 89.87 90.02 90.05 90.14 90.14 90.31 90.36
27°N ||     90.57 90.62 90.64 90.63 90.79 90.72 90.86 90.88 90.88 90.89 90.89 90.90 90.89 90.89 90.89 90.46 89.79 89.63 89.66 89.64 89.62 89.65 89.44 89.51 89.52 89.44 89.32 88.92 88.61 88.30 87.86 87.53 87.19 86.80 86.15 86.06 86.38 87.76 87.94 87.55 87.70 87.68 87.71 86.69 87.57 88.46 88.70 88.79 88.85 88.74 88.57 88.67 89.14 89.32 89.47 89.56 89.52 89.65 89.70 90.00 89.82 89.47 90.44 90.56 90.67 90.73 90.73 90.80 90.89 90.91 90.75 90.87 90.88 90.81 90.62 90.83 90.68 90.74 90.81 90.78 90.15 89.99 89.88 89.81 89.83 89.74 89.68 89.65 89.68 89.69 89.71 89.72 89.69 89.67 89.71 89.65 89.74 89.70 89.59 89.51 89.76 89.48 89.57 89.57 89.35 89.68 89.17 89.41 89.48 89.37 89.36 89.40 89.37 89.32 89.28 89.34 89.25 89.52 89.05 88.84 89.02 89.37 88.77 88.97 89.00 88.60 88.38 88.97 89.30 89.14 89.53 89.62 89.76 90.05 90.37 90.57 90.74 90.75 90.82 90.91 90.98 91.11 91.19 91.35 91.48 91.51 91.56 91.52 91.51 91.44 91.39 91.39 91.29 91.19 91.07 90.98 90.85 90.69 90.10 89.31 88.71 88.18 87.40 86.70 87.43 88.91 89.31 89.44 89.50 89.59 89.62 89.78 89.86 89.94 90.09 90.21 90.22 90.27 90.38 90.50
29°N ||     90.71 90.75 90.80 90.85 90.91 90.89 90.93 90.95 90.95 90.93 90.94 90.95 90.93 90.80 90.92 90.88 90.29 89.74 89.59 89.61 89.61 89.63 89.42 89.38 89.59 89.48 89.12 88.84 88.53 88.15 87.78 87.42 87.17 86.76 85.57 85.95 86.92 87.78 87.89 87.71 87.98 88.02 87.98 88.08 88.28 88.48 88.72 88.83 88.82 88.50 88.58 88.79 88.81 89.34 89.38 89.44 89.45 89.62 89.67 89.79 89.77 89.96 90.33 90.14 89.94 90.58 90.66 90.77 90.89 90.95 90.89 90.98 90.94 90.98 90.95 90.91 90.83 90.87 90.93 90.96 90.92 90.27 90.07 89.93 89.99 89.77 89.71 91.29 89.73 89.70 89.74 89.83 89.73 89.77 89.66 89.68 89.72 89.72 89.60 89.60 89.54 89.60 89.56 89.58 89.48 89.41 89.27 89.37 89.39 89.26 89.39 89.36 89.47 89.59 89.56 89.55 89.38 89.10 89.04 88.99 89.14 88.96 88.85 88.95 88.73 89.05 89.48 89.61 89.59 89.66 89.72 89.86 90.20 90.33 90.51 90.75 90.82 90.93 91.06 91.18 91.31 91.42 91.59 91.70 91.77 91.88 91.84 91.69 91.77 91.66 91.61 91.50 91.39 91.25 91.17 91.10 90.98 90.87 90.45 89.66 89.30 88.91 88.45 88.40 88.82 89.35 89.46 89.51 89.55 89.61 89.77 89.83 89.95 90.10 90.26 90.39 90.41 90.44 90.59 90.66
31°N ||     90.90 90.85 90.94 90.95 90.96 90.96 90.98 91.02 91.03 91.00 90.98 90.99 90.99 90.98 90.96 90.93 90.58 90.11 89.91 89.87 89.76 89.72 89.59 89.58 89.66 89.21 89.01 88.77 88.37 88.07 87.71 87.59 87.08 86.80 86.31 86.36 86.95 87.83 87.87 87.86 88.06 88.16 88.30 88.30 88.42 88.56 88.70 88.85 88.77 88.30 88.78 88.87 88.92 89.09 89.17 89.26 89.38 89.42 89.50 89.74 89.66 89.89 90.01 90.17 90.41 90.45 90.64 90.73 90.77 90.95 90.99 90.98 91.04 91.11 91.07 91.17 90.95 91.01 91.07 90.99 90.97 90.86 90.47 90.72 90.25 90.04 89.80 89.70 89.78 89.81 89.83 89.77 89.73 89.70 89.89 89.76 89.68 89.61 89.59 89.67 89.54 89.56 89.61 89.60 89.51 89.49 89.33 89.33 89.41 89.33 89.30 89.28 89.47 89.55 89.52 89.51 89.32 89.12 89.23 89.24 89.20 89.47 89.02 88.92 89.20 89.10 89.32 89.66 89.63 89.72 89.84 90.13 90.25 90.50 90.66 90.81 90.96 91.12 91.35 91.49 91.60 91.74 92.06 91.92 92.03 92.10 92.06 91.99 91.93 91.83 91.68 91.60 91.68 91.38 91.37 91.27 91.15 91.04 90.73 90.32 89.69 89.53 89.43 89.41 89.23 88.99 89.57 89.57 89.61 89.65 89.54 90.65 90.18 89.77 90.49 90.19 90.62 90.66 90.69 90.84
33°N ||     91.05 90.58 90.97 90.97 91.04 91.02 91.02 91.06 91.03 91.05 91.04 91.05 91.05 91.03 91.07 91.04 90.99 90.65 90.07 89.69 89.75 89.74 89.78 89.72 89.39 89.10 88.92 88.66 88.44 87.88 87.56 87.28 86.86 86.48 86.16 86.27 86.86 87.70 88.00 88.09 88.22 88.36 88.41 88.48 88.38 88.54 88.54 88.41 88.40 88.52 88.78 88.96 88.99 88.94 89.13 89.32 89.40 89.44 89.42 89.46 89.45 89.46 89.65 90.15 90.15 90.63 90.73 90.77 90.82 90.94 91.05 91.21 91.22 91.22 91.19 91.30 91.25 91.26 91.24 91.07 91.19 91.16 90.95 90.65 90.40 90.10 89.88 89.78 89.92 89.84 89.83 89.67 89.77 89.76 89.80 89.68 89.72 89.61 89.69 89.73 89.51 89.49 89.57 89.45 89.70 89.38 89.41 89.30 89.40 89.17 89.05 89.19 89.40 89.46 89.41 89.28 89.28 89.35 89.24 89.47 89.42 89.47 89.44 89.18 89.33 89.53 89.56 89.69 89.78 89.96 90.06 90.32 90.46 90.63 90.79 90.96 91.16 91.41 91.58 91.69 91.87 91.96 92.08 92.17 92.33 92.16 92.10 92.07 92.02 91.75 91.83 91.76 91.65 91.49 91.34 91.47 91.42 91.28 91.14 91.00 90.76 90.47 90.32 90.02 89.88 89.52 89.79 89.70 89.67 89.74 89.77 90.15 90.41 90.50 90.65 90.73 90.78 90.88 90.94 91.01
35°N ||     91.16 91.09 91.09 91.05 91.08 91.06 91.08 91.08 91.07 91.08 91.10 91.09 91.09 91.06 91.11 91.05 91.09 91.00 90.61 89.40 89.64 89.73 89.67 89.46 88.98 89.09 88.91 88.64 88.24 87.71 87.20 86.61 86.03 85.74 85.55 85.48 85.92 86.58 87.66 88.24 88.41 88.48 88.53 88.51 87.89 88.10 88.64 88.78 88.56 88.46 88.77 88.68 88.56 88.70 89.03 89.32 89.42 89.47 89.48 89.50 89.51 89.49 89.64 90.15 90.54 90.67 90.76 90.77 90.87 90.97 91.03 91.26 91.20 91.32 91.35 91.45 91.43 91.52 91.41 91.32 91.28 91.21 91.23 90.65 90.47 90.19 90.09 90.00 89.89 89.97 89.71 89.73 89.75 89.95 89.99 89.67 89.73 89.65 89.71 89.64 89.65 89.61 89.60 89.57 89.55 89.44 89.36 89.58 89.34 89.08 89.42 89.14 89.18 89.12 89.06 89.01 89.17 89.26 89.32 89.55 89.57 89.54 89.76 89.68 89.62 89.78 89.74 89.79 89.92 90.06 90.27 90.47 90.58 90.76 90.89 91.13 91.32 91.57 91.77 91.93 92.00 92.09 92.28 92.40 92.46 92.43 92.30 92.28 92.09 92.06 91.93 91.62 91.77 91.62 91.59 91.56 91.47 91.37 91.35 91.23 91.15 90.96 90.89 90.82 90.62 90.49 90.22 89.90 89.81 89.84 89.85 90.06 90.15 90.61 90.70 90.78 90.89 91.04 91.14 91.18
37°N ||     91.27 91.14 91.15 91.07 91.14 91.11 91.14 91.13 91.10 91.11 91.12 91.13 91.12 91.08 91.05 91.03 91.00 90.93 90.89 89.67 89.66 89.62 89.52 89.37 89.08 89.12 88.92 88.66 88.30 87.43 86.39 85.61 84.83 84.36 84.34 84.73 85.13 85.25 86.26 87.53 88.34 88.63 88.66 88.63 88.55 88.41 88.53 88.65 88.76 89.00 88.54 88.43 88.30 88.14 88.65 89.12 89.40 89.46 89.47 89.47 89.50 89.48 89.75 90.22 90.53 90.67 90.76 90.83 90.89 91.05 91.10 91.23 91.28 91.44 91.48 91.59 91.70 91.66 91.65 91.52 91.56 91.49 91.39 91.33 91.10 90.94 90.88 90.70 90.40 90.73 89.90 89.82 89.74 89.72 89.81 89.73 89.85 89.96 89.67 89.88 89.70 89.79 89.65 89.98 89.70 89.69 89.53 89.46 89.38 89.23 89.15 89.09 89.08 88.94 88.95 88.95 89.07 89.37 89.77 89.68 89.62 89.54 89.61 89.57 89.74 89.80 89.83 89.85 90.10 90.23 90.42 90.62 90.74 90.85 91.12 91.32 91.44 91.70 91.86 92.10 92.20 92.37 92.51 92.54 92.58 92.61 92.55 92.41 92.37 92.20 92.12 92.04 91.97 91.81 91.93 91.88 91.68 91.49 91.49 91.32 91.17 91.09 90.87 90.79 90.58 90.51 90.30 90.10 89.97 89.96 89.94 90.15 90.11 90.73 90.77 90.86 91.05 91.09 91.18 91.20
39°N ||     91.22 91.19 91.21 91.15 90.85 91.16 91.17 90.98 91.15 91.14 91.11 91.12 91.07 91.06 91.03 91.00 90.99 91.02 90.85 90.44 89.53 89.49 89.59 89.40 89.40 89.17 89.03 88.81 88.15 86.84 85.49 84.31 83.55 83.44 83.07 83.34 84.64 84.88 85.34 86.61 87.99 88.65 88.77 88.73 88.50 88.59 88.44 87.66 88.61 88.65 88.62 88.47 88.15 87.88 88.22 88.82 89.24 89.37 89.43 89.42 89.58 89.60 89.61 89.92 90.56 90.73 90.78 90.83 90.97 91.09 91.23 91.36 91.39 91.58 91.68 91.75 91.79 91.84 91.84 91.95 91.67 91.66 91.62 91.56 91.42 91.01 91.13 90.92 90.57 90.52 90.36 90.00 89.98 89.95 89.90 89.79 89.73 89.71 89.94 89.82 89.96 90.55 89.94 89.65 89.96 89.61 89.56 89.54 89.48 89.49 89.36 89.14 89.58 89.03 89.05 89.27 89.16 89.30 89.74 89.75 89.76 89.75 89.77 89.83 89.85 89.89 89.95 90.10 90.20 90.40 90.56 90.74 90.80 91.05 91.21 91.44 91.60 91.74 92.02 92.08 92.47 92.62 92.67 92.67 92.67 92.70 92.60 92.57 92.46 92.53 92.31 92.26 92.10 92.07 92.01 91.95 91.86 91.60 91.34 91.39 91.21 91.11 90.95 90.78 90.59 90.57 90.43 90.31 90.24 90.15 90.08 89.88 89.60 90.78 90.83 90.86 91.04 91.16 91.22 91.18
41°N ||     91.21 91.23 91.25 91.23 91.20 91.18 91.14 91.17 91.15 91.13 91.13 91.14 91.09 91.12 91.02 91.04 90.98 90.78 90.68 90.41 89.99 89.80 89.65 89.57 89.45 89.32 89.20 88.86 88.08 86.60 85.09 84.14 83.79 83.71 82.91 83.33 84.45 85.05 85.66 86.96 88.16 88.72 88.79 88.75 88.15 88.65 88.50 88.18 88.46 88.36 88.37 88.23 88.22 88.35 88.55 88.71 89.09 89.36 89.37 89.34 89.48 89.60 89.61 89.86 90.41 90.81 90.88 90.82 91.03 91.17 91.28 91.46 91.56 91.68 91.81 91.91 91.96 92.00 92.00 91.98 91.94 91.91 91.81 91.99 91.95 91.55 91.32 91.25 90.98 91.01 90.51 90.90 90.60 90.33 90.41 89.99 89.86 90.21 89.77 90.05 90.68 90.69 90.62 89.79 89.90 89.53 89.48 89.63 89.64 89.57 89.49 89.56 90.26 89.74 89.43 89.52 89.84 89.44 89.80 89.75 89.78 89.78 89.93 89.96 90.05 90.00 90.14 90.17 90.40 90.60 90.70 90.76 90.92 91.09 91.38 91.56 91.77 91.88 92.23 92.38 92.50 92.70 92.73 92.72 92.71 92.66 92.69 92.64 92.60 92.48 92.40 92.43 92.40 92.27 92.13 92.00 91.87 91.78 91.62 91.46 91.27 91.08 90.97 90.82 90.64 90.63 90.57 90.47 90.46 90.29 89.79 89.93 89.81 90.65 90.81 90.95 90.99 91.15 91.16 91.23
43°N ||     91.21 91.27 91.27 91.24 91.21 91.20 91.18 91.16 91.15 91.16 91.13 91.19 91.15 91.15 91.05 91.02 90.91 90.77 90.50 90.14 89.91 89.79 89.68 89.60 89.51 89.43 89.29 89.12 88.58 87.57 86.19 85.03 84.48 84.31 84.19 84.34 84.96 85.38 87.26 88.37 88.87 88.99 88.88 88.85 88.86 88.43 88.68 88.06 88.39 88.42 88.33 88.46 87.87 88.38 88.87 88.77 88.92 89.25 89.39 89.53 89.51 89.54 89.61 89.87 90.39 90.86 91.02 91.07 91.16 91.29 91.49 91.60 91.80 91.87 92.25 92.00 92.11 92.04 92.12 92.13 92.08 92.06 91.90 91.92 91.97 91.70 91.61 91.34 91.26 91.29 91.15 91.06 91.03 90.88 90.64 90.28 90.12 90.02 90.47 90.58 90.77 90.66 90.18 90.56 90.16 90.51 90.33 90.48 89.54 89.50 89.42 89.83 89.49 89.38 89.90 89.92 89.84 89.78 89.81 89.88 89.90 89.91 90.21 90.51 90.18 90.17 90.22 90.47 90.63 90.70 90.65 90.91 90.94 91.17 91.41 91.69 91.87 91.92 92.22 92.43 92.60 92.70 92.65 92.50 92.72 92.65 92.61 92.51 92.67 92.36 92.41 92.37 92.29 92.23 92.24 92.08 91.94 91.87 91.54 91.45 91.26 91.07 90.87 90.80 90.72 90.65 90.55 90.59 90.57 90.37 90.09 89.92 89.72 90.58 90.92 90.93 91.11 91.14 91.21 91.28
45°N ||     91.32 91.32 91.27 91.27 91.26 91.23 91.21 91.17 91.15 91.19 91.18 91.13 91.12 91.08 91.06 90.94 90.78 90.59 90.32 90.08 89.88 89.77 89.69 89.63 89.59 89.54 89.46 89.34 89.07 88.52 87.99 87.53 87.36 85.73 85.00 84.82 85.51 87.02 88.02 88.72 89.01 89.11 89.10 89.16 89.24 89.31 89.34 89.19 88.66 88.30 87.87 88.29 88.87 88.81 88.81 88.99 89.39 89.30 89.39 89.55 89.61 89.73 89.82 90.03 90.43 90.94 91.00 91.19 91.32 91.47 91.56 91.80 91.90 92.03 92.02 92.21 92.20 92.21 92.32 92.32 92.14 92.20 92.13 92.08 91.99 91.91 91.67 91.74 91.61 91.38 91.34 91.44 91.18 91.05 91.01 90.93 90.58 90.38 90.74 90.73 90.38 90.14 89.96 90.61 90.13 90.52 90.56 90.58 90.18 89.85 89.62 89.90 89.80 89.74 89.93 89.82 89.73 89.90 89.93 89.99 89.97 90.14 90.24 90.39 90.40 90.48 90.51 90.54 90.69 90.76 90.86 90.89 91.14 91.26 91.61 91.79 91.98 92.17 92.26 92.44 92.58 92.72 92.71 92.72 92.69 92.57 92.62 92.63 92.59 92.56 92.44 92.50 92.43 92.17 92.25 92.20 92.03 91.80 91.46 91.33 91.22 90.97 90.84 90.78 90.76 90.71 90.70 90.69 90.68 90.60 90.48 90.19 89.84 90.71 90.73 90.82 91.02 91.23 91.24 91.31
47°N ||     91.32 91.30 91.30 91.24 91.23 91.23 91.20 91.21 91.14 91.23 91.20 91.15 91.15 91.06 90.94 90.89 90.65 90.49 90.28 90.07 89.88 89.81 89.75 89.71 89.66 89.62 89.55 89.52 89.44 89.30 89.14 89.06 89.07 89.04 88.27 88.08 88.63 88.87 88.93 88.97 89.08 89.14 89.12 89.16 89.27 89.35 89.36 89.34 88.56 88.34 88.75 89.03 89.39 89.23 89.30 89.52 89.41 89.77 89.41 89.53 89.64 89.79 90.03 90.45 90.81 91.04 91.17 91.27 91.52 91.59 91.79 91.93 91.99 92.10 92.15 92.13 92.03 91.86 92.33 92.34 92.28 92.34 92.23 92.20 92.09 92.03 92.00 91.93 91.81 91.69 91.57 91.52 91.47 91.37 91.12 91.17 90.99 90.88 90.88 90.91 90.80 90.72 90.92 90.66 90.42 90.61 90.33 90.31 90.52 90.18 89.90 90.05 90.11 90.19 90.22 89.78 89.93 90.02 90.08 90.23 90.24 90.33 90.49 90.39 90.58 90.59 90.60 90.64 90.76 90.81 91.00 91.06 91.24 91.38 92.04 92.08 91.99 92.12 92.28 92.41 92.56 92.70 92.70 92.65 92.66 92.62 92.59 92.58 92.47 92.59 92.54 92.50 92.36 92.34 92.33 92.12 91.92 91.70 91.54 90.80 90.94 91.13 90.94 90.91 90.85 90.81 90.81 90.74 90.76 90.73 90.68 90.53 90.60 90.67 90.77 90.97 91.02 91.17 91.23 91.32
49°N ||     91.33 91.31 91.30 91.25 91.28 91.27 91.25 91.24 91.20 91.20 91.22 91.15 91.12 90.99 90.87 90.75 90.55 90.43 90.27 90.09 89.95 89.89 89.82 89.77 89.70 89.66 89.63 89.60 89.57 89.54 89.50 89.46 89.43 89.39 89.34 89.36 89.38 89.36 89.24 89.16 89.14 89.22 89.21 89.07 89.16 89.26 89.28 89.27 89.51 88.80 89.83 89.99 90.13 89.89 89.84 89.53 89.55 89.56 89.92 89.58 89.78 89.98 90.41 90.75 90.85 91.18 91.36 91.54 91.59 91.85 91.87 91.98 92.11 92.14 92.18 92.20 92.26 92.37 92.43 92.42 92.42 92.34 92.33 92.27 92.23 92.15 92.13 91.96 91.91 91.84 91.76 91.64 91.46 91.37 91.28 91.29 91.14 91.17 91.16 91.09 90.85 90.99 90.69 90.79 93.34 91.18 90.37 90.68 90.57 90.30 90.19 90.29 90.23 90.21 90.07 90.32 90.26 90.33 90.40 90.35 90.38 90.44 90.56 90.55 90.55 90.63 90.60 90.70 90.77 90.89 91.05 91.19 91.36 91.54 91.92 92.03 91.97 92.17 92.18 92.38 92.49 92.58 92.65 92.64 92.59 92.61 92.58 92.57 92.50 92.37 92.55 92.42 92.28 92.19 92.18 91.94 91.82 91.61 91.53 90.87 90.72 91.18 91.03 90.98 90.97 90.92 90.93 90.89 90.80 90.85 90.78 90.80 90.36 90.60 91.05 91.02 91.01 91.24 91.38 91.27
51°N ||     91.33 91.34 91.29 91.29 91.31 91.32 91.22 91.20 91.23 91.21 91.16 91.08 91.01 90.92 90.80 90.66 90.50 90.33 90.21 90.08 89.90 89.91 89.85 89.78 89.75 89.71 89.68 89.65 89.62 89.61 89.58 89.54 89.50 89.48 89.48 89.49 89.45 89.43 89.35 89.27 89.24 89.25 89.27 89.30 89.26 89.35 89.46 89.57 89.78 89.88 89.99 90.13 90.31 90.41 90.43 90.10 89.65 89.60 89.68 89.93 90.12 90.48 90.73 91.12 91.15 91.32 91.47 91.66 91.81 91.91 92.07 92.19 92.27 92.28 92.35 92.38 92.40 92.30 92.63 92.71 92.44 92.42 92.47 92.14 92.33 92.24 92.09 92.04 92.09 91.95 91.91 91.81 91.68 91.57 91.48 91.41 91.32 91.13 91.31 91.16 91.14 91.12 90.70 92.57 93.30 90.95 90.15 90.68 90.62 90.49 90.49 90.46 90.45 90.48 90.58 90.45 90.50 90.47 90.55 90.57 90.55 90.61 90.56 90.58 90.63 90.65 90.61 90.73 90.80 90.89 91.00 91.19 91.39 91.54 91.74 91.77 92.02 92.10 92.27 92.36 92.45 92.52 92.64 92.60 92.63 92.61 92.52 92.59 92.56 92.48 92.44 92.31 92.29 92.07 91.82 91.87 91.75 91.60 91.50 91.42 91.29 91.22 91.15 91.06 91.03 91.03 90.96 90.98 90.91 90.89 90.86 90.89 90.79 91.01 91.03 90.94 91.05 91.25 91.38 91.37
53°N ||     91.32 91.29 91.35 91.35 91.34 91.31 91.27 91.22 91.19 91.09 91.12 91.06 90.95 90.85 90.71 90.52 90.28 90.30 90.24 90.12 90.03 89.97 89.90 89.85 89.81 89.77 89.73 89.69 89.68 89.64 89.62 89.61 89.58 89.56 89.57 89.56 89.56 89.51 89.45 89.39 89.35 89.34 89.37 89.40 89.47 89.55 89.61 89.70 89.80 89.95 90.12 90.26 90.36 90.47 90.55 90.63 89.97 90.19 89.84 90.45 90.98 91.11 91.23 91.30 91.42 91.56 91.78 91.89 92.01 92.08 92.28 92.34 92.37 92.41 92.48 92.55 92.56 92.51 92.60 92.55 92.47 92.54 92.47 92.51 92.40 92.54 92.45 92.23 92.19 92.01 92.02 91.93 91.79 91.73 91.58 91.47 91.50 91.73 91.35 91.32 91.14 91.14 91.01 90.88 90.58 90.60 90.57 90.80 90.68 90.73 90.66 90.66 90.58 90.65 90.64 90.61 90.69 90.75 90.65 90.72 90.66 90.63 90.55 90.60 90.64 90.60 90.60 90.72 90.78 90.84 91.04 91.20 91.34 91.49 91.48 91.68 91.82 92.00 92.03 92.14 92.17 92.29 92.30 92.42 92.45 92.47 92.40 92.41 92.27 92.27 92.28 92.26 92.06 91.88 91.80 91.67 91.72 91.59 91.51 91.41 91.33 91.23 91.17 91.13 91.10 91.06 91.08 91.05 90.83 90.91 90.86 90.96 90.94 90.94 90.99 91.14 91.28 91.29 91.37 91.39
55°N ||     91.43 91.40 91.33 91.25 91.28 91.15 91.19 91.22 91.17 91.12 91.10 91.00 90.94 90.81 90.77 90.55 92.03 90.22 90.28 90.22 90.14 90.04 89.98 89.95 89.88 89.83 89.79 89.74 89.71 89.69 89.67 89.67 89.65 89.65 89.64 89.65 89.62 89.60 89.57 89.53 89.49 89.49 89.46 89.48 89.53 89.60 89.69 90.22 90.05 90.25 90.34 90.37 90.68 90.53 90.65 90.78 90.90 90.95 91.15 91.27 91.37 91.48 91.66 91.74 91.87 91.98 92.03 92.14 92.20 92.29 92.42 92.48 92.51 92.58 92.62 92.57 92.61 92.61 92.66 92.76 92.53 92.56 92.60 92.53 92.63 92.48 92.32 92.30 92.16 92.16 92.09 92.05 91.93 91.82 91.62 91.60 91.58 91.55 91.47 91.37 91.32 91.24 91.11 91.11 91.07 90.94 90.87 90.87 90.88 90.81 90.81 90.81 90.75 90.83 90.76 90.84 90.93 90.90 90.89 90.85 90.72 90.69 90.64 90.62 90.56 90.58 90.72 90.80 90.81 90.86 91.01 91.16 91.27 91.31 91.45 91.60 91.72 91.83 91.84 91.92 91.98 92.05 92.08 92.18 92.21 92.15 92.18 92.18 91.93 91.96 92.06 91.93 91.91 91.75 91.67 91.74 91.52 91.61 91.55 91.33 91.26 91.23 91.20 91.21 91.11 91.12 91.07 90.99 90.95 91.00 91.02 90.86 90.92 90.91 91.07 91.24 91.29 91.38 91.44 91.48
57°N ||     91.43 91.42 91.38 91.34 91.37 91.27 91.19 91.16 91.14 91.15 91.04 90.96 90.96 90.83 90.75 90.71 90.37 90.41 90.31 90.30 90.23 90.17 90.09 90.02 89.97 89.93 89.87 89.82 89.82 89.78 89.76 89.74 89.73 89.74 89.72 89.73 89.72 89.70 89.68 89.62 89.61 89.58 89.57 89.58 89.62 89.70 89.81 89.92 90.14 90.26 90.37 90.45 90.52 90.63 90.77 90.91 91.05 91.21 91.36 91.49 91.75 91.83 91.90 91.96 92.06 92.10 92.20 92.29 92.35 92.47 92.49 92.99 92.66 92.67 92.68 92.74 92.72 92.67 92.69 92.67 92.64 92.77 92.54 92.57 91.98 93.37 92.38 92.31 92.28 92.18 92.19 92.03 91.96 91.89 91.85 91.71 91.70 91.58 91.52 91.35 91.36 91.31 91.17 91.04 90.99 91.00 90.98 90.90 91.01 90.95 90.91 90.97 91.04 91.03 91.02 91.06 91.11 91.05 90.97 90.83 90.78 90.79 90.75 90.68 90.68 90.71 90.67 90.75 90.82 90.86 91.00 91.06 91.19 91.20 91.27 91.38 91.56 91.63 91.67 91.62 91.80 91.74 91.87 91.98 91.99 91.94 91.91 91.94 91.90 91.81 91.88 91.82 91.83 91.81 91.66 91.70 91.59 91.62 91.57 91.42 91.33 91.35 91.24 91.20 91.17 91.10 91.09 91.05 90.93 91.03 91.01 90.95 91.13 91.05 91.07 91.20 91.33 91.33 91.39 91.41
59°N ||     91.37 91.41 91.39 91.27 91.35 91.33 91.13 91.25 91.24 91.24 91.17 91.09 91.00 90.94 90.82 90.69 90.71 90.60 90.53 90.45 90.38 90.30 90.20 90.13 90.12 90.09 90.06 90.00 89.96 89.93 89.91 89.87 89.85 89.86 89.90 89.86 89.86 89.86 89.80 89.75 89.73 89.71 89.71 89.77 89.81 89.92 90.00 90.13 90.29 90.39 90.47 90.62 90.68 90.79 90.94 91.04 91.20 91.36 91.51 91.73 91.98 91.85 92.16 92.22 92.24 92.31 92.41 92.48 92.51 92.51 92.62 92.61 92.66 92.75 92.77 92.77 92.72 92.81 92.86 92.82 92.70 92.68 92.69 92.61 92.58 92.55 92.50 92.46 92.38 92.21 92.09 92.13 91.99 91.98 91.75 91.81 91.78 91.69 91.52 91.48 91.38 91.35 91.32 91.26 91.26 91.21 91.06 91.07 91.09 91.13 91.20 91.22 91.21 91.21 91.12 91.19 91.18 91.18 91.02 90.96 90.92 90.87 90.76 90.78 90.71 90.72 90.68 90.75 90.81 90.83 90.94 90.92 91.11 91.26 91.21 91.10 91.32 91.38 91.35 91.51 91.61 91.46 91.61 91.71 91.69 91.62 91.69 91.67 91.68 91.68 91.67 91.71 91.69 91.62 91.61 91.66 91.62 91.52 91.52 91.43 91.46 91.35 91.30 91.22 91.18 91.12 90.97 90.99 90.96 91.02 91.06 91.07 91.13 91.12 91.16 91.21 91.30 91.40 91.26 91.35
61°N ||     91.35 91.36 91.35 91.37 91.34 91.39 91.30 91.25 91.29 91.17 91.12 91.13 91.07 90.98 90.89 90.83 90.76 90.70 90.64 90.54 90.46 90.44 90.39 90.34 90.28 90.26 90.21 90.17 90.14 90.13 90.13 90.09 90.11 90.11 90.09 90.06 90.04 90.06 90.03 90.33 89.99 89.99 89.99 90.01 90.04 90.11 90.17 90.28 90.44 90.55 90.60 90.80 90.94 91.05 91.16 91.32 91.45 91.58 91.72 91.82 92.03 92.22 92.30 92.36 92.46 92.92 92.38 92.62 92.65 92.66 92.76 92.63 92.73 92.88 92.95 92.91 92.87 92.89 92.78 92.82 92.76 92.76 92.70 92.72 92.63 92.59 92.49 92.43 92.33 92.25 92.15 92.10 92.07 91.96 91.95 91.94 91.76 91.68 91.65 91.53 91.50 91.43 91.34 91.33 91.30 91.32 91.19 91.27 91.25 91.31 91.29 91.31 91.33 91.32 91.23 91.30 91.23 91.23 91.18 91.01 91.08 91.05 90.73 90.85 90.82 90.77 90.71 90.68 90.72 90.81 90.81 90.86 90.92 90.56 90.94 91.11 91.15 91.12 91.27 91.34 91.39 91.22 91.45 91.49 91.50 91.37 91.46 91.44 91.50 91.54 91.50 91.55 91.50 91.45 91.52 91.53 91.47 91.45 91.46 91.39 91.35 91.38 91.29 91.27 91.23 91.04 91.14 91.11 91.02 91.07 91.04 91.12 91.16 91.14 91.23 91.24 91.21 91.33 91.31 91.24
63°N ||     91.44 91.32 91.32 92.14 91.35 91.39 91.39 91.37 91.33 91.31 91.26 91.16 91.15 91.05 91.02 90.99 90.92 90.87 90.75 90.63 90.46 90.61 90.56 90.52 90.49 90.47 90.42 90.43 90.43 90.38 90.37 90.33 90.32 90.29 90.26 90.23 90.22 90.24 90.23 90.22 90.20 90.24 90.24 90.28 90.35 90.40 90.47 90.52 90.65 90.76 90.94 91.05 91.19 91.34 91.52 91.60 91.72 91.84 91.99 92.03 92.16 92.31 92.44 92.57 92.56 92.60 92.76 92.73 92.72 92.71 92.79 92.73 92.82 92.81 92.85 92.91 92.86 92.78 92.76 92.80 92.77 92.76 92.65 92.59 92.54 92.28 92.34 92.29 92.27 92.23 92.19 92.09 91.98 91.93 91.98 91.71 91.67 91.68 91.64 91.57 91.55 91.48 91.41 91.41 91.42 91.39 91.38 91.39 91.37 91.34 91.40 91.37 91.43 91.37 91.34 91.31 91.29 91.21 91.28 91.20 91.12 91.09 91.08 90.99 90.93 90.88 90.79 90.77 90.74 90.74 90.75 90.81 90.86 90.86 90.93 91.02 91.07 91.06 91.15 91.02 91.23 91.06 91.25 91.32 91.21 91.34 91.33 91.33 91.37 91.38 91.35 91.36 91.45 91.45 91.44 91.41 91.42 91.37 91.41 91.42 91.38 91.33 91.36 91.32 91.19 91.24 91.24 91.25 91.06 91.13 91.15 91.18 91.10 91.22 91.30 91.33 91.30 91.35 91.37 91.39
65°N ||     91.42 91.54 91.43 91.52 91.51 91.47 91.44 91.46 91.25 91.34 91.28 91.28 91.29 91.26 91.42 91.10 91.07 91.02 90.91 90.97 90.92 90.83 90.80 90.78 90.74 90.72 90.62 90.66 90.64 90.62 90.58 90.54 90.53 90.49 90.45 90.41 90.40 90.41 90.38 90.37 90.37 90.42 90.47 90.52 90.60 90.68 90.73 90.83 90.90 91.01 91.12 91.15 91.38 91.59 91.75 91.92 92.07 92.25 92.31 92.36 92.39 92.53 92.59 92.57 92.70 92.74 92.75 92.66 92.72 92.78 92.67 92.69 92.80 92.81 92.81 92.83 92.83 92.76 92.77 92.74 92.76 92.67 92.61 92.30 93.47 95.50 91.67 92.16 92.25 92.15 92.18 92.03 92.05 91.88 91.87 91.79 91.71 91.69 91.68 91.63 91.56 91.55 91.50 91.39 91.48 91.37 91.36 91.40 91.39 91.37 91.42 91.42 91.46 91.39 91.26 91.28 91.39 91.28 91.25 91.31 91.27 91.20 91.18 91.02 91.00 90.86 90.89 90.82 90.81 90.70 90.78 90.76 90.76 90.79 90.87 90.84 90.91 90.94 90.88 90.99 91.06 91.04 91.12 91.14 91.07 91.20 91.18 91.21 91.19 91.22 91.26 91.28 91.28 91.32 91.17 91.34 91.32 91.40 91.38 91.37 91.29 91.28 91.38 91.37 91.27 91.38 91.37 91.20 91.31 91.22 91.33 91.32 91.28 91.30 91.30 91.37 91.27 91.29 91.45 91.18
67°N ||     91.57 91.56 91.61 91.57 91.55 91.65 91.59 91.54 91.58 91.53 91.38 91.42 91.47 91.35 91.37 91.31 91.30 91.27 91.24 91.23 91.07 91.12 91.01 90.95 90.95 90.84 90.94 90.91 90.84 90.81 90.80 90.72 90.74 90.66 90.92 90.58 90.58 90.57 90.55 90.57 90.59 90.63 90.72 90.76 90.82 90.91 91.01 91.14 91.23 91.34 91.49 91.65 91.79 91.96 92.14 92.30 92.48 92.60 92.73 92.85 92.89 92.87 92.77 92.73 92.73 92.73 92.69 92.73 92.79 92.74 92.78 92.77 92.73 92.80 92.79 92.75 92.71 92.60 92.77 92.71 92.67 92.60 92.43 92.37 92.36 92.21 92.18 92.20 92.15 92.18 92.08 92.00 91.99 91.89 91.85 91.76 91.72 91.68 91.64 91.54 91.48 91.53 91.49 91.39 91.41 91.41 91.42 91.37 91.33 91.23 91.28 91.41 91.46 91.40 91.37 91.38 91.27 91.34 91.32 91.31 91.27 91.17 91.21 91.15 91.08 91.04 91.03 90.90 90.84 90.82 90.77 90.71 90.72 90.72 90.66 90.80 90.81 90.84 90.60 90.89 90.94 91.01 91.03 90.98 91.01 91.02 90.88 91.11 91.10 91.13 91.11 91.22 91.20 91.25 91.27 91.27 91.28 91.30 91.32 91.37 91.23 91.26 91.27 91.33 91.32 91.32 91.42 91.41 91.42 91.36 91.42 91.36 91.46 91.44 91.33 91.38 91.39 91.52 91.49 91.54
69°N ||     91.48 91.66 91.67 91.62 91.65 91.67 91.64 91.68 91.55 91.71 91.61 91.59 91.56 91.59 91.44 91.37 91.36 91.47 91.50 91.40 91.41 91.40 91.36 91.33 91.22 91.19 90.90 91.15 91.14 90.99 91.11 90.94 90.97 90.88 90.80 90.74 90.76 90.76 90.77 90.78 90.79 90.89 90.96 91.03 91.11 91.21 91.39 91.55 91.72 91.84 91.93 92.02 92.07 92.20 92.29 92.42 92.51 92.55 92.66 92.70 92.71 92.73 92.71 92.69 92.65 92.69 92.71 92.72 92.66 92.73 92.74 92.70 92.78 92.75 92.62 92.69 92.68 92.59 92.60 92.56 92.48 92.44 92.47 92.38 92.24 92.26 92.11 92.07 92.04 91.99 91.99 91.92 91.83 91.81 91.81 91.63 91.67 91.66 91.61 91.58 91.56 91.55 91.51 91.42 91.43 91.50 91.46 91.42 91.41 91.44 91.23 91.27 91.37 91.36 91.40 91.36 91.30 91.33 91.32 91.22 91.17 91.21 91.18 91.17 91.06 91.04 91.03 91.00 90.97 90.92 90.88 90.80 90.79 90.73 90.68 90.63 90.69 90.78 90.84 90.81 90.84 90.84 90.88 90.88 90.89 90.89 90.93 90.97 90.97 90.96 91.03 90.99 91.05 91.13 91.19 91.23 91.20 91.25 91.40 91.34 91.30 91.29 91.29 91.38 91.37 91.43 91.44 91.49 91.46 91.42 91.41 91.49 91.52 91.56 91.67 91.61 91.57 91.60 91.56 91.52
71°N ||     91.69 91.77 91.82 91.73 91.68 91.76 92.18 91.63 91.73 91.75 91.62 91.68 91.70 91.65 91.74 91.76 91.75 91.67 91.81 91.57 91.47 91.60 91.60 91.54 91.45 91.41 91.34 91.26 91.31 91.18 91.22 91.24 91.26 91.11 91.21 91.23 91.11 91.12 91.14 91.16 91.11 91.26 91.31 91.36 91.46 91.53 91.63 91.79 91.87 91.99 92.09 92.16 92.17 92.14 92.23 92.26 92.29 92.34 92.39 92.39 92.36 92.43 92.43 92.48 92.62 92.54 92.56 92.60 92.70 92.61 92.65 92.62 92.60 92.65 92.57 92.51 92.51 92.55 92.50 92.42 92.37 92.35 92.30 92.23 92.15 92.13 92.07 92.05 92.00 91.90 91.79 91.72 91.76 91.78 91.68 91.67 91.62 91.60 91.58 91.53 91.46 91.41 91.39 91.36 91.42 91.44 91.42 91.37 91.39 91.37 91.42 91.36 91.33 91.33 91.27 91.32 91.26 91.24 91.15 91.22 91.10 91.18 91.16 91.06 91.07 91.06 91.04 91.04 91.00 90.94 90.90 90.91 90.87 90.84 90.77 90.79 90.74 90.71 90.68 90.66 90.61 90.60 90.64 90.67 90.72 90.76 90.83 90.85 90.93 90.91 90.98 90.98 90.97 91.00 91.09 91.06 91.18 91.25 91.30 91.33 91.35 91.27 91.39 91.41 91.43 91.49 91.47 91.50 91.38 91.54 91.53 91.51 91.44 91.56 91.60 91.63 91.73 91.58 91.67 91.65
73°N ||     91.83 91.90 91.90 91.85 91.78 91.93 91.95 91.91 91.90 91.95 92.03 91.92 91.94 91.83 92.06 91.89 91.86 91.83 91.76 91.76 91.80 91.55 91.56 91.64 91.55 91.66 91.55 91.93 91.72 91.63 91.70 91.55 91.48 91.43 91.35 91.42 91.34 91.38 91.41 91.51 91.56 91.61 91.65 91.69 91.77 91.83 91.86 91.91 91.96 92.03 92.11 92.25 92.20 92.21 92.21 92.20 92.15 92.15 92.09 92.16 92.20 92.24 92.28 92.27 92.32 92.39 92.43 92.39 92.38 92.42 92.51 92.56 92.55 92.44 92.50 92.52 92.52 92.43 92.36 92.25 92.26 92.20 92.14 92.09 92.11 92.09 92.03 91.97 91.91 91.90 91.82 91.65 91.65 91.65 91.64 91.52 91.54 91.53 91.48 91.50 91.45 91.45 91.41 91.29 91.37 91.38 91.32 91.29 91.28 91.23 91.29 91.30 91.34 91.32 91.28 91.32 91.33 91.26 91.17 91.11 91.16 91.22 91.19 91.10 91.08 91.05 91.01 91.05 90.96 90.95 90.92 90.89 90.91 90.86 90.88 90.84 90.81 90.77 90.76 90.77 90.79 90.81 90.83 90.84 90.86 90.88 90.90 90.91 90.95 90.97 90.95 91.01 91.01 91.05 91.05 91.05 91.17 91.22 91.25 91.23 91.35 91.34 91.30 91.40 91.48 91.53 91.45 91.53 91.61 91.65 91.20 92.62 91.38 90.52 91.61 91.68 91.81 91.78 91.63 91.74
75°N ||     91.83 91.95 91.88 91.93 91.93 92.06 91.90 91.99 92.02 92.01 92.06 91.97 91.99 92.09 91.99 92.05 92.04 91.85 91.94 91.98 91.92 92.03 92.08 92.16 91.99 91.80 91.84 91.84 91.59 91.68 91.70 91.64 91.78 91.84 91.91 91.73 91.67 91.69 91.59 91.72 91.71 91.75 91.86 91.84 91.84 91.78 91.87 91.92 91.96 92.07 92.13 92.14 92.14 92.16 92.17 92.29 92.14 92.13 92.16 92.18 92.26 92.31 92.35 92.35 92.35 92.32 92.28 92.30 92.35 92.26 92.38 92.38 92.38 92.38 92.35 92.39 92.32 92.31 92.20 92.22 92.14 92.13 92.05 92.20 92.00 91.92 91.86 91.81 91.79 91.79 91.72 91.69 91.65 91.59 91.60 91.56 91.65 91.47 91.43 91.40 91.38 91.37 91.36 91.31 91.33 91.34 91.35 91.31 91.25 91.31 91.27 91.24 91.29 91.29 91.27 91.25 91.22 91.25 91.17 91.17 91.16 91.14 91.08 91.18 91.17 91.14 91.05 91.03 91.03 90.96 91.02 90.99 91.00 90.97 90.90 90.92 90.89 90.89 90.88 90.88 90.86 90.92 90.93 90.82 90.89 90.93 90.97 90.98 90.94 90.94 90.98 91.02 91.05 91.06 91.10 91.10 91.13 91.21 91.25 91.30 91.30 91.37 91.38 91.45 91.48 91.47 91.48 91.52 91.57 91.62 91.62 91.68 91.63 91.86 91.88 91.91 91.92 91.91 91.87 91.79
77°N ||     92.05 91.91 91.66 91.54 91.70 92.00 91.89 91.49 91.52 91.94 92.05 92.05 92.08 92.04 92.03 91.84 91.57 91.62 91.49 91.83 91.62 91.73 92.18 92.48 92.02 91.83 91.82 91.96 91.89 91.87 91.86 91.87 91.92 91.82 91.50 91.80 91.70 91.79 91.75 91.72 91.89 91.85 91.77 91.77 91.86 91.94 91.97 92.01 92.05 92.08 92.10 92.14 91.99 92.20 92.23 92.27 92.30 92.30 92.30 92.30 92.34 91.65 91.67 92.07 92.21 92.18 92.17 92.20 92.12 92.12 92.18 92.21 92.20 92.21 92.16 92.17 92.14 92.15 92.18 92.16 92.10 91.99 91.97 91.94 91.92 91.86 91.73 91.71 91.79 91.74 91.74 91.69 91.62 91.52 91.51 91.54 91.54 91.52 91.47 91.43 91.42 91.41 91.37 91.44 91.36 91.34 91.34 91.32 91.32 91.31 91.31 91.29 91.25 91.19 91.19 91.18 91.23 91.16 91.16 91.08 91.12 91.15 91.16 91.17 91.16 91.18 91.14 91.12 91.09 91.05 91.08 91.03 91.00 90.94 90.70 90.89 90.97 90.98 91.01 90.99 90.95 90.95 90.96 90.95 90.96 90.94 90.99 90.96 90.99 90.94 91.00 91.05 91.04 91.08 91.13 91.15 91.18 91.20 91.17 91.23 91.26 91.32 91.41 91.46 91.48 91.49 91.53 91.61 91.62 91.58 91.66 91.60 91.65 91.73 91.70 91.91 92.02 91.99 91.91 91.99
79°N ||     91.75 91.62 91.62 91.73 91.75 91.70 91.66 91.66 91.69 91.67 91.69 91.53 91.78 91.73 91.76 91.85 91.85 91.89 91.89 91.83 91.81 91.93 91.90 91.94 91.99 92.03 91.94 91.71 91.78 91.67 91.73 91.77 91.81 91.82 91.77 91.84 91.80 91.89 91.88 91.87 91.88 91.91 91.91 91.86 91.80 91.82 91.86 91.90 91.93 92.01 92.09 92.04 92.08 92.12 92.16 92.17 92.13 92.19 92.26 92.25 92.30 92.32 92.31 92.33 92.27 92.27 92.34 92.28 92.18 92.13 92.06 92.03 91.95 91.98 91.99 91.82 91.78 91.82 91.92 91.93 91.82 91.88 91.71 91.26 91.52 91.83 90.78 90.97 91.56 90.41 90.77 91.24 90.97 90.62 91.11 90.47 90.61 91.18 90.95 90.66 90.77 90.83 90.94 91.28 91.31 91.24 91.29 91.30 91.32 91.29 91.28 91.27 91.26 91.25 91.20 91.22 91.20 91.20 91.18 91.00 91.50 90.98 91.14 91.12 91.10 91.13 91.10 91.08 91.09 91.10 91.10 91.11 91.09 91.10 91.09 91.09 91.11 91.11 91.07 91.08 91.06 91.03 90.97 90.99 91.00 90.93 90.85 90.86 90.91 90.96 90.99 90.96 91.05 91.09 91.10 91.17 91.14 91.21 91.19 91.20 91.24 91.31 91.34 91.42 91.43 91.49 91.46 91.46 91.50 91.62 91.61 91.64 91.65 91.70 91.72 91.67 91.66 91.80 91.80 91.78
81°N ||     90.89 90.90 90.93 90.98 90.93 90.93 90.96 90.95 90.96 90.98 91.00 91.02 91.04 91.07 91.10 91.12 91.13 91.16 91.16 91.18 91.19 91.21 91.24 91.28 91.31 91.37 91.46 91.56 91.55 91.63 91.71 91.62 91.63 91.81 91.33 91.33 91.15 91.40 90.86 90.98 91.19 91.28 91.69 91.70 91.72 91.79 91.87 91.83 91.64 91.60 91.11 91.07 90.91 91.09 91.57 91.23 91.20 91.18 91.16 91.25 91.81 91.62 91.69 91.69 91.76 91.82 91.92 91.57 91.41 91.15 91.15 91.19 90.74 90.96 90.79 90.53 90.36 90.51 90.34 90.16 90.15 89.94 89.98 89.89 89.89 89.95 89.82 89.81 89.82 89.78 89.81 89.87 89.75 89.75 89.89 89.78 89.79 89.72 89.72 89.73 89.88 89.91 89.90 89.90 89.96 90.02 89.81 90.40 90.40 90.92 90.87 90.38 90.57 91.11 90.82 90.90 90.67 90.77 91.00 90.51 90.55 90.47 90.55 90.58 90.80 91.10 90.66 90.74 90.75 90.74 90.80 90.77 90.78 90.80 90.82 90.84 90.92 91.01 91.10 91.10 91.10 91.10 91.11 91.08 91.10 91.05 91.06 91.08 91.10 91.15 91.15 91.18 91.19 91.21 91.21 91.20 91.20 91.23 91.25 91.21 91.22 91.24 91.27 91.28 91.27 91.27 91.24 91.22 91.21 91.13 91.06 91.07 91.06 91.05 91.04 90.99 90.95 90.90 90.90 90.89
83°N ||     90.56 90.57 90.57 90.57 90.57 90.56 90.57 90.58 90.59 90.61 90.63 90.66 90.67 90.69 90.71 90.75 90.78 90.79 90.86 90.86 90.89 90.90 90.90 90.90 90.89 90.84 90.97 90.94 90.91 90.41 90.32 90.15 90.36 90.45 90.19 90.35 90.12 90.14 90.17 90.12 90.00 90.11 89.95 89.88 89.89 89.97 89.95 89.93 89.99 90.04 90.13 90.24 90.43 90.51 90.19 90.27 90.12 90.02 90.01 90.13 90.03 90.57 90.50 91.18 91.34 91.51 91.66 91.76 91.74 91.42 91.17 90.86 90.61 90.44 90.36 90.20 90.11 90.03 89.97 89.95 89.93 89.89 89.87 89.85 89.83 89.80 89.79 89.77 89.76 89.76 89.76 89.75 89.75 89.74 89.73 89.72 89.71 89.70 89.69 89.69 89.68 89.67 89.66 89.66 89.65 89.64 89.64 89.64 89.64 89.68 89.74 89.82 89.80 89.83 89.76 89.82 89.93 89.97 89.88 89.83 89.80 89.82 89.94 89.85 89.88 89.83 89.87 89.89 89.85 89.88 89.81 89.83 89.88 89.97 89.93 89.94 89.98 89.87 89.91 89.92 90.01 90.26 90.31 90.39 90.73 90.69 90.95 91.11 91.14 91.11 91.08 91.06 91.06 91.07 91.12 91.14 91.12 91.11 91.05 91.02 91.00 90.99 90.96 90.94 90.91 90.88 90.85 90.82 90.80 90.78 90.75 90.74 90.71 90.69 90.68 90.66 90.62 90.60 90.58 90.57
85°N ||     90.76 90.64 90.74 90.87 90.94 91.15 90.22 90.12 90.32 90.45 89.97 90.18 90.07 89.97 90.16 90.26 89.82 89.74 89.73 89.74 89.74 89.83 90.12 89.91 89.98 90.05 90.23 90.10 90.10 90.22 90.23 89.69 89.71 89.85 89.72 89.68 89.68 89.68 89.68 89.69 89.69 89.73 89.70 89.68 89.69 89.67 89.65 89.65 89.65 89.70 89.70 89.69 89.71 89.79 89.78 89.74 89.74 89.76 89.78 89.82 89.84 89.79 89.84 89.80 89.78 89.78 89.91 89.91 90.19 90.35 90.46 90.62 90.43 90.41 90.41 90.55 90.69 90.87 90.93 90.93 90.96 90.94 90.60 90.32 90.11 90.07 90.10 90.15 90.23 90.41 90.80 90.84 89.84 89.76 89.76 89.79 89.77 89.75 89.71 89.68 89.67 89.70 89.67 89.65 89.65 89.64 89.63 89.62 89.62 89.61 89.61 89.61 89.61 89.62 89.62 89.63 89.63 89.64 89.64 89.64 89.64 89.65 89.65 89.65 89.64 89.64 89.64 89.64 89.65 89.64 89.64 89.64 89.64 89.64 89.65 89.65 89.68 89.68 89.67 89.74 89.66 89.66 89.66 89.79 89.80 89.81 89.85 89.98 89.85 89.78 89.83 89.78 89.90 89.96 90.12 90.26 89.94 90.08 90.19 90.26 90.22 90.11 90.18 90.45 90.35 90.41 90.56 90.89 90.68 90.96 90.73 90.55 90.45 90.34 90.46 90.63 90.74 90.49 90.51 90.56
87°N ||     89.57 89.60 89.59 89.60 89.62 89.60 89.60 89.59 89.55 89.54 89.54 89.54 89.56 89.57 89.55 89.53 89.53 89.53 89.53 89.52 89.53 89.55 89.55 89.50 89.50 89.50 89.51 89.52 89.53 89.53 89.54 89.51 89.49 89.50 89.49 89.46 89.45 89.45 89.44 89.45 89.47 89.46 89.48 89.48 89.46 89.43 89.42 89.42 89.43 89.44 89.44 89.44 89.45 89.45 89.48 89.51 89.51 89.53 89.54 89.54 89.53 89.51 89.51 89.51 89.50 89.50 89.50 89.50 89.51 89.52 89.57 89.67 89.69 89.65 89.64 89.62 89.65 89.63 89.62 89.64 89.61 89.59 89.58 89.58 89.60 89.58 89.59 89.63 89.60 89.62 89.58 89.56 89.57 89.55 89.53 89.53 89.54 89.54 89.55 89.55 89.53 89.51 89.51 89.53 89.53 89.50 89.49 89.49 89.48 89.47 89.47 89.48 89.47 89.47 89.47 89.48 89.48 89.49 89.49 89.53 89.47 89.48 89.49 89.50 89.53 89.55 89.51 89.50 89.52 89.52 89.54 89.52 89.47 89.47 89.47 89.47 89.47 89.48 89.51 89.51 89.51 89.52 89.53 89.52 89.53 89.53 89.54 89.53 89.51 89.49 89.51 89.49 89.52 89.50 89.47 89.47 89.48 89.56 89.53 89.55 89.52 89.58 89.58 89.61 89.61 89.61 89.59 89.58 89.59 89.59 89.58 89.61 89.63 89.62 89.62 89.63 89.61 89.62 89.64 89.60
89°N ||     89.37 89.36 89.37 89.37 89.38 89.34 89.34 89.32 89.32 89.32 89.32 89.31 89.31 89.31 89.31 89.31 89.31 89.30 89.30 89.30 89.30 89.30 89.31 89.30 89.30 89.30 89.30 89.29 89.28 89.27 89.26 89.26 89.26 89.25 89.25 89.24 89.24 89.24 89.24 89.23 89.23 89.23 89.23 89.23 89.23 89.23 89.23 89.23 89.23 89.23 89.24 89.24 89.25 89.26 89.27 89.28 89.28 89.29 89.30 89.30 89.29 89.30 89.30 89.31 89.31 89.32 89.32 89.32 89.32 89.33 89.33 89.33 89.34 89.34 89.35 89.35 89.35 89.36 89.37 89.37 89.37 89.36 89.37 89.37 89.37 89.37 89.37 89.37 89.37 89.37 89.37 89.38 89.39 89.39 89.38 89.37 89.36 89.37 89.39 89.40 89.39 89.37 89.36 89.36 89.36 89.35 89.35 89.34 89.34 89.33 89.33 89.33 89.32 89.32 89.32 89.31 89.31 89.31 89.31 89.31 89.31 89.31 89.31 89.31 89.31 89.31 89.31 89.30 89.30 89.29 89.29 89.29 89.29 89.29 89.28 89.27 89.27 89.26 89.25 89.25 89.25 89.25 89.25 89.25 89.25 89.24 89.25 89.25 89.25 89.25 89.26 89.26 89.27 89.27 89.28 89.29 89.30 89.31 89.30 89.29 89.29 89.29 89.30 89.30 89.29 89.30 89.30 89.30 89.31 89.31 89.32 89.32 89.33 89.33 89.34 89.34 89.35 89.35 89.35 89.36
