Mars Surface Radiation Result (absorbed dose in thin silicon slab) (1E-6 Gy/day).

The first row gives the longitude
The first column for each row (starting from the 2nd row) gives the latitude
The rest values of each row gives the dose rate at different longitudes (given in the first row)

179°W  177°W  175°W  173°W  171°W  169°W  167°W  165°W  163°W  161°W  159°W  157°W  155°W  153°W  151°W  149°W  147°W  145°W  143°W  141°W  139°W  137°W  135°W  133°W  131°W  129°W  127°W  125°W  123°W  121°W  119°W  117°W  115°W  113°W  111°W  109°W  107°W  105°W  103°W  101°W  99°W  97°W  95°W  93°W  91°W  89°W  87°W  85°W  83°W  81°W  79°W  77°W  75°W  73°W  71°W  69°W  67°W  65°W  63°W  61°W  59°W  57°W  55°W  53°W  51°W  49°W  47°W  45°W  43°W  41°W  39°W  37°W  35°W  33°W  31°W  29°W  27°W  25°W  23°W  21°W  19°W  17°W  15°W  13°W  11°W  9°W  7°W  5°W  3°W  1°W  1°E  3°E  5°E  7°E  9°E  11°E  13°E  15°E  17°E  19°E  21°E  23°E  25°E  27°E  29°E  31°E  33°E  35°E  37°E  39°E  41°E  43°E  45°E  47°E  49°E  51°E  53°E  55°E  57°E  59°E  61°E  63°E  65°E  67°E  69°E  71°E  73°E  75°E  77°E  79°E  81°E  83°E  85°E  87°E  89°E  91°E  93°E  95°E  97°E  99°E  101°E  103°E  105°E  107°E  109°E  111°E  113°E  115°E  117°E  119°E  121°E  123°E  125°E  127°E  129°E  131°E  133°E  135°E  137°E  139°E  141°E  143°E  145°E  147°E  149°E  151°E  153°E  155°E  157°E  159°E  161°E  163°E  165°E  167°E  169°E  171°E  173°E  175°E  177°E  179°E  
--------------------------------------------------------------------------------------------------------------
89°S ||     88.51 88.55 88.60 88.62 88.62 88.61 88.60 88.62 88.65 88.69 88.84 88.90 88.87 88.93 89.13 89.23 89.28 89.35 89.37 89.25 89.19 89.34 89.36 89.31 89.26 89.23 89.17 89.19 89.27 89.24 89.33 89.45 89.39 89.32 89.42 89.34 89.25 89.19 89.10 89.04 88.99 88.92 88.86 88.83 88.81 88.82 88.81 88.82 88.81 88.80 88.77 88.77 88.74 88.73 88.73 88.73 88.65 88.63 88.61 88.61 88.59 88.57 88.57 88.54 88.55 88.58 88.59 88.48 88.43 88.44 88.38 88.36 88.36 88.36 88.32 88.30 88.28 88.27 88.26 88.27 88.25 88.27 88.27 88.26 88.27 88.28 88.28 88.27 88.26 88.27 88.28 88.31 88.32 88.33 88.33 88.34 88.33 88.34 88.35 88.34 88.32 88.32 88.31 88.30 88.31 88.32 88.33 88.34 88.34 88.35 88.36 88.34 88.31 88.33 88.38 88.41 88.40 88.39 88.40 88.42 88.44 88.45 88.46 88.48 88.52 88.55 88.55 88.57 88.60 88.62 88.63 88.64 88.65 88.66 88.67 88.70 88.70 88.70 88.70 88.70 88.66 88.67 88.64 88.61 88.63 88.62 88.62 88.59 88.56 88.53 88.52 88.51 88.51 88.47 88.44 88.43 88.41 88.40 88.39 88.40 88.39 88.38 88.38 88.36 88.35 88.35 88.36 88.37 88.38 88.39 88.41 88.43 88.43 88.44 88.45 88.47 88.48 88.49 88.49 88.51
87°S ||     90.47 90.56 90.59 90.73 90.70 90.77 90.66 90.65 90.62 90.52 90.51 90.50 90.39 90.26 90.20 90.19 90.21 90.22 90.21 90.16 90.16 90.21 90.35 90.39 90.36 90.30 90.31 90.20 90.28 90.11 90.37 90.39 90.22 90.20 90.19 90.19 90.16 90.12 90.15 90.13 90.08 90.13 90.09 90.06 90.03 90.01 90.00 89.94 89.89 89.84 89.69 89.86 89.66 89.39 89.42 89.36 89.24 89.11 89.05 89.03 89.20 88.70 88.78 88.53 88.46 88.44 88.39 88.36 88.34 88.31 88.25 88.20 88.26 88.24 87.99 87.93 87.86 87.78 87.75 87.90 87.62 87.44 87.43 87.34 87.32 87.33 87.35 87.38 87.41 87.43 87.46 87.47 87.48 87.48 87.48 87.88 87.78 87.95 87.82 88.02 88.01 88.02 88.10 88.11 88.15 88.23 88.30 88.45 88.54 88.60 88.45 88.44 88.48 88.50 88.52 88.52 88.57 88.61 88.68 88.68 88.75 88.81 88.82 88.87 88.94 88.93 88.94 89.01 89.09 89.07 89.14 89.15 89.17 89.23 89.36 89.50 89.59 89.75 89.67 89.48 89.33 89.29 89.26 89.23 89.18 89.19 89.14 88.88 88.84 88.82 88.82 88.84 88.88 88.87 88.86 88.87 88.93 89.04 89.13 89.13 89.21 89.28 89.37 89.40 89.53 89.63 89.74 89.79 89.95 90.00 90.19 90.20 90.22 90.21 90.30 90.18 89.90 90.04 90.45 90.69
85°S ||     89.85 89.87 89.89 89.90 89.91 89.90 89.92 89.97 89.97 89.96 89.96 89.96 89.98 90.06 89.98 89.91 89.92 90.04 90.03 90.03 90.03 90.04 90.08 90.09 90.07 90.07 90.11 90.22 90.29 90.45 90.81 90.85 90.82 90.82 90.86 90.69 90.91 90.79 90.73 90.66 90.91 91.22 91.16 91.18 90.94 90.90 90.79 90.67 90.58 90.48 90.51 90.39 90.37 90.34 90.60 90.69 90.39 90.20 90.26 90.65 90.47 89.52 89.39 89.43 89.55 89.63 89.47 89.57 89.55 89.14 89.28 89.16 88.87 88.80 88.85 88.59 88.91 89.18 89.46 89.11 88.94 88.86 88.93 88.94 89.03 88.89 88.82 88.68 88.67 88.79 88.68 88.70 88.81 88.79 88.79 88.80 88.82 88.87 88.90 89.01 88.97 89.09 89.40 89.70 89.62 89.57 89.54 89.56 89.52 89.58 89.68 89.74 89.79 89.87 89.63 89.69 89.81 89.84 89.76 89.67 89.66 89.69 89.73 89.83 89.95 90.04 90.04 89.97 89.97 89.91 89.86 89.82 89.78 89.79 89.82 89.93 90.53 91.78 92.24 91.94 91.22 90.90 90.77 90.82 90.32 90.07 89.96 89.83 89.89 89.96 89.84 89.86 89.92 90.08 90.25 90.32 90.35 90.37 90.33 90.33 90.31 90.14 89.98 89.90 89.87 89.97 90.05 90.14 90.29 90.49 90.22 90.29 90.25 90.20 90.12 90.07 90.03 90.02 89.90 89.85
83°S ||     89.97 89.99 90.01 90.03 90.04 90.04 90.06 90.07 90.09 90.11 90.14 90.16 90.19 90.22 90.20 90.21 90.23 90.26 90.30 90.32 90.35 90.39 90.43 90.47 90.52 90.58 90.63 90.70 90.81 90.95 90.87 90.69 90.66 90.60 90.72 90.84 90.83 90.78 90.85 90.92 90.64 90.64 90.66 90.68 90.70 90.74 90.71 91.28 91.40 91.49 91.38 91.40 91.31 91.31 91.34 91.30 91.23 91.56 91.66 91.66 91.13 91.51 91.40 91.27 91.65 91.31 91.33 91.30 91.76 91.36 91.71 92.00 92.22 92.24 92.05 91.86 91.90 91.88 91.87 91.99 91.95 91.91 91.71 91.75 91.77 91.67 91.59 91.56 91.63 91.61 91.31 91.30 91.42 91.86 91.34 91.25 91.13 91.08 91.11 90.95 91.19 90.60 90.78 90.49 90.93 91.21 91.28 91.00 90.87 90.90 90.96 91.11 91.40 91.50 91.60 91.57 91.09 91.11 91.03 91.02 90.93 90.93 90.57 90.48 90.55 90.61 90.61 90.45 90.44 90.60 90.52 90.53 90.72 90.73 90.96 91.62 92.56 92.46 92.49 92.47 92.49 91.12 90.99 91.05 91.01 91.16 91.11 91.02 91.00 90.99 90.93 90.79 90.67 90.61 90.56 90.40 90.33 90.38 90.72 91.12 91.68 92.01 91.51 90.89 90.06 90.06 89.74 89.66 89.64 89.62 89.74 89.98 90.54 90.54 90.23 90.00 89.91 89.88 89.91 89.94
81°S ||     90.33 90.40 90.40 90.57 90.28 90.36 90.41 90.46 90.52 90.58 90.65 90.73 90.91 90.95 90.71 90.69 90.73 90.78 90.84 90.90 90.95 91.00 91.02 91.06 91.10 91.16 91.23 91.27 91.29 91.33 91.38 91.57 91.52 91.55 91.69 91.63 91.37 91.42 91.39 91.42 91.63 91.45 91.09 91.15 90.97 90.82 90.89 91.09 91.15 91.02 91.20 91.09 91.35 92.36 91.98 92.23 92.56 91.98 92.53 92.41 92.01 92.16 92.25 92.21 92.21 92.15 92.22 92.23 92.13 92.03 92.16 91.96 91.74 91.77 91.80 91.83 91.76 91.76 91.73 91.77 92.29 91.66 91.47 91.41 91.38 91.41 91.39 91.41 91.38 91.37 91.35 91.38 91.26 91.06 90.83 90.51 89.81 89.09 89.95 90.09 90.61 90.98 90.92 91.05 91.40 91.64 91.80 92.08 92.04 91.90 91.63 92.00 92.14 92.30 92.28 92.38 92.42 92.52 92.49 92.48 92.45 92.50 92.42 92.33 92.31 92.37 91.87 91.91 92.00 92.09 92.16 92.44 92.51 92.63 92.68 92.65 92.61 91.83 90.85 90.62 90.57 90.52 90.50 90.71 90.81 90.84 90.76 90.94 91.05 91.16 91.32 91.42 91.55 91.29 91.42 91.70 91.88 91.49 91.32 91.37 91.95 91.71 91.36 91.36 91.52 91.46 91.97 91.21 90.34 89.98 89.99 90.17 90.35 90.64 90.99 90.23 90.37 90.37 90.16 90.22
79°S ||     90.71 90.77 90.78 90.91 90.88 90.83 90.84 90.88 90.90 91.12 90.97 91.07 91.13 91.16 91.26 91.39 91.26 91.50 91.16 91.46 91.32 91.36 91.32 91.87 92.39 91.17 91.69 92.27 92.02 92.14 92.06 92.06 92.03 92.05 92.10 92.13 92.13 92.11 91.99 91.95 91.96 91.68 92.41 92.55 91.40 91.63 91.61 91.45 91.40 91.75 92.04 91.67 92.53 92.28 92.35 92.62 92.94 91.43 92.21 91.59 92.49 92.19 91.45 91.98 92.00 92.38 92.42 92.34 92.31 92.26 92.21 92.24 92.22 92.24 92.20 92.16 92.20 92.25 92.21 91.95 92.07 92.27 91.94 91.90 91.93 92.18 91.77 91.99 91.80 91.83 91.90 91.76 91.70 91.36 90.47 90.47 90.02 90.54 91.14 91.47 91.38 91.69 91.74 91.83 91.92 92.18 91.96 92.11 91.81 92.14 91.62 91.97 91.77 91.77 91.36 91.24 92.10 92.30 92.64 92.70 92.76 92.74 92.77 92.74 92.80 92.75 92.70 92.76 92.73 92.78 92.70 92.67 92.78 92.75 92.75 92.76 92.84 92.86 92.78 92.78 92.78 92.84 92.43 91.95 92.21 91.54 90.96 90.97 90.98 90.87 90.94 91.07 91.55 92.96 92.76 91.65 91.42 92.08 90.71 90.76 91.48 90.84 90.51 90.35 90.28 90.40 90.25 90.73 90.45 90.41 90.42 90.50 90.65 90.32 90.23 90.37 90.49 90.60 90.61 90.63
77°S ||     91.64 91.31 91.23 91.19 91.09 91.41 91.36 91.76 91.70 91.75 91.71 91.73 92.13 91.90 91.84 91.90 92.01 91.99 92.14 91.98 91.91 91.96 91.89 92.01 91.93 92.08 92.31 92.40 92.21 92.34 92.30 92.33 92.34 92.33 92.32 92.34 92.29 92.32 92.30 92.30 92.28 92.31 92.22 92.05 91.97 91.72 91.13 91.94 91.02 91.33 92.25 92.01 91.81 91.19 91.36 91.62 91.83 91.79 91.95 91.90 92.24 92.47 92.26 92.34 92.56 92.60 92.56 92.61 92.61 92.57 92.53 92.51 92.45 92.47 92.43 92.43 92.39 92.27 92.03 92.06 91.98 91.82 91.75 91.57 91.85 92.07 91.91 91.95 91.72 91.86 91.89 91.82 91.42 91.25 91.10 90.90 90.37 89.94 91.20 92.52 92.96 93.17 93.17 91.75 92.06 91.90 91.94 92.15 91.84 92.23 91.91 91.86 91.80 92.32 92.76 92.53 91.86 91.69 91.20 90.93 90.80 90.37 90.20 90.83 91.57 92.14 92.48 92.45 92.32 92.07 91.39 92.16 92.37 91.52 92.20 92.45 92.82 92.71 92.42 92.29 91.89 91.90 91.63 92.19 92.93 92.87 92.68 92.53 91.72 91.76 91.84 90.94 91.74 92.12 92.13 91.16 90.76 90.88 90.63 90.68 90.80 90.61 90.60 90.90 90.75 90.69 90.85 90.97 91.03 91.00 90.89 91.00 91.25 90.88 90.90 90.98 91.21 91.40 91.51 91.30
75°S ||     91.90 92.02 91.74 91.91 91.70 91.69 91.82 92.64 92.08 91.97 93.08 93.44 92.20 92.38 92.39 92.53 92.27 92.40 92.40 92.18 92.18 92.45 92.45 92.63 92.45 92.53 92.58 92.61 92.57 92.53 92.53 92.51 92.55 92.51 92.00 92.42 92.43 92.40 92.37 92.36 92.30 92.24 92.25 92.26 92.31 92.37 92.28 92.18 91.96 91.83 91.96 91.36 91.18 91.59 92.20 92.30 92.21 92.60 92.78 92.81 92.85 92.83 92.77 92.71 92.68 92.67 92.63 92.38 92.61 92.48 92.33 92.16 92.13 91.95 91.89 91.97 91.86 92.07 91.87 91.91 91.99 92.04 92.15 91.93 92.33 92.05 92.04 92.23 92.03 92.03 91.93 91.59 91.45 91.80 91.96 91.98 91.98 91.99 92.07 91.92 91.73 91.86 91.86 91.80 92.14 92.20 92.21 92.02 91.99 91.87 91.78 91.59 91.09 91.36 91.51 90.90 91.33 91.16 90.90 91.08 90.79 90.70 91.51 91.91 91.73 91.71 92.98 91.23 91.42 91.42 91.55 92.13 91.99 91.83 91.75 91.54 91.92 90.81 90.42 89.99 89.90 90.55 93.11 92.92 93.07 91.64 92.42 91.71 92.61 92.99 92.81 92.73 92.64 92.68 92.83 91.55 90.39 90.36 90.34 90.36 90.33 90.51 91.27 91.14 91.35 90.65 90.73 90.94 91.02 91.01 91.09 91.09 91.13 91.41 91.42 91.51 91.67 91.62 91.68 91.75
73°S ||     93.21 91.88 92.64 92.62 92.49 92.13 92.99 92.63 92.66 92.64 92.13 91.74 92.92 92.11 92.47 92.68 92.62 92.60 92.51 92.35 92.17 91.76 92.96 91.53 91.80 92.79 92.49 92.46 92.49 92.55 92.58 92.58 92.68 92.26 92.19 91.80 92.05 92.48 92.34 92.41 92.40 92.44 92.33 92.39 92.43 92.42 92.43 92.14 92.83 93.90 93.89 94.07 94.00 92.15 92.76 92.76 92.96 93.02 93.04 93.06 93.07 93.04 92.97 92.86 92.90 92.44 92.61 92.84 92.87 92.87 92.81 92.50 92.25 92.41 92.25 92.12 92.03 92.17 92.43 92.00 92.01 92.01 92.06 92.43 92.23 92.53 92.69 92.63 92.50 92.56 92.15 92.11 91.69 92.13 92.11 92.23 92.44 92.46 92.45 92.42 92.46 92.47 92.58 92.51 92.41 92.32 92.50 91.96 91.89 91.71 91.19 90.78 91.08 91.60 92.11 91.75 91.98 91.83 91.95 91.51 91.67 91.20 90.96 90.88 91.27 91.24 91.61 91.62 91.92 91.87 91.83 91.98 92.04 92.18 92.31 92.34 92.33 92.50 92.10 91.68 92.17 90.54 90.70 91.42 91.54 91.62 91.71 92.03 92.88 92.49 92.21 91.24 92.17 92.70 93.08 93.27 92.57 91.38 90.38 90.87 90.59 90.95 91.53 91.64 90.83 91.16 91.68 91.85 91.67 92.11 93.06 92.76 92.29 92.12 92.14 92.08 92.28 92.06 92.12 93.09
71°S ||     93.00 93.05 93.17 93.24 93.33 93.53 93.70 93.61 93.63 93.66 93.67 92.87 92.11 91.78 91.05 91.06 91.83 92.00 93.26 92.25 92.32 92.12 91.89 91.98 94.10 92.67 92.64 92.67 92.53 92.27 92.38 92.26 92.24 92.47 92.36 92.31 92.22 92.58 92.39 92.41 92.56 92.36 92.53 92.41 92.47 92.51 92.17 91.95 92.02 93.10 93.91 93.73 94.12 91.90 92.93 93.09 93.15 93.22 93.13 93.15 93.24 92.85 92.70 92.84 92.98 93.07 93.14 92.90 92.92 91.87 92.22 92.47 92.29 92.50 92.15 92.40 92.22 91.68 91.45 91.30 91.18 92.31 92.24 92.21 92.44 92.45 92.62 92.38 92.70 92.50 93.12 92.98 92.48 92.59 92.58 92.39 92.30 91.58 92.27 92.60 92.77 92.44 92.50 92.51 92.48 92.54 92.13 91.15 91.50 91.86 91.89 92.01 92.01 92.21 92.23 92.11 92.41 92.18 92.33 92.42 92.31 92.56 92.59 92.34 92.57 92.11 91.35 91.58 93.05 93.06 91.86 92.12 91.92 90.67 91.62 91.86 91.98 91.48 91.09 91.48 91.98 91.26 92.25 92.39 92.72 92.75 92.71 92.35 92.36 92.59 92.94 92.82 93.11 92.87 93.85 94.09 94.00 93.57 93.12 92.81 93.13 92.91 92.65 93.07 93.30 93.22 93.21 93.00 92.83 93.43 92.89 93.27 93.14 93.19 92.54 92.54 92.61 92.73 92.29 92.95
69°S ||     92.30 92.40 92.82 93.12 92.59 94.29 94.07 93.65 93.84 93.80 93.75 93.50 92.77 92.92 92.44 92.69 91.34 91.56 92.04 92.57 93.00 92.71 92.40 92.28 92.09 92.88 92.56 92.76 92.31 93.03 91.91 92.01 91.89 92.20 92.23 92.32 92.62 92.64 92.76 92.76 92.85 92.75 92.71 92.78 92.79 93.51 92.54 92.90 92.91 92.87 92.92 93.07 93.08 93.21 93.23 93.14 93.18 93.21 92.95 92.95 92.71 93.17 93.12 93.31 93.14 92.87 92.14 92.16 92.21 92.20 92.17 92.37 92.33 92.57 92.70 92.98 92.80 92.11 91.50 91.82 91.98 92.54 92.56 92.05 92.00 91.73 91.81 91.75 92.06 92.39 92.42 92.57 91.55 92.62 92.73 92.63 92.81 92.81 92.78 92.85 92.79 92.75 92.84 92.73 92.45 92.09 91.24 92.56 92.78 92.64 92.42 92.19 92.32 92.17 92.34 91.75 91.67 92.32 92.78 93.02 93.25 93.06 93.10 93.20 93.18 93.05 92.56 92.01 91.65 91.75 92.41 92.29 92.28 92.31 93.43 92.09 90.62 91.05 91.23 91.38 91.60 91.56 91.09 91.23 91.83 92.38 92.53 92.22 92.82 92.92 92.91 93.02 92.42 90.44 92.89 93.88 93.68 91.15 93.91 93.78 93.70 93.42 93.34 93.23 92.91 92.57 92.28 92.40 91.52 91.22 92.36 93.12 93.04 92.81 92.62 92.40 92.25 92.14 92.44 92.46
67°S ||     94.08 92.29 92.00 92.87 92.88 92.97 92.99 93.71 93.71 93.85 93.91 93.91 93.72 93.57 93.14 92.80 92.45 91.94 91.85 91.55 91.53 91.21 91.59 91.61 92.03 91.96 91.82 91.74 92.38 91.48 91.51 91.57 92.22 93.97 92.03 92.28 92.27 93.18 92.71 92.76 92.88 92.86 92.81 92.83 92.84 92.90 92.85 92.97 92.98 92.90 92.94 93.05 93.10 93.09 92.99 93.18 93.36 93.19 93.28 93.17 92.50 92.95 93.23 93.22 92.93 92.69 94.69 94.67 94.17 92.20 92.43 92.53 92.59 92.82 93.01 92.56 92.18 91.57 91.64 91.26 91.63 91.68 92.18 92.08 92.46 92.31 92.45 92.47 92.44 92.44 92.49 92.69 92.59 92.77 92.70 92.86 92.72 92.66 92.70 92.48 92.52 91.69 91.47 91.51 91.11 91.72 93.24 93.84 93.73 93.19 93.07 92.55 92.60 92.18 92.37 92.22 92.66 92.83 93.16 93.18 93.14 93.11 93.19 93.16 93.05 93.35 93.32 93.49 93.51 92.96 92.14 91.44 92.17 92.42 91.53 91.33 91.20 90.76 91.43 90.57 90.86 91.29 91.28 92.39 92.01 91.94 91.36 91.75 92.29 92.69 93.06 93.23 92.87 93.10 93.27 93.34 93.40 93.37 92.97 93.18 93.13 93.23 93.01 92.74 93.06 92.98 92.99 92.97 92.89 92.38 93.18 92.89 92.82 92.59 92.01 92.68 91.79 91.76 91.90 92.54
65°S ||     92.47 92.01 91.64 92.16 92.18 93.22 93.33 93.82 93.71 93.78 93.76 93.90 93.92 93.93 93.81 93.60 93.44 93.37 93.27 92.90 92.30 92.15 92.23 91.96 92.39 92.27 91.88 92.82 92.64 91.97 91.71 92.08 91.80 92.08 92.30 92.44 92.46 92.53 92.56 92.82 92.84 92.96 93.00 93.00 93.11 93.14 93.10 93.07 93.09 93.08 92.95 92.83 92.70 92.81 92.95 93.13 93.13 93.15 93.00 91.94 93.24 93.36 93.56 93.79 92.94 93.35 93.31 93.34 92.62 92.52 92.82 92.68 92.77 92.94 93.21 93.05 92.44 92.21 91.76 91.38 91.42 91.80 92.88 92.22 92.43 92.48 92.46 92.36 92.05 92.51 92.51 92.55 92.49 92.72 92.47 92.75 93.07 92.85 92.52 92.63 92.33 92.39 92.24 92.12 91.67 92.05 91.84 92.13 92.23 92.09 92.05 91.88 91.98 92.66 93.00 93.64 93.56 93.31 93.08 92.94 92.94 93.18 93.40 93.33 93.49 93.40 93.34 93.41 93.40 93.62 92.39 92.36 92.31 92.17 94.07 91.63 91.61 91.77 92.34 90.94 90.91 90.96 91.56 91.61 91.67 91.16 91.02 92.52 92.20 91.72 92.72 92.51 92.43 93.11 93.09 91.29 92.02 92.26 93.01 92.63 91.89 92.10 93.07 92.62 92.96 93.33 93.11 93.20 93.11 93.05 92.61 92.48 92.27 91.54 92.72 92.99 92.44 92.25 91.83 91.74
63°S ||     92.50 92.46 92.95 92.11 91.76 92.29 92.96 93.08 93.40 93.30 93.66 93.45 93.88 93.73 93.76 93.58 93.67 93.72 93.65 93.07 92.41 92.38 92.05 92.19 92.07 92.25 92.26 92.04 91.99 92.09 92.01 92.18 92.47 92.48 92.42 92.14 91.92 92.35 92.83 92.48 93.03 92.61 92.35 92.85 92.91 92.87 92.61 93.00 92.89 92.86 92.59 92.69 93.01 93.46 93.02 92.12 92.71 93.48 93.29 93.35 93.25 93.22 93.39 93.66 94.12 93.78 92.84 93.86 92.68 93.38 93.04 92.76 92.83 92.67 92.81 93.45 93.63 93.45 93.37 92.89 92.65 92.16 92.29 92.27 92.30 92.37 92.54 92.53 92.54 92.48 92.44 92.46 92.62 92.53 92.60 92.34 92.50 92.59 92.39 92.73 92.78 92.41 92.52 92.79 92.63 92.33 92.08 91.79 91.83 91.53 92.13 92.24 92.63 93.34 93.88 93.95 93.97 93.64 93.38 93.28 93.22 93.16 93.24 93.27 93.57 93.66 93.49 93.43 93.47 93.57 93.34 92.57 92.42 92.79 92.28 91.76 91.49 91.72 91.48 90.51 92.72 91.28 92.11 91.98 91.94 91.57 91.42 91.25 90.98 91.36 91.70 92.20 92.00 92.18 92.66 93.10 93.43 93.46 93.10 92.96 92.31 92.43 92.69 92.73 92.64 91.59 91.48 91.89 92.48 92.83 92.98 93.06 92.82 93.18 93.14 91.99 92.59 92.75 92.70 93.05
61°S ||     93.40 92.22 91.72 92.45 92.83 93.07 93.03 92.19 92.34 92.61 92.04 92.33 93.06 92.35 94.44 92.46 92.94 92.86 93.59 93.20 93.09 93.04 93.07 92.27 92.06 91.81 93.15 92.71 92.04 92.16 92.74 93.13 93.17 93.01 92.99 92.61 92.13 92.38 92.29 92.27 92.82 91.91 92.44 92.85 92.47 91.27 93.12 93.34 93.39 93.31 93.27 93.47 93.42 92.94 92.39 93.66 93.67 93.37 93.67 93.63 93.52 93.27 93.42 93.49 93.82 94.23 93.86 93.04 94.03 94.07 93.82 93.43 92.26 93.29 93.59 92.92 92.80 92.93 92.78 92.46 91.40 91.42 92.27 92.62 92.31 92.21 92.05 92.42 92.57 92.52 92.61 92.51 92.54 92.77 92.64 92.71 92.64 92.41 92.58 92.74 92.85 92.66 92.57 92.56 91.86 92.59 92.47 92.50 92.53 92.65 92.78 92.85 92.97 93.21 93.55 93.62 92.93 92.85 92.95 92.68 94.38 93.64 92.74 93.04 93.29 93.37 93.65 93.76 93.31 93.70 94.19 93.85 90.99 93.58 93.39 93.16 91.80 92.07 92.04 92.56 91.58 91.52 91.46 91.57 91.65 91.52 91.54 91.29 91.60 91.38 91.59 91.53 91.68 91.87 91.96 93.25 93.99 93.91 93.90 93.72 93.47 93.14 92.87 92.61 92.57 92.17 91.67 91.96 92.05 90.89 91.82 92.72 92.89 92.55 91.34 91.79 92.03 93.14 93.21 93.17
59°S ||     93.48 92.86 92.65 93.02 93.04 92.80 91.33 92.15 92.39 92.13 92.73 92.12 92.42 91.49 92.68 93.20 92.81 92.96 92.60 92.98 93.17 93.20 92.82 92.64 91.66 92.18 92.42 92.49 93.00 92.17 92.43 93.25 93.36 92.95 93.32 92.99 92.35 91.74 91.59 91.81 92.16 92.85 93.22 93.17 93.08 92.65 93.30 93.49 93.73 93.71 93.73 93.74 93.80 93.85 93.49 93.22 93.38 93.14 93.53 93.69 93.26 92.84 93.81 93.65 92.77 94.14 92.73 93.50 93.94 92.01 92.49 93.56 94.42 93.19 93.92 93.01 93.08 92.68 92.42 92.49 91.80 91.92 92.28 91.99 92.06 92.60 92.37 92.31 92.78 91.30 92.39 92.70 92.80 92.66 93.27 92.42 92.32 92.35 93.65 92.28 92.18 92.71 92.52 92.55 92.63 92.69 92.66 92.57 92.54 92.94 93.03 93.29 93.38 93.38 93.14 92.63 92.66 92.81 92.39 91.89 91.96 91.96 92.79 93.31 93.83 93.97 94.08 93.96 94.09 94.33 94.00 93.96 93.57 93.33 93.51 93.21 92.69 91.44 90.88 91.23 93.60 93.39 90.97 90.99 92.57 91.33 91.47 90.74 91.42 91.80 91.18 91.26 91.90 92.72 93.09 93.37 93.62 93.54 93.68 93.67 93.64 93.54 93.38 93.19 92.69 92.32 91.93 91.85 92.09 91.87 93.08 91.21 92.07 92.30 91.94 92.71 92.99 92.75 93.09 93.29
57°S ||     93.24 93.29 93.52 93.84 93.30 91.86 92.31 92.12 91.66 91.72 91.85 93.74 91.79 91.94 91.52 91.61 92.36 92.92 92.40 92.25 93.66 92.31 92.34 92.32 91.49 92.22 92.53 92.50 92.46 91.56 90.99 93.23 92.95 93.08 93.05 92.75 92.92 92.21 92.00 92.08 91.85 92.50 92.76 92.92 93.04 92.71 92.19 92.11 93.11 93.71 93.76 93.84 93.65 93.62 93.34 92.59 92.33 92.35 92.04 91.86 92.62 94.31 93.07 92.35 93.98 94.49 94.23 93.11 95.03 90.74 94.67 93.14 92.41 93.26 92.78 93.93 94.23 93.85 93.43 94.37 94.41 93.27 92.38 92.47 92.76 92.42 92.49 92.18 92.11 92.50 92.58 92.68 92.33 91.97 91.98 91.90 91.92 92.03 92.52 92.02 91.72 91.89 91.88 91.96 91.92 92.64 92.69 92.91 93.11 93.27 93.42 93.58 93.75 93.85 93.67 93.28 93.43 93.43 93.63 93.26 93.13 93.38 93.95 94.35 94.60 94.58 94.60 94.59 94.58 94.74 94.32 94.18 93.90 94.15 94.05 93.96 93.89 93.31 91.28 92.47 93.57 93.97 91.56 91.77 92.38 92.18 91.76 91.51 91.47 91.84 92.33 92.53 92.71 92.44 93.01 92.72 93.31 92.66 91.73 92.01 93.40 93.55 93.46 93.11 92.61 92.29 91.99 91.97 92.08 91.99 91.66 91.52 92.06 92.14 93.24 92.07 92.07 92.20 92.54 93.16
55°S ||     93.32 93.35 93.50 93.59 92.88 92.82 92.72 92.24 92.04 92.59 92.55 92.42 92.23 92.34 91.95 92.22 92.83 92.73 92.74 92.67 92.08 91.33 91.32 93.52 91.28 92.22 92.60 92.62 92.61 92.30 92.04 93.03 93.02 92.88 93.12 92.67 92.37 92.08 91.63 91.51 91.63 91.50 91.44 91.67 92.53 92.20 92.01 92.42 93.06 93.37 93.68 93.72 93.75 93.17 92.77 91.67 92.06 91.55 91.91 93.91 92.52 94.48 94.66 94.05 92.65 95.18 95.11 95.18 95.08 95.08 95.08 94.70 92.29 92.84 94.21 93.37 93.02 93.95 93.74 93.64 93.01 92.63 92.80 92.76 92.64 92.46 92.47 92.17 92.31 91.96 92.24 92.46 92.74 92.36 92.46 93.01 93.88 92.46 92.41 92.52 92.49 92.40 91.74 91.93 91.72 92.01 92.86 92.99 93.27 93.51 93.71 93.86 94.11 94.31 94.28 94.45 94.56 94.66 94.69 94.83 94.93 94.99 95.01 95.04 95.09 95.01 94.95 94.94 95.06 94.81 94.65 94.55 94.39 94.10 94.33 94.23 92.53 93.43 93.26 92.86 92.65 92.44 92.56 92.62 91.47 91.91 92.05 92.05 92.43 92.78 93.17 93.18 94.00 93.59 92.74 92.94 93.18 91.74 91.95 93.52 93.17 92.93 92.72 92.78 92.34 92.19 92.37 92.59 92.87 92.61 92.60 91.91 92.75 92.31 92.05 92.14 92.42 92.89 92.92 93.23
53°S ||     93.38 92.92 93.01 93.72 93.95 92.17 93.01 93.15 93.13 92.89 93.05 92.46 92.23 92.63 92.61 92.61 92.30 92.73 92.61 92.72 92.57 91.82 91.46 92.67 92.17 92.48 93.71 92.46 92.68 92.47 92.86 92.71 92.72 93.06 92.81 92.79 92.75 91.84 91.50 91.46 91.33 91.49 92.01 92.25 92.50 92.68 92.87 92.82 93.79 94.47 92.45 92.54 92.88 92.61 92.76 93.35 93.12 92.28 92.15 93.18 92.64 94.58 94.66 94.76 95.33 95.20 95.11 95.10 95.11 95.12 95.11 95.05 94.90 94.63 93.69 93.47 93.79 94.15 93.24 93.52 93.73 93.52 93.34 93.11 92.83 93.86 93.04 92.52 92.67 92.72 92.35 92.27 92.13 92.66 92.03 91.85 92.22 92.32 92.43 92.27 92.45 92.57 92.05 91.25 92.64 92.38 92.60 92.99 93.15 93.26 93.84 94.06 94.39 94.60 94.68 94.83 94.97 95.02 95.17 95.56 96.02 96.45 96.65 96.73 96.77 96.28 96.12 96.18 96.19 96.11 95.37 94.86 94.88 94.96 94.29 94.49 94.54 94.23 92.96 92.96 93.14 92.59 92.69 92.28 92.48 93.26 92.37 92.36 92.45 92.21 92.51 92.95 93.39 93.62 94.26 93.25 93.10 91.54 93.55 93.12 93.30 93.34 93.33 92.93 92.65 92.58 92.22 92.61 91.95 92.59 92.84 92.11 91.51 91.51 92.14 92.81 92.89 93.02 93.30 93.37
51°S ||     93.25 93.06 92.68 92.77 93.43 93.25 93.14 92.26 93.35 92.78 92.39 92.68 92.51 92.78 92.61 92.49 92.60 91.87 92.43 92.52 92.29 91.89 91.40 91.21 90.89 92.19 91.83 92.26 92.60 92.62 92.50 92.71 92.38 92.31 92.49 92.20 92.23 92.08 91.77 90.97 90.94 90.77 91.16 92.26 92.49 92.72 92.84 92.45 93.87 94.30 92.37 92.34 91.82 91.51 92.67 93.76 93.98 93.94 92.85 92.16 92.19 92.44 94.69 95.04 95.16 95.06 95.15 95.10 95.10 95.10 95.10 95.16 94.89 94.91 94.98 95.10 93.81 93.88 93.43 93.46 93.64 93.51 93.02 92.78 92.52 93.19 92.30 92.41 92.68 92.63 92.58 92.65 92.78 92.86 92.52 92.08 92.21 92.30 92.38 91.95 92.61 92.25 91.91 92.40 92.25 92.46 92.84 93.19 93.48 93.53 94.20 94.39 94.47 94.77 94.89 95.02 95.17 95.57 96.17 96.98 97.28 97.73 97.91 98.17 98.14 98.15 97.92 97.93 97.77 97.54 97.92 97.29 95.25 95.18 94.89 94.67 93.96 92.54 91.76 93.52 93.13 92.42 93.52 92.38 91.76 92.03 92.41 93.05 92.76 92.88 93.30 93.34 93.20 93.08 92.39 93.09 93.15 93.32 93.21 93.23 93.16 92.64 92.79 93.21 93.15 92.91 92.33 93.14 92.69 93.08 92.65 92.21 92.70 92.04 92.16 92.50 92.67 92.94 93.04 93.22
49°S ||     92.26 92.53 92.38 92.82 93.71 93.95 94.10 93.14 93.14 92.06 92.55 92.05 92.03 91.86 92.19 91.98 91.91 91.95 91.20 91.46 91.80 92.09 91.28 91.13 91.80 91.57 91.97 92.58 92.56 92.56 92.35 92.62 92.23 90.96 90.94 91.13 91.45 91.44 91.49 90.97 90.79 90.87 91.04 91.94 92.34 92.56 92.61 92.61 92.53 92.42 92.21 91.86 91.35 91.14 91.42 91.90 93.09 93.18 92.42 92.19 94.20 94.49 94.64 94.82 95.06 95.24 95.11 95.13 95.10 95.17 95.18 95.06 94.96 94.16 94.49 93.56 93.53 93.90 93.40 93.54 93.55 93.44 93.12 92.70 92.74 92.22 92.38 93.99 93.19 92.69 92.46 92.62 93.28 93.30 92.65 92.38 91.67 92.83 92.04 92.02 91.97 91.98 92.29 92.70 92.81 92.39 92.34 93.24 93.48 93.88 93.46 94.18 94.71 94.94 95.17 95.59 96.21 96.64 97.32 97.78 98.51 98.98 98.51 98.47 97.41 98.01 98.11 98.24 98.08 98.03 98.07 98.10 97.84 97.28 95.90 95.16 94.61 93.87 94.26 93.72 94.01 93.24 92.12 92.72 92.90 91.89 92.62 92.37 92.93 93.10 92.36 92.89 92.88 92.83 92.68 93.17 92.93 92.70 92.33 92.36 91.09 91.93 92.75 92.61 92.26 92.87 93.31 93.65 92.94 93.63 93.50 93.16 93.09 92.54 92.08 91.64 91.85 92.10 92.51 92.69
47°S ||     92.04 92.59 92.30 92.26 93.03 93.68 92.90 92.33 92.89 92.42 92.07 92.20 91.14 92.57 91.34 91.58 90.74 90.98 91.79 91.56 92.08 91.42 91.79 92.13 92.08 92.58 91.89 92.28 92.49 92.46 92.47 92.47 92.54 91.65 91.44 91.59 91.90 91.96 91.94 91.62 91.19 91.06 91.43 91.56 91.42 92.10 92.12 92.23 92.00 92.05 91.68 91.51 91.12 91.12 91.05 91.41 91.75 91.73 92.31 92.85 91.80 93.85 93.41 94.57 94.59 95.12 95.21 95.20 95.17 95.22 95.19 95.10 95.02 94.26 94.57 94.52 93.58 93.49 93.23 92.60 93.37 93.07 92.95 92.88 92.49 92.54 92.26 92.54 92.90 92.76 92.87 92.87 93.50 92.81 92.53 91.74 92.08 91.92 92.28 92.92 92.07 91.64 91.90 92.28 93.31 93.33 92.82 93.20 93.74 93.65 93.45 93.89 94.58 94.69 96.19 97.43 97.92 98.77 99.27 98.44 97.94 98.24 98.65 98.53 98.06 97.71 97.47 97.90 98.10 97.98 98.00 97.79 97.81 97.71 97.12 96.08 95.28 94.85 94.50 94.29 94.16 94.01 93.33 92.79 93.45 93.42 92.78 93.20 93.12 93.12 93.13 92.46 92.28 92.69 92.24 92.56 92.63 91.98 91.59 92.33 93.18 93.33 92.26 92.17 92.75 93.38 93.20 93.43 93.66 93.53 93.46 93.38 92.40 92.42 92.08 92.70 92.32 92.16 92.58 92.43
45°S ||     92.62 92.70 92.53 92.59 92.90 92.85 92.98 93.02 93.15 92.20 91.93 92.52 91.95 91.73 91.82 91.83 92.90 91.75 92.17 92.30 92.05 92.37 93.08 91.93 92.33 92.62 92.41 92.27 92.28 92.23 92.08 92.19 92.10 91.87 91.88 91.84 91.87 91.91 92.02 92.04 91.67 91.57 91.76 91.66 91.64 91.86 91.86 91.64 91.45 91.25 91.17 91.16 91.10 90.61 90.42 91.58 92.04 92.20 92.65 92.99 93.40 93.36 93.87 94.06 94.00 94.92 95.04 95.85 95.73 95.32 95.24 95.15 94.86 94.70 94.47 94.63 93.37 93.29 93.24 94.27 92.80 93.04 92.69 92.63 92.53 92.41 92.40 92.98 92.95 92.83 92.68 92.77 93.04 92.73 92.48 92.59 92.15 92.17 92.11 92.95 91.20 91.92 92.13 92.22 92.94 92.20 92.91 93.20 93.49 93.53 93.68 93.58 94.60 95.23 97.49 98.04 99.13 99.28 98.56 99.00 98.76 99.04 98.84 98.81 98.54 98.95 99.09 98.04 97.86 98.40 97.98 97.87 97.87 97.73 97.10 96.75 95.61 94.98 94.68 94.47 94.18 94.32 92.11 93.48 93.51 93.18 93.32 92.96 92.78 93.19 92.80 92.56 92.88 92.52 92.61 92.22 91.97 92.06 91.50 90.73 92.04 91.81 92.39 93.39 93.54 93.42 92.81 93.60 92.96 93.04 93.39 93.25 92.39 92.44 92.56 91.58 91.64 92.29 92.51 92.40
43°S ||     93.26 92.34 93.40 92.94 93.24 92.83 92.96 92.91 92.64 92.36 91.92 92.01 91.78 91.57 91.93 91.97 92.39 92.48 92.32 92.29 91.73 91.99 92.21 92.22 91.89 92.29 92.40 92.41 91.66 91.99 91.83 92.13 92.17 91.69 91.77 91.76 91.80 91.92 92.12 92.23 91.58 91.32 90.27 90.34 91.20 91.61 91.45 91.20 91.24 90.96 90.84 90.85 90.75 90.85 90.90 91.69 91.80 92.02 92.13 92.57 92.57 92.70 93.27 92.70 94.38 94.26 94.80 94.87 94.93 94.98 94.92 94.90 94.44 94.71 94.55 93.54 93.40 93.61 93.43 93.56 93.25 94.64 92.69 92.92 92.72 92.70 92.53 93.04 92.99 92.68 92.57 92.77 92.83 92.70 92.65 92.36 92.63 92.31 92.71 92.11 92.02 92.15 91.97 91.52 91.58 92.00 92.79 93.71 93.07 93.38 93.51 93.67 94.74 95.92 97.85 98.84 98.81 98.50 98.77 99.20 98.93 98.90 98.58 98.97 98.87 98.10 98.27 98.18 98.47 98.16 97.96 97.91 97.69 97.33 96.31 96.19 95.65 95.07 94.61 94.67 94.48 94.53 94.18 94.09 93.81 93.58 93.30 93.07 93.09 93.84 93.38 93.19 93.10 92.66 92.59 92.25 91.91 91.90 91.97 92.00 91.76 91.88 92.66 93.60 93.81 93.77 93.53 93.39 92.95 93.19 93.16 93.32 91.78 92.65 92.70 93.54 92.32 92.60 92.96 92.89
41°S ||     93.46 93.35 93.38 93.82 93.57 92.72 92.84 92.72 93.42 93.86 94.55 94.36 92.96 92.03 92.32 92.20 91.68 91.98 91.65 92.04 91.65 92.27 92.21 92.20 91.98 91.06 91.64 91.85 92.10 91.60 91.46 91.75 91.55 91.56 91.31 91.63 91.72 91.91 91.95 89.77 89.45 89.27 87.53 87.28 87.36 89.60 89.60 89.61 90.39 90.76 90.47 90.87 90.60 90.79 90.76 90.83 90.94 91.49 92.48 92.29 91.92 91.32 92.85 93.62 93.57 94.24 94.24 94.52 94.81 94.85 94.80 94.46 94.70 94.06 94.12 94.11 93.86 94.75 93.75 93.22 93.45 93.29 92.88 92.88 92.65 92.66 92.83 93.15 93.13 92.95 92.64 92.89 92.53 92.58 92.71 92.12 91.94 92.51 92.43 92.27 91.89 91.99 91.44 91.18 92.97 92.15 92.57 93.24 93.26 93.30 93.60 93.94 94.73 95.97 97.49 98.87 98.87 98.08 99.01 99.04 99.02 98.80 99.09 99.24 98.74 98.09 98.47 98.56 98.29 98.47 98.19 97.87 97.11 96.49 96.20 95.94 95.37 95.03 94.91 94.69 94.79 93.89 93.65 93.96 92.79 92.88 93.33 93.45 93.52 93.47 93.35 93.35 93.34 92.59 92.42 92.35 92.08 92.56 92.49 92.23 92.17 92.10 92.82 93.27 93.45 93.32 93.42 93.32 92.45 92.96 92.96 92.10 92.00 92.82 92.73 92.85 92.89 93.15 93.38 92.97
39°S ||     93.28 93.43 93.08 92.64 93.65 92.62 93.12 92.97 92.13 92.63 94.08 94.08 92.42 92.05 92.71 92.38 92.68 92.14 92.42 92.49 92.68 91.84 92.71 92.69 92.38 92.38 92.13 91.82 91.98 91.85 91.71 89.77 90.88 91.32 91.33 91.52 91.67 91.64 90.87 90.71 90.10 88.82 88.49 88.57 88.94 89.07 88.97 89.23 88.65 89.73 90.46 90.50 90.54 90.65 90.82 90.86 91.12 91.48 91.58 92.13 92.16 92.35 91.85 92.12 93.02 92.41 93.71 94.72 94.64 94.56 94.63 94.61 94.23 94.04 94.19 94.05 93.94 93.69 93.49 93.50 93.42 93.43 93.24 92.99 92.93 92.64 93.06 93.39 92.98 92.91 93.17 93.22 93.11 92.57 92.83 92.37 92.37 92.32 92.27 92.77 91.97 92.19 91.75 91.88 91.78 91.73 92.55 93.05 93.35 93.40 93.41 94.17 94.78 95.23 97.25 98.98 99.29 99.13 98.59 98.93 99.27 99.09 99.21 99.25 98.87 98.47 98.88 98.57 98.70 98.27 97.97 97.37 96.64 96.27 95.78 95.50 95.34 95.22 94.88 94.39 94.26 93.60 93.52 93.41 93.38 93.62 93.78 93.57 92.70 93.40 93.46 93.58 93.27 93.05 92.62 92.92 92.62 92.29 92.95 92.76 92.41 92.27 92.30 92.56 92.96 93.11 93.62 93.40 93.05 93.00 93.14 92.90 93.31 93.18 93.22 92.87 93.04 93.32 93.51 93.66
37°S ||     93.66 93.44 93.43 92.97 94.21 93.87 93.35 92.40 91.82 91.14 90.83 91.86 91.72 92.69 93.16 93.12 93.12 93.11 92.91 92.79 92.78 92.75 92.37 92.60 92.23 91.82 91.91 91.41 91.28 91.86 91.73 90.77 90.93 90.31 91.04 90.12 90.72 88.81 88.93 90.66 88.75 88.00 89.26 89.30 89.20 89.16 89.36 90.07 89.46 89.43 89.22 89.84 90.45 90.97 90.99 91.12 91.02 91.64 91.78 91.61 91.60 92.44 92.44 92.86 93.42 93.41 93.90 94.12 92.48 94.34 93.99 94.09 94.15 94.26 94.10 93.92 93.78 93.74 93.75 93.47 93.18 92.99 92.65 94.21 93.03 92.77 92.78 92.65 93.30 92.91 93.07 93.24 93.18 92.91 92.38 92.71 92.29 92.19 92.67 92.61 91.92 91.87 91.70 91.90 92.11 92.09 93.77 92.65 93.24 93.53 93.61 93.75 94.30 95.09 96.02 98.47 99.32 99.67 100.03 98.98 99.05 99.08 98.54 99.20 98.62 98.71 98.49 98.60 98.52 98.39 98.17 97.05 96.16 95.82 95.41 95.24 95.06 94.90 94.69 94.45 93.73 93.81 93.21 93.23 93.06 93.21 93.56 93.59 93.55 93.39 93.60 93.42 93.30 93.23 93.03 93.07 93.33 93.08 92.97 92.17 92.55 92.51 92.00 91.98 92.77 93.00 93.59 93.08 93.12 93.29 93.46 93.43 93.39 93.36 93.13 92.93 93.69 93.85 93.70 94.13
35°S ||     93.64 94.21 93.44 92.61 93.29 92.55 92.46 92.64 91.93 91.14 91.00 91.88 92.66 92.86 93.06 92.96 93.11 91.52 92.82 92.75 92.67 92.44 92.43 92.21 91.67 91.93 91.73 91.58 91.02 91.17 90.85 90.71 90.81 90.52 90.66 90.82 90.12 88.71 88.81 88.76 88.23 89.24 89.94 89.84 89.52 89.79 89.60 89.68 89.95 90.00 89.82 88.98 89.76 90.82 91.19 91.41 91.42 91.45 91.49 91.60 91.81 92.02 92.01 93.23 93.17 92.51 92.80 93.27 93.18 94.06 93.96 94.10 93.85 93.49 93.64 93.82 93.82 93.79 94.00 93.65 93.22 92.85 93.07 92.86 92.97 92.58 92.48 92.63 92.78 92.88 92.92 93.14 93.03 92.53 92.55 92.51 92.79 93.08 92.28 92.12 92.16 91.52 91.66 92.09 92.28 92.23 92.31 92.74 93.42 93.24 93.22 93.46 93.88 94.19 95.03 96.04 98.89 99.35 99.78 99.88 99.02 98.98 99.71 99.67 98.56 98.67 98.59 98.43 98.52 98.30 97.39 95.72 95.34 95.22 95.12 95.02 95.06 94.89 94.86 94.83 93.97 93.58 92.65 93.18 92.90 93.08 93.25 93.36 93.52 93.61 93.43 93.20 92.47 92.50 92.58 92.92 92.58 92.35 92.73 92.99 92.71 92.35 92.85 93.09 92.88 92.89 92.70 92.98 92.94 92.42 93.52 93.59 93.25 93.17 93.37 93.48 94.07 93.89 93.47 92.76
33°S ||     93.72 93.82 92.59 92.40 92.61 91.67 92.11 91.15 91.18 91.78 91.73 92.01 92.74 92.92 93.29 92.84 93.12 93.16 92.75 92.75 91.94 92.44 92.36 92.33 91.99 91.70 91.72 91.51 91.27 90.98 90.81 89.99 90.37 90.15 89.82 90.00 89.34 88.40 88.24 87.59 87.83 89.27 90.13 89.75 90.47 89.84 90.73 90.81 90.55 90.59 89.98 89.06 88.30 89.90 90.80 91.39 91.37 91.47 91.53 91.53 91.95 92.42 92.31 93.17 93.28 93.35 93.32 93.31 93.23 93.04 93.29 93.87 93.81 93.48 93.92 93.49 93.98 93.70 93.63 93.74 93.46 93.21 93.47 93.05 92.97 92.82 92.75 92.62 92.63 92.73 92.78 92.42 92.67 92.87 92.59 92.74 92.47 92.76 92.41 91.83 92.01 91.81 91.55 91.79 92.07 92.19 92.21 92.13 92.86 93.21 93.04 92.98 92.76 93.19 93.93 94.93 96.78 98.29 99.04 99.54 99.52 99.89 98.75 98.51 98.75 98.73 98.41 98.36 97.39 96.37 95.87 95.16 94.96 94.93 94.91 94.91 94.98 94.92 94.77 94.71 94.35 93.60 93.17 93.04 92.86 92.80 93.00 92.96 93.10 93.27 93.22 92.93 92.76 92.53 91.95 91.83 91.97 91.91 92.66 92.20 92.59 92.90 92.38 92.70 92.56 92.48 92.91 93.07 93.32 92.84 93.06 93.59 92.73 93.30 93.31 93.51 93.67 93.44 93.09 93.07
31°S ||     93.62 92.82 92.65 92.56 91.85 91.94 91.38 91.84 91.99 91.83 92.03 92.08 92.51 92.83 93.14 93.12 93.13 92.61 92.43 92.75 92.30 92.36 92.27 92.19 91.97 91.91 91.68 91.47 91.14 90.81 90.51 90.34 90.29 89.70 89.54 90.08 89.24 88.20 88.34 87.57 88.51 89.30 89.69 90.28 90.52 90.75 90.78 91.00 91.00 91.12 90.18 89.07 89.46 89.57 89.72 89.69 91.05 91.66 91.64 92.01 92.45 92.86 93.14 93.21 93.40 93.34 93.42 93.58 93.49 93.42 93.54 94.37 93.47 93.20 93.41 93.38 93.49 93.60 93.79 93.75 93.82 93.70 93.43 93.42 93.26 92.83 92.52 92.36 92.58 92.64 92.63 92.73 92.43 92.67 92.75 92.63 92.70 92.57 92.51 92.05 92.01 92.52 92.18 91.97 92.27 92.46 92.56 92.24 92.91 93.18 93.44 92.99 93.43 93.33 94.18 94.19 94.90 95.11 95.40 97.78 98.63 99.25 98.29 98.59 98.39 98.50 98.04 97.43 95.35 94.96 95.16 95.06 94.87 94.85 94.82 94.62 94.58 94.76 94.72 94.50 94.41 93.20 93.24 92.92 93.08 92.58 92.74 92.72 92.75 92.85 92.98 92.75 92.52 92.53 92.14 92.05 92.75 91.84 91.65 91.46 92.69 93.06 93.51 92.83 93.03 93.23 93.38 93.26 93.30 93.14 92.97 93.25 92.86 93.18 93.16 92.96 93.17 93.34 93.30 93.23
29°S ||     93.60 92.79 91.37 92.54 91.83 91.66 92.24 91.78 92.11 91.92 91.91 92.17 92.78 93.01 93.13 93.07 93.02 91.87 92.84 92.80 92.58 92.27 92.26 92.13 92.03 91.85 91.67 91.35 91.01 90.72 90.44 90.11 89.90 89.85 89.80 89.04 89.08 88.62 87.30 86.45 88.41 89.45 89.88 90.20 90.54 90.84 91.03 91.17 91.28 91.27 91.23 91.08 90.38 90.40 90.31 89.60 89.91 90.42 91.60 91.94 92.51 93.21 93.36 93.31 93.70 93.37 93.20 93.33 93.58 93.55 93.73 94.04 93.73 93.31 93.58 93.88 93.63 93.58 93.96 93.89 93.82 93.83 93.55 93.67 93.00 92.97 92.80 92.54 92.41 92.62 92.73 92.74 92.87 92.79 92.74 92.64 92.68 92.17 92.56 92.16 92.69 92.76 92.42 92.44 92.71 92.84 92.93 92.82 92.20 93.10 92.79 93.39 93.56 93.68 92.96 93.29 94.51 94.38 94.84 94.84 95.09 95.08 95.73 97.27 96.27 96.47 95.41 95.76 94.95 94.80 94.63 94.38 94.64 94.76 94.64 94.34 94.48 94.44 94.37 93.83 93.76 93.40 93.10 92.94 92.89 92.72 92.69 92.77 92.78 92.82 92.87 92.63 92.60 92.11 92.36 91.90 91.39 91.66 92.49 91.39 92.44 92.94 93.14 92.61 93.19 92.30 93.13 93.33 93.05 92.91 93.11 92.96 92.72 92.86 92.96 93.17 92.98 93.15 93.30 93.50
27°S ||     93.19 92.72 92.68 92.62 91.96 91.81 92.44 91.50 91.97 92.34 92.23 92.68 92.60 92.78 93.14 92.88 93.14 92.23 92.82 92.19 92.22 92.25 92.11 92.08 91.87 91.74 91.59 91.45 90.97 90.64 90.28 89.96 89.57 89.57 89.40 89.56 89.76 88.41 88.15 86.66 88.65 89.49 89.86 90.28 90.63 90.94 91.16 91.31 91.41 91.57 91.56 91.63 91.37 90.75 90.75 90.87 91.17 91.17 91.09 91.10 90.89 92.56 93.40 93.43 93.38 93.41 93.52 93.74 93.49 93.38 93.42 94.06 94.14 94.37 93.91 93.51 93.83 93.85 94.08 94.06 94.03 94.01 93.87 93.58 93.43 93.13 93.20 93.22 92.78 92.65 92.60 92.82 92.84 92.39 92.55 92.70 92.71 92.40 92.39 92.37 92.68 92.95 92.36 92.70 92.90 92.77 93.10 92.39 91.96 92.25 92.96 92.99 93.31 93.10 93.05 93.16 93.19 94.44 94.38 94.56 94.67 94.62 94.84 94.88 94.90 94.99 95.18 94.98 94.95 94.75 94.41 94.55 94.63 94.46 94.07 94.28 92.06 94.34 94.32 92.61 93.20 92.81 92.71 92.71 92.74 92.75 92.76 92.78 92.68 92.64 92.60 92.33 91.82 91.70 91.56 91.87 92.53 91.48 91.58 92.28 91.91 92.43 92.95 92.94 93.41 92.45 93.20 92.94 93.16 93.32 93.22 93.02 92.55 92.32 92.36 92.79 92.79 92.87 93.29 93.35
25°S ||     93.33 92.52 92.92 92.61 92.54 92.47 92.64 93.04 92.42 92.79 92.59 93.26 93.25 93.14 93.27 93.02 93.08 92.61 92.21 92.70 92.32 92.13 92.08 91.93 91.78 91.56 91.40 91.22 90.83 90.37 90.01 89.71 89.45 89.26 89.20 88.54 88.92 89.28 88.14 88.46 88.89 89.43 89.93 90.29 90.53 90.81 91.00 91.25 91.41 91.43 91.63 91.68 91.39 91.00 90.10 90.84 91.17 91.35 91.37 91.23 90.52 91.82 93.11 93.19 93.33 93.35 93.35 92.76 93.02 93.19 93.26 93.31 93.89 94.53 94.69 94.01 94.17 94.26 94.44 94.16 94.17 94.06 94.31 93.92 94.16 93.43 93.52 93.54 93.48 92.75 93.13 92.98 93.26 92.30 92.76 92.71 92.72 92.23 91.87 92.64 92.68 92.53 92.63 92.68 92.51 92.10 92.61 91.87 91.65 92.03 92.37 92.48 92.90 92.73 93.32 93.87 93.46 94.12 94.36 94.52 94.64 94.54 94.45 94.82 94.60 94.92 94.85 94.43 94.32 94.13 94.30 94.01 93.98 94.23 93.98 93.13 93.00 93.37 92.38 92.87 92.70 92.47 92.30 92.36 92.47 92.56 92.92 92.62 92.56 92.42 92.36 92.14 91.74 91.33 91.49 91.78 92.22 91.73 91.19 91.66 91.55 92.01 92.48 92.96 92.56 92.61 93.11 92.59 92.94 93.15 93.10 92.65 92.29 92.96 92.99 92.77 92.91 93.36 93.65 93.26
23°S ||     93.28 93.24 92.64 92.65 92.56 92.69 92.93 93.13 93.30 93.38 93.36 93.31 93.54 93.62 93.28 93.45 91.96 92.33 92.79 92.33 92.32 92.02 92.01 91.89 91.70 91.40 91.16 90.81 90.42 90.04 89.69 89.31 89.10 88.99 89.04 88.97 88.18 88.54 88.08 88.34 88.83 89.40 89.76 90.03 90.29 90.53 90.79 91.03 91.31 91.47 91.77 91.74 91.73 91.37 90.60 90.80 91.13 91.16 91.13 90.78 90.10 92.03 92.93 93.01 92.69 92.91 93.19 92.79 93.20 93.17 92.97 93.50 93.67 94.28 94.44 94.57 94.09 94.25 94.12 94.31 94.30 94.21 94.23 94.48 94.09 93.70 93.82 93.94 93.77 92.54 93.24 92.99 93.30 93.36 93.35 92.81 92.69 93.93 92.66 92.17 92.35 92.12 91.90 91.73 92.05 92.50 91.69 91.64 91.32 91.95 92.23 92.73 92.61 92.23 92.19 92.50 93.14 93.43 93.74 93.98 94.40 94.16 94.41 94.61 94.62 94.81 94.56 94.14 94.12 93.94 93.52 93.58 93.78 93.89 92.97 92.37 91.68 91.88 92.30 92.63 92.38 92.16 91.82 91.99 92.33 92.45 92.54 92.64 92.35 92.29 92.22 92.14 92.36 92.20 92.28 91.70 92.23 91.73 91.33 91.69 91.29 92.18 92.43 92.71 92.72 92.92 92.82 93.00 92.88 93.54 92.90 93.90 92.87 92.96 93.03 92.96 92.76 93.47 93.85 93.25
21°S ||     92.99 93.10 92.65 92.65 92.63 92.65 93.02 93.79 93.47 93.35 93.19 93.25 93.37 93.18 93.32 93.44 93.00 92.59 92.62 92.38 92.18 91.97 91.91 91.74 91.53 91.30 90.89 90.42 89.90 89.48 89.17 88.82 88.62 88.58 88.72 88.25 88.41 87.74 87.89 88.38 88.75 89.16 89.42 89.69 90.00 90.22 90.55 90.79 91.05 91.28 91.43 91.65 91.69 91.29 90.80 91.10 90.70 91.00 90.70 90.36 90.44 90.81 92.79 92.76 92.86 92.71 93.10 93.23 93.17 93.21 93.37 93.35 93.61 93.91 94.45 94.68 94.42 94.28 94.42 94.47 94.38 94.33 94.27 94.46 94.35 94.48 93.96 93.99 93.76 93.32 93.15 93.32 93.49 93.56 93.09 92.92 92.73 92.34 92.29 92.47 92.59 92.69 91.65 92.03 92.31 92.20 92.44 91.43 91.33 91.80 92.31 91.88 92.41 92.39 92.48 92.78 92.93 93.42 93.50 93.98 94.15 94.31 93.91 94.44 94.20 94.07 94.07 93.03 93.51 93.51 93.36 93.17 93.66 92.99 92.51 92.24 91.06 91.20 92.09 91.94 92.17 92.15 91.76 91.43 92.35 92.49 92.51 92.56 92.56 92.30 92.03 91.77 91.49 91.80 92.60 91.81 92.00 91.93 91.42 92.16 92.03 92.23 92.09 92.09 92.74 92.90 93.16 92.93 92.63 93.48 93.63 93.27 93.32 93.62 93.50 92.93 92.52 93.09 93.11 92.84
19°S ||     92.17 92.50 92.51 92.32 92.74 93.03 93.43 94.18 94.14 93.73 93.57 93.25 93.38 93.35 93.56 93.33 93.08 92.94 92.43 92.36 92.16 91.90 91.74 91.46 91.28 91.00 90.61 89.93 89.11 88.68 88.40 88.27 88.13 88.25 88.46 86.99 88.12 87.65 87.78 88.06 88.24 88.61 88.89 89.18 89.53 89.88 90.24 90.51 90.84 91.06 91.21 91.33 91.49 91.43 90.99 90.58 90.56 90.55 90.69 90.59 90.24 91.64 92.51 92.46 92.68 92.87 93.27 93.32 93.39 93.15 93.33 93.56 93.88 94.30 94.79 94.79 94.76 94.32 94.45 94.52 94.63 94.46 94.35 94.33 94.55 94.55 94.19 93.88 93.90 93.98 93.75 93.56 93.61 93.48 93.02 93.14 92.72 92.59 92.85 92.06 92.47 92.57 91.85 92.25 91.79 92.15 91.43 91.23 91.76 91.79 91.59 91.99 91.97 92.19 92.33 92.54 92.57 92.52 92.59 93.64 93.87 93.88 93.99 93.98 93.73 93.73 93.23 93.23 93.32 93.19 93.11 92.55 92.35 92.66 92.31 91.98 91.49 91.34 91.77 91.99 92.30 92.33 92.56 92.55 92.39 92.45 92.48 92.51 92.37 92.25 92.49 91.93 91.52 91.63 92.07 92.22 92.10 92.31 91.77 92.21 92.33 92.12 92.01 91.93 92.53 92.55 92.42 92.35 93.09 93.55 93.85 94.01 94.10 94.32 93.98 94.03 93.85 93.53 93.61 92.25
17°S ||     92.23 92.20 92.37 92.76 92.79 93.08 93.86 94.03 94.02 93.91 93.73 93.41 93.50 92.80 93.46 93.94 93.17 93.15 92.73 92.30 92.13 91.90 91.49 91.17 90.96 90.65 90.17 89.10 88.23 87.69 87.61 87.68 87.85 88.00 87.70 87.11 87.48 87.67 87.54 87.43 87.55 87.94 88.33 88.62 89.11 89.51 89.89 90.17 90.51 90.81 90.94 91.16 91.18 91.27 90.90 90.52 90.02 90.04 90.59 90.47 90.24 91.78 92.47 91.87 92.33 94.48 95.04 94.50 93.27 93.44 92.97 93.48 93.81 94.15 94.79 94.77 94.79 94.31 94.53 94.39 94.55 94.49 94.50 94.49 94.53 94.48 94.32 94.31 94.20 94.01 93.59 93.65 93.65 93.48 93.23 93.22 92.77 92.84 92.46 93.16 92.60 92.32 91.88 91.87 91.85 91.78 91.90 91.37 91.90 91.87 92.04 91.84 91.64 91.62 91.96 92.03 92.23 92.89 92.99 92.48 93.04 92.92 93.16 93.18 93.08 93.56 93.44 93.42 93.29 93.13 92.52 92.62 91.49 91.86 92.00 91.82 91.23 91.25 91.81 92.08 92.39 92.43 92.57 92.67 92.46 92.42 92.39 92.32 92.28 92.02 92.17 92.07 91.71 91.84 91.70 91.79 92.06 92.30 92.07 92.65 92.31 92.27 92.04 91.84 92.89 91.90 92.24 92.52 93.12 93.81 93.99 94.19 94.20 94.36 94.48 94.11 94.15 93.84 94.10 93.37
15°S ||     93.68 92.24 93.21 92.92 93.31 93.53 94.39 94.32 93.84 93.93 93.91 93.45 93.23 93.30 93.49 93.89 92.30 93.23 93.50 92.43 92.19 91.85 91.53 91.20 90.79 90.27 89.43 88.08 86.72 86.30 86.73 87.27 87.44 87.69 87.83 87.77 87.95 87.98 87.32 87.00 86.98 87.53 87.87 88.20 88.69 89.25 89.64 89.94 90.15 90.32 90.34 90.76 90.96 90.98 90.65 90.53 90.15 91.16 90.42 91.34 91.78 94.23 94.81 94.96 95.14 95.07 94.97 95.12 95.11 93.60 93.46 94.05 93.96 94.10 94.64 94.63 94.73 94.62 94.51 94.46 94.50 94.51 94.47 94.57 94.47 94.41 94.42 94.29 94.18 94.10 94.15 93.94 93.79 93.42 93.24 93.25 93.13 92.88 92.33 92.86 92.15 92.27 92.11 91.75 91.87 91.58 91.73 91.69 91.54 91.62 92.06 91.54 91.36 91.34 91.44 91.10 92.04 92.87 92.91 92.94 92.46 92.95 92.92 92.81 93.10 93.30 93.26 93.49 92.87 92.47 92.26 91.36 91.26 91.31 91.61 91.46 91.21 91.39 91.45 91.90 92.23 92.48 92.44 92.47 92.60 92.48 92.26 92.37 92.04 92.24 92.03 92.27 91.63 91.33 92.30 92.50 91.81 92.48 92.54 92.26 92.33 92.21 91.84 92.08 92.57 92.71 92.57 92.61 92.90 94.03 94.29 94.69 94.57 94.49 94.08 94.59 94.29 94.73 93.32 93.50
13°S ||     93.85 93.75 93.41 93.08 93.33 93.81 94.21 94.49 94.36 94.46 94.23 93.75 93.61 93.80 93.77 93.86 93.30 93.25 93.08 92.69 92.34 91.92 91.57 91.20 90.68 90.03 89.07 87.18 85.07 84.62 85.79 86.84 87.17 87.27 87.35 88.01 87.78 87.74 87.17 86.91 86.96 88.13 87.43 87.91 88.43 88.93 89.42 89.72 89.96 90.14 90.19 90.95 90.36 91.72 94.81 94.21 94.28 92.31 95.02 95.30 94.09 91.85 91.76 92.02 94.34 94.90 94.59 94.55 92.84 95.01 93.60 93.84 94.11 94.30 94.38 94.59 94.57 94.73 94.80 94.57 94.53 94.54 94.52 94.51 94.36 94.41 94.51 94.35 94.17 94.37 94.25 94.15 93.94 93.65 93.98 93.48 93.26 92.97 92.79 92.80 92.75 92.43 92.02 91.81 91.60 92.10 91.64 91.61 91.48 91.41 91.44 91.60 91.18 91.58 91.46 91.70 91.73 92.57 92.76 92.62 92.68 92.94 92.79 92.78 92.47 92.97 93.04 93.06 92.83 92.60 91.53 91.28 90.96 91.49 91.36 91.58 91.16 91.34 92.03 92.06 92.58 92.46 92.60 92.52 92.59 92.51 92.13 91.96 91.91 91.98 91.94 91.71 92.12 91.64 92.55 92.52 91.99 92.00 92.37 92.49 92.20 92.31 91.92 91.78 92.14 93.13 93.19 93.38 93.78 94.35 94.52 94.65 94.70 94.65 94.62 94.70 94.75 94.65 94.75 94.63
11°S ||     94.72 94.52 94.76 94.78 94.05 94.04 94.27 94.53 94.37 94.37 94.24 94.18 94.22 93.84 94.06 93.93 93.83 93.46 93.25 92.88 92.47 92.15 91.64 91.19 90.53 89.91 89.03 87.39 85.14 83.36 84.31 86.82 87.07 87.09 87.01 87.63 87.56 87.28 86.83 86.60 87.05 87.39 87.33 87.84 88.27 88.69 89.38 89.58 89.79 90.03 89.92 90.62 94.15 94.69 95.36 95.34 92.53 89.42 89.22 90.31 91.01 91.22 91.54 91.78 92.29 92.17 92.39 93.88 93.15 93.34 95.10 94.17 95.10 94.67 94.48 94.68 94.78 94.69 94.76 94.79 94.58 94.59 94.62 94.55 94.57 94.53 94.65 94.45 94.51 94.34 94.33 94.48 93.99 93.82 93.58 93.57 93.62 93.20 91.89 92.30 92.80 92.87 92.32 92.05 91.94 91.59 91.56 91.64 91.40 91.45 91.91 91.57 91.66 91.36 91.63 91.78 91.71 91.96 92.36 92.14 92.29 92.58 92.53 92.43 92.09 92.93 92.84 93.11 92.83 92.79 92.48 91.64 91.06 91.28 91.23 91.78 91.42 91.89 92.26 92.28 92.74 92.65 92.48 92.59 92.62 92.58 92.45 92.51 92.23 92.20 92.04 91.66 91.26 91.76 91.69 91.96 92.39 92.50 92.23 92.71 92.42 92.95 93.25 92.88 93.11 94.27 93.29 93.75 94.01 94.45 94.58 94.61 94.76 94.73 94.78 94.82 94.82 94.54 94.65 94.44
9°S ||     94.23 94.44 94.39 94.60 94.77 94.22 94.55 94.37 94.55 94.62 94.35 94.45 94.25 94.17 94.18 93.96 93.95 93.67 93.46 93.03 92.72 92.24 91.85 91.32 90.75 90.05 89.25 88.47 85.50 82.19 82.18 85.81 86.95 86.96 87.03 86.92 87.33 87.11 87.15 86.84 86.97 87.58 89.23 90.86 89.72 88.75 89.33 89.92 89.86 90.29 93.87 94.91 94.89 95.21 94.24 89.90 89.01 91.02 89.64 90.92 91.20 91.36 92.09 91.98 92.48 92.69 94.07 93.21 94.76 93.54 95.12 95.11 95.18 95.00 94.89 94.79 94.59 94.72 94.73 94.92 94.79 94.57 94.65 94.66 94.63 94.62 94.74 94.50 94.51 94.49 94.62 94.20 94.19 94.11 93.81 93.49 93.58 93.31 92.63 92.52 92.85 92.60 92.19 92.37 92.32 91.88 91.58 91.97 93.18 93.56 91.68 92.03 91.82 91.92 91.87 91.72 91.75 91.84 92.12 92.19 92.19 91.97 92.19 91.99 91.95 92.08 92.38 92.77 92.83 92.82 92.44 92.01 91.10 91.95 91.95 91.34 92.23 92.50 91.88 92.36 92.72 92.77 92.94 92.73 92.73 92.51 92.42 92.86 92.75 92.31 91.51 91.75 91.27 92.05 92.50 92.33 92.57 93.02 92.58 92.81 93.32 94.26 94.52 94.09 94.04 94.52 94.50 94.38 94.55 94.58 94.67 94.74 94.80 94.91 94.87 94.86 94.40 92.79 94.63 94.53
7°S ||     94.58 94.54 94.46 94.45 94.89 94.82 94.64 94.66 94.82 94.73 94.67 94.51 94.40 94.36 94.35 94.40 94.33 93.96 93.65 93.29 92.90 92.46 92.06 91.46 90.90 90.37 89.71 89.14 86.09 83.27 83.94 85.28 86.64 86.88 87.05 87.26 86.84 86.86 87.27 86.86 90.12 90.44 87.83 91.77 91.02 91.20 91.49 93.93 93.03 92.62 91.14 89.58 92.48 95.15 94.29 94.39 94.58 91.73 90.74 91.40 91.54 91.57 91.91 92.10 93.39 94.50 94.41 94.40 92.80 93.01 94.49 95.13 95.11 95.01 95.07 94.99 94.89 94.65 94.63 94.72 94.76 94.71 94.73 94.62 94.66 94.59 94.51 94.43 94.37 94.46 94.40 94.48 94.19 94.11 94.08 94.14 94.14 93.55 92.97 93.15 92.20 92.14 92.31 92.38 91.64 92.14 92.30 91.97 91.96 92.00 92.23 92.20 92.36 91.61 91.71 91.73 91.72 92.27 92.33 92.13 91.73 91.55 91.66 91.42 91.86 92.41 92.17 92.34 92.81 92.82 92.69 92.55 91.48 91.38 91.82 92.07 92.10 92.21 92.07 92.47 92.78 92.73 93.06 93.01 92.96 93.02 93.14 93.16 93.12 93.41 91.30 91.14 91.32 92.05 91.59 92.93 94.25 93.62 93.74 93.70 94.28 94.49 94.45 94.34 94.67 94.78 94.70 94.78 94.79 94.77 94.79 94.78 94.83 94.89 94.92 94.93 94.82 94.71 94.70 94.59
5°S ||     94.63 94.69 94.74 94.71 94.60 94.90 94.88 94.88 94.91 94.77 94.67 94.37 94.46 94.59 94.69 94.75 94.74 94.54 93.80 93.77 93.28 92.87 92.40 91.80 91.30 90.74 90.20 89.34 88.22 86.69 85.49 85.70 86.65 86.78 87.14 87.39 87.37 88.34 87.64 87.04 87.38 87.68 88.11 92.48 90.64 92.94 90.67 91.62 90.61 89.83 89.40 92.58 93.65 94.18 93.55 89.95 90.32 91.50 94.28 93.69 91.81 91.97 92.10 92.16 92.92 92.52 93.34 92.81 92.92 93.24 93.88 94.40 94.89 94.33 94.30 94.94 95.01 94.96 94.49 94.60 94.88 94.81 94.79 94.73 94.69 94.60 94.48 94.49 94.57 94.51 94.43 94.36 94.43 94.04 94.09 94.21 94.14 94.11 93.75 93.85 92.97 91.95 92.15 92.34 92.69 92.37 92.25 92.17 92.30 92.11 92.73 92.82 92.64 91.84 91.66 91.72 91.47 91.71 91.44 92.04 91.72 92.06 91.79 91.80 92.07 91.86 92.50 92.08 92.67 92.74 92.58 91.99 92.12 91.56 92.05 92.23 92.59 92.48 92.60 92.74 92.62 92.90 93.45 93.52 93.30 93.26 94.00 93.70 93.19 92.93 92.30 91.84 92.70 92.58 92.48 93.08 94.68 94.30 95.02 94.66 94.55 94.43 94.37 94.71 94.71 94.85 94.85 94.83 94.83 94.86 94.87 94.86 94.91 94.91 94.91 94.92 94.93 94.88 94.80 94.72
3°S ||     94.73 94.70 94.79 94.80 94.75 94.96 94.96 94.93 94.84 94.87 94.55 94.07 94.59 94.90 94.88 94.92 94.48 93.85 94.54 94.22 93.90 93.24 93.08 92.44 91.77 91.19 90.67 89.78 89.12 87.88 86.96 86.78 86.51 86.48 87.23 87.65 87.97 88.14 88.17 87.77 87.58 88.14 88.51 89.37 89.67 89.72 90.35 90.39 90.21 89.90 89.65 89.44 89.93 92.23 91.66 90.48 91.09 91.63 91.99 94.81 91.79 92.55 92.51 92.77 92.91 93.04 94.08 93.40 93.58 93.95 94.18 94.35 95.11 94.63 94.57 94.89 94.79 94.86 94.69 94.72 94.80 94.80 94.89 94.81 94.72 94.65 94.70 94.61 94.60 94.56 94.51 94.42 94.34 94.30 94.18 94.13 93.66 94.12 94.11 94.15 93.24 92.60 92.37 92.55 92.86 92.35 92.49 92.69 92.62 92.63 92.89 92.89 92.57 92.24 92.05 91.57 91.27 92.57 92.33 92.10 92.00 92.12 91.93 92.33 91.76 92.12 91.87 92.59 92.66 92.91 92.43 92.59 92.47 92.32 92.76 93.53 92.37 93.09 92.94 92.64 92.92 93.01 93.83 93.83 93.39 94.15 93.97 93.47 93.12 92.81 92.21 92.43 92.32 92.53 92.78 93.74 94.59 94.72 94.71 94.54 94.76 94.72 94.71 94.68 94.76 94.86 94.82 94.72 94.91 94.92 94.91 94.93 94.94 94.95 94.95 94.95 94.94 94.91 94.84 94.82
1°S ||     94.84 94.82 94.84 94.88 94.90 94.97 94.97 94.92 94.90 94.72 94.45 93.91 94.74 94.89 94.95 94.80 94.54 94.72 94.66 94.27 94.12 93.83 93.51 92.97 92.35 91.53 90.90 90.20 89.53 88.82 87.84 87.29 86.00 84.62 87.43 87.85 88.11 88.38 88.54 88.57 88.62 89.45 89.80 90.11 90.37 90.93 91.25 91.48 91.75 91.95 91.33 92.74 94.81 90.49 90.62 90.92 91.78 92.13 92.24 93.52 92.60 92.88 92.91 92.90 93.16 93.28 93.26 94.02 94.21 94.26 94.70 94.41 95.05 95.07 94.77 94.78 94.72 94.74 94.76 94.82 94.94 94.91 94.87 94.75 94.77 94.76 94.69 94.61 94.54 94.51 94.55 94.60 94.44 94.39 94.22 94.14 93.54 94.10 94.09 94.13 93.29 93.06 92.86 92.63 92.87 92.79 92.73 92.93 92.99 93.06 93.21 93.18 92.43 92.18 92.15 91.80 91.49 92.61 92.38 92.34 92.37 91.94 92.02 91.80 92.19 92.26 92.46 92.62 93.26 93.09 92.71 92.17 92.68 92.81 93.49 93.47 93.21 94.07 93.02 92.83 93.07 93.24 93.92 93.98 94.04 94.21 94.09 93.05 93.36 92.84 92.70 92.80 93.55 93.62 94.01 94.70 94.83 94.87 94.81 94.80 94.90 94.86 94.78 94.77 94.87 94.83 94.71 94.83 94.90 94.92 94.93 94.94 94.94 94.95 94.95 94.95 94.92 94.93 94.89 94.86
1°N ||     94.87 94.82 94.88 94.94 94.92 94.94 94.97 95.02 94.91 94.79 94.52 94.52 94.84 94.95 94.96 94.90 94.84 94.79 94.22 94.57 94.30 94.30 93.56 92.73 92.15 91.98 91.30 90.39 89.61 89.34 88.93 88.41 86.37 83.97 84.83 88.13 88.28 88.42 88.73 89.06 89.46 89.79 90.03 90.35 90.76 91.27 91.62 91.99 92.58 93.00 91.49 90.42 90.24 90.64 90.96 91.58 92.06 92.53 92.61 93.10 92.82 93.08 93.80 93.07 93.22 93.38 93.23 94.41 93.86 94.18 94.49 94.98 95.22 95.22 94.62 94.71 94.73 94.76 94.61 94.96 94.65 94.95 94.82 94.72 94.80 94.80 94.70 94.59 94.63 94.54 94.52 94.58 94.47 94.46 94.41 94.20 94.12 93.74 93.78 93.56 93.53 93.59 93.32 93.50 92.96 92.71 92.78 93.36 93.18 93.15 93.13 92.67 92.83 92.67 92.22 92.03 92.39 92.37 92.06 92.52 92.30 92.13 92.22 92.25 92.24 92.36 92.57 92.85 92.91 93.15 93.65 93.43 93.96 93.92 93.97 93.95 93.62 93.57 93.80 93.46 93.95 94.03 94.31 94.29 94.35 94.04 93.41 93.34 93.41 93.06 93.35 93.79 94.45 94.64 94.67 94.72 94.83 94.88 94.86 94.90 94.87 94.87 94.84 94.89 94.88 94.84 94.79 94.89 94.91 94.92 94.93 94.94 94.94 94.95 94.95 94.95 94.95 94.94 94.93 94.90
3°N ||     94.95 94.94 94.95 94.96 94.98 94.99 94.98 94.97 94.95 94.80 94.73 94.76 94.96 94.99 94.98 94.95 94.91 94.59 94.43 94.71 94.61 94.00 93.31 92.52 91.82 92.61 91.82 89.83 89.64 89.74 89.61 89.75 89.26 86.11 87.48 88.41 88.19 88.31 88.80 89.25 89.66 89.90 90.09 90.08 91.17 91.63 92.16 92.52 92.89 93.63 93.70 92.10 91.46 91.71 92.12 92.50 92.75 92.88 92.97 93.32 93.24 93.10 92.79 93.88 94.00 93.58 93.74 94.21 94.28 94.47 94.57 94.68 95.08 95.11 95.02 94.93 94.97 94.93 94.88 94.89 94.72 94.70 94.83 94.77 94.73 94.80 94.68 94.55 94.60 94.60 94.64 94.59 94.54 94.47 94.39 94.23 94.20 93.95 94.09 93.90 93.88 93.89 93.88 93.62 93.61 92.95 93.27 93.71 94.11 93.10 93.26 92.95 92.52 92.48 92.33 92.80 92.57 92.57 92.24 92.56 92.37 92.22 92.18 92.33 92.34 92.43 92.70 92.88 93.17 93.31 94.22 94.53 94.67 94.70 94.88 94.72 94.15 94.03 93.84 94.13 94.17 94.34 94.44 94.34 94.28 93.80 93.75 93.57 93.41 93.06 94.02 94.71 94.66 94.58 94.62 94.82 94.86 94.89 94.90 94.91 94.86 94.91 94.89 94.91 94.90 94.86 94.88 94.91 94.92 94.92 94.92 94.94 94.94 94.94 94.94 94.95 94.95 94.96 94.96 94.96
5°N ||     94.95 94.97 95.02 94.97 95.00 95.00 94.99 94.99 94.97 94.91 94.87 94.84 94.99 95.01 95.01 94.99 94.84 94.48 94.82 94.78 94.49 93.53 92.83 92.36 92.68 92.81 92.54 91.22 89.75 89.66 89.87 90.30 90.56 90.23 89.36 88.75 88.02 87.85 88.93 89.52 89.92 90.14 90.26 90.02 91.39 92.22 92.64 92.95 93.38 94.03 94.29 92.62 92.59 92.93 93.15 93.36 93.31 93.36 93.43 93.62 93.94 93.45 93.02 93.21 93.52 94.03 94.24 94.34 94.39 94.61 94.79 95.03 94.80 94.94 95.10 95.02 94.92 94.79 94.73 94.73 94.67 94.78 94.72 94.76 94.82 94.75 94.73 94.59 94.63 94.59 94.56 94.57 94.40 94.36 94.32 94.30 94.27 94.28 94.15 93.93 93.91 93.91 93.81 93.88 93.78 93.75 93.81 93.70 93.80 92.92 93.11 92.27 92.48 92.36 92.59 92.42 92.45 92.62 92.54 92.52 92.38 92.25 92.14 92.19 92.80 92.52 92.69 93.01 93.39 93.90 94.50 95.07 95.10 95.10 95.09 95.05 95.00 94.64 94.49 94.42 94.40 94.57 94.48 94.29 94.32 93.93 93.74 93.76 93.21 93.31 94.70 94.65 94.73 94.75 94.79 94.81 94.87 94.89 94.91 94.91 94.91 94.90 94.91 94.91 94.91 94.91 94.91 94.91 94.92 94.92 94.92 94.93 94.93 94.94 94.94 94.95 94.95 94.96 94.96 94.97
7°N ||     94.96 94.97 94.98 94.98 95.00 95.00 95.00 95.00 94.99 94.95 94.90 94.96 95.01 95.03 95.03 94.99 94.80 94.91 94.89 94.79 94.27 93.67 93.78 93.48 93.29 93.22 92.84 91.96 89.36 89.52 89.87 90.69 90.98 90.73 90.09 89.19 87.13 87.11 89.39 89.87 90.16 90.35 90.47 90.75 91.96 92.39 92.75 93.15 93.55 93.98 94.32 94.37 93.31 93.28 93.27 93.32 93.49 93.66 93.82 93.94 94.00 93.78 93.25 93.75 94.17 94.24 94.46 94.53 94.57 94.70 94.83 95.04 95.13 95.05 95.09 94.83 94.80 94.76 94.91 94.92 94.89 94.76 94.78 94.79 94.76 94.66 94.66 94.58 94.64 94.53 94.58 94.54 94.51 94.55 94.32 94.24 94.16 94.28 94.07 93.79 93.79 93.85 93.96 93.80 93.75 93.97 93.47 94.12 93.81 93.86 93.34 92.88 92.76 92.22 92.35 92.47 92.36 92.54 92.55 92.58 92.34 92.41 92.16 92.75 93.19 92.43 92.71 93.11 93.90 94.67 95.06 95.13 95.12 95.11 95.11 95.09 95.08 95.00 94.67 94.65 94.69 94.61 94.41 94.45 93.94 93.59 93.73 94.09 93.81 93.77 94.64 94.77 94.80 94.83 94.84 94.84 94.90 94.91 94.90 94.92 94.92 94.90 94.91 94.91 94.91 94.91 94.91 94.91 94.90 94.91 94.91 94.89 94.92 94.93 94.93 94.95 94.96 94.96 94.96 94.97
9°N ||     94.98 95.00 94.96 94.97 95.00 95.00 95.00 95.00 95.01 94.97 94.93 95.00 95.03 95.04 95.04 94.96 94.91 94.96 94.88 94.63 94.54 94.35 94.25 94.07 93.84 93.49 93.12 92.10 89.91 89.82 90.40 91.27 91.26 91.47 91.01 89.63 86.54 84.89 88.69 90.16 90.33 90.56 90.80 91.20 91.87 92.40 92.83 93.26 93.59 94.02 94.33 94.39 94.21 93.56 93.48 93.50 93.64 93.82 93.95 94.11 94.25 94.15 93.95 94.01 94.21 94.50 94.70 94.72 94.75 94.86 95.03 95.05 95.03 95.11 94.90 94.89 94.90 94.87 94.93 94.80 94.80 94.78 94.75 94.79 94.80 94.74 94.71 94.77 94.71 94.71 94.61 94.56 94.47 94.52 94.41 94.55 94.27 94.17 94.11 94.12 94.05 93.67 93.42 93.33 93.88 94.05 94.11 93.63 93.55 93.37 93.30 93.30 93.10 93.29 92.93 92.62 92.48 92.53 92.53 92.22 92.44 92.36 92.05 93.48 92.56 92.43 92.86 93.41 94.22 94.90 95.09 95.14 95.14 95.14 95.12 95.11 95.10 95.06 94.97 94.87 94.79 94.74 94.40 94.19 94.17 94.08 94.41 94.56 94.45 94.46 94.74 94.84 94.87 94.83 94.90 94.92 94.90 94.90 94.89 94.89 94.96 94.87 94.87 94.88 94.90 94.91 94.89 94.90 94.87 94.88 94.88 94.92 94.92 94.94 94.92 94.95 94.96 94.96 94.97 94.97
11°N ||     94.99 94.98 94.99 94.98 95.01 95.01 95.02 95.02 95.04 95.03 95.01 95.05 95.06 95.05 95.04 95.03 94.97 94.97 94.88 94.73 94.64 94.55 94.35 94.11 93.80 93.53 93.01 92.07 91.26 91.58 91.52 91.51 91.54 91.56 91.67 91.54 87.16 81.99 83.44 90.14 90.49 90.74 91.04 91.43 91.88 92.46 93.00 93.36 93.75 94.02 94.28 94.41 94.38 93.79 93.67 93.66 93.80 93.96 94.05 94.19 94.30 94.07 93.97 94.30 94.53 94.67 94.82 94.88 94.92 94.89 95.11 95.08 94.89 95.12 95.06 94.87 95.04 94.84 94.80 94.84 94.79 94.76 94.71 94.68 94.75 94.77 94.80 94.77 94.73 94.67 94.62 94.58 94.59 94.59 94.62 94.41 94.50 94.17 94.24 94.29 94.18 94.13 93.80 93.38 94.04 93.95 94.58 93.89 94.28 93.29 93.55 93.49 93.43 93.64 93.29 92.74 92.47 92.75 92.98 92.41 92.61 92.49 92.26 92.13 92.32 92.79 93.20 93.76 94.56 94.96 95.14 95.15 95.16 95.14 95.11 95.11 95.09 95.07 95.01 94.91 94.86 94.46 94.60 94.48 94.31 94.60 94.75 94.80 94.80 94.82 94.86 94.90 94.94 94.95 94.92 94.93 94.92 94.92 94.88 94.85 94.82 94.77 94.79 94.80 94.83 94.85 94.85 94.85 94.86 94.92 94.72 94.89 94.92 94.92 94.92 94.96 94.96 94.96 94.89 94.97
13°N ||     94.97 95.00 94.93 94.93 95.01 95.01 95.03 95.04 95.05 95.05 95.06 95.08 95.07 95.07 95.06 95.04 95.01 94.96 94.71 94.74 94.68 94.47 94.30 94.14 93.76 93.39 93.04 92.62 91.81 91.81 91.69 91.67 91.68 91.79 91.99 92.15 91.37 83.79 84.93 89.27 90.28 90.98 91.36 91.65 88.71 92.75 93.18 93.51 93.83 94.02 94.32 94.40 94.42 93.88 93.80 93.87 93.99 94.10 94.17 94.25 94.28 94.34 94.42 94.35 94.64 94.85 94.91 94.95 94.97 95.08 95.10 95.08 94.97 94.95 94.91 95.03 94.93 94.90 94.79 94.69 94.69 94.76 94.72 94.75 94.74 94.74 95.08 94.75 94.93 94.70 94.59 94.62 94.62 94.69 94.64 94.38 94.40 94.44 94.50 94.52 94.48 94.08 93.93 94.01 94.12 94.24 94.11 94.31 94.60 93.83 93.81 94.10 93.68 93.59 93.44 93.22 92.96 93.09 93.25 93.18 93.01 92.64 92.54 92.57 92.67 92.92 93.41 94.10 94.72 94.97 95.14 95.15 95.14 95.13 95.11 95.11 95.10 95.08 95.03 94.95 94.90 94.71 94.77 94.80 94.79 94.82 94.81 94.91 94.88 94.92 94.94 94.95 94.98 95.00 95.00 94.97 94.96 94.91 94.84 94.72 94.54 94.42 94.57 94.59 94.69 94.75 94.77 94.82 94.81 94.82 94.83 94.78 94.91 94.91 94.93 94.93 94.96 94.95 94.74 94.88
15°N ||     94.98 95.00 95.00 95.04 95.03 95.01 95.04 95.06 95.07 95.08 95.09 95.11 95.10 95.10 95.09 95.06 94.97 94.89 94.75 94.75 94.34 91.13 86.68 86.12 88.43 93.24 92.90 92.78 92.51 92.00 91.91 91.79 91.82 91.90 92.01 92.12 92.13 90.84 88.84 89.22 90.51 91.18 91.63 91.90 92.39 93.07 93.34 93.63 93.85 94.01 94.27 94.40 94.46 93.96 93.97 93.96 94.06 94.19 94.26 94.28 94.34 94.33 94.28 94.54 94.87 94.93 94.96 94.98 94.99 95.07 95.12 95.10 95.03 94.98 95.04 94.97 94.94 94.91 94.87 94.85 94.85 94.78 94.53 94.99 94.78 94.75 94.77 94.74 94.75 94.75 94.89 94.76 94.65 94.61 94.55 94.52 94.55 94.58 94.62 94.67 94.56 94.57 94.24 94.17 94.25 94.27 94.11 94.62 94.45 93.61 93.89 93.94 94.00 94.04 93.55 93.47 93.24 93.07 93.17 93.18 92.97 93.08 92.88 92.95 93.08 93.26 93.65 94.39 94.85 95.12 95.13 95.12 95.14 95.12 95.11 95.10 95.09 95.08 95.04 94.97 94.93 94.91 94.88 94.87 94.86 94.87 94.89 94.91 94.96 94.97 94.99 95.00 95.00 95.02 95.02 95.01 94.97 94.90 94.77 94.56 94.32 94.14 93.92 94.13 94.30 94.60 94.70 94.75 94.76 94.79 94.81 94.82 94.87 94.91 94.91 94.92 94.94 94.97 94.87 95.08
17°N ||     95.00 95.02 95.02 95.04 94.97 95.04 95.05 95.06 95.09 95.09 95.11 95.12 95.13 95.12 95.13 95.00 94.93 94.91 94.83 94.83 93.73 85.80 82.30 81.25 83.87 90.71 92.84 92.81 93.08 92.54 92.22 91.94 91.87 91.94 92.03 92.14 92.17 91.94 90.79 90.66 91.16 91.41 91.71 92.01 92.48 93.11 93.47 93.74 93.93 94.09 94.21 94.46 94.42 93.79 93.84 94.08 94.14 94.23 94.27 94.32 94.37 94.45 94.58 94.82 94.89 94.97 95.00 95.03 95.08 95.09 95.06 95.09 95.08 95.04 95.06 95.00 94.94 94.95 94.92 94.84 94.80 94.68 94.78 94.88 94.74 94.77 94.78 95.05 94.75 94.81 94.77 94.74 94.59 94.60 94.66 94.71 94.67 94.68 94.67 94.74 94.73 94.66 94.46 94.38 94.56 94.54 94.54 94.51 94.06 93.83 94.01 94.04 93.90 93.74 93.67 93.58 93.33 92.67 93.06 93.20 93.24 93.23 93.16 93.23 93.31 93.49 94.22 94.50 94.88 95.09 95.12 95.13 95.12 95.11 95.11 95.11 95.09 95.07 95.04 95.01 94.97 94.98 94.96 94.96 94.95 94.98 94.98 94.99 95.01 95.02 95.03 95.03 95.03 95.05 95.04 95.04 95.00 94.90 94.77 94.39 94.04 93.64 93.34 93.36 93.74 94.45 94.64 94.67 94.67 94.73 94.78 94.83 94.87 94.90 94.89 94.93 94.98 94.98 94.96 95.01
19°N ||     95.00 95.02 95.04 95.05 95.06 95.04 95.05 95.07 95.10 95.11 95.13 95.14 95.15 95.15 95.16 95.02 94.94 94.88 94.64 94.76 94.20 85.91 82.37 81.60 83.47 90.80 93.16 93.32 93.37 93.22 92.60 92.09 91.80 91.74 91.76 92.05 92.22 92.19 91.69 91.52 91.61 91.68 91.78 92.00 92.33 92.92 93.56 93.81 94.03 94.10 94.21 94.49 94.30 94.36 93.79 93.99 94.16 94.22 94.31 94.32 94.42 94.46 94.70 94.89 94.96 95.01 95.06 95.08 95.12 95.12 95.15 95.12 95.11 95.09 95.08 95.00 94.98 94.98 95.04 94.88 94.82 94.78 94.78 94.83 95.03 94.72 94.76 94.68 94.75 94.78 94.79 94.79 94.87 94.72 94.71 94.75 94.72 94.72 94.71 94.74 94.74 94.58 94.92 94.59 94.68 94.40 94.25 94.50 94.24 94.17 94.04 93.92 93.70 93.65 93.68 93.93 93.17 93.39 93.15 93.50 93.68 93.89 93.27 93.32 93.41 93.62 94.13 93.97 94.74 94.95 95.06 95.11 95.10 95.10 95.10 95.08 95.08 95.07 95.06 95.04 95.04 95.04 95.06 95.04 95.04 95.03 95.05 95.06 95.06 95.07 95.08 95.07 95.09 95.08 95.08 95.05 95.02 94.90 94.66 94.20 93.49 93.01 92.87 93.16 93.22 92.30 94.44 94.55 94.62 94.68 94.76 94.83 94.87 94.90 94.91 94.96 94.89 94.99 94.99 95.01
21°N ||     95.06 95.04 95.04 95.07 95.09 95.09 95.09 95.10 95.13 95.14 95.16 95.16 95.17 95.18 95.18 95.02 94.94 94.75 94.66 94.81 94.67 87.85 85.59 84.74 86.51 92.68 93.69 93.69 93.59 93.31 92.86 92.30 91.79 91.53 91.34 91.25 92.16 92.19 92.01 91.86 91.81 91.83 91.89 92.04 92.33 92.88 93.65 93.80 93.94 94.08 94.09 94.35 94.51 94.57 93.90 94.00 94.05 94.18 94.22 94.35 94.45 94.48 94.80 94.90 94.97 95.09 95.10 95.12 95.14 95.15 95.15 95.14 95.11 95.12 95.09 95.03 95.02 95.02 94.96 94.88 94.85 94.89 94.86 94.82 94.72 94.77 94.85 94.77 94.79 94.81 94.78 94.78 94.74 94.73 94.79 94.76 94.73 94.74 94.73 94.74 94.76 94.63 94.51 94.70 94.43 94.54 94.63 93.91 94.26 94.52 93.88 93.67 93.66 93.74 93.76 93.95 93.49 93.51 92.52 93.78 93.85 93.80 93.06 93.25 93.57 93.63 94.08 93.91 94.33 94.68 94.93 94.96 95.03 95.05 95.05 95.08 95.08 95.08 95.08 95.07 95.07 95.09 95.09 95.09 95.10 95.09 95.11 95.11 95.11 95.10 95.11 95.11 95.11 95.10 95.11 95.10 95.06 94.92 94.61 93.84 92.88 92.65 92.54 92.51 93.03 93.70 94.22 94.41 94.53 94.66 94.77 94.82 94.87 94.89 94.94 94.95 94.88 95.00 95.01 95.02
23°N ||     95.06 95.07 95.07 95.09 95.10 95.12 95.13 95.15 95.16 95.17 95.18 95.18 95.19 95.19 95.19 95.03 94.91 94.71 94.81 94.87 94.88 93.14 91.06 90.20 93.21 94.33 94.01 93.91 93.73 93.22 92.76 92.32 91.89 91.42 91.15 91.06 91.87 92.20 92.12 91.85 91.84 91.62 91.91 92.10 92.14 93.10 93.37 93.65 93.77 93.94 94.05 94.16 94.35 94.54 94.37 94.12 94.64 94.93 94.86 94.56 94.48 94.36 94.82 94.91 94.98 95.08 95.13 95.14 95.16 95.17 95.16 95.17 95.11 95.23 95.13 95.09 95.07 95.08 95.06 94.96 94.88 94.79 94.71 94.80 94.75 94.76 94.78 94.81 94.80 94.74 94.82 94.83 94.81 94.77 94.83 94.84 94.88 94.66 94.81 94.80 94.74 94.66 94.54 94.66 94.66 94.63 94.63 94.46 94.23 94.38 94.13 93.85 93.86 93.67 93.65 93.71 93.84 93.48 92.73 93.70 93.83 93.61 94.45 94.15 93.53 93.48 93.78 94.01 94.11 94.48 94.70 94.83 94.91 94.96 95.01 95.06 95.07 95.09 95.10 95.10 95.11 95.14 95.12 95.15 95.16 95.17 95.18 95.17 95.20 95.18 95.18 95.17 95.16 95.17 95.17 95.15 95.13 94.95 94.57 93.72 93.02 92.55 92.35 90.65 91.53 93.07 93.94 94.32 94.55 94.66 94.77 94.83 94.88 94.92 94.96 94.93 94.99 95.00 94.96 95.05
25°N ||     95.07 95.08 95.08 95.11 95.14 95.14 95.16 95.16 95.17 95.18 95.19 95.19 95.19 95.20 95.20 95.05 94.87 94.78 94.81 94.74 94.89 94.84 94.84 94.84 94.69 94.45 93.83 94.02 93.56 93.05 92.53 92.20 91.73 91.32 91.08 90.57 90.63 92.09 92.18 91.84 91.94 91.85 91.96 91.17 92.45 93.13 93.49 93.62 93.71 93.81 93.65 93.99 94.02 94.61 94.02 94.08 94.15 94.10 94.69 94.97 94.99 94.65 94.86 95.02 95.08 95.14 95.16 95.16 95.18 95.19 95.19 95.18 95.17 95.15 95.10 95.12 95.11 95.12 95.15 95.02 94.97 94.85 94.82 94.87 94.85 94.83 94.85 94.83 94.84 94.77 94.81 94.88 94.83 94.83 94.84 94.88 94.86 94.82 94.78 94.81 94.64 94.66 94.73 94.66 94.57 94.77 94.72 94.41 94.59 94.51 94.18 94.36 94.29 94.22 94.52 93.78 93.99 93.17 93.44 92.89 93.30 93.22 93.26 93.53 93.56 93.68 93.60 93.53 94.17 93.98 94.63 94.83 94.82 94.92 95.02 95.07 95.09 95.13 95.14 95.15 95.17 95.18 95.19 95.22 95.25 95.28 95.31 95.32 95.31 95.28 95.26 95.25 95.25 95.24 95.22 95.19 95.16 95.11 94.79 94.11 92.95 92.50 90.69 84.67 90.41 92.92 93.97 94.38 94.54 94.68 94.81 94.82 94.89 94.93 94.98 94.99 95.01 95.01 95.04 95.06
27°N ||     95.10 95.11 95.12 95.12 95.16 95.15 95.18 95.19 95.19 95.19 95.20 95.20 95.20 95.20 95.20 95.09 94.90 94.79 94.81 94.79 94.77 94.81 94.53 94.64 94.65 94.53 94.34 93.72 93.29 92.90 92.38 92.01 91.65 91.24 90.59 90.50 90.82 92.27 92.47 92.04 92.21 92.19 92.22 91.16 92.08 93.10 93.41 93.55 93.63 93.48 93.26 93.39 94.07 94.36 94.60 94.71 94.64 94.81 94.85 94.98 94.86 94.54 95.08 95.11 95.13 95.15 95.15 95.17 95.19 95.20 95.16 95.19 95.19 95.17 95.12 95.18 95.13 95.15 95.17 95.16 95.01 94.97 94.93 94.91 94.92 94.87 94.83 94.81 94.84 94.84 94.85 94.86 94.84 94.82 94.85 94.80 94.86 94.84 94.74 94.64 94.85 94.60 94.72 94.73 94.39 94.83 94.11 94.49 94.60 94.43 94.41 94.47 94.43 94.35 94.28 94.39 94.25 94.66 93.94 93.62 93.88 94.43 93.52 93.80 93.87 93.29 93.01 93.83 94.33 94.07 94.68 94.78 94.89 94.99 95.06 95.11 95.15 95.15 95.17 95.20 95.22 95.25 95.28 95.36 95.43 95.44 95.47 95.44 95.44 95.40 95.37 95.37 95.31 95.27 95.23 95.20 95.17 95.12 94.99 94.30 93.37 92.70 91.82 91.10 91.86 93.65 94.29 94.50 94.61 94.72 94.75 94.89 94.93 94.96 94.99 95.02 95.02 95.03 95.06 95.08
29°N ||     95.13 95.15 95.16 95.17 95.19 95.19 95.20 95.21 95.21 95.21 95.21 95.21 95.21 95.17 95.21 95.20 95.05 94.86 94.75 94.76 94.77 94.77 94.51 94.44 94.74 94.59 94.03 93.60 93.18 92.71 92.29 91.90 91.63 91.21 90.02 90.39 91.38 92.28 92.42 92.21 92.52 92.57 92.53 92.65 92.88 93.13 93.45 93.60 93.59 93.17 93.27 93.55 93.59 94.38 94.45 94.54 94.55 94.78 94.83 94.90 94.89 94.97 95.05 95.01 94.96 95.11 95.13 95.16 95.19 95.21 95.19 95.22 95.21 95.22 95.21 95.20 95.17 95.18 95.20 95.21 95.20 95.04 95.00 94.96 94.97 94.90 94.86 95.35 94.87 94.84 94.88 94.92 94.87 94.87 94.79 94.83 94.87 94.86 94.76 94.75 94.69 94.72 94.71 94.74 94.60 94.49 94.27 94.42 94.46 94.26 94.45 94.42 94.58 94.75 94.72 94.70 94.45 94.00 93.91 93.84 94.07 93.79 93.64 93.78 93.48 93.96 94.57 94.77 94.75 94.81 94.86 94.92 95.03 95.06 95.10 95.15 95.17 95.20 95.24 95.28 95.34 95.40 95.49 95.55 95.59 95.66 95.63 95.54 95.59 95.52 95.49 95.42 95.36 95.29 95.26 95.24 95.20 95.17 95.07 94.79 94.28 93.67 93.03 92.98 93.54 94.35 94.53 94.61 94.68 94.75 94.86 94.91 94.96 94.99 95.03 95.06 95.06 95.07 95.10 95.12
31°N ||     95.19 95.17 95.20 95.20 95.21 95.21 95.21 95.23 95.23 95.23 95.22 95.23 95.23 95.23 95.22 95.21 95.12 95.01 94.95 94.94 94.89 94.86 94.73 94.73 94.82 94.17 93.86 93.51 92.98 92.63 92.22 92.10 91.55 91.26 90.76 90.81 91.41 92.34 92.39 92.38 92.61 92.74 92.90 92.91 93.06 93.23 93.43 93.64 93.53 92.93 93.54 93.68 93.74 94.00 94.12 94.26 94.45 94.51 94.61 94.88 94.76 94.95 94.98 95.02 95.07 95.08 95.12 95.14 95.16 95.21 95.22 95.22 95.24 95.26 95.24 95.28 95.21 95.22 95.24 95.22 95.21 95.18 95.08 95.17 95.04 94.98 94.91 94.85 94.89 94.91 94.92 94.90 94.87 94.84 94.95 94.89 94.84 94.77 94.74 94.83 94.68 94.71 94.77 94.76 94.63 94.62 94.37 94.37 94.49 94.36 94.32 94.29 94.59 94.70 94.66 94.66 94.35 94.03 94.20 94.22 94.17 94.57 93.88 93.74 94.16 94.01 94.34 94.83 94.79 94.86 94.93 95.01 95.04 95.09 95.13 95.17 95.21 95.26 95.37 95.44 95.50 95.58 95.79 95.68 95.75 95.79 95.76 95.71 95.68 95.61 95.52 95.47 95.52 95.35 95.34 95.29 95.25 95.21 95.13 95.04 94.82 94.64 94.50 94.46 94.21 93.86 94.70 94.71 94.75 94.80 94.65 95.11 95.01 94.87 95.08 95.01 95.11 95.12 95.13 95.17
33°N ||     95.23 95.11 95.21 95.21 95.23 95.22 95.23 95.24 95.23 95.24 95.24 95.25 95.25 95.24 95.26 95.24 95.23 95.13 95.00 94.84 94.88 94.88 94.90 94.87 94.45 93.99 93.73 93.36 93.09 92.42 92.06 91.76 91.32 90.93 90.61 90.72 91.32 92.20 92.54 92.64 92.80 92.97 93.04 93.12 93.00 93.21 93.21 93.06 93.04 93.20 93.54 93.80 93.85 93.78 94.06 94.36 94.48 94.54 94.52 94.57 94.55 94.57 94.80 95.01 95.01 95.12 95.14 95.15 95.17 95.21 95.24 95.30 95.30 95.30 95.29 95.34 95.31 95.32 95.31 95.24 95.28 95.27 95.20 95.12 95.07 95.00 94.94 94.90 94.96 94.91 94.91 94.82 94.89 94.89 94.88 94.84 94.85 94.76 94.83 94.84 94.64 94.61 94.71 94.55 94.85 94.45 94.49 94.31 94.48 94.11 93.92 94.14 94.48 94.58 94.50 94.29 94.28 94.39 94.23 94.58 94.51 94.57 94.53 94.14 94.37 94.66 94.70 94.85 94.90 94.97 95.00 95.05 95.09 95.13 95.17 95.21 95.27 95.40 95.50 95.55 95.66 95.71 95.78 95.83 95.94 95.82 95.78 95.76 95.72 95.56 95.60 95.56 95.49 95.40 95.32 95.39 95.36 95.29 95.24 95.20 95.13 95.07 95.04 94.97 94.81 94.53 94.89 94.83 94.80 94.86 94.88 95.00 95.06 95.08 95.11 95.13 95.14 95.17 95.19 95.22
35°N ||     95.26 95.24 95.24 95.23 95.24 95.24 95.24 95.24 95.24 95.25 95.26 95.26 95.26 95.25 95.27 95.25 95.26 95.23 95.13 94.47 94.81 94.86 94.82 94.58 93.81 93.99 93.70 93.33 92.84 92.23 91.68 91.07 90.48 90.20 90.01 89.94 90.37 91.03 92.16 92.81 93.03 93.11 93.18 93.16 92.44 92.68 93.34 93.54 93.25 93.13 93.53 93.42 93.26 93.45 93.91 94.35 94.51 94.60 94.61 94.64 94.65 94.62 94.80 95.01 95.10 95.13 95.15 95.15 95.18 95.21 95.23 95.32 95.29 95.35 95.36 95.42 95.40 95.45 95.40 95.34 95.32 95.29 95.30 95.12 95.08 95.02 95.00 94.98 94.95 94.96 94.86 94.87 94.88 94.93 94.97 94.83 94.83 94.80 94.85 94.80 94.78 94.76 94.75 94.72 94.70 94.53 94.41 94.72 94.38 93.98 94.51 94.07 94.13 94.04 93.94 93.87 94.11 94.26 94.35 94.70 94.73 94.68 94.89 94.84 94.78 94.88 94.88 94.91 94.96 95.00 95.04 95.09 95.11 95.16 95.20 95.27 95.36 95.50 95.61 95.70 95.74 95.79 95.91 95.98 96.02 95.99 95.91 95.89 95.77 95.74 95.66 95.49 95.56 95.47 95.45 95.43 95.39 95.33 95.32 95.27 95.24 95.19 95.17 95.15 95.10 95.07 95.02 94.94 94.90 94.92 94.92 94.99 95.00 95.10 95.12 95.15 95.17 95.22 95.25 95.27
37°N ||     95.32 95.26 95.26 95.24 95.26 95.25 95.26 95.26 95.25 95.26 95.26 95.27 95.27 95.26 95.25 95.24 95.23 95.21 95.20 94.83 94.82 94.78 94.66 94.43 93.98 94.04 93.73 93.37 92.91 91.93 90.85 90.08 89.33 88.88 88.87 89.23 89.61 89.72 90.72 92.02 92.93 93.30 93.35 93.31 93.21 93.05 93.20 93.37 93.52 93.86 93.24 93.10 92.95 92.76 93.39 94.05 94.49 94.57 94.59 94.58 94.63 94.60 94.88 95.03 95.09 95.13 95.15 95.17 95.19 95.23 95.25 95.30 95.33 95.41 95.43 95.50 95.56 95.54 95.53 95.45 95.47 95.44 95.38 95.35 95.25 95.20 95.18 95.14 95.07 95.16 94.95 94.92 94.88 94.87 94.91 94.87 94.89 94.93 94.83 94.89 94.85 94.90 94.81 94.93 94.85 94.82 94.65 94.56 94.45 94.20 94.08 93.99 93.98 93.77 93.78 93.78 93.96 94.44 94.90 94.83 94.76 94.69 94.78 94.72 94.88 94.91 94.93 94.94 95.01 95.03 95.08 95.12 95.15 95.18 95.26 95.36 95.42 95.57 95.66 95.81 95.87 95.97 96.06 96.08 96.10 96.12 96.07 95.97 95.94 95.83 95.78 95.72 95.67 95.57 95.65 95.61 95.50 95.39 95.39 95.30 95.25 95.22 95.16 95.14 95.09 95.07 95.03 94.99 94.96 94.96 94.95 95.00 94.99 95.13 95.14 95.17 95.22 95.23 95.26 95.27
39°N ||     95.28 95.27 95.28 95.26 95.18 95.27 95.27 95.21 95.27 95.27 95.26 95.26 95.25 95.25 95.24 95.23 95.23 95.24 95.19 95.08 94.65 94.61 94.68 94.48 94.48 94.11 93.89 93.57 92.74 91.32 89.98 88.84 88.13 88.03 87.68 87.93 89.16 89.38 89.82 91.08 92.53 93.33 93.48 93.44 93.15 93.26 93.08 92.20 93.31 93.37 93.35 93.17 92.78 92.47 92.86 93.61 94.24 94.44 94.54 94.52 94.74 94.76 94.78 94.96 95.10 95.14 95.16 95.17 95.21 95.24 95.30 95.37 95.38 95.49 95.55 95.58 95.61 95.64 95.64 95.71 95.54 95.53 95.51 95.47 95.40 95.23 95.26 95.19 95.11 95.09 95.06 94.98 94.98 94.96 94.95 94.90 94.87 94.86 94.95 94.90 94.92 95.10 94.92 94.81 94.97 94.77 94.72 94.68 94.60 94.61 94.42 94.07 94.73 93.90 93.94 94.28 94.11 94.33 94.87 94.89 94.89 94.89 94.90 94.93 94.94 94.95 94.97 95.01 95.03 95.07 95.11 95.15 95.17 95.24 95.31 95.42 95.51 95.60 95.76 95.79 96.04 96.14 96.17 96.17 96.16 96.18 96.10 96.08 96.00 96.05 95.90 95.86 95.76 95.73 95.69 95.66 95.60 95.45 95.32 95.34 95.26 95.23 95.18 95.14 95.09 95.09 95.06 95.03 95.02 95.00 94.99 94.94 94.73 95.15 95.16 95.17 95.22 95.26 95.28 95.27
41°N ||     95.28 95.29 95.30 95.29 95.28 95.28 95.26 95.27 95.26 95.26 95.26 95.27 95.25 95.26 95.24 95.24 95.23 95.17 95.14 95.08 94.98 94.91 94.82 94.73 94.56 94.35 94.16 93.65 92.66 91.09 89.59 88.69 88.36 88.28 87.54 87.93 88.99 89.56 90.15 91.44 92.73 93.43 93.51 93.46 92.76 93.34 93.15 92.78 93.12 93.01 93.03 92.87 92.86 93.02 93.27 93.48 94.01 94.43 94.44 94.40 94.62 94.77 94.78 94.93 95.07 95.16 95.18 95.17 95.22 95.27 95.32 95.42 95.47 95.54 95.62 95.68 95.71 95.73 95.74 95.72 95.70 95.68 95.62 95.73 95.71 95.47 95.35 95.31 95.21 95.22 95.09 95.19 95.11 95.05 95.07 94.98 94.94 95.02 94.89 94.96 95.13 95.13 95.12 94.86 94.94 94.66 94.54 94.78 94.81 94.73 94.62 94.70 94.99 94.88 94.52 94.65 94.92 94.53 94.91 94.89 94.90 94.90 94.97 94.98 95.00 94.98 95.02 95.02 95.07 95.12 95.14 95.16 95.20 95.25 95.39 95.49 95.62 95.68 95.90 95.99 96.06 96.20 96.21 96.20 96.19 96.15 96.17 96.13 96.10 96.02 95.96 95.97 95.95 95.86 95.77 95.68 95.61 95.55 95.46 95.37 95.28 95.22 95.19 95.15 95.10 95.10 95.09 95.07 95.07 95.03 94.90 94.96 94.90 95.12 95.16 95.20 95.21 95.26 95.26 95.29
43°N ||     95.28 95.32 95.32 95.30 95.29 95.28 95.27 95.27 95.27 95.27 95.26 95.29 95.27 95.27 95.24 95.24 95.21 95.17 95.10 95.02 94.96 94.91 94.84 94.76 94.66 94.53 94.31 94.05 93.28 92.11 90.68 89.56 89.03 88.87 88.75 88.89 89.49 89.89 91.78 93.01 93.66 93.83 93.65 93.60 93.62 93.07 93.39 92.65 93.04 93.09 92.99 93.15 92.47 93.07 93.71 93.57 93.77 94.27 94.48 94.68 94.66 94.69 94.78 94.94 95.07 95.18 95.22 95.24 95.27 95.32 95.43 95.49 95.61 95.65 95.92 95.73 95.80 95.76 95.81 95.81 95.78 95.77 95.67 95.69 95.72 95.55 95.50 95.36 95.31 95.33 95.27 95.24 95.23 95.18 95.12 95.04 95.01 94.98 95.08 95.11 95.16 95.13 95.01 95.11 95.00 95.09 95.05 95.09 94.68 94.64 94.51 94.93 94.59 94.46 94.95 94.96 94.93 94.90 94.90 94.95 94.96 94.96 95.03 95.14 95.02 95.02 95.03 95.09 95.12 95.14 95.13 95.20 95.21 95.28 95.41 95.57 95.67 95.70 95.89 96.02 96.14 96.20 96.16 96.05 96.20 96.15 96.11 96.05 96.18 95.94 95.97 95.94 95.88 95.84 95.84 95.74 95.65 95.61 95.42 95.38 95.28 95.22 95.16 95.15 95.13 95.11 95.09 95.10 95.09 95.05 95.00 94.95 94.86 95.10 95.19 95.19 95.25 95.26 95.28 95.32
45°N ||     95.35 95.35 95.32 95.32 95.31 95.30 95.29 95.27 95.27 95.28 95.28 95.26 95.26 95.25 95.24 95.21 95.17 95.12 95.06 95.01 94.95 94.90 94.85 94.80 94.76 94.69 94.58 94.39 93.98 93.21 92.59 92.08 91.91 90.26 89.55 89.37 90.04 91.55 92.63 93.47 93.87 94.02 94.00 94.08 94.20 94.32 94.37 94.15 93.41 92.95 92.47 92.97 93.70 93.64 93.64 93.90 94.49 94.36 94.49 94.72 94.78 94.87 94.92 94.99 95.07 95.20 95.22 95.27 95.34 95.41 95.47 95.61 95.67 95.74 95.74 95.86 95.85 95.86 95.93 95.93 95.82 95.85 95.81 95.79 95.73 95.68 95.54 95.58 95.51 95.38 95.36 95.41 95.28 95.24 95.22 95.20 95.11 95.07 95.15 95.15 95.06 95.01 94.97 95.12 95.01 95.10 95.11 95.11 94.98 94.91 94.71 94.96 94.90 94.87 94.96 94.92 94.88 94.95 94.96 94.98 94.98 95.02 95.04 95.07 95.07 95.09 95.10 95.10 95.14 95.16 95.18 95.19 95.27 95.32 95.51 95.62 95.74 95.86 95.91 96.03 96.12 96.22 96.21 96.21 96.19 96.10 96.13 96.14 96.11 96.08 96.00 96.04 95.98 95.81 95.86 95.82 95.72 95.58 95.39 95.32 95.27 95.20 95.16 95.14 95.14 95.13 95.13 95.12 95.12 95.10 95.08 95.02 94.93 95.14 95.15 95.17 95.23 95.30 95.30 95.34
47°N ||     95.35 95.35 95.34 95.31 95.31 95.30 95.29 95.29 95.26 95.30 95.29 95.27 95.27 95.24 95.21 95.19 95.13 95.09 95.05 95.00 94.95 94.92 94.89 94.87 94.83 94.79 94.72 94.67 94.55 94.34 94.09 93.98 93.99 93.95 92.95 92.72 93.39 93.71 93.77 93.82 93.99 94.07 94.04 94.10 94.26 94.40 94.41 94.38 93.34 93.02 93.54 93.95 94.49 94.24 94.35 94.68 94.51 94.81 94.52 94.69 94.82 94.91 94.99 95.08 95.17 95.23 95.27 95.31 95.44 95.48 95.59 95.67 95.71 95.78 95.81 95.80 95.74 95.64 95.93 95.94 95.90 95.94 95.87 95.86 95.79 95.76 95.74 95.69 95.62 95.55 95.49 95.46 95.43 95.38 95.26 95.28 95.22 95.19 95.19 95.20 95.17 95.15 95.20 95.13 95.08 95.12 95.05 95.05 95.10 95.01 94.95 95.00 95.00 95.03 95.03 94.90 94.97 94.99 95.00 95.04 95.04 95.06 95.09 95.07 95.11 95.11 95.12 95.13 95.16 95.17 95.22 95.24 95.31 95.39 95.77 95.80 95.74 95.82 95.93 96.01 96.11 96.21 96.21 96.17 96.17 96.14 96.12 96.11 96.03 96.11 96.08 96.05 95.95 95.94 95.93 95.79 95.66 95.53 95.44 95.16 95.19 95.25 95.19 95.18 95.17 95.16 95.16 95.14 95.15 95.14 95.13 95.10 95.11 95.13 95.16 95.22 95.23 95.28 95.31 95.36
49°N ||     95.37 95.36 95.35 95.32 95.34 95.33 95.32 95.32 95.29 95.29 95.30 95.27 95.26 95.22 95.19 95.16 95.11 95.08 95.05 95.01 94.97 94.96 94.93 94.90 94.86 94.83 94.80 94.77 94.74 94.70 94.65 94.59 94.54 94.49 94.41 94.44 94.47 94.44 94.26 94.12 94.10 94.21 94.18 93.97 94.12 94.27 94.30 94.29 94.65 93.63 94.92 94.98 95.02 94.93 94.92 94.70 94.72 94.73 94.88 94.76 94.91 94.98 95.07 95.15 95.19 95.27 95.35 95.45 95.47 95.62 95.63 95.70 95.78 95.80 95.82 95.84 95.88 95.95 95.99 95.98 95.99 95.94 95.93 95.89 95.87 95.82 95.82 95.71 95.68 95.64 95.60 95.53 95.43 95.38 95.33 95.34 95.27 95.28 95.28 95.25 95.18 95.22 95.14 95.21 96.71 95.41 95.07 95.14 95.11 95.05 95.03 95.05 95.04 95.03 95.00 95.06 95.04 95.06 95.07 95.06 95.07 95.08 95.11 95.11 95.11 95.12 95.12 95.14 95.16 95.19 95.24 95.29 95.37 95.47 95.69 95.76 95.73 95.85 95.86 96.00 96.07 96.12 96.17 96.17 96.13 96.14 96.12 96.12 96.07 95.98 96.09 96.01 95.91 95.85 95.85 95.69 95.62 95.50 95.45 95.24 95.14 95.27 95.22 95.21 95.21 95.19 95.20 95.18 95.16 95.18 95.16 95.17 95.06 95.13 95.24 95.23 95.23 95.32 95.40 95.34
51°N ||     95.38 95.38 95.35 95.35 95.36 95.36 95.31 95.30 95.31 95.30 95.28 95.25 95.23 95.20 95.17 95.13 95.10 95.06 95.03 95.01 94.96 94.96 94.94 94.91 94.90 94.87 94.85 94.83 94.80 94.78 94.75 94.71 94.66 94.63 94.63 94.64 94.58 94.55 94.43 94.31 94.25 94.27 94.30 94.35 94.28 94.43 94.59 94.74 94.91 94.95 94.99 95.02 95.05 95.08 95.08 95.00 94.82 94.78 94.85 94.97 95.01 95.09 95.15 95.25 95.26 95.34 95.41 95.51 95.59 95.65 95.75 95.82 95.87 95.87 95.92 95.94 95.96 95.89 96.11 96.16 95.99 95.98 96.01 95.81 95.93 95.87 95.78 95.76 95.79 95.71 95.69 95.63 95.56 95.49 95.45 95.41 95.36 95.27 95.38 95.28 95.27 95.27 95.15 96.19 96.81 95.22 95.02 95.14 95.12 95.09 95.09 95.09 95.08 95.09 95.12 95.09 95.10 95.09 95.11 95.11 95.11 95.12 95.11 95.11 95.13 95.13 95.12 95.15 95.17 95.19 95.22 95.28 95.38 95.47 95.58 95.60 95.75 95.80 95.92 95.98 96.04 96.09 96.17 96.15 96.17 96.15 96.09 96.14 96.11 96.06 96.03 95.95 95.93 95.79 95.64 95.67 95.59 95.51 95.45 95.41 95.34 95.30 95.27 95.24 95.23 95.23 95.21 95.22 95.20 95.19 95.19 95.20 95.17 95.23 95.24 95.21 95.25 95.33 95.40 95.40
53°N ||     95.38 95.36 95.39 95.39 95.38 95.37 95.34 95.32 95.30 95.26 95.27 95.25 95.21 95.18 95.15 95.10 95.05 95.05 95.04 95.02 95.00 94.98 94.96 94.94 94.92 94.91 94.88 94.86 94.85 94.82 94.80 94.79 94.75 94.74 94.75 94.74 94.73 94.67 94.58 94.49 94.43 94.42 94.46 94.50 94.61 94.72 94.78 94.86 94.92 94.97 95.02 95.04 95.07 95.09 95.11 95.13 94.97 95.02 94.93 95.09 95.22 95.25 95.30 95.33 95.38 95.46 95.57 95.64 95.70 95.74 95.86 95.91 95.92 95.95 95.99 96.04 96.05 96.02 96.08 96.05 96.00 96.04 96.00 96.03 95.96 96.06 96.00 95.86 95.84 95.74 95.75 95.69 95.61 95.58 95.50 95.44 95.45 95.61 95.37 95.35 95.27 95.27 95.23 95.19 95.12 95.12 95.11 95.17 95.14 95.15 95.13 95.13 95.12 95.13 95.13 95.12 95.14 95.16 95.13 95.15 95.14 95.13 95.11 95.12 95.13 95.12 95.12 95.15 95.16 95.18 95.23 95.29 95.36 95.43 95.43 95.55 95.63 95.74 95.76 95.83 95.86 95.93 95.95 96.02 96.05 96.06 96.02 96.02 95.93 95.93 95.94 95.93 95.79 95.69 95.64 95.56 95.59 95.51 95.47 95.41 95.37 95.32 95.29 95.27 95.26 95.25 95.25 95.24 95.18 95.21 95.19 95.22 95.22 95.22 95.24 95.28 95.36 95.36 95.40 95.41
55°N ||     95.44 95.42 95.39 95.35 95.36 95.30 95.31 95.32 95.29 95.27 95.26 95.23 95.21 95.18 95.16 95.11 95.82 95.04 95.05 95.04 95.02 95.00 94.99 94.98 94.95 94.93 94.92 94.89 94.87 94.86 94.84 94.84 94.82 94.83 94.82 94.82 94.80 94.78 94.75 94.70 94.64 94.64 94.60 94.63 94.69 94.78 94.86 95.01 95.00 95.04 95.06 95.07 95.22 95.10 95.13 95.16 95.19 95.21 95.27 95.32 95.37 95.42 95.51 95.55 95.62 95.69 95.71 95.77 95.81 95.86 95.94 95.98 96.00 96.04 96.07 96.04 96.06 96.07 96.10 96.16 96.02 96.04 96.06 96.02 96.09 96.00 95.90 95.89 95.81 95.81 95.77 95.75 95.68 95.61 95.51 95.49 95.48 95.47 95.42 95.37 95.34 95.30 95.25 95.26 95.24 95.20 95.18 95.19 95.19 95.17 95.17 95.17 95.16 95.17 95.16 95.18 95.20 95.19 95.19 95.18 95.15 95.14 95.13 95.12 95.11 95.11 95.14 95.16 95.17 95.18 95.22 95.27 95.31 95.33 95.41 95.49 95.56 95.63 95.64 95.69 95.73 95.78 95.80 95.87 95.89 95.86 95.88 95.88 95.73 95.75 95.80 95.73 95.71 95.62 95.57 95.61 95.48 95.53 95.50 95.38 95.34 95.33 95.31 95.31 95.27 95.27 95.26 95.23 95.22 95.24 95.24 95.20 95.21 95.21 95.26 95.44 95.36 95.41 95.45 95.47
57°N ||     95.44 95.44 95.42 95.39 95.41 95.36 95.32 95.30 95.29 95.29 95.25 95.22 95.22 95.19 95.16 95.15 95.07 95.08 95.06 95.06 95.04 95.03 95.01 95.00 94.99 94.97 94.95 94.93 94.93 94.91 94.91 94.89 94.89 94.89 94.88 94.88 94.88 94.87 94.85 94.81 94.79 94.76 94.75 94.76 94.80 94.87 94.93 94.97 95.02 95.04 95.07 95.08 95.10 95.12 95.16 95.19 95.23 95.29 95.36 95.42 95.56 95.60 95.64 95.67 95.73 95.75 95.80 95.85 95.89 95.96 95.97 96.33 96.08 96.09 96.10 96.13 96.12 96.09 96.10 96.09 96.07 96.15 96.01 96.03 95.69 96.62 95.92 95.88 95.86 95.80 95.81 95.72 95.68 95.64 95.62 95.54 95.54 95.47 95.44 95.35 95.35 95.33 95.27 95.23 95.21 95.22 95.21 95.19 95.22 95.20 95.19 95.21 95.23 95.22 95.22 95.23 95.25 95.23 95.21 95.17 95.16 95.16 95.15 95.13 95.13 95.14 95.13 95.15 95.17 95.18 95.21 95.23 95.27 95.28 95.31 95.37 95.46 95.50 95.53 95.51 95.61 95.59 95.67 95.74 95.75 95.73 95.71 95.73 95.71 95.66 95.70 95.67 95.67 95.66 95.57 95.60 95.53 95.55 95.52 95.44 95.39 95.40 95.34 95.32 95.30 95.27 95.27 95.25 95.22 95.25 95.24 95.23 95.29 95.26 95.28 95.32 95.40 95.40 95.42 95.44
59°N ||     95.43 95.44 95.43 95.37 95.41 95.40 95.30 95.35 95.34 95.34 95.31 95.27 95.24 95.22 95.19 95.15 95.15 95.13 95.11 95.09 95.07 95.06 95.04 95.02 95.02 95.01 95.01 94.99 94.98 94.97 94.97 94.95 94.94 94.95 94.96 94.95 94.94 94.94 94.92 94.90 94.88 94.87 94.87 94.91 94.93 94.97 94.99 95.02 95.05 95.07 95.09 95.12 95.14 95.16 95.20 95.23 95.28 95.35 95.42 95.54 95.67 95.61 95.77 95.81 95.82 95.85 95.91 95.95 95.97 95.97 96.04 96.03 96.06 96.11 96.13 96.13 96.09 96.15 96.18 96.15 96.09 96.07 96.07 96.02 96.00 95.98 95.96 95.94 95.89 95.80 95.74 95.76 95.69 95.68 95.55 95.59 95.57 95.52 95.43 95.40 95.35 95.33 95.31 95.29 95.28 95.27 95.23 95.23 95.23 95.24 95.26 95.27 95.27 95.27 95.24 95.26 95.26 95.26 95.22 95.20 95.19 95.18 95.15 95.15 95.14 95.14 95.13 95.14 95.16 95.16 95.19 95.19 95.24 95.30 95.27 95.24 95.33 95.36 95.35 95.44 95.50 95.43 95.52 95.58 95.58 95.55 95.59 95.58 95.59 95.59 95.59 95.61 95.60 95.56 95.56 95.58 95.56 95.50 95.50 95.45 95.47 95.40 95.38 95.34 95.31 95.28 95.24 95.24 95.23 95.25 95.27 95.27 95.30 95.30 95.32 95.34 95.39 95.45 95.37 95.42
61°N ||     95.42 95.42 95.41 95.42 95.41 95.43 95.38 95.35 95.37 95.31 95.28 95.29 95.26 95.23 95.21 95.19 95.17 95.15 95.14 95.11 95.10 95.09 95.08 95.07 95.05 95.05 95.04 95.03 95.02 95.02 95.02 95.01 95.02 95.02 95.01 95.00 95.00 95.00 95.00 95.07 94.99 94.99 94.99 94.99 95.00 95.01 95.03 95.05 95.08 95.11 95.12 95.17 95.20 95.23 95.26 95.33 95.39 95.46 95.53 95.59 95.69 95.80 95.84 95.88 95.93 96.24 95.88 96.02 96.04 96.05 96.11 96.03 96.09 96.18 96.22 96.20 96.17 96.18 96.11 96.14 96.10 96.10 96.06 96.07 96.01 95.99 95.93 95.90 95.85 95.80 95.75 95.73 95.70 95.65 95.64 95.63 95.54 95.49 95.48 95.41 95.39 95.36 95.31 95.30 95.29 95.30 95.26 95.28 95.27 95.30 95.29 95.30 95.31 95.30 95.27 95.30 95.27 95.27 95.26 95.21 95.23 95.22 95.14 95.17 95.16 95.15 95.13 95.13 95.14 95.16 95.16 95.17 95.18 95.11 95.19 95.24 95.25 95.25 95.30 95.34 95.38 95.30 95.43 95.45 95.46 95.40 95.45 95.45 95.48 95.51 95.49 95.52 95.49 95.46 95.50 95.51 95.47 95.46 95.47 95.43 95.41 95.42 95.38 95.36 95.34 95.26 95.30 95.29 95.26 95.27 95.27 95.30 95.32 95.31 95.36 95.36 95.35 95.41 95.40 95.37
63°N ||     95.46 95.40 95.39 95.90 95.41 95.43 95.43 95.41 95.39 95.38 95.35 95.30 95.29 95.26 95.25 95.23 95.21 95.20 95.17 95.14 95.10 95.13 95.12 95.11 95.10 95.09 95.08 95.08 95.08 95.07 95.07 95.06 95.06 95.05 95.04 95.04 95.03 95.04 95.04 95.03 95.03 95.04 95.04 95.05 95.06 95.07 95.09 95.10 95.13 95.16 95.20 95.24 95.27 95.34 95.43 95.47 95.53 95.59 95.67 95.69 95.76 95.84 95.91 95.98 95.98 96.00 96.09 96.07 96.06 96.06 96.10 96.07 96.12 96.12 96.14 96.18 96.14 96.09 96.08 96.11 96.09 96.08 96.01 95.97 95.94 95.79 95.82 95.80 95.79 95.76 95.75 95.69 95.63 95.60 95.62 95.49 95.46 95.47 95.44 95.41 95.40 95.36 95.33 95.33 95.33 95.32 95.32 95.32 95.32 95.30 95.33 95.32 95.34 95.32 95.31 95.29 95.29 95.26 95.28 95.26 95.24 95.23 95.22 95.20 95.18 95.17 95.15 95.14 95.14 95.14 95.14 95.15 95.17 95.17 95.19 95.21 95.23 95.23 95.25 95.22 95.29 95.24 95.31 95.35 95.31 95.37 95.37 95.38 95.40 95.41 95.39 95.40 95.45 95.45 95.45 95.43 95.44 95.41 95.43 95.44 95.42 95.39 95.40 95.38 95.32 95.35 95.35 95.35 95.27 95.30 95.31 95.32 95.29 95.35 95.39 95.41 95.39 95.42 95.43 95.44
65°N ||     95.44 95.50 95.45 95.49 95.48 95.46 95.45 95.46 95.35 95.39 95.36 95.36 95.36 95.34 95.44 95.27 95.26 95.24 95.21 95.22 95.21 95.18 95.18 95.17 95.16 95.15 95.13 95.14 95.13 95.12 95.11 95.10 95.10 95.09 95.08 95.07 95.07 95.07 95.07 95.06 95.06 95.07 95.08 95.10 95.11 95.13 95.15 95.17 95.19 95.22 95.25 95.26 95.36 95.46 95.55 95.64 95.72 95.82 95.85 95.87 95.89 95.96 95.99 95.98 96.05 96.07 96.08 96.03 96.06 96.09 96.03 96.04 96.10 96.10 96.10 96.11 96.11 96.06 96.07 96.05 96.06 96.01 95.97 95.79 96.65 98.24 95.49 95.71 95.76 95.70 95.72 95.63 95.64 95.56 95.55 95.51 95.47 95.45 95.45 95.42 95.39 95.38 95.36 95.31 95.35 95.31 95.30 95.31 95.31 95.30 95.33 95.33 95.35 95.32 95.27 95.28 95.32 95.28 95.27 95.29 95.27 95.25 95.25 95.20 95.20 95.16 95.17 95.15 95.15 95.13 95.14 95.14 95.14 95.15 95.17 95.16 95.18 95.19 95.18 95.20 95.23 95.23 95.25 95.26 95.24 95.29 95.28 95.30 95.29 95.31 95.33 95.34 95.35 95.37 95.31 95.38 95.37 95.41 95.40 95.40 95.36 95.35 95.40 95.40 95.35 95.40 95.40 95.32 95.37 95.34 95.39 95.39 95.37 95.38 95.38 95.42 95.37 95.38 95.47 95.33
67°N ||     95.51 95.50 95.53 95.51 95.49 95.54 95.52 95.49 95.50 95.48 95.40 95.42 95.44 95.38 95.39 95.36 95.35 95.33 95.32 95.30 95.25 95.26 95.23 95.21 95.21 95.18 95.20 95.19 95.18 95.17 95.16 95.14 95.14 95.13 95.23 95.11 95.11 95.10 95.10 95.10 95.11 95.12 95.14 95.15 95.16 95.18 95.21 95.25 95.27 95.33 95.40 95.48 95.55 95.65 95.75 95.84 95.94 96.01 96.09 96.16 96.19 96.17 96.11 96.07 96.07 96.07 96.04 96.06 96.10 96.07 96.09 96.08 96.06 96.09 96.09 96.05 96.03 95.96 96.05 96.02 95.99 95.95 95.85 95.82 95.81 95.73 95.71 95.72 95.69 95.70 95.65 95.60 95.59 95.54 95.52 95.47 95.45 95.43 95.41 95.36 95.34 95.36 95.34 95.30 95.31 95.31 95.31 95.29 95.27 95.25 95.26 95.32 95.34 95.31 95.30 95.30 95.27 95.29 95.28 95.28 95.27 95.24 95.25 95.23 95.21 95.20 95.20 95.17 95.15 95.15 95.14 95.12 95.13 95.13 95.11 95.14 95.15 95.16 95.11 95.17 95.19 95.21 95.21 95.20 95.22 95.22 95.19 95.25 95.25 95.26 95.26 95.30 95.29 95.31 95.33 95.33 95.34 95.35 95.36 95.38 95.32 95.33 95.34 95.37 95.36 95.36 95.41 95.41 95.42 95.40 95.43 95.40 95.44 95.44 95.39 95.41 95.42 95.48 95.47 95.49
69°N ||     95.45 95.54 95.55 95.52 95.54 95.54 95.53 95.55 95.48 95.56 95.51 95.50 95.48 95.49 95.42 95.38 95.38 95.42 95.44 95.39 95.39 95.38 95.36 95.34 95.29 95.28 95.20 95.26 95.26 95.21 95.24 95.20 95.20 95.18 95.16 95.14 95.15 95.15 95.15 95.15 95.15 95.18 95.19 95.21 95.23 95.26 95.34 95.41 95.50 95.57 95.61 95.66 95.70 95.77 95.82 95.89 95.94 95.97 96.03 96.06 96.06 96.06 96.05 96.04 96.01 96.03 96.04 96.04 96.01 96.04 96.05 96.02 96.06 96.04 95.96 96.00 95.99 95.93 95.94 95.91 95.86 95.84 95.85 95.80 95.73 95.73 95.65 95.63 95.61 95.58 95.58 95.54 95.49 95.49 95.48 95.40 95.41 95.41 95.38 95.37 95.36 95.35 95.34 95.30 95.30 95.33 95.31 95.29 95.29 95.31 95.24 95.25 95.28 95.28 95.30 95.29 95.27 95.28 95.27 95.25 95.24 95.24 95.24 95.23 95.20 95.20 95.20 95.19 95.18 95.17 95.16 95.14 95.14 95.13 95.12 95.11 95.12 95.14 95.15 95.15 95.16 95.16 95.17 95.17 95.17 95.18 95.19 95.20 95.20 95.20 95.22 95.21 95.23 95.25 95.27 95.29 95.28 95.31 95.38 95.35 95.33 95.33 95.34 95.37 95.38 95.40 95.41 95.44 95.43 95.41 95.41 95.45 95.47 95.49 95.54 95.52 95.50 95.51 95.49 95.47
71°N ||     95.55 95.59 95.62 95.57 95.54 95.58 95.93 95.51 95.57 95.57 95.51 95.53 95.55 95.52 95.57 95.58 95.57 95.53 95.60 95.47 95.42 95.48 95.48 95.45 95.40 95.38 95.34 95.30 95.32 95.27 95.28 95.28 95.29 95.24 95.27 95.28 95.24 95.24 95.24 95.25 95.23 95.27 95.30 95.32 95.37 95.40 95.45 95.53 95.58 95.64 95.70 95.73 95.74 95.73 95.77 95.79 95.81 95.83 95.86 95.86 95.83 95.87 95.87 95.89 95.98 95.92 95.93 95.95 96.01 95.96 95.98 95.95 95.94 95.97 95.92 95.87 95.87 95.89 95.86 95.81 95.78 95.77 95.74 95.70 95.66 95.64 95.61 95.60 95.57 95.52 95.46 95.43 95.45 95.45 95.41 95.40 95.38 95.37 95.35 95.33 95.30 95.28 95.27 95.27 95.28 95.29 95.29 95.27 95.28 95.27 95.30 95.27 95.26 95.27 95.25 95.27 95.25 95.24 95.22 95.24 95.21 95.23 95.23 95.20 95.20 95.20 95.19 95.19 95.18 95.17 95.16 95.16 95.15 95.15 95.13 95.13 95.12 95.12 95.11 95.11 95.10 95.10 95.11 95.12 95.13 95.14 95.16 95.16 95.18 95.18 95.20 95.20 95.20 95.21 95.24 95.23 95.27 95.29 95.31 95.33 95.34 95.31 95.37 95.38 95.39 95.42 95.41 95.43 95.37 95.45 95.45 95.44 95.41 95.48 95.49 95.51 95.56 95.49 95.54 95.53
73°N ||     95.60 95.64 95.64 95.61 95.58 95.66 95.67 95.64 95.64 95.67 95.71 95.65 95.66 95.60 95.73 95.64 95.62 95.60 95.56 95.56 95.58 95.45 95.45 95.49 95.44 95.50 95.44 95.63 95.52 95.47 95.50 95.42 95.39 95.36 95.31 95.35 95.31 95.32 95.34 95.38 95.40 95.43 95.45 95.46 95.51 95.53 95.55 95.58 95.61 95.64 95.69 95.77 95.74 95.75 95.74 95.73 95.71 95.70 95.67 95.70 95.72 95.74 95.76 95.75 95.77 95.81 95.83 95.81 95.80 95.82 95.86 95.89 95.88 95.82 95.85 95.85 95.86 95.80 95.76 95.69 95.70 95.66 95.63 95.60 95.61 95.60 95.57 95.54 95.50 95.50 95.46 95.37 95.37 95.37 95.36 95.31 95.32 95.31 95.29 95.30 95.28 95.28 95.27 95.23 95.26 95.26 95.24 95.24 95.24 95.23 95.24 95.25 95.26 95.26 95.24 95.26 95.26 95.24 95.22 95.21 95.22 95.23 95.23 95.20 95.20 95.19 95.18 95.19 95.17 95.17 95.16 95.15 95.16 95.14 95.15 95.14 95.13 95.13 95.13 95.13 95.14 95.14 95.15 95.15 95.15 95.16 95.17 95.17 95.18 95.19 95.18 95.20 95.20 95.21 95.22 95.22 95.25 95.27 95.28 95.28 95.33 95.33 95.32 95.36 95.40 95.42 95.39 95.43 95.47 95.49 95.30 96.19 95.37 95.11 95.48 95.52 95.59 95.58 95.50 95.56
75°N ||     95.59 95.65 95.61 95.64 95.64 95.71 95.62 95.68 95.69 95.68 95.72 95.66 95.68 95.73 95.67 95.71 95.70 95.60 95.65 95.67 95.63 95.69 95.72 95.76 95.67 95.56 95.58 95.58 95.45 95.49 95.50 95.46 95.53 95.55 95.59 95.49 95.46 95.47 95.42 95.48 95.47 95.49 95.54 95.53 95.53 95.50 95.54 95.57 95.59 95.65 95.68 95.69 95.69 95.69 95.70 95.77 95.68 95.67 95.68 95.69 95.73 95.75 95.77 95.77 95.77 95.75 95.72 95.73 95.75 95.70 95.77 95.76 95.76 95.76 95.74 95.76 95.72 95.71 95.65 95.66 95.61 95.60 95.56 95.65 95.53 95.49 95.46 95.43 95.43 95.42 95.39 95.38 95.36 95.33 95.33 95.31 95.36 95.28 95.26 95.25 95.25 95.25 95.24 95.23 95.24 95.24 95.24 95.23 95.22 95.24 95.23 95.22 95.24 95.24 95.23 95.23 95.22 95.23 95.21 95.21 95.21 95.21 95.19 95.22 95.22 95.21 95.18 95.18 95.18 95.16 95.18 95.17 95.17 95.17 95.15 95.16 95.15 95.15 95.15 95.15 95.15 95.16 95.16 95.14 95.16 95.17 95.18 95.18 95.17 95.17 95.18 95.20 95.20 95.21 95.22 95.22 95.23 95.26 95.27 95.29 95.29 95.33 95.33 95.37 95.38 95.38 95.39 95.41 95.43 95.46 95.47 95.50 95.47 95.60 95.61 95.63 95.63 95.63 95.61 95.57
77°N ||     95.69 95.61 95.48 95.42 95.50 95.66 95.60 95.40 95.41 95.63 95.68 95.68 95.70 95.68 95.67 95.58 95.49 95.52 95.42 95.57 95.45 95.51 95.76 95.93 95.67 95.56 95.55 95.62 95.58 95.57 95.56 95.56 95.58 95.53 95.37 95.52 95.46 95.50 95.48 95.46 95.54 95.52 95.48 95.48 95.52 95.56 95.58 95.60 95.62 95.63 95.64 95.66 95.58 95.69 95.70 95.73 95.74 95.73 95.73 95.73 95.74 95.42 95.41 95.59 95.66 95.64 95.64 95.65 95.60 95.60 95.63 95.64 95.63 95.64 95.61 95.61 95.59 95.60 95.61 95.60 95.57 95.51 95.50 95.48 95.47 95.44 95.38 95.37 95.40 95.38 95.38 95.36 95.32 95.28 95.27 95.28 95.29 95.28 95.26 95.25 95.25 95.25 95.23 95.26 95.23 95.23 95.23 95.23 95.23 95.23 95.23 95.22 95.22 95.20 95.20 95.20 95.22 95.20 95.20 95.18 95.19 95.20 95.20 95.21 95.20 95.21 95.20 95.20 95.19 95.18 95.18 95.17 95.17 95.15 95.10 95.14 95.16 95.16 95.17 95.17 95.16 95.16 95.16 95.16 95.17 95.16 95.18 95.17 95.18 95.17 95.18 95.20 95.20 95.21 95.22 95.23 95.24 95.24 95.24 95.26 95.27 95.29 95.33 95.36 95.37 95.37 95.40 95.44 95.44 95.43 95.47 95.44 95.47 95.51 95.50 95.61 95.67 95.66 95.61 95.65
79°N ||     95.51 95.44 95.44 95.49 95.51 95.48 95.46 95.46 95.48 95.47 95.47 95.39 95.52 95.49 95.51 95.56 95.56 95.58 95.58 95.54 95.53 95.60 95.58 95.60 95.63 95.65 95.60 95.47 95.51 95.45 95.48 95.49 95.51 95.51 95.49 95.52 95.49 95.54 95.53 95.52 95.52 95.54 95.53 95.50 95.47 95.48 95.50 95.52 95.53 95.57 95.61 95.58 95.60 95.62 95.64 95.64 95.62 95.65 95.68 95.67 95.69 95.71 95.69 95.70 95.67 95.67 95.70 95.67 95.61 95.58 95.54 95.52 95.48 95.49 95.50 95.41 95.39 95.41 95.46 95.46 95.41 95.43 95.36 95.22 95.28 95.41 95.11 95.16 95.30 95.03 95.09 95.19 95.14 95.07 95.16 95.04 95.07 95.18 95.14 95.08 95.11 95.11 95.13 95.20 95.21 95.20 95.21 95.21 95.22 95.21 95.21 95.21 95.21 95.21 95.20 95.20 95.20 95.20 95.20 95.16 95.33 95.15 95.19 95.18 95.18 95.19 95.18 95.18 95.18 95.18 95.18 95.18 95.18 95.18 95.18 95.18 95.19 95.19 95.18 95.18 95.18 95.17 95.16 95.16 95.17 95.15 95.14 95.14 95.15 95.17 95.17 95.17 95.19 95.20 95.20 95.22 95.22 95.24 95.23 95.24 95.25 95.27 95.28 95.32 95.33 95.36 95.35 95.34 95.36 95.43 95.43 95.44 95.45 95.47 95.49 95.46 95.46 95.53 95.54 95.52
81°N ||     95.16 95.16 95.17 95.18 95.17 95.17 95.18 95.17 95.18 95.18 95.19 95.19 95.20 95.20 95.21 95.22 95.22 95.23 95.23 95.23 95.24 95.24 95.25 95.26 95.27 95.29 95.33 95.38 95.37 95.41 95.45 95.40 95.40 95.49 95.29 95.30 95.22 95.30 95.14 95.17 95.25 95.27 95.40 95.40 95.41 95.45 95.48 95.46 95.37 95.34 95.18 95.18 95.14 95.18 95.34 95.25 95.31 95.29 95.26 95.28 95.42 95.33 95.36 95.36 95.39 95.42 95.47 95.30 95.25 95.18 95.18 95.21 95.09 95.14 95.10 95.05 95.02 95.04 95.01 94.98 94.98 94.94 94.94 94.92 94.92 94.93 94.89 94.89 94.89 94.87 94.88 94.90 94.85 94.85 94.90 94.87 94.87 94.83 94.83 94.84 94.90 94.92 94.92 94.92 94.91 94.93 94.88 95.01 95.02 95.12 95.11 95.02 95.06 95.17 95.11 95.13 95.08 95.10 95.15 95.05 95.06 95.05 95.06 95.07 95.11 95.18 95.08 95.10 95.10 95.10 95.11 95.11 95.11 95.11 95.12 95.12 95.14 95.16 95.18 95.18 95.18 95.18 95.19 95.18 95.19 95.18 95.18 95.19 95.19 95.21 95.21 95.22 95.22 95.23 95.23 95.22 95.23 95.24 95.24 95.23 95.24 95.24 95.25 95.25 95.25 95.25 95.25 95.24 95.24 95.22 95.20 95.20 95.20 95.20 95.20 95.19 95.18 95.16 95.16 95.16
83°N ||     95.08 95.08 95.08 95.08 95.08 95.08 95.08 95.08 95.09 95.09 95.09 95.10 95.10 95.11 95.11 95.12 95.13 95.13 95.14 95.14 95.15 95.15 95.15 95.15 95.15 95.14 95.17 95.16 95.17 95.05 95.03 95.00 95.04 95.05 95.00 95.03 94.99 94.99 94.99 94.98 94.96 94.98 94.94 94.93 94.93 94.95 94.95 94.94 94.95 94.96 94.98 95.00 95.04 95.05 94.99 95.01 94.98 94.96 94.96 94.98 94.96 95.06 95.04 95.18 95.24 95.27 95.33 95.37 95.36 95.25 95.18 95.11 95.06 95.03 95.01 94.99 94.97 94.96 94.94 94.94 94.93 94.92 94.91 94.90 94.89 94.88 94.87 94.86 94.85 94.85 94.85 94.85 94.85 94.84 94.83 94.83 94.82 94.81 94.81 94.81 94.80 94.79 94.79 94.78 94.77 94.77 94.77 94.76 94.77 94.80 94.84 94.88 94.88 94.89 94.86 94.89 94.92 94.93 94.92 94.90 94.89 94.89 94.94 94.91 94.92 94.90 94.92 94.92 94.91 94.92 94.90 94.90 94.92 94.95 94.94 94.93 94.94 94.92 94.93 94.94 94.96 95.01 95.02 95.04 95.10 95.09 95.15 95.19 95.20 95.19 95.18 95.18 95.18 95.18 95.20 95.20 95.20 95.20 95.18 95.18 95.17 95.17 95.16 95.16 95.15 95.15 95.14 95.13 95.13 95.13 95.12 95.12 95.11 95.11 95.10 95.10 95.09 95.09 95.08 95.08
85°N ||     95.12 95.09 95.11 95.14 95.16 95.23 94.99 94.97 95.01 95.05 94.95 95.00 94.97 94.96 94.97 95.01 94.90 94.87 94.86 94.86 94.86 94.91 94.98 94.94 94.93 94.95 95.01 94.97 94.95 95.00 94.98 94.82 94.84 94.89 94.84 94.82 94.82 94.81 94.82 94.83 94.82 94.85 94.83 94.81 94.82 94.80 94.78 94.78 94.78 94.82 94.82 94.81 94.82 94.87 94.87 94.84 94.85 94.85 94.86 94.87 94.87 94.87 94.90 94.88 94.87 94.87 94.91 94.92 94.97 95.00 95.02 95.07 95.03 95.02 95.02 95.05 95.09 95.16 95.19 95.18 95.18 95.15 95.06 95.01 94.94 94.94 94.95 94.96 94.98 95.02 95.13 95.15 94.89 94.85 94.85 94.86 94.85 94.84 94.82 94.80 94.79 94.81 94.79 94.78 94.77 94.76 94.75 94.75 94.75 94.74 94.74 94.74 94.74 94.75 94.75 94.76 94.76 94.77 94.77 94.77 94.78 94.78 94.79 94.78 94.78 94.78 94.78 94.78 94.78 94.78 94.78 94.78 94.78 94.78 94.79 94.79 94.81 94.81 94.81 94.84 94.80 94.80 94.80 94.87 94.88 94.89 94.91 94.96 94.92 94.88 94.91 94.88 94.93 94.95 94.98 95.01 94.95 94.98 95.00 95.01 95.01 94.97 94.99 95.05 95.03 95.05 95.08 95.15 95.10 95.17 95.11 95.07 95.05 95.03 95.05 95.09 95.11 95.06 95.07 95.08
87°N ||     94.71 94.75 94.73 94.74 94.76 94.73 94.74 94.72 94.68 94.67 94.67 94.67 94.69 94.70 94.68 94.65 94.65 94.65 94.65 94.64 94.65 94.68 94.67 94.61 94.61 94.61 94.63 94.63 94.65 94.65 94.66 94.62 94.59 94.60 94.58 94.55 94.52 94.52 94.51 94.52 94.55 94.53 94.57 94.56 94.54 94.48 94.47 94.47 94.48 94.50 94.50 94.50 94.51 94.52 94.56 94.60 94.61 94.62 94.63 94.64 94.62 94.60 94.60 94.59 94.59 94.59 94.58 94.59 94.60 94.61 94.68 94.74 94.75 94.74 94.75 94.73 94.76 94.74 94.73 94.75 94.72 94.71 94.70 94.70 94.72 94.70 94.71 94.75 94.71 94.74 94.69 94.67 94.68 94.66 94.63 94.63 94.64 94.64 94.66 94.65 94.63 94.59 94.60 94.62 94.62 94.58 94.58 94.57 94.55 94.55 94.54 94.56 94.54 94.55 94.55 94.56 94.57 94.59 94.57 94.63 94.55 94.56 94.58 94.60 94.64 94.66 94.61 94.61 94.63 94.63 94.66 94.63 94.56 94.56 94.56 94.56 94.56 94.58 94.61 94.62 94.62 94.63 94.63 94.63 94.65 94.65 94.66 94.64 94.62 94.59 94.62 94.59 94.63 94.62 94.57 94.58 94.59 94.69 94.65 94.68 94.65 94.72 94.72 94.75 94.75 94.76 94.73 94.71 94.72 94.72 94.72 94.74 94.76 94.76 94.76 94.77 94.74 94.75 94.77 94.74
89°N ||     94.40 94.39 94.40 94.41 94.41 94.36 94.35 94.32 94.32 94.32 94.32 94.31 94.31 94.31 94.31 94.30 94.30 94.29 94.29 94.29 94.29 94.29 94.30 94.29 94.29 94.30 94.28 94.27 94.25 94.24 94.23 94.22 94.22 94.21 94.20 94.20 94.19 94.19 94.18 94.18 94.18 94.18 94.17 94.17 94.17 94.17 94.17 94.17 94.17 94.17 94.18 94.19 94.20 94.21 94.22 94.24 94.25 94.26 94.27 94.27 94.27 94.28 94.28 94.29 94.29 94.30 94.31 94.32 94.31 94.32 94.32 94.32 94.33 94.34 94.35 94.36 94.36 94.37 94.38 94.39 94.38 94.38 94.38 94.39 94.38 94.39 94.39 94.39 94.39 94.39 94.39 94.40 94.42 94.41 94.40 94.38 94.37 94.39 94.42 94.43 94.41 94.38 94.38 94.37 94.36 94.36 94.35 94.34 94.34 94.33 94.33 94.32 94.32 94.31 94.31 94.31 94.30 94.30 94.30 94.30 94.30 94.30 94.30 94.30 94.31 94.30 94.30 94.29 94.29 94.28 94.28 94.28 94.27 94.27 94.26 94.25 94.24 94.23 94.22 94.22 94.22 94.21 94.21 94.21 94.21 94.21 94.21 94.22 94.22 94.22 94.23 94.24 94.25 94.26 94.27 94.28 94.29 94.31 94.30 94.28 94.29 94.29 94.30 94.30 94.29 94.30 94.30 94.30 94.31 94.31 94.33 94.33 94.34 94.35 94.36 94.36 94.37 94.38 94.38 94.39
