Mars Surface Radiation Result (absorbed dose in thin silicon slab) (1E-6 Gy/day).

The first row gives the longitude
The first column for each row (starting from the 2nd row) gives the latitude
The rest values of each row gives the dose rate at different longitudes (given in the first row)

179°W  177°W  175°W  173°W  171°W  169°W  167°W  165°W  163°W  161°W  159°W  157°W  155°W  153°W  151°W  149°W  147°W  145°W  143°W  141°W  139°W  137°W  135°W  133°W  131°W  129°W  127°W  125°W  123°W  121°W  119°W  117°W  115°W  113°W  111°W  109°W  107°W  105°W  103°W  101°W  99°W  97°W  95°W  93°W  91°W  89°W  87°W  85°W  83°W  81°W  79°W  77°W  75°W  73°W  71°W  69°W  67°W  65°W  63°W  61°W  59°W  57°W  55°W  53°W  51°W  49°W  47°W  45°W  43°W  41°W  39°W  37°W  35°W  33°W  31°W  29°W  27°W  25°W  23°W  21°W  19°W  17°W  15°W  13°W  11°W  9°W  7°W  5°W  3°W  1°W  1°E  3°E  5°E  7°E  9°E  11°E  13°E  15°E  17°E  19°E  21°E  23°E  25°E  27°E  29°E  31°E  33°E  35°E  37°E  39°E  41°E  43°E  45°E  47°E  49°E  51°E  53°E  55°E  57°E  59°E  61°E  63°E  65°E  67°E  69°E  71°E  73°E  75°E  77°E  79°E  81°E  83°E  85°E  87°E  89°E  91°E  93°E  95°E  97°E  99°E  101°E  103°E  105°E  107°E  109°E  111°E  113°E  115°E  117°E  119°E  121°E  123°E  125°E  127°E  129°E  131°E  133°E  135°E  137°E  139°E  141°E  143°E  145°E  147°E  149°E  151°E  153°E  155°E  157°E  159°E  161°E  163°E  165°E  167°E  169°E  171°E  173°E  175°E  177°E  179°E  
--------------------------------------------------------------------------------------------------------------
89°S ||     79.21 79.26 79.31 79.32 79.32 79.31 79.31 79.33 79.36 79.40 79.55 79.61 79.58 79.64 79.83 79.93 79.98 80.05 80.07 79.96 79.89 80.04 80.06 80.02 79.96 79.94 79.88 79.89 79.98 79.95 80.04 80.15 80.09 80.02 80.12 80.05 79.96 79.90 79.82 79.76 79.71 79.64 79.58 79.55 79.53 79.53 79.52 79.53 79.52 79.51 79.48 79.48 79.45 79.43 79.43 79.43 79.36 79.33 79.30 79.30 79.28 79.26 79.26 79.23 79.25 79.28 79.29 79.17 79.12 79.13 79.07 79.06 79.05 79.06 79.02 78.99 78.98 78.97 78.95 78.96 78.94 78.96 78.96 78.94 78.96 78.97 78.96 78.95 78.95 78.96 78.97 79.00 79.02 79.02 79.03 79.04 79.03 79.04 79.06 79.06 79.04 79.03 79.02 79.02 79.03 79.04 79.05 79.06 79.06 79.07 79.08 79.06 79.03 79.05 79.10 79.13 79.11 79.11 79.12 79.14 79.16 79.17 79.18 79.20 79.24 79.27 79.27 79.30 79.33 79.34 79.36 79.37 79.38 79.39 79.40 79.43 79.43 79.43 79.43 79.44 79.39 79.40 79.38 79.34 79.36 79.36 79.35 79.32 79.29 79.26 79.26 79.24 79.24 79.20 79.18 79.16 79.15 79.14 79.13 79.14 79.13 79.13 79.12 79.10 79.10 79.09 79.10 79.11 79.12 79.13 79.14 79.15 79.15 79.16 79.16 79.18 79.19 79.19 79.20 79.21
87°S ||     81.15 81.24 81.27 81.41 81.37 81.44 81.35 81.34 81.31 81.22 81.22 81.21 81.10 80.98 80.93 80.91 80.93 80.94 80.94 80.89 80.89 80.94 81.08 81.12 81.09 81.04 81.04 80.94 81.02 80.85 81.10 81.12 80.96 80.95 80.94 80.94 80.90 80.86 80.89 80.88 80.83 80.88 80.84 80.81 80.77 80.75 80.74 80.68 80.63 80.57 80.43 80.58 80.39 80.12 80.15 80.08 79.96 79.83 79.77 79.74 79.90 79.41 79.47 79.22 79.15 79.13 79.08 79.05 79.03 79.00 78.93 78.87 78.93 78.91 78.65 78.60 78.52 78.43 78.40 78.56 78.26 78.08 78.07 77.98 77.95 77.95 77.98 78.00 78.03 78.05 78.09 78.10 78.12 78.12 78.13 78.53 78.43 78.61 78.48 78.69 78.69 78.69 78.77 78.78 78.82 78.91 78.97 79.13 79.22 79.27 79.13 79.12 79.15 79.18 79.20 79.19 79.24 79.28 79.35 79.35 79.42 79.48 79.49 79.55 79.62 79.61 79.62 79.70 79.78 79.76 79.83 79.84 79.86 79.92 80.06 80.20 80.29 80.44 80.36 80.18 80.03 79.99 79.96 79.93 79.89 79.89 79.84 79.58 79.55 79.53 79.54 79.55 79.59 79.59 79.58 79.59 79.66 79.77 79.86 79.86 79.94 80.01 80.11 80.14 80.27 80.36 80.47 80.52 80.67 80.71 80.90 80.90 80.92 80.91 80.99 80.87 80.61 80.75 81.14 81.36
85°S ||     80.58 80.59 80.62 80.63 80.64 80.64 80.66 80.71 80.71 80.71 80.71 80.71 80.73 80.81 80.74 80.67 80.68 80.80 80.79 80.80 80.80 80.82 80.85 80.86 80.85 80.85 80.89 81.00 81.07 81.22 81.56 81.60 81.57 81.57 81.61 81.45 81.65 81.54 81.48 81.42 81.66 81.94 81.88 81.90 81.67 81.63 81.52 81.41 81.32 81.22 81.24 81.12 81.10 81.06 81.31 81.39 81.09 80.91 80.96 81.32 81.15 80.23 80.10 80.13 80.25 80.33 80.17 80.26 80.25 79.84 79.97 79.85 79.56 79.48 79.53 79.28 79.59 79.85 80.12 79.77 79.60 79.52 79.58 79.58 79.67 79.53 79.46 79.32 79.31 79.43 79.31 79.34 79.45 79.43 79.43 79.44 79.46 79.51 79.55 79.66 79.63 79.75 80.04 80.34 80.26 80.21 80.19 80.20 80.17 80.23 80.32 80.39 80.44 80.51 80.27 80.34 80.45 80.48 80.40 80.31 80.30 80.34 80.38 80.48 80.59 80.68 80.69 80.62 80.62 80.57 80.52 80.49 80.44 80.46 80.49 80.60 81.18 82.35 82.76 82.49 81.84 81.54 81.41 81.46 80.98 80.74 80.63 80.51 80.57 80.64 80.52 80.55 80.61 80.76 80.93 81.00 81.03 81.06 81.02 81.02 81.01 80.85 80.70 80.63 80.60 80.70 80.78 80.86 81.00 81.19 80.93 80.99 80.96 80.91 80.84 80.79 80.75 80.74 80.62 80.58
83°S ||     80.70 80.73 80.75 80.77 80.78 80.79 80.80 80.82 80.85 80.87 80.89 80.92 80.95 80.98 80.97 80.97 81.00 81.04 81.07 81.10 81.13 81.17 81.21 81.25 81.30 81.36 81.41 81.48 81.59 81.72 81.64 81.48 81.45 81.39 81.50 81.62 81.60 81.56 81.62 81.69 81.43 81.43 81.45 81.45 81.48 81.50 81.47 81.99 82.10 82.17 82.07 82.08 82.00 81.99 82.01 81.97 81.90 82.20 82.29 82.27 81.79 82.14 82.04 81.91 82.26 81.95 81.96 81.93 82.34 81.99 82.29 82.55 82.74 82.76 82.58 82.42 82.46 82.44 82.42 82.52 82.49 82.44 82.27 82.30 82.32 82.22 82.15 82.12 82.18 82.16 81.88 81.87 81.98 82.37 81.91 81.82 81.71 81.66 81.69 81.54 81.76 81.21 81.38 81.11 81.53 81.79 81.85 81.59 81.47 81.50 81.55 81.69 81.96 82.05 82.14 82.11 81.68 81.69 81.62 81.60 81.52 81.51 81.18 81.10 81.17 81.23 81.23 81.08 81.07 81.23 81.15 81.17 81.35 81.36 81.58 82.18 83.02 82.94 82.97 82.95 82.97 81.73 81.61 81.67 81.63 81.77 81.73 81.65 81.62 81.62 81.56 81.43 81.32 81.27 81.22 81.07 81.00 81.05 81.37 81.75 82.27 82.58 82.12 81.55 80.78 80.79 80.48 80.40 80.38 80.36 80.47 80.70 81.24 81.24 80.95 80.73 80.65 80.61 80.64 80.67
81°S ||     81.05 81.13 81.13 81.29 81.02 81.10 81.15 81.20 81.25 81.32 81.38 81.46 81.64 81.68 81.45 81.43 81.47 81.52 81.59 81.65 81.71 81.76 81.78 81.82 81.86 81.92 81.99 82.02 82.05 82.08 82.13 82.30 82.26 82.29 82.41 82.35 82.13 82.17 82.14 82.17 82.36 82.20 81.87 81.92 81.74 81.60 81.67 81.85 81.90 81.78 81.93 81.82 82.06 82.93 82.58 82.79 83.10 82.60 83.06 82.96 82.61 82.74 82.81 82.78 82.78 82.72 82.77 82.78 82.70 82.60 82.71 82.54 82.34 82.37 82.39 82.41 82.35 82.36 82.32 82.35 82.79 82.25 82.07 82.02 81.99 82.02 82.00 82.01 81.97 81.96 81.94 81.97 81.85 81.66 81.45 81.14 80.47 79.76 80.61 80.74 81.23 81.58 81.52 81.65 81.97 82.19 82.34 82.59 82.55 82.42 82.18 82.51 82.63 82.77 82.76 82.85 82.88 82.97 82.94 82.93 82.91 82.95 82.88 82.81 82.79 82.83 82.40 82.44 82.52 82.60 82.67 82.91 82.98 83.08 83.13 83.10 83.07 82.38 81.48 81.27 81.22 81.18 81.16 81.35 81.44 81.47 81.40 81.57 81.67 81.77 81.91 82.01 82.13 81.89 82.02 82.27 82.43 82.08 81.93 81.98 82.49 82.28 81.99 82.00 82.15 82.09 82.55 81.87 81.06 80.72 80.73 80.89 81.07 81.34 81.67 80.97 81.10 81.10 80.89 80.96
79°S ||     81.42 81.48 81.49 81.61 81.59 81.54 81.55 81.59 81.61 81.82 81.68 81.77 81.84 81.87 81.95 82.07 81.94 82.15 81.87 82.16 82.05 82.09 82.07 82.55 83.00 81.95 82.41 82.90 82.70 82.81 82.74 82.75 82.72 82.74 82.79 82.81 82.81 82.80 82.69 82.65 82.66 82.42 83.04 83.16 82.17 82.37 82.35 82.21 82.15 82.43 82.65 82.37 83.08 82.89 82.94 83.16 83.43 82.14 82.81 82.27 83.04 82.79 82.14 82.61 82.61 82.93 82.97 82.89 82.87 82.83 82.78 82.81 82.78 82.79 82.76 82.73 82.76 82.80 82.76 82.53 82.63 82.80 82.51 82.47 82.50 82.72 82.35 82.55 82.37 82.40 82.46 82.33 82.26 81.95 81.11 81.11 80.68 81.17 81.73 82.04 81.96 82.24 82.28 82.36 82.44 82.68 82.49 82.62 82.34 82.63 82.18 82.49 82.31 82.31 81.93 81.82 82.60 82.78 83.07 83.12 83.17 83.16 83.18 83.16 83.21 83.17 83.13 83.19 83.16 83.21 83.14 83.12 83.21 83.19 83.19 83.20 83.27 83.29 83.22 83.22 83.22 83.26 82.91 82.49 82.71 82.12 81.59 81.60 81.61 81.50 81.57 81.68 82.12 83.33 83.17 82.22 82.00 82.60 81.37 81.41 82.08 81.50 81.20 81.06 80.99 81.11 80.98 81.42 81.17 81.14 81.15 81.22 81.37 81.06 80.97 81.10 81.22 81.33 81.33 81.35
77°S ||     82.27 81.97 81.90 81.87 81.78 82.06 82.02 82.38 82.33 82.36 82.32 82.34 82.69 82.50 82.46 82.51 82.60 82.58 82.73 82.61 82.56 82.61 82.56 82.67 82.60 82.74 82.94 83.02 82.86 82.97 82.94 82.97 82.98 82.98 82.98 82.99 82.95 82.97 82.95 82.96 82.94 82.97 82.89 82.75 82.68 82.46 81.93 82.63 81.82 82.10 82.88 82.69 82.51 81.95 82.11 82.33 82.52 82.48 82.61 82.57 82.86 83.05 82.86 82.93 83.12 83.14 83.11 83.15 83.15 83.11 83.07 83.06 83.00 83.02 82.98 82.98 82.94 82.84 82.63 82.65 82.58 82.43 82.37 82.21 82.45 82.64 82.50 82.53 82.32 82.45 82.46 82.40 82.03 81.86 81.73 81.54 81.04 80.63 81.81 82.96 83.34 83.50 83.50 82.31 82.59 82.45 82.48 82.67 82.39 82.73 82.45 82.40 82.34 82.78 83.16 82.97 82.39 82.25 81.81 81.56 81.45 81.04 80.89 81.47 82.12 82.63 82.95 82.93 82.82 82.61 82.02 82.66 82.84 82.14 82.74 82.95 83.27 83.16 82.91 82.79 82.45 82.46 82.21 82.69 83.33 83.28 83.12 82.99 82.27 82.31 82.38 81.56 82.28 82.62 82.63 81.77 81.41 81.51 81.29 81.35 81.45 81.29 81.29 81.56 81.44 81.39 81.54 81.66 81.71 81.69 81.59 81.69 81.92 81.58 81.61 81.68 81.89 82.06 82.16 81.97
75°S ||     82.49 82.59 82.35 82.49 82.30 82.30 82.42 83.09 82.64 82.54 83.44 83.69 82.70 82.87 82.90 83.02 82.81 82.93 82.93 82.77 82.78 83.00 83.01 83.16 83.02 83.10 83.15 83.17 83.15 83.12 83.13 83.11 83.15 83.12 82.70 83.06 83.06 83.04 83.01 83.01 82.95 82.90 82.91 82.92 82.96 83.01 82.93 82.85 82.66 82.55 82.66 82.15 81.99 82.34 82.85 82.93 82.86 83.17 83.31 83.34 83.37 83.36 83.31 83.26 83.23 83.22 83.19 82.99 83.16 83.06 82.94 82.79 82.76 82.60 82.54 82.61 82.52 82.69 82.52 82.54 82.61 82.64 82.73 82.54 82.87 82.63 82.63 82.78 82.61 82.61 82.51 82.20 82.07 82.38 82.52 82.54 82.54 82.55 82.62 82.48 82.32 82.43 82.43 82.37 82.68 82.74 82.74 82.57 82.55 82.44 82.35 82.18 81.71 81.93 82.08 81.52 81.93 81.78 81.54 81.71 81.45 81.38 82.12 82.46 82.29 82.21 83.33 81.86 82.05 82.06 82.18 82.68 82.57 82.44 82.38 82.18 82.51 81.51 81.14 80.72 80.64 81.26 83.49 83.33 83.45 82.23 82.90 82.27 83.05 83.36 83.21 83.14 83.06 83.09 83.20 82.11 81.07 81.04 81.03 81.05 81.03 81.21 81.89 81.78 81.97 81.36 81.43 81.63 81.71 81.70 81.78 81.78 81.81 82.06 82.07 82.16 82.30 82.25 82.31 82.36
73°S ||     83.56 82.48 83.10 83.08 82.97 82.67 83.36 83.08 83.11 83.08 82.65 82.31 83.23 82.64 82.94 83.12 83.08 83.07 83.01 82.90 82.75 82.42 83.39 82.23 82.48 83.28 83.06 83.04 83.07 83.12 83.15 83.15 83.23 82.90 82.84 82.52 82.74 83.09 82.98 83.03 83.03 83.06 82.97 83.02 83.05 83.05 83.06 82.82 83.34 84.12 84.11 84.23 84.18 82.81 83.31 83.31 83.47 83.51 83.52 83.54 83.55 83.53 83.47 83.39 83.42 83.06 83.20 83.38 83.40 83.40 83.35 83.10 82.89 83.01 82.88 82.77 82.69 82.80 83.01 82.64 82.64 82.65 82.68 82.99 82.83 83.06 83.19 83.14 83.03 83.07 82.73 82.69 82.33 82.71 82.68 82.78 82.95 82.97 82.96 82.94 82.98 82.98 83.07 83.02 82.93 82.87 83.01 82.54 82.47 82.32 81.85 81.48 81.74 82.21 82.65 82.35 82.55 82.43 82.53 82.15 82.30 81.89 81.68 81.60 81.94 81.91 82.25 82.28 82.55 82.52 82.47 82.59 82.64 82.74 82.84 82.86 82.85 82.98 82.64 82.28 82.68 81.28 81.44 82.08 82.19 82.24 82.32 82.57 83.21 82.94 82.72 81.85 82.65 83.11 83.40 83.54 82.96 81.96 81.09 81.53 81.28 81.61 82.13 82.21 81.52 81.82 82.27 82.43 82.28 82.66 83.43 83.20 82.81 82.68 82.70 82.65 82.82 82.64 82.69 83.46
71°S ||     83.40 83.43 83.51 83.56 83.62 83.77 83.88 83.81 83.83 83.85 83.85 83.25 82.64 82.37 81.77 81.78 82.43 82.58 83.55 82.80 82.86 82.71 82.53 82.61 84.19 83.16 83.17 83.19 83.09 82.89 82.98 82.89 82.87 83.05 82.98 82.94 82.86 83.15 83.01 83.02 83.15 82.98 83.12 83.03 83.08 83.11 82.85 82.67 82.73 83.53 84.11 83.98 84.26 82.63 83.44 83.57 83.61 83.66 83.60 83.62 83.68 83.40 83.29 83.39 83.50 83.56 83.60 83.44 83.46 82.62 82.90 83.10 82.96 83.12 82.83 83.02 82.87 82.42 82.21 82.07 81.95 82.90 82.86 82.84 83.02 83.03 83.16 82.97 83.21 83.06 83.52 83.42 83.03 83.11 83.10 82.93 82.86 82.24 82.83 83.11 83.25 82.98 83.03 83.04 83.01 83.06 82.72 81.84 82.14 82.47 82.50 82.61 82.61 82.78 82.80 82.70 82.96 82.77 82.89 82.97 82.89 83.09 83.12 82.92 83.06 82.73 82.10 82.32 83.52 83.52 82.55 82.74 82.54 81.40 82.23 82.44 82.54 82.10 81.79 82.12 82.49 81.94 82.77 82.92 83.18 83.21 83.17 82.87 82.88 83.05 83.33 83.22 83.45 83.24 83.97 84.14 84.07 83.75 83.40 83.16 83.42 83.25 83.05 83.39 83.57 83.50 83.51 83.35 83.22 83.67 83.28 83.58 83.48 83.52 83.03 83.03 83.09 83.18 82.84 83.33
69°S ||     82.83 82.90 83.21 83.43 83.03 84.27 84.12 83.83 83.96 83.93 83.89 83.71 83.17 83.28 82.90 83.07 82.04 82.22 82.58 83.02 83.34 83.14 82.89 82.78 82.69 83.29 83.08 83.23 82.88 83.39 82.56 82.65 82.55 82.81 82.84 82.93 83.17 83.19 83.28 83.28 83.34 83.28 83.25 83.30 83.31 83.79 83.12 83.40 83.40 83.38 83.42 83.53 83.54 83.63 83.65 83.59 83.62 83.64 83.47 83.47 83.29 83.63 83.60 83.73 83.61 83.41 82.87 82.89 82.94 82.94 82.90 83.02 83.01 83.20 83.30 83.49 83.33 82.81 82.30 82.56 82.69 83.11 83.09 82.71 82.68 82.47 82.53 82.48 82.74 82.99 83.01 83.13 82.26 83.16 83.23 83.15 83.28 83.28 83.26 83.30 83.25 83.22 83.29 83.21 82.99 82.69 82.00 83.10 83.29 83.17 82.99 82.80 82.90 82.77 82.91 82.43 82.37 82.91 83.28 83.47 83.64 83.51 83.54 83.62 83.60 83.52 83.16 82.76 82.49 82.51 82.97 82.86 82.82 82.80 83.65 82.58 81.41 81.77 81.89 82.02 82.21 82.20 81.84 81.95 82.45 82.89 83.01 82.76 83.22 83.30 83.30 83.38 82.91 81.24 83.27 83.97 83.82 81.82 83.97 83.89 83.83 83.62 83.56 83.49 83.26 83.00 82.79 82.87 82.18 81.93 82.86 83.42 83.39 83.22 83.08 82.94 82.84 82.76 82.97 82.98
67°S ||     84.08 82.79 82.56 83.22 83.24 83.33 83.35 83.86 83.86 83.96 83.99 83.98 83.86 83.74 83.45 83.19 82.92 82.52 82.45 82.20 82.20 81.94 82.26 82.29 82.63 82.60 82.49 82.42 82.87 82.20 82.22 82.25 82.74 84.04 82.67 82.88 82.88 83.52 83.23 83.26 83.35 83.34 83.30 83.32 83.33 83.37 83.33 83.43 83.43 83.38 83.42 83.50 83.53 83.54 83.47 83.61 83.74 83.63 83.69 83.62 83.14 83.48 83.68 83.67 83.46 83.26 84.64 84.63 84.30 82.98 83.13 83.18 83.23 83.41 83.55 83.21 82.90 82.40 82.46 82.16 82.45 82.47 82.81 82.76 83.05 82.95 83.05 83.07 83.05 83.05 83.08 83.23 83.15 83.28 83.23 83.34 83.23 83.18 83.19 83.03 83.04 82.38 82.18 82.22 81.89 82.40 83.60 84.03 83.98 83.60 83.51 83.11 83.14 82.80 82.95 82.85 83.20 83.33 83.59 83.62 83.59 83.58 83.63 83.62 83.55 83.76 83.75 83.87 83.89 83.46 82.76 82.16 82.72 82.91 82.20 82.03 81.92 81.55 82.06 81.35 81.59 81.97 81.99 82.85 82.58 82.53 82.08 82.39 82.81 83.12 83.40 83.51 83.26 83.42 83.54 83.58 83.60 83.57 83.30 83.46 83.41 83.47 83.30 83.11 83.35 83.30 83.31 83.30 83.25 82.88 83.46 83.25 83.20 83.03 82.61 83.13 82.52 82.50 82.57 83.03
65°S ||     82.93 82.57 82.29 82.68 82.72 83.48 83.55 83.90 83.84 83.89 83.87 83.97 83.98 83.98 83.91 83.77 83.66 83.61 83.53 83.26 82.82 82.70 82.77 82.58 82.90 82.83 82.54 83.19 83.07 82.58 82.39 82.67 82.47 82.69 82.86 82.97 82.99 83.05 83.07 83.27 83.29 83.38 83.41 83.41 83.49 83.52 83.49 83.47 83.49 83.48 83.39 83.31 83.24 83.35 83.48 83.59 83.59 83.60 83.50 82.73 83.62 83.75 83.89 84.03 83.49 83.75 83.72 83.72 83.27 83.21 83.40 83.30 83.37 83.49 83.67 83.56 83.14 82.98 82.62 82.31 82.33 82.61 83.36 82.90 83.05 83.09 83.08 83.00 82.77 83.12 83.11 83.14 83.09 83.25 83.07 83.27 83.50 83.35 83.10 83.17 82.95 82.98 82.86 82.75 82.38 82.68 82.53 82.76 82.86 82.75 82.72 82.60 82.71 83.22 83.49 83.92 83.88 83.73 83.58 83.48 83.48 83.64 83.79 83.75 83.87 83.82 83.78 83.83 83.83 83.92 83.03 82.97 82.92 82.81 84.10 82.35 82.29 82.40 82.82 81.78 81.75 81.76 82.21 82.25 82.30 81.92 81.78 82.90 82.63 82.37 83.18 83.07 82.96 83.42 83.38 82.04 82.61 82.79 83.32 83.04 82.49 82.65 83.34 83.00 83.22 83.46 83.34 83.42 83.39 83.36 83.06 82.99 82.83 82.28 83.15 83.36 82.98 82.83 82.49 82.40
63°S ||     82.93 82.90 83.23 82.65 82.40 82.80 83.29 83.38 83.62 83.56 83.80 83.67 83.96 83.85 83.87 83.76 83.83 83.86 83.80 83.39 82.92 82.90 82.66 82.75 82.67 82.81 82.82 82.65 82.60 82.67 82.62 82.75 82.96 82.98 82.94 82.74 82.57 82.88 83.23 82.99 83.38 83.11 82.93 83.29 83.33 83.30 83.13 83.40 83.33 83.31 83.12 83.17 83.40 83.75 83.51 82.92 83.30 83.81 83.69 83.73 83.68 83.66 83.78 83.95 84.23 84.04 83.45 84.07 83.32 83.77 83.55 83.37 83.41 83.30 83.38 83.82 83.94 83.86 83.78 83.43 83.25 82.90 82.98 82.96 82.98 83.02 83.14 83.14 83.15 83.10 83.08 83.10 83.20 83.13 83.17 83.00 83.13 83.20 83.04 83.28 83.30 83.03 83.10 83.27 83.13 82.89 82.70 82.48 82.51 82.30 82.77 82.90 83.23 83.75 84.10 84.15 84.17 83.98 83.80 83.73 83.68 83.64 83.70 83.73 83.93 83.99 83.90 83.86 83.88 83.91 83.73 83.20 83.09 83.33 82.95 82.51 82.24 82.40 82.26 81.53 83.18 82.06 82.61 82.52 82.50 82.22 82.07 81.89 81.65 82.08 82.51 82.89 82.70 82.75 83.07 83.39 83.62 83.64 83.38 83.27 82.81 82.90 83.09 83.07 82.95 82.15 82.11 82.46 82.93 83.21 83.34 83.41 83.24 83.49 83.46 82.63 83.06 83.15 83.10 83.30
61°S ||     83.61 82.73 82.35 82.90 83.20 83.38 83.36 82.75 82.86 83.06 82.65 82.87 83.38 82.86 84.32 82.95 83.32 83.28 83.76 83.50 83.43 83.39 83.41 82.84 82.68 82.50 83.42 83.14 82.66 82.76 83.18 83.47 83.50 83.40 83.38 83.11 82.77 82.95 82.87 82.85 83.24 82.61 83.01 83.31 83.05 82.16 83.51 83.66 83.70 83.64 83.61 83.74 83.72 83.43 83.06 83.90 83.91 83.72 83.92 83.91 83.85 83.70 83.80 83.87 84.09 84.35 84.14 83.64 84.20 84.22 84.06 83.81 83.04 83.72 83.89 83.47 83.43 83.52 83.38 83.11 82.30 82.32 82.97 83.21 82.99 82.92 82.80 83.08 83.20 83.17 83.22 83.14 83.15 83.31 83.22 83.27 83.23 83.07 83.18 83.29 83.36 83.22 83.15 83.14 82.61 83.15 83.06 83.08 83.10 83.21 83.32 83.40 83.50 83.68 83.91 83.96 83.55 83.49 83.53 83.30 84.38 83.93 83.37 83.61 83.79 83.86 84.02 84.09 83.83 84.03 84.30 84.10 82.10 83.92 83.78 83.56 82.47 82.64 82.62 83.02 82.26 82.17 82.08 82.19 82.26 82.17 82.18 81.96 82.19 82.14 82.43 82.42 82.47 82.56 82.60 83.54 84.04 83.98 83.97 83.84 83.68 83.45 83.26 83.05 82.98 82.65 82.29 82.52 82.63 81.73 82.45 83.13 83.26 83.03 82.11 82.45 82.65 83.46 83.50 83.46
59°S ||     83.73 83.26 83.08 83.34 83.38 83.22 82.08 82.72 82.90 82.68 83.14 82.71 82.91 82.17 83.07 83.45 83.22 83.36 83.10 83.36 83.51 83.53 83.28 83.15 82.41 82.78 82.96 83.02 83.38 82.79 83.00 83.60 83.67 83.40 83.64 83.43 82.97 82.51 82.36 82.50 82.76 83.30 83.59 83.57 83.50 83.21 83.65 83.78 83.93 83.92 83.93 83.94 83.97 83.99 83.76 83.60 83.71 83.57 83.84 83.95 83.70 83.44 84.07 83.97 83.40 84.34 83.41 83.97 84.20 82.96 83.26 83.91 84.43 83.69 84.13 83.57 83.60 83.33 83.10 83.11 82.58 82.69 82.99 82.77 82.82 83.21 83.05 83.02 83.38 82.27 83.08 83.29 83.36 83.25 83.65 83.08 83.01 83.03 83.91 82.97 82.89 83.27 83.13 83.16 83.23 83.28 83.25 83.19 83.17 83.48 83.56 83.74 83.80 83.81 83.67 83.35 83.39 83.48 83.15 82.72 82.76 82.80 83.44 83.81 84.14 84.24 84.30 84.24 84.31 84.45 84.25 84.23 84.00 83.85 83.90 83.65 83.16 82.12 81.62 81.91 83.76 83.59 81.65 81.68 82.97 82.00 82.12 81.53 82.12 82.51 82.09 82.17 82.64 83.23 83.48 83.67 83.83 83.78 83.87 83.87 83.85 83.78 83.67 83.52 83.14 82.84 82.54 82.48 82.66 82.47 83.36 81.90 82.61 82.82 82.55 83.16 83.37 83.21 83.46 83.60
57°S ||     83.58 83.61 83.76 83.98 83.62 82.50 82.87 82.73 82.35 82.41 82.51 83.93 82.47 82.59 82.25 82.33 82.93 83.35 82.96 82.83 83.87 82.89 82.94 82.93 82.26 82.85 83.08 83.06 83.03 82.32 81.85 83.61 83.41 83.49 83.47 83.22 83.35 82.84 82.66 82.71 82.54 83.07 83.28 83.40 83.48 83.24 82.83 82.78 83.54 83.94 83.97 84.02 83.89 83.87 83.67 83.12 82.96 82.99 82.78 82.67 83.26 84.40 83.62 83.10 84.27 84.55 84.43 83.62 85.27 81.89 84.69 83.62 83.20 83.77 83.41 84.16 84.35 84.13 83.84 84.41 84.43 83.71 83.08 83.15 83.36 83.11 83.16 82.93 82.87 83.17 83.24 83.31 83.04 82.75 82.76 82.70 82.71 82.80 83.18 82.78 82.53 82.66 82.64 82.71 82.70 83.27 83.31 83.47 83.62 83.74 83.86 83.97 84.08 84.15 84.06 83.84 83.94 83.94 84.06 83.82 83.74 83.91 84.26 84.49 84.66 84.65 84.67 84.66 84.66 84.84 84.46 84.37 84.20 84.35 84.27 84.18 84.11 83.70 82.02 83.02 83.85 84.12 82.22 82.40 82.91 82.73 82.38 82.17 82.15 82.51 82.96 83.12 83.24 82.99 83.40 83.20 83.64 83.16 82.43 82.66 83.71 83.81 83.75 83.48 83.09 82.82 82.59 82.59 82.69 82.60 82.30 82.18 82.63 82.71 83.56 82.67 82.69 82.80 83.07 83.52
55°S ||     83.67 83.70 83.81 83.87 83.35 83.30 83.23 82.86 82.70 83.16 83.11 83.01 82.87 82.98 82.68 82.88 83.34 83.26 83.25 83.19 82.71 82.08 82.09 83.86 82.07 82.88 83.20 83.20 83.18 82.93 82.72 83.51 83.48 83.36 83.51 83.20 82.96 82.72 82.36 82.25 82.36 82.25 82.20 82.40 83.11 82.82 82.66 83.01 83.51 83.74 83.95 83.98 83.99 83.58 83.23 82.39 82.73 82.32 82.63 84.15 83.15 84.55 84.68 84.28 83.32 85.69 85.60 85.81 85.56 85.58 85.59 84.88 82.96 83.46 84.36 83.77 83.61 84.22 84.09 84.01 83.57 83.30 83.42 83.40 83.31 83.16 83.17 82.92 83.03 82.75 82.99 83.17 83.39 83.08 83.16 83.55 84.16 83.17 83.12 83.21 83.18 83.10 82.53 82.69 82.53 82.78 83.47 83.57 83.77 83.94 84.07 84.17 84.33 84.46 84.45 84.57 84.65 84.73 84.76 84.98 85.29 85.44 85.50 85.62 85.81 85.47 85.25 85.21 85.78 84.95 84.71 84.63 84.51 84.32 84.46 84.39 83.15 83.86 83.73 83.42 83.24 83.07 83.17 83.19 82.12 82.53 82.66 82.66 82.99 83.29 83.62 83.62 84.18 83.88 83.21 83.38 83.58 82.38 82.57 83.82 83.57 83.39 83.22 83.25 82.89 82.75 82.92 83.11 83.35 83.14 83.11 82.53 83.22 82.86 82.66 82.75 82.98 83.35 83.38 83.60
53°S ||     83.74 83.39 83.46 83.98 84.15 82.78 83.49 83.60 83.59 83.41 83.53 83.06 82.87 83.22 83.21 83.20 82.94 83.28 83.19 83.28 83.16 82.52 82.20 83.27 82.85 83.12 84.04 83.09 83.27 83.09 83.40 83.29 83.29 83.49 83.35 83.34 83.30 82.54 82.24 82.21 82.10 82.24 82.70 82.90 83.11 83.24 83.39 83.34 84.04 84.51 83.04 83.11 83.40 83.18 83.30 83.76 83.60 82.93 82.83 83.67 83.16 84.61 84.69 84.79 86.29 85.99 85.66 85.67 85.71 85.74 85.72 85.49 84.96 84.67 84.04 83.89 84.11 84.34 83.75 83.94 84.08 83.94 83.82 83.65 83.45 84.17 83.57 83.20 83.33 83.37 83.08 83.02 82.89 83.33 82.81 82.65 82.97 83.06 83.15 83.02 83.17 83.26 82.82 82.09 83.32 83.09 83.28 83.59 83.71 83.79 84.17 84.31 84.52 84.67 84.75 84.91 85.33 85.56 86.24 87.11 87.81 88.35 88.59 88.69 88.74 88.15 87.94 88.04 88.07 87.91 86.73 84.98 84.98 85.22 84.43 84.58 84.60 84.39 83.48 83.48 83.63 83.18 83.27 82.90 83.06 83.70 82.95 82.95 83.03 82.81 83.09 83.45 83.78 83.94 84.38 83.67 83.55 82.18 83.88 83.55 83.70 83.73 83.73 83.41 83.17 83.11 82.81 83.15 82.58 83.14 83.34 82.72 82.17 82.17 82.74 83.31 83.38 83.47 83.68 83.73
51°S ||     83.66 83.52 83.21 83.29 83.82 83.68 83.59 82.87 83.78 83.34 83.02 83.27 83.13 83.36 83.22 83.12 83.21 82.56 83.07 83.15 82.95 82.60 82.15 81.98 81.66 82.88 82.55 82.94 83.23 83.24 83.13 83.31 83.03 82.92 83.14 82.87 82.91 82.78 82.50 81.75 81.72 81.55 81.93 82.94 83.13 83.30 83.40 83.05 84.12 84.42 82.97 82.96 82.50 82.23 83.21 84.09 84.24 84.22 83.41 82.83 82.78 82.99 84.72 85.47 85.96 85.56 85.83 85.71 85.70 85.69 85.69 85.75 84.97 85.01 85.20 85.78 84.11 84.16 83.87 83.90 84.03 83.94 83.59 83.41 83.20 83.68 83.00 83.12 83.34 83.31 83.27 83.32 83.43 83.50 83.23 82.84 82.96 83.05 83.12 82.73 83.29 83.01 82.70 83.13 83.00 83.16 83.48 83.75 83.95 83.98 84.41 84.53 84.58 84.83 85.06 85.61 86.29 87.21 88.11 89.11 89.43 89.89 90.05 90.18 90.24 90.27 90.08 90.09 89.95 89.72 90.07 89.43 86.30 86.20 85.32 84.72 84.20 83.10 82.31 83.91 83.61 83.01 83.90 82.93 82.40 82.66 83.02 83.57 83.33 83.41 83.75 83.78 83.66 83.56 82.97 83.56 83.60 83.73 83.65 83.68 83.62 83.17 83.31 83.67 83.62 83.42 82.92 83.61 83.23 83.56 83.21 82.82 83.24 82.66 82.78 83.07 83.20 83.43 83.51 83.64
49°S ||     82.85 83.09 82.96 83.35 84.03 84.19 84.29 83.61 83.63 82.71 83.16 82.73 82.71 82.57 82.87 82.68 82.61 82.66 81.95 82.20 82.53 82.80 82.05 81.89 82.54 82.32 82.69 83.23 83.20 83.20 83.02 83.25 82.92 81.72 81.71 81.87 82.20 82.19 82.25 81.75 81.57 81.64 81.81 82.66 83.00 83.18 83.21 83.20 83.13 83.03 82.85 82.54 82.08 81.89 82.16 82.60 83.62 83.68 83.06 82.85 84.38 84.56 84.67 84.87 85.60 86.19 85.77 85.81 85.72 85.95 85.98 85.54 85.19 84.31 84.62 83.90 83.88 84.16 83.82 83.93 83.94 83.88 83.65 83.33 83.34 82.93 83.07 84.27 83.70 83.34 83.12 83.28 83.81 83.81 83.32 83.05 82.47 83.46 82.81 82.79 82.75 82.76 83.03 83.37 83.45 83.11 83.06 83.78 83.95 84.20 83.93 84.40 84.78 85.19 86.24 87.22 88.14 88.72 89.48 89.92 90.54 90.84 90.55 90.52 89.59 90.18 90.27 90.38 90.25 90.20 90.23 90.24 89.99 89.39 87.49 86.10 84.66 84.13 84.42 84.05 84.25 83.69 82.74 83.29 83.45 82.52 83.20 82.98 83.47 83.60 82.96 83.43 83.41 83.37 83.24 83.64 83.45 83.25 82.92 82.94 81.74 82.54 83.30 83.15 82.85 83.38 83.73 83.97 83.42 83.97 83.89 83.63 83.58 83.12 82.70 82.29 82.48 82.71 83.07 83.23
47°S ||     82.66 83.15 82.91 82.87 83.52 84.01 83.42 82.94 83.45 83.05 82.76 82.88 81.89 83.22 82.09 82.33 81.51 81.75 82.51 82.31 82.79 82.18 82.54 82.85 82.80 83.21 82.61 82.97 83.15 83.12 83.13 83.13 83.20 82.40 82.20 82.35 82.63 82.69 82.68 82.38 81.96 81.83 82.19 82.30 82.16 82.79 82.80 82.89 82.68 82.72 82.39 82.23 81.87 81.87 81.80 82.15 82.48 82.43 82.97 83.41 82.47 84.13 83.80 84.63 84.61 85.84 86.16 86.10 85.99 86.12 86.04 85.71 85.39 84.39 84.59 84.56 83.92 83.87 83.68 83.19 83.81 83.60 83.51 83.47 83.14 83.19 82.95 83.20 83.50 83.39 83.48 83.49 83.96 83.44 83.22 82.51 82.83 82.69 83.00 83.55 82.81 82.43 82.67 83.00 83.84 83.85 83.45 83.75 84.12 84.06 83.91 84.20 84.66 84.94 88.06 89.63 90.08 90.74 91.00 90.50 90.07 90.33 90.66 90.58 90.22 89.91 89.67 90.08 90.27 90.15 90.17 89.96 89.99 89.89 89.28 87.96 86.48 84.95 84.58 84.44 84.36 84.26 83.76 83.33 83.88 83.86 83.32 83.69 83.62 83.62 83.63 83.05 82.88 83.26 82.85 83.14 83.20 82.61 82.25 82.95 83.67 83.78 82.87 82.78 83.27 83.79 83.65 83.83 83.99 83.90 83.85 83.79 82.99 83.00 82.71 83.24 82.92 82.77 83.14 83.02
45°S ||     83.19 83.27 83.12 83.18 83.44 83.40 83.51 83.55 83.66 82.88 82.63 83.18 82.67 82.47 82.56 82.56 83.49 82.49 82.88 83.00 82.77 83.05 83.61 82.67 83.03 83.26 83.09 82.96 82.97 82.93 82.79 82.89 82.82 82.61 82.62 82.58 82.61 82.64 82.75 82.77 82.43 82.33 82.51 82.41 82.37 82.58 82.58 82.36 82.18 81.98 81.90 81.90 81.85 81.37 81.18 82.32 82.75 82.89 83.27 83.53 83.83 83.79 84.14 84.26 84.22 85.07 85.52 87.30 87.02 86.42 86.21 85.91 84.92 84.70 84.52 84.65 83.76 83.72 83.68 84.42 83.37 83.57 83.29 83.24 83.17 83.07 83.07 83.55 83.53 83.43 83.31 83.40 83.59 83.37 83.16 83.25 82.88 82.91 82.85 83.57 82.00 82.68 82.87 82.94 83.56 82.92 83.52 83.74 83.95 83.97 84.07 83.99 84.67 86.13 89.68 90.17 90.95 91.01 90.55 90.87 90.70 90.90 90.75 90.75 90.55 90.87 90.92 90.14 90.04 90.48 90.14 90.03 90.04 89.90 89.25 88.85 87.25 85.38 84.72 84.56 84.36 84.47 82.59 83.89 83.92 83.65 83.78 83.50 83.32 83.68 83.35 83.14 83.40 83.12 83.20 82.85 82.62 82.70 82.16 81.40 82.64 82.45 82.99 83.81 83.91 83.82 83.33 83.95 83.46 83.53 83.81 83.71 82.99 83.04 83.08 82.24 82.30 82.90 83.10 83.00
43°S ||     83.72 82.96 83.84 83.47 83.72 83.40 83.51 83.48 83.25 83.01 82.63 82.71 82.51 82.31 82.66 82.70 83.08 83.16 83.02 82.99 82.48 82.72 82.92 82.93 82.63 82.99 83.09 83.09 82.41 82.72 82.57 82.84 82.89 82.41 82.52 82.51 82.55 82.66 82.85 82.95 82.34 82.09 81.04 81.10 81.96 82.37 82.20 81.95 81.99 81.70 81.59 81.61 81.51 81.61 81.66 82.43 82.52 82.68 82.81 83.19 83.18 83.28 83.70 83.23 84.48 84.39 84.82 84.93 85.09 85.20 85.02 85.00 84.52 84.71 84.59 83.89 83.79 83.95 83.83 83.94 83.72 84.69 83.28 83.48 83.32 83.32 83.17 83.59 83.56 83.31 83.21 83.38 83.43 83.34 83.31 83.06 83.25 83.02 83.34 82.85 82.77 82.88 82.71 82.29 82.35 82.71 83.42 84.07 83.63 83.84 83.94 84.02 84.83 87.75 90.02 90.79 90.76 90.54 90.72 90.97 90.81 90.81 90.61 90.86 90.81 90.20 90.37 90.29 90.54 90.30 90.10 90.07 89.86 89.49 88.26 88.12 87.31 85.83 84.75 84.72 84.57 84.61 84.38 84.32 84.12 83.96 83.77 83.58 83.59 84.15 83.83 83.69 83.61 83.25 83.20 82.88 82.58 82.56 82.63 82.66 82.42 82.53 83.23 83.97 84.11 84.07 83.91 83.81 83.46 83.66 83.64 83.77 82.43 83.23 83.27 83.93 82.94 83.19 83.49 83.44
41°S ||     83.88 83.81 83.84 84.14 83.98 83.33 83.43 83.33 83.88 84.18 84.64 84.52 83.50 82.75 83.02 82.89 82.44 82.72 82.40 82.78 82.41 82.98 82.93 82.92 82.71 81.84 82.39 82.59 82.83 82.35 82.21 82.49 82.31 82.32 82.08 82.40 82.48 82.66 82.70 80.51 80.18 79.99 78.11 77.83 77.92 80.34 80.33 80.34 81.15 81.52 81.22 81.62 81.36 81.55 81.52 81.58 81.68 82.22 83.10 82.95 82.59 82.01 83.39 83.95 83.91 84.38 84.37 84.58 84.83 84.88 84.84 84.53 84.71 84.24 84.29 84.28 84.12 84.78 84.06 83.67 83.87 83.76 83.44 83.45 83.26 83.27 83.37 83.67 83.66 83.52 83.27 83.46 83.19 83.23 83.34 82.84 82.67 83.18 83.12 82.99 82.64 82.71 82.21 81.95 83.57 82.84 83.23 83.74 83.76 83.79 83.98 84.21 84.79 87.80 89.60 90.80 90.74 90.19 90.86 90.88 90.86 90.73 90.91 91.00 90.71 90.20 90.52 90.60 90.40 90.54 90.31 90.03 89.23 88.49 88.11 87.75 86.81 85.62 85.06 84.74 84.91 84.17 83.99 84.23 83.28 83.43 83.79 83.89 83.94 83.90 83.81 83.79 83.80 83.20 83.06 82.99 82.74 83.15 83.11 82.87 82.80 82.74 83.36 83.73 83.86 83.75 83.83 83.75 83.04 83.48 83.49 82.75 82.65 83.38 83.30 83.37 83.44 83.65 83.82 83.50
39°S ||     83.74 83.88 83.61 83.25 84.04 83.21 83.66 83.55 82.83 83.25 84.34 84.33 83.08 82.76 83.36 83.08 83.33 82.85 83.10 83.18 83.34 82.59 83.36 83.35 83.08 83.08 82.85 82.56 82.71 82.59 82.46 80.50 81.65 82.09 82.10 82.29 82.44 82.40 81.64 81.49 80.86 79.51 79.16 79.25 79.64 79.77 79.66 79.93 79.31 80.46 81.23 81.26 81.30 81.41 81.57 81.61 81.86 82.20 82.29 82.80 82.81 82.97 82.50 82.74 83.48 82.90 84.00 84.74 84.65 84.62 84.65 84.64 84.36 84.23 84.34 84.25 84.19 84.02 83.89 83.90 83.85 83.85 83.70 83.53 83.50 83.26 83.60 83.84 83.54 83.48 83.70 83.74 83.66 83.22 83.40 83.05 83.06 83.01 82.97 83.37 82.70 82.88 82.50 82.61 82.51 82.46 83.19 83.61 83.83 83.86 83.85 84.36 84.85 86.46 89.37 90.85 90.99 90.89 90.58 90.79 91.00 90.91 90.98 91.00 90.79 90.50 90.81 90.59 90.70 90.37 90.11 89.52 88.68 88.21 87.50 87.05 86.70 86.19 85.01 84.52 84.42 83.91 83.93 83.83 83.82 84.01 84.09 83.97 83.28 83.85 83.90 83.98 83.76 83.59 83.24 83.49 83.24 82.94 83.50 83.35 83.04 82.90 82.92 83.14 83.48 83.61 83.99 83.83 83.55 83.51 83.64 83.45 83.77 83.68 83.71 83.43 83.57 83.78 83.92 84.03
37°S ||     84.04 83.88 83.89 83.54 84.41 84.20 83.85 83.08 82.56 81.91 81.60 82.58 82.46 83.34 83.72 83.69 83.69 83.69 83.53 83.44 83.42 83.40 83.06 83.27 82.94 82.56 82.65 82.17 82.05 82.59 82.48 81.54 81.70 81.07 81.82 80.88 81.50 79.50 79.63 81.44 79.44 78.62 79.98 80.02 79.92 79.86 80.08 80.82 80.18 80.15 79.93 80.58 81.21 81.72 81.73 81.86 81.75 82.35 82.48 82.29 82.27 83.05 83.04 83.39 83.80 83.74 84.15 84.29 83.03 84.45 84.20 84.26 84.31 84.39 84.29 84.17 84.08 84.06 84.07 83.89 83.68 83.54 83.25 84.40 83.57 83.36 83.37 83.27 83.75 83.49 83.62 83.75 83.71 83.51 83.06 83.35 82.98 82.90 83.30 83.25 82.65 82.61 82.45 82.63 82.82 82.78 84.12 83.28 83.74 83.94 83.98 84.07 84.45 86.09 87.74 90.45 91.01 91.14 91.19 90.83 90.87 90.89 90.54 90.97 90.60 90.68 90.53 90.61 90.56 90.46 90.27 89.16 88.04 87.56 86.88 86.48 85.75 85.04 84.77 84.55 84.05 84.14 83.70 83.73 83.59 83.71 83.98 84.00 83.97 83.85 84.00 83.87 83.79 83.74 83.58 83.61 83.80 83.62 83.52 82.83 83.17 83.10 82.66 82.63 83.33 83.51 83.96 83.59 83.63 83.75 83.89 83.86 83.84 83.82 83.64 83.47 84.05 84.16 84.06 84.35
35°S ||     84.03 84.41 83.89 83.24 83.80 83.21 83.09 83.30 82.67 81.92 81.78 82.62 83.32 83.49 83.65 83.57 83.69 82.27 83.45 83.39 83.33 83.12 83.10 82.92 82.41 82.66 82.47 82.33 81.78 81.93 81.61 81.48 81.58 81.29 81.44 81.61 80.89 79.40 79.51 79.45 78.87 79.96 80.70 80.58 80.25 80.52 80.33 80.41 80.69 80.74 80.55 79.67 80.48 81.58 81.93 82.14 82.14 82.16 82.18 82.29 82.48 82.67 82.65 83.69 83.64 83.08 83.32 83.70 83.62 84.26 84.18 84.29 84.12 83.87 83.98 84.11 84.12 84.10 84.25 84.02 83.71 83.43 83.61 83.44 83.53 83.21 83.10 83.25 83.38 83.46 83.50 83.68 83.59 83.18 83.21 83.18 83.41 83.61 82.98 82.84 82.87 82.28 82.41 82.79 82.97 82.92 82.98 83.36 83.85 83.74 83.72 83.87 84.17 84.37 85.58 87.70 90.79 91.03 91.17 91.18 90.84 90.83 91.01 91.11 90.57 90.65 90.60 90.49 90.55 90.39 89.55 87.36 86.45 86.44 86.06 85.56 85.75 85.02 84.97 84.92 84.24 83.98 83.23 83.70 83.48 83.62 83.76 83.83 83.95 84.02 83.89 83.71 83.11 83.12 83.21 83.50 83.21 83.01 83.34 83.55 83.32 82.99 83.38 83.60 83.43 83.44 83.29 83.52 83.48 83.05 83.92 83.99 83.73 83.68 83.83 83.90 84.31 84.20 83.90 83.36
33°S ||     84.09 84.16 83.23 83.08 83.27 82.43 82.84 81.93 81.97 82.55 82.49 82.75 83.39 83.54 83.80 83.47 83.69 83.72 83.39 83.39 82.66 83.12 83.05 83.02 82.71 82.44 82.45 82.25 82.02 81.74 81.57 80.74 81.14 80.92 80.58 80.77 80.08 79.07 78.90 78.19 78.44 79.99 80.89 80.47 81.22 80.56 81.48 81.56 81.29 81.34 80.71 79.75 78.93 80.62 81.54 82.12 82.09 82.17 82.21 82.20 82.59 83.02 82.88 83.64 83.72 83.78 83.75 83.74 83.68 83.53 83.73 84.13 84.09 83.87 84.17 83.89 84.23 84.05 84.01 84.09 83.90 83.71 83.89 83.60 83.54 83.41 83.35 83.24 83.25 83.33 83.38 83.08 83.30 83.47 83.25 83.37 83.15 83.39 83.09 82.57 82.74 82.55 82.29 82.51 82.77 82.89 82.89 82.82 83.45 83.72 83.59 83.54 83.34 83.66 84.19 85.27 88.78 90.30 90.87 91.10 91.08 91.17 90.63 90.52 90.70 90.69 90.46 90.43 89.48 88.31 87.62 86.13 85.23 85.14 85.08 85.07 85.42 85.19 84.83 84.77 84.51 84.01 83.70 83.60 83.46 83.41 83.58 83.54 83.65 83.77 83.74 83.51 83.37 83.17 82.65 82.54 82.66 82.61 83.27 82.87 83.21 83.47 83.02 83.29 83.17 83.11 83.46 83.60 83.79 83.42 83.58 83.97 83.32 83.78 83.79 83.93 84.05 83.89 83.62 83.60
31°S ||     84.02 83.42 83.29 83.22 82.60 82.68 82.16 82.61 82.74 82.60 82.78 82.82 83.20 83.46 83.70 83.69 83.69 83.25 83.11 83.38 82.99 83.05 82.96 82.89 82.69 82.62 82.41 82.20 81.88 81.56 81.27 81.10 81.05 80.44 80.28 80.85 79.98 78.87 79.01 78.17 79.18 80.03 80.42 81.03 81.27 81.50 81.52 81.74 81.73 81.86 80.91 79.75 80.16 80.27 80.43 80.39 81.77 82.33 82.33 82.65 83.05 83.40 83.62 83.67 83.82 83.77 83.83 83.95 83.88 83.84 83.92 84.48 83.87 83.67 83.82 83.82 83.90 83.99 84.12 84.10 84.14 84.06 83.87 83.88 83.75 83.42 83.16 83.02 83.22 83.27 83.27 83.35 83.10 83.31 83.38 83.28 83.34 83.23 83.18 82.77 82.73 83.19 82.88 82.69 82.95 83.12 83.20 82.92 83.48 83.69 83.88 83.54 83.87 83.80 84.38 84.37 85.23 85.94 86.61 89.89 90.58 90.99 90.35 90.59 90.44 90.53 90.15 89.57 86.72 85.27 86.22 85.74 84.98 84.96 84.90 84.68 84.65 84.82 84.78 84.60 84.54 83.71 83.76 83.52 83.61 83.24 83.37 83.35 83.37 83.45 83.56 83.37 83.17 83.18 82.83 82.76 83.36 82.55 82.38 82.19 83.30 83.61 83.91 83.41 83.58 83.72 83.83 83.75 83.78 83.65 83.52 83.74 83.44 83.69 83.68 83.51 83.69 83.82 83.79 83.74
29°S ||     84.01 83.40 82.12 83.21 82.58 82.42 82.95 82.52 82.86 82.68 82.67 82.89 83.43 83.60 83.69 83.64 83.60 82.58 83.45 83.42 83.21 82.96 82.94 82.82 82.73 82.56 82.39 82.08 81.75 81.46 81.19 80.86 80.65 80.61 80.57 79.77 79.81 79.31 77.88 76.95 79.08 80.18 80.62 80.94 81.28 81.58 81.76 81.90 82.01 82.00 81.96 81.82 81.11 81.13 81.04 80.30 80.61 81.12 82.29 82.59 83.10 83.68 83.79 83.75 84.00 83.80 83.67 83.77 83.96 83.94 84.06 84.27 84.06 83.77 83.96 84.17 84.01 83.98 84.24 84.19 84.15 84.16 83.97 84.05 83.56 83.54 83.40 83.18 83.08 83.25 83.32 83.36 83.48 83.41 83.37 83.29 83.32 82.88 83.22 82.87 83.33 83.38 83.09 83.09 83.34 83.44 83.51 83.42 82.89 83.64 83.38 83.85 83.96 84.05 83.50 83.73 84.59 84.51 84.99 85.00 85.82 85.82 87.29 89.30 88.06 88.36 86.80 87.35 85.21 84.86 84.69 84.50 84.72 84.81 84.70 84.48 84.58 84.56 84.51 84.16 84.12 83.88 83.67 83.54 83.50 83.37 83.34 83.40 83.40 83.44 83.47 83.27 83.25 82.82 83.04 82.62 82.14 82.39 83.12 82.12 83.10 83.51 83.66 83.23 83.70 82.95 83.65 83.81 83.60 83.48 83.64 83.53 83.33 83.45 83.50 83.69 83.55 83.68 83.80 83.94
27°S ||     83.72 83.35 83.30 83.25 82.69 82.57 83.14 82.27 82.72 83.05 82.95 83.31 83.26 83.41 83.69 83.48 83.69 82.92 83.43 82.88 82.91 82.93 82.81 82.78 82.58 82.46 82.31 82.17 81.70 81.38 81.03 80.71 80.30 80.32 80.15 80.32 80.53 79.10 78.81 77.19 79.34 80.22 80.59 81.01 81.37 81.67 81.89 82.03 82.13 82.29 82.28 82.35 82.10 81.48 81.49 81.60 81.89 81.88 81.79 81.79 81.57 83.15 83.82 83.85 83.81 83.83 83.92 84.06 83.90 83.82 83.85 84.29 84.37 84.52 84.19 83.92 84.15 84.16 84.31 84.30 84.29 84.27 84.19 83.99 83.88 83.66 83.72 83.73 83.39 83.28 83.24 83.43 83.45 83.07 83.21 83.34 83.35 83.08 83.06 83.05 83.32 83.51 83.03 83.30 83.49 83.37 83.63 83.05 82.66 82.92 83.52 83.55 83.80 83.63 83.58 83.66 83.65 84.54 84.50 84.63 84.74 84.77 84.93 84.99 85.05 85.38 85.93 85.44 85.21 84.83 84.52 84.68 84.69 84.58 84.30 84.44 82.73 84.49 84.48 83.24 83.73 83.44 83.36 83.36 83.39 83.40 83.40 83.41 83.32 83.28 83.25 83.01 82.54 82.44 82.31 82.59 83.18 82.23 82.32 82.97 82.62 83.07 83.52 83.51 83.87 83.09 83.71 83.50 83.68 83.80 83.73 83.58 83.19 82.98 83.02 83.39 83.40 83.46 83.78 83.83
25°S ||     83.81 83.17 83.51 83.26 83.20 83.16 83.30 83.63 83.11 83.43 83.25 83.78 83.77 83.69 83.78 83.59 83.63 83.25 82.90 83.33 82.98 82.82 82.77 82.63 82.49 82.28 82.13 81.95 81.56 81.10 80.75 80.46 80.19 80.00 79.94 79.24 79.65 80.02 78.80 79.15 79.60 80.15 80.66 81.03 81.26 81.54 81.72 81.98 82.13 82.15 82.34 82.39 82.12 81.73 80.83 81.57 81.89 82.06 82.07 81.93 81.20 82.47 83.61 83.67 83.78 83.80 83.80 83.33 83.55 83.68 83.74 83.78 84.17 84.63 84.74 84.26 84.37 84.43 84.56 84.37 84.37 84.30 84.50 84.22 84.37 83.88 83.95 83.96 83.92 83.36 83.67 83.56 83.77 82.99 83.39 83.34 83.35 82.93 82.60 83.28 83.30 83.18 83.26 83.30 83.16 82.79 83.21 82.58 82.37 82.73 83.03 83.13 83.48 83.33 83.78 84.16 83.88 84.33 84.49 84.60 84.69 84.61 84.55 84.91 84.66 85.13 84.93 84.55 84.47 84.34 84.46 84.26 84.24 84.41 84.25 83.64 83.56 83.85 83.04 83.48 83.35 83.17 83.02 83.07 83.17 83.24 83.50 83.28 83.22 83.09 83.04 82.84 82.48 82.09 82.24 82.52 82.90 82.47 81.95 82.40 82.29 82.71 83.12 83.53 83.20 83.24 83.65 83.22 83.51 83.66 83.64 83.28 82.96 83.50 83.55 83.37 83.49 83.84 84.04 83.76
23°S ||     83.76 83.75 83.28 83.30 83.22 83.33 83.54 83.68 83.81 83.87 83.85 83.81 83.97 84.03 83.79 83.91 82.67 82.97 83.39 83.01 82.99 82.73 82.71 82.60 82.42 82.13 81.89 81.55 81.15 80.77 80.42 80.04 79.83 79.72 79.78 79.71 78.86 79.25 78.74 79.02 79.54 80.13 80.49 80.76 81.02 81.26 81.51 81.76 82.03 82.19 82.47 82.45 82.44 82.09 81.34 81.53 81.85 81.88 81.84 81.49 80.80 82.68 83.47 83.54 83.27 83.45 83.69 83.37 83.70 83.67 83.52 83.91 84.03 84.44 84.55 84.65 84.32 84.42 84.34 84.47 84.46 84.40 84.41 84.59 84.32 84.07 84.14 84.23 84.11 83.17 83.75 83.56 83.80 83.82 83.84 83.42 83.32 84.23 83.22 82.86 83.02 82.81 82.60 82.45 82.74 83.15 82.42 82.37 82.07 82.66 82.92 83.35 83.24 82.90 82.86 83.12 83.65 83.86 84.07 84.24 84.52 84.35 84.53 84.67 84.68 84.88 84.64 84.34 84.34 84.22 83.93 83.97 84.11 84.19 83.53 83.03 82.42 82.61 82.99 83.30 83.09 82.90 82.59 82.74 83.05 83.15 83.22 83.30 83.04 82.98 82.91 82.84 83.04 82.90 82.98 82.45 82.93 82.47 82.10 82.44 82.05 82.88 83.09 83.33 83.34 83.50 83.42 83.55 83.47 83.95 83.47 84.21 83.44 83.52 83.59 83.53 83.36 83.91 84.17 83.75
21°S ||     83.56 83.65 83.29 83.30 83.28 83.30 83.59 84.15 83.91 83.84 83.71 83.76 83.85 83.70 83.81 83.90 83.56 83.23 83.26 83.05 82.87 82.68 82.62 82.46 82.27 82.04 81.64 81.16 80.63 80.21 79.89 79.54 79.33 79.30 79.44 78.95 79.12 78.40 78.55 79.06 79.45 79.87 80.14 80.41 80.72 80.94 81.27 81.51 81.78 82.00 82.15 82.35 82.40 82.01 81.53 81.82 81.43 81.73 81.42 81.07 81.15 81.51 83.36 83.34 83.42 83.30 83.62 83.72 83.68 83.71 83.81 83.80 83.99 84.20 84.57 84.74 84.54 84.44 84.54 84.57 84.51 84.48 84.44 84.57 84.49 84.58 84.23 84.25 84.10 83.80 83.66 83.80 83.93 83.97 83.62 83.50 83.34 83.02 82.96 83.12 83.22 83.31 82.37 82.73 82.98 82.88 83.10 82.17 82.08 82.52 82.96 82.59 83.06 83.04 83.12 83.37 83.48 83.84 83.91 84.24 84.35 84.46 84.15 84.57 84.38 84.30 84.33 83.57 83.93 83.93 83.82 83.68 84.04 83.55 83.16 82.92 81.84 81.99 82.82 82.70 82.92 82.90 82.54 82.21 83.07 83.18 83.19 83.22 83.22 82.99 82.74 82.50 82.23 82.54 83.26 82.55 82.73 82.66 82.18 82.88 82.75 82.93 82.80 82.79 83.36 83.49 83.70 83.51 83.26 83.92 84.03 83.75 83.80 84.01 83.93 83.49 83.15 83.63 83.64 83.42
19°S ||     82.85 83.15 83.17 83.00 83.35 83.60 83.89 84.40 84.37 84.10 83.98 83.76 83.85 83.83 83.98 83.82 83.59 83.52 83.09 83.04 82.86 82.63 82.48 82.21 82.03 81.77 81.38 80.68 79.83 79.38 79.09 78.95 78.82 78.95 79.18 77.60 78.82 78.31 78.44 78.74 78.92 79.30 79.59 79.88 80.25 80.60 80.97 81.24 81.57 81.79 81.94 82.05 82.20 82.15 81.73 81.31 81.30 81.28 81.42 81.31 80.95 82.33 83.13 83.08 83.27 83.43 83.75 83.78 83.83 83.66 83.79 83.96 84.18 84.46 84.85 84.87 84.82 84.47 84.59 84.60 84.75 84.56 84.50 84.48 84.63 84.67 84.38 84.18 84.19 84.25 84.10 83.97 84.01 83.92 83.58 83.64 83.32 83.23 83.44 82.75 83.12 83.20 82.55 82.92 82.50 82.84 82.16 81.97 82.49 82.51 82.32 82.69 82.67 82.87 82.99 83.15 83.19 83.14 83.20 84.02 84.17 84.18 84.25 84.25 84.08 84.08 83.72 83.73 83.80 83.70 83.64 83.18 83.02 83.26 82.99 82.71 82.26 82.12 82.54 82.75 83.03 83.06 83.25 83.24 83.10 83.14 83.16 83.18 83.05 82.94 83.13 82.61 82.28 82.38 82.79 82.93 82.82 83.01 82.52 82.92 83.02 82.84 82.73 82.65 83.18 83.19 83.09 83.02 83.64 83.97 84.17 84.27 84.33 84.47 84.25 84.28 84.16 83.95 84.00 82.90
17°S ||     82.90 82.89 83.03 83.39 83.41 83.64 84.19 84.29 84.29 84.22 84.10 83.88 83.93 83.41 83.92 84.24 83.71 83.69 83.36 82.99 82.83 82.63 82.25 81.94 81.73 81.43 80.94 79.84 78.91 78.34 78.26 78.34 78.53 78.70 78.38 77.73 78.13 78.34 78.19 78.07 78.18 78.59 79.00 79.30 79.81 80.22 80.61 80.90 81.25 81.54 81.67 81.89 81.91 81.99 81.63 81.26 80.74 80.77 81.31 81.20 80.95 82.47 83.09 82.55 82.97 84.96 85.69 84.71 83.74 83.87 83.52 83.89 84.13 84.35 84.85 84.82 84.85 84.46 84.64 84.51 84.63 84.58 84.59 84.59 84.61 84.58 84.46 84.46 84.40 84.26 83.98 84.03 84.03 83.90 83.73 83.70 83.37 83.43 83.10 83.68 83.22 82.99 82.58 82.58 82.56 82.50 82.61 82.11 82.61 82.58 82.73 82.55 82.35 82.34 82.65 82.72 82.89 83.46 83.54 83.10 83.58 83.48 83.66 83.69 83.62 83.97 83.89 83.87 83.77 83.66 83.15 83.21 82.22 82.58 82.72 82.57 82.02 82.05 82.59 82.84 83.12 83.15 83.26 83.34 83.15 83.11 83.08 83.02 82.97 82.74 82.88 82.79 82.46 82.58 82.46 82.53 82.79 83.01 82.80 83.30 83.01 82.97 82.75 82.57 83.49 82.62 82.93 83.16 83.65 84.14 84.26 84.39 84.39 84.50 84.58 84.33 84.35 84.16 84.33 83.83
15°S ||     84.05 82.90 83.73 83.51 83.81 83.97 84.56 84.49 84.17 84.23 84.22 83.90 83.75 83.79 83.94 84.20 82.96 83.75 83.94 83.10 82.90 82.59 82.29 81.98 81.57 81.06 80.20 78.77 77.30 76.85 77.32 77.91 78.10 78.37 78.53 78.46 78.65 78.67 77.96 77.60 77.57 78.15 78.51 78.85 79.37 79.96 80.37 80.68 80.89 81.06 81.08 81.49 81.69 81.69 81.36 81.24 80.85 81.83 81.13 82.01 82.40 84.73 85.42 85.79 86.14 85.85 85.32 86.07 86.02 83.98 83.89 84.29 84.23 84.31 84.70 84.69 84.78 84.68 84.60 84.56 84.59 84.60 84.57 84.67 84.56 84.53 84.53 84.44 84.37 84.32 84.36 84.22 84.12 83.87 83.73 83.75 83.65 83.46 82.98 83.44 82.83 82.94 82.80 82.46 82.58 82.31 82.45 82.42 82.27 82.35 82.74 82.27 82.09 82.07 82.16 81.82 82.71 83.44 83.47 83.50 83.09 83.51 83.49 83.40 83.62 83.79 83.73 83.92 83.45 83.12 82.93 82.10 82.01 82.07 82.36 82.23 82.00 82.18 82.24 82.67 82.97 83.19 83.14 83.16 83.27 83.16 82.97 83.05 82.76 82.91 82.75 82.96 82.38 82.10 83.01 83.18 82.56 83.15 83.21 82.97 83.03 82.92 82.58 82.79 83.22 83.34 83.22 83.24 83.48 84.29 84.46 84.81 84.65 84.58 84.32 84.66 84.45 84.78 83.78 83.91
13°S ||     84.16 84.10 83.87 83.62 83.82 84.15 84.41 84.60 84.50 84.58 84.42 84.11 84.01 84.14 84.12 84.18 83.80 83.77 83.64 83.33 83.04 82.66 82.34 81.98 81.47 80.82 79.82 77.81 75.51 75.01 76.30 77.45 77.82 77.92 78.01 78.72 78.47 78.42 77.80 77.51 77.55 78.80 78.04 78.55 79.10 79.62 80.14 80.46 80.70 80.88 80.93 81.68 81.08 82.29 85.01 84.63 84.57 82.74 85.97 86.41 84.79 82.52 82.45 82.69 85.01 85.17 84.71 84.76 83.38 85.62 84.09 84.15 84.32 84.45 84.50 84.68 84.63 84.77 84.87 84.64 84.61 84.61 84.60 84.60 84.49 84.52 84.59 84.48 84.36 84.50 84.41 84.35 84.21 84.02 84.24 83.91 83.75 83.53 83.39 83.39 83.35 83.08 82.72 82.52 82.32 82.77 82.37 82.34 82.22 82.14 82.16 82.32 81.91 82.29 82.18 82.40 82.43 83.19 83.35 83.22 83.29 83.49 83.39 83.38 83.11 83.54 83.59 83.61 83.43 83.24 82.27 82.03 81.73 82.23 82.13 82.35 81.95 82.13 82.78 82.82 83.28 83.17 83.28 83.20 83.26 83.19 82.85 82.69 82.64 82.70 82.67 82.46 82.83 82.40 83.23 83.21 82.74 82.73 83.07 83.17 82.91 83.00 82.65 82.51 82.84 83.67 83.71 83.85 84.13 84.49 84.61 84.72 84.75 84.71 84.68 84.75 84.81 84.70 84.81 84.70
11°S ||     84.79 84.62 84.83 84.85 84.31 84.30 84.45 84.63 84.51 84.52 84.43 84.39 84.41 84.16 84.31 84.23 84.17 83.92 83.78 83.49 83.15 82.88 82.41 81.98 81.32 80.69 79.78 78.04 75.58 73.61 74.66 77.45 77.72 77.74 77.64 78.32 78.23 77.92 77.43 77.18 77.65 78.01 77.95 78.48 78.94 79.38 80.10 80.32 80.53 80.77 80.64 81.34 84.36 84.79 86.63 86.71 83.25 80.10 79.90 81.01 81.72 81.94 82.24 82.47 82.94 82.83 83.02 84.15 83.61 83.79 85.95 84.54 85.95 84.72 84.57 84.97 84.91 84.74 84.82 84.84 84.65 84.65 84.68 84.62 84.64 84.60 84.70 84.55 84.59 84.47 84.47 84.57 84.25 84.14 83.97 83.97 84.00 83.68 82.58 82.96 83.40 83.46 82.98 82.74 82.64 82.32 82.28 82.36 82.14 82.17 82.59 82.28 82.37 82.08 82.33 82.47 82.40 82.64 83.00 82.81 82.95 83.20 83.17 83.08 82.78 83.49 83.44 83.64 83.43 83.40 83.13 82.37 81.82 82.05 81.99 82.53 82.20 82.65 82.99 83.01 83.40 83.32 83.17 83.26 83.28 83.24 83.13 83.18 82.92 82.91 82.75 82.42 82.04 82.52 82.45 82.70 83.08 83.18 82.93 83.32 83.09 83.54 83.75 83.46 83.65 84.45 83.78 84.10 84.27 84.57 84.65 84.68 84.82 84.78 84.85 84.90 84.91 84.62 84.70 84.55
9°S ||     84.41 84.55 84.52 84.71 84.84 84.41 84.64 84.51 84.64 84.69 84.50 84.57 84.44 84.38 84.39 84.25 84.25 84.07 83.92 83.61 83.37 82.96 82.61 82.10 81.54 80.84 80.01 79.21 75.98 72.30 72.29 76.34 77.60 77.60 77.67 77.55 77.99 77.75 77.78 77.44 77.57 78.22 79.95 81.62 80.46 79.45 80.05 80.66 80.61 81.03 84.37 85.13 85.05 86.42 84.69 80.59 79.68 81.59 80.35 81.64 81.92 82.07 82.73 82.66 83.11 83.28 84.36 83.66 85.08 83.94 86.03 86.01 86.29 85.44 85.22 84.96 84.65 84.77 84.79 85.13 84.85 84.63 84.70 84.72 84.69 84.70 84.79 84.58 84.60 84.60 84.69 84.38 84.38 84.33 84.13 83.92 83.98 83.79 83.25 83.16 83.44 83.20 82.87 83.03 82.99 82.59 82.31 82.66 83.68 83.97 82.39 82.67 82.51 82.60 82.56 82.42 82.44 82.53 82.79 82.86 82.84 82.66 82.87 82.69 82.65 82.78 83.05 83.38 83.43 83.43 83.11 82.71 81.85 82.67 82.67 82.11 82.95 83.19 82.64 83.07 83.38 83.41 83.54 83.37 83.37 83.17 83.10 83.47 83.38 83.00 82.27 82.50 82.05 82.79 83.18 83.04 83.24 83.60 83.24 83.40 83.81 84.44 84.62 84.33 84.29 84.62 84.60 84.51 84.63 84.66 84.72 84.79 84.86 85.26 84.99 84.97 84.59 83.34 84.69 84.62
7°S ||     84.65 84.63 84.57 84.57 85.04 84.92 84.71 84.74 84.95 84.80 84.75 84.62 84.53 84.51 84.50 84.54 84.49 84.26 84.06 83.81 83.52 83.15 82.80 82.24 81.69 81.16 80.49 79.90 76.63 73.52 74.26 75.76 77.26 77.52 77.69 77.92 77.45 77.47 77.91 77.45 80.86 81.21 78.48 82.45 81.69 81.68 82.11 84.19 83.72 83.02 81.76 80.29 83.01 86.19 84.46 84.79 85.04 82.32 81.46 82.11 82.24 82.28 82.60 82.78 83.80 84.88 84.83 84.59 83.38 83.55 84.87 86.09 85.99 85.48 85.82 85.40 85.18 84.70 84.69 84.79 84.82 84.76 84.78 84.67 84.71 84.66 84.59 84.54 84.50 84.56 84.52 84.58 84.38 84.33 84.31 84.35 84.35 83.96 83.53 83.67 82.88 82.82 82.96 83.04 82.36 82.82 82.97 82.67 82.65 82.69 82.89 82.86 83.00 82.31 82.41 82.42 82.42 82.92 82.97 82.80 82.43 82.27 82.36 82.15 82.57 83.07 82.85 83.01 83.41 83.42 83.31 83.19 82.22 82.13 82.55 82.77 82.82 82.92 82.78 83.16 83.42 83.37 83.63 83.60 83.55 83.59 83.67 83.70 83.67 83.88 82.07 81.92 82.10 82.79 82.36 83.53 84.44 84.01 84.11 84.08 84.45 84.60 84.56 84.49 84.74 84.86 84.76 84.84 84.86 84.84 84.85 84.85 84.92 85.03 85.14 85.13 84.90 84.80 84.75 84.66
5°S ||     84.69 84.74 84.80 84.77 84.67 85.07 85.03 85.02 85.10 84.85 84.74 84.51 84.59 84.67 84.76 84.81 84.82 84.64 84.16 84.14 83.81 83.49 83.11 82.57 82.08 81.54 80.99 80.11 78.92 77.28 75.98 76.22 77.26 77.40 77.78 78.05 78.02 79.05 78.30 77.65 78.01 78.32 78.77 83.09 81.38 83.43 81.27 82.21 81.33 80.57 80.12 83.16 83.92 84.44 83.84 80.65 81.04 82.17 84.47 84.28 82.49 82.65 82.76 82.82 83.47 83.14 83.81 83.37 83.48 83.72 84.17 84.56 85.41 84.46 84.44 85.38 85.51 85.23 84.58 84.66 85.12 84.88 84.85 84.78 84.75 84.66 84.57 84.58 84.65 84.59 84.53 84.49 84.54 84.29 84.32 84.40 84.35 84.33 84.10 84.17 83.52 82.64 82.83 83.00 83.31 83.03 82.92 82.85 82.96 82.79 83.33 83.40 83.25 82.52 82.36 82.41 82.18 82.40 82.15 82.71 82.41 82.73 82.50 82.51 82.75 82.57 83.11 82.77 83.28 83.35 83.21 82.69 82.81 82.29 82.74 82.92 83.22 83.15 83.25 83.38 83.28 83.51 83.91 83.96 83.79 83.77 84.28 84.08 83.71 83.52 82.99 82.58 83.33 83.25 83.16 83.64 84.78 84.47 85.66 84.81 84.68 84.54 84.52 84.77 84.77 84.95 84.96 84.91 84.92 84.96 85.00 84.97 85.09 85.08 85.08 85.11 85.13 85.00 84.87 84.77
3°S ||     84.78 84.76 84.86 84.88 84.81 85.28 85.30 85.18 84.94 85.04 84.63 84.31 84.75 85.08 85.04 85.13 84.59 84.18 84.64 84.43 84.23 83.78 83.66 83.14 82.52 81.97 81.46 80.55 79.86 78.56 77.57 77.39 77.09 77.06 77.88 78.33 78.67 78.84 78.88 78.44 78.23 78.82 79.21 80.11 80.41 80.46 81.10 81.14 80.96 80.63 80.38 80.16 80.66 82.67 82.22 81.20 81.81 82.33 82.66 84.91 82.47 83.17 83.13 83.32 83.47 83.57 84.31 83.85 83.97 84.22 84.37 84.48 86.01 84.68 84.63 85.16 84.96 85.05 84.74 84.78 84.86 84.86 85.10 84.89 84.76 84.70 84.75 84.67 84.66 84.63 84.59 84.53 84.48 84.45 84.37 84.34 84.03 84.34 84.34 84.36 83.73 83.20 83.02 83.18 83.44 83.00 83.13 83.31 83.24 83.24 83.46 83.45 83.17 82.89 82.72 82.27 81.98 83.17 82.94 82.76 82.68 82.79 82.62 82.96 82.47 82.81 82.57 83.22 83.27 83.48 83.06 83.20 83.10 82.97 83.36 83.93 83.02 83.64 83.52 83.28 83.52 83.58 84.16 84.17 83.86 84.37 84.25 83.92 83.67 83.42 82.90 83.11 83.01 83.19 83.39 84.10 84.76 84.78 84.81 84.64 84.84 84.79 84.77 84.73 84.82 84.97 84.89 84.78 85.08 85.10 85.08 85.15 85.18 85.20 85.20 85.20 85.16 85.09 84.92 84.90
1°S ||     84.94 84.90 84.93 85.02 85.08 85.32 85.32 85.16 85.06 84.78 84.56 84.22 84.83 85.05 85.25 84.89 84.64 84.78 84.73 84.46 84.36 84.18 83.97 83.57 83.05 82.30 81.68 80.97 80.28 79.55 78.51 77.93 76.53 75.01 78.10 78.55 78.83 79.10 79.26 79.30 79.34 80.20 80.56 80.87 81.13 81.68 81.99 82.21 82.46 82.63 81.92 83.30 85.09 81.22 81.35 81.64 82.47 82.79 82.89 83.89 83.20 83.44 83.45 83.45 83.66 83.76 83.74 84.33 84.41 84.42 85.11 84.52 85.70 85.82 84.82 84.83 84.76 84.78 84.81 84.95 85.27 85.09 85.03 84.80 84.82 84.80 84.74 84.66 84.62 84.60 84.62 84.67 84.54 84.51 84.40 84.35 83.95 84.33 84.32 84.35 83.77 83.60 83.44 83.25 83.45 83.38 83.33 83.50 83.54 83.59 83.71 83.68 83.07 82.84 82.81 82.48 82.19 83.22 83.01 82.98 83.01 82.63 82.70 82.51 82.86 82.93 83.10 83.23 83.74 83.62 83.30 82.78 83.27 83.37 83.89 83.89 83.71 84.32 83.58 83.43 83.62 83.75 84.22 84.26 84.30 84.40 84.33 83.58 83.84 83.44 83.32 83.42 83.98 84.03 84.28 84.77 84.92 85.00 84.90 84.88 85.06 84.98 84.84 84.83 84.98 84.92 84.76 84.91 85.06 85.12 85.14 85.16 85.17 85.21 85.23 85.21 85.12 85.13 85.04 84.96
1°N ||     84.98 84.92 85.02 85.18 85.12 85.21 85.33 85.55 85.08 84.86 84.61 84.62 85.00 85.27 85.27 85.07 84.94 84.86 84.42 84.66 84.48 84.48 84.00 83.38 82.87 82.71 82.07 81.17 80.37 80.09 79.67 79.12 76.93 74.29 75.25 78.85 79.01 79.14 79.47 79.81 80.22 80.55 80.79 81.11 81.51 82.02 82.34 82.69 83.21 83.51 82.19 81.16 80.97 81.37 81.68 82.29 82.73 83.15 83.21 83.60 83.37 83.59 84.12 83.59 83.71 83.83 83.72 84.64 84.16 84.37 84.58 85.60 86.42 86.33 84.67 84.76 84.77 84.81 84.69 85.30 84.70 85.22 84.89 84.77 84.95 84.86 84.76 84.66 84.70 84.61 84.60 84.64 84.57 84.56 84.53 84.39 84.34 84.09 84.11 83.97 83.94 83.99 83.80 83.88 83.52 83.32 83.36 83.83 83.69 83.66 83.63 83.28 83.39 83.27 82.88 82.70 83.02 83.00 82.72 83.13 82.94 82.80 82.89 82.92 82.91 83.01 83.19 83.42 83.46 83.65 84.00 83.85 84.21 84.19 84.21 84.22 83.99 83.97 84.13 83.90 84.23 84.29 84.46 84.45 84.49 84.29 83.86 83.82 83.88 83.61 83.83 84.13 84.60 84.71 84.74 84.78 84.93 85.01 84.97 85.05 84.98 84.98 84.92 85.03 85.00 84.93 84.85 85.03 85.09 85.12 85.15 85.18 85.18 85.20 85.21 85.21 85.22 85.18 85.13 85.07
3°N ||     85.24 85.17 85.21 85.29 85.39 85.43 85.40 85.32 85.23 84.87 84.79 84.82 85.30 85.41 85.38 85.21 85.11 84.67 84.58 84.78 84.69 84.29 83.82 83.20 82.56 83.27 82.56 80.60 80.40 80.50 80.37 80.51 80.02 76.64 78.15 79.15 78.91 79.03 79.54 80.01 80.43 80.67 80.86 80.83 81.92 82.36 82.84 83.15 83.46 83.98 84.03 82.77 82.17 82.40 82.78 83.11 83.32 83.43 83.51 83.78 83.70 83.61 83.36 84.17 84.26 83.97 84.08 84.39 84.43 84.57 84.64 84.72 85.83 85.98 85.62 85.29 85.32 85.15 85.06 85.02 84.80 84.75 84.90 84.82 84.77 84.92 84.73 84.62 84.66 84.66 84.70 84.65 84.62 84.57 84.51 84.41 84.39 84.22 84.32 84.19 84.18 84.19 84.18 84.00 83.99 83.50 83.75 84.07 84.33 83.61 83.74 83.51 83.14 83.11 82.97 83.37 83.18 83.18 82.88 83.17 83.01 82.87 82.85 82.98 82.99 83.07 83.30 83.44 83.67 83.77 84.39 84.61 84.76 84.83 85.05 84.80 84.34 84.26 84.14 84.34 84.37 84.48 84.55 84.48 84.44 84.13 84.10 83.98 83.87 83.61 84.28 84.77 84.73 84.66 84.69 84.91 84.97 85.03 85.05 85.09 84.96 85.08 85.03 85.07 85.05 84.97 85.00 85.07 85.10 85.11 85.12 85.16 85.18 85.19 85.18 85.20 85.22 85.23 85.25 85.26
5°N ||     85.23 85.31 85.57 85.33 85.47 85.48 85.42 85.40 85.31 85.07 84.98 84.93 85.42 85.53 85.53 85.42 84.94 84.59 84.91 84.85 84.60 83.97 83.45 83.05 83.32 83.43 83.21 81.99 80.52 80.42 80.65 81.08 81.35 81.02 80.12 79.50 78.73 78.54 79.68 80.29 80.70 80.92 81.03 80.78 82.13 82.90 83.26 83.51 83.84 84.27 84.44 83.21 83.19 83.47 83.64 83.79 83.77 83.80 83.85 83.99 84.20 83.87 83.55 83.69 83.93 84.27 84.41 84.48 84.51 84.67 84.84 85.68 84.85 85.38 85.93 85.54 85.12 84.85 84.80 84.82 84.73 84.84 84.77 84.81 84.95 84.80 84.78 84.65 84.68 84.65 84.63 84.64 84.51 84.49 84.47 84.45 84.43 84.44 84.36 84.21 84.20 84.19 84.13 84.18 84.11 84.09 84.13 84.05 84.12 83.48 83.63 82.92 83.11 83.00 83.19 83.04 83.07 83.21 83.14 83.13 83.01 82.90 82.80 82.85 83.38 83.14 83.28 83.54 83.82 84.17 84.60 85.76 85.91 85.91 85.87 85.67 85.41 84.69 84.57 84.53 84.52 84.64 84.58 84.45 84.47 84.22 84.09 84.11 83.72 83.79 84.76 84.72 84.79 84.81 84.86 84.88 85.00 85.04 85.08 85.09 85.07 85.05 85.08 85.07 85.08 85.07 85.07 85.06 85.10 85.10 85.10 85.13 85.15 85.17 85.18 85.20 85.22 85.23 85.25 85.28
7°N ||     85.27 85.32 85.37 85.39 85.46 85.49 85.48 85.46 85.40 85.22 85.06 85.27 85.54 85.62 85.65 85.45 84.88 85.09 85.04 84.86 84.45 84.06 84.14 83.94 83.80 83.76 83.45 82.69 80.11 80.28 80.64 81.48 81.76 81.51 80.86 79.95 77.76 77.74 80.17 80.66 80.95 81.13 81.24 81.51 82.66 83.05 83.35 83.67 83.96 84.24 84.46 84.49 83.77 83.74 83.73 83.77 83.89 84.02 84.12 84.21 84.25 84.10 83.72 84.08 84.36 84.42 84.55 84.60 84.63 84.74 84.90 85.72 86.04 85.69 85.90 84.89 84.85 84.81 85.07 85.21 85.05 84.81 84.84 84.89 84.80 84.71 84.72 84.64 84.69 84.61 84.65 84.61 84.59 84.64 84.46 84.41 84.36 84.44 84.30 84.12 84.12 84.16 84.23 84.11 84.08 84.23 83.89 84.33 84.12 84.16 83.77 83.42 83.34 82.85 82.97 83.07 82.97 83.14 83.15 83.18 82.97 83.03 82.82 83.33 83.67 83.06 83.29 83.62 84.18 84.71 85.69 86.01 85.96 85.94 85.94 85.86 85.82 85.41 84.72 84.70 84.74 84.66 84.52 84.55 84.22 83.98 84.08 84.32 84.14 84.11 84.70 84.84 84.87 84.92 85.01 84.95 85.06 85.09 85.06 85.09 85.12 85.06 85.07 85.07 85.08 85.08 85.07 85.07 85.06 85.07 85.08 85.05 85.12 85.15 85.14 85.20 85.24 85.26 85.27 85.30
9°N ||     85.33 85.44 85.27 85.32 85.49 85.48 85.49 85.46 85.54 85.28 85.13 85.48 85.65 85.70 85.67 85.29 85.10 85.28 85.02 84.69 84.63 84.50 84.43 84.33 84.18 83.95 83.68 82.82 80.69 80.59 81.18 82.04 82.03 82.22 81.78 80.40 77.12 75.31 79.44 80.96 81.12 81.34 81.57 81.95 82.58 83.06 83.41 83.75 83.98 84.26 84.46 84.50 84.38 83.94 83.88 83.89 84.00 84.12 84.21 84.31 84.41 84.34 84.21 84.25 84.38 84.58 84.75 84.77 84.80 85.04 85.68 85.73 85.59 85.98 85.02 85.00 85.04 84.99 85.19 84.86 84.86 84.83 84.80 84.84 84.89 84.80 84.75 84.82 84.75 84.76 84.66 84.63 84.57 84.60 84.52 84.64 84.44 84.36 84.32 84.34 84.28 84.03 83.85 83.79 84.16 84.28 84.32 84.00 83.94 83.81 83.76 83.75 83.60 83.75 83.47 83.21 83.08 83.12 83.12 82.85 83.05 82.99 82.71 83.90 83.17 83.05 83.42 83.84 84.38 85.04 85.83 86.05 86.06 86.03 85.97 85.93 85.88 85.71 85.26 84.96 84.84 84.89 84.51 84.37 84.36 84.31 84.52 84.63 84.55 84.56 84.79 84.92 85.10 84.92 85.05 85.11 85.07 85.06 85.02 85.03 85.39 84.99 84.97 85.00 85.05 85.08 85.02 85.04 84.99 85.02 85.02 85.11 85.12 85.16 85.12 85.19 85.23 85.27 85.30 85.29
11°N ||     85.38 85.37 85.39 85.37 85.54 85.54 85.59 85.56 85.68 85.61 85.50 85.74 85.78 85.75 85.71 85.66 85.31 85.33 85.01 84.78 84.70 84.64 84.50 84.35 84.15 83.98 83.60 82.79 82.04 82.34 82.28 82.27 82.29 82.31 82.41 82.29 77.77 72.09 73.69 80.93 81.27 81.52 81.80 82.17 82.58 83.10 83.54 83.82 84.09 84.26 84.43 84.52 84.49 84.10 84.01 84.00 84.10 84.21 84.27 84.36 84.44 84.28 84.22 84.45 84.60 84.71 84.88 84.99 85.11 85.01 85.96 85.78 85.00 86.01 85.73 84.98 85.65 84.91 84.85 84.97 84.84 84.81 84.76 84.73 84.80 84.82 84.90 84.82 84.80 84.77 84.67 84.64 84.65 84.65 84.70 84.52 84.62 84.36 84.41 84.44 84.37 84.34 84.11 83.82 84.27 84.21 84.64 84.16 84.43 83.75 83.93 83.89 83.85 83.99 83.73 83.27 83.07 83.30 83.50 83.01 83.19 83.09 82.90 82.78 82.95 83.36 83.68 84.08 84.62 85.20 86.04 86.09 86.12 86.04 85.94 85.93 85.83 85.77 85.44 85.06 84.94 84.55 84.65 84.57 84.46 84.67 84.80 84.86 84.86 84.89 84.96 85.06 85.16 85.19 85.11 85.15 85.10 85.10 85.00 84.95 84.89 84.82 84.84 84.87 84.91 84.94 84.94 84.94 84.96 85.21 84.79 85.02 85.10 85.10 85.10 85.23 85.26 85.25 85.04 85.29
13°N ||     85.29 85.42 85.15 85.17 85.53 85.51 85.61 85.67 85.70 85.74 85.80 85.86 85.85 85.83 85.80 85.68 85.55 85.28 84.76 84.79 84.73 84.58 84.46 84.37 84.13 83.89 83.63 83.28 82.56 82.56 82.44 82.43 82.42 82.52 82.71 82.85 82.10 74.09 75.33 80.02 81.06 81.74 82.11 82.37 79.38 83.35 83.68 83.92 84.14 84.26 84.45 84.51 84.52 84.15 84.10 84.14 84.22 84.30 84.35 84.40 84.42 84.46 84.53 84.47 84.68 84.94 85.06 85.17 85.24 85.79 85.89 85.81 85.26 85.20 85.05 85.58 85.12 85.04 84.85 84.74 84.73 84.82 84.77 84.80 84.79 84.79 85.88 84.80 85.22 84.75 84.65 84.67 84.67 84.76 84.73 84.50 84.51 84.54 84.58 84.60 84.57 84.29 84.20 84.25 84.32 84.40 84.31 84.45 84.65 84.12 84.11 84.30 84.02 83.96 83.84 83.68 83.47 83.58 83.70 83.64 83.50 83.21 83.13 83.16 83.25 83.46 83.83 84.30 84.75 85.28 86.05 86.07 86.05 86.00 85.93 85.91 85.86 85.80 85.56 85.15 85.03 84.78 84.81 84.85 84.84 84.88 84.87 85.05 84.98 85.10 85.15 85.21 85.34 85.43 85.46 85.28 85.22 85.09 84.93 84.77 84.62 84.53 84.65 84.66 84.74 84.80 84.83 84.90 84.88 84.90 84.92 84.84 85.12 85.08 85.13 85.15 85.23 85.27 84.84 85.17
15°N ||     85.35 85.45 85.47 85.64 85.59 85.52 85.68 85.79 85.81 85.85 85.91 85.99 85.98 85.95 85.94 85.78 85.30 85.04 84.82 84.80 84.49 81.86 77.25 76.64 79.14 83.78 83.51 83.41 83.18 82.73 82.64 82.54 82.56 82.63 82.72 82.82 82.83 81.60 79.55 79.95 81.27 81.93 82.35 82.60 83.04 83.60 83.80 84.01 84.15 84.25 84.42 84.50 84.54 84.21 84.21 84.21 84.27 84.36 84.41 84.42 84.46 84.46 84.42 84.60 84.96 85.10 85.21 85.32 85.35 85.73 85.96 85.85 85.54 85.32 85.61 85.28 85.31 85.05 84.97 84.93 85.07 84.83 84.60 85.39 84.84 84.80 84.82 84.79 84.79 84.80 85.08 84.83 84.71 84.67 84.68 84.60 84.62 84.64 84.67 84.71 84.64 84.63 84.40 84.35 84.40 84.42 84.31 84.68 84.54 83.97 84.16 84.19 84.23 84.26 83.92 83.87 83.68 83.55 83.63 83.64 83.47 83.57 83.41 83.47 83.56 83.73 84.00 84.49 84.93 85.99 86.02 85.95 86.04 85.97 85.91 85.88 85.83 85.79 85.59 85.25 85.10 85.04 84.97 84.95 84.94 84.96 85.00 85.06 85.21 85.26 85.36 85.45 85.46 85.53 85.55 85.52 85.28 85.06 84.82 84.63 84.47 84.35 84.22 84.35 84.46 84.67 84.75 84.81 84.82 84.85 84.88 84.90 84.98 85.06 85.09 85.17 85.16 85.30 85.01 85.85
17°N ||     85.41 85.53 85.56 85.66 85.28 85.66 85.69 85.77 85.89 85.92 85.99 86.05 86.08 86.07 86.11 85.46 85.14 85.11 84.90 84.91 84.06 76.30 72.42 71.25 74.16 81.36 83.46 83.42 83.63 83.19 82.92 82.67 82.60 82.67 82.74 82.84 82.85 82.63 81.54 81.41 81.90 82.14 82.42 82.69 83.11 83.63 83.89 84.08 84.20 84.30 84.38 84.54 84.51 84.09 84.13 84.29 84.33 84.38 84.41 84.44 84.48 84.54 84.63 84.87 85.00 85.24 85.39 85.57 85.78 85.83 85.69 85.84 85.77 85.59 85.67 85.41 85.12 85.15 85.09 84.92 84.85 84.72 84.90 85.25 84.79 84.82 84.83 85.67 84.83 84.94 84.82 84.80 84.69 84.66 84.71 84.75 84.71 84.72 84.72 84.78 84.77 84.70 84.54 84.49 84.62 84.60 84.60 84.58 84.27 84.12 84.24 84.26 84.16 84.05 84.01 83.94 83.75 83.23 83.54 83.65 83.69 83.68 83.64 83.69 83.76 83.89 84.38 84.57 84.98 85.84 85.97 85.99 85.96 85.91 85.89 85.89 85.84 85.72 85.60 85.44 85.26 85.31 85.20 85.19 85.18 85.29 85.31 85.38 85.46 85.53 85.59 85.59 85.61 85.69 85.66 85.65 85.47 85.04 84.83 84.52 84.29 84.03 83.83 83.84 84.10 84.56 84.70 84.73 84.73 84.78 84.84 84.91 84.99 85.05 85.04 85.13 85.33 85.32 85.24 85.52
19°N ||     85.42 85.55 85.66 85.70 85.75 85.67 85.70 85.81 85.94 85.99 86.06 86.13 86.16 86.17 86.20 85.57 85.18 85.02 84.70 84.82 84.39 76.42 72.51 71.64 73.73 81.55 83.69 83.81 83.84 83.73 83.24 82.80 82.54 82.47 82.49 82.75 82.89 82.86 82.40 82.23 82.31 82.38 82.48 82.67 82.97 83.46 83.95 84.12 84.26 84.31 84.38 84.56 84.43 84.47 84.09 84.23 84.33 84.37 84.43 84.44 84.52 84.54 84.73 85.00 85.22 85.44 85.71 85.79 85.96 85.97 86.07 85.97 85.93 85.84 85.76 85.37 85.27 85.30 85.59 84.98 84.88 84.82 84.91 84.90 85.58 84.76 84.80 84.72 84.81 84.83 84.84 84.85 85.00 84.77 84.75 84.79 84.76 84.76 84.75 84.77 84.78 84.64 85.12 84.64 84.72 84.50 84.40 84.57 84.39 84.35 84.26 84.18 84.03 83.99 84.01 84.18 83.64 83.78 83.61 83.88 84.01 84.15 83.72 83.76 83.83 83.98 84.32 84.21 84.77 85.19 85.66 85.93 85.87 85.86 85.84 85.80 85.79 85.75 85.67 85.60 85.59 85.58 85.67 85.58 85.60 85.58 85.67 85.69 85.70 85.77 85.82 85.78 85.89 85.85 85.84 85.71 85.54 85.04 84.71 84.39 83.92 83.58 83.47 83.70 83.73 82.95 84.56 84.64 84.69 84.74 84.81 84.90 84.99 85.05 85.08 85.22 85.05 85.41 85.36 85.47
21°N ||     85.75 85.66 85.64 85.81 85.90 85.89 85.87 85.95 86.06 86.09 86.17 86.20 86.23 86.24 86.25 85.56 85.20 84.80 84.71 84.87 84.72 78.51 76.06 75.12 77.07 83.27 84.05 84.05 83.99 83.79 83.45 82.98 82.52 82.28 82.09 81.99 82.84 82.85 82.68 82.54 82.49 82.51 82.57 82.70 82.96 83.43 84.00 84.11 84.20 84.30 84.30 84.47 84.58 84.64 84.17 84.23 84.26 84.34 84.37 84.47 84.53 84.56 84.85 85.02 85.25 85.82 85.89 85.95 86.04 86.06 86.07 86.04 85.91 85.93 85.84 85.55 85.47 85.51 85.20 84.98 85.00 85.17 84.95 84.89 84.76 84.94 85.05 84.81 84.83 84.87 84.83 84.83 84.78 84.77 84.85 84.81 84.77 84.79 84.78 84.78 84.82 84.67 84.58 84.73 84.52 84.60 84.70 84.17 84.41 84.59 84.15 84.01 84.00 84.05 84.06 84.19 83.87 83.88 83.09 84.07 84.12 84.09 83.55 83.70 83.93 83.98 84.29 84.17 84.45 84.72 85.10 85.24 85.54 85.63 85.63 85.77 85.76 85.76 85.76 85.74 85.76 85.84 85.84 85.85 85.88 85.85 85.92 85.95 85.95 85.92 85.97 85.94 85.98 85.90 85.95 85.95 85.76 85.10 84.67 84.16 83.47 83.29 83.21 83.18 83.60 84.08 84.41 84.53 84.62 84.72 84.83 84.90 84.98 85.03 85.14 85.18 85.06 85.46 85.46 85.55
23°N ||     85.72 85.77 85.81 85.89 85.94 86.01 86.06 86.13 86.17 86.19 86.24 86.25 86.26 86.26 86.27 85.60 85.06 84.75 84.86 84.98 84.99 83.43 81.48 80.84 83.67 84.46 84.25 84.19 84.07 83.72 83.36 82.99 82.61 82.16 81.90 81.81 82.57 82.86 82.78 82.53 82.52 82.31 82.57 82.75 82.78 83.59 83.81 84.00 84.09 84.20 84.27 84.34 84.46 84.61 84.48 84.31 84.68 85.10 84.97 84.64 84.57 84.47 84.87 85.04 85.31 85.80 85.98 86.04 86.12 86.16 86.10 86.16 85.91 86.13 86.01 85.80 85.74 85.77 85.69 85.25 85.00 84.84 84.75 84.85 84.79 84.85 84.85 84.86 84.85 84.79 84.88 84.90 84.86 84.82 84.90 84.92 85.00 84.71 84.87 84.85 84.78 84.70 84.60 84.70 84.70 84.67 84.67 84.55 84.39 84.49 84.32 84.13 84.13 84.01 83.99 84.03 84.11 83.87 83.27 84.02 84.11 83.96 84.53 84.33 83.91 83.88 84.09 84.24 84.31 84.56 84.73 84.88 85.03 85.18 85.43 85.65 85.75 85.80 85.86 85.89 85.90 86.04 85.96 86.07 86.12 86.16 86.20 86.16 86.28 86.21 86.23 86.20 86.18 86.19 86.22 86.12 86.05 85.21 84.64 84.08 83.59 83.22 83.05 81.44 82.29 83.63 84.24 84.48 84.63 84.72 84.83 84.91 85.01 85.10 85.23 85.16 85.37 85.45 85.28 85.67
25°N ||     85.79 85.83 85.81 85.99 86.09 86.09 86.15 86.17 86.19 86.23 86.26 86.26 86.27 86.28 86.29 85.67 84.97 84.83 84.86 84.78 85.00 84.94 84.92 84.91 84.74 84.53 84.12 84.25 83.95 83.58 83.16 82.88 82.44 82.06 81.83 81.32 81.37 82.76 82.83 82.52 82.61 82.52 82.62 81.85 83.06 83.61 83.89 83.98 84.04 84.11 84.00 84.23 84.25 84.67 84.24 84.28 84.33 84.30 84.74 85.33 85.46 84.72 84.97 85.50 85.79 86.04 86.11 86.12 86.17 86.22 86.21 86.17 86.13 86.06 85.85 85.94 85.92 85.98 86.09 85.50 85.25 84.93 84.87 84.96 85.02 84.89 84.92 84.89 84.90 84.81 84.87 84.98 84.89 84.90 84.91 85.16 84.95 84.88 84.83 84.87 84.68 84.70 84.76 84.70 84.64 84.81 84.75 84.52 84.64 84.58 84.35 84.47 84.42 84.38 84.58 84.08 84.22 83.63 83.82 83.41 83.73 83.68 83.70 83.91 83.93 84.02 83.96 83.90 84.35 84.22 84.67 84.91 84.89 85.06 85.48 85.73 85.82 85.97 86.02 86.06 86.15 86.19 86.24 86.33 86.43 86.51 86.57 86.60 86.59 86.53 86.48 86.45 86.47 86.42 86.36 86.28 86.14 85.97 84.86 84.33 83.53 83.17 81.49 75.10 81.21 83.51 84.25 84.51 84.62 84.74 84.90 84.89 85.04 85.14 85.34 85.37 85.47 85.46 85.65 85.71
27°N ||     85.92 85.98 86.00 85.99 86.16 86.08 86.23 86.26 86.26 86.26 86.27 86.27 86.27 86.27 86.28 85.83 85.04 84.84 84.87 84.84 84.82 84.86 84.60 84.69 84.70 84.59 84.46 84.05 83.75 83.45 83.03 82.70 82.37 81.98 81.34 81.25 81.56 82.92 83.09 82.70 82.85 82.82 82.85 81.85 82.72 83.59 83.83 83.93 83.98 83.88 83.72 83.82 84.28 84.47 84.64 84.75 84.70 84.86 84.91 85.30 85.06 84.64 85.77 85.90 86.01 86.07 86.06 86.14 86.23 86.25 86.08 86.21 86.21 86.14 85.95 86.17 86.02 86.08 86.15 86.13 85.47 85.28 85.14 85.06 85.08 84.97 84.89 84.86 84.90 84.91 84.94 84.95 84.91 84.89 84.94 84.87 84.98 84.93 84.78 84.69 85.00 84.65 84.75 84.76 84.50 84.90 84.31 84.58 84.64 84.52 84.51 84.55 84.52 84.46 84.41 84.48 84.39 84.69 84.18 83.96 84.14 84.51 83.90 84.10 84.13 83.73 83.51 84.10 84.45 84.27 84.71 84.82 85.00 85.34 85.69 85.89 86.07 86.08 86.15 86.24 86.31 86.43 86.51 86.66 86.79 86.82 86.87 86.82 86.82 86.75 86.70 86.71 86.61 86.52 86.40 86.32 86.18 86.02 85.40 84.45 83.84 83.32 82.56 81.88 82.59 84.03 84.45 84.59 84.67 84.78 84.81 85.03 85.12 85.22 85.41 85.54 85.55 85.60 85.72 85.85
29°N ||     86.06 86.10 86.16 86.21 86.27 86.25 86.29 86.32 86.32 86.30 86.31 86.32 86.31 86.17 86.30 86.26 85.65 84.97 84.79 84.80 84.81 84.83 84.59 84.53 84.78 84.65 84.25 83.97 83.67 83.30 82.94 82.60 82.35 81.94 80.77 81.14 82.10 82.94 83.05 82.86 83.12 83.16 83.12 83.21 83.41 83.61 83.85 83.96 83.96 83.65 83.73 83.93 83.96 84.49 84.54 84.60 84.61 84.81 84.87 85.03 85.00 85.23 85.65 85.45 85.21 85.91 85.99 86.11 86.22 86.28 86.23 86.31 86.27 86.31 86.28 86.24 86.17 86.20 86.26 86.29 86.25 85.58 85.37 85.21 85.27 85.01 84.94 86.63 84.95 84.92 84.98 85.09 84.96 85.02 84.87 84.89 84.96 84.95 84.80 84.80 84.72 84.80 84.75 84.77 84.64 84.57 84.41 84.52 84.55 84.41 84.54 84.51 84.63 84.77 84.74 84.73 84.52 84.22 84.16 84.12 84.27 84.09 83.98 84.08 83.86 84.19 84.65 84.80 84.78 84.87 84.94 85.10 85.50 85.65 85.84 86.08 86.14 86.25 86.38 86.50 86.62 86.73 86.89 87.00 87.06 87.17 87.13 86.98 87.06 86.95 86.91 86.80 86.70 86.56 86.48 86.42 86.30 86.19 85.77 84.86 84.44 84.04 83.58 83.54 83.95 84.48 84.61 84.67 84.73 84.80 85.00 85.08 85.24 85.41 85.59 85.72 85.74 85.77 85.93 86.01
31°N ||     86.25 86.20 86.30 86.31 86.32 86.32 86.34 86.38 86.39 86.36 86.34 86.35 86.36 86.35 86.33 86.30 85.94 85.43 85.19 85.14 85.01 84.95 84.79 84.77 84.87 84.35 84.14 83.91 83.51 83.22 82.87 82.76 82.26 81.99 81.50 81.55 82.13 82.99 83.03 83.01 83.20 83.31 83.43 83.44 83.55 83.69 83.83 83.98 83.91 83.46 83.92 84.02 84.06 84.23 84.31 84.40 84.53 84.57 84.67 84.97 84.88 85.16 85.30 85.48 85.73 85.77 85.96 86.05 86.10 86.28 86.31 86.31 86.37 86.43 86.40 86.50 86.28 86.33 86.39 86.32 86.30 86.19 85.79 86.03 85.56 85.33 85.04 84.91 85.02 85.06 85.09 85.02 84.96 84.93 85.16 85.00 84.90 84.81 84.78 84.89 84.72 84.74 84.81 84.80 84.69 84.66 84.48 84.49 84.56 84.48 84.44 84.42 84.64 84.72 84.69 84.68 84.46 84.24 84.36 84.37 84.33 84.64 84.15 84.05 84.34 84.23 84.48 84.87 84.82 84.94 85.09 85.44 85.56 85.82 85.98 86.13 86.28 86.44 86.66 86.80 86.90 87.03 87.34 87.20 87.31 87.37 87.33 87.25 87.20 87.10 86.95 86.88 86.96 86.67 86.66 86.57 86.46 86.35 86.04 85.61 84.90 84.70 84.58 84.56 84.39 84.14 84.74 84.75 84.80 84.86 84.72 85.98 85.50 85.01 85.82 85.51 85.95 85.99 86.03 86.19
33°N ||     86.39 85.92 86.32 86.32 86.39 86.37 86.38 86.41 86.38 86.40 86.39 86.40 86.40 86.39 86.43 86.40 86.35 86.00 85.38 84.92 84.99 84.98 85.03 84.95 84.54 84.23 84.06 83.80 83.59 83.04 82.73 82.45 82.04 81.67 81.36 81.46 82.05 82.88 83.17 83.24 83.37 83.50 83.55 83.61 83.51 83.67 83.67 83.55 83.55 83.67 83.92 84.10 84.13 84.09 84.27 84.47 84.56 84.60 84.58 84.62 84.61 84.62 84.86 85.45 85.46 85.95 86.05 86.09 86.14 86.27 86.37 86.53 86.54 86.54 86.51 86.62 86.57 86.58 86.56 86.39 86.51 86.47 86.26 85.96 85.71 85.39 85.13 85.02 85.19 85.09 85.08 84.88 85.01 85.00 85.04 84.90 84.94 84.81 84.91 84.96 84.68 84.66 84.76 84.61 84.92 84.53 84.57 84.44 84.56 84.31 84.19 84.33 84.55 84.62 84.56 84.42 84.41 84.49 84.38 84.63 84.58 84.64 84.60 84.32 84.48 84.71 84.75 84.91 85.01 85.24 85.36 85.63 85.78 85.95 86.11 86.28 86.47 86.72 86.88 86.98 87.16 87.24 87.35 87.43 87.59 87.41 87.35 87.33 87.27 87.01 87.09 87.02 86.92 86.77 86.62 86.75 86.70 86.56 86.43 86.29 86.04 85.75 85.59 85.27 85.10 84.69 85.01 84.90 84.87 84.96 85.01 85.46 85.73 85.82 85.97 86.06 86.11 86.21 86.28 86.35
35°N ||     86.49 86.43 86.44 86.40 86.43 86.41 86.43 86.42 86.41 86.43 86.44 86.44 86.43 86.41 86.46 86.40 86.44 86.36 85.95 84.56 84.85 84.96 84.88 84.63 84.12 84.23 84.04 83.78 83.39 82.87 82.37 81.79 81.23 80.95 80.76 80.70 81.13 81.78 82.84 83.40 83.57 83.62 83.67 83.64 83.04 83.25 83.77 83.91 83.71 83.62 83.91 83.83 83.72 83.86 84.17 84.47 84.57 84.64 84.65 84.67 84.69 84.66 84.84 85.44 85.85 85.99 86.08 86.08 86.19 86.30 86.35 86.58 86.51 86.63 86.66 86.76 86.74 86.83 86.73 86.63 86.59 86.53 86.54 85.96 85.78 85.49 85.39 85.29 85.16 85.24 84.94 84.96 84.98 85.21 85.28 84.88 84.96 84.86 84.93 84.84 84.85 84.81 84.79 84.75 84.73 84.59 84.51 84.76 84.48 84.22 84.58 84.28 84.32 84.26 84.19 84.15 84.30 84.40 84.46 84.73 84.75 84.71 84.99 84.89 84.82 85.02 84.97 85.03 85.19 85.36 85.58 85.79 85.90 86.08 86.21 86.44 86.63 86.87 87.06 87.21 87.27 87.36 87.54 87.64 87.70 87.66 87.54 87.51 87.33 87.30 87.17 86.88 87.02 86.87 86.84 86.82 86.74 86.64 86.62 86.51 86.42 86.23 86.15 86.08 85.88 85.76 85.49 85.15 85.05 85.08 85.10 85.36 85.45 85.93 86.03 86.11 86.21 86.37 86.47 86.51
37°N ||     86.60 86.47 86.49 86.41 86.48 86.45 86.48 86.47 86.44 86.45 86.46 86.46 86.46 86.42 86.39 86.38 86.35 86.28 86.25 84.89 84.87 84.82 84.69 84.53 84.22 84.26 84.06 83.80 83.45 82.60 81.59 80.82 80.07 79.60 79.59 79.97 80.36 80.49 81.48 82.72 83.50 83.77 83.80 83.77 83.68 83.56 83.67 83.79 83.90 84.14 83.70 83.60 83.48 83.33 83.81 84.27 84.56 84.62 84.64 84.63 84.67 84.64 84.97 85.53 85.84 85.98 86.07 86.14 86.21 86.37 86.42 86.54 86.60 86.75 86.79 86.90 87.00 86.97 86.95 86.82 86.86 86.79 86.70 86.64 86.41 86.25 86.19 86.01 85.71 86.04 85.17 85.07 84.97 84.95 85.07 84.96 85.09 85.23 84.89 85.14 84.92 85.03 84.86 85.23 84.91 84.90 84.71 84.62 84.54 84.37 84.29 84.23 84.22 84.09 84.09 84.09 84.20 84.52 85.01 84.89 84.82 84.72 84.81 84.75 84.97 85.04 85.08 85.11 85.40 85.54 85.74 85.94 86.06 86.17 86.43 86.63 86.74 86.99 87.15 87.37 87.47 87.62 87.75 87.77 87.81 87.83 87.76 87.62 87.58 87.43 87.35 87.27 87.20 87.05 87.16 87.11 86.93 86.74 86.74 86.58 86.43 86.35 86.14 86.05 85.85 85.78 85.58 85.37 85.23 85.23 85.22 85.45 85.39 86.05 86.09 86.18 86.37 86.41 86.50 86.53
39°N ||     86.55 86.53 86.55 86.49 86.20 86.50 86.51 86.32 86.49 86.48 86.45 86.45 86.40 86.39 86.37 86.33 86.33 86.36 86.19 85.77 84.72 84.66 84.79 84.56 84.55 84.31 84.16 83.94 83.30 82.03 80.72 79.57 78.82 78.72 78.36 78.62 79.91 80.14 80.59 81.83 83.17 83.80 83.90 83.86 83.64 83.73 83.59 82.85 83.76 83.81 83.79 83.64 83.35 83.09 83.42 83.98 84.39 84.53 84.60 84.58 84.77 84.79 84.81 85.18 85.86 86.04 86.09 86.14 86.28 86.40 86.55 86.67 86.70 86.88 86.98 87.05 87.09 87.14 87.14 87.24 86.97 86.97 86.92 86.86 86.72 86.32 86.44 86.23 85.89 85.83 85.67 85.29 85.27 85.23 85.17 85.03 84.96 84.93 85.21 85.07 85.22 85.87 85.20 84.85 85.24 84.80 84.75 84.72 84.65 84.66 84.51 84.29 84.77 84.18 84.20 84.42 84.31 84.45 84.97 84.98 85.00 84.99 85.01 85.08 85.10 85.16 85.23 85.41 85.50 85.71 85.88 86.06 86.12 86.37 86.52 86.74 86.89 87.03 87.29 87.35 87.71 87.85 87.90 87.89 87.89 87.91 87.81 87.77 87.67 87.74 87.52 87.47 87.32 87.29 87.23 87.18 87.09 86.84 86.59 86.64 86.47 86.37 86.21 86.05 85.86 85.85 85.71 85.59 85.53 85.44 85.38 85.14 84.80 86.10 86.15 86.19 86.37 86.49 86.54 86.51
41°N ||     86.54 86.56 86.59 86.57 86.55 86.52 86.49 86.51 86.48 86.46 86.46 86.46 86.42 86.44 86.35 86.37 86.32 86.12 86.02 85.74 85.29 85.04 84.86 84.75 84.61 84.46 84.34 84.00 83.24 81.82 80.34 79.42 79.09 79.00 78.22 78.64 79.74 80.33 80.92 82.18 83.33 83.86 83.92 83.89 83.32 83.80 83.66 83.36 83.63 83.54 83.56 83.43 83.43 83.55 83.74 83.89 84.25 84.52 84.53 84.50 84.66 84.80 84.81 85.11 85.71 86.12 86.19 86.13 86.34 86.48 86.59 86.77 86.86 86.98 87.11 87.21 87.26 87.29 87.30 87.28 87.24 87.20 87.11 87.28 87.24 86.86 86.63 86.56 86.30 86.33 85.84 86.22 85.93 85.65 85.73 85.28 85.12 85.51 85.01 85.32 86.00 86.00 85.94 85.03 85.16 84.72 84.66 84.83 84.85 84.76 84.66 84.75 85.52 84.97 84.59 84.71 85.09 84.61 85.04 84.98 85.02 85.02 85.20 85.24 85.36 85.29 85.45 85.48 85.71 85.92 86.01 86.08 86.23 86.40 86.69 86.86 87.06 87.16 87.49 87.63 87.74 87.93 87.95 87.94 87.92 87.87 87.89 87.85 87.80 87.69 87.61 87.63 87.60 87.47 87.35 87.21 87.10 87.01 86.85 86.70 86.52 86.34 86.24 86.10 85.92 85.91 85.85 85.76 85.75 85.59 85.04 85.21 85.06 85.98 86.14 86.28 86.32 86.47 86.48 86.56
43°N ||     86.55 86.61 86.61 86.58 86.56 86.55 86.52 86.50 86.49 86.50 86.46 86.52 86.47 86.48 86.38 86.35 86.24 86.10 85.83 85.46 85.18 85.03 84.89 84.79 84.69 84.59 84.44 84.26 83.74 82.77 81.44 80.32 79.79 79.62 79.51 79.65 80.27 80.67 82.49 83.54 84.01 84.13 84.02 83.98 84.00 83.60 83.84 83.26 83.58 83.61 83.54 83.66 83.11 83.59 84.05 83.96 84.09 84.42 84.55 84.71 84.69 84.72 84.82 85.13 85.70 86.17 86.32 86.38 86.47 86.59 86.80 86.90 87.10 87.18 87.54 87.30 87.40 87.34 87.42 87.43 87.38 87.36 87.21 87.23 87.27 87.01 86.92 86.66 86.58 86.61 86.48 86.38 86.36 86.21 85.98 85.61 85.44 85.32 85.78 85.91 86.10 85.99 85.48 85.88 85.46 85.82 85.64 85.80 84.72 84.68 84.60 85.09 84.67 84.55 85.17 85.19 85.09 85.02 85.05 85.14 85.17 85.18 85.53 85.82 85.49 85.48 85.53 85.79 85.95 86.02 85.97 86.22 86.25 86.48 86.71 86.98 87.15 87.20 87.48 87.68 87.84 87.93 87.88 87.73 87.93 87.86 87.82 87.72 87.87 87.58 87.62 87.58 87.50 87.45 87.45 87.30 87.16 87.10 86.78 86.70 86.52 86.34 86.14 86.08 86.01 85.94 85.84 85.89 85.87 85.68 85.40 85.20 84.95 85.91 86.25 86.26 86.44 86.47 86.54 86.61
45°N ||     86.66 86.66 86.62 86.62 86.61 86.58 86.56 86.51 86.49 86.53 86.52 86.46 86.45 86.40 86.38 86.27 86.11 85.92 85.65 85.39 85.15 85.01 84.91 84.84 84.78 84.71 84.62 84.49 84.22 83.69 83.19 82.76 82.60 81.03 80.33 80.15 80.83 82.28 83.23 83.88 84.15 84.25 84.24 84.30 84.38 84.46 84.49 84.35 83.84 83.51 83.12 83.52 84.05 84.00 84.00 84.17 84.56 84.47 84.56 84.75 84.82 84.96 85.08 85.33 85.74 86.25 86.31 86.50 86.62 86.77 86.87 87.11 87.21 87.33 87.33 87.52 87.51 87.52 87.63 87.63 87.45 87.50 87.44 87.40 87.31 87.23 87.00 87.06 86.94 86.72 86.67 86.77 86.52 86.39 86.35 86.27 85.92 85.72 86.08 86.07 85.70 85.44 85.25 85.94 85.44 85.84 85.89 85.91 85.47 85.10 84.84 85.18 85.05 84.97 85.22 85.07 84.97 85.17 85.21 85.28 85.26 85.45 85.56 85.72 85.72 85.80 85.84 85.86 86.01 86.08 86.18 86.21 86.45 86.57 86.90 87.08 87.25 87.44 87.52 87.69 87.82 87.95 87.94 87.94 87.91 87.79 87.84 87.84 87.80 87.77 87.65 87.71 87.64 87.39 87.47 87.41 87.25 87.04 86.72 86.59 86.50 86.26 86.13 86.07 86.06 86.02 86.01 86.00 85.99 85.92 85.81 85.52 85.11 86.05 86.08 86.16 86.36 86.57 86.57 86.65
47°N ||     86.66 86.65 86.65 86.60 86.59 86.58 86.55 86.56 86.49 86.57 86.54 86.49 86.48 86.39 86.27 86.22 85.98 85.82 85.60 85.39 85.15 85.06 84.99 84.94 84.88 84.82 84.74 84.70 84.60 84.46 84.30 84.22 84.23 84.20 83.48 83.30 83.81 84.04 84.08 84.12 84.23 84.28 84.27 84.31 84.42 84.51 84.51 84.50 83.77 83.57 83.95 84.21 84.57 84.40 84.47 84.72 84.59 85.03 84.59 84.72 84.86 85.04 85.33 85.78 86.13 86.35 86.48 86.58 86.83 86.90 87.10 87.24 87.31 87.42 87.47 87.45 87.35 87.20 87.64 87.66 87.60 87.66 87.55 87.52 87.42 87.36 87.33 87.26 87.14 87.03 86.92 86.87 86.82 86.72 86.48 86.52 86.34 86.23 86.23 86.26 86.14 86.06 86.26 86.00 85.74 85.95 85.64 85.64 85.85 85.49 85.19 85.37 85.42 85.51 85.55 85.04 85.22 85.32 85.39 85.55 85.56 85.65 85.82 85.71 85.91 85.92 85.93 85.97 86.08 86.14 86.32 86.38 86.55 86.69 87.31 87.36 87.27 87.39 87.54 87.67 87.80 87.93 87.93 87.88 87.89 87.85 87.81 87.80 87.69 87.81 87.76 87.72 87.58 87.56 87.55 87.36 87.16 86.96 86.81 86.11 86.24 86.43 86.24 86.21 86.16 86.12 86.13 86.06 86.08 86.06 86.03 85.88 85.95 86.03 86.12 86.33 86.38 86.52 86.58 86.67
49°N ||     86.69 86.67 86.66 86.61 86.65 86.64 86.61 86.60 86.56 86.55 86.57 86.49 86.46 86.33 86.21 86.09 85.89 85.77 85.61 85.42 85.24 85.17 85.08 85.01 84.92 84.87 84.84 84.80 84.77 84.72 84.68 84.64 84.60 84.56 84.50 84.52 84.54 84.52 84.40 84.31 84.30 84.38 84.36 84.23 84.32 84.42 84.44 84.44 84.70 84.01 85.10 85.31 85.47 85.17 85.11 84.73 84.75 84.76 85.19 84.79 85.04 85.29 85.74 86.08 86.18 86.50 86.67 86.85 86.90 87.15 87.18 87.30 87.43 87.46 87.51 87.53 87.59 87.70 87.76 87.75 87.75 87.67 87.66 87.60 87.57 87.49 87.47 87.31 87.26 87.20 87.11 87.00 86.83 86.74 86.65 86.66 86.51 86.53 86.52 86.45 86.20 86.34 86.04 86.13 88.57 86.50 85.71 86.02 85.91 85.64 85.53 85.63 85.57 85.53 85.38 85.65 85.59 85.66 85.73 85.69 85.71 85.77 85.90 85.89 85.89 85.97 85.94 86.03 86.10 86.21 86.37 86.51 86.66 86.84 87.21 87.31 87.25 87.44 87.45 87.65 87.75 87.82 87.89 87.88 87.83 87.85 87.82 87.81 87.74 87.62 87.78 87.66 87.53 87.44 87.43 87.20 87.08 86.89 86.81 86.18 86.04 86.48 86.34 86.30 86.29 86.24 86.26 86.22 86.14 86.19 86.13 86.15 85.73 85.96 86.41 86.38 86.38 86.60 86.74 86.63
51°N ||     86.70 86.71 86.66 86.67 86.68 86.69 86.59 86.57 86.59 86.57 86.52 86.43 86.36 86.27 86.15 86.01 85.85 85.68 85.55 85.42 85.19 85.20 85.13 85.03 85.00 84.95 84.91 84.87 84.84 84.82 84.78 84.74 84.69 84.66 84.67 84.67 84.63 84.60 84.52 84.44 84.40 84.41 84.44 84.47 84.43 84.52 84.64 84.77 85.03 85.16 85.31 85.46 85.65 85.76 85.78 85.41 84.87 84.82 84.92 85.23 85.47 85.83 86.08 86.46 86.48 86.65 86.79 86.97 87.12 87.23 87.39 87.51 87.59 87.61 87.68 87.72 87.75 87.65 87.96 88.04 87.79 87.76 87.81 87.50 87.68 87.59 87.45 87.40 87.45 87.32 87.28 87.18 87.06 86.95 86.86 86.79 86.70 86.50 86.67 86.52 86.50 86.47 86.06 87.84 88.53 86.30 85.48 86.03 85.97 85.84 85.84 85.81 85.80 85.83 85.93 85.80 85.84 85.82 85.89 85.91 85.89 85.95 85.90 85.92 85.97 85.98 85.95 86.06 86.13 86.22 86.32 86.50 86.70 86.84 87.04 87.07 87.30 87.38 87.54 87.63 87.71 87.78 87.89 87.86 87.88 87.86 87.77 87.83 87.80 87.73 87.69 87.57 87.55 87.34 87.11 87.15 87.04 86.90 86.81 86.73 86.61 86.54 86.47 86.39 86.36 86.37 86.30 86.33 86.26 86.24 86.22 86.25 86.17 86.38 86.40 86.32 86.42 86.62 86.74 86.74
53°N ||     86.70 86.67 86.73 86.73 86.72 86.69 86.65 86.60 86.56 86.47 86.49 86.43 86.31 86.21 86.07 85.89 85.64 85.66 85.60 85.47 85.37 85.30 85.19 85.13 85.07 85.03 84.98 84.93 84.91 84.87 84.84 84.82 84.78 84.77 84.77 84.76 84.75 84.70 84.63 84.56 84.52 84.51 84.54 84.57 84.65 84.75 84.82 84.93 85.07 85.25 85.47 85.60 85.71 85.82 85.91 85.99 85.27 85.51 85.13 85.82 86.34 86.46 86.58 86.65 86.76 86.90 87.11 87.22 87.34 87.41 87.61 87.68 87.72 87.76 87.83 87.90 87.92 87.88 87.96 87.91 87.83 87.90 87.83 87.87 87.76 87.89 87.81 87.60 87.56 87.39 87.39 87.30 87.17 87.11 86.96 86.86 86.88 87.09 86.72 86.68 86.51 86.50 86.36 86.24 85.94 85.96 85.93 86.15 86.04 86.09 86.02 86.02 85.94 86.01 86.00 85.97 86.04 86.10 86.00 86.07 86.01 85.98 85.90 85.95 85.98 85.94 85.94 86.06 86.12 86.18 86.36 86.52 86.66 86.79 86.79 86.99 87.12 87.29 87.32 87.43 87.46 87.57 87.59 87.69 87.73 87.74 87.67 87.68 87.55 87.55 87.56 87.54 87.35 87.19 87.11 86.99 87.03 86.91 86.83 86.74 86.66 86.57 86.51 86.47 86.45 86.41 86.43 86.41 86.20 86.28 86.24 86.34 86.32 86.33 86.38 86.52 86.66 86.67 86.74 86.76
55°N ||     86.81 86.79 86.72 86.65 86.68 86.55 86.59 86.61 86.56 86.51 86.48 86.38 86.32 86.19 86.14 85.92 87.33 85.58 85.65 85.58 85.50 85.39 85.32 85.28 85.17 85.11 85.06 85.00 84.96 84.93 84.90 84.90 84.87 84.88 84.86 84.87 84.84 84.81 84.78 84.73 84.68 84.67 84.64 84.67 84.72 84.82 84.93 85.51 85.38 85.59 85.68 85.72 86.01 85.88 86.00 86.14 86.25 86.31 86.51 86.63 86.73 86.83 87.01 87.09 87.21 87.32 87.37 87.48 87.54 87.64 87.77 87.84 87.87 87.95 88.00 87.95 87.99 88.00 88.04 88.12 87.91 87.94 87.97 87.90 87.99 87.85 87.70 87.67 87.54 87.53 87.47 87.42 87.30 87.19 87.01 86.97 86.95 86.91 86.83 86.73 86.67 86.59 86.46 86.45 86.40 86.28 86.21 86.22 86.22 86.16 86.16 86.16 86.11 86.18 86.11 86.19 86.28 86.24 86.23 86.19 86.07 86.04 85.98 85.96 85.90 85.92 86.06 86.14 86.15 86.20 86.34 86.49 86.59 86.63 86.76 86.91 87.02 87.13 87.15 87.22 87.28 87.36 87.39 87.48 87.51 87.46 87.48 87.48 87.25 87.28 87.37 87.25 87.23 87.08 87.00 87.06 86.86 86.94 86.88 86.68 86.61 86.59 86.55 86.55 86.47 86.48 86.43 86.36 86.32 86.38 86.40 86.26 86.31 86.31 86.46 86.61 86.68 86.77 86.83 86.86
57°N ||     86.83 86.83 86.79 86.75 86.77 86.68 86.61 86.57 86.55 86.56 86.44 86.36 86.35 86.23 86.14 86.09 85.75 85.79 85.69 85.68 85.60 85.54 85.45 85.37 85.31 85.24 85.16 85.10 85.10 85.05 85.03 85.00 84.99 84.99 84.98 84.98 84.96 84.94 84.92 84.85 84.82 84.79 84.78 84.79 84.84 84.95 85.08 85.22 85.48 85.61 85.72 85.80 85.88 86.00 86.14 86.27 86.41 86.58 86.73 86.86 87.11 87.19 87.27 87.33 87.43 87.47 87.57 87.66 87.72 87.84 87.87 88.34 88.05 88.06 88.09 88.14 88.13 88.08 88.09 88.07 88.04 88.16 87.94 87.96 87.40 88.68 87.77 87.70 87.67 87.57 87.57 87.42 87.34 87.27 87.22 87.09 87.07 86.95 86.89 86.72 86.72 86.66 86.52 86.40 86.34 86.35 86.33 86.25 86.36 86.30 86.27 86.33 86.39 86.38 86.37 86.41 86.45 86.39 86.32 86.18 86.13 86.14 86.09 86.03 86.03 86.05 86.02 86.09 86.16 86.20 86.34 86.39 86.53 86.53 86.61 86.72 86.89 86.96 87.00 86.96 87.13 87.09 87.21 87.31 87.32 87.28 87.25 87.28 87.25 87.16 87.22 87.16 87.18 87.16 87.01 87.05 86.94 86.97 86.92 86.79 86.70 86.71 86.61 86.57 86.54 86.47 86.47 86.43 86.33 86.42 86.41 86.36 86.53 86.46 86.48 86.61 86.74 86.74 86.79 86.82
59°N ||     86.81 86.84 86.82 86.71 86.78 86.76 86.56 86.67 86.66 86.65 86.58 86.50 86.40 86.34 86.22 86.09 86.10 85.99 85.91 85.83 85.76 85.68 85.57 85.49 85.48 85.44 85.41 85.34 85.29 85.24 85.21 85.16 85.13 85.15 85.19 85.14 85.13 85.13 85.07 85.00 84.97 84.96 84.96 85.03 85.08 85.21 85.34 85.47 85.64 85.75 85.84 86.00 86.06 86.17 86.32 86.43 86.59 86.75 86.90 87.12 87.37 87.26 87.56 87.63 87.65 87.72 87.83 87.90 87.93 87.94 88.06 88.06 88.11 88.20 88.22 88.23 88.18 88.27 88.31 88.27 88.16 88.13 88.14 88.06 88.03 87.99 87.94 87.90 87.81 87.64 87.51 87.53 87.39 87.38 87.15 87.20 87.16 87.07 86.91 86.86 86.77 86.73 86.70 86.64 86.64 86.58 86.44 86.45 86.47 86.50 86.57 86.59 86.58 86.58 86.50 86.57 86.56 86.56 86.40 86.33 86.30 86.24 86.13 86.15 86.08 86.09 86.05 86.11 86.17 86.20 86.30 86.28 86.47 86.61 86.57 86.47 86.68 86.74 86.72 86.88 86.98 86.85 86.99 87.09 87.07 87.01 87.07 87.06 87.07 87.07 87.06 87.09 87.07 87.01 87.00 87.04 87.00 86.91 86.91 86.82 86.85 86.74 86.69 86.62 86.57 86.52 86.39 86.40 86.38 86.44 86.49 86.51 86.57 86.56 86.60 86.65 86.74 86.84 86.70 86.79
61°N ||     86.82 86.82 86.81 86.82 86.79 86.84 86.74 86.69 86.72 86.60 86.55 86.55 86.48 86.39 86.30 86.24 86.16 86.10 86.04 85.94 85.86 85.83 85.77 85.72 85.66 85.63 85.57 85.54 85.50 85.49 85.48 85.44 85.46 85.46 85.43 85.40 85.38 85.40 85.36 85.63 85.31 85.30 85.31 85.35 85.39 85.45 85.53 85.65 85.81 85.92 85.98 86.19 86.34 86.45 86.56 86.72 86.85 86.99 87.13 87.24 87.45 87.64 87.73 87.80 87.90 88.35 87.83 88.07 88.11 88.13 88.23 88.11 88.21 88.36 88.43 88.40 88.36 88.38 88.27 88.31 88.25 88.25 88.19 88.21 88.12 88.08 87.98 87.91 87.80 87.71 87.59 87.53 87.49 87.38 87.36 87.34 87.17 87.08 87.06 86.94 86.91 86.85 86.75 86.74 86.71 86.73 86.60 86.67 86.65 86.71 86.69 86.70 86.73 86.72 86.63 86.69 86.63 86.62 86.57 86.41 86.47 86.44 86.12 86.24 86.20 86.16 86.09 86.06 86.11 86.19 86.19 86.24 86.30 85.95 86.32 86.50 86.54 86.51 86.66 86.74 86.80 86.64 86.86 86.90 86.91 86.79 86.88 86.86 86.92 86.96 86.92 86.97 86.92 86.87 86.93 86.95 86.89 86.86 86.88 86.81 86.77 86.79 86.72 86.69 86.65 86.48 86.58 86.55 86.47 86.53 86.50 86.58 86.62 86.61 86.70 86.71 86.68 86.79 86.78 86.71
63°N ||     86.94 86.82 86.81 87.57 86.84 86.87 86.87 86.83 86.80 86.77 86.71 86.61 86.59 86.49 86.46 86.42 86.35 86.31 86.18 86.06 85.88 86.03 85.98 85.94 85.90 85.88 85.82 85.83 85.82 85.77 85.76 85.72 85.70 85.67 85.63 85.61 85.59 85.61 85.60 85.58 85.57 85.60 85.61 85.66 85.73 85.78 85.86 85.91 86.05 86.17 86.35 86.47 86.61 86.77 86.95 87.04 87.16 87.29 87.45 87.51 87.65 87.81 87.95 88.08 88.08 88.12 88.28 88.26 88.25 88.25 88.33 88.28 88.36 88.36 88.40 88.46 88.41 88.33 88.31 88.34 88.31 88.30 88.19 88.12 88.07 87.82 87.87 87.82 87.79 87.73 87.69 87.59 87.47 87.42 87.46 87.19 87.14 87.16 87.11 87.03 87.01 86.93 86.87 86.86 86.87 86.83 86.82 86.82 86.80 86.77 86.82 86.80 86.85 86.79 86.76 86.73 86.71 86.63 86.70 86.62 86.54 86.51 86.50 86.40 86.34 86.29 86.21 86.17 86.15 86.15 86.16 86.22 86.27 86.27 86.34 86.44 86.48 86.49 86.58 86.46 86.66 86.51 86.69 86.76 86.66 86.79 86.78 86.79 86.83 86.83 86.80 86.82 86.90 86.90 86.90 86.86 86.87 86.83 86.87 86.88 86.84 86.80 86.83 86.80 86.68 86.73 86.73 86.75 86.56 86.63 86.66 86.69 86.61 86.74 86.81 86.85 86.82 86.86 86.88 86.89
65°N ||     86.95 87.06 86.95 87.03 87.01 86.96 86.93 86.95 86.73 86.81 86.76 86.75 86.76 86.72 86.87 86.56 86.53 86.47 86.36 86.42 86.37 86.27 86.25 86.22 86.18 86.16 86.05 86.09 86.06 86.04 85.99 85.95 85.93 85.90 85.86 85.81 85.80 85.81 85.77 85.76 85.76 85.81 85.86 85.92 86.00 86.08 86.14 86.25 86.32 86.44 86.55 86.59 86.83 87.04 87.20 87.38 87.54 87.72 87.80 87.86 87.91 88.05 88.12 88.10 88.24 88.28 88.30 88.21 88.27 88.33 88.22 88.25 88.35 88.37 88.37 88.39 88.39 88.32 88.32 88.29 88.31 88.22 88.15 87.84 88.96 90.91 87.20 87.70 87.78 87.67 87.70 87.54 87.56 87.39 87.38 87.30 87.21 87.18 87.17 87.12 87.04 87.03 86.98 86.85 86.94 86.83 86.81 86.85 86.84 86.81 86.87 86.87 86.90 86.83 86.70 86.72 86.83 86.72 86.69 86.75 86.71 86.64 86.62 86.45 86.44 86.29 86.33 86.25 86.24 86.13 86.21 86.19 86.19 86.22 86.30 86.28 86.36 86.39 86.33 86.44 86.52 86.51 86.58 86.61 86.54 86.67 86.66 86.69 86.67 86.69 86.74 86.76 86.76 86.80 86.65 86.83 86.80 86.88 86.86 86.86 86.78 86.78 86.89 86.88 86.79 86.90 86.89 86.73 86.84 86.76 86.88 86.86 86.83 86.84 86.85 86.92 86.81 86.82 86.98 86.71
67°N ||     87.16 87.14 87.19 87.14 87.11 87.21 87.14 87.09 87.12 87.07 86.91 86.95 87.00 86.87 86.90 86.83 86.83 86.79 86.76 86.75 86.58 86.64 86.51 86.45 86.45 86.33 86.44 86.40 86.32 86.30 86.27 86.19 86.21 86.13 86.40 86.04 86.04 86.03 86.00 86.02 86.04 86.09 86.18 86.21 86.27 86.37 86.48 86.61 86.71 86.83 86.98 87.15 87.29 87.47 87.65 87.81 87.99 88.12 88.25 88.38 88.43 88.40 88.32 88.27 88.28 88.28 88.24 88.28 88.34 88.30 88.33 88.33 88.29 88.36 88.36 88.31 88.27 88.16 88.32 88.26 88.22 88.15 87.98 87.92 87.91 87.76 87.73 87.75 87.69 87.71 87.62 87.53 87.51 87.41 87.37 87.28 87.23 87.18 87.14 87.03 86.97 87.02 86.97 86.86 86.89 86.88 86.89 86.84 86.80 86.70 86.75 86.88 86.93 86.87 86.83 86.85 86.74 86.81 86.79 86.78 86.74 86.64 86.68 86.62 86.56 86.51 86.50 86.37 86.30 86.29 86.23 86.17 86.18 86.18 86.11 86.27 86.28 86.32 86.07 86.38 86.44 86.51 86.53 86.48 86.52 86.54 86.39 86.63 86.62 86.65 86.63 86.75 86.72 86.77 86.80 86.79 86.81 86.84 86.85 86.91 86.77 86.80 86.82 86.89 86.88 86.89 87.00 87.00 87.01 86.96 87.02 86.96 87.06 87.05 86.93 86.98 86.99 87.12 87.09 87.13
69°N ||     87.08 87.27 87.27 87.22 87.24 87.25 87.22 87.25 87.12 87.28 87.17 87.15 87.12 87.14 86.98 86.91 86.91 87.01 87.05 86.94 86.96 86.94 86.90 86.87 86.75 86.72 86.41 86.67 86.66 86.50 86.63 86.44 86.48 86.37 86.29 86.22 86.25 86.24 86.25 86.26 86.27 86.37 86.44 86.52 86.59 86.70 86.88 87.05 87.22 87.35 87.44 87.53 87.59 87.71 87.80 87.94 88.02 88.07 88.18 88.23 88.23 88.26 88.24 88.23 88.19 88.22 88.24 88.26 88.20 88.27 88.28 88.25 88.32 88.30 88.16 88.24 88.22 88.14 88.14 88.10 88.02 87.98 88.00 87.91 87.78 87.79 87.64 87.60 87.57 87.51 87.51 87.43 87.34 87.32 87.32 87.13 87.17 87.16 87.10 87.07 87.04 87.03 86.99 86.89 86.90 86.97 86.93 86.89 86.87 86.91 86.69 86.73 86.84 86.83 86.87 86.83 86.77 86.80 86.79 86.70 86.64 86.69 86.66 86.65 86.54 86.52 86.51 86.48 86.44 86.40 86.35 86.27 86.26 86.20 86.15 86.10 86.16 86.26 86.33 86.31 86.34 86.34 86.39 86.39 86.40 86.41 86.45 86.50 86.50 86.48 86.56 86.51 86.58 86.66 86.73 86.77 86.74 86.80 86.96 86.90 86.86 86.86 86.86 86.96 86.96 87.02 87.04 87.10 87.07 87.04 87.03 87.12 87.15 87.19 87.30 87.24 87.19 87.22 87.17 87.13
71°N ||     87.32 87.39 87.44 87.34 87.29 87.37 87.75 87.23 87.33 87.34 87.20 87.26 87.28 87.22 87.32 87.34 87.32 87.25 87.39 87.14 87.04 87.17 87.16 87.10 87.01 86.97 86.89 86.80 86.85 86.72 86.75 86.77 86.79 86.63 86.74 86.75 86.63 86.63 86.65 86.66 86.61 86.76 86.82 86.87 86.97 87.04 87.15 87.30 87.38 87.51 87.60 87.67 87.68 87.66 87.74 87.77 87.81 87.85 87.91 87.91 87.88 87.95 87.96 88.00 88.14 88.06 88.08 88.12 88.22 88.14 88.18 88.14 88.13 88.18 88.10 88.03 88.04 88.07 88.02 87.94 87.89 87.87 87.82 87.75 87.67 87.64 87.59 87.57 87.51 87.40 87.30 87.22 87.26 87.28 87.18 87.16 87.11 87.09 87.06 87.00 86.93 86.88 86.85 86.82 86.88 86.91 86.89 86.83 86.85 86.83 86.89 86.82 86.80 86.80 86.74 86.79 86.72 86.71 86.62 86.70 86.58 86.66 86.64 86.54 86.55 86.54 86.52 86.53 86.48 86.42 86.39 86.40 86.35 86.33 86.26 86.28 86.23 86.20 86.17 86.15 86.10 86.09 86.13 86.17 86.22 86.27 86.34 86.37 86.46 86.44 86.52 86.51 86.51 86.54 86.63 86.60 86.74 86.81 86.86 86.89 86.92 86.85 86.98 87.00 87.02 87.10 87.08 87.12 87.00 87.17 87.17 87.14 87.07 87.20 87.23 87.27 87.37 87.22 87.31 87.28
73°N ||     87.46 87.52 87.53 87.46 87.39 87.54 87.56 87.51 87.50 87.55 87.62 87.51 87.53 87.41 87.65 87.48 87.45 87.41 87.34 87.34 87.38 87.12 87.13 87.21 87.11 87.22 87.11 87.50 87.28 87.18 87.25 87.09 87.02 86.96 86.87 86.95 86.86 86.90 86.93 87.02 87.07 87.13 87.17 87.20 87.28 87.34 87.37 87.42 87.47 87.53 87.62 87.75 87.71 87.71 87.71 87.70 87.65 87.64 87.59 87.65 87.69 87.74 87.78 87.77 87.82 87.89 87.93 87.89 87.88 87.92 88.00 88.06 88.05 87.94 88.00 88.01 88.02 87.93 87.85 87.74 87.75 87.69 87.64 87.58 87.61 87.58 87.52 87.46 87.39 87.39 87.30 87.12 87.13 87.13 87.11 86.98 87.00 86.99 86.94 86.96 86.91 86.90 86.86 86.73 86.82 86.83 86.76 86.73 86.73 86.68 86.74 86.75 86.79 86.78 86.73 86.78 86.79 86.72 86.63 86.58 86.62 86.69 86.66 86.57 86.55 86.53 86.49 86.53 86.44 86.43 86.40 86.37 86.39 86.34 86.36 86.33 86.30 86.26 86.25 86.26 86.29 86.31 86.34 86.34 86.37 86.39 86.41 86.43 86.47 86.50 86.48 86.55 86.55 86.59 86.59 86.60 86.72 86.78 86.81 86.79 86.92 86.92 86.88 86.99 87.07 87.13 87.06 87.15 87.23 87.28 86.81 88.23 86.99 86.05 87.24 87.32 87.45 87.42 87.25 87.37
75°N ||     87.45 87.57 87.50 87.55 87.55 87.67 87.50 87.60 87.62 87.61 87.66 87.56 87.58 87.69 87.58 87.64 87.63 87.43 87.52 87.57 87.50 87.60 87.65 87.74 87.56 87.36 87.40 87.40 87.14 87.22 87.25 87.18 87.32 87.37 87.44 87.26 87.20 87.21 87.11 87.24 87.22 87.26 87.36 87.35 87.34 87.27 87.37 87.42 87.45 87.56 87.62 87.63 87.63 87.64 87.65 87.78 87.62 87.60 87.63 87.65 87.73 87.78 87.82 87.82 87.82 87.79 87.75 87.78 87.82 87.73 87.85 87.85 87.85 87.85 87.82 87.86 87.79 87.78 87.67 87.69 87.61 87.59 87.52 87.67 87.47 87.39 87.33 87.27 87.25 87.25 87.18 87.15 87.11 87.04 87.05 87.01 87.10 86.91 86.87 86.84 86.81 86.81 86.79 86.75 86.76 86.78 86.78 86.74 86.68 86.75 86.71 86.68 86.73 86.73 86.72 86.70 86.67 86.70 86.62 86.62 86.62 86.60 86.54 86.64 86.64 86.61 86.51 86.50 86.50 86.43 86.50 86.47 86.49 86.45 86.38 86.41 86.38 86.38 86.37 86.37 86.36 86.42 86.43 86.32 86.39 86.44 86.48 86.50 86.46 86.46 86.50 86.55 86.58 86.60 86.64 86.64 86.68 86.77 86.81 86.86 86.87 86.95 86.96 87.04 87.08 87.07 87.08 87.13 87.18 87.24 87.25 87.31 87.25 87.50 87.52 87.54 87.55 87.55 87.50 87.41
77°N ||     87.66 87.52 87.25 87.13 87.29 87.59 87.48 87.06 87.09 87.52 87.63 87.63 87.66 87.61 87.60 87.41 87.12 87.16 87.04 87.39 87.17 87.28 87.74 88.04 87.57 87.38 87.36 87.50 87.43 87.41 87.39 87.39 87.44 87.34 87.00 87.31 87.21 87.29 87.25 87.21 87.38 87.35 87.26 87.26 87.34 87.42 87.45 87.49 87.53 87.55 87.57 87.60 87.45 87.66 87.69 87.73 87.76 87.75 87.75 87.75 87.79 87.09 87.11 87.52 87.66 87.63 87.62 87.65 87.57 87.57 87.63 87.65 87.65 87.66 87.61 87.62 87.59 87.60 87.63 87.60 87.54 87.43 87.41 87.38 87.37 87.30 87.17 87.15 87.23 87.17 87.18 87.13 87.05 86.95 86.94 86.97 86.97 86.95 86.90 86.86 86.84 86.83 86.79 86.86 86.78 86.76 86.76 86.75 86.74 86.73 86.73 86.72 86.68 86.62 86.62 86.62 86.67 86.60 86.61 86.52 86.57 86.60 86.61 86.63 86.62 86.64 86.61 86.59 86.56 86.51 86.55 86.50 86.47 86.41 86.16 86.36 86.45 86.46 86.49 86.47 86.43 86.44 86.45 86.44 86.46 86.44 86.50 86.46 86.49 86.45 86.52 86.57 86.56 86.61 86.65 86.68 86.72 86.74 86.71 86.78 86.81 86.88 86.98 87.04 87.06 87.07 87.12 87.21 87.21 87.18 87.27 87.20 87.26 87.34 87.31 87.52 87.64 87.61 87.52 87.60
79°N ||     87.33 87.19 87.19 87.30 87.32 87.27 87.22 87.22 87.25 87.23 87.24 87.07 87.33 87.28 87.31 87.40 87.39 87.44 87.44 87.37 87.35 87.47 87.44 87.47 87.52 87.56 87.47 87.23 87.30 87.18 87.24 87.28 87.31 87.32 87.27 87.33 87.29 87.38 87.36 87.35 87.36 87.39 87.38 87.33 87.26 87.29 87.32 87.36 87.38 87.46 87.53 87.49 87.52 87.56 87.60 87.61 87.57 87.62 87.69 87.69 87.73 87.76 87.74 87.76 87.70 87.70 87.77 87.71 87.61 87.55 87.49 87.46 87.38 87.41 87.42 87.25 87.20 87.24 87.35 87.36 87.25 87.30 87.14 86.67 86.94 87.26 86.16 86.35 86.98 85.78 86.15 86.65 86.36 86.00 86.51 85.84 85.98 86.59 86.34 86.04 86.14 86.22 86.33 86.69 86.72 86.65 86.70 86.71 86.73 86.71 86.70 86.70 86.69 86.68 86.63 86.65 86.63 86.63 86.61 86.42 86.95 86.41 86.58 86.56 86.54 86.58 86.55 86.53 86.54 86.55 86.56 86.57 86.55 86.56 86.56 86.56 86.58 86.58 86.54 86.56 86.54 86.50 86.45 86.47 86.48 86.41 86.33 86.34 86.40 86.45 86.49 86.46 86.55 86.60 86.60 86.69 86.66 86.73 86.72 86.73 86.78 86.85 86.89 86.97 86.99 87.05 87.02 87.02 87.07 87.20 87.19 87.22 87.23 87.28 87.31 87.25 87.24 87.39 87.39 87.36
81°N ||     86.39 86.41 86.43 86.49 86.43 86.44 86.46 86.45 86.45 86.47 86.50 86.52 86.54 86.56 86.60 86.62 86.62 86.65 86.65 86.67 86.68 86.70 86.72 86.76 86.80 86.86 86.94 87.04 87.04 87.11 87.20 87.10 87.11 87.30 86.79 86.79 86.60 86.86 86.29 86.41 86.63 86.72 87.15 87.15 87.17 87.24 87.32 87.27 87.08 87.03 86.52 86.48 86.30 86.50 86.98 86.63 86.59 86.57 86.55 86.65 87.23 87.03 87.10 87.10 87.17 87.23 87.33 86.97 86.81 86.54 86.55 86.58 86.12 86.35 86.17 85.90 85.72 85.88 85.69 85.50 85.47 85.24 85.28 85.17 85.17 85.23 85.08 85.07 85.08 85.03 85.06 85.14 84.99 84.99 85.16 85.02 85.04 84.95 84.95 84.96 85.16 85.19 85.19 85.17 85.25 85.32 85.06 85.73 85.75 86.32 86.27 85.74 85.96 86.53 86.22 86.31 86.06 86.18 86.42 85.90 85.95 85.87 85.95 85.99 86.22 86.54 86.08 86.16 86.17 86.16 86.23 86.21 86.21 86.24 86.26 86.29 86.37 86.47 86.56 86.56 86.57 86.57 86.57 86.54 86.57 86.52 86.53 86.56 86.57 86.63 86.64 86.67 86.68 86.71 86.70 86.69 86.70 86.74 86.75 86.71 86.73 86.75 86.79 86.80 86.80 86.79 86.77 86.74 86.73 86.66 86.58 86.59 86.58 86.57 86.56 86.51 86.46 86.41 86.41 86.40
83°N ||     86.02 86.02 86.02 86.02 86.02 86.01 86.02 86.03 86.04 86.06 86.08 86.11 86.12 86.14 86.16 86.20 86.24 86.24 86.31 86.31 86.34 86.35 86.35 86.35 86.33 86.28 86.42 86.38 86.35 85.81 85.70 85.53 85.75 85.85 85.54 85.72 85.48 85.51 85.52 85.45 85.32 85.44 85.26 85.16 85.17 85.28 85.26 85.24 85.30 85.36 85.47 85.59 85.79 85.87 85.53 85.62 85.46 85.34 85.33 85.45 85.35 85.93 85.86 86.57 86.74 86.91 87.06 87.17 87.14 86.82 86.56 86.24 85.98 85.80 85.71 85.54 85.45 85.35 85.28 85.24 85.21 85.16 85.14 85.12 85.08 85.05 85.03 85.01 85.00 85.00 85.00 84.99 84.99 84.98 84.96 84.95 84.93 84.92 84.92 84.91 84.90 84.89 84.88 84.87 84.86 84.85 84.85 84.84 84.85 84.90 84.97 85.08 85.05 85.09 85.00 85.08 85.23 85.27 85.17 85.09 85.06 85.08 85.25 85.12 85.17 85.10 85.17 85.19 85.13 85.16 85.08 85.10 85.17 85.30 85.25 85.25 85.30 85.16 85.23 85.24 85.34 85.62 85.68 85.78 86.16 86.12 86.39 86.57 86.60 86.57 86.54 86.53 86.53 86.54 86.59 86.62 86.60 86.59 86.52 86.50 86.48 86.47 86.44 86.41 86.39 86.36 86.33 86.29 86.28 86.26 86.23 86.22 86.18 86.16 86.15 86.13 86.09 86.06 86.04 86.03
85°N ||     86.21 86.09 86.20 86.33 86.40 86.62 85.58 85.47 85.68 85.82 85.30 85.56 85.42 85.31 85.50 85.62 85.09 85.00 84.98 84.99 84.99 85.10 85.46 85.23 85.29 85.38 85.60 85.43 85.42 85.56 85.56 84.91 84.95 85.14 84.96 84.91 84.90 84.90 84.91 84.92 84.91 84.97 84.93 84.90 84.92 84.89 84.86 84.87 84.86 84.92 84.92 84.90 84.94 85.03 85.03 84.97 84.98 84.99 85.03 85.07 85.10 85.03 85.10 85.05 85.03 85.03 85.19 85.19 85.50 85.67 85.78 85.99 85.78 85.76 85.75 85.89 86.04 86.21 86.28 86.29 86.34 86.33 85.98 85.67 85.41 85.37 85.40 85.46 85.54 85.74 86.15 86.18 85.10 85.00 85.00 85.04 85.01 84.98 84.93 84.90 84.89 84.92 84.88 84.87 84.85 84.84 84.83 84.83 84.82 84.81 84.81 84.81 84.82 84.82 84.82 84.83 84.84 84.84 84.85 84.84 84.85 84.86 84.87 84.86 84.86 84.86 84.86 84.86 84.86 84.85 84.86 84.86 84.85 84.86 84.87 84.87 84.91 84.90 84.90 84.98 84.88 84.89 84.89 85.05 85.07 85.08 85.14 85.33 85.14 85.04 85.10 85.04 85.20 85.28 85.46 85.63 85.27 85.43 85.57 85.65 85.61 85.45 85.54 85.87 85.75 85.81 85.99 86.35 86.13 86.42 86.18 85.99 85.87 85.75 85.88 86.07 86.19 85.91 85.94 85.99
87°N ||     84.77 84.81 84.79 84.80 84.82 84.80 84.80 84.80 84.74 84.73 84.73 84.73 84.75 84.76 84.74 84.71 84.71 84.72 84.71 84.71 84.71 84.74 84.74 84.67 84.68 84.67 84.69 84.70 84.71 84.71 84.72 84.69 84.66 84.68 84.66 84.63 84.61 84.61 84.61 84.61 84.63 84.62 84.65 84.64 84.63 84.59 84.58 84.57 84.59 84.60 84.60 84.60 84.61 84.62 84.65 84.68 84.69 84.71 84.72 84.72 84.70 84.68 84.68 84.67 84.67 84.67 84.66 84.67 84.68 84.69 84.76 84.88 84.91 84.86 84.85 84.82 84.86 84.83 84.81 84.84 84.80 84.78 84.77 84.77 84.79 84.77 84.78 84.83 84.79 84.82 84.76 84.74 84.76 84.73 84.71 84.70 84.72 84.71 84.73 84.73 84.71 84.68 84.68 84.71 84.71 84.67 84.66 84.65 84.64 84.64 84.63 84.65 84.63 84.64 84.64 84.65 84.65 84.67 84.66 84.71 84.64 84.65 84.66 84.68 84.72 84.74 84.68 84.68 84.70 84.70 84.73 84.69 84.65 84.65 84.65 84.64 84.64 84.66 84.69 84.69 84.70 84.70 84.71 84.70 84.72 84.72 84.72 84.71 84.69 84.66 84.68 84.66 84.70 84.68 84.64 84.65 84.66 84.75 84.71 84.74 84.71 84.78 84.78 84.82 84.81 84.82 84.80 84.78 84.79 84.80 84.79 84.82 84.84 84.83 84.84 84.84 84.81 84.83 84.86 84.81
89°N ||     84.52 84.52 84.52 84.53 84.53 84.49 84.49 84.47 84.47 84.47 84.47 84.46 84.46 84.46 84.46 84.46 84.45 84.45 84.45 84.45 84.45 84.45 84.46 84.45 84.45 84.45 84.44 84.43 84.42 84.41 84.41 84.40 84.40 84.39 84.39 84.38 84.38 84.38 84.38 84.37 84.37 84.37 84.37 84.37 84.37 84.37 84.37 84.37 84.37 84.37 84.38 84.38 84.39 84.40 84.41 84.42 84.42 84.43 84.44 84.44 84.43 84.44 84.44 84.45 84.45 84.46 84.46 84.47 84.47 84.47 84.47 84.47 84.48 84.49 84.49 84.50 84.50 84.51 84.52 84.52 84.52 84.51 84.51 84.52 84.51 84.52 84.52 84.52 84.52 84.52 84.52 84.53 84.54 84.54 84.53 84.52 84.51 84.52 84.55 84.55 84.54 84.52 84.52 84.51 84.51 84.50 84.50 84.49 84.49 84.48 84.48 84.48 84.47 84.47 84.46 84.46 84.46 84.46 84.45 84.45 84.45 84.45 84.45 84.46 84.46 84.46 84.45 84.45 84.44 84.44 84.44 84.44 84.43 84.43 84.42 84.42 84.41 84.40 84.40 84.40 84.39 84.39 84.39 84.39 84.39 84.39 84.39 84.39 84.39 84.40 84.40 84.41 84.41 84.42 84.43 84.44 84.45 84.45 84.45 84.44 84.44 84.44 84.45 84.45 84.44 84.45 84.45 84.45 84.46 84.46 84.47 84.47 84.48 84.48 84.49 84.49 84.50 84.50 84.51 84.51
