Mars Surface Radiation Result (absorbed dose in thin silicon slab) (1E-6 Gy/day).

The first row gives the longitude
The first column for each row (starting from the 2nd row) gives the latitude
The rest values of each row gives the dose rate at different longitudes (given in the first row)

179°W  177°W  175°W  173°W  171°W  169°W  167°W  165°W  163°W  161°W  159°W  157°W  155°W  153°W  151°W  149°W  147°W  145°W  143°W  141°W  139°W  137°W  135°W  133°W  131°W  129°W  127°W  125°W  123°W  121°W  119°W  117°W  115°W  113°W  111°W  109°W  107°W  105°W  103°W  101°W  99°W  97°W  95°W  93°W  91°W  89°W  87°W  85°W  83°W  81°W  79°W  77°W  75°W  73°W  71°W  69°W  67°W  65°W  63°W  61°W  59°W  57°W  55°W  53°W  51°W  49°W  47°W  45°W  43°W  41°W  39°W  37°W  35°W  33°W  31°W  29°W  27°W  25°W  23°W  21°W  19°W  17°W  15°W  13°W  11°W  9°W  7°W  5°W  3°W  1°W  1°E  3°E  5°E  7°E  9°E  11°E  13°E  15°E  17°E  19°E  21°E  23°E  25°E  27°E  29°E  31°E  33°E  35°E  37°E  39°E  41°E  43°E  45°E  47°E  49°E  51°E  53°E  55°E  57°E  59°E  61°E  63°E  65°E  67°E  69°E  71°E  73°E  75°E  77°E  79°E  81°E  83°E  85°E  87°E  89°E  91°E  93°E  95°E  97°E  99°E  101°E  103°E  105°E  107°E  109°E  111°E  113°E  115°E  117°E  119°E  121°E  123°E  125°E  127°E  129°E  131°E  133°E  135°E  137°E  139°E  141°E  143°E  145°E  147°E  149°E  151°E  153°E  155°E  157°E  159°E  161°E  163°E  165°E  167°E  169°E  171°E  173°E  175°E  177°E  179°E  
--------------------------------------------------------------------------------------------------------------
89°S ||     69.55 69.59 69.64 69.66 69.66 69.65 69.64 69.65 69.68 69.72 69.86 69.91 69.89 69.94 70.13 70.23 70.28 70.34 70.36 70.25 70.19 70.33 70.34 70.30 70.24 70.22 70.16 70.17 70.25 70.22 70.31 70.41 70.36 70.29 70.39 70.32 70.24 70.18 70.10 70.04 69.99 69.92 69.86 69.84 69.82 69.83 69.82 69.83 69.83 69.81 69.79 69.79 69.76 69.76 69.76 69.76 69.69 69.67 69.65 69.65 69.64 69.62 69.63 69.60 69.61 69.64 69.65 69.54 69.49 69.50 69.45 69.44 69.44 69.44 69.41 69.38 69.37 69.36 69.35 69.36 69.34 69.36 69.37 69.35 69.37 69.38 69.37 69.37 69.36 69.37 69.38 69.41 69.41 69.41 69.42 69.42 69.42 69.42 69.43 69.42 69.40 69.39 69.39 69.38 69.39 69.40 69.40 69.41 69.42 69.42 69.43 69.41 69.38 69.40 69.45 69.47 69.46 69.46 69.47 69.49 69.50 69.51 69.52 69.54 69.57 69.60 69.60 69.62 69.64 69.66 69.67 69.68 69.69 69.70 69.70 69.72 69.73 69.72 69.72 69.73 69.69 69.70 69.68 69.65 69.67 69.66 69.66 69.63 69.60 69.57 69.56 69.55 69.55 69.51 69.49 69.47 69.46 69.44 69.44 69.44 69.43 69.43 69.42 69.40 69.39 69.38 69.40 69.41 69.42 69.44 69.46 69.48 69.49 69.50 69.50 69.52 69.52 69.53 69.53 69.54
87°S ||     71.33 71.42 71.46 71.59 71.56 71.62 71.52 71.50 71.47 71.38 71.37 71.36 71.26 71.15 71.10 71.08 71.10 71.11 71.10 71.05 71.05 71.09 71.21 71.25 71.22 71.16 71.16 71.05 71.12 70.96 71.20 71.22 71.06 71.05 71.04 71.06 71.04 71.01 71.02 70.99 70.94 70.99 70.96 70.94 70.91 70.90 70.89 70.84 70.80 70.75 70.62 70.77 70.59 70.34 70.37 70.32 70.21 70.09 70.04 70.02 70.18 69.73 69.81 69.58 69.52 69.50 69.45 69.42 69.40 69.38 69.33 69.30 69.36 69.34 69.10 69.05 68.98 68.90 68.88 69.03 68.76 68.60 68.59 68.51 68.48 68.49 68.52 68.54 68.57 68.59 68.63 68.63 68.63 68.61 68.62 69.00 68.91 69.07 68.93 69.11 69.10 69.11 69.19 69.20 69.24 69.32 69.38 69.52 69.61 69.65 69.51 69.50 69.54 69.56 69.58 69.57 69.62 69.65 69.72 69.72 69.79 69.84 69.85 69.89 69.96 69.94 69.95 70.02 70.09 70.07 70.13 70.14 70.15 70.21 70.33 70.46 70.54 70.67 70.61 70.43 70.30 70.26 70.24 70.22 70.18 70.19 70.14 69.89 69.85 69.84 69.84 69.86 69.90 69.89 69.88 69.88 69.94 70.04 70.12 70.11 70.18 70.24 70.32 70.35 70.46 70.55 70.66 70.72 70.87 70.93 71.12 71.13 71.15 71.14 71.21 71.08 70.81 70.93 71.31 71.52
85°S ||     70.75 70.77 70.80 70.81 70.81 70.80 70.82 70.86 70.85 70.84 70.84 70.83 70.85 70.93 70.86 70.80 70.80 70.92 70.90 70.90 70.90 70.91 70.93 70.93 70.91 70.91 70.95 71.04 71.10 71.24 71.58 71.60 71.58 71.58 71.62 71.47 71.69 71.59 71.52 71.45 71.67 71.96 71.91 71.93 71.72 71.69 71.58 71.48 71.39 71.30 71.34 71.22 71.21 71.18 71.43 71.52 71.24 71.07 71.12 71.47 71.31 70.44 70.32 70.37 70.48 70.56 70.40 70.49 70.47 70.10 70.24 70.15 69.88 69.81 69.87 69.62 69.92 70.17 70.45 70.12 69.97 69.90 69.97 69.98 70.07 69.94 69.87 69.75 69.75 69.86 69.75 69.77 69.87 69.83 69.83 69.85 69.87 69.91 69.93 70.02 69.98 70.10 70.39 70.67 70.59 70.55 70.52 70.53 70.49 70.55 70.64 70.69 70.73 70.80 70.57 70.63 70.74 70.77 70.70 70.62 70.61 70.64 70.67 70.77 70.87 70.95 70.95 70.88 70.88 70.82 70.77 70.74 70.69 70.70 70.72 70.81 71.36 72.48 72.89 72.62 71.99 71.71 71.60 71.65 71.20 70.98 70.88 70.76 70.81 70.88 70.77 70.80 70.85 71.00 71.16 71.21 71.23 71.25 71.20 71.20 71.18 71.02 70.88 70.80 70.77 70.86 70.94 71.03 71.17 71.35 71.10 71.17 71.14 71.10 71.03 70.97 70.92 70.90 70.79 70.74
83°S ||     70.87 70.89 70.91 70.93 70.93 70.93 70.94 70.95 70.97 70.98 71.00 71.02 71.05 71.07 71.05 71.05 71.07 71.11 71.14 71.16 71.18 71.21 71.24 71.27 71.32 71.37 71.41 71.47 71.58 71.70 71.62 71.46 71.42 71.36 71.46 71.58 71.58 71.54 71.60 71.65 71.40 71.41 71.44 71.46 71.49 71.52 71.49 72.00 72.11 72.19 72.09 72.11 72.03 72.04 72.06 72.03 71.97 72.27 72.35 72.33 71.84 72.20 72.10 71.98 72.31 72.00 72.01 71.99 72.40 72.06 72.37 72.64 72.84 72.87 72.70 72.53 72.56 72.54 72.54 72.66 72.63 72.60 72.43 72.46 72.48 72.39 72.32 72.31 72.37 72.36 72.09 72.08 72.18 72.57 72.12 72.04 71.94 71.89 71.91 71.76 71.97 71.44 71.60 71.33 71.74 71.99 72.04 71.79 71.67 71.70 71.76 71.89 72.14 72.22 72.30 72.27 71.84 71.87 71.81 71.80 71.73 71.72 71.39 71.31 71.38 71.44 71.43 71.29 71.28 71.42 71.35 71.36 71.52 71.53 71.72 72.30 73.12 73.03 73.06 73.03 73.06 71.86 71.76 71.82 71.79 71.93 71.89 71.81 71.79 71.79 71.73 71.61 71.50 71.45 71.40 71.25 71.17 71.21 71.51 71.87 72.38 72.69 72.25 71.70 70.95 70.96 70.66 70.59 70.57 70.53 70.61 70.83 71.37 71.39 71.12 70.91 70.82 70.79 70.82 70.85
81°S ||     71.19 71.26 71.26 71.40 71.14 71.21 71.25 71.29 71.34 71.40 71.45 71.52 71.69 71.72 71.50 71.47 71.49 71.53 71.60 71.66 71.71 71.75 71.76 71.80 71.83 71.88 71.94 71.97 71.99 72.02 72.06 72.22 72.18 72.20 72.32 72.27 72.05 72.09 72.06 72.08 72.28 72.12 71.80 71.86 71.70 71.56 71.63 71.81 71.86 71.74 71.90 71.80 72.03 72.93 72.58 72.81 73.12 72.61 73.08 72.96 72.60 72.75 72.83 72.79 72.78 72.72 72.77 72.79 72.71 72.61 72.73 72.56 72.37 72.40 72.43 72.45 72.39 72.39 72.37 72.41 72.87 72.32 72.15 72.10 72.08 72.10 72.09 72.11 72.08 72.08 72.06 72.09 71.99 71.81 71.62 71.32 70.69 70.00 70.81 70.94 71.41 71.75 71.69 71.81 72.12 72.33 72.48 72.72 72.69 72.56 72.33 72.66 72.77 72.90 72.89 72.97 73.00 73.09 73.07 73.06 73.04 73.08 73.01 72.93 72.91 72.96 72.52 72.56 72.64 72.72 72.78 73.02 73.08 73.18 73.22 73.18 73.14 72.45 71.56 71.35 71.31 71.28 71.28 71.47 71.57 71.61 71.55 71.71 71.82 71.91 72.05 72.14 72.26 72.03 72.15 72.38 72.54 72.18 72.04 72.08 72.59 72.39 72.10 72.11 72.25 72.20 72.66 71.99 71.21 70.86 70.84 71.00 71.19 71.47 71.80 71.12 71.24 71.24 71.04 71.10
79°S ||     71.52 71.57 71.57 71.69 71.66 71.61 71.62 71.65 71.67 71.87 71.72 71.81 71.87 71.89 71.97 72.07 71.93 72.12 71.84 72.13 72.02 72.05 72.02 72.50 72.95 71.87 72.33 72.83 72.60 72.71 72.63 72.64 72.60 72.62 72.67 72.69 72.69 72.68 72.57 72.53 72.54 72.29 72.94 73.07 72.06 72.27 72.26 72.11 72.07 72.36 72.61 72.30 73.04 72.82 72.88 73.12 73.41 72.09 72.77 72.22 73.01 72.76 72.11 72.58 72.58 72.91 72.94 72.87 72.84 72.81 72.76 72.79 72.77 72.79 72.76 72.72 72.75 72.80 72.76 72.54 72.65 72.83 72.53 72.49 72.52 72.76 72.39 72.59 72.42 72.45 72.52 72.41 72.36 72.07 71.26 71.28 70.87 71.34 71.88 72.18 72.09 72.37 72.41 72.48 72.55 72.78 72.59 72.73 72.47 72.75 72.29 72.61 72.43 72.43 72.06 71.95 72.71 72.89 73.17 73.22 73.27 73.25 73.28 73.25 73.30 73.26 73.22 73.27 73.25 73.29 73.22 73.19 73.28 73.25 73.25 73.25 73.32 73.34 73.26 73.26 73.26 73.32 72.97 72.55 72.79 72.21 71.70 71.72 71.74 71.63 71.69 71.80 72.23 73.45 73.28 72.31 72.09 72.69 71.48 71.53 72.19 71.60 71.30 71.16 71.08 71.20 71.08 71.52 71.29 71.25 71.26 71.33 71.47 71.18 71.09 71.22 71.33 71.43 71.44 71.45
77°S ||     72.32 72.03 71.95 71.92 71.82 72.11 72.06 72.42 72.37 72.40 72.35 72.36 72.71 72.51 72.46 72.50 72.58 72.55 72.70 72.57 72.51 72.56 72.49 72.60 72.52 72.65 72.85 72.92 72.75 72.86 72.82 72.85 72.86 72.86 72.85 72.86 72.82 72.84 72.82 72.82 72.80 72.83 72.75 72.60 72.54 72.32 71.78 72.51 71.69 71.97 72.79 72.59 72.40 71.83 71.97 72.21 72.41 72.38 72.51 72.46 72.77 72.97 72.79 72.86 73.05 73.07 73.04 73.08 73.08 73.04 73.01 73.00 72.95 72.97 72.94 72.93 72.90 72.79 72.57 72.61 72.54 72.39 72.33 72.18 72.43 72.63 72.49 72.53 72.32 72.45 72.48 72.44 72.09 71.94 71.81 71.64 71.14 70.75 71.90 73.06 73.45 73.62 73.62 72.39 72.65 72.50 72.54 72.74 72.47 72.81 72.53 72.49 72.44 72.91 73.29 73.09 72.50 72.35 71.90 71.65 71.53 71.12 70.96 71.55 72.21 72.74 73.04 73.00 72.88 72.66 72.05 72.72 72.89 72.15 72.76 72.98 73.31 73.21 72.96 72.85 72.50 72.49 72.23 72.74 73.40 73.36 73.20 73.08 72.37 72.40 72.47 71.65 72.37 72.71 72.71 71.87 71.52 71.63 71.41 71.47 71.57 71.40 71.39 71.65 71.52 71.47 71.62 71.74 71.80 71.77 71.66 71.76 71.99 71.64 71.67 71.74 71.95 72.12 72.22 72.02
75°S ||     72.53 72.63 72.38 72.52 72.34 72.34 72.46 73.15 72.67 72.56 73.50 73.78 72.72 72.89 72.91 73.03 72.80 72.92 72.92 72.73 72.73 72.96 72.95 73.10 72.94 73.01 73.06 73.08 73.04 73.01 73.01 72.99 73.03 73.00 72.56 72.92 72.92 72.90 72.87 72.86 72.80 72.75 72.76 72.76 72.80 72.86 72.77 72.69 72.50 72.39 72.52 71.99 71.82 72.18 72.71 72.79 72.72 73.05 73.20 73.23 73.26 73.24 73.19 73.14 73.11 73.10 73.06 72.84 73.03 72.92 72.80 72.66 72.64 72.48 72.44 72.51 72.40 72.57 72.41 72.44 72.52 72.57 72.67 72.48 72.83 72.59 72.59 72.75 72.57 72.58 72.51 72.21 72.09 72.41 72.55 72.56 72.56 72.57 72.64 72.50 72.34 72.46 72.47 72.40 72.70 72.74 72.75 72.59 72.57 72.47 72.40 72.25 71.81 72.06 72.21 71.65 72.03 71.87 71.64 71.79 71.52 71.43 72.16 72.53 72.40 72.37 73.48 71.93 72.09 72.09 72.20 72.70 72.58 72.42 72.36 72.17 72.52 71.54 71.20 70.82 70.72 71.28 73.52 73.37 73.51 72.26 72.96 72.33 73.13 73.46 73.30 73.22 73.14 73.16 73.30 72.22 71.20 71.18 71.17 71.18 71.16 71.33 72.01 71.89 72.08 71.45 71.52 71.71 71.78 71.76 71.82 71.81 71.84 72.07 72.08 72.17 72.32 72.28 72.33 72.39
73°S ||     73.63 72.47 73.13 73.11 73.00 72.68 73.43 73.12 73.14 73.12 72.66 72.30 73.32 72.66 72.99 73.17 73.11 73.09 73.01 72.86 72.70 72.34 73.38 72.12 72.37 73.23 72.97 72.94 72.96 73.02 73.04 73.04 73.13 72.76 72.70 72.35 72.58 72.95 72.83 72.88 72.88 72.91 72.81 72.86 72.89 72.89 72.90 72.65 73.24 74.15 74.14 74.29 74.24 72.64 73.17 73.17 73.34 73.38 73.40 73.42 73.43 73.40 73.34 73.24 73.28 72.86 73.01 73.21 73.23 73.24 73.19 72.93 72.71 72.85 72.72 72.60 72.52 72.65 72.89 72.51 72.53 72.53 72.56 72.89 72.72 72.98 73.12 73.07 72.95 73.01 72.66 72.63 72.26 72.66 72.64 72.75 72.93 72.95 72.94 72.91 72.95 72.97 73.07 73.00 72.91 72.83 72.99 72.53 72.47 72.32 71.85 71.48 71.76 72.24 72.70 72.38 72.58 72.44 72.54 72.15 72.29 71.87 71.64 71.58 71.95 71.94 72.25 72.24 72.49 72.45 72.42 72.55 72.62 72.75 72.87 72.90 72.89 73.04 72.70 72.34 72.75 71.26 71.38 72.04 72.16 72.23 72.32 72.60 73.32 73.00 72.76 71.88 72.70 73.16 73.49 73.67 73.08 72.04 71.15 71.59 71.34 71.66 72.19 72.28 71.55 71.85 72.31 72.47 72.31 72.68 73.49 73.23 72.82 72.67 72.69 72.64 72.82 72.63 72.69 73.53
71°S ||     73.44 73.47 73.56 73.61 73.68 73.85 73.99 73.91 73.93 73.96 73.97 73.29 72.65 72.38 71.75 71.75 72.42 72.57 73.63 72.75 72.81 72.64 72.44 72.53 74.34 73.11 73.09 73.11 72.98 72.76 72.85 72.75 72.73 72.93 72.83 72.78 72.70 73.02 72.85 72.87 73.00 72.82 72.96 72.86 72.91 72.95 72.66 72.46 72.53 73.46 74.14 73.98 74.33 72.39 73.29 73.43 73.48 73.53 73.45 73.47 73.55 73.21 73.09 73.21 73.32 73.39 73.45 73.23 73.25 72.32 72.63 72.86 72.70 72.89 72.58 72.81 72.66 72.19 72.00 71.88 71.77 72.77 72.70 72.67 72.86 72.88 73.03 72.81 73.09 72.92 73.46 73.35 72.91 73.02 73.02 72.85 72.79 72.14 72.75 73.04 73.19 72.90 72.96 72.97 72.94 72.98 72.65 71.79 72.12 72.44 72.45 72.55 72.56 72.74 72.76 72.65 72.92 72.71 72.84 72.92 72.83 73.04 73.06 72.85 73.03 72.65 71.95 72.14 73.42 73.45 72.41 72.66 72.51 71.38 72.26 72.48 72.59 72.12 71.78 72.13 72.54 71.90 72.77 72.91 73.19 73.21 73.18 72.87 72.88 73.08 73.38 73.27 73.52 73.30 74.11 74.32 74.24 73.88 73.49 73.23 73.51 73.33 73.11 73.46 73.66 73.58 73.58 73.41 73.26 73.76 73.30 73.62 73.52 73.56 73.01 73.01 73.07 73.18 72.81 73.38
69°S ||     72.80 72.89 73.27 73.52 73.05 74.49 74.30 73.93 74.09 74.06 74.01 73.80 73.19 73.33 72.92 73.12 71.95 72.15 72.56 73.04 73.41 73.16 72.88 72.76 72.60 73.27 73.01 73.18 72.79 73.41 72.45 72.55 72.43 72.69 72.71 72.78 73.04 73.04 73.15 73.16 73.24 73.15 73.11 73.17 73.17 73.79 72.96 73.27 73.28 73.25 73.28 73.40 73.41 73.52 73.54 73.46 73.49 73.50 73.28 73.28 73.07 73.48 73.43 73.59 73.44 73.21 72.56 72.55 72.58 72.57 72.55 72.74 72.70 72.91 73.02 73.28 73.13 72.54 72.00 72.28 72.43 72.93 72.95 72.49 72.45 72.20 72.27 72.22 72.50 72.80 72.82 72.96 72.04 73.02 73.11 73.04 73.20 73.21 73.18 73.23 73.19 73.16 73.25 73.16 72.91 72.58 71.83 72.99 73.19 73.07 72.88 72.69 72.81 72.69 72.84 72.31 72.24 72.81 73.21 73.42 73.61 73.44 73.48 73.57 73.54 73.44 72.99 72.50 72.16 72.28 72.89 72.82 72.81 72.84 73.81 72.63 71.33 71.72 71.88 72.02 72.22 72.17 71.72 71.85 72.39 72.88 73.01 72.73 73.26 73.34 73.34 73.43 72.90 71.10 73.30 74.14 73.96 71.74 74.14 74.04 73.96 73.74 73.67 73.58 73.30 72.99 72.74 72.84 72.06 71.79 72.81 73.48 73.42 73.23 73.06 72.84 72.69 72.59 72.89 72.93
67°S ||     74.30 72.78 72.54 73.31 73.30 73.37 73.37 73.99 73.97 74.09 74.13 74.12 73.97 73.84 73.47 73.19 72.90 72.46 72.40 72.13 72.13 71.83 72.16 72.17 72.53 72.46 72.33 72.28 72.84 72.07 72.10 72.15 72.70 74.21 72.53 72.73 72.71 73.48 73.09 73.13 73.24 73.23 73.18 73.19 73.20 73.25 73.20 73.31 73.31 73.24 73.28 73.37 73.41 73.40 73.31 73.47 73.63 73.48 73.56 73.46 72.87 73.27 73.50 73.50 73.24 73.04 74.86 74.81 74.28 72.53 72.75 72.86 72.91 73.10 73.26 72.87 72.54 72.01 72.06 71.72 72.06 72.12 72.58 72.50 72.83 72.70 72.82 72.83 72.81 72.81 72.86 73.04 72.95 73.11 73.06 73.20 73.08 73.04 73.08 72.89 72.94 72.21 72.03 72.07 71.70 72.25 73.57 74.06 73.95 73.50 73.42 72.99 73.04 72.69 72.86 72.72 73.10 73.24 73.52 73.54 73.49 73.47 73.54 73.51 73.41 73.66 73.62 73.76 73.77 73.33 72.66 72.06 72.70 72.92 72.13 71.95 71.82 71.43 72.04 71.27 71.53 71.90 71.88 72.86 72.54 72.47 71.95 72.30 72.78 73.13 73.45 73.58 73.27 73.47 73.61 73.67 73.72 73.69 73.34 73.50 73.46 73.56 73.38 73.13 73.40 73.33 73.34 73.32 73.24 72.80 73.51 73.27 73.22 73.01 72.48 73.03 72.20 72.18 72.34 72.96
65°S ||     72.90 72.50 72.18 72.64 72.66 73.55 73.63 74.05 73.94 74.00 73.98 74.10 74.11 74.12 74.02 73.84 73.71 73.65 73.58 73.27 72.75 72.62 72.69 72.45 72.82 72.71 72.36 73.18 73.05 72.47 72.24 72.57 72.31 72.55 72.73 72.85 72.86 72.92 72.94 73.17 73.19 73.29 73.32 73.32 73.41 73.45 73.40 73.38 73.40 73.38 73.27 73.17 73.03 73.11 73.23 73.39 73.40 73.42 73.29 72.35 73.50 73.60 73.76 73.97 73.23 73.58 73.57 73.58 72.91 72.82 73.09 72.97 73.05 73.20 73.43 73.28 72.73 72.52 72.12 71.79 71.83 72.19 73.16 72.58 72.77 72.81 72.80 72.71 72.43 72.85 72.85 72.89 72.84 73.04 72.83 73.07 73.35 73.16 72.88 72.98 72.73 72.78 72.66 72.57 72.18 72.53 72.34 72.58 72.66 72.55 72.53 72.38 72.48 73.07 73.37 73.90 73.84 73.62 73.43 73.31 73.32 73.52 73.71 73.64 73.78 73.69 73.63 73.68 73.67 73.88 72.84 72.83 72.77 72.65 74.28 72.17 72.16 72.30 72.79 71.55 71.52 71.56 72.11 72.14 72.19 71.74 71.62 72.94 72.66 72.23 73.08 72.90 72.84 73.44 73.42 71.83 72.48 72.69 73.34 72.99 72.33 72.53 73.38 73.00 73.31 73.63 73.44 73.50 73.42 73.36 72.97 72.86 72.68 72.02 73.06 73.29 72.79 72.62 72.28 72.24
63°S ||     72.90 72.87 73.27 72.56 72.25 72.71 73.29 73.38 73.65 73.57 73.87 73.70 74.08 73.92 73.94 73.78 73.86 73.89 73.85 73.36 72.79 72.77 72.49 72.61 72.50 72.66 72.68 72.49 72.45 72.54 72.46 72.62 72.87 72.87 72.82 72.56 72.37 72.75 73.17 72.85 73.33 72.96 72.74 73.17 73.23 73.19 72.96 73.30 73.20 73.17 72.95 73.03 73.28 73.65 73.23 72.45 72.99 73.68 73.52 73.57 73.49 73.45 73.60 73.83 74.23 73.92 73.09 74.00 72.97 73.58 73.28 73.03 73.08 72.95 73.07 73.61 73.75 73.58 73.52 73.10 72.90 72.47 72.59 72.58 72.62 72.68 72.84 72.84 72.84 72.79 72.76 72.78 72.92 72.85 72.91 72.67 72.81 72.89 72.72 73.03 73.08 72.76 72.86 73.12 73.00 72.75 72.55 72.29 72.34 72.08 72.61 72.71 73.03 73.63 74.08 74.14 74.16 73.88 73.66 73.59 73.55 73.50 73.56 73.59 73.83 73.90 73.75 73.69 73.73 73.82 73.63 72.96 72.83 73.14 72.70 72.25 72.02 72.22 72.00 71.10 73.07 71.82 72.57 72.45 72.40 72.07 71.95 71.82 71.59 71.88 72.14 72.58 72.42 72.60 73.02 73.39 73.67 73.69 73.38 73.25 72.69 72.79 73.01 73.07 73.02 72.12 72.01 72.35 72.85 73.14 73.25 73.31 73.10 73.41 73.38 72.39 72.93 73.08 73.05 73.35
61°S ||     73.59 72.62 72.20 72.81 73.12 73.32 73.28 72.59 72.70 72.92 72.46 72.71 73.31 72.72 74.51 72.80 73.21 73.14 73.76 73.43 73.35 73.30 73.33 72.65 72.47 72.26 73.39 73.03 72.47 72.58 73.06 73.40 73.42 73.28 73.26 72.93 72.52 72.73 72.65 72.63 73.09 72.33 72.77 73.13 72.80 71.77 73.36 73.54 73.60 73.53 73.50 73.66 73.61 73.19 72.69 73.80 73.81 73.56 73.82 73.79 73.69 73.47 73.59 73.65 73.92 74.29 73.95 73.22 74.09 74.13 73.91 73.57 72.55 73.45 73.71 73.11 72.99 73.09 72.97 72.70 71.79 71.81 72.54 72.85 72.59 72.51 72.37 72.70 72.82 72.79 72.87 72.78 72.81 73.02 72.90 72.96 72.90 72.71 72.86 73.01 73.10 72.95 72.88 72.88 72.30 72.94 72.84 72.88 72.91 73.03 73.15 73.21 73.30 73.50 73.79 73.84 73.27 73.22 73.30 73.08 74.49 73.88 73.14 73.39 73.59 73.65 73.87 73.96 73.58 73.90 74.30 74.01 71.63 73.78 73.61 73.41 72.28 72.50 72.45 72.87 72.06 72.01 71.96 72.06 72.12 72.01 72.04 71.84 72.10 71.91 72.08 72.03 72.16 72.33 72.40 73.47 74.10 74.01 74.00 73.85 73.64 73.35 73.12 72.92 72.90 72.58 72.15 72.38 72.44 71.47 72.23 72.97 73.12 72.84 71.84 72.23 72.44 73.36 73.43 73.41
59°S ||     73.57 73.07 72.90 73.19 73.20 73.02 71.86 72.50 72.69 72.48 72.96 72.49 72.73 72.00 72.95 73.39 73.06 73.19 72.89 73.20 73.36 73.37 73.06 72.91 72.11 72.54 72.74 72.80 73.22 72.54 72.76 73.43 73.52 73.18 73.47 73.19 72.65 72.15 72.03 72.20 72.49 73.06 73.38 73.34 73.26 72.91 73.46 73.63 73.84 73.82 73.84 73.84 73.90 73.93 73.62 73.41 73.54 73.34 73.67 73.80 73.44 73.08 73.98 73.77 73.00 74.20 72.95 73.59 73.97 72.31 72.74 73.68 74.44 73.33 73.94 73.15 73.22 72.86 72.64 72.70 72.13 72.22 72.52 72.28 72.34 72.80 72.61 72.56 72.95 71.72 72.64 72.90 72.99 72.88 73.39 72.69 72.61 72.64 73.72 72.59 72.51 72.96 72.81 72.84 72.91 72.97 72.95 72.89 72.88 73.22 73.31 73.53 73.62 73.63 73.45 73.04 73.07 73.19 72.87 72.47 72.52 72.53 73.20 73.61 74.02 74.13 74.21 74.11 74.21 74.41 74.11 74.06 73.74 73.54 73.66 73.39 72.95 71.95 71.49 71.76 73.63 73.45 71.52 71.54 72.79 71.80 71.92 71.35 71.89 72.21 71.75 71.82 72.33 72.97 73.27 73.50 73.71 73.64 73.75 73.73 73.70 73.61 73.47 73.31 72.89 72.59 72.29 72.23 72.42 72.24 73.19 71.71 72.40 72.59 72.32 72.93 73.17 72.98 73.26 73.42
57°S ||     73.35 73.39 73.56 73.82 73.38 72.27 72.61 72.47 72.11 72.16 72.25 73.71 72.23 72.36 72.05 72.11 72.68 73.11 72.69 72.56 73.68 72.61 72.64 72.62 71.98 72.56 72.80 72.78 72.75 72.05 71.59 73.37 73.14 73.22 73.18 72.94 73.07 72.50 72.33 72.39 72.21 72.73 72.95 73.08 73.17 72.91 72.51 72.46 73.28 73.77 73.81 73.88 73.71 73.68 73.43 72.82 72.62 72.63 72.41 72.28 72.91 74.35 73.31 72.72 74.12 74.51 74.30 73.37 75.30 71.39 74.71 73.36 72.73 73.38 72.96 73.89 74.16 73.83 73.47 74.26 74.29 73.31 72.60 72.67 72.90 72.63 72.68 72.43 72.38 72.69 72.77 72.86 72.58 72.30 72.31 72.26 72.27 72.36 72.75 72.36 72.13 72.27 72.26 72.33 72.32 72.90 72.95 73.14 73.32 73.47 73.61 73.75 73.91 74.00 73.87 73.59 73.71 73.73 73.89 73.63 73.54 73.73 74.16 74.48 74.70 74.68 74.71 74.69 74.69 74.89 74.39 74.25 74.02 74.22 74.11 74.02 73.94 73.46 71.87 72.78 73.62 73.95 72.02 72.17 72.63 72.45 72.13 71.95 71.92 72.24 72.64 72.80 72.93 72.71 73.16 72.93 73.41 72.90 72.19 72.41 73.48 73.57 73.49 73.20 72.80 72.53 72.32 72.31 72.41 72.33 72.06 71.95 72.36 72.44 73.29 72.42 72.44 72.55 72.82 73.29
55°S ||     73.38 73.41 73.52 73.59 73.03 72.97 72.89 72.53 72.38 72.80 72.75 72.65 72.53 72.64 72.36 72.55 73.02 72.92 72.90 72.83 72.37 71.80 71.79 73.51 71.77 72.51 72.81 72.82 72.82 72.58 72.39 73.16 73.13 73.01 73.18 72.82 72.58 72.35 72.00 71.89 71.98 71.89 71.86 72.04 72.71 72.45 72.32 72.66 73.19 73.45 73.71 73.74 73.74 73.25 72.93 72.04 72.35 71.95 72.26 73.89 72.80 74.46 74.67 74.14 72.99 75.46 75.43 75.52 75.39 75.39 75.38 74.79 72.70 73.06 74.14 73.46 73.15 73.89 73.70 73.59 73.08 72.78 72.90 72.87 72.78 72.63 72.64 72.40 72.50 72.24 72.47 72.65 72.87 72.57 72.66 73.09 73.77 72.67 72.63 72.72 72.69 72.62 72.11 72.27 72.13 72.38 73.05 73.17 73.41 73.63 73.81 73.95 74.17 74.35 74.35 74.51 74.62 74.74 74.79 75.01 75.20 75.30 75.35 75.41 75.49 75.34 75.21 75.20 75.47 74.97 74.72 74.60 74.44 74.17 74.34 74.25 72.92 73.58 73.43 73.10 72.92 72.75 72.82 72.84 71.90 72.23 72.34 72.35 72.65 72.94 73.27 73.28 73.98 73.57 72.90 73.06 73.26 72.15 72.32 73.54 73.27 73.07 72.89 72.91 72.56 72.43 72.58 72.75 72.98 72.77 72.74 72.21 72.87 72.53 72.35 72.45 72.68 73.06 73.08 73.32
53°S ||     73.44 73.07 73.14 73.72 73.90 72.45 73.12 73.23 73.22 73.03 73.16 72.68 72.51 72.84 72.84 72.83 72.57 72.92 72.81 72.89 72.76 72.16 71.87 72.85 72.46 72.71 73.72 72.70 72.88 72.71 73.03 72.91 72.91 73.19 72.97 72.95 72.91 72.16 71.88 71.84 71.73 71.86 72.30 72.50 72.70 72.85 73.01 72.98 73.81 74.43 72.69 72.76 73.04 72.80 72.92 73.41 73.22 72.53 72.44 73.30 72.87 74.56 74.67 74.81 75.76 75.60 75.45 75.44 75.46 75.46 75.44 75.33 74.99 74.61 73.72 73.53 73.78 74.08 73.31 73.52 73.70 73.52 73.37 73.18 72.95 73.81 73.14 72.71 72.83 72.87 72.59 72.53 72.41 72.84 72.34 72.19 72.49 72.57 72.66 72.54 72.69 72.78 72.38 71.74 72.87 72.67 72.85 73.18 73.33 73.44 73.92 74.12 74.42 74.65 74.76 74.96 75.24 75.37 75.69 76.21 76.68 77.08 77.26 77.33 77.37 76.93 76.78 76.84 76.85 76.73 75.95 75.02 75.03 75.19 74.33 74.52 74.55 74.24 73.19 73.18 73.31 72.85 72.92 72.58 72.73 73.36 72.62 72.61 72.69 72.49 72.74 73.10 73.44 73.62 74.18 73.32 73.20 71.95 73.58 73.24 73.37 73.40 73.39 73.06 72.82 72.76 72.48 72.79 72.26 72.77 72.96 72.38 71.90 71.91 72.42 72.97 73.04 73.15 73.37 73.43
51°S ||     73.34 73.18 72.87 72.94 73.48 73.33 73.24 72.51 73.42 72.95 72.62 72.87 72.73 72.96 72.81 72.72 72.81 72.20 72.67 72.74 72.54 72.21 71.80 71.65 71.38 72.47 72.18 72.54 72.83 72.84 72.74 72.91 72.64 72.57 72.73 72.48 72.49 72.37 72.10 71.42 71.39 71.25 71.58 72.51 72.70 72.90 73.00 72.67 73.89 74.27 72.60 72.57 72.14 71.89 72.85 73.78 73.97 73.94 73.02 72.44 72.46 72.68 74.71 75.34 75.57 75.40 75.53 75.46 75.45 75.44 75.44 75.48 75.01 75.05 75.19 75.43 73.81 73.86 73.48 73.50 73.65 73.54 73.13 72.94 72.72 73.29 72.55 72.64 72.86 72.83 72.79 72.84 72.95 73.03 72.75 72.39 72.50 72.57 72.64 72.29 72.84 72.55 72.28 72.68 72.56 72.74 73.06 73.35 73.60 73.66 74.24 74.42 74.51 74.86 75.09 75.38 75.70 76.27 76.89 77.65 77.92 78.32 78.48 78.70 78.67 78.68 78.49 78.49 78.36 78.15 78.48 77.90 75.75 75.66 75.13 74.72 74.04 72.82 72.15 73.63 73.30 72.70 73.63 72.66 72.13 72.35 72.67 73.20 72.96 73.05 73.40 73.43 73.30 73.19 72.62 73.20 73.25 73.40 73.31 73.33 73.27 72.84 72.96 73.32 73.27 73.06 72.58 73.25 72.87 73.19 72.84 72.47 72.88 72.33 72.44 72.72 72.86 73.09 73.17 73.32
49°S ||     72.52 72.74 72.61 72.98 73.72 73.93 74.06 73.24 73.24 72.34 72.75 72.33 72.32 72.18 72.45 72.28 72.22 72.26 71.62 71.84 72.13 72.37 71.69 71.57 72.14 71.95 72.28 72.80 72.78 72.78 72.61 72.83 72.50 71.43 71.41 71.56 71.83 71.82 71.86 71.40 71.25 71.32 71.46 72.23 72.56 72.75 72.79 72.79 72.73 72.63 72.45 72.15 71.73 71.55 71.79 72.20 73.21 73.28 72.64 72.46 74.20 74.48 74.65 74.91 75.41 75.71 75.51 75.52 75.48 75.58 75.59 75.39 75.18 74.13 74.54 73.61 73.60 73.91 73.45 73.58 73.58 73.49 73.22 72.87 72.91 72.48 72.61 73.97 73.30 72.88 72.69 72.82 73.38 73.40 72.85 72.63 72.05 73.02 72.36 72.35 72.31 72.32 72.59 72.93 73.02 72.68 72.64 73.39 73.60 73.95 73.62 74.24 74.79 75.17 75.68 76.27 76.91 77.34 77.97 78.38 79.02 79.42 79.02 78.98 78.06 78.59 78.68 78.80 78.66 78.62 78.65 78.67 78.41 77.88 76.50 75.62 74.65 73.96 74.28 73.80 74.04 73.38 72.42 72.93 73.08 72.22 72.84 72.62 73.09 73.23 72.60 73.05 73.03 72.99 72.86 73.27 73.06 72.87 72.57 72.60 71.53 72.24 72.93 72.82 72.52 73.03 73.39 73.69 73.08 73.66 73.55 73.26 73.21 72.75 72.36 72.00 72.18 72.39 72.72 72.88
47°S ||     72.33 72.78 72.55 72.50 73.15 73.70 73.04 72.55 73.03 72.63 72.34 72.45 71.56 72.77 71.73 71.94 71.22 71.43 72.11 71.92 72.35 71.80 72.11 72.40 72.36 72.79 72.20 72.53 72.71 72.68 72.69 72.69 72.75 71.99 71.82 71.94 72.20 72.25 72.23 71.95 71.58 71.47 71.79 71.89 71.77 72.35 72.37 72.46 72.26 72.30 71.99 71.84 71.52 71.52 71.46 71.77 72.07 72.05 72.55 73.01 72.11 73.87 73.49 74.59 74.58 75.54 75.70 75.67 75.62 75.68 75.64 75.48 75.31 74.27 74.54 74.48 73.61 73.53 73.31 72.78 73.43 73.18 73.08 73.02 72.70 72.74 72.51 72.74 73.05 72.93 73.03 73.04 73.56 72.98 72.75 72.09 72.38 72.25 72.56 73.09 72.38 72.04 72.26 72.57 73.43 73.46 73.03 73.36 73.81 73.75 73.60 73.98 74.63 74.88 76.86 78.07 78.51 79.27 79.71 78.97 78.53 78.80 79.16 79.05 78.64 78.34 78.12 78.51 78.69 78.58 78.60 78.41 78.43 78.34 77.79 76.77 75.82 74.99 74.52 74.30 74.17 74.03 73.45 72.98 73.55 73.52 72.96 73.32 73.25 73.24 73.25 72.67 72.52 72.87 72.48 72.75 72.81 72.26 71.94 72.57 73.30 73.42 72.52 72.45 72.93 73.46 73.31 73.50 73.69 73.58 73.52 73.45 72.63 72.65 72.36 72.88 72.56 72.43 72.78 72.66
45°S ||     72.81 72.88 72.74 72.78 73.04 72.99 73.11 73.13 73.24 72.45 72.22 72.72 72.23 72.05 72.13 72.13 73.05 72.06 72.42 72.53 72.32 72.59 73.20 72.22 72.57 72.81 72.63 72.51 72.52 72.48 72.35 72.44 72.37 72.17 72.18 72.14 72.17 72.19 72.29 72.29 71.98 71.89 72.05 71.97 71.95 72.13 72.13 71.94 71.78 71.60 71.53 71.52 71.48 71.07 70.91 71.90 72.30 72.44 72.83 73.11 73.47 73.44 73.89 74.06 74.09 75.11 75.39 76.46 76.30 75.88 75.74 75.58 74.98 74.72 74.44 74.62 73.43 73.36 73.32 74.23 72.94 73.15 72.86 72.80 72.73 72.63 72.62 73.11 73.09 72.99 72.86 72.94 73.17 72.91 72.70 72.80 72.43 72.45 72.40 73.11 71.64 72.25 72.44 72.51 73.12 72.50 73.10 73.35 73.60 73.65 73.78 73.71 74.64 75.65 78.12 78.61 79.59 79.71 79.07 79.46 79.25 79.50 79.32 79.30 79.07 79.44 79.57 78.63 78.48 78.97 78.59 78.49 78.49 78.36 77.77 77.44 76.28 75.27 74.72 74.47 74.18 74.32 72.38 73.57 73.59 73.30 73.42 73.11 72.95 73.30 72.96 72.76 73.03 72.72 72.80 72.46 72.24 72.32 71.85 71.19 72.32 72.12 72.63 73.48 73.60 73.49 72.97 73.64 73.10 73.17 73.46 73.35 72.62 72.66 72.77 71.93 71.98 72.53 72.72 72.63
43°S ||     73.35 72.57 73.47 73.07 73.33 72.97 73.08 73.04 72.81 72.57 72.20 72.28 72.08 71.90 72.21 72.24 72.60 72.68 72.54 72.51 72.04 72.26 72.45 72.46 72.18 72.52 72.62 72.62 71.98 72.27 72.13 72.38 72.42 72.00 72.07 72.06 72.09 72.19 72.36 72.45 71.89 71.66 70.75 70.81 71.55 71.91 71.77 71.55 71.58 71.34 71.24 71.25 71.17 71.26 71.31 71.99 72.09 72.27 72.37 72.75 72.75 72.87 73.36 72.87 74.38 74.27 74.87 75.00 75.13 75.23 75.09 75.07 74.45 74.73 74.55 73.58 73.45 73.63 73.48 73.59 73.32 74.62 72.85 73.05 72.88 72.87 72.72 73.16 73.12 72.85 72.76 72.93 72.98 72.88 72.84 72.59 72.83 72.56 72.90 72.40 72.33 72.44 72.29 71.91 71.97 72.32 73.00 73.79 73.24 73.51 73.63 73.78 74.84 76.61 78.44 79.33 79.30 79.02 79.26 79.64 79.40 79.38 79.10 79.44 79.36 78.68 78.84 78.76 79.03 78.75 78.57 78.53 78.33 78.00 77.01 76.89 76.32 75.47 74.71 74.70 74.48 74.53 74.18 74.10 73.84 73.65 73.40 73.20 73.21 73.86 73.46 73.30 73.22 72.83 72.78 72.48 72.20 72.18 72.25 72.28 72.07 72.18 72.85 73.65 73.83 73.80 73.59 73.47 73.09 73.30 73.27 73.41 72.09 72.84 72.88 73.60 72.56 72.80 73.10 73.04
41°S ||     73.53 73.43 73.45 73.83 73.61 72.88 72.98 72.88 73.48 73.88 74.53 74.34 73.09 72.29 72.54 72.43 71.99 72.25 71.96 72.30 71.96 72.49 72.44 72.44 72.25 71.45 71.95 72.13 72.35 71.91 71.79 72.04 71.87 71.88 71.66 71.94 72.01 72.17 72.20 70.29 70.01 69.86 68.30 68.08 68.15 70.15 70.15 70.16 70.84 71.16 70.91 71.26 71.03 71.20 71.18 71.24 71.34 71.82 72.67 72.51 72.18 71.68 73.00 73.67 73.63 74.25 74.23 74.54 74.90 74.96 74.89 74.48 74.73 74.05 74.10 74.08 73.85 74.77 73.75 73.29 73.49 73.36 73.00 73.00 72.81 72.82 72.97 73.24 73.23 73.07 72.81 73.02 72.73 72.77 72.88 72.39 72.23 72.72 72.65 72.53 72.20 72.29 71.82 71.60 73.14 72.43 72.80 73.38 73.40 73.44 73.70 74.00 74.81 76.66 78.10 79.35 79.35 78.65 79.47 79.50 79.48 79.29 79.55 79.69 79.25 78.67 79.02 79.10 78.87 79.04 78.79 78.50 77.79 77.19 76.90 76.64 76.00 75.38 75.08 74.73 74.90 73.93 73.71 73.97 72.96 73.04 73.43 73.53 73.59 73.54 73.44 73.43 73.43 72.77 72.63 72.57 72.33 72.75 72.69 72.47 72.42 72.36 72.98 73.37 73.52 73.40 73.50 73.41 72.66 73.10 73.10 72.37 72.28 72.98 72.90 73.01 73.04 73.26 73.46 73.11
39°S ||     73.37 73.50 73.20 72.81 73.68 72.80 73.23 73.09 72.37 72.80 74.07 74.07 72.62 72.30 72.88 72.59 72.84 72.38 72.62 72.68 72.84 72.12 72.87 72.86 72.58 72.58 72.37 72.10 72.23 72.12 72.00 70.29 71.27 71.65 71.66 71.82 71.95 71.92 71.25 71.10 70.57 69.44 69.15 69.23 69.55 69.67 69.58 69.81 69.30 70.26 70.90 70.93 70.97 71.08 71.23 71.27 71.49 71.80 71.89 72.37 72.39 72.56 72.14 72.37 73.15 72.63 73.76 74.76 74.65 74.61 74.64 74.62 74.22 74.02 74.16 74.03 73.93 73.70 73.53 73.54 73.46 73.48 73.32 73.09 73.05 72.80 73.16 73.45 73.09 73.03 73.26 73.30 73.21 72.76 72.98 72.59 72.59 72.55 72.51 72.94 72.26 72.45 72.08 72.19 72.10 72.06 72.78 73.21 73.47 73.52 73.54 74.21 74.87 75.79 77.88 79.46 79.73 79.59 79.10 79.40 79.71 79.55 79.66 79.70 79.37 79.01 79.39 79.11 79.24 78.85 78.58 78.03 77.34 76.98 76.47 76.16 75.93 75.68 75.04 74.41 74.26 73.68 73.59 73.50 73.47 73.68 73.85 73.63 72.87 73.48 73.53 73.63 73.36 73.17 72.80 73.06 72.80 72.51 73.09 72.92 72.63 72.50 72.53 72.76 73.10 73.23 73.67 73.48 73.18 73.14 73.25 73.05 73.40 73.30 73.32 73.03 73.17 73.41 73.57 73.70
37°S ||     73.71 73.51 73.50 73.10 74.19 73.88 73.43 72.60 72.10 71.51 71.24 72.13 72.01 72.85 73.26 73.22 73.22 73.22 73.05 72.94 72.93 72.90 72.57 72.77 72.44 72.09 72.17 71.73 71.62 72.12 72.00 71.16 71.30 70.75 71.39 70.58 71.10 69.41 69.52 71.05 69.37 68.70 69.83 69.86 69.78 69.74 69.92 70.55 70.01 69.99 69.81 70.35 70.90 71.35 71.38 71.49 71.41 71.94 72.07 71.92 71.91 72.65 72.64 73.01 73.50 73.51 73.94 74.12 72.68 74.36 73.99 74.08 74.13 74.24 74.09 73.91 73.78 73.75 73.75 73.51 73.25 73.09 72.79 74.16 73.12 72.90 72.91 72.80 73.36 73.03 73.17 73.32 73.27 73.04 72.59 72.87 72.51 72.43 72.85 72.80 72.20 72.17 72.03 72.20 72.38 72.36 73.82 72.86 73.38 73.63 73.71 73.83 74.33 75.55 76.68 79.01 79.77 80.09 80.41 79.45 79.52 79.54 79.06 79.66 79.14 79.23 79.03 79.13 79.07 78.95 78.76 77.72 76.86 76.52 76.06 75.80 75.44 75.07 74.76 74.46 73.79 73.85 73.32 73.34 73.18 73.32 73.62 73.65 73.61 73.47 73.65 73.49 73.39 73.33 73.16 73.19 73.42 73.20 73.10 72.42 72.74 72.71 72.28 72.25 72.93 73.13 73.65 73.21 73.24 73.38 73.54 73.51 73.48 73.45 73.25 73.08 73.74 73.88 73.74 74.12
35°S ||     73.69 74.20 73.51 72.79 73.38 72.73 72.65 72.81 72.20 71.50 71.38 72.15 72.83 73.00 73.17 73.09 73.22 71.84 72.97 72.90 72.83 72.63 72.62 72.43 71.95 72.18 72.00 71.87 71.38 71.51 71.22 71.09 71.18 70.92 71.04 71.19 70.56 69.31 69.40 69.36 68.89 69.80 70.42 70.33 70.06 70.29 70.13 70.21 70.45 70.50 70.34 69.60 70.29 71.23 71.55 71.75 71.76 71.79 71.82 71.92 72.11 72.29 72.28 73.33 73.29 72.71 72.96 73.37 73.29 74.07 73.98 74.15 73.86 73.54 73.67 73.82 73.82 73.79 73.99 73.66 73.29 72.97 73.16 72.98 73.08 72.74 72.65 72.78 72.92 73.00 73.03 73.23 73.14 72.71 72.73 72.70 72.94 73.21 72.51 72.37 72.41 71.85 71.98 72.35 72.52 72.47 72.55 72.93 73.53 73.38 73.36 73.58 73.95 74.22 75.37 76.68 79.40 79.81 80.20 80.28 79.49 79.45 80.13 80.09 79.08 79.19 79.12 78.98 79.06 78.87 78.05 76.39 75.84 75.78 75.58 75.36 75.44 75.05 75.00 74.94 74.04 73.65 72.83 73.29 73.05 73.20 73.35 73.44 73.58 73.67 73.51 73.30 72.67 72.69 72.76 73.06 72.77 72.57 72.90 73.12 72.88 72.58 73.01 73.22 73.03 73.04 72.88 73.12 73.09 72.64 73.60 73.66 73.35 73.29 73.46 73.55 74.08 73.91 73.54 72.93
33°S ||     73.76 73.85 72.78 72.61 72.79 71.97 72.35 71.52 71.54 72.07 72.02 72.27 72.90 73.05 73.38 72.98 73.23 73.27 72.91 72.90 72.20 72.63 72.56 72.53 72.23 71.98 71.99 71.80 71.59 71.33 71.18 70.45 70.79 70.59 70.29 70.45 69.86 69.02 68.88 68.30 68.52 69.82 70.59 70.25 70.89 70.34 71.13 71.20 70.98 71.02 70.48 69.67 68.98 70.42 71.22 71.74 71.72 71.81 71.86 71.86 72.23 72.64 72.55 73.29 73.38 73.45 73.42 73.41 73.33 73.17 73.38 73.91 73.85 73.53 73.93 73.53 73.97 73.71 73.65 73.75 73.51 73.29 73.51 73.15 73.08 72.95 72.89 72.77 72.78 72.87 72.92 72.61 72.82 73.00 72.77 72.89 72.67 72.91 72.62 72.12 72.27 72.10 71.87 72.08 72.32 72.43 72.45 72.38 73.03 73.34 73.20 73.15 72.95 73.33 73.97 75.17 77.46 78.86 79.53 79.98 79.95 80.30 79.25 79.03 79.25 79.24 78.95 78.91 78.01 77.05 76.55 75.64 75.20 75.14 75.11 75.09 75.26 75.14 74.84 74.76 74.37 73.66 73.29 73.17 73.01 72.95 73.13 73.10 73.22 73.36 73.33 73.07 72.92 72.72 72.22 72.12 72.23 72.18 72.83 72.43 72.77 73.05 72.60 72.88 72.75 72.69 73.06 73.20 73.42 73.00 73.20 73.66 72.91 73.40 73.41 73.58 73.73 73.52 73.21 73.20
31°S ||     73.68 72.98 72.84 72.75 72.14 72.21 71.72 72.12 72.25 72.11 72.28 72.32 72.70 72.98 73.25 73.24 73.24 72.79 72.63 72.91 72.51 72.56 72.48 72.41 72.22 72.16 71.95 71.76 71.47 71.18 70.91 70.76 70.70 70.18 70.03 70.51 69.77 68.83 68.96 68.27 69.13 69.85 70.20 70.72 70.94 71.15 71.17 71.37 71.37 71.48 70.66 69.67 70.02 70.13 70.27 70.24 71.44 71.98 71.97 72.28 72.67 73.03 73.27 73.33 73.49 73.44 73.51 73.64 73.56 73.50 73.60 74.36 73.53 73.29 73.48 73.45 73.53 73.63 73.80 73.77 73.84 73.74 73.49 73.48 73.34 72.97 72.70 72.56 72.75 72.80 72.80 72.88 72.62 72.83 72.90 72.80 72.86 72.75 72.70 72.30 72.27 72.72 72.41 72.23 72.49 72.66 72.75 72.47 73.07 73.31 73.54 73.15 73.53 73.45 74.22 74.23 75.13 75.55 75.95 78.40 79.16 79.72 78.83 79.11 78.92 79.03 78.62 78.06 75.95 75.21 75.65 75.44 75.01 74.99 74.93 74.64 74.60 74.83 74.78 74.51 74.41 73.31 73.35 73.06 73.20 72.77 72.91 72.89 72.91 73.00 73.12 72.92 72.72 72.72 72.38 72.31 72.92 72.12 71.96 71.80 72.86 73.19 73.58 72.99 73.17 73.34 73.47 73.37 73.40 73.27 73.12 73.37 73.03 73.30 73.29 73.12 73.29 73.44 73.41 73.35
29°S ||     73.67 72.96 71.71 72.74 72.12 71.97 72.47 72.07 72.36 72.19 72.19 72.41 72.94 73.14 73.24 73.19 73.15 72.14 72.99 72.95 72.76 72.49 72.47 72.35 72.27 72.11 71.95 71.66 71.36 71.09 70.85 70.54 70.36 70.31 70.27 69.58 69.61 69.20 68.01 67.24 69.03 69.98 70.36 70.65 70.96 71.23 71.40 71.52 71.62 71.63 71.59 71.47 70.85 70.87 70.79 70.16 70.44 70.89 71.93 72.23 72.73 73.34 73.46 73.42 73.80 73.47 73.32 73.43 73.65 73.62 73.77 74.05 73.76 73.39 73.62 73.89 73.66 73.63 73.97 73.90 73.84 73.85 73.61 73.72 73.13 73.10 72.96 72.73 72.61 72.79 72.88 72.89 73.01 72.94 72.90 72.81 72.84 72.40 72.74 72.39 72.86 72.91 72.62 72.63 72.87 72.98 73.06 72.97 72.43 73.23 72.96 73.49 73.65 73.76 73.12 73.41 74.53 74.42 75.00 75.00 75.49 75.49 76.35 77.88 76.91 77.11 76.00 76.38 75.19 74.89 74.66 74.39 74.69 74.82 74.67 74.34 74.48 74.45 74.38 73.87 73.81 73.49 73.22 73.08 73.04 72.89 72.87 72.94 72.94 72.99 73.03 72.82 72.80 72.37 72.59 72.18 71.73 71.97 72.70 71.73 72.66 73.09 73.27 72.80 73.31 72.53 73.26 73.44 73.20 73.07 73.25 73.12 72.91 73.03 73.12 73.30 73.13 73.28 73.41 73.58
27°S ||     73.32 72.91 72.87 72.82 72.23 72.11 72.66 71.83 72.24 72.57 72.47 72.86 72.79 72.94 73.26 73.03 73.26 72.46 72.97 72.42 72.44 72.46 72.34 72.32 72.13 72.01 71.87 71.74 71.31 71.02 70.70 70.40 70.05 70.05 69.90 70.05 70.22 69.01 68.78 67.43 69.25 70.01 70.35 70.72 71.04 71.31 71.51 71.65 71.74 71.89 71.88 71.95 71.73 71.18 71.18 71.29 71.56 71.55 71.48 71.49 71.30 72.77 73.50 73.53 73.49 73.51 73.61 73.80 73.57 73.47 73.50 74.10 74.19 74.39 73.93 73.57 73.86 73.87 74.08 74.06 74.04 74.02 73.90 73.64 73.51 73.26 73.31 73.33 72.94 72.82 72.78 72.97 72.98 72.59 72.73 72.86 72.87 72.60 72.59 72.58 72.85 73.08 72.56 72.86 73.04 72.91 73.22 72.59 72.20 72.47 73.10 73.13 73.42 73.24 73.19 73.29 73.31 74.45 74.39 74.59 74.73 74.72 74.96 75.03 75.08 75.27 75.55 75.26 75.19 74.83 74.41 74.62 74.66 74.50 74.09 74.28 72.32 74.35 74.32 72.80 73.31 72.97 72.89 72.88 72.91 72.92 72.93 72.95 72.86 72.83 72.80 72.57 72.12 72.01 71.89 72.16 72.74 71.82 71.90 72.52 72.19 72.64 73.11 73.09 73.51 72.67 73.32 73.10 73.29 73.44 73.35 73.18 72.77 72.56 72.60 72.98 72.98 73.05 73.41 73.47
25°S ||     73.45 72.74 73.09 72.81 72.75 72.69 72.84 73.18 72.64 72.97 72.79 73.38 73.37 73.27 73.38 73.16 73.21 72.79 72.44 72.87 72.53 72.36 72.31 72.18 72.05 71.85 71.71 71.55 71.19 70.77 70.45 70.18 69.94 69.78 69.71 69.12 69.47 69.79 68.77 69.07 69.46 69.95 70.41 70.74 70.95 71.20 71.37 71.60 71.75 71.77 71.95 72.00 71.74 71.40 70.61 71.26 71.56 71.72 71.74 71.61 70.97 72.13 73.26 73.32 73.45 73.46 73.46 72.94 73.17 73.31 73.37 73.41 73.93 74.56 74.73 74.03 74.17 74.26 74.46 74.17 74.18 74.08 74.37 73.96 74.19 73.53 73.61 73.62 73.57 72.92 73.25 73.11 73.36 72.51 72.92 72.88 72.88 72.45 72.13 72.81 72.84 72.71 72.79 72.84 72.69 72.32 72.77 72.12 71.92 72.27 72.57 72.68 73.05 72.90 73.44 73.92 73.55 74.14 74.37 74.53 74.67 74.55 74.46 74.92 74.62 75.11 74.96 74.46 74.33 74.14 74.31 74.03 74.00 74.24 74.01 73.25 73.14 73.46 72.59 73.02 72.88 72.68 72.53 72.59 72.68 72.76 73.08 72.82 72.77 72.65 72.60 72.41 72.06 71.69 71.83 72.09 72.47 72.04 71.56 71.97 71.88 72.28 72.70 73.11 72.77 72.81 73.25 72.80 73.11 73.30 73.26 72.86 72.55 73.14 73.16 72.97 73.09 73.48 73.73 73.39
23°S ||     73.42 73.37 72.85 72.86 72.77 72.89 73.10 73.27 73.42 73.49 73.47 73.43 73.63 73.70 73.40 73.55 72.23 72.55 72.95 72.55 72.53 72.27 72.26 72.15 71.97 71.70 71.49 71.17 70.82 70.47 70.16 69.81 69.62 69.52 69.56 69.50 68.79 69.12 68.71 68.95 69.41 69.92 70.25 70.50 70.74 70.95 71.19 71.41 71.66 71.80 72.08 72.05 72.05 71.73 71.05 71.22 71.52 71.55 71.52 71.21 70.61 72.31 73.10 73.17 72.89 73.08 73.33 72.98 73.33 73.30 73.12 73.58 73.73 74.28 74.45 74.60 74.11 74.26 74.14 74.32 74.32 74.23 74.25 74.51 74.12 73.77 73.88 73.98 73.83 72.74 73.35 73.13 73.40 73.45 73.44 72.96 72.86 73.95 72.83 72.39 72.55 72.35 72.14 72.00 72.27 72.68 71.96 71.91 71.63 72.20 72.45 72.90 72.79 72.46 72.43 72.70 73.27 73.52 73.80 74.00 74.42 74.18 74.43 74.63 74.64 74.91 74.58 74.16 74.13 73.97 73.60 73.66 73.83 73.93 73.11 72.58 71.97 72.15 72.52 72.81 72.59 72.41 72.11 72.26 72.57 72.67 72.76 72.85 72.60 72.55 72.48 72.42 72.60 72.46 72.53 72.02 72.48 72.05 71.70 72.01 71.66 72.44 72.66 72.91 72.92 73.09 73.00 73.16 73.07 73.64 73.09 73.97 73.07 73.14 73.21 73.14 72.97 73.59 73.92 73.39
21°S ||     73.17 73.27 72.87 72.87 72.84 72.85 73.19 73.86 73.58 73.47 73.34 73.38 73.49 73.32 73.44 73.54 73.15 72.78 72.81 72.59 72.41 72.22 72.16 72.01 71.83 71.62 71.25 70.82 70.35 69.97 69.68 69.37 69.18 69.15 69.27 68.85 69.00 68.39 68.53 68.98 69.32 69.70 69.95 70.20 70.47 70.68 70.98 71.19 71.43 71.64 71.78 71.97 72.01 71.66 71.22 71.49 71.14 71.41 71.14 70.83 70.91 71.23 72.97 72.95 73.04 72.90 73.24 73.36 73.31 73.34 73.48 73.46 73.68 73.95 74.48 74.74 74.44 74.30 74.44 74.49 74.40 74.35 74.30 74.49 74.38 74.51 74.01 74.03 73.82 73.43 73.27 73.42 73.57 73.63 73.21 73.06 72.89 72.55 72.50 72.66 72.76 72.85 71.92 72.26 72.51 72.41 72.62 71.72 71.64 72.06 72.51 72.14 72.61 72.60 72.68 72.94 73.08 73.51 73.57 74.00 74.16 74.31 73.96 74.48 74.20 74.10 74.14 73.17 73.59 73.60 73.46 73.29 73.73 73.13 72.71 72.47 71.43 71.55 72.33 72.21 72.41 72.40 72.07 71.78 72.59 72.72 72.74 72.79 72.80 72.57 72.33 72.09 71.84 72.12 72.82 72.12 72.29 72.23 71.78 72.43 72.31 72.49 72.37 72.37 72.94 73.08 73.31 73.11 72.85 73.60 73.74 73.42 73.47 73.73 73.63 73.12 72.77 73.27 73.28 73.04
19°S ||     72.45 72.74 72.75 72.57 72.94 73.20 73.55 74.23 74.19 73.82 73.68 73.40 73.50 73.48 73.66 73.45 73.23 73.10 72.64 72.58 72.40 72.17 72.02 71.76 71.60 71.35 71.00 70.38 69.63 69.23 68.98 68.85 68.73 68.83 69.02 67.69 68.73 68.30 68.43 68.69 68.86 69.20 69.47 69.73 70.06 70.38 70.70 70.95 71.25 71.45 71.58 71.69 71.83 71.78 71.40 71.03 71.02 71.01 71.13 71.04 70.72 71.97 72.74 72.69 72.88 73.05 73.40 73.44 73.50 73.30 73.45 73.65 73.93 74.34 74.89 74.91 74.85 74.35 74.52 74.55 74.73 74.49 74.40 74.37 74.59 74.63 74.23 73.94 73.96 74.02 73.81 73.63 73.68 73.56 73.15 73.26 72.88 72.77 73.00 72.30 72.66 72.74 72.10 72.45 72.04 72.36 71.72 71.54 72.02 72.05 71.87 72.23 72.22 72.41 72.54 72.73 72.76 72.71 72.77 73.70 73.90 73.91 74.01 74.00 73.79 73.78 73.34 73.34 73.43 73.31 73.25 72.76 72.58 72.85 72.54 72.24 71.81 71.67 72.06 72.26 72.53 72.56 72.77 72.77 72.64 72.69 72.72 72.75 72.63 72.53 72.74 72.24 71.88 71.97 72.36 72.49 72.38 72.57 72.09 72.48 72.59 72.41 72.30 72.23 72.76 72.78 72.67 72.61 73.26 73.67 73.94 74.08 74.16 74.37 74.06 74.10 73.94 73.66 73.73 72.52
17°S ||     72.51 72.49 72.63 72.97 73.00 73.25 73.93 74.10 74.08 73.98 73.82 73.54 73.61 72.99 73.58 73.99 73.31 73.29 72.91 72.53 72.37 72.16 71.79 71.51 71.31 71.03 70.59 69.63 68.82 68.33 68.25 68.31 68.47 68.60 68.33 67.79 68.13 68.31 68.20 68.11 68.22 68.59 68.95 69.22 69.67 70.04 70.38 70.64 70.95 71.22 71.34 71.54 71.56 71.64 71.32 70.98 70.53 70.55 71.04 70.93 70.72 72.09 72.70 72.17 72.58 74.73 75.45 74.62 73.40 73.56 73.14 73.59 73.88 74.20 74.90 74.86 74.90 74.35 74.60 74.42 74.60 74.53 74.55 74.54 74.57 74.52 74.35 74.34 74.26 74.05 73.67 73.72 73.72 73.57 73.34 73.33 72.94 72.99 72.65 73.27 72.78 72.52 72.13 72.12 72.10 72.03 72.14 71.67 72.14 72.12 72.27 72.10 71.92 71.91 72.21 72.27 72.45 73.04 73.12 72.67 73.17 73.06 73.27 73.29 73.21 73.63 73.53 73.52 73.41 73.27 72.73 72.82 71.82 72.15 72.27 72.11 71.59 71.60 72.10 72.34 72.62 72.66 72.79 72.89 72.71 72.67 72.65 72.60 72.56 72.33 72.47 72.37 72.05 72.16 72.04 72.12 72.35 72.57 72.37 72.88 72.58 72.54 72.33 72.16 73.08 72.21 72.51 72.76 73.30 73.91 74.07 74.26 74.26 74.42 74.54 74.19 74.21 73.94 74.18 73.52
15°S ||     73.79 72.52 73.38 73.12 73.45 73.65 74.47 74.37 73.93 74.00 73.99 73.58 73.38 73.44 73.61 73.95 72.55 73.36 73.60 72.64 72.43 72.12 71.83 71.53 71.15 70.69 69.93 68.69 67.44 67.05 67.44 67.93 68.08 68.31 68.44 68.38 68.55 68.58 67.99 67.71 67.69 68.21 68.53 68.83 69.29 69.80 70.16 70.44 70.63 70.78 70.80 71.18 71.37 71.38 71.09 70.99 70.64 71.54 70.89 71.70 72.09 74.46 75.12 75.38 75.69 75.53 75.28 75.64 75.62 73.70 73.58 74.10 74.02 74.14 74.70 74.69 74.82 74.68 74.56 74.51 74.55 74.56 74.52 74.65 74.51 74.46 74.46 74.32 74.22 74.14 74.19 73.99 73.85 73.52 73.36 73.37 73.25 73.04 72.54 73.01 72.38 72.48 72.34 72.01 72.12 71.86 71.99 71.96 71.82 71.89 72.29 71.83 71.67 71.66 71.74 71.44 72.28 73.02 73.05 73.08 72.65 73.09 73.06 72.96 73.22 73.40 73.37 73.58 73.04 72.69 72.51 71.71 71.63 71.67 71.93 71.80 71.57 71.73 71.79 72.19 72.49 72.71 72.68 72.71 72.83 72.73 72.55 72.64 72.35 72.53 72.34 72.55 71.98 71.71 72.58 72.75 72.14 72.73 72.78 72.54 72.60 72.50 72.17 72.38 72.81 72.94 72.82 72.85 73.10 74.11 74.36 74.83 74.64 74.55 74.18 74.67 74.37 74.84 73.48 73.64
13°S ||     73.95 73.85 73.55 73.26 73.48 73.90 74.26 74.54 74.41 74.52 74.29 73.85 73.72 73.88 73.85 73.93 73.44 73.38 73.23 72.88 72.56 72.18 71.86 71.53 71.06 70.47 69.59 67.87 65.91 65.48 66.57 67.53 67.83 67.92 67.99 68.59 68.39 68.36 67.85 67.62 67.67 68.74 68.12 68.57 69.04 69.50 69.96 70.24 70.45 70.61 70.67 71.35 70.83 72.04 75.00 74.44 74.49 72.60 75.51 75.89 74.48 72.15 72.07 72.31 74.71 75.15 74.68 74.68 73.03 75.40 73.81 73.92 74.16 74.35 74.43 74.67 74.62 74.82 74.94 74.63 74.59 74.59 74.57 74.56 74.41 74.45 74.56 74.39 74.21 74.41 74.28 74.18 73.98 73.72 74.02 73.57 73.37 73.11 72.96 72.96 72.91 72.63 72.26 72.06 71.87 72.32 71.91 71.89 71.77 71.71 71.74 71.88 71.51 71.86 71.76 71.98 72.00 72.75 72.92 72.79 72.85 73.08 72.94 72.94 72.66 73.11 73.18 73.21 73.01 72.81 71.87 71.64 71.36 71.83 71.71 71.91 71.53 71.69 72.31 72.34 72.80 72.71 72.83 72.76 72.83 72.77 72.43 72.28 72.23 72.30 72.26 72.06 72.42 71.99 72.80 72.78 72.31 72.32 72.65 72.75 72.50 72.59 72.25 72.12 72.44 73.32 73.36 73.53 73.89 74.41 74.59 74.75 74.80 74.74 74.70 74.80 74.88 74.73 74.87 74.71
11°S ||     74.84 74.60 74.88 74.90 74.13 74.10 74.33 74.59 74.42 74.43 74.29 74.23 74.27 73.92 74.12 74.00 73.91 73.58 73.39 73.05 72.68 72.39 71.93 71.52 70.92 70.36 69.55 68.05 65.96 64.26 65.17 67.50 67.74 67.75 67.68 68.25 68.19 67.94 67.54 67.34 67.75 68.07 68.03 68.50 68.90 69.29 69.92 70.11 70.30 70.52 70.42 71.05 74.23 74.81 76.06 76.07 73.01 69.98 69.81 70.78 71.40 71.60 71.88 72.09 72.54 72.44 72.63 73.98 73.31 73.48 75.62 74.34 75.61 74.76 74.54 74.89 74.94 74.77 74.88 74.92 74.65 74.65 74.68 74.60 74.63 74.58 74.72 74.49 74.55 74.37 74.37 74.51 74.04 73.88 73.66 73.65 73.69 73.32 72.15 72.52 72.96 73.02 72.52 72.28 72.18 71.87 71.84 71.91 71.70 71.74 72.16 71.86 71.94 71.68 71.91 72.05 71.98 72.21 72.56 72.37 72.51 72.76 72.71 72.63 72.33 73.08 73.01 73.25 73.01 72.98 72.72 71.97 71.45 71.65 71.60 72.09 71.77 72.19 72.52 72.55 72.95 72.88 72.74 72.83 72.86 72.83 72.72 72.77 72.52 72.50 72.35 72.01 71.66 72.10 72.04 72.28 72.66 72.76 72.52 72.95 72.69 73.17 73.42 73.10 73.30 74.34 73.46 73.87 74.10 74.52 74.66 74.69 74.89 74.84 74.93 74.99 74.99 74.61 74.73 74.50
9°S ||     74.29 74.50 74.45 74.71 74.89 74.28 74.61 74.42 74.62 74.70 74.41 74.51 74.31 74.22 74.23 74.03 74.02 73.76 73.57 73.18 72.91 72.47 72.12 71.64 71.12 70.49 69.75 69.03 66.30 63.10 63.09 66.57 67.62 67.63 67.70 67.60 67.98 67.79 67.83 67.56 67.69 68.25 69.75 71.23 70.21 69.34 69.87 70.41 70.36 70.75 74.15 75.15 75.11 75.88 74.52 70.41 69.60 71.41 70.18 71.33 71.58 71.72 72.37 72.27 72.71 72.90 74.24 73.38 74.99 73.71 75.67 75.66 75.82 75.36 75.18 74.96 74.66 74.82 74.84 75.18 74.92 74.63 74.73 74.74 74.70 74.71 74.84 74.55 74.57 74.55 74.69 74.23 74.22 74.15 73.87 73.59 73.67 73.42 72.82 72.72 73.01 72.78 72.41 72.57 72.53 72.14 71.87 72.21 73.29 73.64 71.96 72.27 72.08 72.18 72.13 72.00 72.02 72.11 72.36 72.42 72.41 72.22 72.42 72.25 72.21 72.33 72.61 72.95 73.02 73.02 72.68 72.30 71.49 72.24 72.24 71.71 72.50 72.74 72.19 72.62 72.94 72.99 73.14 72.96 72.97 72.77 72.69 73.08 72.98 72.60 71.88 72.09 71.67 72.37 72.76 72.62 72.83 73.22 72.84 73.05 73.49 74.34 74.60 74.17 74.13 74.60 74.57 74.45 74.62 74.66 74.76 74.86 74.95 75.21 75.08 75.06 74.55 73.02 74.71 74.60
7°S ||     74.65 74.61 74.52 74.51 75.10 74.98 74.73 74.76 75.00 74.85 74.77 74.58 74.45 74.41 74.40 74.45 74.38 74.03 73.74 73.43 73.07 72.67 72.31 71.77 71.26 70.77 70.17 69.64 66.85 64.18 64.83 66.09 67.34 67.56 67.71 67.91 67.53 67.56 67.94 67.57 70.52 70.83 68.49 72.05 71.38 71.54 71.81 74.03 73.42 72.85 71.50 70.11 72.71 75.74 74.38 74.57 74.83 72.05 71.17 71.76 71.88 71.92 72.21 72.38 73.55 74.71 74.70 74.55 73.01 73.20 74.72 75.69 75.64 75.40 75.57 75.36 75.15 74.73 74.71 74.83 74.88 74.80 74.84 74.68 74.74 74.66 74.56 74.47 74.42 74.50 74.44 74.52 74.22 74.14 74.12 74.17 74.17 73.64 73.12 73.28 72.43 72.38 72.52 72.59 71.92 72.36 72.51 72.22 72.21 72.25 72.45 72.43 72.57 71.90 71.99 72.01 72.00 72.49 72.54 72.36 72.01 71.85 71.95 71.74 72.14 72.63 72.42 72.58 73.00 73.01 72.90 72.78 71.84 71.75 72.14 72.36 72.39 72.49 72.36 72.73 73.00 72.96 73.26 73.22 73.17 73.23 73.33 73.34 73.31 73.56 71.70 71.55 71.72 72.37 71.96 73.15 74.32 73.76 73.87 73.83 74.35 74.58 74.52 74.41 74.78 74.94 74.81 74.92 74.94 74.91 74.93 74.93 75.01 75.12 75.20 75.21 74.99 74.84 74.80 74.66
5°S ||     74.71 74.78 74.85 74.82 74.67 75.13 75.10 75.09 75.16 74.90 74.76 74.42 74.54 74.66 74.78 74.86 74.85 74.61 73.88 73.86 73.41 73.04 72.62 72.08 71.62 71.12 70.62 69.83 68.80 67.40 66.29 66.49 67.35 67.47 67.79 68.02 68.01 68.90 68.28 67.74 68.06 68.34 68.74 72.68 71.04 73.11 71.08 71.93 71.03 70.34 69.95 72.80 73.82 74.30 73.69 70.46 70.79 71.85 74.36 74.00 72.12 72.27 72.38 72.44 73.11 72.76 73.48 73.02 73.12 73.40 73.96 74.50 75.24 74.38 74.35 75.27 75.41 75.26 74.54 74.67 75.13 74.96 74.92 74.83 74.78 74.66 74.53 74.54 74.64 74.55 74.46 74.39 74.47 74.09 74.13 74.24 74.18 74.14 73.81 73.91 73.11 72.21 72.38 72.56 72.87 72.58 72.47 72.40 72.52 72.35 72.91 72.98 72.83 72.11 71.94 72.00 71.78 71.99 71.75 72.28 72.00 72.31 72.07 72.09 72.33 72.14 72.72 72.35 72.88 72.95 72.81 72.29 72.41 71.91 72.35 72.51 72.83 72.73 72.84 72.97 72.87 73.12 73.61 73.67 73.48 73.44 74.09 73.82 73.37 73.15 72.59 72.18 72.94 72.84 72.75 73.29 74.81 74.38 75.48 74.82 74.67 74.50 74.47 74.83 74.83 75.05 75.05 75.01 75.01 75.06 75.08 75.07 75.17 75.16 75.16 75.19 75.20 75.09 74.95 74.82
3°S ||     74.83 74.80 74.93 74.96 74.87 75.28 75.29 75.21 75.01 75.09 74.61 74.14 74.74 75.13 75.10 75.17 74.53 73.93 74.59 74.27 73.97 73.38 73.23 72.66 72.05 71.52 71.04 70.23 69.62 68.50 67.65 67.48 67.23 67.20 67.88 68.27 68.56 68.73 68.77 68.42 68.26 68.77 69.12 69.90 70.17 70.23 70.80 70.83 70.68 70.40 70.18 69.99 70.44 72.50 72.00 70.93 71.49 71.97 72.29 74.97 72.12 72.79 72.75 72.98 73.11 73.22 74.18 73.55 73.70 74.03 74.24 74.41 75.65 74.71 74.64 75.15 74.97 75.07 74.79 74.83 74.93 74.93 75.13 74.96 74.81 74.73 74.79 74.67 74.65 74.61 74.56 74.45 74.37 74.33 74.21 74.17 73.74 74.16 74.15 74.19 73.36 72.79 72.58 72.74 73.02 72.56 72.69 72.87 72.81 72.81 73.05 73.05 72.76 72.47 72.30 71.87 71.60 72.76 72.55 72.34 72.25 72.37 72.20 72.56 72.05 72.39 72.16 72.81 72.88 73.10 72.68 72.83 72.72 72.59 72.98 73.66 72.64 73.28 73.15 72.89 73.14 73.22 73.94 73.94 73.55 74.23 74.06 73.63 73.32 73.04 72.51 72.71 72.61 72.80 73.02 73.86 74.76 74.84 74.86 74.64 74.91 74.85 74.83 74.79 74.90 75.07 74.98 74.84 75.16 75.19 75.17 75.22 75.24 75.26 75.26 75.26 75.23 75.17 75.01 74.98
1°S ||     75.02 74.98 75.01 75.10 75.14 75.30 75.30 75.19 75.13 74.83 74.51 74.00 74.87 75.11 75.27 74.95 74.61 74.82 74.74 74.32 74.17 73.91 73.62 73.13 72.57 71.84 71.26 70.61 70.00 69.35 68.46 67.95 66.77 65.48 68.08 68.46 68.71 68.95 69.11 69.15 69.21 69.96 70.29 70.57 70.81 71.32 71.61 71.82 72.06 72.25 71.68 72.94 75.04 70.94 71.06 71.33 72.10 72.42 72.52 73.65 72.84 73.09 73.11 73.10 73.33 73.44 73.42 74.16 74.31 74.31 74.95 74.46 75.51 75.56 74.90 74.91 74.81 74.84 74.88 75.00 75.24 75.15 75.08 74.86 74.89 74.86 74.78 74.67 74.59 74.56 74.59 74.66 74.47 74.42 74.26 74.18 73.63 74.14 74.13 74.17 73.41 73.21 73.02 72.82 73.04 72.96 72.91 73.09 73.14 73.20 73.34 73.31 72.64 72.41 72.39 72.07 71.80 72.80 72.59 72.56 72.59 72.21 72.28 72.09 72.44 72.51 72.69 72.84 73.41 73.27 72.94 72.45 72.92 73.03 73.64 73.62 73.39 74.17 73.22 73.06 73.27 73.43 74.02 74.07 74.13 74.28 74.18 73.25 73.53 73.07 72.94 73.04 73.69 73.76 74.10 74.82 75.01 75.09 74.98 74.97 75.15 75.07 74.93 74.91 75.08 75.01 74.82 75.01 75.15 75.20 75.22 75.23 75.24 75.27 75.27 75.26 75.20 75.20 75.12 75.05
1°N ||     75.07 74.99 75.10 75.23 75.19 75.24 75.31 75.43 75.15 74.93 74.58 74.59 75.04 75.27 75.28 75.13 75.01 74.92 74.28 74.63 74.35 74.35 73.67 72.93 72.40 72.25 71.63 70.80 70.09 69.83 69.46 68.98 67.11 64.85 65.68 68.73 68.87 68.99 69.29 69.60 69.97 70.27 70.50 70.80 71.17 71.64 71.95 72.29 72.81 73.18 71.83 70.88 70.72 71.08 71.37 71.93 72.36 72.78 72.85 73.28 73.03 73.26 73.90 73.26 73.39 73.53 73.39 74.57 73.96 74.24 74.56 75.39 75.94 75.90 74.70 74.82 74.83 74.88 74.70 75.28 74.72 75.25 74.97 74.82 74.96 74.93 74.79 74.65 74.70 74.58 74.56 74.63 74.51 74.49 74.45 74.24 74.16 73.82 73.85 73.66 73.62 73.68 73.44 73.61 73.12 72.90 72.95 73.48 73.32 73.29 73.27 72.86 73.00 72.86 72.46 72.28 72.60 72.59 72.31 72.72 72.52 72.38 72.46 72.50 72.49 72.61 72.79 73.05 73.11 73.33 73.77 73.59 74.05 74.02 74.08 74.05 73.75 73.71 73.92 73.62 74.05 74.12 74.38 74.36 74.42 74.13 73.57 73.51 73.58 73.27 73.52 73.92 74.56 74.74 74.78 74.84 75.02 75.11 75.07 75.15 75.08 75.08 75.02 75.13 75.11 75.03 74.93 75.12 75.17 75.20 75.22 75.24 75.24 75.26 75.26 75.26 75.27 75.24 75.20 75.15
3°N ||     75.27 75.23 75.25 75.29 75.34 75.37 75.35 75.31 75.26 74.94 74.84 74.88 75.29 75.35 75.34 75.24 75.17 74.66 74.52 74.81 74.67 74.07 73.45 72.74 72.11 72.82 72.10 70.30 70.12 70.20 70.08 70.20 69.77 66.88 68.15 69.00 68.79 68.90 69.35 69.77 70.16 70.38 70.56 70.55 71.55 71.96 72.44 72.76 73.09 73.75 73.81 72.39 71.82 72.04 72.41 72.75 72.97 73.09 73.17 73.48 73.41 73.28 73.01 73.97 74.09 73.71 73.85 74.27 74.34 74.54 74.64 74.77 75.59 75.67 75.45 75.25 75.31 75.21 75.11 75.11 74.85 74.79 74.98 74.88 74.82 74.97 74.75 74.60 74.66 74.65 74.71 74.64 74.59 74.51 74.43 74.27 74.23 74.00 74.13 73.96 73.95 73.96 73.94 73.71 73.70 73.11 73.39 73.80 74.16 73.24 73.38 73.11 72.73 72.69 72.56 72.97 72.77 72.77 72.47 72.76 72.59 72.46 72.43 72.56 72.59 72.67 72.92 73.08 73.35 73.48 74.30 74.63 74.81 74.89 75.13 74.87 74.23 74.12 73.95 74.22 74.25 74.41 74.52 74.41 74.35 73.92 73.87 73.71 73.58 73.27 74.12 74.83 74.77 74.67 74.72 75.00 75.07 75.12 75.14 75.18 75.06 75.18 75.14 75.17 75.15 75.07 75.10 75.16 75.18 75.19 75.20 75.23 75.24 75.25 75.24 75.26 75.27 75.27 75.28 75.29
5°N ||     75.27 75.31 75.45 75.31 75.39 75.39 75.36 75.35 75.31 75.15 75.06 75.02 75.36 75.42 75.42 75.36 75.01 74.54 74.98 74.90 74.55 73.64 73.02 72.60 72.88 73.00 72.76 71.56 70.23 70.14 70.33 70.71 70.95 70.65 69.86 69.31 68.65 68.48 69.47 70.02 70.39 70.60 70.72 70.50 71.74 72.50 72.87 73.14 73.53 74.11 74.34 72.85 72.83 73.13 73.33 73.51 73.48 73.52 73.58 73.74 74.03 73.60 73.22 73.38 73.66 74.11 74.31 74.40 74.45 74.69 74.93 75.49 74.95 75.28 75.66 75.44 75.19 74.93 74.85 74.86 74.76 74.91 74.81 74.88 75.00 74.86 74.83 74.64 74.69 74.64 74.60 74.62 74.43 74.39 74.36 74.34 74.31 74.32 74.20 73.99 73.98 73.97 73.88 73.95 73.86 73.83 73.89 73.78 73.87 73.09 73.26 72.51 72.70 72.59 72.79 72.63 72.67 72.81 72.74 72.73 72.60 72.49 72.39 72.45 73.00 72.75 72.91 73.20 73.54 74.00 74.61 75.60 75.68 75.68 75.65 75.54 75.38 74.74 74.57 74.50 74.48 74.65 74.56 74.37 74.40 74.03 73.86 73.89 73.40 73.49 74.81 74.76 74.85 74.88 74.94 74.97 75.09 75.14 75.17 75.18 75.16 75.15 75.17 75.17 75.17 75.17 75.17 75.16 75.18 75.18 75.18 75.21 75.22 75.23 75.24 75.25 75.27 75.28 75.29 75.30
7°N ||     75.29 75.32 75.34 75.35 75.39 75.40 75.39 75.38 75.35 75.26 75.14 75.28 75.42 75.46 75.47 75.37 74.95 75.15 75.11 74.92 74.32 73.77 73.87 73.60 73.43 73.37 73.02 72.23 69.87 70.02 70.34 71.08 71.34 71.11 70.53 69.72 67.83 67.81 69.90 70.34 70.61 70.79 70.91 71.17 72.26 72.65 72.97 73.33 73.68 74.06 74.37 74.43 73.47 73.44 73.44 73.48 73.64 73.79 73.92 74.03 74.09 73.89 73.42 73.86 74.24 74.32 74.52 74.60 74.65 74.80 75.00 75.51 75.72 75.52 75.63 74.99 74.94 74.89 75.15 75.20 75.11 74.88 74.91 74.95 74.86 74.74 74.74 74.63 74.70 74.58 74.64 74.59 74.56 74.61 74.35 74.28 74.20 74.33 74.12 73.87 73.87 73.92 74.02 73.88 73.83 74.03 73.59 74.19 73.88 73.93 73.46 73.05 72.95 72.47 72.57 72.68 72.59 72.75 72.75 72.79 72.57 72.63 72.42 72.95 73.35 72.67 72.93 73.30 74.00 74.77 75.56 75.76 75.72 75.71 75.70 75.65 75.63 75.41 74.78 74.76 74.80 74.70 74.48 74.53 74.05 73.73 73.86 74.18 73.93 73.90 74.74 74.92 74.96 75.02 75.07 75.04 75.15 75.18 75.16 75.18 75.20 75.16 75.17 75.16 75.18 75.18 75.16 75.16 75.15 75.15 75.16 75.13 75.20 75.22 75.21 75.26 75.28 75.29 75.30 75.31
9°N ||     75.33 75.38 75.29 75.32 75.40 75.40 75.40 75.39 75.43 75.30 75.20 75.40 75.48 75.50 75.49 75.29 75.16 75.28 75.09 74.70 74.60 74.39 74.29 74.13 73.92 73.61 73.28 72.36 70.38 70.29 70.82 71.61 71.60 71.79 71.38 70.13 67.30 65.75 69.27 70.61 70.77 70.99 71.22 71.58 72.19 72.66 73.04 73.43 73.71 74.10 74.38 74.44 74.27 73.69 73.62 73.64 73.77 73.93 74.04 74.19 74.32 74.23 74.05 74.11 74.27 74.57 74.81 74.84 74.88 75.09 75.50 75.54 75.48 75.69 75.13 75.10 75.14 75.08 75.22 74.94 74.94 74.90 74.86 74.92 74.95 74.85 74.80 74.88 74.79 74.80 74.67 74.61 74.52 74.56 74.45 74.62 74.33 74.21 74.16 74.19 74.13 73.76 73.54 73.46 73.95 74.11 74.16 73.73 73.66 73.50 73.44 73.44 73.26 73.43 73.10 72.83 72.70 72.74 72.74 72.47 72.67 72.60 72.32 73.61 72.79 72.68 73.07 73.56 74.30 75.16 75.65 75.79 75.80 75.78 75.73 75.70 75.66 75.57 75.33 75.08 74.94 74.92 74.48 74.27 74.25 74.17 74.49 74.64 74.53 74.54 74.87 75.03 75.13 75.02 75.14 75.20 75.16 75.15 75.12 75.13 75.31 75.09 75.07 75.11 75.15 75.17 75.12 75.13 75.09 75.10 75.10 75.19 75.19 75.22 75.20 75.25 75.28 75.30 75.31 75.31
11°N ||     75.36 75.35 75.35 75.35 75.43 75.43 75.46 75.44 75.50 75.46 75.41 75.53 75.54 75.53 75.51 75.48 75.30 75.31 75.09 74.83 74.71 74.61 74.39 74.15 73.87 73.63 73.16 72.33 71.60 71.89 71.84 71.83 71.86 71.88 71.99 71.86 67.87 62.88 64.33 70.60 70.92 71.16 71.44 71.79 72.19 72.72 73.19 73.51 73.86 74.09 74.33 74.47 74.44 73.89 73.79 73.78 73.90 74.05 74.14 74.26 74.36 74.15 74.06 74.38 74.60 74.76 74.99 75.10 75.20 75.13 75.69 75.60 75.11 75.72 75.55 75.09 75.51 75.01 74.94 75.04 74.92 74.88 74.81 74.77 74.86 74.89 74.95 74.89 74.84 74.79 74.68 74.63 74.65 74.64 74.70 74.45 74.58 74.22 74.28 74.34 74.23 74.19 73.89 73.51 74.10 74.02 74.64 73.97 74.33 73.43 73.66 73.61 73.55 73.74 73.42 72.94 72.70 72.94 73.15 72.64 72.82 72.72 72.52 72.40 72.57 73.00 73.37 73.87 74.64 75.29 75.79 75.82 75.85 75.79 75.71 75.70 75.64 75.60 75.43 75.18 75.07 74.53 74.69 74.57 74.40 74.70 74.89 74.97 74.97 75.00 75.08 75.17 75.25 75.26 75.20 75.23 75.19 75.19 75.10 75.05 74.98 74.90 74.93 74.96 75.00 75.03 75.04 75.04 75.05 75.20 74.84 75.11 75.18 75.18 75.18 75.28 75.29 75.29 75.12 75.31
13°N ||     75.32 75.38 75.22 75.22 75.43 75.42 75.47 75.50 75.52 75.54 75.56 75.59 75.59 75.57 75.56 75.49 75.42 75.28 74.81 74.85 74.76 74.52 74.33 74.18 73.83 73.49 73.18 72.81 72.10 72.10 71.99 71.98 71.99 72.09 72.28 72.43 71.73 64.67 65.78 69.83 70.75 71.38 71.73 71.99 69.30 72.98 73.36 73.64 73.93 74.10 74.37 74.46 74.48 73.97 73.91 73.97 74.07 74.18 74.24 74.32 74.35 74.40 74.51 74.42 74.73 75.05 75.17 75.26 75.31 75.61 75.67 75.62 75.31 75.26 75.17 75.48 75.21 75.15 74.94 74.79 74.78 74.89 74.82 74.86 74.85 74.85 75.60 74.86 75.21 74.79 74.65 74.68 74.68 74.79 74.74 74.43 74.44 74.49 74.56 74.58 74.53 74.13 74.00 74.08 74.18 74.29 74.17 74.37 74.67 73.91 73.90 74.16 73.78 73.70 73.56 73.37 73.14 73.26 73.40 73.33 73.18 72.86 72.77 72.80 72.89 73.12 73.56 74.17 74.84 75.34 75.79 75.81 75.80 75.76 75.71 75.69 75.66 75.62 75.49 75.26 75.16 74.86 74.92 74.96 74.95 75.00 74.99 75.17 75.10 75.21 75.25 75.29 75.36 75.41 75.42 75.32 75.29 75.18 75.03 74.84 74.61 74.49 74.65 74.67 74.79 74.87 74.90 74.99 74.97 74.99 75.01 74.92 75.18 75.17 75.21 75.22 75.28 75.28 74.90 75.17
15°N ||     75.34 75.40 75.41 75.49 75.47 75.43 75.51 75.56 75.57 75.60 75.62 75.67 75.65 75.64 75.63 75.54 75.30 75.12 74.88 74.87 74.40 71.49 67.42 66.89 69.03 73.36 73.05 72.96 72.73 72.27 72.20 72.09 72.12 72.20 72.30 72.40 72.42 71.27 69.44 69.78 70.96 71.57 71.97 72.22 72.66 73.26 73.50 73.75 73.95 74.09 74.33 74.46 74.52 74.05 74.06 74.05 74.14 74.26 74.33 74.35 74.40 74.40 74.35 74.61 75.08 75.21 75.30 75.36 75.38 75.58 75.71 75.66 75.47 75.35 75.51 75.31 75.29 75.16 75.08 75.03 75.08 74.90 74.59 75.35 74.91 74.87 74.90 74.85 74.86 74.86 75.13 74.89 74.73 74.68 74.65 74.57 74.60 74.65 74.69 74.76 74.64 74.63 74.28 74.22 74.30 74.32 74.18 74.70 74.51 73.72 73.97 74.02 74.07 74.11 73.67 73.60 73.39 73.24 73.33 73.34 73.15 73.25 73.07 73.14 73.26 73.43 73.77 74.46 75.05 75.75 75.78 75.73 75.79 75.74 75.70 75.68 75.64 75.62 75.52 75.33 75.22 75.17 75.10 75.08 75.07 75.09 75.13 75.19 75.30 75.33 75.38 75.43 75.43 75.46 75.47 75.45 75.32 75.16 74.91 74.64 74.39 74.21 74.02 74.20 74.36 74.68 74.80 74.88 74.89 74.93 74.96 74.98 75.07 75.15 75.17 75.21 75.23 75.32 75.10 75.60
17°N ||     75.38 75.44 75.46 75.51 75.31 75.50 75.52 75.56 75.62 75.64 75.67 75.71 75.72 75.71 75.74 75.40 75.21 75.17 75.00 75.00 73.86 66.59 63.18 62.09 64.75 71.08 73.00 72.98 73.24 72.76 72.48 72.22 72.17 72.24 72.32 72.43 72.45 72.25 71.22 71.10 71.55 71.78 72.05 72.32 72.73 73.30 73.61 73.85 74.02 74.16 74.27 74.52 74.48 73.90 73.94 74.17 74.22 74.30 74.34 74.38 74.44 74.52 74.66 74.98 75.13 75.32 75.40 75.50 75.61 75.64 75.57 75.65 75.60 75.51 75.55 75.40 75.23 75.25 75.19 75.02 74.95 74.77 74.95 75.18 74.85 74.89 74.90 75.50 74.88 74.99 74.89 74.86 74.69 74.67 74.74 74.81 74.75 74.76 74.76 74.85 74.83 74.75 74.51 74.43 74.62 74.60 74.60 74.57 74.12 73.91 74.08 74.11 73.98 73.84 73.78 73.70 73.47 72.89 73.24 73.36 73.40 73.39 73.33 73.39 73.47 73.63 74.29 74.57 75.11 75.65 75.74 75.76 75.74 75.71 75.69 75.69 75.66 75.59 75.53 75.44 75.34 75.37 75.30 75.30 75.29 75.36 75.37 75.41 75.45 75.48 75.51 75.51 75.51 75.55 75.53 75.52 75.43 75.15 74.91 74.46 74.13 73.77 73.50 73.51 73.85 74.51 74.72 74.76 74.76 74.84 74.92 75.00 75.08 75.14 75.13 75.20 75.34 75.33 75.29 75.42
19°N ||     75.39 75.46 75.51 75.53 75.55 75.51 75.53 75.59 75.65 75.68 75.72 75.78 75.79 75.79 75.81 75.45 75.24 75.10 74.73 74.90 74.27 66.69 63.26 62.45 64.35 71.18 73.31 73.45 73.51 73.37 72.82 72.36 72.11 72.05 72.07 72.34 72.50 72.48 72.03 71.87 71.96 72.02 72.11 72.31 72.60 73.12 73.69 73.91 74.10 74.17 74.27 74.55 74.36 74.43 73.90 74.08 74.23 74.29 74.37 74.39 74.50 74.53 74.81 75.12 75.30 75.43 75.58 75.62 75.73 75.73 75.80 75.73 75.70 75.64 75.60 75.39 75.33 75.35 75.49 75.09 74.99 74.91 74.95 74.99 75.47 74.82 74.88 74.77 74.87 74.91 74.92 74.93 75.08 74.83 74.80 74.86 74.82 74.82 74.81 74.84 74.86 74.66 75.20 74.66 74.77 74.46 74.31 74.55 74.29 74.23 74.11 74.00 73.80 73.76 73.78 74.01 73.34 73.52 73.31 73.63 73.79 73.97 73.43 73.47 73.55 73.74 74.20 74.06 74.87 75.28 75.56 75.71 75.68 75.68 75.67 75.64 75.63 75.61 75.57 75.53 75.52 75.52 75.57 75.52 75.53 75.52 75.57 75.58 75.58 75.62 75.64 75.61 75.68 75.64 75.64 75.56 75.47 75.15 74.76 74.27 73.63 73.21 73.08 73.33 73.38 72.55 74.49 74.62 74.70 74.78 74.88 74.99 75.08 75.14 75.17 75.28 75.13 75.38 75.36 75.42
21°N ||     75.56 75.51 75.50 75.59 75.64 75.63 75.62 75.66 75.74 75.76 75.81 75.83 75.85 75.86 75.86 75.45 75.24 74.87 74.75 74.96 74.77 68.49 66.39 65.58 67.25 72.89 73.80 73.80 73.71 73.46 73.06 72.55 72.09 71.86 71.70 71.61 72.44 72.47 72.31 72.17 72.14 72.16 72.21 72.34 72.60 73.09 73.78 73.90 74.02 74.15 74.16 74.41 74.58 74.67 74.00 74.08 74.13 74.25 74.29 74.42 74.52 74.55 74.96 75.15 75.33 75.64 75.68 75.72 75.79 75.81 75.82 75.80 75.69 75.72 75.65 75.49 75.45 75.46 75.28 75.10 75.07 75.18 75.05 74.98 74.82 74.95 75.06 74.89 74.92 74.96 74.91 74.91 74.85 74.83 74.93 74.88 74.83 74.86 74.85 74.85 74.89 74.70 74.57 74.79 74.48 74.59 74.74 73.98 74.31 74.58 73.96 73.78 73.77 73.84 73.86 74.03 73.62 73.63 72.75 73.88 73.94 73.90 73.24 73.41 73.69 73.74 74.15 74.00 74.40 74.79 75.23 75.31 75.50 75.55 75.55 75.62 75.62 75.62 75.62 75.61 75.62 75.67 75.67 75.68 75.69 75.68 75.72 75.74 75.74 75.71 75.74 75.72 75.74 75.68 75.71 75.70 75.59 75.20 74.70 73.94 73.09 72.88 72.78 72.75 73.21 73.80 74.27 74.46 74.60 74.75 74.89 74.98 75.07 75.12 75.22 75.25 75.12 75.41 75.41 75.46
23°N ||     75.54 75.57 75.59 75.63 75.66 75.71 75.74 75.79 75.82 75.84 75.87 75.88 75.89 75.89 75.89 75.48 75.16 74.80 74.96 75.08 75.09 73.36 71.41 70.63 73.36 74.38 74.08 73.99 73.83 73.38 72.96 72.57 72.19 71.76 71.52 71.44 72.18 72.48 72.41 72.17 72.16 71.96 72.23 72.39 72.43 73.28 73.53 73.77 73.88 74.02 74.12 74.23 74.40 74.62 74.43 74.20 74.74 75.22 75.09 74.67 74.57 74.43 74.99 75.17 75.36 75.63 75.75 75.80 75.86 75.89 75.84 75.89 75.71 75.89 75.77 75.64 75.60 75.61 75.56 75.30 75.11 74.94 74.82 74.95 74.87 74.91 74.93 74.96 74.95 74.86 74.98 74.99 74.95 74.90 75.00 75.02 75.10 74.75 74.96 74.94 74.86 74.74 74.60 74.74 74.75 74.70 74.70 74.52 74.28 74.43 74.19 73.94 73.94 73.78 73.76 73.81 73.93 73.61 72.94 73.81 73.92 73.73 74.51 74.22 73.66 73.61 73.88 74.09 74.18 74.55 74.81 75.00 75.17 75.30 75.45 75.57 75.62 75.65 75.69 75.70 75.72 75.81 75.75 75.84 75.87 75.91 75.93 75.90 75.99 75.93 75.94 75.91 75.89 75.89 75.91 75.84 75.78 75.28 74.66 73.84 73.22 72.80 72.61 71.07 71.87 73.24 74.02 74.38 74.62 74.75 74.89 75.00 75.10 75.18 75.28 75.22 75.36 75.41 75.30 75.52
25°N ||     75.58 75.60 75.60 75.69 75.76 75.77 75.81 75.83 75.84 75.88 75.90 75.91 75.91 75.91 75.91 75.53 75.08 74.92 74.96 74.86 75.11 75.04 75.02 75.02 74.79 74.51 73.92 74.09 73.68 73.22 72.75 72.46 72.04 71.67 71.46 71.00 71.05 72.38 72.46 72.16 72.25 72.17 72.28 71.55 72.71 73.31 73.63 73.75 73.82 73.90 73.76 74.07 74.10 74.71 74.09 74.15 74.22 74.17 74.81 75.34 75.41 74.78 75.09 75.47 75.63 75.79 75.85 75.86 75.90 75.94 75.93 75.90 75.87 75.82 75.68 75.72 75.70 75.75 75.82 75.46 75.32 75.04 74.98 75.08 75.08 74.99 75.03 75.00 75.01 74.90 74.97 75.09 74.99 75.00 75.00 75.15 75.05 74.97 74.91 74.96 74.71 74.74 74.83 74.75 74.65 74.90 74.82 74.48 74.66 74.57 74.23 74.41 74.35 74.30 74.58 73.87 74.07 73.33 73.58 73.08 73.45 73.38 73.41 73.65 73.68 73.79 73.72 73.66 74.24 74.06 74.73 75.02 75.01 75.20 75.47 75.61 75.66 75.77 75.80 75.84 75.90 75.93 75.97 76.04 76.12 76.18 76.23 76.24 76.24 76.19 76.14 76.11 76.12 76.08 76.02 75.96 75.86 75.73 74.96 74.20 73.15 72.75 71.11 65.48 70.85 73.11 74.04 74.43 74.60 74.77 74.97 74.97 75.13 75.21 75.34 75.36 75.41 75.41 75.51 75.54
27°N ||     75.65 75.69 75.71 75.71 75.82 75.79 75.88 75.90 75.91 75.91 75.92 75.93 75.92 75.92 75.92 75.62 75.15 74.93 74.97 74.93 74.90 74.95 74.59 74.72 74.75 74.60 74.40 73.82 73.44 73.08 72.63 72.29 71.97 71.60 71.01 70.94 71.23 72.54 72.73 72.34 72.49 72.47 72.51 71.55 72.38 73.29 73.57 73.68 73.75 73.61 73.41 73.53 74.15 74.42 74.67 74.83 74.76 74.97 75.04 75.36 75.12 74.65 75.63 75.70 75.78 75.82 75.82 75.88 75.95 75.97 75.84 75.94 75.94 75.89 75.74 75.90 75.79 75.83 75.88 75.86 75.45 75.33 75.23 75.18 75.20 75.09 75.01 74.97 75.01 75.02 75.04 75.06 75.01 74.98 75.03 74.96 75.07 75.02 74.85 74.72 75.07 74.67 74.82 74.83 74.44 75.01 74.17 74.56 74.67 74.48 74.46 74.53 74.49 74.41 74.34 74.45 74.32 74.75 74.02 73.73 73.96 74.49 73.64 73.89 73.96 73.43 73.18 73.92 74.41 74.14 74.78 74.93 75.14 75.40 75.59 75.71 75.85 75.85 75.91 75.98 76.03 76.13 76.18 76.31 76.41 76.43 76.47 76.43 76.43 76.36 76.32 76.32 76.24 76.16 76.06 76.00 75.89 75.77 75.40 74.38 73.53 72.93 72.13 71.47 72.16 73.77 74.35 74.57 74.68 74.83 74.87 75.11 75.20 75.28 75.38 75.45 75.45 75.48 75.55 75.61
29°N ||     75.75 75.78 75.82 75.86 75.91 75.90 75.93 75.95 75.96 75.95 75.96 75.97 75.96 75.86 75.96 75.92 75.53 75.07 74.86 74.88 74.89 74.91 74.57 74.49 74.86 74.68 74.09 73.71 73.34 72.92 72.54 72.20 71.95 71.57 70.50 70.84 71.73 72.55 72.67 72.49 72.77 72.82 72.78 72.88 73.09 73.32 73.59 73.73 73.72 73.33 73.43 73.67 73.70 74.44 74.51 74.61 74.62 74.93 75.00 75.16 75.13 75.32 75.56 75.44 75.31 75.72 75.77 75.85 75.95 75.99 75.95 76.02 75.99 76.02 76.00 75.97 75.91 75.93 75.97 75.99 75.96 75.52 75.40 75.29 75.33 75.14 75.06 76.24 75.07 75.03 75.09 75.19 75.07 75.09 74.95 74.99 75.06 75.05 74.88 74.88 74.78 74.85 74.81 74.85 74.66 74.55 74.32 74.47 74.51 74.31 74.51 74.47 74.66 74.87 74.82 74.81 74.51 74.07 73.99 73.93 74.14 73.89 73.74 73.87 73.61 74.05 74.68 74.90 74.87 74.99 75.07 75.21 75.49 75.57 75.68 75.86 75.91 75.99 76.09 76.19 76.28 76.37 76.50 76.59 76.64 76.73 76.69 76.57 76.63 76.53 76.49 76.40 76.31 76.20 76.13 76.08 75.99 75.90 75.61 74.96 74.36 73.79 73.23 73.17 73.67 74.42 74.61 74.70 74.77 74.87 75.07 75.17 75.28 75.38 75.47 75.54 75.56 75.57 75.66 75.71
31°N ||     75.89 75.86 75.93 75.94 75.95 75.95 75.97 76.01 76.02 76.00 75.99 76.01 76.01 76.00 75.99 75.97 75.72 75.42 75.27 75.23 75.12 75.06 74.86 74.84 74.98 74.22 73.94 73.63 73.16 72.84 72.48 72.38 71.88 71.62 71.16 71.21 71.76 72.60 72.64 72.64 72.85 72.96 73.11 73.12 73.25 73.41 73.58 73.76 73.67 73.12 73.67 73.79 73.84 74.07 74.18 74.32 74.51 74.57 74.71 75.11 74.96 75.27 75.37 75.46 75.60 75.62 75.75 75.82 75.85 75.99 76.02 76.03 76.07 76.12 76.09 76.17 76.00 76.04 76.08 76.02 76.01 75.92 75.64 75.84 75.51 75.36 75.16 75.03 75.13 75.17 75.20 75.13 75.07 75.02 75.26 75.11 75.01 74.90 74.85 74.99 74.77 74.80 74.90 74.88 74.72 74.69 74.41 74.42 74.54 74.41 74.37 74.34 74.66 74.80 74.75 74.74 74.41 74.10 74.26 74.29 74.23 74.67 73.96 73.83 74.23 74.08 74.44 74.99 74.94 75.07 75.22 75.45 75.52 75.67 75.79 75.90 76.02 76.15 76.32 76.43 76.51 76.62 76.89 76.76 76.85 76.91 76.87 76.80 76.76 76.67 76.54 76.47 76.54 76.29 76.28 76.21 76.11 76.03 75.79 75.53 75.01 74.75 74.58 74.54 74.33 73.98 74.81 74.82 74.87 74.95 74.75 75.69 75.43 75.09 75.59 75.43 75.67 75.70 75.72 75.84
33°N ||     76.00 75.68 75.94 75.95 76.01 75.99 76.00 76.04 76.02 76.04 76.04 76.06 76.06 76.05 76.08 76.06 76.02 75.77 75.40 75.03 75.11 75.10 75.14 75.07 74.52 74.06 73.82 73.49 73.25 72.65 72.34 72.07 71.67 71.32 71.03 71.13 71.67 72.48 72.78 72.87 73.02 73.17 73.23 73.31 73.20 73.39 73.38 73.25 73.23 73.36 73.67 73.90 73.94 73.87 74.13 74.42 74.55 74.61 74.58 74.64 74.62 74.64 74.97 75.45 75.45 75.74 75.82 75.85 75.89 75.99 76.07 76.20 76.21 76.21 76.19 76.27 76.23 76.24 76.22 76.09 76.18 76.15 75.99 75.76 75.62 75.41 75.25 75.15 75.29 75.19 75.17 74.98 75.12 75.11 75.12 75.01 75.05 74.89 75.00 75.04 74.72 74.68 74.83 74.61 75.03 74.50 74.55 74.36 74.53 74.16 73.99 74.19 74.53 74.65 74.56 74.35 74.33 74.45 74.28 74.66 74.58 74.66 74.61 74.19 74.43 74.77 74.82 75.04 75.15 75.34 75.41 75.56 75.65 75.77 75.89 76.02 76.17 76.37 76.50 76.59 76.73 76.80 76.89 76.96 77.10 76.95 76.90 76.87 76.82 76.60 76.66 76.60 76.51 76.38 76.26 76.35 76.31 76.20 76.10 75.99 75.81 75.62 75.54 75.34 75.11 74.69 75.14 75.01 74.97 75.07 75.11 75.41 75.55 75.60 75.69 75.75 75.78 75.86 75.91 75.96
35°N ||     76.08 76.03 76.04 76.01 76.04 76.03 76.04 76.05 76.05 76.07 76.09 76.09 76.09 76.07 76.11 76.07 76.10 76.03 75.76 74.53 74.96 75.07 74.99 74.65 73.89 74.05 73.80 73.47 73.03 72.48 71.99 71.44 70.91 70.65 70.47 70.41 70.81 71.41 72.43 73.02 73.21 73.29 73.36 73.33 72.69 72.90 73.50 73.67 73.41 73.30 73.66 73.56 73.41 73.57 73.99 74.41 74.58 74.68 74.69 74.72 74.74 74.70 74.95 75.44 75.68 75.78 75.84 75.85 75.93 76.01 76.06 76.24 76.19 76.29 76.31 76.39 76.37 76.44 76.36 76.28 76.25 76.20 76.21 75.76 75.64 75.47 75.42 75.35 75.26 75.31 75.05 75.08 75.10 75.24 75.33 74.99 75.04 74.95 75.04 74.94 74.94 74.89 74.87 74.82 74.79 74.59 74.45 74.84 74.42 74.04 74.57 74.13 74.18 74.10 74.00 73.95 74.16 74.31 74.41 74.80 74.83 74.78 75.12 75.01 74.93 75.11 75.10 75.16 75.30 75.41 75.53 75.65 75.73 75.87 75.97 76.15 76.30 76.50 76.66 76.78 76.83 76.91 77.06 77.15 77.21 77.17 77.06 77.04 76.89 76.85 76.74 76.49 76.60 76.47 76.44 76.42 76.35 76.27 76.26 76.17 76.10 75.96 75.91 75.85 75.70 75.62 75.47 75.25 75.16 75.18 75.19 75.36 75.39 75.67 75.73 75.79 75.86 75.98 76.05 76.09
37°N ||     76.16 76.06 76.08 76.02 76.08 76.06 76.08 76.08 76.07 76.08 76.10 76.11 76.11 76.09 76.07 76.06 76.04 75.99 75.96 75.00 74.99 74.92 74.75 74.49 74.06 74.10 73.83 73.50 73.09 72.21 71.23 70.53 69.84 69.42 69.41 69.75 70.09 70.20 71.11 72.30 73.12 73.46 73.50 73.47 73.38 73.23 73.37 73.52 73.65 73.96 73.40 73.26 73.12 72.95 73.52 74.12 74.55 74.65 74.67 74.66 74.72 74.68 75.11 75.50 75.67 75.78 75.84 75.90 75.95 76.07 76.11 76.21 76.26 76.38 76.41 76.51 76.59 76.56 76.54 76.44 76.47 76.41 76.33 76.29 76.10 75.98 75.93 75.80 75.60 75.82 75.27 75.19 75.09 75.07 75.17 75.08 75.14 75.25 74.99 75.16 75.03 75.15 74.96 75.25 75.03 75.00 74.75 74.63 74.50 74.25 74.13 74.04 74.04 73.85 73.86 73.86 74.01 74.49 75.14 75.00 74.90 74.78 74.91 74.83 75.10 75.17 75.21 75.24 75.43 75.51 75.62 75.76 75.85 75.94 76.14 76.30 76.40 76.60 76.73 76.92 77.00 77.14 77.26 77.27 77.30 77.33 77.27 77.15 77.11 76.97 76.90 76.82 76.76 76.62 76.71 76.67 76.51 76.35 76.36 76.23 76.11 76.05 75.89 75.83 75.68 75.63 75.51 75.39 75.31 75.30 75.27 75.41 75.37 75.75 75.78 75.85 75.99 76.01 76.09 76.11
39°N ||     76.13 76.11 76.12 76.08 75.86 76.09 76.10 75.96 76.10 76.10 76.09 76.10 76.07 76.07 76.05 76.03 76.03 76.06 75.93 75.63 74.77 74.69 74.84 74.55 74.54 74.17 73.97 73.68 72.93 71.64 70.42 69.37 68.70 68.61 68.29 68.52 69.67 69.88 70.28 71.44 72.77 73.49 73.62 73.58 73.32 73.41 73.25 72.45 73.45 73.51 73.49 73.32 72.97 72.68 73.04 73.72 74.30 74.51 74.61 74.59 74.86 74.89 74.92 75.30 75.70 75.83 75.86 75.90 76.01 76.10 76.22 76.32 76.34 76.49 76.57 76.63 76.66 76.70 76.70 76.79 76.56 76.55 76.51 76.47 76.35 76.03 76.13 75.96 75.70 75.67 75.57 75.35 75.34 75.30 75.27 75.15 75.07 75.05 75.26 75.16 75.22 75.67 75.22 74.95 75.32 74.89 74.81 74.77 74.67 74.68 74.46 74.12 74.84 73.96 74.00 74.32 74.15 74.37 75.08 75.11 75.12 75.11 75.14 75.21 75.22 75.27 75.32 75.43 75.49 75.60 75.71 75.85 75.89 76.09 76.22 76.40 76.52 76.64 76.86 76.91 77.23 77.35 77.39 77.39 77.38 77.40 77.31 77.28 77.19 77.24 77.05 77.00 76.87 76.83 76.77 76.72 76.65 76.44 76.24 76.28 76.14 76.07 75.95 75.82 75.68 75.67 75.58 75.51 75.47 75.42 75.38 75.22 74.84 75.79 75.83 75.85 75.99 76.08 76.12 76.09
41°N ||     76.12 76.14 76.16 76.14 76.12 76.11 76.08 76.11 76.09 76.08 76.09 76.10 76.08 76.11 76.04 76.07 76.02 75.88 75.80 75.62 75.37 75.17 74.98 74.84 74.63 74.40 74.22 73.75 72.85 71.42 70.05 69.21 68.91 68.84 68.14 68.51 69.50 70.03 70.57 71.77 72.95 73.57 73.64 73.59 72.95 73.48 73.31 72.96 73.27 73.17 73.19 73.05 73.04 73.18 73.41 73.60 74.09 74.49 74.50 74.45 74.70 74.91 74.92 75.23 75.61 75.89 75.95 75.90 76.06 76.17 76.25 76.40 76.47 76.57 76.68 76.76 76.80 76.82 76.83 76.81 76.78 76.75 76.67 76.81 76.78 76.46 76.28 76.22 76.01 76.03 75.66 75.94 75.71 75.55 75.60 75.34 75.23 75.47 75.12 75.31 75.77 75.77 75.72 75.09 75.25 74.75 74.64 74.92 74.95 74.84 74.69 74.81 75.43 75.10 74.59 74.75 75.19 74.61 75.16 75.11 75.15 75.14 75.30 75.33 75.39 75.35 75.45 75.47 75.60 75.73 75.81 75.86 75.99 76.12 76.35 76.50 76.67 76.76 77.04 77.16 77.25 77.42 77.44 77.43 77.42 77.37 77.39 77.35 77.31 77.21 77.13 77.14 77.11 76.99 76.88 76.76 76.66 76.58 76.45 76.33 76.19 76.04 75.96 75.85 75.71 75.70 75.66 75.60 75.59 75.50 75.14 75.28 75.14 75.71 75.83 75.93 75.96 76.07 76.08 76.14
43°N ||     76.13 76.18 76.18 76.15 76.13 76.12 76.11 76.10 76.09 76.10 76.09 76.14 76.11 76.13 76.06 76.04 75.97 75.87 75.67 75.46 75.30 75.17 75.02 74.89 74.75 74.60 74.37 74.11 73.41 72.35 71.04 70.00 69.52 69.36 69.26 69.39 69.95 70.32 72.07 73.20 73.79 73.93 73.77 73.71 73.73 73.23 73.51 72.84 73.20 73.24 73.15 73.30 72.67 73.21 73.80 73.67 73.85 74.33 74.54 74.78 74.76 74.79 74.92 75.25 75.60 75.94 76.06 76.09 76.16 76.26 76.42 76.50 76.66 76.72 77.04 76.82 76.91 76.85 76.92 76.92 76.88 76.87 76.74 76.76 76.80 76.57 76.50 76.29 76.22 76.25 76.14 76.06 76.04 75.92 75.75 75.52 75.43 75.35 75.63 75.70 75.83 75.76 75.43 75.69 75.42 75.65 75.55 75.64 74.77 74.72 74.58 75.20 74.68 74.51 75.27 75.29 75.21 75.14 75.16 75.25 75.27 75.28 75.49 75.71 75.47 75.46 75.49 75.64 75.75 75.80 75.77 75.97 76.00 76.18 76.37 76.60 76.74 76.78 77.03 77.21 77.35 77.43 77.38 77.25 77.43 77.37 77.33 77.25 77.39 77.11 77.14 77.11 77.03 76.98 76.98 76.84 76.72 76.66 76.40 76.33 76.18 76.04 75.88 75.83 75.77 75.72 75.65 75.67 75.66 75.55 75.39 75.27 75.04 75.67 75.92 75.92 76.06 76.08 76.13 76.18
45°N ||     76.22 76.22 76.18 76.18 76.17 76.15 76.13 76.10 76.09 76.12 76.12 76.09 76.09 76.06 76.05 75.97 75.86 75.72 75.56 75.42 75.27 75.15 75.04 74.96 74.88 74.79 74.65 74.44 74.04 73.35 72.78 72.32 72.16 70.64 69.99 69.82 70.45 71.85 72.84 73.61 73.97 74.10 74.08 74.15 74.26 74.38 74.43 74.21 73.52 73.09 72.66 73.11 73.78 73.72 73.73 73.97 74.55 74.41 74.55 74.83 74.93 75.10 75.21 75.39 75.63 76.00 76.04 76.19 76.28 76.40 76.47 76.66 76.74 76.84 76.83 76.99 76.98 76.99 77.08 77.08 76.93 76.98 76.92 76.88 76.81 76.74 76.55 76.60 76.50 76.32 76.28 76.36 76.16 76.06 76.03 75.96 75.71 75.58 75.82 75.83 75.57 75.42 75.30 75.73 75.43 75.66 75.69 75.70 75.39 75.17 74.89 75.28 75.16 75.09 75.30 75.18 75.09 75.27 75.30 75.35 75.33 75.44 75.50 75.59 75.59 75.64 75.66 75.68 75.79 75.85 75.93 75.95 76.15 76.25 76.53 76.68 76.83 76.99 77.06 77.21 77.33 77.45 77.44 77.44 77.42 77.31 77.35 77.36 77.32 77.29 77.18 77.23 77.16 76.94 77.00 76.95 76.80 76.62 76.35 76.24 76.16 75.97 75.87 75.82 75.81 75.77 75.76 75.75 75.74 75.69 75.61 75.45 75.19 75.77 75.79 75.85 76.01 76.16 76.17 76.22
47°N ||     76.24 76.22 76.22 76.17 76.16 76.15 76.13 76.14 76.08 76.15 76.13 76.10 76.10 76.04 75.95 75.92 75.75 75.65 75.53 75.41 75.27 75.19 75.12 75.07 75.00 74.93 74.82 74.76 74.61 74.38 74.14 74.04 74.05 74.02 73.11 72.90 73.51 73.81 73.87 73.93 74.07 74.15 74.11 74.16 74.32 74.45 74.46 74.43 73.44 73.14 73.63 74.01 74.55 74.29 74.39 74.78 74.58 75.08 74.58 74.79 74.98 75.17 75.39 75.64 75.90 76.07 76.17 76.24 76.44 76.49 76.65 76.75 76.80 76.89 76.93 76.91 76.83 76.69 77.07 77.08 77.04 77.09 77.00 76.97 76.89 76.84 76.81 76.75 76.66 76.56 76.47 76.43 76.39 76.31 76.12 76.15 76.01 75.92 75.92 75.95 75.86 75.82 75.96 75.77 75.61 75.73 75.54 75.54 75.67 75.44 75.27 75.39 75.41 75.48 75.49 75.14 75.31 75.37 75.41 75.50 75.50 75.55 75.65 75.59 75.70 75.71 75.72 75.75 75.84 75.88 76.03 76.08 76.22 76.34 76.87 76.91 76.84 76.95 77.08 77.19 77.31 77.43 77.43 77.39 77.39 77.36 77.33 77.32 77.23 77.33 77.28 77.24 77.11 77.10 77.08 76.90 76.73 76.56 76.43 75.86 75.96 76.11 75.96 75.93 75.89 75.85 75.86 75.80 75.81 75.79 75.76 75.66 75.70 75.76 75.83 75.98 76.02 76.13 76.17 76.24
49°N ||     76.26 76.24 76.23 76.19 76.21 76.20 76.18 76.17 76.13 76.13 76.15 76.09 76.07 75.98 75.89 75.81 75.68 75.61 75.52 75.42 75.33 75.28 75.21 75.14 75.05 74.99 74.95 74.90 74.85 74.79 74.73 74.66 74.60 74.55 74.46 74.50 74.53 74.51 74.32 74.19 74.16 74.27 74.24 74.03 74.17 74.32 74.34 74.33 74.73 73.69 75.20 75.37 75.46 75.24 75.21 74.80 74.83 74.84 75.19 74.88 75.17 75.36 75.62 75.85 75.93 76.18 76.31 76.45 76.48 76.68 76.70 76.78 76.88 76.91 76.94 76.96 77.00 77.09 77.14 77.13 77.14 77.08 77.07 77.02 77.00 76.93 76.92 76.78 76.74 76.69 76.62 76.52 76.38 76.31 76.24 76.25 76.13 76.15 76.15 76.10 75.90 76.01 75.79 75.88 77.96 76.19 75.58 75.78 75.71 75.54 75.48 75.54 75.50 75.48 75.39 75.55 75.52 75.56 75.60 75.57 75.58 75.62 75.69 75.68 75.69 75.74 75.72 75.80 75.85 75.94 76.07 76.18 76.31 76.46 76.77 76.86 76.82 76.98 77.00 77.17 77.26 77.33 77.39 77.39 77.34 77.36 77.33 77.33 77.27 77.15 77.30 77.19 77.07 76.99 76.98 76.78 76.67 76.50 76.44 75.94 75.82 76.16 76.04 76.01 75.99 75.95 75.96 75.93 75.86 75.90 75.85 75.86 75.57 75.75 76.06 76.03 76.03 76.20 76.31 76.22
51°N ||     76.28 76.28 76.24 76.23 76.24 76.24 76.17 76.15 76.16 76.14 76.10 76.04 75.99 75.92 75.84 75.74 75.64 75.54 75.48 75.41 75.28 75.29 75.23 75.15 75.12 75.07 75.02 74.98 74.94 74.91 74.86 74.80 74.74 74.70 74.71 74.72 74.65 74.62 74.48 74.36 74.30 74.31 74.35 74.39 74.32 74.47 74.65 74.85 75.15 75.26 75.36 75.45 75.56 75.62 75.64 75.41 74.98 74.91 75.04 75.32 75.45 75.67 75.84 76.13 76.15 76.28 76.39 76.53 76.64 76.72 76.85 76.94 77.00 77.00 77.06 77.09 77.11 77.02 77.29 77.36 77.14 77.13 77.17 76.91 77.07 76.99 76.87 76.84 76.88 76.77 76.74 76.66 76.56 76.48 76.40 76.35 76.28 76.12 76.27 76.15 76.13 76.12 75.80 77.31 78.00 75.99 75.45 75.79 75.74 75.65 75.65 75.63 75.63 75.65 75.71 75.63 75.66 75.64 75.69 75.71 75.69 75.73 75.70 75.71 75.75 75.75 75.73 75.81 75.87 75.94 76.02 76.17 76.33 76.45 76.62 76.65 76.85 76.92 77.06 77.14 77.22 77.28 77.38 77.36 77.38 77.37 77.29 77.34 77.32 77.25 77.22 77.11 77.09 76.90 76.70 76.74 76.63 76.52 76.44 76.37 76.27 76.21 76.15 76.08 76.06 76.06 76.00 76.01 75.96 75.94 75.92 75.94 75.87 76.04 76.06 75.99 76.07 76.22 76.32 76.31
53°N ||     76.28 76.25 76.29 76.29 76.27 76.25 76.21 76.17 76.14 76.06 76.08 76.03 75.94 75.87 75.77 75.65 75.51 75.53 75.50 75.43 75.38 75.34 75.28 75.24 75.18 75.14 75.09 75.04 75.02 74.97 74.93 74.91 74.86 74.84 74.85 74.84 74.84 74.76 74.64 74.55 74.47 74.46 74.50 74.55 74.67 74.82 74.91 75.05 75.18 75.33 75.45 75.52 75.59 75.65 75.71 75.77 75.33 75.46 75.22 75.66 76.03 76.12 76.21 76.26 76.35 76.45 76.62 76.70 76.79 76.84 77.00 77.05 77.07 77.10 77.15 77.21 77.22 77.18 77.26 77.22 77.15 77.21 77.16 77.20 77.11 77.23 77.16 76.98 76.95 76.81 76.82 76.75 76.64 76.60 76.48 76.39 76.41 76.61 76.29 76.27 76.13 76.13 76.03 75.93 75.71 75.73 75.70 75.87 75.78 75.83 75.77 75.77 75.71 75.77 75.76 75.74 75.79 75.84 75.77 75.82 75.77 75.75 75.68 75.72 75.75 75.72 75.71 75.80 75.85 75.90 76.04 76.17 76.29 76.40 76.40 76.56 76.68 76.82 76.86 76.95 76.98 77.08 77.10 77.20 77.23 77.25 77.19 77.20 77.08 77.08 77.09 77.08 76.90 76.76 76.70 76.59 76.63 76.52 76.45 76.38 76.31 76.23 76.18 76.15 76.12 76.09 76.11 76.08 75.91 75.97 75.93 76.02 76.00 76.00 76.04 76.15 76.26 76.26 76.32 76.33
55°N ||     76.37 76.34 76.28 76.22 76.24 76.14 76.16 76.18 76.14 76.10 76.07 75.99 75.95 75.85 75.82 75.67 76.81 75.48 75.52 75.48 75.44 75.39 75.35 75.33 75.26 75.21 75.16 75.11 75.07 75.04 75.01 75.00 74.97 74.98 74.97 74.98 74.94 74.91 74.86 74.79 74.71 74.71 74.66 74.69 74.78 74.91 75.05 75.45 75.40 75.52 75.56 75.58 75.83 75.67 75.76 75.86 75.95 75.99 76.15 76.24 76.31 76.39 76.53 76.58 76.68 76.77 76.80 76.88 76.92 77.00 77.10 77.14 77.16 77.22 77.25 77.21 77.24 77.24 77.28 77.36 77.18 77.21 77.24 77.18 77.27 77.15 77.03 77.02 76.91 76.91 76.86 76.83 76.73 76.64 76.50 76.47 76.46 76.44 76.37 76.30 76.25 76.19 76.09 76.09 76.06 75.97 75.91 75.92 75.92 75.87 75.87 75.87 75.83 75.89 75.84 75.90 75.97 75.94 75.93 75.90 75.81 75.78 75.74 75.72 75.68 75.70 75.80 75.86 75.86 75.90 76.01 76.13 76.22 76.25 76.36 76.48 76.58 76.67 76.69 76.75 76.81 76.88 76.91 76.99 77.02 76.98 77.00 77.00 76.81 76.83 76.91 76.81 76.79 76.66 76.59 76.64 76.47 76.54 76.49 76.32 76.26 76.24 76.21 76.21 76.14 76.14 76.10 76.04 76.01 76.05 76.06 75.95 75.98 75.98 76.10 76.26 76.27 76.34 76.39 76.41
57°N ||     76.37 76.36 76.33 76.29 76.31 76.23 76.17 76.14 76.13 76.13 76.04 75.97 75.97 75.88 75.81 75.78 75.56 75.59 75.54 75.53 75.49 75.46 75.41 75.37 75.34 75.30 75.25 75.20 75.20 75.15 75.13 75.11 75.10 75.10 75.09 75.09 75.08 75.06 75.04 74.95 74.92 74.87 74.86 74.87 74.94 75.06 75.19 75.30 75.45 75.52 75.58 75.62 75.66 75.74 75.84 75.94 76.05 76.17 76.29 76.39 76.58 76.64 76.69 76.74 76.81 76.84 76.91 76.98 77.02 77.11 77.13 77.55 77.27 77.27 77.28 77.33 77.31 77.27 77.28 77.27 77.25 77.35 77.18 77.20 76.75 77.88 77.06 77.00 76.98 76.90 76.91 76.79 76.73 76.68 76.65 76.54 76.53 76.44 76.39 76.27 76.27 76.23 76.12 76.03 75.99 76.00 75.99 75.93 76.01 75.96 75.94 75.98 76.03 76.02 76.02 76.05 76.09 76.04 75.99 75.88 75.84 75.85 75.81 75.76 75.76 75.78 75.75 75.80 75.86 75.89 75.99 76.03 76.14 76.15 76.21 76.30 76.44 76.49 76.53 76.50 76.64 76.62 76.73 76.82 76.83 76.80 76.78 76.81 76.78 76.71 76.76 76.71 76.73 76.71 76.58 76.62 76.52 76.55 76.51 76.39 76.32 76.33 76.24 76.21 76.19 76.13 76.12 76.09 76.00 76.07 76.06 76.02 76.15 76.09 76.11 76.21 76.31 76.31 76.35 76.36
59°N ||     76.34 76.36 76.34 76.25 76.31 76.29 76.13 76.22 76.21 76.21 76.15 76.09 76.02 75.96 75.87 75.77 75.79 75.70 75.66 75.61 75.57 75.53 75.47 75.43 75.43 75.41 75.39 75.36 75.33 75.30 75.28 75.25 75.23 75.24 75.27 75.24 75.24 75.24 75.18 75.12 75.09 75.07 75.07 75.15 75.19 75.30 75.37 75.45 75.53 75.59 75.64 75.73 75.77 75.85 75.95 76.03 76.14 76.26 76.37 76.53 76.72 76.63 76.86 76.90 76.92 76.97 77.04 77.09 77.12 77.12 77.20 77.20 77.23 77.30 77.32 77.32 77.28 77.35 77.39 77.36 77.27 77.25 77.26 77.20 77.17 77.15 77.11 77.09 77.03 76.91 76.82 76.85 76.74 76.73 76.55 76.60 76.58 76.51 76.38 76.34 76.27 76.24 76.21 76.17 76.16 76.13 76.02 76.02 76.04 76.07 76.12 76.14 76.13 76.13 76.07 76.12 76.12 76.12 76.00 75.96 75.93 75.89 75.81 75.82 75.77 75.77 75.75 75.79 75.83 75.85 75.93 75.92 76.06 76.17 76.14 76.07 76.23 76.28 76.27 76.39 76.48 76.38 76.51 76.59 76.59 76.54 76.60 76.59 76.60 76.60 76.60 76.63 76.61 76.56 76.55 76.59 76.56 76.48 76.47 76.40 76.43 76.33 76.29 76.23 76.19 76.15 76.04 76.05 76.03 76.07 76.11 76.12 76.16 76.16 76.19 76.22 76.29 76.37 76.26 76.33
61°N ||     76.33 76.33 76.31 76.32 76.30 76.34 76.26 76.22 76.25 76.16 76.11 76.12 76.07 76.00 75.93 75.88 75.83 75.78 75.74 75.67 75.63 75.61 75.58 75.55 75.52 75.51 75.48 75.46 75.44 75.44 75.43 75.41 75.43 75.43 75.41 75.40 75.39 75.40 75.38 75.57 75.36 75.35 75.36 75.38 75.40 75.43 75.47 75.53 75.62 75.68 75.71 75.85 75.95 76.03 76.11 76.22 76.31 76.41 76.51 76.59 76.74 76.88 76.94 76.99 77.06 77.43 77.00 77.17 77.20 77.21 77.29 77.19 77.26 77.38 77.43 77.40 77.37 77.39 77.31 77.34 77.29 77.29 77.24 77.25 77.18 77.15 77.08 77.04 76.97 76.91 76.83 76.80 76.77 76.69 76.68 76.67 76.54 76.47 76.45 76.36 76.32 76.27 76.20 76.19 76.17 76.19 76.10 76.15 76.13 76.18 76.17 76.18 76.20 76.19 76.13 76.18 76.14 76.13 76.10 75.98 76.03 76.00 75.78 75.86 75.83 75.80 75.76 75.73 75.76 75.82 75.82 75.86 75.90 75.68 75.93 76.05 76.08 76.07 76.18 76.24 76.29 76.18 76.36 76.40 76.42 76.33 76.40 76.39 76.45 76.48 76.45 76.49 76.45 76.41 76.46 76.47 76.42 76.40 76.42 76.36 76.33 76.34 76.28 76.26 76.23 76.09 76.16 76.14 76.07 76.12 76.09 76.15 76.18 76.17 76.24 76.25 76.22 76.31 76.30 76.25
63°N ||     76.38 76.29 76.28 76.92 76.30 76.33 76.33 76.31 76.28 76.26 76.22 76.14 76.13 76.06 76.03 76.00 75.95 75.91 75.82 75.73 75.63 75.71 75.68 75.65 75.63 75.62 75.59 75.60 75.59 75.57 75.56 75.54 75.53 75.52 75.50 75.49 75.48 75.49 75.49 75.48 75.47 75.49 75.50 75.52 75.56 75.59 75.63 75.65 75.74 75.82 75.94 76.02 76.12 76.23 76.36 76.42 76.50 76.59 76.70 76.73 76.81 76.92 77.02 77.11 77.11 77.13 77.25 77.24 77.22 77.22 77.28 77.24 77.30 77.30 77.33 77.38 77.34 77.28 77.27 77.30 77.28 77.27 77.19 77.13 77.09 76.90 76.93 76.90 76.89 76.85 76.83 76.75 76.66 76.62 76.65 76.46 76.43 76.43 76.40 76.35 76.33 76.28 76.23 76.23 76.24 76.22 76.21 76.22 76.21 76.19 76.23 76.21 76.25 76.21 76.19 76.17 76.17 76.11 76.16 76.10 76.05 76.02 76.01 75.94 75.90 75.86 75.80 75.78 75.76 75.76 75.77 75.81 75.85 75.85 75.90 75.97 76.01 76.01 76.08 76.00 76.15 76.04 76.19 76.25 76.18 76.28 76.27 76.29 76.32 76.33 76.31 76.32 76.39 76.39 76.38 76.35 76.36 76.32 76.35 76.36 76.33 76.29 76.31 76.28 76.19 76.23 76.22 76.23 76.09 76.14 76.16 76.19 76.13 76.22 76.28 76.31 76.28 76.32 76.33 76.35
65°N ||     76.35 76.43 76.35 76.41 76.40 76.37 76.35 76.36 76.20 76.26 76.22 76.22 76.22 76.20 76.32 76.08 76.05 76.01 75.93 75.97 75.93 75.86 75.84 75.82 75.80 75.78 75.71 75.73 75.72 75.70 75.67 75.65 75.64 75.62 75.60 75.57 75.57 75.58 75.56 75.55 75.56 75.58 75.61 75.64 75.69 75.74 75.78 75.85 75.90 75.98 76.06 76.08 76.25 76.40 76.51 76.63 76.74 76.87 76.92 76.95 76.97 77.07 77.11 77.10 77.19 77.22 77.23 77.17 77.21 77.26 77.17 77.19 77.27 77.28 77.28 77.30 77.29 77.24 77.25 77.23 77.24 77.17 77.13 76.89 77.89 79.75 76.44 76.78 76.85 76.77 76.79 76.67 76.68 76.56 76.54 76.48 76.43 76.40 76.40 76.36 76.31 76.30 76.27 76.19 76.26 76.18 76.17 76.20 76.20 76.18 76.23 76.23 76.26 76.21 76.12 76.14 76.21 76.14 76.12 76.16 76.13 76.08 76.06 75.95 75.94 75.83 75.85 75.80 75.79 75.72 75.77 75.76 75.76 75.78 75.84 75.82 75.88 75.90 75.87 75.94 76.00 76.00 76.06 76.08 76.04 76.14 76.13 76.16 76.15 76.17 76.21 76.22 76.23 76.26 76.15 76.27 76.26 76.31 76.30 76.29 76.23 76.22 76.30 76.29 76.22 76.29 76.29 76.17 76.25 76.19 76.28 76.27 76.24 76.25 76.26 76.31 76.24 76.25 76.37 76.18
67°N ||     76.43 76.41 76.45 76.42 76.40 76.47 76.44 76.39 76.42 76.38 76.27 76.30 76.33 76.24 76.26 76.21 76.20 76.17 76.15 76.14 76.03 76.06 75.98 75.94 75.93 75.86 75.92 75.90 75.84 75.82 75.81 75.75 75.76 75.70 75.88 75.66 75.65 75.65 75.64 75.65 75.66 75.69 75.75 75.77 75.81 75.88 75.95 76.04 76.11 76.19 76.30 76.41 76.52 76.64 76.77 76.89 77.02 77.12 77.22 77.31 77.34 77.32 77.25 77.21 77.21 77.21 77.17 77.20 77.25 77.22 77.24 77.24 77.21 77.26 77.25 77.21 77.19 77.10 77.23 77.18 77.15 77.10 76.97 76.93 76.91 76.80 76.78 76.79 76.75 76.77 76.69 76.63 76.61 76.53 76.50 76.44 76.40 76.37 76.34 76.27 76.23 76.27 76.24 76.17 76.19 76.19 76.19 76.16 76.13 76.07 76.11 76.20 76.24 76.20 76.18 76.18 76.11 76.16 76.15 76.14 76.12 76.05 76.07 76.03 75.98 75.95 75.93 75.85 75.80 75.79 75.75 75.71 75.72 75.72 75.68 75.77 75.78 75.80 75.67 75.85 75.89 75.94 75.96 75.93 75.96 75.97 75.88 76.04 76.04 76.07 76.06 76.14 76.13 76.16 76.18 76.18 76.19 76.21 76.22 76.25 76.16 76.17 76.18 76.23 76.22 76.22 76.29 76.30 76.30 76.27 76.31 76.27 76.34 76.32 76.25 76.29 76.30 76.39 76.37 76.41
69°N ||     76.32 76.46 76.46 76.43 76.45 76.46 76.43 76.46 76.37 76.48 76.41 76.39 76.37 76.39 76.28 76.23 76.22 76.29 76.31 76.24 76.25 76.24 76.21 76.18 76.10 76.09 75.88 76.05 76.04 75.93 76.01 75.90 75.91 75.84 75.78 75.74 75.76 75.75 75.76 75.76 75.77 75.84 75.89 75.94 76.00 76.07 76.20 76.31 76.43 76.52 76.59 76.66 76.70 76.79 76.86 76.96 77.02 77.05 77.14 77.16 77.17 77.18 77.16 77.15 77.12 77.14 77.16 77.16 77.12 77.17 77.18 77.15 77.21 77.19 77.09 77.14 77.13 77.06 77.07 77.03 76.98 76.95 76.97 76.90 76.80 76.81 76.70 76.66 76.63 76.59 76.59 76.53 76.46 76.44 76.44 76.31 76.33 76.33 76.29 76.27 76.25 76.24 76.22 76.16 76.17 76.22 76.19 76.16 76.16 76.18 76.05 76.07 76.15 76.14 76.17 76.14 76.11 76.13 76.12 76.06 76.02 76.05 76.03 76.02 75.94 75.93 75.92 75.90 75.87 75.84 75.80 75.75 75.74 75.71 75.67 75.65 75.68 75.74 75.78 75.77 75.79 75.79 75.82 75.83 75.84 75.85 75.87 75.91 75.92 75.91 75.96 75.94 75.98 76.04 76.08 76.11 76.09 76.13 76.24 76.20 76.17 76.16 76.16 76.22 76.22 76.26 76.27 76.32 76.30 76.27 76.26 76.33 76.35 76.38 76.46 76.42 76.39 76.42 76.38 76.36
71°N ||     76.45 76.50 76.54 76.47 76.44 76.49 76.87 76.40 76.47 76.48 76.39 76.42 76.44 76.40 76.47 76.49 76.48 76.42 76.52 76.35 76.28 76.37 76.36 76.32 76.26 76.23 76.17 76.11 76.15 76.06 76.08 76.09 76.10 75.99 76.06 76.06 75.98 75.98 76.00 76.01 75.97 76.08 76.11 76.15 76.22 76.27 76.35 76.46 76.52 76.62 76.69 76.74 76.75 76.73 76.79 76.81 76.83 76.86 76.90 76.90 76.87 76.92 76.92 76.95 77.06 77.00 77.01 77.04 77.12 77.05 77.08 77.05 77.04 77.08 77.02 76.97 76.97 77.00 76.96 76.90 76.86 76.85 76.81 76.75 76.70 76.67 76.63 76.62 76.58 76.49 76.41 76.35 76.38 76.39 76.32 76.31 76.27 76.25 76.24 76.20 76.15 76.12 76.10 76.09 76.13 76.15 76.14 76.10 76.12 76.11 76.15 76.11 76.09 76.10 76.06 76.10 76.05 76.04 75.98 76.04 75.95 76.01 75.99 75.92 75.93 75.92 75.91 75.91 75.87 75.83 75.80 75.81 75.78 75.76 75.71 75.72 75.69 75.67 75.66 75.65 75.63 75.62 75.64 75.66 75.69 75.72 75.77 75.79 75.85 75.84 75.89 75.89 75.89 75.91 75.97 75.96 76.05 76.09 76.13 76.15 76.17 76.11 76.20 76.21 76.23 76.28 76.26 76.29 76.20 76.32 76.31 76.30 76.25 76.35 76.37 76.40 76.47 76.37 76.43 76.42
73°N ||     76.50 76.55 76.56 76.51 76.47 76.57 76.59 76.55 76.55 76.59 76.64 76.56 76.58 76.49 76.67 76.54 76.52 76.50 76.45 76.45 76.48 76.30 76.31 76.36 76.29 76.37 76.29 76.56 76.41 76.34 76.39 76.28 76.23 76.18 76.12 76.17 76.11 76.14 76.16 76.22 76.25 76.30 76.32 76.35 76.41 76.45 76.48 76.51 76.55 76.60 76.67 76.77 76.73 76.74 76.73 76.72 76.69 76.68 76.64 76.68 76.71 76.74 76.76 76.76 76.79 76.84 76.87 76.84 76.83 76.86 76.92 76.97 76.96 76.87 76.92 76.93 76.94 76.86 76.81 76.73 76.73 76.69 76.65 76.61 76.62 76.60 76.56 76.51 76.46 76.46 76.39 76.26 76.26 76.26 76.24 76.16 76.17 76.16 76.13 76.14 76.11 76.11 76.08 76.00 76.06 76.07 76.02 76.01 76.01 75.98 76.02 76.03 76.06 76.06 76.03 76.06 76.07 76.02 75.96 75.93 75.96 76.00 75.98 75.92 75.91 75.89 75.86 75.88 75.82 75.81 75.79 75.77 75.78 75.74 75.76 75.73 75.71 75.69 75.68 75.69 75.70 75.72 75.73 75.74 75.75 75.77 75.78 75.80 75.83 75.84 75.83 75.88 75.88 75.91 75.91 75.91 75.99 76.03 76.05 76.04 76.13 76.12 76.10 76.16 76.22 76.26 76.21 76.27 76.32 76.35 76.04 77.16 76.17 75.61 76.34 76.39 76.49 76.47 76.36 76.44
75°N ||     76.46 76.55 76.49 76.53 76.54 76.63 76.51 76.58 76.59 76.59 76.63 76.56 76.58 76.65 76.58 76.62 76.62 76.47 76.54 76.57 76.53 76.61 76.64 76.71 76.58 76.44 76.47 76.47 76.28 76.34 76.36 76.31 76.41 76.44 76.49 76.36 76.32 76.33 76.26 76.35 76.33 76.37 76.44 76.43 76.43 76.38 76.45 76.49 76.52 76.60 76.64 76.65 76.65 76.66 76.66 76.76 76.64 76.63 76.64 76.66 76.71 76.75 76.77 76.77 76.77 76.74 76.71 76.73 76.76 76.69 76.78 76.78 76.78 76.79 76.76 76.79 76.74 76.73 76.65 76.67 76.60 76.59 76.54 76.65 76.50 76.44 76.39 76.35 76.34 76.34 76.28 76.26 76.22 76.18 76.18 76.15 76.21 76.08 76.05 76.03 76.02 76.02 76.01 75.98 75.99 76.01 76.01 75.99 75.95 76.00 75.98 75.96 76.00 76.00 75.99 75.98 75.96 75.98 75.93 75.93 75.93 75.92 75.87 75.94 75.94 75.92 75.85 75.84 75.84 75.79 75.83 75.81 75.82 75.79 75.74 75.76 75.74 75.74 75.73 75.73 75.72 75.76 75.77 75.70 75.74 75.77 75.80 75.81 75.78 75.79 75.81 75.85 75.86 75.88 75.90 75.91 75.93 75.99 76.02 76.05 76.05 76.11 76.11 76.17 76.19 76.18 76.19 76.22 76.26 76.30 76.30 76.34 76.30 76.48 76.50 76.52 76.52 76.52 76.49 76.43
77°N ||     76.59 76.49 76.30 76.22 76.33 76.54 76.46 76.18 76.19 76.50 76.58 76.58 76.60 76.57 76.56 76.43 76.26 76.29 76.18 76.42 76.27 76.35 76.68 76.91 76.56 76.43 76.41 76.51 76.46 76.45 76.43 76.43 76.47 76.40 76.16 76.38 76.30 76.36 76.34 76.31 76.43 76.40 76.34 76.34 76.40 76.46 76.48 76.51 76.54 76.56 76.57 76.60 76.49 76.64 76.66 76.69 76.71 76.71 76.70 76.70 76.73 76.22 76.23 76.52 76.62 76.59 76.59 76.61 76.55 76.54 76.59 76.60 76.60 76.61 76.57 76.58 76.56 76.56 76.59 76.57 76.53 76.44 76.43 76.41 76.40 76.35 76.26 76.24 76.29 76.25 76.26 76.22 76.16 76.09 76.08 76.10 76.10 76.08 76.05 76.02 76.01 76.01 75.98 76.03 75.98 75.97 75.97 75.96 75.96 75.96 75.96 75.95 75.93 75.89 75.90 75.89 75.93 75.88 75.89 75.83 75.86 75.88 75.89 75.90 75.89 75.90 75.88 75.87 75.84 75.81 75.83 75.80 75.78 75.74 75.60 75.70 75.76 75.76 75.78 75.77 75.74 75.75 75.75 75.75 75.76 75.75 75.78 75.76 75.78 75.76 75.80 75.83 75.83 75.86 75.89 75.91 75.93 75.95 75.92 75.97 75.99 76.04 76.10 76.14 76.15 76.16 76.19 76.25 76.26 76.23 76.29 76.25 76.29 76.35 76.33 76.48 76.56 76.55 76.49 76.54
79°N ||     76.33 76.24 76.24 76.31 76.33 76.29 76.26 76.26 76.28 76.27 76.28 76.16 76.34 76.31 76.33 76.39 76.40 76.43 76.43 76.38 76.37 76.45 76.44 76.46 76.50 76.53 76.47 76.30 76.35 76.27 76.31 76.33 76.36 76.36 76.33 76.37 76.34 76.41 76.39 76.38 76.39 76.41 76.41 76.37 76.32 76.34 76.36 76.39 76.41 76.47 76.52 76.49 76.51 76.54 76.57 76.57 76.54 76.58 76.63 76.62 76.65 76.67 76.66 76.67 76.62 76.62 76.67 76.63 76.55 76.51 76.46 76.43 76.37 76.39 76.40 76.28 76.25 76.28 76.36 76.37 76.28 76.32 76.21 75.90 76.07 76.29 75.63 75.75 76.09 75.41 75.59 75.87 75.71 75.52 75.78 75.44 75.51 75.83 75.72 75.56 75.62 75.65 75.70 75.89 75.91 75.87 75.90 75.91 75.93 75.91 75.91 75.91 75.90 75.90 75.87 75.88 75.87 75.87 75.86 75.74 76.10 75.74 75.84 75.83 75.81 75.84 75.82 75.80 75.81 75.81 75.81 75.82 75.80 75.81 75.80 75.81 75.82 75.82 75.79 75.80 75.79 75.77 75.73 75.74 75.75 75.71 75.66 75.67 75.70 75.74 75.76 75.74 75.80 75.84 75.84 75.89 75.87 75.92 75.91 75.92 75.95 76.00 76.02 76.07 76.09 76.13 76.11 76.11 76.14 76.23 76.23 76.25 76.26 76.29 76.31 76.27 76.27 76.37 76.37 76.35
81°N ||     75.70 75.71 75.72 75.75 75.72 75.72 75.74 75.73 75.73 75.75 75.76 75.78 75.79 75.81 75.83 75.85 75.85 75.87 75.87 75.89 75.89 75.91 75.93 75.96 75.98 76.03 76.09 76.16 76.16 76.21 76.27 76.20 76.20 76.33 75.99 75.99 75.86 76.03 75.67 75.75 75.89 75.94 76.22 76.22 76.23 76.28 76.34 76.31 76.17 76.14 75.80 75.78 75.68 75.79 76.11 75.90 75.93 75.91 75.88 75.92 76.26 76.12 76.17 76.17 76.22 76.26 76.33 76.08 75.97 75.79 75.79 75.85 75.56 75.69 75.60 75.46 75.38 75.45 75.36 75.28 75.26 75.15 75.17 75.11 75.10 75.13 75.04 75.02 75.03 74.99 75.02 75.07 74.95 74.95 75.07 74.98 74.99 74.90 74.90 74.92 75.07 75.11 75.11 75.11 75.11 75.14 75.02 75.35 75.38 75.66 75.63 75.39 75.49 75.78 75.61 75.66 75.54 75.60 75.73 75.47 75.49 75.45 75.49 75.50 75.61 75.79 75.54 75.58 75.59 75.59 75.61 75.60 75.60 75.61 75.62 75.63 75.68 75.73 75.78 75.79 75.79 75.79 75.79 75.78 75.79 75.76 75.77 75.79 75.80 75.84 75.84 75.86 75.87 75.89 75.89 75.88 75.88 75.91 75.92 75.89 75.90 75.92 75.94 75.95 75.95 75.94 75.93 75.91 75.90 75.85 75.80 75.82 75.81 75.80 75.80 75.77 75.74 75.71 75.71 75.70
83°N ||     75.51 75.51 75.51 75.51 75.51 75.50 75.51 75.51 75.52 75.53 75.54 75.55 75.56 75.57 75.58 75.59 75.61 75.62 75.65 75.65 75.67 75.68 75.68 75.68 75.67 75.64 75.73 75.71 75.73 75.43 75.38 75.30 75.40 75.44 75.30 75.38 75.28 75.29 75.29 75.25 75.19 75.24 75.15 75.10 75.11 75.18 75.17 75.14 75.18 75.21 75.27 75.32 75.41 75.45 75.29 75.33 75.25 75.20 75.19 75.25 75.20 75.47 75.44 75.80 75.92 76.02 76.12 76.19 76.18 75.96 75.80 75.60 75.48 75.40 75.36 75.29 75.24 75.20 75.16 75.14 75.12 75.09 75.07 75.06 75.03 75.00 74.98 74.96 74.95 74.95 74.95 74.94 74.94 74.92 74.91 74.89 74.88 74.87 74.86 74.85 74.84 74.82 74.81 74.80 74.79 74.78 74.77 74.77 74.78 74.84 74.92 75.01 75.00 75.03 74.96 75.02 75.10 75.13 75.09 75.04 75.02 75.03 75.14 75.07 75.10 75.04 75.09 75.11 75.07 75.10 75.03 75.05 75.10 75.17 75.14 75.13 75.15 75.09 75.12 75.13 75.19 75.31 75.35 75.40 75.57 75.55 75.68 75.79 75.81 75.79 75.77 75.76 75.76 75.77 75.80 75.82 75.81 75.80 75.76 75.74 75.73 75.72 75.71 75.69 75.67 75.66 75.64 75.63 75.62 75.61 75.60 75.60 75.58 75.57 75.57 75.56 75.54 75.52 75.51 75.51
85°N ||     75.60 75.53 75.59 75.66 75.70 75.85 75.27 75.22 75.32 75.41 75.17 75.29 75.22 75.18 75.22 75.31 75.04 74.95 74.94 74.94 74.94 75.05 75.24 75.13 75.12 75.18 75.32 75.22 75.19 75.29 75.25 74.87 74.90 75.03 74.90 74.86 74.85 74.85 74.85 74.87 74.86 74.92 74.88 74.84 74.86 74.83 74.79 74.79 74.79 74.86 74.87 74.85 74.88 74.98 74.97 74.92 74.92 74.94 74.97 74.99 75.00 74.98 75.04 75.00 74.98 74.98 75.09 75.09 75.23 75.31 75.37 75.50 75.39 75.38 75.37 75.45 75.55 75.67 75.72 75.72 75.73 75.68 75.48 75.34 75.18 75.16 75.18 75.22 75.26 75.36 75.62 75.64 75.03 74.95 74.94 74.97 74.94 74.92 74.87 74.84 74.82 74.86 74.81 74.79 74.77 74.76 74.75 74.74 74.73 74.72 74.72 74.72 74.72 74.73 74.74 74.75 74.76 74.77 74.77 74.77 74.78 74.79 74.80 74.79 74.79 74.79 74.78 74.78 74.79 74.78 74.79 74.78 74.78 74.79 74.80 74.80 74.84 74.84 74.83 74.91 74.82 74.82 74.82 74.97 74.99 75.01 75.06 75.19 75.07 74.99 75.04 74.98 75.12 75.15 75.23 75.32 75.15 75.23 75.30 75.33 75.31 75.22 75.27 75.43 75.37 75.40 75.49 75.69 75.55 75.73 75.59 75.49 75.43 75.38 75.44 75.53 75.58 75.46 75.47 75.49
87°N ||     74.65 74.71 74.69 74.70 74.74 74.70 74.70 74.68 74.61 74.58 74.59 74.59 74.62 74.64 74.61 74.56 74.56 74.57 74.55 74.55 74.56 74.61 74.60 74.49 74.50 74.50 74.53 74.54 74.56 74.56 74.57 74.52 74.48 74.50 74.47 74.42 74.38 74.38 74.37 74.38 74.42 74.40 74.45 74.44 74.40 74.33 74.32 74.31 74.33 74.36 74.36 74.36 74.37 74.38 74.44 74.50 74.51 74.54 74.56 74.56 74.53 74.51 74.50 74.49 74.48 74.48 74.47 74.48 74.49 74.52 74.62 74.76 74.77 74.74 74.75 74.71 74.77 74.72 74.71 74.75 74.69 74.66 74.65 74.65 74.68 74.65 74.67 74.74 74.68 74.73 74.64 74.60 74.63 74.59 74.54 74.54 74.56 74.55 74.58 74.57 74.54 74.49 74.50 74.54 74.54 74.47 74.46 74.45 74.43 74.42 74.41 74.44 74.41 74.42 74.43 74.44 74.45 74.47 74.45 74.54 74.43 74.44 74.46 74.49 74.55 74.59 74.50 74.50 74.54 74.54 74.58 74.52 74.44 74.44 74.43 74.43 74.43 74.46 74.51 74.52 74.52 74.53 74.54 74.53 74.56 74.56 74.57 74.55 74.51 74.46 74.51 74.46 74.53 74.50 74.44 74.44 74.46 74.62 74.56 74.61 74.55 74.67 74.67 74.72 74.72 74.73 74.69 74.66 74.67 74.68 74.67 74.71 74.74 74.74 74.75 74.76 74.72 74.73 74.77 74.71
89°N ||     74.21 74.20 74.21 74.23 74.23 74.15 74.15 74.11 74.11 74.11 74.11 74.10 74.10 74.09 74.09 74.09 74.08 74.07 74.08 74.07 74.07 74.07 74.09 74.08 74.07 74.08 74.07 74.04 74.03 74.01 74.00 73.99 73.98 73.97 73.97 73.96 73.96 73.95 73.95 73.94 73.94 73.94 73.93 73.93 73.93 73.93 73.92 73.92 73.93 73.93 73.94 73.95 73.96 73.98 74.00 74.02 74.03 74.04 74.05 74.05 74.05 74.06 74.07 74.07 74.08 74.09 74.10 74.11 74.11 74.11 74.12 74.12 74.13 74.14 74.15 74.16 74.17 74.18 74.19 74.20 74.20 74.19 74.19 74.20 74.19 74.21 74.21 74.20 74.20 74.20 74.20 74.22 74.24 74.23 74.21 74.19 74.18 74.20 74.25 74.26 74.23 74.19 74.19 74.18 74.17 74.16 74.15 74.14 74.13 74.12 74.12 74.11 74.11 74.10 74.10 74.09 74.09 74.08 74.08 74.08 74.08 74.08 74.07 74.08 74.09 74.08 74.08 74.07 74.06 74.05 74.05 74.05 74.04 74.04 74.02 74.01 74.00 73.99 73.98 73.97 73.97 73.96 73.96 73.96 73.96 73.96 73.96 73.97 73.97 73.98 73.99 74.00 74.01 74.02 74.04 74.05 74.07 74.08 74.07 74.05 74.05 74.06 74.07 74.07 74.06 74.07 74.07 74.08 74.09 74.09 74.11 74.12 74.13 74.14 74.15 74.16 74.17 74.18 74.18 74.20
