East longitude (degrees): -179:2:179
North latitude (degrees): -89:2:89

Absorbed dose on Martian Surface (1E-6 Gy/day), 2D array where Absorbed dose(i,j)= value at latitude(i) and longitude(j).
74.52 74.56 74.61 74.62 74.62 74.62 74.61 74.63 74.66 74.69 74.83 74.89 74.86 74.91 75.10 75.20 75.24 75.31 75.33 75.22 75.16 75.30 75.32 75.27 75.22 75.20 75.14 75.15 75.24 75.20 75.29 75.40 75.34 75.28 75.37 75.30 75.22 75.16 75.08 75.02 74.97 74.90 74.85 74.83 74.81 74.81 74.80 74.81 74.80 74.79 74.77 74.77 74.74 74.73 74.73 74.73 74.66 74.63 74.61 74.61 74.60 74.58 74.58 74.55 74.56 74.59 74.60 74.49 74.45 74.45 74.40 74.39 74.38 74.39 74.35 74.33 74.31 74.30 74.29 74.30 74.28 74.30 74.30 74.29 74.30 74.31 74.31 74.30 74.29 74.30 74.31 74.34 74.35 74.35 74.36 74.36 74.36 74.36 74.37 74.37 74.35 74.34 74.33 74.33 74.34 74.35 74.35 74.36 74.37 74.37 74.38 74.37 74.34 74.36 74.40 74.43 74.42 74.42 74.42 74.44 74.46 74.47 74.48 74.50 74.53 74.56 74.56 74.58 74.61 74.62 74.64 74.64 74.65 74.66 74.67 74.70 74.70 74.70 74.70 74.70 74.66 74.67 74.65 74.62 74.63 74.63 74.62 74.60 74.57 74.54 74.54 74.52 74.52 74.48 74.46 74.44 74.43 74.42 74.41 74.42 74.41 74.40 74.40 74.38 74.38 74.37 74.38 74.39 74.40 74.41 74.43 74.45 74.45 74.46 74.47 74.48 74.49 74.50 74.51 74.52
76.35 76.44 76.47 76.60 76.57 76.64 76.54 76.52 76.49 76.40 76.40 76.38 76.28 76.16 76.11 76.09 76.11 76.12 76.11 76.07 76.06 76.11 76.24 76.28 76.25 76.20 76.20 76.10 76.18 76.02 76.26 76.28 76.12 76.10 76.10 76.10 76.07 76.03 76.05 76.04 75.99 76.04 76.00 75.97 75.94 75.92 75.92 75.86 75.81 75.76 75.63 75.78 75.60 75.35 75.37 75.32 75.21 75.09 75.03 75.01 75.16 74.70 74.77 74.54 74.48 74.46 74.41 74.38 74.36 74.34 74.28 74.24 74.29 74.28 74.04 73.99 73.92 73.84 73.81 73.96 73.69 73.53 73.52 73.44 73.41 73.42 73.44 73.47 73.49 73.52 73.55 73.55 73.57 73.56 73.57 73.93 73.84 74.00 73.88 74.07 74.06 74.06 74.14 74.15 74.19 74.27 74.32 74.47 74.55 74.61 74.47 74.46 74.49 74.52 74.54 74.53 74.58 74.61 74.68 74.68 74.75 74.80 74.81 74.86 74.93 74.91 74.93 74.99 75.06 75.04 75.11 75.12 75.13 75.19 75.32 75.45 75.53 75.68 75.60 75.43 75.29 75.25 75.22 75.20 75.15 75.16 75.11 74.86 74.83 74.82 74.82 74.83 74.87 74.86 74.85 74.86 74.92 75.02 75.11 75.10 75.17 75.24 75.32 75.36 75.47 75.56 75.67 75.72 75.87 75.91 76.09 76.10 76.12 76.11 76.20 76.08 75.82 75.95 76.34 76.56
75.78 75.79 75.81 75.82 75.83 75.82 75.84 75.89 75.88 75.88 75.88 75.88 75.89 75.97 75.90 75.83 75.84 75.95 75.94 75.94 75.94 75.96 75.99 76.00 75.98 75.98 76.02 76.12 76.19 76.33 76.68 76.71 76.69 76.68 76.72 76.56 76.77 76.66 76.60 76.54 76.77 77.06 77.00 77.03 76.80 76.76 76.65 76.55 76.46 76.36 76.40 76.28 76.26 76.23 76.48 76.57 76.28 76.11 76.16 76.52 76.35 75.46 75.34 75.38 75.49 75.57 75.42 75.51 75.49 75.11 75.24 75.13 74.86 74.79 74.84 74.60 74.90 75.15 75.41 75.08 74.93 74.85 74.91 74.92 75.01 74.88 74.81 74.68 74.68 74.79 74.68 74.70 74.81 74.78 74.78 74.79 74.81 74.86 74.89 74.99 74.95 75.07 75.35 75.64 75.56 75.51 75.49 75.50 75.46 75.52 75.62 75.67 75.72 75.79 75.57 75.63 75.74 75.77 75.69 75.61 75.59 75.63 75.66 75.76 75.87 75.95 75.95 75.89 75.89 75.83 75.78 75.75 75.70 75.71 75.74 75.84 76.41 77.59 78.03 77.74 77.06 76.76 76.64 76.68 76.21 75.98 75.87 75.76 75.81 75.88 75.76 75.79 75.84 75.99 76.15 76.21 76.24 76.26 76.22 76.22 76.21 76.04 75.89 75.82 75.79 75.89 75.96 76.04 76.18 76.37 76.12 76.18 76.15 76.10 76.03 75.98 75.94 75.93 75.82 75.78
75.89 75.91 75.93 75.94 75.95 75.95 75.97 75.98 76.00 76.02 76.04 76.07 76.10 76.12 76.10 76.11 76.13 76.16 76.20 76.22 76.25 76.28 76.31 76.35 76.40 76.46 76.50 76.57 76.68 76.81 76.73 76.57 76.54 76.47 76.59 76.71 76.69 76.64 76.71 76.77 76.51 76.52 76.54 76.55 76.58 76.61 76.58 77.12 77.23 77.31 77.22 77.23 77.15 77.15 77.17 77.13 77.07 77.38 77.48 77.48 76.98 77.34 77.23 77.11 77.47 77.15 77.16 77.13 77.57 77.20 77.52 77.80 78.01 78.03 77.85 77.67 77.71 77.69 77.67 77.79 77.76 77.71 77.53 77.56 77.58 77.48 77.41 77.39 77.45 77.43 77.14 77.13 77.25 77.67 77.18 77.09 76.98 76.92 76.95 76.81 77.03 76.48 76.64 76.37 76.79 77.05 77.11 76.85 76.73 76.76 76.81 76.96 77.23 77.32 77.42 77.39 76.94 76.96 76.88 76.87 76.79 76.78 76.44 76.36 76.43 76.49 76.49 76.34 76.33 76.48 76.40 76.42 76.59 76.60 76.82 77.44 78.34 78.24 78.27 78.25 78.27 76.96 76.84 76.90 76.86 77.00 76.96 76.88 76.85 76.84 76.78 76.66 76.54 76.49 76.44 76.29 76.22 76.27 76.59 76.97 77.50 77.81 77.34 76.75 75.97 75.97 75.67 75.60 75.57 75.56 75.67 75.89 76.43 76.42 76.13 75.92 75.83 75.80 75.83 75.86
76.22 76.29 76.29 76.44 76.18 76.25 76.30 76.35 76.40 76.46 76.52 76.60 76.77 76.81 76.58 76.56 76.60 76.65 76.71 76.76 76.81 76.85 76.87 76.91 76.95 77.00 77.07 77.10 77.13 77.17 77.21 77.39 77.35 77.38 77.50 77.45 77.21 77.25 77.22 77.25 77.45 77.28 76.94 77.00 76.82 76.68 76.75 76.94 77.00 76.88 77.04 76.94 77.18 78.14 77.79 78.02 78.34 77.78 78.31 78.19 77.81 77.96 78.04 78.00 78.00 77.94 78.01 78.02 77.93 77.82 77.95 77.76 77.55 77.58 77.61 77.64 77.57 77.58 77.55 77.58 78.08 77.48 77.29 77.24 77.22 77.24 77.23 77.24 77.21 77.20 77.18 77.21 77.10 76.91 76.70 76.39 75.74 75.06 75.87 76.00 76.48 76.84 76.78 76.90 77.23 77.46 77.61 77.88 77.84 77.70 77.45 77.80 77.93 78.09 78.07 78.17 78.20 78.30 78.27 78.26 78.23 78.28 78.21 78.12 78.10 78.16 77.67 77.71 77.80 77.88 77.95 78.22 78.29 78.41 78.46 78.43 78.39 77.64 76.71 76.49 76.45 76.40 76.39 76.58 76.67 76.70 76.63 76.80 76.90 77.00 77.15 77.25 77.38 77.13 77.25 77.51 77.68 77.31 77.16 77.21 77.76 77.54 77.19 77.19 77.35 77.29 77.77 77.05 76.24 75.90 75.91 76.07 76.24 76.51 76.85 76.13 76.26 76.26 76.06 76.13
76.58 76.63 76.65 76.77 76.74 76.70 76.70 76.74 76.76 76.97 76.82 76.92 76.98 77.00 77.09 77.23 77.10 77.33 77.00 77.29 77.16 77.19 77.16 77.68 78.17 77.01 77.51 78.07 77.82 77.94 77.86 77.86 77.83 77.85 77.90 77.93 77.93 77.91 77.79 77.75 77.76 77.50 78.20 78.33 77.23 77.45 77.43 77.28 77.23 77.57 77.85 77.48 78.31 78.07 78.14 78.39 78.71 77.26 78.00 77.42 78.27 77.99 77.28 77.79 77.80 78.16 78.20 78.12 78.09 78.05 78.00 78.03 78.01 78.03 78.00 77.96 77.99 78.04 78.00 77.76 77.87 78.06 77.74 77.70 77.73 77.98 77.58 77.79 77.61 77.64 77.71 77.58 77.51 77.20 76.35 76.36 75.94 76.42 76.98 77.30 77.21 77.50 77.55 77.63 77.72 77.97 77.76 77.91 77.62 77.93 77.44 77.78 77.58 77.59 77.19 77.08 77.90 78.09 78.41 78.47 78.53 78.51 78.54 78.51 78.57 78.52 78.47 78.53 78.50 78.55 78.47 78.45 78.55 78.52 78.52 78.53 78.61 78.63 78.55 78.55 78.55 78.61 78.22 77.76 78.00 77.36 76.82 76.83 76.84 76.73 76.80 76.92 77.38 78.73 78.54 77.47 77.25 77.88 76.58 76.62 77.31 76.70 76.39 76.25 76.17 76.29 76.15 76.60 76.34 76.30 76.31 76.38 76.53 76.21 76.13 76.26 76.37 76.48 76.49 76.50
77.46 77.15 77.07 77.03 76.94 77.24 77.19 77.57 77.52 77.56 77.52 77.54 77.93 77.71 77.65 77.71 77.81 77.79 77.94 77.78 77.71 77.76 77.70 77.82 77.73 77.87 78.10 78.19 78.00 78.12 78.09 78.12 78.12 78.12 78.11 78.13 78.08 78.11 78.08 78.09 78.07 78.09 78.01 77.85 77.78 77.53 76.97 77.74 76.87 77.16 78.04 77.81 77.62 77.03 77.19 77.44 77.64 77.61 77.75 77.70 78.03 78.25 78.05 78.12 78.34 78.37 78.34 78.38 78.39 78.34 78.31 78.29 78.23 78.25 78.22 78.21 78.18 78.06 77.83 77.86 77.78 77.63 77.56 77.39 77.66 77.87 77.72 77.75 77.53 77.67 77.69 77.63 77.25 77.08 76.95 76.76 76.26 75.86 77.04 78.30 78.73 78.93 78.94 77.56 77.86 77.70 77.74 77.95 77.65 78.02 77.71 77.67 77.61 78.11 78.53 78.30 77.67 77.51 77.04 76.79 76.67 76.26 76.10 76.69 77.40 77.93 78.26 78.23 78.11 77.87 77.22 77.97 78.17 77.35 77.99 78.23 78.59 78.48 78.20 78.08 77.70 77.71 77.45 77.99 78.70 78.64 78.45 78.31 77.54 77.58 77.65 76.80 77.56 77.92 77.93 77.01 76.63 76.74 76.50 76.56 76.66 76.49 76.48 76.76 76.62 76.56 76.71 76.83 76.88 76.86 76.75 76.85 77.09 76.74 76.76 76.83 77.05 77.23 77.34 77.13
77.70 77.82 77.56 77.71 77.52 77.51 77.63 78.43 77.87 77.78 78.84 79.20 78.00 78.16 78.18 78.30 78.06 78.18 78.18 77.98 77.98 78.24 78.23 78.41 78.23 78.31 78.36 78.38 78.35 78.31 78.31 78.29 78.33 78.29 77.80 78.21 78.21 78.19 78.15 78.15 78.08 78.03 78.04 78.05 78.09 78.16 78.07 77.97 77.76 77.63 77.76 77.19 77.03 77.42 77.99 78.09 78.00 78.37 78.55 78.58 78.62 78.60 78.54 78.48 78.45 78.44 78.41 78.17 78.39 78.26 78.11 77.95 77.92 77.75 77.69 77.77 77.67 77.87 77.68 77.71 77.79 77.84 77.95 77.74 78.11 77.85 77.84 78.02 77.82 77.83 77.73 77.41 77.27 77.61 77.76 77.78 77.79 77.79 77.87 77.72 77.54 77.66 77.67 77.61 77.93 77.99 78.00 77.83 77.79 77.68 77.59 77.41 76.94 77.19 77.33 76.76 77.17 77.00 76.76 76.93 76.66 76.57 77.33 77.71 77.54 77.55 78.75 77.07 77.25 77.25 77.38 77.93 77.80 77.64 77.57 77.37 77.73 76.67 76.31 75.91 75.82 76.43 78.88 78.69 78.84 77.46 78.21 77.53 78.38 78.75 78.58 78.50 78.42 78.45 78.60 77.37 76.28 76.25 76.23 76.25 76.23 76.40 77.11 76.98 77.19 76.52 76.60 76.80 76.88 76.86 76.94 76.94 76.98 77.24 77.25 77.34 77.49 77.43 77.50 77.56
78.98 77.69 78.41 78.40 78.27 77.92 78.76 78.41 78.44 78.42 77.93 77.55 78.72 77.90 78.25 78.45 78.39 78.37 78.29 78.14 77.96 77.57 78.73 77.35 77.61 78.56 78.27 78.24 78.27 78.33 78.36 78.35 78.46 78.05 77.98 77.61 77.85 78.26 78.13 78.19 78.19 78.22 78.11 78.17 78.21 78.20 78.22 77.94 78.60 79.67 79.66 79.84 79.78 77.95 78.53 78.54 78.73 78.78 78.80 78.83 78.83 78.81 78.73 78.63 78.67 78.22 78.39 78.61 78.63 78.64 78.58 78.28 78.04 78.20 78.04 77.91 77.83 77.96 78.21 77.80 77.81 77.81 77.86 78.22 78.02 78.31 78.47 78.41 78.28 78.34 77.94 77.90 77.51 77.93 77.90 78.02 78.22 78.24 78.23 78.20 78.24 78.25 78.36 78.29 78.19 78.11 78.28 77.77 77.69 77.52 77.03 76.65 76.93 77.42 77.90 77.57 77.78 77.64 77.75 77.34 77.49 77.05 76.81 76.74 77.11 77.08 77.43 77.44 77.72 77.68 77.64 77.78 77.84 77.97 78.10 78.13 78.12 78.28 77.90 77.49 77.97 76.42 76.57 77.25 77.37 77.44 77.53 77.84 78.68 78.27 78.01 77.09 77.97 78.47 78.84 79.03 78.35 77.22 76.27 76.73 76.47 76.80 77.36 77.46 76.69 77.01 77.50 77.66 77.49 77.91 78.83 78.53 78.07 77.92 77.94 77.87 78.07 77.85 77.92 78.86
78.77 78.81 78.93 79.00 79.09 79.29 79.46 79.37 79.39 79.42 79.43 78.63 77.91 77.59 76.90 76.91 77.63 77.80 79.03 78.04 78.11 77.92 77.69 77.78 79.89 78.45 78.42 78.44 78.31 78.06 78.16 78.05 78.03 78.25 78.15 78.10 78.01 78.36 78.17 78.19 78.34 78.15 78.30 78.19 78.25 78.29 77.97 77.75 77.82 78.89 79.69 79.51 79.92 77.70 78.69 78.86 78.91 78.98 78.89 78.92 79.00 78.62 78.48 78.61 78.75 78.83 78.91 78.67 78.69 77.68 78.01 78.25 78.08 78.28 77.94 78.19 78.01 77.49 77.28 77.13 77.03 78.11 78.03 78.01 78.22 78.24 78.40 78.17 78.47 78.28 78.88 78.75 78.26 78.37 78.36 78.17 78.09 77.40 78.06 78.37 78.55 78.22 78.28 78.29 78.26 78.31 77.93 76.99 77.32 77.67 77.70 77.81 77.81 78.01 78.02 77.91 78.20 77.98 78.11 78.20 78.10 78.34 78.37 78.13 78.37 77.91 77.18 77.40 78.81 78.83 77.67 77.92 77.73 76.55 77.44 77.67 77.79 77.31 76.94 77.31 77.80 77.10 78.05 78.18 78.50 78.52 78.48 78.13 78.15 78.37 78.70 78.59 78.88 78.64 79.61 79.87 79.78 79.33 78.89 78.58 78.90 78.68 78.43 78.84 79.06 78.98 78.97 78.77 78.60 79.19 78.66 79.03 78.90 78.95 78.32 78.31 78.38 78.50 78.08 78.73
78.09 78.18 78.59 78.89 78.36 80.09 79.86 79.41 79.60 79.57 79.51 79.26 78.54 78.69 78.23 78.49 77.17 77.38 77.85 78.34 78.76 78.49 78.19 78.09 77.88 78.65 78.34 78.53 78.09 78.81 77.71 77.81 77.69 77.99 78.02 78.11 78.40 78.41 78.53 78.53 78.63 78.52 78.49 78.55 78.56 79.30 78.32 78.67 78.68 78.64 78.68 78.83 78.84 78.97 78.99 78.91 78.94 78.97 78.71 78.71 78.48 78.94 78.88 79.07 78.90 78.64 77.94 77.95 78.00 78.00 77.96 78.16 78.11 78.34 78.47 78.74 78.57 77.91 77.33 77.62 77.79 78.33 78.35 77.85 77.80 77.54 77.62 77.56 77.86 78.18 78.20 78.35 77.38 78.40 78.50 78.41 78.58 78.58 78.56 78.62 78.56 78.52 78.61 78.51 78.23 77.88 77.08 78.34 78.55 78.41 78.20 77.99 78.11 77.97 78.12 77.56 77.49 78.10 78.55 78.78 79.01 78.82 78.86 78.96 78.94 78.82 78.34 77.81 77.47 77.56 78.20 78.08 78.07 78.11 79.20 77.91 76.49 76.90 77.07 77.21 77.42 77.38 76.94 77.07 77.64 78.17 78.31 78.01 78.59 78.68 78.68 78.78 78.20 76.33 78.66 79.65 79.44 77.00 79.67 79.55 79.46 79.18 79.10 78.99 78.68 78.35 78.07 78.19 77.34 77.06 78.14 78.89 78.80 78.58 78.40 78.19 78.04 77.93 78.22 78.24
79.86 78.08 77.80 78.64 78.64 78.74 78.76 79.50 79.47 79.62 79.68 79.68 79.49 79.33 78.90 78.57 78.23 77.74 77.66 77.37 77.36 77.05 77.41 77.43 77.82 77.76 77.63 77.55 78.18 77.31 77.33 77.40 78.03 79.75 77.83 78.07 78.06 78.97 78.49 78.53 78.65 78.63 78.58 78.60 78.61 78.67 78.61 78.74 78.75 78.67 78.71 78.82 78.86 78.86 78.76 78.94 79.12 78.95 79.04 78.93 78.28 78.72 78.99 78.98 78.69 78.47 80.59 80.55 79.95 77.99 78.21 78.31 78.37 78.59 78.77 78.34 77.97 77.39 77.46 77.10 77.45 77.50 77.98 77.88 78.24 78.10 78.23 78.25 78.23 78.22 78.27 78.46 78.36 78.54 78.47 78.63 78.49 78.44 78.47 78.26 78.30 77.50 77.29 77.33 76.95 77.53 79.00 79.61 79.49 78.96 78.83 78.33 78.38 77.97 78.15 78.01 78.43 78.61 78.92 78.95 78.90 78.88 78.95 78.92 78.81 79.11 79.08 79.25 79.27 78.72 77.94 77.27 77.96 78.21 77.35 77.16 77.04 76.63 77.26 76.45 76.72 77.12 77.11 78.18 77.81 77.74 77.20 77.57 78.08 78.46 78.83 79.01 78.64 78.86 79.03 79.10 79.16 79.15 78.74 78.95 78.89 78.99 78.77 78.51 78.82 78.75 78.75 78.74 78.66 78.16 78.94 78.65 78.59 78.36 77.81 78.46 77.60 77.57 77.70 78.32
78.25 77.81 77.45 77.95 77.98 78.99 79.10 79.61 79.47 79.54 79.52 79.67 79.69 79.69 79.58 79.36 79.20 79.13 79.03 78.67 78.09 77.94 78.02 77.77 78.17 78.06 77.68 78.61 78.43 77.77 77.52 77.88 77.61 77.88 78.08 78.22 78.24 78.31 78.34 78.59 78.61 78.73 78.76 78.77 78.87 78.91 78.86 78.84 78.86 78.84 78.71 78.60 78.47 78.58 78.72 78.89 78.90 78.92 78.77 77.74 79.05 79.12 79.32 79.56 78.71 79.12 79.12 79.17 78.39 78.30 78.59 78.45 78.54 78.71 78.97 78.81 78.22 78.00 77.57 77.21 77.25 77.61 78.65 78.01 78.21 78.26 78.24 78.15 77.85 78.29 78.29 78.33 78.27 78.49 78.26 78.52 78.83 78.62 78.30 78.41 78.12 78.17 78.03 77.91 77.48 77.85 77.65 77.92 78.03 77.89 77.85 77.68 77.78 78.44 78.76 79.40 79.33 79.07 78.84 78.71 78.71 78.94 79.16 79.09 79.25 79.16 79.10 79.17 79.16 79.38 78.17 78.14 78.09 77.96 79.85 77.45 77.43 77.58 78.13 76.80 76.76 76.81 77.38 77.43 77.48 77.01 76.88 78.30 78.00 77.53 78.50 78.29 78.21 78.87 78.85 77.12 77.82 78.05 78.78 78.40 77.70 77.89 78.84 78.39 78.73 79.09 78.87 78.96 78.87 78.81 78.38 78.26 78.06 77.36 78.49 78.76 78.22 78.04 77.64 77.56
78.28 78.25 78.73 77.91 77.57 78.08 78.72 78.85 79.17 79.06 79.42 79.21 79.68 79.49 79.52 79.34 79.43 79.48 79.41 78.83 78.19 78.17 77.85 77.98 77.87 78.04 78.05 77.84 77.79 77.88 77.81 77.98 78.26 78.26 78.21 77.93 77.72 78.14 78.61 78.26 78.79 78.38 78.14 78.62 78.68 78.65 78.39 78.76 78.65 78.63 78.37 78.47 78.81 79.25 78.80 77.91 78.49 79.24 79.05 79.11 79.02 78.98 79.15 79.43 79.90 79.55 78.61 79.64 78.46 79.15 78.81 78.54 78.60 78.45 78.59 79.21 79.39 79.21 79.13 78.65 78.42 77.95 78.08 78.06 78.09 78.15 78.32 78.31 78.32 78.26 78.22 78.24 78.39 78.31 78.37 78.12 78.28 78.37 78.18 78.51 78.56 78.20 78.30 78.56 78.40 78.12 77.88 77.60 77.64 77.35 77.92 78.03 78.40 79.10 79.65 79.72 79.75 79.41 79.14 79.04 78.98 78.92 79.00 79.03 79.33 79.42 79.25 79.19 79.23 79.33 79.10 78.35 78.21 78.56 78.07 77.57 77.31 77.53 77.31 76.40 78.50 77.12 77.91 77.79 77.75 77.39 77.25 77.09 76.84 77.19 77.52 78.00 77.80 77.97 78.43 78.86 79.19 79.23 78.87 78.73 78.10 78.21 78.47 78.50 78.42 77.41 77.31 77.69 78.26 78.60 78.74 78.83 78.59 78.94 78.90 77.79 78.37 78.52 78.48 78.85
79.16 78.03 77.54 78.23 78.60 78.84 78.80 77.98 78.13 78.38 77.84 78.12 78.84 78.14 80.29 78.24 78.71 78.63 79.37 78.96 78.86 78.80 78.84 78.06 77.86 77.62 78.95 78.48 77.85 77.96 78.51 78.90 78.93 78.78 78.77 78.39 77.92 78.16 78.08 78.06 78.59 77.72 78.22 78.63 78.25 77.11 78.88 79.10 79.15 79.07 79.04 79.23 79.18 78.71 78.17 79.42 79.43 79.12 79.43 79.39 79.29 79.03 79.19 79.26 79.59 80.03 79.63 78.80 79.80 79.85 79.58 79.19 78.05 79.07 79.37 78.70 78.57 78.70 78.56 78.24 77.23 77.25 78.06 78.39 78.09 78.00 77.85 78.21 78.35 78.30 78.39 78.29 78.31 78.54 78.41 78.48 78.41 78.19 78.36 78.51 78.62 78.44 78.35 78.34 77.66 78.37 78.25 78.28 78.30 78.43 78.55 78.62 78.73 78.97 79.31 79.38 78.69 78.62 78.72 78.45 80.19 79.41 78.51 78.81 79.05 79.14 79.41 79.53 79.07 79.47 79.97 79.61 76.85 79.34 79.15 78.92 77.61 77.87 77.84 78.35 77.40 77.35 77.28 77.40 77.46 77.35 77.37 77.13 77.42 77.22 77.41 77.35 77.49 77.68 77.76 79.01 79.78 79.68 79.67 79.48 79.23 78.90 78.63 78.39 78.35 77.97 77.49 77.77 77.85 76.75 77.63 78.50 78.66 78.33 77.17 77.61 77.83 78.90 78.97 78.93
79.24 78.63 78.43 78.79 78.80 78.57 77.17 77.94 78.18 77.93 78.50 77.92 78.20 77.32 78.46 79.00 78.58 78.73 78.38 78.75 78.94 78.96 78.59 78.42 77.48 77.97 78.20 78.27 78.77 77.96 78.21 79.01 79.12 78.72 79.09 78.76 78.13 77.55 77.42 77.62 77.95 78.62 78.98 78.93 78.84 78.42 79.06 79.25 79.50 79.48 79.49 79.50 79.57 79.61 79.25 78.99 79.14 78.90 79.29 79.45 79.02 78.61 79.67 79.44 78.58 79.96 78.56 79.27 79.71 77.81 78.28 79.36 80.26 78.96 79.70 78.79 78.86 78.46 78.20 78.27 77.61 77.73 78.07 77.79 77.85 78.37 78.16 78.09 78.55 77.13 78.17 78.47 78.57 78.44 79.05 78.21 78.11 78.14 79.41 78.07 77.97 78.49 78.30 78.33 78.41 78.47 78.43 78.35 78.32 78.70 78.79 79.05 79.14 79.14 78.90 78.40 78.44 78.58 78.18 77.70 77.76 77.76 78.56 79.07 79.60 79.74 79.86 79.73 79.87 80.14 79.77 79.73 79.33 79.09 79.28 78.98 78.47 77.27 76.74 77.07 79.36 79.15 76.83 76.84 78.36 77.16 77.30 76.61 77.25 77.61 77.02 77.10 77.70 78.49 78.86 79.13 79.38 79.30 79.44 79.43 79.40 79.30 79.14 78.95 78.46 78.11 77.73 77.66 77.89 77.68 78.85 77.05 77.87 78.09 77.75 78.48 78.75 78.52 78.86 79.05
79.00 79.05 79.28 79.61 79.06 77.67 78.10 77.92 77.47 77.54 77.65 79.50 77.60 77.75 77.35 77.43 78.14 78.69 78.18 78.04 79.42 78.09 78.13 78.11 77.32 78.02 78.31 78.28 78.25 77.39 76.84 78.99 78.72 78.84 78.81 78.53 78.70 78.00 77.80 77.88 77.66 78.28 78.53 78.69 78.80 78.49 77.98 77.91 78.87 79.47 79.52 79.60 79.41 79.38 79.10 78.37 78.12 78.13 77.84 77.67 78.40 80.15 78.85 78.16 79.85 80.34 80.08 78.98 81.17 76.64 80.57 78.96 78.20 79.03 78.56 79.70 80.03 79.62 79.20 80.18 80.23 79.03 78.16 78.25 78.53 78.20 78.27 77.97 77.91 78.28 78.35 78.45 78.12 77.77 77.78 77.71 77.72 77.83 78.30 77.82 77.53 77.70 77.69 77.76 77.73 78.42 78.46 78.68 78.87 79.03 79.18 79.34 79.52 79.62 79.43 79.05 79.19 79.19 79.39 79.02 78.89 79.14 79.72 80.17 80.46 80.43 80.46 80.44 80.44 80.69 80.12 79.97 79.68 79.96 79.83 79.74 79.67 79.07 77.12 78.25 79.33 79.75 77.38 77.58 78.16 77.97 77.57 77.34 77.30 77.65 78.12 78.30 78.48 78.22 78.78 78.49 79.07 78.44 77.55 77.81 79.17 79.31 79.22 78.87 78.39 78.07 77.79 77.77 77.88 77.79 77.48 77.35 77.85 77.94 79.00 77.87 77.86 77.99 78.32 78.92
79.08 79.11 79.26 79.36 78.65 78.59 78.49 78.03 77.84 78.37 78.32 78.21 78.02 78.13 77.75 78.01 78.61 78.50 78.51 78.44 77.88 77.17 77.16 79.28 77.12 78.02 78.38 78.40 78.39 78.09 77.84 78.80 78.78 78.65 78.89 78.45 78.16 77.88 77.45 77.34 77.44 77.33 77.27 77.49 78.31 77.99 77.81 78.20 78.82 79.14 79.44 79.48 79.51 78.93 78.56 77.48 77.85 77.38 77.72 79.69 78.31 80.32 80.55 79.88 78.46 81.37 81.32 81.42 81.28 81.28 81.28 80.67 78.16 78.64 80.04 79.19 78.79 79.72 79.51 79.40 78.78 78.41 78.57 78.53 78.42 78.24 78.25 77.97 78.10 77.77 78.03 78.24 78.51 78.14 78.24 78.78 79.65 78.24 78.19 78.30 78.27 78.18 77.55 77.73 77.53 77.81 78.63 78.76 79.03 79.27 79.47 79.62 79.89 80.11 80.08 80.28 80.41 80.54 80.58 80.81 81.00 81.10 81.14 81.20 81.27 81.14 81.01 80.99 81.24 80.78 80.53 80.41 80.21 79.88 80.13 80.02 78.33 79.19 79.02 78.63 78.43 78.23 78.34 78.40 77.30 77.71 77.84 77.86 78.21 78.55 78.93 78.94 79.83 79.35 78.51 78.70 78.94 77.55 77.75 79.28 78.94 78.70 78.49 78.55 78.12 77.98 78.15 78.36 78.64 78.39 78.37 77.71 78.53 78.10 77.85 77.94 78.20 78.67 78.69 78.99
79.14 78.69 78.77 79.50 79.72 77.96 78.77 78.91 78.89 78.65 78.81 78.24 78.02 78.40 78.39 78.38 78.09 78.50 78.38 78.50 78.35 77.63 77.29 78.44 77.97 78.27 79.48 78.24 78.45 78.26 78.63 78.49 78.49 78.84 78.58 78.56 78.52 77.65 77.33 77.29 77.17 77.32 77.81 78.04 78.28 78.45 78.64 78.59 79.57 80.30 78.23 78.32 78.65 78.38 78.54 79.11 78.89 78.07 77.94 78.94 78.44 80.43 80.55 80.70 81.62 81.46 81.32 81.31 81.33 81.34 81.33 81.23 80.91 80.52 79.46 79.23 79.56 79.94 79.01 79.28 79.50 79.28 79.10 78.88 78.59 79.63 78.81 78.30 78.45 78.49 78.14 78.06 77.93 78.43 77.83 77.66 78.01 78.11 78.21 78.06 78.24 78.34 77.85 77.09 78.42 78.17 78.37 78.76 78.92 79.02 79.60 79.83 80.20 80.46 80.57 80.79 81.05 81.15 81.41 81.87 82.35 82.78 82.98 83.06 83.10 82.62 82.45 82.52 82.52 82.44 81.67 80.86 80.88 81.05 80.09 80.33 80.38 80.02 78.73 78.73 78.90 78.36 78.46 78.07 78.26 79.03 78.16 78.15 78.24 78.00 78.29 78.72 79.14 79.38 80.06 79.01 78.86 77.36 79.31 78.89 79.06 79.10 79.09 78.70 78.42 78.35 78.02 78.39 77.75 78.37 78.61 77.91 77.34 77.34 77.94 78.58 78.66 78.78 79.06 79.13
79.01 78.82 78.46 78.54 79.19 79.02 78.91 78.05 79.12 78.55 78.17 78.46 78.29 78.55 78.38 78.27 78.38 77.67 78.21 78.30 78.08 77.69 77.23 77.05 76.75 77.98 77.64 78.05 78.38 78.39 78.28 78.48 78.17 78.10 78.27 78.00 78.02 77.88 77.58 76.82 76.79 76.64 77.01 78.05 78.27 78.49 78.61 78.23 79.65 80.10 78.16 78.12 77.62 77.34 78.45 79.53 79.76 79.71 78.62 77.95 78.00 78.24 80.59 81.19 81.40 81.25 81.37 81.31 81.31 81.31 81.31 81.36 80.91 80.95 81.08 81.31 79.58 79.65 79.19 79.22 79.40 79.27 78.78 78.56 78.30 78.96 78.09 78.19 78.45 78.41 78.36 78.42 78.55 78.63 78.30 77.88 78.00 78.09 78.17 77.75 78.39 78.04 77.72 78.18 78.04 78.24 78.61 78.95 79.24 79.29 80.00 80.20 80.29 80.69 80.91 81.16 81.41 81.88 82.50 83.31 83.60 84.05 84.22 84.47 84.44 84.45 84.23 84.23 84.08 83.85 84.22 83.62 81.49 81.42 80.94 80.56 79.75 78.32 77.59 79.28 78.89 78.20 79.30 78.18 77.57 77.83 78.20 78.81 78.53 78.65 79.06 79.10 78.96 78.84 78.18 78.85 78.91 79.09 78.97 78.99 78.92 78.42 78.56 78.97 78.91 78.67 78.12 78.91 78.46 78.84 78.43 78.00 78.48 77.84 77.96 78.28 78.45 78.71 78.81 78.98
78.05 78.31 78.16 78.59 79.47 79.72 79.88 78.90 78.90 77.86 78.33 77.84 77.83 77.67 77.98 77.78 77.71 77.75 77.04 77.29 77.61 77.88 77.12 76.98 77.61 77.39 77.77 78.36 78.34 78.34 78.14 78.39 78.02 76.82 76.80 76.98 77.27 77.27 77.32 76.82 76.65 76.73 76.89 77.75 78.12 78.34 78.38 78.38 78.31 78.20 78.00 77.66 77.19 76.99 77.25 77.70 78.85 78.94 78.20 77.98 80.00 80.32 80.52 80.78 81.24 81.50 81.33 81.35 81.31 81.41 81.42 81.24 81.05 79.94 80.39 79.33 79.32 79.69 79.16 79.31 79.31 79.21 78.88 78.48 78.52 78.01 78.16 79.76 78.96 78.46 78.25 78.39 79.04 79.06 78.42 78.17 77.49 78.61 77.84 77.83 77.77 77.78 78.08 78.47 78.58 78.17 78.13 79.00 79.24 79.66 79.22 79.98 80.62 80.99 81.41 81.90 82.54 82.98 83.64 84.09 84.80 85.26 84.80 84.76 83.73 84.31 84.41 84.54 84.38 84.34 84.37 84.40 84.15 83.60 82.20 81.38 80.47 79.67 80.06 79.49 79.78 79.00 77.91 78.49 78.67 77.69 78.39 78.16 78.70 78.86 78.15 78.66 78.65 78.60 78.46 78.94 78.69 78.47 78.11 78.14 76.94 77.74 78.52 78.39 78.05 78.63 79.07 79.43 78.71 79.39 79.26 78.92 78.85 78.32 77.87 77.46 77.66 77.90 78.29 78.47
77.84 78.37 78.09 78.05 78.80 79.44 78.67 78.11 78.66 78.20 77.87 77.99 76.99 78.34 77.17 77.40 76.61 76.84 77.60 77.38 77.88 77.25 77.60 77.92 77.88 78.37 77.70 78.07 78.27 78.24 78.25 78.25 78.32 77.47 77.27 77.41 77.70 77.76 77.75 77.44 77.03 76.91 77.26 77.38 77.25 77.90 77.92 78.02 77.80 77.85 77.50 77.33 76.97 76.96 76.90 77.24 77.56 77.55 78.10 78.62 77.61 79.62 79.17 80.44 80.44 81.34 81.48 81.46 81.42 81.48 81.44 81.31 81.16 80.10 80.42 80.36 79.34 79.25 78.99 78.38 79.13 78.84 78.72 78.65 78.27 78.32 78.04 78.32 78.67 78.53 78.64 78.64 79.26 78.58 78.31 77.55 77.88 77.72 78.08 78.68 77.87 77.46 77.71 78.06 79.07 79.09 78.59 78.96 79.51 79.41 79.21 79.66 80.44 80.67 82.51 83.75 84.23 85.06 85.54 84.73 84.24 84.54 84.94 84.82 84.36 84.02 83.79 84.20 84.40 84.28 84.30 84.10 84.12 84.02 83.44 82.41 81.53 80.84 80.34 80.09 79.95 79.78 79.10 78.56 79.21 79.18 78.55 78.96 78.88 78.88 78.90 78.24 78.07 78.46 78.03 78.34 78.40 77.78 77.41 78.12 78.94 79.09 78.05 77.97 78.52 79.14 78.97 79.19 79.42 79.29 79.22 79.14 78.18 78.21 77.88 78.48 78.11 77.95 78.36 78.21
78.40 78.48 78.31 78.37 78.67 78.62 78.75 78.78 78.91 78.00 77.74 78.30 77.75 77.54 77.63 77.64 78.67 77.56 77.96 78.09 77.85 78.15 78.85 77.73 78.12 78.40 78.19 78.06 78.06 78.02 77.87 77.98 77.90 77.68 77.68 77.65 77.68 77.71 77.82 77.84 77.49 77.39 77.57 77.48 77.46 77.66 77.67 77.46 77.28 77.09 77.01 77.00 76.95 76.48 76.31 77.40 77.84 77.99 78.43 78.75 79.16 79.12 79.65 79.84 79.86 80.97 81.21 82.17 82.03 81.62 81.51 81.38 80.86 80.60 80.30 80.50 79.13 79.05 79.00 80.07 78.57 78.80 78.46 78.40 78.31 78.19 78.18 78.75 78.72 78.60 78.45 78.54 78.81 78.51 78.26 78.37 77.94 77.96 77.90 78.71 77.05 77.72 77.93 78.01 78.71 77.99 78.67 78.96 79.25 79.29 79.44 79.34 80.46 81.39 83.81 84.34 85.41 85.55 84.85 85.28 85.04 85.32 85.12 85.10 84.83 85.23 85.37 84.34 84.17 84.69 84.29 84.17 84.18 84.04 83.42 83.08 81.93 81.09 80.56 80.30 79.96 80.13 77.93 79.24 79.27 78.94 79.08 78.73 78.55 78.95 78.57 78.34 78.66 78.30 78.39 78.01 77.77 77.85 77.32 76.60 77.84 77.62 78.18 79.15 79.30 79.18 78.58 79.36 78.72 78.81 79.15 79.01 78.18 78.22 78.36 77.40 77.46 78.08 78.29 78.19
79.02 78.12 79.16 78.71 79.00 78.60 78.72 78.67 78.42 78.15 77.72 77.81 77.59 77.39 77.74 77.77 78.17 78.26 78.11 78.07 77.54 77.79 78.00 78.01 77.70 78.08 78.19 78.19 77.48 77.79 77.64 77.92 77.97 77.52 77.58 77.57 77.61 77.72 77.92 78.02 77.41 77.15 76.17 76.24 77.04 77.43 77.28 77.04 77.08 76.81 76.70 76.71 76.62 76.71 76.75 77.50 77.61 77.82 77.92 78.35 78.35 78.48 79.03 78.47 80.21 80.08 80.74 80.87 80.99 81.07 80.96 80.93 80.29 80.61 80.41 79.30 79.16 79.37 79.19 79.32 79.01 80.51 78.47 78.69 78.49 78.48 78.31 78.81 78.76 78.45 78.35 78.54 78.60 78.48 78.43 78.14 78.41 78.10 78.48 77.91 77.82 77.94 77.77 77.34 77.41 77.80 78.56 79.50 78.84 79.14 79.27 79.44 80.67 82.25 84.16 85.12 85.10 84.79 85.05 85.47 85.21 85.18 84.87 85.25 85.15 84.40 84.57 84.48 84.76 84.46 84.26 84.22 84.00 83.65 82.64 82.52 81.97 81.26 80.54 80.55 80.31 80.37 79.97 79.87 79.57 79.35 79.06 78.83 78.85 79.61 79.14 78.95 78.87 78.43 78.37 78.04 77.72 77.70 77.78 77.80 77.57 77.69 78.44 79.36 79.58 79.54 79.29 79.15 78.71 78.95 78.92 79.08 77.59 78.43 78.47 79.30 78.11 78.38 78.72 78.66
79.22 79.11 79.14 79.58 79.33 78.49 78.61 78.50 79.18 79.64 80.39 80.17 78.74 77.83 78.11 77.99 77.50 77.78 77.47 77.84 77.46 78.06 78.00 77.99 77.78 76.91 77.46 77.65 77.90 77.42 77.29 77.56 77.37 77.38 77.14 77.45 77.53 77.72 77.76 75.70 75.40 75.23 73.61 73.38 73.45 75.54 75.54 75.55 76.28 76.63 76.35 76.73 76.48 76.66 76.62 76.69 76.79 77.32 78.26 78.08 77.72 77.16 78.62 79.39 79.34 80.05 80.04 80.38 80.77 80.82 80.76 80.32 80.60 79.85 79.91 79.89 79.63 80.66 79.51 78.99 79.21 79.05 78.65 78.64 78.43 78.43 78.61 78.92 78.90 78.71 78.41 78.66 78.31 78.36 78.48 77.92 77.74 78.29 78.21 78.06 77.70 77.79 77.27 77.02 78.74 77.94 78.35 79.01 79.03 79.06 79.36 79.71 80.64 82.30 83.80 85.15 85.15 84.39 85.29 85.32 85.30 85.08 85.37 85.51 85.02 84.39 84.76 84.85 84.59 84.76 84.49 84.18 83.44 82.82 82.53 82.27 81.66 81.18 80.93 80.58 80.75 79.68 79.42 79.73 78.57 78.65 79.09 79.21 79.28 79.23 79.11 79.11 79.11 78.36 78.21 78.14 77.88 78.34 78.27 78.02 77.96 77.89 78.59 79.03 79.21 79.08 79.18 79.08 78.23 78.72 78.73 77.90 77.80 78.59 78.50 78.63 78.66 78.91 79.14 78.74
79.05 79.19 78.85 78.41 79.41 78.41 78.89 78.73 77.93 78.41 79.86 79.86 78.20 77.85 78.49 78.17 78.45 77.93 78.20 78.27 78.45 77.65 78.48 78.47 78.16 78.16 77.93 77.63 77.78 77.66 77.52 75.70 76.74 77.16 77.16 77.34 77.49 77.46 76.74 76.58 76.00 74.81 74.50 74.58 74.92 75.04 74.95 75.19 74.65 75.66 76.35 76.38 76.42 76.52 76.68 76.72 76.96 77.30 77.40 77.93 77.95 78.13 77.66 77.92 78.80 78.21 79.48 80.63 80.51 80.45 80.50 80.48 80.03 79.81 79.98 79.83 79.71 79.45 79.25 79.26 79.18 79.20 79.01 78.75 78.70 78.42 78.82 79.16 78.75 78.67 78.94 78.98 78.87 78.35 78.61 78.15 78.16 78.11 78.06 78.55 77.77 77.99 77.57 77.68 77.59 77.54 78.33 78.81 79.11 79.16 79.17 79.97 80.72 81.50 83.57 85.26 85.56 85.41 84.88 85.21 85.54 85.36 85.49 85.52 85.16 84.77 85.16 84.85 84.99 84.57 84.27 83.69 82.97 82.61 82.11 81.81 81.63 81.43 80.89 80.22 80.06 79.39 79.28 79.18 79.14 79.38 79.59 79.33 78.48 79.16 79.22 79.34 79.03 78.82 78.40 78.69 78.40 78.07 78.72 78.53 78.20 78.05 78.09 78.34 78.73 78.88 79.38 79.16 78.82 78.77 78.90 78.67 79.07 78.95 78.98 78.64 78.81 79.08 79.26 79.42
79.43 79.20 79.19 78.74 80.00 79.64 79.11 78.18 77.63 76.99 76.70 77.67 77.53 78.46 78.92 78.88 78.88 78.88 78.68 78.56 78.55 78.52 78.16 78.38 78.02 77.63 77.72 77.24 77.12 77.67 77.54 76.64 76.79 76.20 76.89 76.03 76.59 74.80 74.92 76.53 74.75 74.05 75.23 75.26 75.17 75.13 75.32 75.98 75.41 75.38 75.19 75.76 76.34 76.82 76.84 76.97 76.87 77.45 77.59 77.43 77.42 78.22 78.22 78.63 79.19 79.21 79.69 79.90 78.26 80.17 79.76 79.87 79.93 80.06 79.89 79.69 79.54 79.50 79.51 79.23 78.94 78.76 78.42 80.00 78.79 78.54 78.55 78.43 79.07 78.68 78.84 79.00 78.94 78.68 78.17 78.48 78.07 77.98 78.44 78.39 77.72 77.68 77.52 77.71 77.91 77.88 79.53 78.42 79.00 79.29 79.38 79.52 80.11 81.26 82.34 84.76 85.59 85.94 86.30 85.25 85.33 85.36 84.83 85.48 84.91 85.00 84.78 84.88 84.81 84.68 84.47 83.38 82.49 82.15 81.72 81.51 81.23 80.91 80.60 80.28 79.51 79.58 78.97 78.99 78.82 78.98 79.32 79.35 79.31 79.15 79.36 79.18 79.06 78.99 78.80 78.83 79.10 78.85 78.73 77.96 78.33 78.29 77.80 77.78 78.54 78.77 79.35 78.85 78.89 79.05 79.22 79.19 79.15 79.12 78.89 78.70 79.45 79.62 79.46 79.91
79.41 80.00 79.20 78.39 79.05 78.32 78.25 78.42 77.74 76.98 76.85 77.68 78.44 78.63 78.82 78.73 78.87 77.35 78.59 78.52 78.44 78.22 78.22 78.00 77.48 77.73 77.54 77.40 76.87 77.01 76.71 76.58 76.68 76.40 76.53 76.69 76.03 74.71 74.81 74.76 74.26 75.20 75.86 75.76 75.47 75.71 75.54 75.62 75.87 75.92 75.75 74.96 75.69 76.69 77.03 77.24 77.25 77.28 77.31 77.42 77.62 77.82 77.81 78.99 78.94 78.29 78.57 79.03 78.95 79.85 79.75 79.94 79.62 79.25 79.40 79.59 79.59 79.55 79.79 79.41 78.98 78.62 78.84 78.63 78.74 78.36 78.26 78.40 78.55 78.65 78.68 78.90 78.79 78.31 78.33 78.29 78.56 78.86 78.07 77.92 77.96 77.35 77.48 77.89 78.07 78.02 78.10 78.51 79.20 79.00 78.98 79.24 79.66 79.98 81.16 82.35 85.18 85.63 86.06 86.15 85.29 85.25 85.99 85.95 84.85 84.96 84.88 84.73 84.81 84.59 83.71 82.03 81.58 81.49 81.34 81.16 81.22 80.90 80.85 80.80 79.79 79.35 78.43 78.94 78.67 78.84 79.01 79.12 79.27 79.37 79.19 78.96 78.25 78.28 78.36 78.69 78.36 78.14 78.50 78.76 78.49 78.14 78.62 78.86 78.64 78.66 78.47 78.75 78.71 78.21 79.29 79.35 79.01 78.93 79.13 79.24 79.85 79.66 79.23 78.54
79.48 79.59 78.37 78.18 78.39 77.49 77.90 77.00 77.02 77.60 77.54 77.81 78.51 78.68 79.05 78.60 78.88 78.92 78.52 78.52 77.75 78.22 78.15 78.12 77.79 77.52 77.53 77.33 77.11 76.84 76.68 75.91 76.27 76.06 75.75 75.92 75.30 74.42 74.27 73.66 73.89 75.23 76.04 75.68 76.35 75.77 76.60 76.68 76.43 76.47 75.90 75.04 74.32 75.82 76.67 77.22 77.21 77.29 77.35 77.35 77.75 78.20 78.11 78.93 79.04 79.11 79.08 79.07 78.99 78.81 79.05 79.66 79.61 79.24 79.70 79.24 79.76 79.46 79.39 79.50 79.22 78.98 79.24 78.82 78.74 78.59 78.52 78.39 78.40 78.50 78.55 78.21 78.44 78.63 78.37 78.51 78.25 78.53 78.19 77.64 77.81 77.62 77.37 77.60 77.86 77.98 78.00 77.92 78.63 78.97 78.81 78.75 78.53 78.95 79.70 80.98 83.11 84.59 85.32 85.81 85.79 86.17 85.04 84.80 85.04 85.02 84.70 84.65 83.71 82.70 82.20 81.38 81.03 80.98 80.95 80.94 81.07 80.97 80.70 80.61 80.17 79.36 78.93 78.81 78.63 78.57 78.77 78.73 78.86 79.03 78.99 78.70 78.53 78.31 77.75 77.64 77.77 77.71 78.43 77.99 78.36 78.67 78.17 78.47 78.34 78.26 78.67 78.83 79.09 78.61 78.83 79.36 78.50 79.06 79.07 79.26 79.43 79.20 78.85 78.84
79.38 78.59 78.43 78.34 77.66 77.74 77.21 77.65 77.79 77.64 77.83 77.87 78.29 78.60 78.90 78.89 78.89 78.39 78.21 78.52 78.09 78.15 78.06 77.98 77.78 77.71 77.50 77.29 76.98 76.67 76.39 76.23 76.18 75.63 75.48 75.99 75.21 74.24 74.36 73.65 74.52 75.26 75.63 76.17 76.40 76.62 76.64 76.85 76.85 76.96 76.09 75.04 75.41 75.51 75.65 75.63 76.90 77.48 77.46 77.81 78.23 78.63 78.90 78.97 79.16 79.10 79.18 79.34 79.25 79.18 79.29 80.18 79.23 78.96 79.19 79.14 79.24 79.36 79.56 79.52 79.60 79.48 79.19 79.18 79.02 78.60 78.30 78.15 78.36 78.41 78.41 78.50 78.21 78.45 78.52 78.40 78.47 78.34 78.29 77.85 77.81 78.30 77.97 77.77 78.06 78.24 78.34 78.03 78.68 78.95 79.20 78.76 79.19 79.09 79.99 79.99 80.94 81.31 81.66 84.09 84.92 85.53 84.58 84.88 84.68 84.79 84.34 83.75 81.64 81.05 81.41 81.23 80.86 80.84 80.78 80.49 80.44 80.68 80.63 80.33 80.22 78.97 79.00 78.68 78.85 78.36 78.51 78.49 78.52 78.62 78.75 78.53 78.30 78.31 77.93 77.85 78.52 77.64 77.47 77.29 78.46 78.83 79.27 78.60 78.80 78.99 79.14 79.02 79.06 78.91 78.73 79.02 78.63 78.94 78.92 78.73 78.93 79.10 79.06 79.00
79.36 78.56 77.20 78.31 77.64 77.48 78.03 77.59 77.91 77.72 77.72 77.97 78.55 78.78 78.89 78.83 78.79 77.68 78.61 78.57 78.36 78.06 78.05 77.92 77.83 77.66 77.49 77.19 76.86 76.59 76.33 76.02 75.82 75.77 75.73 75.02 75.06 74.62 73.39 72.60 74.43 75.40 75.80 76.10 76.42 76.70 76.88 77.01 77.11 77.11 77.07 76.93 76.27 76.29 76.20 75.54 75.83 76.31 77.42 77.74 78.29 78.97 79.12 79.07 79.51 79.13 78.96 79.09 79.34 79.31 79.49 79.82 79.49 79.07 79.34 79.65 79.39 79.34 79.74 79.65 79.58 79.59 79.31 79.44 78.77 78.74 78.57 78.32 78.20 78.39 78.51 78.51 78.64 78.56 78.51 78.42 78.45 77.96 78.34 77.95 78.46 78.53 78.21 78.22 78.48 78.61 78.69 78.59 77.99 78.86 78.56 79.15 79.32 79.45 78.72 79.05 80.35 80.21 80.83 80.84 81.26 81.27 82.04 83.58 82.59 82.79 81.70 82.06 81.02 80.75 80.50 80.20 80.53 80.68 80.51 80.15 80.31 80.27 80.18 79.59 79.52 79.16 78.86 78.71 78.65 78.49 78.46 78.54 78.55 78.59 78.64 78.41 78.38 77.91 78.15 77.71 77.22 77.48 78.28 77.22 78.23 78.71 78.90 78.39 78.95 78.09 78.89 79.09 78.82 78.67 78.87 78.72 78.49 78.63 78.73 78.93 78.74 78.91 79.06 79.26
78.96 78.50 78.46 78.40 77.76 77.62 78.22 77.32 77.77 78.13 78.02 78.45 78.38 78.55 78.90 78.65 78.91 78.02 78.59 77.98 78.01 78.03 77.91 77.88 77.68 77.56 77.41 77.28 76.82 76.51 76.18 75.87 75.51 75.51 75.35 75.51 75.69 74.43 74.18 72.80 74.66 75.44 75.78 76.17 76.51 76.79 77.00 77.14 77.24 77.40 77.38 77.45 77.21 76.62 76.62 76.73 77.02 77.01 76.94 76.94 76.75 78.34 79.16 79.19 79.14 79.17 79.28 79.51 79.25 79.13 79.18 79.87 79.97 80.20 79.68 79.27 79.60 79.62 79.85 79.84 79.81 79.78 79.64 79.34 79.19 78.90 78.96 78.98 78.55 78.42 78.37 78.59 78.61 78.18 78.33 78.47 78.49 78.18 78.17 78.16 78.45 78.72 78.14 78.48 78.67 78.54 78.87 78.17 77.76 78.04 78.72 78.75 79.07 78.87 78.81 78.93 78.96 80.26 80.19 80.42 80.57 80.55 80.82 80.88 80.93 81.10 81.33 81.08 81.03 80.68 80.22 80.44 80.50 80.31 79.85 80.07 77.86 80.15 80.12 78.39 78.96 78.58 78.48 78.48 78.51 78.52 78.53 78.55 78.45 78.41 78.38 78.12 77.63 77.51 77.38 77.67 78.31 77.31 77.40 78.07 77.72 78.21 78.72 78.70 79.17 78.23 78.96 78.71 78.92 79.08 78.98 78.79 78.33 78.10 78.14 78.56 78.56 78.64 79.06 79.11
79.10 78.30 78.68 78.38 78.32 78.25 78.41 78.80 78.20 78.56 78.37 79.02 79.02 78.91 79.03 78.78 78.84 78.39 78.00 78.48 78.11 77.93 77.87 77.73 77.59 77.38 77.23 77.06 76.70 76.26 75.93 75.65 75.40 75.23 75.16 74.55 74.91 75.24 74.18 74.48 74.88 75.38 75.85 76.19 76.41 76.67 76.85 77.09 77.24 77.26 77.44 77.50 77.22 76.85 76.01 76.70 77.01 77.19 77.21 77.07 76.40 77.63 78.88 78.95 79.09 79.11 79.11 78.53 78.79 78.95 79.02 79.07 79.67 80.39 80.59 79.79 79.95 80.05 80.27 79.95 79.95 79.84 80.15 79.69 79.96 79.19 79.28 79.29 79.24 78.52 78.89 78.74 79.02 78.09 78.53 78.49 78.49 78.02 77.68 78.41 78.45 78.31 78.40 78.45 78.29 77.90 78.39 77.68 77.46 77.83 78.15 78.26 78.66 78.50 79.09 79.64 79.22 79.90 80.17 80.36 80.51 80.38 80.28 80.78 80.46 80.96 80.82 80.27 80.13 79.91 80.11 79.79 79.75 80.02 79.76 78.89 78.77 79.13 78.16 78.64 78.48 78.26 78.09 78.15 78.25 78.34 78.69 78.39 78.34 78.20 78.14 77.93 77.55 77.16 77.32 77.59 78.01 77.55 77.03 77.47 77.38 77.81 78.26 78.72 78.34 78.38 78.87 78.37 78.70 78.91 78.86 78.42 78.08 78.74 78.76 78.54 78.68 79.12 79.41 79.02
79.05 79.00 78.42 78.43 78.33 78.46 78.69 78.89 79.07 79.14 79.12 79.07 79.30 79.39 79.04 79.21 77.77 78.12 78.56 78.12 78.11 77.82 77.81 77.70 77.51 77.23 77.00 76.67 76.31 75.95 75.62 75.27 75.08 74.97 75.02 74.95 74.22 74.55 74.12 74.37 74.83 75.35 75.69 75.94 76.18 76.41 76.65 76.88 77.14 77.30 77.59 77.56 77.55 77.20 76.48 76.66 76.98 77.00 76.98 76.65 76.01 77.83 78.70 78.77 78.46 78.67 78.95 78.57 78.96 78.93 78.74 79.26 79.43 80.07 80.27 80.42 79.87 80.04 79.90 80.11 80.11 79.99 80.02 80.31 79.87 79.46 79.58 79.71 79.53 78.32 79.00 78.75 79.06 79.12 79.11 78.58 78.47 79.70 78.45 77.96 78.14 77.92 77.70 77.55 77.85 78.28 77.51 77.46 77.16 77.76 78.02 78.51 78.38 78.02 77.99 78.28 78.90 79.19 79.51 79.75 80.23 79.96 80.24 80.47 80.48 80.76 80.41 79.94 79.91 79.71 79.28 79.35 79.55 79.66 78.74 78.16 77.50 77.68 78.09 78.40 78.16 77.96 77.63 77.79 78.12 78.23 78.32 78.42 78.14 78.08 78.01 77.94 78.14 77.99 78.07 77.51 78.02 77.54 77.17 77.51 77.13 77.97 78.21 78.49 78.49 78.69 78.59 78.76 78.65 79.30 78.68 79.67 78.64 78.72 78.79 78.72 78.53 79.23 79.62 79.01
78.76 78.87 78.42 78.43 78.40 78.42 78.79 79.55 79.23 79.11 78.96 79.01 79.13 78.95 79.08 79.19 78.76 78.36 78.40 78.16 77.97 77.77 77.71 77.55 77.36 77.13 76.75 76.31 75.82 75.43 75.14 74.82 74.62 74.59 74.72 74.28 74.43 73.81 73.94 74.40 74.74 75.13 75.37 75.63 75.91 76.12 76.43 76.65 76.90 77.12 77.26 77.46 77.51 77.13 76.66 76.95 76.57 76.85 76.57 76.25 76.33 76.67 78.56 78.53 78.63 78.48 78.86 78.99 78.93 78.97 79.14 79.11 79.37 79.68 80.29 80.57 80.24 80.08 80.24 80.30 80.19 80.13 80.07 80.29 80.16 80.31 79.73 79.76 79.52 79.08 78.91 79.08 79.25 79.32 78.85 78.68 78.50 78.13 78.08 78.25 78.36 78.47 77.46 77.83 78.10 77.99 78.23 77.26 77.17 77.61 78.11 77.69 78.20 78.18 78.26 78.55 78.70 79.19 79.26 79.75 79.93 80.11 79.72 80.29 79.98 79.87 79.89 78.80 79.28 79.28 79.12 78.93 79.42 78.75 78.29 78.03 76.91 77.04 77.88 77.74 77.97 77.94 77.57 77.26 78.14 78.27 78.29 78.33 78.34 78.09 77.83 77.58 77.32 77.61 78.37 77.62 77.80 77.74 77.25 77.95 77.83 78.02 77.89 77.88 78.51 78.67 78.93 78.70 78.41 79.24 79.40 79.03 79.09 79.38 79.26 78.69 78.30 78.86 78.87 78.61
77.96 78.28 78.29 78.10 78.51 78.80 79.20 79.97 79.93 79.49 79.34 79.02 79.14 79.11 79.32 79.10 78.86 78.71 78.21 78.15 77.96 77.71 77.55 77.29 77.11 76.86 76.49 75.85 75.09 74.68 74.42 74.30 74.17 74.28 74.47 73.11 74.16 73.72 73.85 74.11 74.28 74.61 74.88 75.15 75.48 75.81 76.14 76.40 76.70 76.91 77.05 77.16 77.31 77.26 76.85 76.46 76.44 76.43 76.56 76.46 76.14 77.46 78.29 78.24 78.45 78.64 79.03 79.08 79.15 78.92 79.09 79.31 79.65 80.12 80.73 80.74 80.68 80.12 80.30 80.35 80.53 80.28 80.17 80.14 80.39 80.42 79.98 79.65 79.67 79.75 79.51 79.32 79.37 79.24 78.78 78.91 78.50 78.37 78.62 77.86 78.25 78.34 77.65 78.04 77.60 77.95 77.26 77.07 77.58 77.60 77.41 77.79 77.77 77.98 78.11 78.32 78.35 78.30 78.37 79.40 79.63 79.65 79.76 79.75 79.51 79.49 78.99 78.99 79.08 78.95 78.87 78.33 78.14 78.45 78.09 77.78 77.32 77.17 77.58 77.79 78.08 78.11 78.33 78.33 78.18 78.23 78.26 78.28 78.15 78.04 78.28 77.74 77.35 77.45 77.87 78.01 77.89 78.10 77.58 78.00 78.12 77.92 77.81 77.73 78.31 78.33 78.20 78.13 78.85 79.31 79.61 79.78 79.87 80.12 79.75 79.81 79.62 79.29 79.38 78.04
78.02 78.00 78.15 78.54 78.56 78.84 79.63 79.82 79.79 79.68 79.50 79.17 79.26 78.57 79.22 79.71 78.94 78.92 78.50 78.09 77.92 77.71 77.32 77.02 76.81 76.53 76.07 75.08 74.26 73.76 73.68 73.75 73.91 74.05 73.77 73.22 73.56 73.74 73.62 73.52 73.63 73.99 74.36 74.63 75.08 75.46 75.81 76.08 76.40 76.68 76.79 77.00 77.03 77.11 76.76 76.41 75.93 75.96 76.47 76.36 76.14 77.59 78.25 77.67 78.12 80.46 81.20 80.39 79.03 79.21 78.73 79.25 79.57 79.95 80.73 80.69 80.72 80.11 80.39 80.20 80.40 80.32 80.34 80.33 80.37 80.31 80.12 80.11 80.01 79.78 79.35 79.41 79.41 79.25 78.99 78.98 78.55 78.61 78.24 78.92 78.38 78.11 77.68 77.68 77.66 77.59 77.70 77.21 77.70 77.68 77.84 77.65 77.46 77.44 77.76 77.83 78.02 78.66 78.75 78.26 78.81 78.69 78.92 78.94 78.84 79.32 79.20 79.18 79.06 78.89 78.30 78.40 77.32 77.67 77.80 77.63 77.07 77.09 77.62 77.88 78.18 78.21 78.34 78.45 78.24 78.20 78.17 78.11 78.07 77.82 77.97 77.87 77.53 77.65 77.51 77.60 77.86 78.09 77.87 78.43 78.10 78.06 77.83 77.65 78.65 77.70 78.03 78.30 78.89 79.59 79.76 79.98 79.99 80.17 80.31 79.90 79.93 79.61 79.89 79.13
79.44 78.03 78.98 78.69 79.07 79.29 80.23 80.13 79.61 79.70 79.68 79.21 78.99 79.06 79.25 79.65 78.10 78.99 79.27 78.21 77.98 77.66 77.35 77.04 76.65 76.17 75.39 74.12 72.85 72.46 72.86 73.37 73.53 73.76 73.89 73.83 74.00 74.03 73.42 73.12 73.10 73.61 73.93 74.23 74.69 75.21 75.58 75.86 76.06 76.21 76.23 76.62 76.82 76.83 76.53 76.41 76.05 77.00 76.31 77.17 77.60 80.16 80.85 81.08 81.36 81.26 81.06 81.34 81.32 79.36 79.23 79.82 79.73 79.88 80.51 80.50 80.64 80.48 80.35 80.29 80.34 80.35 80.30 80.44 80.29 80.23 80.24 80.09 79.97 79.88 79.95 79.71 79.56 79.18 79.00 79.01 78.89 78.65 78.11 78.63 77.95 78.06 77.91 77.56 77.68 77.40 77.54 77.51 77.36 77.44 77.86 77.37 77.20 77.18 77.27 76.95 77.84 78.64 78.68 78.71 78.24 78.72 78.69 78.57 78.86 79.06 79.03 79.25 78.64 78.26 78.05 77.19 77.10 77.15 77.43 77.29 77.05 77.22 77.28 77.71 78.02 78.26 78.22 78.25 78.37 78.26 78.05 78.15 77.84 78.04 77.83 78.06 77.45 77.16 78.09 78.28 77.61 78.26 78.32 78.05 78.12 78.00 77.65 77.88 78.35 78.48 78.35 78.38 78.66 79.81 80.09 80.62 80.42 80.32 79.88 80.45 80.10 80.64 79.08 79.27
79.62 79.51 79.17 78.84 79.09 79.57 80.00 80.32 80.17 80.29 80.02 79.52 79.37 79.56 79.53 79.62 79.06 79.01 78.84 78.46 78.13 77.73 77.39 77.04 76.55 75.94 75.04 73.29 71.31 70.89 71.99 72.97 73.28 73.36 73.44 74.06 73.84 73.81 73.28 73.04 73.08 74.17 73.51 73.96 74.45 74.91 75.37 75.66 75.88 76.04 76.09 76.80 76.26 77.57 80.79 80.14 80.23 78.19 81.15 81.52 80.13 77.66 77.57 77.82 80.40 80.94 80.48 80.46 78.61 81.14 79.45 79.61 79.89 80.10 80.20 80.46 80.42 80.63 80.75 80.42 80.37 80.38 80.35 80.35 80.17 80.23 80.35 80.16 79.95 80.19 80.04 79.93 79.71 79.41 79.76 79.24 79.02 78.73 78.56 78.57 78.52 78.22 77.82 77.62 77.42 77.90 77.46 77.43 77.31 77.24 77.27 77.42 77.03 77.40 77.29 77.52 77.54 78.34 78.53 78.39 78.46 78.71 78.56 78.55 78.25 78.73 78.80 78.83 78.60 78.37 77.36 77.12 76.82 77.32 77.19 77.40 77.00 77.17 77.83 77.86 78.36 78.25 78.38 78.30 78.36 78.29 77.93 77.76 77.71 77.78 77.74 77.53 77.92 77.46 78.33 78.30 77.80 77.80 78.16 78.27 77.99 78.10 77.72 77.59 77.94 78.89 78.95 79.14 79.55 80.15 80.36 80.53 80.59 80.52 80.48 80.59 80.67 80.52 80.67 80.50
80.63 80.37 80.68 80.71 79.84 79.81 80.07 80.37 80.18 80.18 80.03 79.96 80.01 79.61 79.83 79.71 79.60 79.22 79.01 78.65 78.25 77.94 77.46 77.03 76.41 75.83 75.01 73.48 71.37 69.68 70.58 72.94 73.18 73.20 73.12 73.70 73.64 73.38 72.96 72.74 73.16 73.48 73.43 73.89 74.30 74.69 75.33 75.53 75.72 75.94 75.84 76.49 79.96 80.61 81.62 81.62 78.55 75.37 75.19 76.20 76.86 77.06 77.36 77.59 78.07 77.96 78.17 79.69 78.93 79.11 81.30 80.04 81.30 80.56 80.31 80.65 80.74 80.58 80.69 80.72 80.44 80.44 80.48 80.39 80.42 80.36 80.53 80.27 80.35 80.14 80.14 80.31 79.77 79.58 79.34 79.33 79.38 78.97 77.69 78.09 78.57 78.64 78.10 77.85 77.74 77.41 77.38 77.46 77.24 77.28 77.72 77.39 77.48 77.20 77.44 77.59 77.52 77.76 78.14 77.93 78.08 78.35 78.31 78.21 77.88 78.70 78.61 78.88 78.60 78.56 78.27 77.46 76.91 77.12 77.07 77.60 77.25 77.69 78.05 78.07 78.51 78.42 78.26 78.36 78.39 78.36 78.23 78.29 78.02 77.99 77.84 77.48 77.10 77.57 77.50 77.76 78.17 78.28 78.02 78.48 78.20 78.72 79.01 78.65 78.87 80.07 79.05 79.52 79.79 80.28 80.44 80.47 80.68 80.63 80.72 80.78 80.78 80.38 80.52 80.26
80.02 80.26 80.21 80.49 80.70 80.01 80.39 80.18 80.40 80.49 80.16 80.28 80.05 79.95 79.96 79.73 79.72 79.43 79.22 78.79 78.50 78.03 77.66 77.15 76.61 75.96 75.21 74.49 71.71 68.55 68.54 72.00 73.07 73.08 73.14 73.04 73.42 73.22 73.25 72.97 73.09 73.66 75.20 76.73 75.66 74.75 75.29 75.84 75.79 76.18 79.83 80.95 80.91 81.47 80.21 75.82 74.99 76.90 75.58 76.78 77.04 77.19 77.90 77.78 78.26 78.47 79.96 79.01 80.76 79.36 81.33 81.33 81.43 81.11 80.94 80.75 80.45 80.62 80.64 80.96 80.72 80.42 80.53 80.54 80.50 80.50 80.65 80.33 80.36 80.34 80.50 79.99 79.98 79.89 79.57 79.25 79.34 79.07 78.41 78.30 78.62 78.38 77.98 78.15 78.11 77.69 77.40 77.77 78.95 79.32 77.50 77.84 77.63 77.73 77.68 77.54 77.56 77.65 77.92 77.99 77.98 77.77 77.99 77.79 77.76 77.88 78.17 78.54 78.60 78.59 78.23 77.81 76.94 77.75 77.75 77.18 78.02 78.28 77.69 78.14 78.49 78.54 78.70 78.50 78.51 78.29 78.20 78.63 78.52 78.10 77.34 77.56 77.11 77.85 78.28 78.12 78.35 78.78 78.35 78.59 79.08 80.06 80.36 79.87 79.81 80.36 80.33 80.19 80.39 80.43 80.55 80.65 80.74 80.96 80.87 80.85 80.28 78.57 80.49 80.37
80.43 80.39 80.29 80.28 80.90 80.78 80.52 80.55 80.79 80.64 80.56 80.36 80.21 80.17 80.16 80.22 80.14 79.73 79.41 79.06 78.67 78.24 77.85 77.29 76.76 76.26 75.65 75.11 72.27 69.60 70.24 71.51 72.78 73.01 73.16 73.36 72.97 72.98 73.37 72.98 76.03 76.33 73.89 77.59 76.89 77.10 77.34 79.75 79.03 78.47 77.00 75.52 78.28 81.34 80.13 80.28 80.53 77.57 76.61 77.23 77.36 77.40 77.71 77.90 79.20 80.45 80.42 80.31 78.57 78.78 80.44 81.35 81.32 81.14 81.26 81.11 80.92 80.53 80.50 80.63 80.68 80.60 80.64 80.48 80.54 80.45 80.35 80.25 80.19 80.29 80.22 80.31 79.97 79.89 79.86 79.92 79.92 79.31 78.74 78.91 77.99 77.94 78.10 78.17 77.46 77.93 78.09 77.78 77.76 77.80 78.02 77.99 78.14 77.43 77.52 77.54 77.53 78.06 78.12 77.92 77.55 77.37 77.47 77.25 77.67 78.19 77.96 78.13 78.58 78.59 78.46 78.33 77.31 77.21 77.63 77.87 77.90 78.01 77.87 78.25 78.55 78.50 78.82 78.78 78.72 78.79 78.91 78.92 78.88 79.17 77.14 76.99 77.16 77.85 77.41 78.70 80.04 79.39 79.51 79.46 80.08 80.33 80.27 80.15 80.56 80.72 80.60 80.71 80.73 80.70 80.72 80.72 80.80 80.90 80.97 80.98 80.78 80.62 80.59 80.44
80.49 80.57 80.65 80.61 80.46 80.92 80.89 80.88 80.94 80.70 80.55 80.18 80.30 80.44 80.58 80.66 80.65 80.39 79.57 79.54 79.04 78.64 78.18 77.61 77.14 76.61 76.10 75.30 74.25 72.83 71.70 71.90 72.79 72.91 73.24 73.48 73.46 74.36 73.71 73.15 73.47 73.75 74.15 78.27 76.52 78.73 76.58 77.46 76.49 75.76 75.35 78.37 79.52 80.03 79.38 75.87 76.21 77.33 80.10 79.64 77.61 77.77 77.90 77.95 78.69 78.30 79.10 78.58 78.68 79.00 79.64 80.26 80.97 80.13 80.10 81.01 81.14 81.03 80.32 80.46 80.91 80.77 80.73 80.64 80.58 80.45 80.31 80.32 80.43 80.35 80.24 80.17 80.25 79.82 79.87 80.00 79.93 79.89 79.51 79.62 78.73 77.75 77.94 78.13 78.47 78.16 78.04 77.96 78.09 77.91 78.51 78.59 78.42 77.65 77.47 77.54 77.30 77.52 77.27 77.84 77.53 77.86 77.60 77.61 77.86 77.66 78.29 77.88 78.45 78.52 78.35 77.79 77.91 77.38 77.85 78.02 78.37 78.26 78.37 78.51 78.40 78.67 79.21 79.28 79.07 79.02 79.78 79.46 78.95 78.70 78.09 77.65 78.47 78.36 78.26 78.85 80.59 80.10 81.15 80.58 80.42 80.25 80.20 80.61 80.61 80.83 80.84 80.79 80.79 80.84 80.86 80.85 80.94 80.94 80.94 80.96 80.98 80.87 80.75 80.62
80.63 80.60 80.73 80.75 80.67 81.04 81.05 80.99 80.81 80.87 80.39 79.84 80.50 80.92 80.89 80.96 80.31 79.62 80.38 80.01 79.67 79.01 78.84 78.23 77.58 77.03 76.54 75.71 75.09 73.94 73.07 72.91 72.65 72.63 73.33 73.72 74.02 74.17 74.21 73.83 73.66 74.18 74.53 75.33 75.60 75.66 76.24 76.28 76.11 75.82 75.59 75.39 75.85 78.08 77.53 76.36 76.94 77.45 77.79 80.77 77.60 78.33 78.29 78.55 78.68 78.80 79.90 79.16 79.34 79.72 79.97 80.16 81.32 80.50 80.42 80.92 80.75 80.85 80.59 80.63 80.74 80.74 80.91 80.76 80.62 80.53 80.60 80.47 80.45 80.41 80.35 80.23 80.14 80.09 79.96 79.91 79.42 79.90 79.89 79.94 79.00 78.38 78.15 78.33 78.63 78.14 78.27 78.47 78.39 78.40 78.66 78.66 78.35 78.03 77.84 77.39 77.11 78.35 78.12 77.89 77.80 77.92 77.74 78.13 77.57 77.92 77.67 78.37 78.43 78.67 78.21 78.36 78.25 78.11 78.53 79.30 78.16 78.86 78.70 78.41 78.69 78.77 79.59 79.60 79.15 79.94 79.74 79.23 78.89 78.58 78.01 78.21 78.10 78.31 78.55 79.50 80.51 80.62 80.63 80.39 80.69 80.63 80.61 80.56 80.68 80.85 80.77 80.63 80.93 80.95 80.94 80.98 81.00 81.02 81.02 81.02 80.99 80.95 80.81 80.77
80.82 80.78 80.80 80.89 80.93 81.05 81.06 80.96 80.91 80.62 80.27 79.68 80.66 80.90 81.03 80.75 80.39 80.62 80.54 80.07 79.90 79.60 79.26 78.73 78.13 77.36 76.76 76.10 75.47 74.82 73.90 73.39 72.18 70.89 73.52 73.91 74.15 74.40 74.55 74.58 74.63 75.40 75.73 76.02 76.26 76.79 77.09 77.30 77.56 77.76 77.20 78.51 80.81 76.37 76.49 76.77 77.59 77.93 78.03 79.30 78.38 78.65 78.68 78.67 78.92 79.04 79.02 79.85 80.03 80.05 80.65 80.22 81.20 81.23 80.70 80.71 80.62 80.65 80.68 80.80 81.00 80.93 80.87 80.67 80.70 80.67 80.58 80.47 80.39 80.35 80.39 80.47 80.26 80.20 80.01 79.92 79.30 79.88 79.86 79.92 79.05 78.83 78.63 78.41 78.64 78.56 78.50 78.70 78.75 78.82 78.97 78.94 78.22 77.97 77.94 77.61 77.32 78.39 78.17 78.13 78.16 77.74 77.82 77.61 77.98 78.05 78.24 78.39 79.02 78.85 78.48 77.97 78.46 78.59 79.26 79.23 78.97 79.87 78.78 78.60 78.83 79.00 79.69 79.75 79.81 80.00 79.87 78.82 79.12 78.60 78.47 78.57 79.31 79.38 79.78 80.59 80.79 80.87 80.76 80.75 80.92 80.85 80.71 80.69 80.86 80.80 80.60 80.79 80.92 80.97 80.98 80.99 81.00 81.02 81.03 81.02 80.97 80.97 80.91 80.84
80.86 80.78 80.89 81.00 80.96 81.01 81.06 81.13 80.93 80.73 80.36 80.37 80.83 81.03 81.04 80.91 80.81 80.72 80.01 80.42 80.10 80.10 79.32 78.50 77.94 77.78 77.13 76.28 75.55 75.30 74.92 74.43 72.53 70.26 71.08 74.17 74.31 74.44 74.73 75.03 75.41 75.71 75.94 76.24 76.62 77.11 77.44 77.80 78.36 78.77 77.31 76.31 76.14 76.51 76.81 77.41 77.86 78.31 78.39 78.87 78.59 78.84 79.57 78.84 78.98 79.14 78.99 80.31 79.63 79.96 80.32 81.10 81.49 81.47 80.49 80.62 80.63 80.69 80.49 81.04 80.52 81.02 80.78 80.63 80.76 80.74 80.60 80.45 80.51 80.38 80.36 80.43 80.30 80.28 80.23 79.99 79.90 79.50 79.54 79.32 79.29 79.35 79.08 79.28 78.73 78.49 78.55 79.12 78.95 78.91 78.89 78.45 78.61 78.44 78.02 77.83 78.17 78.16 77.86 78.30 78.09 77.93 78.01 78.04 78.03 78.15 78.34 78.62 78.68 78.91 79.41 79.20 79.73 79.69 79.76 79.72 79.38 79.33 79.57 79.22 79.72 79.81 80.11 80.08 80.16 79.82 79.17 79.10 79.17 78.83 79.11 79.57 80.30 80.51 80.55 80.62 80.80 80.88 80.84 80.92 80.86 80.86 80.80 80.90 80.88 80.81 80.72 80.90 80.94 80.96 80.99 81.00 81.00 81.02 81.02 81.02 81.03 81.00 80.97 80.93
81.03 81.00 81.01 81.05 81.09 81.11 81.09 81.06 81.02 80.74 80.64 80.68 81.05 81.09 81.09 81.01 80.95 80.45 80.28 80.61 80.47 79.78 79.07 78.30 77.63 78.39 77.63 75.76 75.58 75.67 75.55 75.68 75.23 72.28 73.56 74.43 74.23 74.34 74.79 75.22 75.60 75.82 76.00 75.99 77.02 77.45 77.95 78.30 78.66 79.41 79.48 77.90 77.29 77.52 77.91 78.28 78.52 78.64 78.74 79.08 79.00 78.86 78.57 79.64 79.79 79.34 79.51 80.00 80.07 80.31 80.42 80.57 81.27 81.32 81.15 81.00 81.07 80.98 80.90 80.90 80.64 80.59 80.79 80.69 80.63 80.77 80.56 80.39 80.46 80.46 80.51 80.44 80.38 80.30 80.21 80.02 79.98 79.72 79.87 79.66 79.65 79.66 79.65 79.38 79.37 78.71 79.03 79.48 79.89 78.86 79.02 78.72 78.30 78.26 78.12 78.57 78.35 78.35 78.03 78.34 78.16 78.01 77.98 78.11 78.13 78.21 78.47 78.64 78.93 79.07 80.02 80.39 80.58 80.65 80.89 80.64 79.93 79.80 79.60 79.92 79.96 80.14 80.26 80.14 80.08 79.57 79.51 79.33 79.17 78.83 79.80 80.61 80.54 80.43 80.49 80.78 80.84 80.90 80.91 80.95 80.84 80.94 80.91 80.93 80.92 80.85 80.88 80.93 80.95 80.96 80.97 80.99 81.01 81.01 81.01 81.02 81.03 81.03 81.04 81.04
81.03 81.06 81.15 81.06 81.12 81.13 81.10 81.09 81.06 80.93 80.86 80.81 81.10 81.14 81.14 81.10 80.81 80.31 80.78 80.70 80.33 79.29 78.60 78.14 78.45 78.58 78.32 77.06 75.68 75.59 75.80 76.20 76.44 76.13 75.31 74.75 74.07 73.91 74.91 75.46 75.84 76.05 76.16 75.94 77.22 78.01 78.42 78.71 79.14 79.81 80.08 78.39 78.37 78.69 78.91 79.12 79.07 79.12 79.18 79.38 79.71 79.21 78.79 78.97 79.28 79.80 80.03 80.15 80.20 80.47 80.73 81.17 80.75 81.01 81.31 81.16 80.97 80.73 80.65 80.66 80.56 80.71 80.62 80.68 80.80 80.67 80.64 80.44 80.49 80.44 80.40 80.42 80.21 80.16 80.13 80.10 80.07 80.08 79.94 79.70 79.68 79.67 79.57 79.65 79.55 79.51 79.58 79.46 79.56 78.69 78.87 78.06 78.26 78.15 78.36 78.20 78.23 78.39 78.31 78.30 78.17 78.04 77.93 77.98 78.57 78.30 78.46 78.78 79.15 79.67 80.36 81.26 81.31 81.31 81.30 81.22 81.07 80.52 80.33 80.24 80.22 80.42 80.31 80.09 80.12 79.70 79.50 79.53 78.97 79.07 80.59 80.53 80.64 80.66 80.73 80.75 80.87 80.91 80.94 80.95 80.93 80.92 80.94 80.94 80.94 80.94 80.94 80.93 80.95 80.95 80.95 80.97 80.99 81.00 81.00 81.02 81.03 81.03 81.04 81.05
81.05 81.07 81.09 81.09 81.12 81.13 81.13 81.12 81.10 81.02 80.92 81.04 81.15 81.18 81.18 81.11 80.75 80.94 80.90 80.72 80.06 79.43 79.54 79.24 79.05 78.98 78.60 77.76 75.32 75.47 75.80 76.56 76.83 76.60 75.99 75.16 73.24 73.22 75.34 75.79 76.07 76.24 76.36 76.62 77.76 78.17 78.52 78.91 79.31 79.75 80.12 80.18 79.07 79.04 79.03 79.08 79.25 79.42 79.58 79.71 79.78 79.54 79.01 79.52 79.95 80.05 80.28 80.37 80.42 80.59 80.80 81.19 81.35 81.19 81.30 80.78 80.74 80.69 80.94 80.97 80.90 80.68 80.72 80.75 80.67 80.54 80.54 80.43 80.51 80.37 80.44 80.38 80.35 80.40 80.12 80.03 79.94 80.09 79.85 79.55 79.56 79.62 79.73 79.57 79.51 79.74 79.23 79.92 79.57 79.63 79.11 78.65 78.53 78.02 78.13 78.25 78.15 78.32 78.32 78.36 78.13 78.19 77.96 78.52 78.95 78.21 78.48 78.88 79.67 80.55 81.23 81.35 81.33 81.33 81.33 81.29 81.28 81.12 80.56 80.53 80.58 80.47 80.22 80.28 79.71 79.35 79.49 79.87 79.58 79.54 80.52 80.70 80.74 80.80 80.83 80.82 80.92 80.95 80.93 80.95 80.96 80.93 80.94 80.94 80.95 80.95 80.93 80.93 80.93 80.93 80.94 80.91 80.97 80.99 80.98 81.02 81.04 81.05 81.05 81.06
81.08 81.11 81.04 81.07 81.13 81.13 81.13 81.12 81.15 81.05 80.97 81.13 81.19 81.21 81.20 81.05 80.95 81.04 80.88 80.49 80.38 80.15 80.04 79.85 79.61 79.25 78.89 77.90 75.83 75.74 76.29 77.11 77.10 77.30 76.86 75.57 72.69 71.14 74.70 76.06 76.22 76.44 76.67 77.05 77.68 78.19 78.60 79.02 79.35 79.79 80.13 80.20 80.00 79.32 79.24 79.26 79.40 79.58 79.72 79.89 80.05 79.94 79.73 79.80 79.99 80.33 80.60 80.63 80.67 80.86 81.18 81.21 81.18 81.33 80.91 80.89 80.93 80.87 80.98 80.75 80.75 80.71 80.67 80.72 80.76 80.66 80.60 80.69 80.60 80.61 80.47 80.41 80.30 80.35 80.23 80.42 80.08 79.95 79.89 79.92 79.86 79.43 79.18 79.09 79.65 79.83 79.89 79.39 79.31 79.13 79.06 79.07 78.86 79.05 78.70 78.40 78.26 78.30 78.31 78.02 78.22 78.15 77.84 79.24 78.33 78.21 78.63 79.17 80.01 80.93 81.29 81.37 81.37 81.37 81.34 81.32 81.30 81.24 81.06 80.86 80.73 80.68 80.22 79.98 79.95 79.86 80.23 80.40 80.27 80.28 80.65 80.81 80.88 80.80 80.91 80.96 80.93 80.92 80.89 80.90 81.04 80.87 80.86 80.89 80.92 80.94 80.90 80.91 80.87 80.88 80.88 80.96 80.97 80.99 80.97 81.02 81.04 81.05 81.06 81.06
81.10 81.09 81.09 81.09 81.15 81.15 81.17 81.16 81.20 81.18 81.14 81.22 81.23 81.22 81.21 81.19 81.06 81.07 80.88 80.63 80.51 80.40 80.15 79.88 79.56 79.29 78.77 77.87 77.10 77.40 77.34 77.33 77.36 77.38 77.49 77.36 73.27 68.36 69.76 76.05 76.37 76.61 76.89 77.26 77.68 78.25 78.76 79.12 79.52 79.79 80.07 80.23 80.19 79.55 79.43 79.42 79.56 79.73 79.83 79.97 80.10 79.84 79.74 80.11 80.37 80.55 80.78 80.88 80.96 80.91 81.32 81.26 80.90 81.35 81.20 80.87 81.21 80.81 80.74 80.83 80.73 80.68 80.61 80.57 80.66 80.70 80.75 80.70 80.65 80.58 80.48 80.43 80.44 80.44 80.50 80.23 80.35 79.96 80.03 80.09 79.97 79.92 79.58 79.14 79.81 79.72 80.43 79.66 80.08 79.05 79.31 79.25 79.19 79.40 79.05 78.52 78.25 78.52 78.75 78.19 78.38 78.27 78.05 77.92 78.10 78.56 78.96 79.53 80.41 81.04 81.37 81.39 81.40 81.37 81.33 81.33 81.29 81.26 81.14 80.94 80.84 80.28 80.45 80.31 80.12 80.47 80.67 80.75 80.75 80.77 80.85 80.93 81.00 81.01 80.96 80.99 80.96 80.96 80.88 80.83 80.77 80.69 80.72 80.75 80.79 80.82 80.83 80.83 80.84 80.95 80.63 80.90 80.95 80.96 80.96 81.04 81.05 81.04 80.90 81.06
81.07 81.12 80.99 80.98 81.15 81.14 81.18 81.20 81.21 81.23 81.25 81.27 81.26 81.26 81.24 81.20 81.15 81.04 80.60 80.65 80.56 80.30 80.10 79.92 79.52 79.15 78.80 78.39 77.62 77.62 77.50 77.49 77.49 77.60 77.79 77.94 77.21 70.10 71.17 75.23 76.18 76.83 77.20 77.46 74.71 78.52 78.94 79.27 79.60 79.79 80.12 80.21 80.24 79.65 79.56 79.63 79.76 79.88 79.95 80.04 80.08 80.14 80.26 80.16 80.51 80.83 80.94 81.02 81.06 81.27 81.31 81.27 81.05 81.01 80.94 81.19 80.99 80.93 80.74 80.58 80.58 80.68 80.62 80.67 80.66 80.66 81.28 80.67 80.98 80.59 80.45 80.48 80.48 80.59 80.53 80.20 80.21 80.26 80.34 80.36 80.31 79.85 79.70 79.79 79.90 80.04 79.89 80.12 80.46 79.60 79.58 79.88 79.45 79.35 79.20 78.98 78.72 78.85 79.01 78.94 78.78 78.41 78.31 78.34 78.44 78.68 79.17 79.88 80.62 81.07 81.37 81.38 81.38 81.36 81.33 81.32 81.30 81.28 81.19 81.01 80.92 80.63 80.70 80.74 80.73 80.78 80.77 80.93 80.87 80.97 81.00 81.03 81.08 81.12 81.13 81.06 81.03 80.95 80.81 80.62 80.38 80.24 80.43 80.44 80.58 80.66 80.70 80.78 80.76 80.78 80.80 80.71 80.95 80.94 80.98 80.99 81.04 81.02 80.68 80.92
81.08 81.13 81.13 81.19 81.18 81.15 81.21 81.25 81.25 81.27 81.29 81.32 81.31 81.30 81.30 81.24 81.06 80.91 80.67 80.67 80.15 76.99 72.82 72.29 74.45 79.00 78.67 78.55 78.29 77.80 77.72 77.60 77.63 77.71 77.81 77.91 77.93 76.71 74.83 75.18 76.39 77.02 77.45 77.71 78.18 78.84 79.10 79.39 79.62 79.78 80.06 80.21 80.28 79.73 79.74 79.73 79.84 79.97 80.06 80.08 80.14 80.14 80.08 80.38 80.86 80.98 81.04 81.09 81.11 81.25 81.33 81.29 81.18 81.09 81.20 81.06 81.01 80.94 80.87 80.82 80.85 80.71 80.37 81.09 80.72 80.67 80.70 80.66 80.67 80.67 80.91 80.69 80.53 80.48 80.42 80.36 80.39 80.44 80.48 80.55 80.42 80.42 80.03 79.95 80.04 80.07 79.90 80.49 80.28 79.37 79.66 79.71 79.77 79.82 79.31 79.23 79.00 78.83 78.93 78.94 78.73 78.84 78.65 78.71 78.85 79.02 79.41 80.20 80.83 81.35 81.36 81.34 81.37 81.35 81.33 81.31 81.29 81.27 81.20 81.06 80.98 80.93 80.87 80.86 80.84 80.86 80.90 80.95 81.04 81.06 81.10 81.13 81.13 81.16 81.17 81.15 81.06 80.93 80.70 80.40 80.12 79.92 79.69 79.91 80.10 80.46 80.59 80.67 80.68 80.73 80.76 80.78 80.86 80.93 80.95 80.97 81.00 81.07 80.88 81.27
81.12 81.16 81.17 81.21 81.06 81.20 81.22 81.24 81.29 81.30 81.32 81.34 81.35 81.35 81.36 81.13 80.99 80.95 80.79 80.80 79.53 72.00 68.66 67.62 70.17 76.61 78.61 78.58 78.84 78.32 78.01 77.74 77.67 77.74 77.83 77.94 77.96 77.74 76.66 76.54 77.01 77.24 77.53 77.81 78.26 78.88 79.23 79.51 79.70 79.86 79.99 80.28 80.24 79.56 79.61 79.87 79.93 80.02 80.07 80.12 80.18 80.27 80.43 80.77 80.90 81.06 81.12 81.19 81.27 81.29 81.24 81.30 81.27 81.20 81.23 81.12 80.99 81.01 80.97 80.82 80.74 80.56 80.74 80.92 80.65 80.69 80.71 81.21 80.68 80.78 80.70 80.66 80.47 80.46 80.54 80.61 80.55 80.56 80.56 80.65 80.63 80.54 80.28 80.19 80.41 80.38 80.38 80.35 79.83 79.59 79.78 79.82 79.66 79.50 79.44 79.34 79.09 78.45 78.83 78.96 79.00 78.99 78.93 78.99 79.07 79.25 80.01 80.33 80.88 81.29 81.34 81.36 81.34 81.33 81.32 81.32 81.30 81.25 81.21 81.14 81.07 81.09 81.04 81.03 81.03 81.08 81.09 81.11 81.14 81.17 81.19 81.19 81.19 81.22 81.21 81.20 81.13 80.92 80.70 80.21 79.82 79.40 79.10 79.12 79.51 80.27 80.51 80.55 80.55 80.63 80.71 80.80 80.87 80.92 80.91 80.97 81.08 81.08 81.04 81.13
81.12 81.17 81.21 81.22 81.24 81.21 81.22 81.26 81.31 81.33 81.35 81.38 81.39 81.39 81.40 81.17 81.01 80.88 80.51 80.69 80.00 72.10 68.73 67.97 69.79 76.67 78.93 79.08 79.13 78.98 78.37 77.88 77.61 77.55 77.57 77.85 78.01 77.98 77.51 77.34 77.43 77.50 77.59 77.80 78.12 78.68 79.32 79.58 79.80 79.88 80.00 80.32 80.10 80.17 79.56 79.76 79.94 80.01 80.10 80.12 80.25 80.28 80.59 80.90 81.04 81.14 81.24 81.27 81.34 81.34 81.38 81.34 81.33 81.29 81.27 81.12 81.07 81.08 81.19 80.88 80.78 80.70 80.73 80.79 81.18 80.62 80.68 80.56 80.67 80.72 80.73 80.73 80.87 80.63 80.61 80.66 80.62 80.62 80.61 80.64 80.66 80.44 80.96 80.45 80.57 80.22 80.05 80.33 80.03 79.95 79.81 79.69 79.46 79.41 79.44 79.70 78.94 79.15 78.91 79.26 79.44 79.65 79.03 79.08 79.17 79.39 79.91 79.75 80.65 81.03 81.23 81.33 81.31 81.31 81.30 81.28 81.28 81.26 81.23 81.21 81.20 81.20 81.23 81.20 81.20 81.19 81.23 81.23 81.24 81.26 81.27 81.26 81.30 81.28 81.27 81.23 81.16 80.92 80.54 79.99 79.24 78.78 78.64 78.93 78.98 78.09 80.26 80.40 80.48 80.57 80.68 80.79 80.87 80.93 80.95 81.03 80.91 81.11 81.10 81.14
81.24 81.21 81.20 81.26 81.30 81.29 81.29 81.32 81.36 81.37 81.40 81.41 81.42 81.42 81.42 81.17 81.01 80.67 80.54 80.76 80.56 73.91 71.80 70.99 72.66 78.45 79.46 79.45 79.35 79.07 78.63 78.09 77.60 77.36 77.18 77.09 77.96 77.98 77.81 77.66 77.62 77.64 77.70 77.84 78.11 78.65 79.43 79.56 79.71 79.86 79.87 80.16 80.35 80.44 79.68 79.77 79.82 79.96 80.01 80.16 80.27 80.31 80.75 80.92 81.07 81.28 81.31 81.33 81.37 81.38 81.38 81.37 81.32 81.33 81.29 81.19 81.16 81.17 81.03 80.88 80.84 80.93 80.84 80.78 80.62 80.72 80.84 80.69 80.72 80.76 80.71 80.71 80.65 80.63 80.73 80.68 80.63 80.66 80.65 80.65 80.69 80.50 80.35 80.59 80.25 80.38 80.52 79.68 80.05 80.36 79.64 79.44 79.42 79.51 79.53 79.72 79.25 79.26 78.30 79.55 79.62 79.57 78.82 79.02 79.33 79.39 79.86 79.68 80.14 80.57 80.99 81.05 81.19 81.22 81.22 81.27 81.27 81.27 81.27 81.26 81.26 81.29 81.29 81.30 81.30 81.29 81.32 81.33 81.33 81.31 81.33 81.32 81.33 81.30 81.32 81.32 81.25 80.96 80.47 79.60 78.65 78.42 78.32 78.29 78.79 79.46 80.01 80.22 80.38 80.54 80.69 80.78 80.86 80.91 80.99 81.01 80.89 81.13 81.14 81.17
81.23 81.25 81.27 81.30 81.31 81.34 81.36 81.39 81.40 81.41 81.43 81.43 81.44 81.44 81.44 81.19 80.94 80.60 80.76 80.87 80.88 79.05 76.99 76.12 78.98 80.13 79.78 79.67 79.49 78.98 78.53 78.10 77.70 77.25 76.99 76.91 77.68 77.99 77.91 77.66 77.65 77.44 77.71 77.89 77.93 78.86 79.13 79.41 79.54 79.71 79.82 79.95 80.15 80.39 80.18 79.90 80.52 80.98 80.86 80.44 80.33 80.17 80.78 80.94 81.09 81.28 81.35 81.37 81.40 81.42 81.40 81.42 81.33 81.45 81.36 81.28 81.26 81.27 81.23 81.04 80.89 80.73 80.61 80.74 80.67 80.70 80.73 80.76 80.75 80.65 80.78 80.79 80.75 80.70 80.80 80.82 80.89 80.54 80.76 80.74 80.66 80.53 80.38 80.53 80.54 80.50 80.49 80.29 80.02 80.19 79.91 79.62 79.62 79.43 79.41 79.47 79.61 79.24 78.50 79.47 79.60 79.37 80.28 79.94 79.29 79.24 79.55 79.78 79.89 80.31 80.60 80.79 80.93 81.04 81.15 81.23 81.27 81.28 81.31 81.31 81.32 81.37 81.34 81.38 81.40 81.41 81.43 81.41 81.46 81.43 81.43 81.42 81.41 81.41 81.42 81.38 81.36 81.03 80.42 79.48 78.79 78.33 78.14 76.53 77.35 78.84 79.71 80.13 80.40 80.54 80.69 80.79 80.89 80.96 81.04 80.99 81.10 81.13 81.05 81.21
81.26 81.27 81.27 81.33 81.37 81.37 81.40 81.40 81.41 81.43 81.44 81.45 81.45 81.45 81.45 81.22 80.87 80.72 80.76 80.66 80.90 80.83 80.82 80.81 80.58 80.27 79.59 79.79 79.32 78.81 78.31 77.99 77.54 77.16 76.93 76.45 76.50 77.89 77.97 77.65 77.75 77.66 77.77 77.01 78.23 78.89 79.25 79.38 79.47 79.57 79.41 79.77 79.80 80.48 79.79 79.86 79.93 79.88 80.59 81.06 81.11 80.55 80.86 81.17 81.28 81.37 81.40 81.40 81.43 81.44 81.44 81.43 81.41 81.38 81.30 81.33 81.32 81.35 81.39 81.16 81.06 80.83 80.77 80.86 80.85 80.79 80.82 80.79 80.80 80.70 80.77 80.88 80.79 80.80 80.80 80.91 80.84 80.77 80.71 80.76 80.51 80.54 80.63 80.54 80.43 80.70 80.62 80.24 80.45 80.35 79.97 80.17 80.09 80.03 80.36 79.54 79.76 78.93 79.21 78.66 79.07 78.98 79.02 79.29 79.32 79.44 79.36 79.31 79.97 79.75 80.51 80.80 80.79 80.96 81.16 81.26 81.29 81.35 81.37 81.38 81.41 81.43 81.45 81.48 81.52 81.56 81.60 81.61 81.60 81.57 81.54 81.52 81.53 81.51 81.48 81.45 81.39 81.33 80.74 79.90 78.71 78.28 76.56 70.93 76.30 78.69 79.74 80.19 80.38 80.57 80.77 80.77 80.91 80.99 81.08 81.10 81.14 81.13 81.21 81.23
81.31 81.33 81.34 81.34 81.40 81.38 81.43 81.44 81.45 81.45 81.45 81.46 81.45 81.45 81.46 81.28 80.93 80.73 80.76 80.73 80.70 80.75 80.37 80.51 80.54 80.37 80.15 79.48 79.05 78.66 78.17 77.81 77.47 77.08 76.47 76.39 76.69 78.06 78.25 77.84 78.00 77.98 78.01 77.01 77.88 78.86 79.17 79.31 79.39 79.24 79.02 79.15 79.86 80.17 80.45 80.61 80.53 80.76 80.83 81.09 80.87 80.41 81.27 81.32 81.36 81.38 81.38 81.41 81.45 81.46 81.39 81.44 81.44 81.42 81.34 81.42 81.36 81.39 81.41 81.40 81.15 81.06 80.99 80.95 80.97 80.87 80.80 80.76 80.81 80.81 80.83 80.85 80.81 80.78 80.83 80.75 80.86 80.82 80.65 80.52 80.85 80.46 80.62 80.63 80.21 80.80 79.90 80.34 80.46 80.25 80.23 80.30 80.26 80.16 80.08 80.20 80.06 80.54 79.72 79.38 79.65 80.25 79.28 79.57 79.65 79.05 78.78 79.60 80.16 79.84 80.56 80.72 80.91 81.11 81.25 81.32 81.39 81.39 81.42 81.45 81.48 81.53 81.56 81.65 81.73 81.75 81.78 81.75 81.74 81.70 81.66 81.67 81.60 81.55 81.50 81.47 81.41 81.35 81.11 80.10 79.13 78.47 77.63 76.94 77.66 79.41 80.08 80.33 80.47 80.63 80.67 80.90 80.97 81.04 81.11 81.16 81.17 81.19 81.23 81.28
81.36 81.38 81.40 81.42 81.45 81.44 81.46 81.47 81.47 81.47 81.47 81.48 81.47 81.42 81.47 81.45 81.22 80.86 80.66 80.68 80.69 80.70 80.35 80.26 80.65 80.46 79.80 79.36 78.94 78.49 78.08 77.71 77.45 77.05 75.94 76.28 77.21 78.07 78.20 78.00 78.30 78.35 78.31 78.42 78.65 78.89 79.20 79.36 79.35 78.93 79.03 79.31 79.35 80.19 80.28 80.38 80.40 80.72 80.79 80.93 80.90 81.06 81.22 81.15 81.05 81.32 81.35 81.40 81.45 81.47 81.45 81.48 81.47 81.49 81.47 81.45 81.42 81.44 81.46 81.47 81.46 81.20 81.11 81.04 81.07 80.91 80.84 81.64 80.86 80.82 80.88 80.97 80.86 80.87 80.74 80.79 80.86 80.84 80.68 80.67 80.58 80.64 80.61 80.65 80.45 80.32 80.07 80.24 80.29 80.05 80.28 80.23 80.44 80.66 80.62 80.60 80.27 79.77 79.67 79.61 79.85 79.56 79.40 79.55 79.26 79.75 80.45 80.69 80.67 80.77 80.85 80.96 81.17 81.23 81.30 81.39 81.42 81.46 81.51 81.57 81.63 81.70 81.80 81.87 81.90 81.98 81.95 81.85 81.90 81.83 81.79 81.72 81.66 81.58 81.54 81.51 81.46 81.41 81.25 80.74 80.08 79.43 78.79 78.74 79.30 80.15 80.37 80.47 80.56 80.66 80.86 80.95 81.04 81.11 81.18 81.23 81.24 81.25 81.31 81.34
81.44 81.42 81.46 81.46 81.47 81.47 81.48 81.50 81.50 81.49 81.49 81.50 81.50 81.49 81.49 81.47 81.33 81.14 81.03 81.00 80.90 80.84 80.65 80.63 80.77 79.95 79.62 79.27 78.75 78.40 78.01 77.90 77.37 77.09 76.62 76.67 77.24 78.13 78.17 78.17 78.39 78.51 78.67 78.68 78.82 79.00 79.18 79.40 79.29 78.69 79.30 79.44 79.51 79.77 79.90 80.05 80.28 80.34 80.49 80.89 80.72 81.02 81.09 81.16 81.26 81.27 81.34 81.38 81.40 81.47 81.48 81.48 81.51 81.54 81.52 81.56 81.47 81.49 81.51 81.48 81.47 81.43 81.28 81.39 81.19 81.08 80.93 80.82 80.91 80.95 80.97 80.91 80.86 80.81 81.02 80.90 80.80 80.70 80.65 80.79 80.57 80.60 80.70 80.69 80.51 80.48 80.17 80.18 80.32 80.17 80.12 80.08 80.45 80.59 80.54 80.53 80.16 79.81 79.99 80.02 79.95 80.44 79.65 79.50 79.96 79.78 80.19 80.79 80.73 80.85 80.98 81.15 81.20 81.30 81.36 81.42 81.48 81.54 81.66 81.75 81.81 81.89 82.11 82.00 82.07 82.12 82.09 82.03 82.00 81.93 81.83 81.78 81.83 81.64 81.64 81.58 81.53 81.48 81.36 81.20 80.79 80.52 80.33 80.29 80.05 79.67 80.59 80.60 80.66 80.74 80.54 81.32 81.15 80.88 81.27 81.15 81.32 81.34 81.35 81.41
81.50 81.31 81.47 81.47 81.50 81.49 81.50 81.51 81.51 81.51 81.51 81.52 81.52 81.52 81.53 81.52 81.50 81.36 81.12 80.82 80.89 80.88 80.92 80.86 80.28 79.77 79.49 79.12 78.86 78.20 77.86 77.57 77.16 76.79 76.49 76.59 77.15 78.00 78.32 78.41 78.57 78.73 78.80 78.88 78.77 78.97 78.97 78.83 78.81 78.96 79.30 79.57 79.61 79.54 79.83 80.17 80.31 80.38 80.35 80.42 80.39 80.42 80.75 81.15 81.15 81.34 81.38 81.39 81.41 81.47 81.51 81.58 81.59 81.59 81.57 81.63 81.60 81.61 81.60 81.51 81.57 81.55 81.46 81.35 81.25 81.12 81.01 80.92 81.03 80.95 80.94 80.78 80.90 80.90 80.90 80.81 80.84 80.69 80.80 80.82 80.51 80.47 80.62 80.39 80.82 80.27 80.33 80.11 80.31 79.89 79.69 79.92 80.31 80.43 80.33 80.09 80.08 80.21 80.02 80.44 80.35 80.44 80.39 79.92 80.19 80.56 80.61 80.83 80.93 81.07 81.13 81.23 81.28 81.35 81.41 81.48 81.56 81.70 81.80 81.87 81.98 82.03 82.10 82.16 82.27 82.15 82.11 82.09 82.04 81.87 81.92 81.87 81.80 81.70 81.61 81.69 81.66 81.58 81.51 81.46 81.36 81.25 81.20 81.06 80.83 80.43 80.90 80.80 80.75 80.85 80.89 81.13 81.24 81.27 81.33 81.36 81.38 81.42 81.45 81.48
81.54 81.52 81.52 81.50 81.52 81.51 81.52 81.52 81.52 81.53 81.54 81.54 81.54 81.53 81.55 81.52 81.54 81.50 81.34 80.30 80.75 80.85 80.78 80.43 79.58 79.76 79.47 79.09 78.61 78.02 77.50 76.92 76.37 76.10 75.92 75.86 76.26 76.88 77.95 78.58 78.79 78.87 78.94 78.92 78.22 78.45 79.10 79.30 79.01 78.90 79.29 79.18 79.02 79.21 79.68 80.16 80.35 80.45 80.47 80.51 80.53 80.49 80.74 81.14 81.30 81.35 81.39 81.39 81.43 81.48 81.50 81.61 81.57 81.64 81.66 81.72 81.70 81.76 81.70 81.64 81.62 81.58 81.59 81.34 81.28 81.17 81.13 81.08 81.02 81.05 80.84 80.87 80.89 80.99 81.07 80.79 80.82 80.75 80.83 80.74 80.73 80.69 80.67 80.62 80.59 80.38 80.22 80.63 80.18 79.75 80.35 79.85 79.91 79.82 79.71 79.64 79.89 80.06 80.17 80.59 80.63 80.57 80.90 80.80 80.72 80.88 80.89 80.93 81.04 81.12 81.21 81.29 81.33 81.40 81.45 81.55 81.65 81.80 81.92 82.02 82.06 82.11 82.24 82.31 82.36 82.32 82.24 82.22 82.09 82.07 81.98 81.79 81.87 81.77 81.75 81.74 81.69 81.62 81.61 81.55 81.52 81.44 81.41 81.38 81.30 81.26 81.15 81.00 80.93 80.95 80.96 81.10 81.12 81.31 81.35 81.38 81.42 81.49 81.53 81.55
81.61 81.53 81.54 81.51 81.54 81.53 81.54 81.54 81.53 81.53 81.54 81.55 81.55 81.54 81.53 81.52 81.51 81.48 81.46 80.79 80.78 80.72 80.54 80.26 79.76 79.81 79.50 79.13 78.68 77.74 76.72 75.99 75.29 74.87 74.86 75.19 75.55 75.66 76.59 77.82 78.70 79.06 79.11 79.07 78.97 78.81 78.96 79.13 79.28 79.63 79.00 78.86 78.71 78.53 79.15 79.83 80.32 80.42 80.45 80.44 80.50 80.46 80.88 81.18 81.30 81.35 81.39 81.41 81.44 81.51 81.53 81.59 81.62 81.71 81.73 81.81 81.87 81.85 81.84 81.76 81.78 81.74 81.68 81.65 81.53 81.46 81.43 81.37 81.25 81.39 81.02 80.96 80.87 80.86 80.94 80.87 80.90 80.99 80.79 80.92 80.83 80.93 80.76 80.99 80.82 80.79 80.54 80.41 80.28 80.00 79.86 79.76 79.75 79.54 79.55 79.55 79.73 80.26 80.92 80.79 80.70 80.58 80.71 80.63 80.89 80.94 80.98 81.00 81.14 81.19 81.27 81.35 81.39 81.44 81.55 81.66 81.72 81.88 81.98 82.13 82.19 82.30 82.40 82.41 82.43 82.45 82.40 82.30 82.27 82.16 82.10 82.04 81.99 81.89 81.96 81.93 81.80 81.69 81.69 81.59 81.52 81.49 81.40 81.37 81.29 81.27 81.19 81.11 81.05 81.05 81.02 81.13 81.10 81.36 81.37 81.41 81.49 81.50 81.55 81.56
81.57 81.56 81.57 81.55 81.42 81.55 81.55 81.48 81.55 81.55 81.54 81.54 81.52 81.52 81.51 81.50 81.50 81.51 81.44 81.28 80.55 80.48 80.61 80.32 80.31 79.89 79.66 79.33 78.51 77.15 75.89 74.83 74.16 74.07 73.75 73.98 75.13 75.34 75.75 76.92 78.31 79.09 79.24 79.20 78.91 79.02 78.84 77.99 79.07 79.13 79.11 78.93 78.55 78.25 78.63 79.37 80.03 80.27 80.38 80.36 80.65 80.68 80.71 81.04 81.31 81.38 81.39 81.41 81.47 81.52 81.59 81.66 81.68 81.79 81.86 81.90 81.93 81.96 81.96 82.03 81.85 81.84 81.82 81.78 81.69 81.49 81.54 81.45 81.32 81.30 81.23 81.08 81.08 81.05 81.03 80.93 80.86 80.84 81.01 80.94 80.97 81.31 80.97 80.76 81.06 80.69 80.62 80.57 80.46 80.47 80.23 79.85 80.64 79.67 79.71 80.08 79.89 80.13 80.87 80.89 80.91 80.90 80.92 80.98 80.99 81.03 81.07 81.14 81.18 81.26 81.32 81.39 81.42 81.52 81.60 81.73 81.82 81.91 82.08 82.12 82.38 82.47 82.50 82.50 82.50 82.51 82.43 82.41 82.33 82.38 82.22 82.19 82.08 82.05 82.01 81.97 81.91 81.75 81.61 81.63 81.54 81.50 81.43 81.37 81.30 81.29 81.24 81.19 81.17 81.13 81.11 80.99 80.65 81.38 81.40 81.41 81.49 81.54 81.56 81.55
81.57 81.58 81.59 81.58 81.57 81.56 81.54 81.56 81.55 81.54 81.54 81.55 81.53 81.55 81.51 81.52 81.50 81.42 81.37 81.27 81.09 80.95 80.77 80.63 80.41 80.16 79.94 79.41 78.43 76.94 75.53 74.69 74.39 74.31 73.62 73.98 74.97 75.50 76.05 77.27 78.51 79.19 79.27 79.22 78.53 79.10 78.91 78.55 78.88 78.77 78.79 78.64 78.63 78.78 79.03 79.24 79.79 80.25 80.26 80.21 80.48 80.69 80.71 80.99 81.25 81.41 81.43 81.41 81.49 81.55 81.61 81.72 81.78 81.85 81.94 82.00 82.03 82.05 82.06 82.04 82.02 82.00 81.93 82.05 82.03 81.78 81.64 81.60 81.48 81.49 81.29 81.44 81.33 81.22 81.25 81.08 80.99 81.16 80.91 81.04 81.36 81.36 81.34 80.87 81.01 80.55 80.42 80.72 80.75 80.64 80.48 80.61 81.08 80.88 80.37 80.54 80.96 80.40 80.94 80.90 80.93 80.92 81.05 81.07 81.12 81.09 81.16 81.17 81.26 81.34 81.37 81.40 81.46 81.53 81.69 81.80 81.93 82.00 82.22 82.32 82.40 82.53 82.55 82.54 82.52 82.48 82.50 82.47 82.43 82.35 82.29 82.30 82.28 82.18 82.09 82.00 81.92 81.87 81.77 81.67 81.57 81.49 81.44 81.39 81.32 81.31 81.29 81.25 81.25 81.19 80.92 81.03 80.92 81.34 81.40 81.45 81.47 81.54 81.54 81.58
81.57 81.61 81.61 81.59 81.57 81.57 81.56 81.55 81.55 81.55 81.54 81.58 81.55 81.56 81.52 81.51 81.47 81.41 81.30 81.16 81.04 80.94 80.81 80.69 80.53 80.37 80.11 79.82 79.04 77.90 76.55 75.50 75.01 74.86 74.75 74.88 75.44 75.81 77.59 78.78 79.42 79.59 79.41 79.36 79.38 78.84 79.15 78.43 78.81 78.85 78.76 78.92 78.25 78.83 79.47 79.33 79.54 80.07 80.31 80.57 80.54 80.58 80.71 80.99 81.25 81.43 81.49 81.51 81.55 81.61 81.73 81.80 81.93 81.97 82.24 82.05 82.12 82.08 82.13 82.14 82.11 82.09 81.99 82.01 82.04 81.87 81.81 81.66 81.60 81.62 81.55 81.51 81.50 81.44 81.34 81.20 81.14 81.09 81.27 81.32 81.39 81.35 81.13 81.31 81.13 81.29 81.22 81.29 80.57 80.52 80.36 80.97 80.47 80.29 81.02 81.05 80.98 80.92 80.94 81.01 81.03 81.04 81.19 81.32 81.17 81.17 81.19 81.29 81.35 81.37 81.35 81.45 81.47 81.57 81.71 81.88 81.99 82.02 82.21 82.36 82.47 82.53 82.50 82.38 82.53 82.48 82.45 82.38 82.51 82.27 82.30 82.27 82.21 82.17 82.17 82.07 81.97 81.93 81.72 81.67 81.56 81.49 81.41 81.38 81.35 81.33 81.29 81.30 81.29 81.22 81.12 81.03 80.84 81.31 81.44 81.45 81.52 81.54 81.57 81.61
81.64 81.64 81.61 81.61 81.61 81.59 81.58 81.56 81.55 81.57 81.56 81.54 81.54 81.53 81.52 81.47 81.41 81.34 81.24 81.14 81.02 80.93 80.83 80.75 80.68 80.58 80.43 80.20 79.75 78.98 78.36 77.88 77.72 76.16 75.50 75.33 75.96 77.38 78.41 79.23 79.63 79.79 79.77 79.86 79.99 80.12 80.18 79.94 79.17 78.72 78.26 78.73 79.46 79.40 79.40 79.67 80.32 80.16 80.32 80.62 80.72 80.87 80.97 81.10 81.26 81.46 81.48 81.56 81.63 81.71 81.77 81.92 81.99 82.07 82.06 82.19 82.18 82.19 82.26 82.26 82.15 82.18 82.14 82.11 82.05 82.00 81.85 81.89 81.82 81.68 81.65 81.71 81.57 81.51 81.49 81.46 81.32 81.25 81.39 81.38 81.24 81.14 81.05 81.34 81.15 81.30 81.32 81.33 81.09 80.94 80.67 81.03 80.93 80.88 81.05 80.96 80.88 81.03 81.05 81.09 81.08 81.16 81.20 81.26 81.26 81.29 81.30 81.31 81.37 81.40 81.43 81.45 81.55 81.61 81.82 81.94 82.06 82.19 82.24 82.36 82.45 82.55 82.54 82.55 82.52 82.43 82.46 82.47 82.44 82.41 82.33 82.37 82.31 82.14 82.19 82.15 82.04 81.89 81.69 81.61 81.56 81.45 81.40 81.38 81.37 81.35 81.35 81.35 81.34 81.31 81.27 81.17 80.97 81.37 81.38 81.41 81.49 81.59 81.59 81.64
81.65 81.64 81.64 81.60 81.60 81.59 81.57 81.58 81.55 81.59 81.57 81.55 81.55 81.52 81.47 81.45 81.36 81.30 81.22 81.13 81.02 80.97 80.90 80.86 80.79 80.72 80.62 80.55 80.39 80.14 79.87 79.75 79.76 79.72 78.72 78.49 79.15 79.47 79.54 79.59 79.76 79.85 79.81 79.88 80.06 80.22 80.23 80.19 79.12 78.78 79.31 79.73 80.32 80.04 80.15 80.57 80.36 80.82 80.36 80.58 80.77 80.94 81.10 81.27 81.41 81.50 81.55 81.60 81.74 81.78 81.91 81.99 82.03 82.11 82.14 82.12 82.06 81.96 82.26 82.27 82.23 82.27 82.20 82.18 82.11 82.08 82.06 82.01 81.94 81.87 81.80 81.77 81.73 81.68 81.54 81.56 81.49 81.44 81.44 81.46 81.41 81.38 81.46 81.36 81.26 81.34 81.21 81.22 81.30 81.15 81.03 81.12 81.13 81.18 81.19 80.92 81.06 81.10 81.13 81.19 81.20 81.23 81.29 81.25 81.33 81.33 81.34 81.35 81.39 81.42 81.49 81.52 81.60 81.69 82.09 82.12 82.07 82.15 82.26 82.34 82.44 82.54 82.54 82.50 82.50 82.48 82.45 82.44 82.36 82.45 82.41 82.38 82.28 82.26 82.26 82.12 81.98 81.84 81.75 81.40 81.45 81.53 81.45 81.44 81.41 81.40 81.40 81.37 81.38 81.37 81.36 81.30 81.33 81.36 81.40 81.48 81.50 81.57 81.60 81.65
81.67 81.65 81.65 81.62 81.63 81.63 81.61 81.61 81.58 81.58 81.59 81.55 81.54 81.49 81.44 81.39 81.32 81.28 81.22 81.14 81.07 81.03 80.98 80.92 80.84 80.79 80.75 80.70 80.65 80.59 80.52 80.45 80.38 80.32 80.22 80.26 80.29 80.26 80.05 79.90 79.87 80.00 79.97 79.74 79.90 80.07 80.10 80.09 80.53 79.40 80.96 81.09 81.16 80.99 80.96 80.59 80.63 80.64 80.92 80.68 80.94 81.08 81.26 81.39 81.43 81.55 81.65 81.75 81.78 81.93 81.95 82.02 82.10 82.12 82.15 82.16 82.20 82.28 82.32 82.31 82.32 82.27 82.26 82.22 82.20 82.15 82.14 82.04 82.00 81.96 81.91 81.84 81.73 81.68 81.63 81.63 81.56 81.57 81.56 81.53 81.43 81.49 81.37 81.44 83.04 81.66 81.25 81.37 81.33 81.22 81.18 81.22 81.20 81.18 81.12 81.23 81.21 81.23 81.26 81.25 81.25 81.28 81.32 81.32 81.32 81.35 81.34 81.37 81.40 81.45 81.51 81.57 81.67 81.78 82.01 82.09 82.05 82.18 82.19 82.33 82.40 82.46 82.50 82.50 82.47 82.48 82.45 82.45 82.40 82.31 82.43 82.34 82.24 82.18 82.17 82.02 81.93 81.80 81.76 81.47 81.37 81.55 81.49 81.47 81.47 81.45 81.45 81.44 81.40 81.43 81.40 81.41 81.25 81.34 81.52 81.50 81.50 81.61 81.70 81.63
81.67 81.68 81.65 81.65 81.66 81.66 81.60 81.59 81.60 81.59 81.56 81.52 81.50 81.46 81.41 81.36 81.30 81.24 81.19 81.14 81.04 81.05 81.00 80.94 80.91 80.87 80.82 80.79 80.74 80.72 80.67 80.61 80.54 80.50 80.50 80.51 80.44 80.39 80.25 80.11 80.04 80.06 80.10 80.15 80.07 80.24 80.44 80.65 80.93 81.02 81.10 81.16 81.23 81.27 81.28 81.11 80.78 80.71 80.83 81.06 81.15 81.29 81.38 81.53 81.54 81.63 81.71 81.82 81.91 81.97 82.07 82.14 82.19 82.20 82.25 82.27 82.29 82.22 82.44 82.50 82.32 82.31 82.34 82.13 82.26 82.20 82.11 82.08 82.12 82.03 82.01 81.95 81.87 81.80 81.75 81.71 81.65 81.55 81.66 81.56 81.55 81.55 81.38 82.50 83.12 81.48 81.16 81.37 81.35 81.30 81.30 81.29 81.28 81.30 81.33 81.29 81.30 81.29 81.32 81.33 81.32 81.34 81.32 81.33 81.35 81.35 81.34 81.38 81.41 81.44 81.49 81.57 81.68 81.77 81.90 81.92 82.07 82.13 82.25 82.31 82.37 82.42 82.50 82.48 82.50 82.49 82.42 82.47 82.45 82.39 82.36 82.27 82.26 82.11 81.95 81.99 81.91 81.82 81.76 81.71 81.63 81.59 81.55 81.51 81.50 81.50 81.47 81.48 81.45 81.45 81.44 81.45 81.42 81.51 81.52 81.48 81.52 81.62 81.70 81.70
81.67 81.66 81.69 81.69 81.68 81.66 81.64 81.61 81.59 81.54 81.55 81.52 81.48 81.44 81.38 81.31 81.22 81.23 81.21 81.16 81.12 81.09 81.04 81.01 80.97 80.93 80.89 80.85 80.82 80.78 80.74 80.72 80.67 80.65 80.66 80.64 80.64 80.56 80.43 80.32 80.25 80.23 80.28 80.34 80.47 80.62 80.72 80.84 80.96 81.07 81.16 81.21 81.25 81.29 81.32 81.35 81.06 81.14 80.99 81.28 81.48 81.53 81.59 81.62 81.68 81.76 81.89 81.95 82.02 82.06 82.19 82.23 82.25 82.28 82.32 82.37 82.38 82.35 82.41 82.38 82.33 82.37 82.33 82.36 82.29 82.39 82.33 82.19 82.17 82.06 82.07 82.01 81.93 81.90 81.80 81.74 81.76 81.92 81.67 81.65 81.55 81.55 81.50 81.45 81.33 81.34 81.33 81.42 81.37 81.39 81.36 81.36 81.33 81.36 81.36 81.35 81.37 81.40 81.36 81.39 81.36 81.35 81.32 81.34 81.35 81.34 81.33 81.38 81.40 81.43 81.50 81.57 81.65 81.74 81.73 81.86 81.95 82.06 82.09 82.16 82.18 82.26 82.28 82.36 82.38 82.39 82.35 82.36 82.26 82.26 82.27 82.26 82.12 82.01 81.96 81.88 81.91 81.82 81.77 81.72 81.67 81.61 81.58 81.55 81.54 81.52 81.53 81.52 81.43 81.47 81.45 81.49 81.48 81.48 81.51 81.57 81.65 81.66 81.70 81.71
81.74 81.73 81.68 81.64 81.65 81.58 81.60 81.61 81.58 81.56 81.55 81.50 81.48 81.43 81.41 81.32 82.13 81.20 81.22 81.20 81.17 81.13 81.10 81.08 81.03 80.99 80.95 80.91 80.87 80.85 80.82 80.81 80.78 80.79 80.78 80.78 80.74 80.71 80.67 80.60 80.51 80.51 80.46 80.50 80.58 80.72 80.85 81.13 81.13 81.21 81.24 81.25 81.42 81.31 81.35 81.40 81.45 81.47 81.55 81.61 81.66 81.72 81.82 81.87 81.94 82.01 82.03 82.10 82.13 82.19 82.27 82.31 82.33 82.38 82.41 82.37 82.40 82.40 82.43 82.50 82.35 82.37 82.40 82.35 82.42 82.33 82.23 82.22 82.13 82.13 82.10 82.07 82.00 81.93 81.82 81.80 81.79 81.77 81.73 81.67 81.63 81.59 81.53 81.53 81.51 81.47 81.44 81.44 81.44 81.42 81.42 81.42 81.39 81.42 81.40 81.43 81.46 81.45 81.45 81.43 81.38 81.37 81.35 81.34 81.32 81.33 81.38 81.41 81.41 81.43 81.49 81.55 81.61 81.62 81.71 81.80 81.87 81.94 81.96 82.01 82.05 82.10 82.13 82.19 82.22 82.19 82.20 82.21 82.05 82.07 82.13 82.05 82.03 81.94 81.88 81.92 81.79 81.84 81.81 81.68 81.64 81.62 81.60 81.60 81.55 81.56 81.54 81.50 81.49 81.51 81.52 81.46 81.48 81.48 81.54 81.70 81.66 81.71 81.75 81.77
81.75 81.74 81.72 81.69 81.71 81.65 81.61 81.59 81.58 81.58 81.53 81.49 81.49 81.44 81.41 81.39 81.26 81.28 81.24 81.23 81.21 81.18 81.15 81.12 81.10 81.07 81.03 80.99 80.99 80.95 80.93 80.91 80.90 80.90 80.89 80.89 80.88 80.86 80.84 80.75 80.73 80.69 80.67 80.68 80.75 80.86 80.97 81.05 81.17 81.21 81.25 81.28 81.31 81.35 81.40 81.45 81.50 81.57 81.65 81.73 81.87 81.92 81.96 81.99 82.05 82.07 82.13 82.18 82.22 82.29 82.30 82.66 82.42 82.42 82.43 82.47 82.46 82.42 82.43 82.42 82.40 82.49 82.35 82.36 82.01 82.94 82.25 82.21 82.19 82.13 82.14 82.05 82.00 81.96 81.93 81.85 81.85 81.78 81.74 81.65 81.65 81.62 81.55 81.50 81.48 81.48 81.48 81.44 81.49 81.46 81.45 81.47 81.50 81.49 81.49 81.51 81.53 81.50 81.48 81.42 81.40 81.40 81.39 81.36 81.36 81.37 81.36 81.38 81.41 81.42 81.48 81.50 81.56 81.56 81.60 81.67 81.77 81.81 81.84 81.82 81.93 81.91 81.99 82.06 82.08 82.05 82.04 82.06 82.04 81.98 82.02 81.98 81.99 81.98 81.89 81.91 81.84 81.86 81.83 81.74 81.69 81.70 81.63 81.61 81.59 81.55 81.55 81.53 81.49 81.53 81.52 81.50 81.57 81.54 81.56 81.62 81.70 81.69 81.73 81.74
81.73 81.74 81.73 81.66 81.71 81.69 81.58 81.64 81.64 81.64 81.60 81.55 81.51 81.49 81.44 81.39 81.39 81.35 81.32 81.29 81.26 81.23 81.19 81.17 81.16 81.15 81.14 81.11 81.09 81.07 81.05 81.02 81.01 81.02 81.04 81.01 81.01 81.01 80.96 80.91 80.89 80.87 80.87 80.94 80.97 81.06 81.11 81.16 81.22 81.26 81.29 81.35 81.37 81.41 81.46 81.50 81.56 81.64 81.73 81.85 81.99 81.92 82.09 82.13 82.14 82.18 82.24 82.28 82.30 82.30 82.37 82.36 82.39 82.45 82.46 82.46 82.43 82.48 82.52 82.49 82.42 82.40 82.40 82.35 82.33 82.32 82.29 82.27 82.22 82.13 82.06 82.09 82.01 82.00 81.86 81.90 81.88 81.83 81.73 81.70 81.65 81.62 81.60 81.57 81.57 81.55 81.50 81.50 81.50 81.52 81.54 81.55 81.55 81.55 81.52 81.55 81.54 81.54 81.48 81.46 81.45 81.43 81.38 81.39 81.37 81.37 81.36 81.38 81.40 81.41 81.45 81.44 81.51 81.58 81.56 81.52 81.62 81.66 81.65 81.74 81.81 81.74 81.83 81.90 81.89 81.86 81.90 81.90 81.90 81.91 81.90 81.92 81.91 81.88 81.87 81.89 81.87 81.81 81.81 81.76 81.77 81.70 81.68 81.63 81.60 81.57 81.51 81.52 81.51 81.53 81.55 81.56 81.59 81.58 81.61 81.63 81.68 81.75 81.66 81.72
81.72 81.72 81.71 81.72 81.71 81.73 81.68 81.65 81.67 81.60 81.57 81.57 81.54 81.50 81.47 81.44 81.42 81.39 81.37 81.33 81.30 81.29 81.27 81.25 81.23 81.22 81.20 81.18 81.17 81.17 81.16 81.15 81.16 81.16 81.14 81.13 81.13 81.13 81.12 81.23 81.10 81.10 81.10 81.11 81.13 81.15 81.18 81.22 81.28 81.32 81.34 81.41 81.46 81.50 81.55 81.62 81.69 81.77 81.84 81.90 82.01 82.12 82.17 82.21 82.26 82.57 82.21 82.35 82.37 82.38 82.44 82.36 82.42 82.51 82.55 82.53 82.50 82.51 82.45 82.47 82.43 82.43 82.39 82.40 82.34 82.32 82.26 82.23 82.17 82.13 82.08 82.05 82.03 81.97 81.96 81.95 81.85 81.80 81.78 81.72 81.69 81.65 81.60 81.59 81.58 81.59 81.53 81.56 81.56 81.58 81.58 81.59 81.60 81.59 81.55 81.58 81.56 81.55 81.54 81.48 81.50 81.48 81.37 81.41 81.40 81.38 81.36 81.35 81.36 81.39 81.40 81.41 81.44 81.32 81.45 81.51 81.53 81.52 81.59 81.64 81.67 81.59 81.73 81.76 81.77 81.70 81.76 81.75 81.79 81.82 81.79 81.83 81.80 81.77 81.81 81.82 81.78 81.77 81.77 81.73 81.71 81.72 81.67 81.66 81.63 81.54 81.59 81.57 81.54 81.56 81.55 81.59 81.61 81.60 81.65 81.66 81.64 81.71 81.70 81.66
81.77 81.70 81.69 82.21 81.71 81.73 81.73 81.71 81.69 81.68 81.65 81.59 81.58 81.54 81.52 81.51 81.48 81.46 81.41 81.36 81.30 81.35 81.33 81.32 81.30 81.30 81.28 81.28 81.28 81.26 81.25 81.24 81.23 81.22 81.21 81.20 81.19 81.20 81.19 81.19 81.19 81.20 81.20 81.22 81.24 81.26 81.29 81.30 81.35 81.40 81.46 81.51 81.56 81.64 81.73 81.78 81.84 81.91 81.99 82.01 82.08 82.16 82.24 82.31 82.31 82.33 82.42 82.41 82.40 82.39 82.44 82.40 82.45 82.45 82.47 82.51 82.48 82.42 82.41 82.44 82.42 82.41 82.34 82.30 82.27 82.12 82.15 82.12 82.11 82.09 82.07 82.01 81.94 81.91 81.94 81.79 81.77 81.78 81.75 81.71 81.70 81.66 81.62 81.62 81.63 81.61 81.61 81.61 81.61 81.59 81.62 81.61 81.64 81.61 81.60 81.58 81.58 81.54 81.57 81.54 81.51 81.50 81.49 81.46 81.43 81.41 81.39 81.37 81.37 81.37 81.37 81.39 81.41 81.41 81.44 81.47 81.49 81.50 81.53 81.49 81.58 81.52 81.60 81.64 81.59 81.67 81.67 81.68 81.70 81.71 81.69 81.70 81.75 81.76 81.75 81.73 81.74 81.71 81.73 81.74 81.72 81.69 81.70 81.68 81.61 81.64 81.64 81.65 81.55 81.58 81.60 81.62 81.58 81.64 81.69 81.71 81.69 81.72 81.73 81.74
81.75 81.81 81.75 81.80 81.79 81.77 81.75 81.76 81.64 81.69 81.66 81.65 81.66 81.63 81.73 81.55 81.54 81.51 81.47 81.49 81.47 81.43 81.42 81.41 81.40 81.39 81.35 81.36 81.35 81.34 81.33 81.31 81.31 81.29 81.28 81.26 81.26 81.26 81.25 81.25 81.25 81.26 81.28 81.30 81.33 81.36 81.38 81.42 81.44 81.49 81.53 81.54 81.66 81.77 81.86 81.95 82.04 82.14 82.18 82.20 82.22 82.29 82.33 82.31 82.39 82.41 82.41 82.36 82.39 82.43 82.36 82.37 82.43 82.44 82.44 82.45 82.44 82.40 82.40 82.38 82.39 82.34 82.30 82.12 82.96 84.54 81.79 82.03 82.08 82.02 82.04 81.95 81.96 81.87 81.86 81.82 81.77 81.76 81.75 81.73 81.68 81.68 81.65 81.60 81.64 81.60 81.58 81.60 81.60 81.59 81.62 81.62 81.64 81.61 81.55 81.56 81.61 81.56 81.55 81.58 81.56 81.53 81.52 81.46 81.46 81.40 81.41 81.39 81.38 81.35 81.37 81.37 81.37 81.38 81.41 81.40 81.43 81.44 81.43 81.47 81.50 81.50 81.53 81.54 81.52 81.57 81.57 81.59 81.58 81.60 81.63 81.64 81.64 81.67 81.60 81.68 81.67 81.71 81.70 81.70 81.66 81.65 81.70 81.70 81.65 81.70 81.70 81.61 81.67 81.63 81.69 81.69 81.67 81.68 81.68 81.72 81.67 81.68 81.77 81.62
81.82 81.81 81.84 81.82 81.80 81.86 81.83 81.79 81.81 81.79 81.70 81.72 81.74 81.68 81.69 81.65 81.64 81.62 81.61 81.59 81.53 81.54 81.50 81.48 81.47 81.43 81.46 81.45 81.42 81.41 81.40 81.38 81.38 81.35 81.46 81.32 81.32 81.32 81.31 81.31 81.32 81.34 81.37 81.38 81.40 81.44 81.47 81.52 81.56 81.62 81.70 81.79 81.87 81.97 82.07 82.16 82.27 82.35 82.42 82.50 82.52 82.50 82.44 82.41 82.41 82.40 82.37 82.40 82.43 82.40 82.42 82.41 82.39 82.43 82.42 82.38 82.36 82.29 82.38 82.35 82.32 82.28 82.18 82.14 82.13 82.05 82.03 82.04 82.01 82.02 81.97 81.92 81.91 81.85 81.83 81.78 81.76 81.73 81.71 81.66 81.63 81.66 81.64 81.59 81.59 81.59 81.60 81.58 81.56 81.53 81.55 81.61 81.63 81.60 81.59 81.59 81.55 81.58 81.57 81.57 81.55 81.51 81.53 81.50 81.48 81.46 81.46 81.41 81.39 81.38 81.36 81.35 81.35 81.35 81.33 81.38 81.38 81.40 81.32 81.42 81.44 81.47 81.48 81.47 81.48 81.49 81.44 81.52 81.52 81.54 81.53 81.58 81.58 81.60 81.62 81.62 81.63 81.64 81.65 81.68 81.61 81.62 81.63 81.66 81.66 81.66 81.71 81.72 81.72 81.70 81.73 81.70 81.75 81.74 81.68 81.71 81.72 81.79 81.78 81.80
81.75 81.85 81.86 81.83 81.85 81.85 81.84 81.86 81.79 81.88 81.82 81.80 81.79 81.80 81.72 81.68 81.67 81.73 81.74 81.68 81.69 81.68 81.66 81.64 81.58 81.57 81.45 81.54 81.53 81.48 81.52 81.46 81.46 81.43 81.39 81.38 81.38 81.38 81.38 81.39 81.39 81.43 81.45 81.48 81.50 81.55 81.63 81.71 81.81 81.88 81.93 81.98 82.02 82.09 82.14 82.22 82.27 82.30 82.37 82.39 82.39 82.40 82.38 82.37 82.34 82.36 82.37 82.37 82.34 82.37 82.38 82.35 82.40 82.38 82.29 82.33 82.32 82.26 82.27 82.24 82.19 82.16 82.18 82.12 82.05 82.05 81.97 81.94 81.93 81.90 81.89 81.85 81.80 81.79 81.79 81.70 81.71 81.71 81.68 81.66 81.65 81.65 81.63 81.58 81.59 81.63 81.61 81.58 81.58 81.60 81.52 81.53 81.57 81.57 81.59 81.57 81.55 81.56 81.56 81.53 81.51 81.52 81.51 81.51 81.46 81.46 81.45 81.44 81.43 81.41 81.40 81.37 81.37 81.35 81.33 81.32 81.34 81.37 81.39 81.38 81.40 81.40 81.42 81.42 81.42 81.43 81.44 81.46 81.46 81.46 81.49 81.48 81.50 81.53 81.56 81.58 81.57 81.60 81.68 81.65 81.63 81.63 81.63 81.67 81.67 81.70 81.71 81.74 81.73 81.71 81.71 81.76 81.77 81.79 81.86 81.83 81.80 81.82 81.80 81.78
81.86 81.90 81.93 81.88 81.85 81.89 82.23 81.82 81.88 81.89 81.82 81.84 81.86 81.83 81.88 81.89 81.88 81.84 81.91 81.78 81.72 81.79 81.78 81.75 81.70 81.68 81.64 81.59 81.61 81.55 81.56 81.57 81.58 81.51 81.55 81.56 81.51 81.51 81.51 81.52 81.50 81.56 81.58 81.61 81.66 81.70 81.76 81.84 81.89 81.96 82.02 82.06 82.06 82.05 82.10 82.11 82.13 82.16 82.19 82.18 82.16 82.20 82.20 82.22 82.31 82.25 82.26 82.28 82.34 82.29 82.31 82.28 82.27 82.30 82.25 82.20 82.20 82.22 82.19 82.14 82.10 82.09 82.06 82.02 81.98 81.96 81.93 81.92 81.89 81.83 81.77 81.73 81.75 81.76 81.71 81.70 81.67 81.66 81.65 81.62 81.59 81.57 81.56 81.55 81.57 81.58 81.57 81.55 81.56 81.56 81.58 81.55 81.55 81.55 81.53 81.55 81.53 81.52 81.49 81.52 81.48 81.50 81.49 81.46 81.46 81.46 81.45 81.45 81.43 81.41 81.40 81.40 81.39 81.38 81.36 81.36 81.35 81.34 81.33 81.32 81.31 81.31 81.32 81.34 81.35 81.37 81.40 81.41 81.44 81.43 81.46 81.46 81.46 81.47 81.51 81.50 81.55 81.58 81.61 81.62 81.64 81.60 81.66 81.68 81.69 81.73 81.71 81.73 81.67 81.76 81.76 81.75 81.71 81.78 81.80 81.82 81.88 81.80 81.85 81.84
81.92 81.96 81.96 81.93 81.89 81.98 81.99 81.96 81.96 81.99 82.03 81.97 81.98 81.92 82.05 81.95 81.94 81.92 81.88 81.87 81.89 81.76 81.76 81.80 81.75 81.81 81.74 81.95 81.83 81.77 81.81 81.72 81.68 81.65 81.60 81.64 81.60 81.62 81.63 81.68 81.70 81.73 81.75 81.77 81.82 81.85 81.87 81.89 81.92 81.96 82.01 82.09 82.06 82.07 82.07 82.06 82.03 82.02 81.99 82.02 82.04 82.06 82.08 82.08 82.10 82.14 82.16 82.13 82.13 82.14 82.19 82.22 82.21 82.14 82.18 82.18 82.18 82.12 82.08 82.01 82.02 81.98 81.95 81.92 81.93 81.91 81.88 81.85 81.81 81.81 81.76 81.67 81.67 81.67 81.66 81.60 81.61 81.60 81.58 81.59 81.57 81.56 81.55 81.51 81.54 81.54 81.52 81.51 81.51 81.49 81.52 81.52 81.54 81.53 81.52 81.54 81.54 81.52 81.49 81.47 81.49 81.51 81.50 81.46 81.46 81.45 81.43 81.45 81.41 81.41 81.40 81.39 81.40 81.38 81.39 81.37 81.36 81.35 81.35 81.35 81.36 81.37 81.38 81.38 81.39 81.40 81.41 81.42 81.43 81.44 81.44 81.46 81.46 81.48 81.48 81.49 81.53 81.55 81.57 81.56 81.62 81.62 81.61 81.65 81.70 81.73 81.69 81.73 81.78 81.80 81.58 82.49 81.66 81.32 81.79 81.83 81.91 81.89 81.81 81.87
81.90 81.97 81.93 81.96 81.96 82.03 81.94 82.00 82.01 82.00 82.04 81.98 82.00 82.06 81.99 82.03 82.03 81.91 81.97 81.99 81.95 82.01 82.04 82.09 81.99 81.88 81.90 81.89 81.75 81.79 81.80 81.77 81.84 81.86 81.90 81.80 81.77 81.78 81.72 81.79 81.77 81.80 81.85 81.84 81.84 81.81 81.86 81.89 81.91 81.97 82.00 82.01 82.01 82.01 82.02 82.09 82.00 81.99 82.00 82.01 82.05 82.08 82.10 82.09 82.09 82.07 82.04 82.05 82.08 82.02 82.09 82.09 82.08 82.08 82.06 82.08 82.04 82.03 81.96 81.98 81.93 81.92 81.87 81.96 81.85 81.80 81.77 81.74 81.73 81.73 81.69 81.67 81.65 81.62 81.62 81.60 81.65 81.56 81.54 81.53 81.52 81.52 81.52 81.50 81.51 81.52 81.52 81.51 81.49 81.51 81.50 81.49 81.51 81.51 81.51 81.50 81.49 81.50 81.48 81.48 81.48 81.47 81.45 81.48 81.48 81.47 81.44 81.43 81.43 81.41 81.43 81.42 81.42 81.41 81.39 81.40 81.39 81.39 81.38 81.39 81.38 81.40 81.41 81.37 81.40 81.41 81.43 81.43 81.42 81.42 81.44 81.45 81.46 81.47 81.49 81.49 81.50 81.54 81.55 81.57 81.58 81.62 81.63 81.67 81.68 81.68 81.69 81.71 81.74 81.77 81.77 81.81 81.78 81.91 81.93 81.94 81.95 81.95 81.92 81.88
82.01 81.93 81.79 81.72 81.81 81.97 81.91 81.69 81.71 81.94 82.00 82.00 82.02 82.00 81.99 81.89 81.78 81.81 81.71 81.88 81.76 81.82 82.08 82.26 81.99 81.88 81.86 81.94 81.90 81.89 81.87 81.87 81.90 81.84 81.67 81.83 81.77 81.81 81.79 81.77 81.85 81.83 81.79 81.78 81.83 81.87 81.89 81.91 81.93 81.95 81.96 81.98 81.90 82.01 82.02 82.05 82.06 82.06 82.05 82.05 82.07 81.71 81.70 81.91 81.98 81.96 81.95 81.97 81.92 81.92 81.95 81.96 81.95 81.95 81.92 81.93 81.91 81.91 81.93 81.91 81.88 81.82 81.81 81.79 81.78 81.75 81.68 81.66 81.70 81.68 81.68 81.65 81.61 81.57 81.56 81.57 81.57 81.56 81.54 81.53 81.52 81.52 81.51 81.54 81.51 81.50 81.50 81.50 81.50 81.50 81.50 81.49 81.48 81.46 81.46 81.46 81.48 81.46 81.46 81.43 81.45 81.46 81.46 81.47 81.47 81.47 81.46 81.45 81.44 81.43 81.44 81.42 81.41 81.39 81.31 81.37 81.40 81.41 81.42 81.41 81.40 81.40 81.40 81.40 81.41 81.41 81.43 81.41 81.43 81.41 81.43 81.45 81.45 81.47 81.49 81.50 81.51 81.52 81.51 81.54 81.55 81.58 81.62 81.65 81.66 81.67 81.70 81.74 81.75 81.73 81.77 81.74 81.77 81.82 81.81 81.92 81.99 81.97 81.93 81.97
81.82 81.75 81.74 81.80 81.82 81.79 81.76 81.76 81.78 81.77 81.78 81.69 81.83 81.80 81.82 81.87 81.87 81.90 81.89 81.86 81.84 81.91 81.90 81.92 81.94 81.96 81.91 81.78 81.82 81.75 81.78 81.80 81.82 81.82 81.80 81.83 81.80 81.85 81.84 81.83 81.83 81.85 81.84 81.81 81.78 81.79 81.81 81.83 81.84 81.88 81.92 81.90 81.92 81.94 81.96 81.96 81.93 81.96 82.00 81.99 82.02 82.03 82.01 82.02 81.99 81.99 82.02 81.99 81.93 81.89 81.85 81.83 81.79 81.80 81.80 81.71 81.69 81.71 81.76 81.77 81.71 81.74 81.66 81.48 81.56 81.71 81.30 81.37 81.58 81.18 81.29 81.45 81.36 81.25 81.41 81.20 81.24 81.43 81.36 81.26 81.30 81.32 81.35 81.46 81.48 81.46 81.47 81.48 81.48 81.48 81.48 81.48 81.47 81.47 81.46 81.46 81.46 81.46 81.45 81.39 81.61 81.39 81.45 81.44 81.43 81.44 81.43 81.43 81.43 81.43 81.43 81.44 81.43 81.43 81.43 81.43 81.44 81.44 81.43 81.44 81.43 81.42 81.40 81.41 81.41 81.39 81.37 81.37 81.39 81.41 81.42 81.41 81.44 81.46 81.47 81.49 81.48 81.51 81.51 81.51 81.53 81.56 81.57 81.61 81.62 81.65 81.64 81.64 81.66 81.73 81.73 81.75 81.75 81.78 81.79 81.77 81.77 81.85 81.85 81.83
81.40 81.41 81.42 81.43 81.42 81.42 81.43 81.42 81.43 81.43 81.44 81.45 81.46 81.46 81.48 81.48 81.49 81.50 81.50 81.50 81.51 81.52 81.53 81.54 81.55 81.58 81.62 81.67 81.67 81.71 81.75 81.70 81.70 81.80 81.56 81.57 81.48 81.58 81.37 81.41 81.50 81.53 81.70 81.70 81.71 81.75 81.79 81.77 81.66 81.64 81.44 81.42 81.37 81.43 81.63 81.50 81.53 81.51 81.49 81.52 81.72 81.62 81.65 81.65 81.69 81.72 81.77 81.59 81.52 81.42 81.42 81.45 81.29 81.36 81.30 81.22 81.16 81.21 81.15 81.09 81.07 80.99 81.01 80.96 80.96 80.97 80.90 80.89 80.90 80.87 80.89 80.93 80.83 80.83 80.93 80.86 80.86 80.80 80.80 80.81 80.93 80.97 80.96 80.96 80.96 80.98 80.89 81.12 81.15 81.34 81.33 81.17 81.24 81.41 81.32 81.35 81.27 81.31 81.38 81.22 81.24 81.21 81.24 81.25 81.32 81.42 81.28 81.30 81.31 81.30 81.32 81.32 81.32 81.33 81.34 81.34 81.37 81.40 81.43 81.43 81.44 81.44 81.44 81.43 81.44 81.43 81.43 81.44 81.45 81.47 81.47 81.48 81.49 81.50 81.50 81.49 81.50 81.51 81.52 81.50 81.51 81.52 81.53 81.53 81.53 81.53 81.52 81.52 81.51 81.49 81.46 81.47 81.46 81.46 81.46 81.44 81.42 81.41 81.41 81.40
81.28 81.28 81.28 81.28 81.28 81.28 81.28 81.28 81.29 81.29 81.30 81.31 81.31 81.32 81.32 81.34 81.35 81.35 81.37 81.37 81.39 81.39 81.39 81.39 81.38 81.36 81.41 81.40 81.39 81.21 81.18 81.12 81.19 81.22 81.12 81.17 81.10 81.11 81.11 81.08 81.04 81.07 81.01 80.97 80.98 81.03 81.02 81.00 81.02 81.05 81.09 81.13 81.19 81.22 81.11 81.14 81.08 81.04 81.03 81.07 81.04 81.23 81.21 81.44 81.51 81.55 81.62 81.67 81.66 81.52 81.43 81.32 81.24 81.18 81.15 81.10 81.07 81.03 81.01 80.99 80.98 80.95 80.94 80.92 80.90 80.88 80.86 80.85 80.84 80.83 80.83 80.83 80.83 80.82 80.80 80.79 80.78 80.77 80.76 80.75 80.75 80.73 80.72 80.71 80.70 80.69 80.69 80.69 80.70 80.75 80.81 80.88 80.88 80.90 80.85 80.90 80.96 80.98 80.95 80.92 80.90 80.91 80.99 80.94 80.96 80.92 80.95 80.97 80.94 80.96 80.91 80.93 80.97 81.03 81.00 80.99 81.01 80.96 80.99 81.00 81.04 81.13 81.15 81.19 81.31 81.30 81.39 81.44 81.46 81.45 81.44 81.43 81.43 81.44 81.46 81.46 81.46 81.46 81.43 81.42 81.42 81.42 81.41 81.40 81.39 81.38 81.37 81.36 81.35 81.35 81.34 81.34 81.33 81.32 81.32 81.31 81.30 81.29 81.28 81.28
81.33 81.29 81.33 81.37 81.40 81.49 81.10 81.06 81.13 81.19 81.03 81.12 81.06 81.04 81.06 81.12 80.93 80.86 80.85 80.85 80.85 80.94 81.08 81.00 80.99 81.03 81.14 81.06 81.03 81.11 81.07 80.78 80.81 80.91 80.81 80.77 80.77 80.76 80.77 80.79 80.78 80.83 80.79 80.76 80.77 80.74 80.71 80.72 80.72 80.77 80.78 80.76 80.79 80.87 80.86 80.82 80.82 80.84 80.86 80.87 80.88 80.87 80.92 80.88 80.87 80.87 80.95 80.95 81.05 81.11 81.15 81.24 81.17 81.16 81.15 81.19 81.25 81.33 81.37 81.37 81.38 81.36 81.23 81.13 81.01 81.00 81.02 81.04 81.07 81.14 81.29 81.30 80.91 80.84 80.83 80.85 80.83 80.81 80.77 80.75 80.73 80.77 80.73 80.71 80.69 80.68 80.67 80.66 80.66 80.65 80.65 80.65 80.65 80.66 80.67 80.68 80.69 80.69 80.70 80.69 80.70 80.72 80.72 80.71 80.71 80.71 80.71 80.71 80.72 80.71 80.71 80.71 80.71 80.72 80.73 80.73 80.76 80.76 80.76 80.82 80.75 80.75 80.75 80.87 80.89 80.90 80.95 81.04 80.95 80.89 80.93 80.88 80.99 81.01 81.08 81.14 81.02 81.08 81.12 81.15 81.14 81.07 81.10 81.22 81.18 81.20 81.26 81.38 81.30 81.41 81.32 81.26 81.22 81.18 81.23 81.29 81.33 81.24 81.25 81.26
80.61 80.66 80.64 80.65 80.68 80.64 80.65 80.63 80.57 80.55 80.55 80.56 80.58 80.60 80.57 80.53 80.52 80.53 80.52 80.52 80.53 80.56 80.56 80.46 80.47 80.47 80.49 80.50 80.52 80.52 80.53 80.49 80.45 80.47 80.44 80.39 80.36 80.36 80.35 80.35 80.39 80.38 80.42 80.41 80.38 80.31 80.30 80.29 80.31 80.34 80.34 80.33 80.35 80.36 80.41 80.46 80.47 80.49 80.51 80.51 80.49 80.47 80.46 80.45 80.44 80.44 80.43 80.44 80.45 80.47 80.57 80.68 80.69 80.67 80.67 80.64 80.69 80.65 80.64 80.67 80.63 80.60 80.59 80.59 80.62 80.59 80.61 80.67 80.62 80.66 80.58 80.55 80.57 80.53 80.50 80.49 80.51 80.51 80.53 80.52 80.50 80.45 80.46 80.49 80.49 80.44 80.43 80.41 80.40 80.39 80.38 80.41 80.38 80.39 80.40 80.41 80.42 80.44 80.43 80.51 80.40 80.41 80.43 80.46 80.52 80.55 80.47 80.47 80.50 80.50 80.54 80.49 80.42 80.41 80.41 80.41 80.41 80.44 80.48 80.49 80.49 80.50 80.51 80.50 80.52 80.53 80.54 80.52 80.49 80.44 80.48 80.45 80.50 80.48 80.42 80.43 80.44 80.58 80.53 80.57 80.52 80.62 80.62 80.67 80.67 80.68 80.64 80.61 80.62 80.63 80.62 80.66 80.68 80.68 80.69 80.70 80.66 80.67 80.71 80.66
80.22 80.20 80.21 80.23 80.23 80.16 80.16 80.13 80.12 80.12 80.12 80.11 80.11 80.11 80.11 80.10 80.10 80.09 80.09 80.09 80.08 80.09 80.10 80.09 80.09 80.09 80.08 80.06 80.05 80.03 80.02 80.01 80.01 80.00 79.99 79.98 79.98 79.97 79.97 79.96 79.96 79.96 79.95 79.95 79.95 79.95 79.95 79.95 79.95 79.96 79.96 79.97 79.99 80.00 80.01 80.03 80.05 80.05 80.07 80.07 80.06 80.08 80.08 80.08 80.09 80.10 80.11 80.12 80.11 80.12 80.12 80.13 80.14 80.15 80.16 80.16 80.17 80.18 80.19 80.20 80.20 80.19 80.19 80.20 80.19 80.21 80.21 80.20 80.20 80.20 80.20 80.22 80.24 80.23 80.21 80.19 80.18 80.20 80.24 80.25 80.23 80.19 80.19 80.18 80.17 80.16 80.16 80.15 80.14 80.13 80.13 80.13 80.12 80.11 80.11 80.11 80.10 80.10 80.10 80.10 80.10 80.10 80.10 80.10 80.11 80.10 80.10 80.09 80.08 80.08 80.08 80.07 80.07 80.07 80.05 80.05 80.03 80.02 80.01 80.01 80.00 80.00 80.00 80.00 80.00 80.00 80.00 80.01 80.01 80.01 80.02 80.03 80.04 80.05 80.07 80.08 80.09 80.11 80.10 80.08 80.08 80.09 80.10 80.10 80.09 80.10 80.10 80.10 80.11 80.11 80.13 80.14 80.14 80.15 80.16 80.17 80.18 80.19 80.19 80.20
