East longitude (degrees): -179:2:179
North latitude (degrees): -89:2:89

Absorbed dose on Martian Surface (1E-6 Gy/day), 2D array where Absorbed dose(i,j)= value at latitude(i) and longitude(j).
83.42 83.46 83.50 83.51 83.51 83.51 83.51 83.52 83.56 83.60 83.73 83.78 83.76 83.81 83.99 84.08 84.12 84.18 84.20 84.09 84.03 84.17 84.19 84.16 84.11 84.09 84.04 84.05 84.13 84.10 84.19 84.29 84.24 84.18 84.27 84.19 84.10 84.04 83.97 83.93 83.89 83.82 83.77 83.74 83.72 83.72 83.71 83.72 83.71 83.69 83.67 83.67 83.64 83.62 83.62 83.61 83.55 83.52 83.50 83.49 83.47 83.45 83.44 83.41 83.43 83.45 83.47 83.37 83.32 83.33 83.27 83.25 83.25 83.25 83.22 83.19 83.18 83.17 83.16 83.16 83.14 83.16 83.16 83.14 83.16 83.16 83.16 83.15 83.14 83.15 83.17 83.20 83.21 83.22 83.23 83.23 83.23 83.24 83.25 83.26 83.24 83.24 83.22 83.22 83.23 83.24 83.25 83.26 83.27 83.27 83.28 83.27 83.24 83.26 83.30 83.33 83.32 83.32 83.32 83.34 83.36 83.37 83.38 83.40 83.43 83.46 83.47 83.49 83.52 83.53 83.55 83.55 83.56 83.58 83.59 83.62 83.63 83.63 83.63 83.63 83.59 83.59 83.57 83.53 83.54 83.54 83.53 83.51 83.48 83.46 83.45 83.44 83.43 83.39 83.37 83.36 83.35 83.34 83.33 83.34 83.34 83.33 83.33 83.32 83.32 83.32 83.32 83.33 83.33 83.33 83.33 83.34 83.34 83.34 83.35 83.37 83.39 83.41 83.41 83.43
85.30 85.35 85.36 85.48 85.45 85.52 85.43 85.42 85.41 85.33 85.33 85.32 85.21 85.09 85.02 85.01 85.02 85.03 85.03 84.99 84.99 85.04 85.18 85.22 85.21 85.16 85.18 85.09 85.17 85.02 85.26 85.28 85.13 85.11 85.10 85.07 85.01 84.95 85.01 85.03 85.00 85.03 84.99 84.96 84.92 84.89 84.88 84.82 84.77 84.72 84.59 84.73 84.55 84.30 84.32 84.26 84.14 84.02 83.96 83.94 84.07 83.61 83.65 83.42 83.36 83.34 83.30 83.28 83.27 83.24 83.15 83.08 83.14 83.12 82.89 82.84 82.78 82.70 82.66 82.79 82.53 82.37 82.35 82.27 82.25 82.25 82.27 82.30 82.32 82.35 82.38 82.40 82.43 82.44 82.45 82.80 82.71 82.87 82.78 82.98 82.99 82.98 83.05 83.06 83.10 83.18 83.24 83.38 83.47 83.53 83.41 83.40 83.43 83.45 83.47 83.47 83.51 83.55 83.61 83.61 83.68 83.73 83.74 83.79 83.87 83.86 83.88 83.95 84.02 84.00 84.07 84.08 84.10 84.15 84.28 84.43 84.53 84.68 84.60 84.42 84.28 84.23 84.19 84.15 84.09 84.08 84.04 83.81 83.79 83.76 83.75 83.76 83.80 83.79 83.79 83.80 83.87 83.97 84.06 84.05 84.13 84.21 84.30 84.34 84.47 84.56 84.65 84.68 84.80 84.82 84.97 84.96 84.98 84.97 85.07 85.00 84.79 84.93 85.30 85.51
84.75 84.74 84.74 84.74 84.75 84.75 84.78 84.83 84.84 84.84 84.84 84.85 84.86 84.93 84.86 84.79 84.79 84.90 84.89 84.90 84.91 84.93 84.97 84.99 84.98 84.99 85.04 85.15 85.22 85.37 85.71 85.75 85.73 85.73 85.77 85.58 85.76 85.62 85.60 85.57 85.80 86.07 86.00 86.01 85.79 85.74 85.64 85.54 85.46 85.37 85.41 85.30 85.28 85.24 85.48 85.55 85.27 85.10 85.17 85.54 85.37 84.49 84.35 84.38 84.50 84.59 84.45 84.54 84.53 84.15 84.24 84.11 83.84 83.76 83.81 83.58 83.87 84.11 84.35 84.01 83.85 83.77 83.82 83.82 83.90 83.77 83.70 83.58 83.56 83.67 83.57 83.60 83.72 83.71 83.71 83.72 83.72 83.78 83.84 83.96 83.94 84.04 84.31 84.59 84.52 84.48 84.47 84.49 84.46 84.52 84.61 84.67 84.73 84.81 84.60 84.66 84.77 84.79 84.71 84.61 84.60 84.63 84.67 84.76 84.87 84.96 84.96 84.90 84.90 84.85 84.82 84.79 84.76 84.77 84.82 84.94 85.51 86.67 87.09 86.81 86.12 85.80 85.66 85.68 85.20 84.96 84.86 84.75 84.80 84.85 84.73 84.75 84.79 84.92 85.09 85.16 85.20 85.24 85.21 85.22 85.20 85.03 84.87 84.80 84.78 84.88 84.94 85.00 85.11 85.30 85.06 85.11 85.05 84.98 84.92 84.91 84.91 84.91 84.80 84.76
84.77 84.79 84.81 84.83 84.83 84.84 84.86 84.88 84.91 84.94 84.96 85.00 85.03 85.06 85.05 85.05 85.07 85.10 85.14 85.17 85.20 85.24 85.28 85.32 85.37 85.44 85.48 85.55 85.65 85.79 85.74 85.60 85.59 85.54 85.67 85.76 85.73 85.67 85.75 85.83 85.58 85.56 85.56 85.57 85.59 85.62 85.61 86.13 86.26 86.36 86.28 86.31 86.22 86.22 86.24 86.20 86.14 86.44 86.58 86.63 86.17 86.51 86.40 86.29 86.67 86.38 86.41 86.37 86.79 86.41 86.71 86.96 87.16 87.16 86.97 86.81 86.86 86.85 86.81 86.89 86.84 86.79 86.60 86.63 86.65 86.55 86.47 86.44 86.49 86.47 86.18 86.18 86.29 86.71 86.22 86.12 86.01 85.96 86.00 85.87 86.10 85.57 85.74 85.48 85.90 86.17 86.24 85.99 85.88 85.89 85.92 86.07 86.37 86.49 86.60 86.58 86.14 86.15 86.05 86.00 85.91 85.91 85.58 85.49 85.55 85.61 85.60 85.46 85.45 85.60 85.54 85.56 85.75 85.78 86.01 86.64 87.55 87.47 87.50 87.49 87.48 86.15 85.97 86.01 85.96 86.08 86.03 85.94 85.90 85.89 85.82 85.69 85.56 85.49 85.44 85.32 85.27 85.34 85.67 86.07 86.56 86.80 86.27 85.67 84.90 84.90 84.60 84.52 84.50 84.55 84.72 84.93 85.38 85.31 84.99 84.79 84.71 84.69 84.71 84.74
85.08 85.16 85.16 85.32 85.06 85.14 85.19 85.24 85.29 85.36 85.43 85.51 85.69 85.74 85.52 85.53 85.59 85.65 85.69 85.72 85.75 85.80 85.83 85.87 85.91 85.97 86.04 86.09 86.12 86.17 86.23 86.41 86.38 86.43 86.56 86.50 86.26 86.30 86.28 86.31 86.50 86.32 85.98 86.03 85.85 85.71 85.78 85.98 86.05 85.96 86.14 86.06 86.31 87.25 86.93 87.14 87.43 86.87 87.43 87.37 87.02 87.15 87.22 87.19 87.23 87.22 87.30 87.30 87.20 87.09 87.20 87.01 86.81 86.82 86.85 86.88 86.83 86.84 86.79 86.79 87.27 86.68 86.50 86.45 86.42 86.44 86.42 86.42 86.39 86.37 86.35 86.37 86.24 86.04 85.83 85.52 84.88 84.23 85.03 85.17 85.65 86.00 85.96 86.10 86.43 86.67 86.82 87.08 87.03 86.89 86.64 86.98 87.13 87.31 87.31 87.41 87.45 87.54 87.50 87.48 87.45 87.51 87.44 87.35 87.32 87.38 86.90 86.93 87.01 87.10 87.18 87.45 87.53 87.65 87.71 87.71 87.69 86.98 86.07 85.86 85.79 85.71 85.64 85.80 85.87 85.87 85.78 85.93 86.01 86.11 86.25 86.34 86.46 86.19 86.32 86.59 86.77 86.41 86.26 86.31 86.83 86.56 86.16 86.14 86.29 86.23 86.68 85.95 85.13 84.85 84.91 85.07 85.18 85.39 85.70 84.99 85.11 85.11 84.92 84.98
85.46 85.51 85.53 85.65 85.64 85.60 85.61 85.65 85.67 85.88 85.74 85.84 85.91 85.95 86.05 86.23 86.17 86.45 86.06 86.27 86.11 86.15 86.12 86.65 87.15 86.00 86.50 87.09 86.86 86.99 86.91 86.91 86.88 86.91 86.97 87.00 87.00 86.98 86.87 86.83 86.83 86.57 87.25 87.37 86.28 86.46 86.45 86.31 86.27 86.62 86.92 86.58 87.44 87.25 87.36 87.57 87.84 86.40 87.14 86.62 87.45 87.15 86.45 86.95 87.01 87.41 87.47 87.39 87.36 87.32 87.26 87.29 87.27 87.29 87.27 87.23 87.27 87.32 87.26 87.01 87.11 87.31 87.01 86.97 86.98 87.22 86.83 87.03 86.85 86.89 86.94 86.79 86.69 86.35 85.51 85.51 85.09 85.57 86.15 86.49 86.41 86.71 86.77 86.87 86.97 87.24 87.02 87.14 86.84 87.16 86.69 87.02 86.84 86.83 86.46 86.36 87.17 87.37 87.70 87.78 87.85 87.83 87.86 87.84 87.89 87.85 87.80 87.85 87.82 87.87 87.80 87.78 87.88 87.86 87.87 87.88 87.97 88.00 87.91 87.91 87.90 87.95 87.55 87.06 87.25 86.59 86.02 86.00 85.98 85.88 85.95 86.07 86.52 87.88 87.68 86.61 86.39 87.00 85.68 85.68 86.35 85.74 85.42 85.27 85.20 85.31 85.14 85.54 85.24 85.20 85.22 85.28 85.41 85.09 84.99 85.12 85.23 85.34 85.35 85.37
86.36 86.06 85.98 85.96 85.86 86.16 86.11 86.50 86.45 86.51 86.51 86.56 86.94 86.71 86.65 86.74 86.88 86.90 86.99 86.78 86.69 86.75 86.69 86.82 86.74 86.88 87.12 87.23 87.06 87.19 87.15 87.18 87.18 87.17 87.16 87.18 87.15 87.18 87.16 87.16 87.14 87.16 87.07 86.90 86.82 86.58 86.02 86.78 85.92 86.21 87.09 86.86 86.72 86.20 86.41 86.63 86.81 86.76 86.93 86.92 87.25 87.44 87.23 87.32 87.56 87.62 87.61 87.66 87.67 87.62 87.57 87.54 87.48 87.50 87.46 87.47 87.45 87.35 87.10 87.12 87.04 86.89 86.83 86.67 86.93 87.13 86.98 87.02 86.81 86.94 86.94 86.86 86.47 86.28 86.13 85.96 85.47 85.08 86.26 87.53 87.97 88.17 88.18 86.83 87.14 87.01 87.04 87.22 86.91 87.28 86.98 86.93 86.84 87.31 87.73 87.52 86.91 86.77 86.34 86.10 86.01 85.62 85.48 86.03 86.70 87.20 87.54 87.53 87.43 87.21 86.59 87.33 87.54 86.74 87.36 87.59 87.94 87.81 87.51 87.37 87.00 87.05 86.84 87.34 87.99 87.90 87.68 87.51 86.72 86.76 86.85 86.00 86.75 87.11 87.10 86.14 85.72 85.79 85.53 85.56 85.65 85.47 85.46 85.74 85.60 85.54 85.66 85.76 85.79 85.76 85.65 85.76 86.00 85.65 85.67 85.73 85.95 86.12 86.23 86.03
86.65 86.78 86.52 86.68 86.47 86.45 86.58 87.42 86.85 86.79 87.94 88.38 87.10 87.24 87.23 87.36 87.10 87.23 87.22 86.99 86.99 87.27 87.28 87.47 87.29 87.37 87.42 87.45 87.41 87.37 87.37 87.35 87.38 87.32 86.81 87.24 87.26 87.25 87.22 87.21 87.14 87.08 87.09 87.10 87.16 87.23 87.14 87.03 86.81 86.67 86.78 86.20 86.07 86.51 87.12 87.24 87.17 87.56 87.76 87.82 87.86 87.84 87.78 87.73 87.71 87.71 87.69 87.46 87.69 87.57 87.38 87.20 87.15 86.96 86.89 87.00 86.92 87.14 86.95 86.97 87.05 87.10 87.21 87.00 87.37 87.10 87.10 87.28 87.10 87.10 86.98 86.64 86.51 86.83 87.00 87.04 87.07 87.08 87.16 87.02 86.83 86.94 86.93 86.89 87.24 87.33 87.33 87.15 87.11 86.97 86.86 86.66 86.15 86.36 86.49 85.94 86.37 86.23 86.00 86.18 85.93 85.88 86.65 86.96 86.74 86.70 87.94 86.32 86.55 86.57 86.71 87.26 87.16 87.02 86.94 86.71 87.02 85.94 85.53 85.08 85.03 85.74 88.28 88.06 88.17 86.75 87.47 86.77 87.61 88.00 87.84 87.75 87.67 87.70 87.81 86.47 85.29 85.20 85.18 85.19 85.15 85.31 86.02 85.89 86.10 85.42 85.50 85.70 85.79 85.79 85.88 85.89 85.95 86.23 86.24 86.31 86.44 86.38 86.44 86.50
88.01 86.68 87.44 87.43 87.30 86.94 87.82 87.45 87.49 87.49 87.01 86.65 87.85 86.93 87.25 87.47 87.42 87.41 87.32 87.17 86.99 86.59 87.80 86.36 86.63 87.63 87.32 87.29 87.33 87.39 87.41 87.40 87.51 87.07 87.00 86.63 86.89 87.32 87.18 87.25 87.24 87.28 87.17 87.23 87.28 87.27 87.28 86.99 87.67 88.79 88.78 88.98 88.93 87.05 87.67 87.69 87.91 87.99 88.02 88.06 88.08 88.04 87.97 87.86 87.92 87.48 87.67 87.90 87.94 87.94 87.86 87.54 87.29 87.43 87.27 87.15 87.07 87.21 87.45 87.02 87.04 87.06 87.12 87.50 87.31 87.60 87.77 87.72 87.60 87.66 87.25 87.21 86.81 87.23 87.21 87.33 87.54 87.57 87.57 87.54 87.59 87.58 87.68 87.63 87.54 87.48 87.63 87.09 86.99 86.82 86.34 85.95 86.21 86.68 87.15 86.84 87.07 86.94 87.06 86.67 86.83 86.41 86.20 86.09 86.42 86.35 86.75 86.81 87.14 87.10 87.04 87.16 87.20 87.31 87.42 87.43 87.39 87.53 87.12 86.68 87.19 85.71 85.93 86.60 86.70 86.75 86.82 87.12 87.97 87.54 87.27 86.35 87.25 87.75 88.10 88.25 87.49 86.30 85.33 85.78 85.50 85.82 86.37 86.48 85.68 86.00 86.50 86.66 86.49 86.93 87.90 87.59 87.12 86.96 86.98 86.90 87.08 86.85 86.90 87.89
87.82 87.89 88.04 88.13 88.22 88.46 88.64 88.54 88.56 88.60 88.59 87.72 86.92 86.54 85.78 85.81 86.59 86.79 88.12 87.08 87.16 86.94 86.68 86.77 89.08 87.50 87.47 87.50 87.36 87.10 87.20 87.07 87.06 87.29 87.20 87.14 87.05 87.43 87.23 87.25 87.40 87.20 87.38 87.26 87.31 87.35 87.01 86.78 86.85 87.98 88.86 88.70 89.14 86.83 87.85 88.04 88.12 88.20 88.12 88.15 88.24 87.83 87.68 87.83 87.99 88.10 88.20 87.96 87.99 86.97 87.29 87.52 87.35 87.56 87.21 87.45 87.24 86.70 86.47 86.31 86.21 87.35 87.31 87.31 87.54 87.57 87.75 87.52 87.85 87.66 88.28 88.14 87.65 87.75 87.74 87.53 87.43 86.74 87.43 87.77 87.95 87.61 87.65 87.67 87.65 87.71 87.28 86.29 86.59 86.98 87.04 87.17 87.18 87.38 87.40 87.30 87.60 87.39 87.53 87.63 87.54 87.78 87.81 87.57 87.80 87.34 86.67 86.94 88.38 88.36 87.16 87.35 87.09 85.83 86.69 86.92 87.04 86.55 86.17 86.55 87.07 86.39 87.38 87.52 87.85 87.88 87.82 87.45 87.44 87.67 88.00 87.88 88.19 87.96 88.96 89.23 89.12 88.64 88.16 87.82 88.13 87.88 87.61 88.03 88.27 88.18 88.16 87.93 87.73 88.38 87.81 88.20 88.05 88.08 87.40 87.39 87.46 87.57 87.11 87.80
87.12 87.21 87.64 87.97 87.43 89.34 89.09 88.59 88.81 88.77 88.71 88.43 87.63 87.77 87.26 87.54 86.13 86.35 86.84 87.36 87.80 87.50 87.19 87.11 86.89 87.73 87.39 87.58 87.11 87.88 86.68 86.77 86.66 86.99 87.04 87.16 87.48 87.52 87.63 87.62 87.71 87.61 87.57 87.64 87.64 88.46 87.39 87.75 87.76 87.74 87.80 87.98 87.99 88.13 88.16 88.08 88.14 88.18 87.91 87.91 87.68 88.15 88.10 88.31 88.13 87.87 87.17 87.24 87.33 87.34 87.28 87.45 87.42 87.67 87.81 88.07 87.87 87.16 86.57 86.89 87.06 87.63 87.66 87.16 87.13 86.89 86.98 86.94 87.25 87.58 87.62 87.78 86.79 87.83 87.92 87.82 87.99 87.98 87.96 88.03 87.96 87.91 87.99 87.89 87.62 87.27 86.47 87.75 87.98 87.84 87.62 87.40 87.51 87.36 87.53 86.98 86.93 87.56 88.03 88.27 88.51 88.33 88.38 88.48 88.47 88.36 87.92 87.45 87.14 87.13 87.68 87.49 87.43 87.44 88.54 87.20 85.75 86.15 86.32 86.44 86.66 86.65 86.23 86.36 86.95 87.49 87.63 87.30 87.89 87.98 87.98 88.09 87.49 85.57 87.97 88.99 88.75 86.21 89.00 88.87 88.76 88.43 88.32 88.21 87.89 87.54 87.24 87.36 86.46 86.16 87.27 88.05 87.94 87.68 87.50 87.31 87.19 87.07 87.33 87.30
89.06 87.09 86.77 87.66 87.70 87.83 87.88 88.70 88.68 88.85 88.92 88.92 88.70 88.53 88.05 87.66 87.27 86.73 86.62 86.29 86.28 85.97 86.35 86.39 86.83 86.79 86.65 86.54 87.19 86.24 86.24 86.31 87.00 88.88 86.83 87.12 87.15 88.16 87.61 87.63 87.75 87.73 87.68 87.69 87.70 87.76 87.71 87.85 87.86 87.79 87.84 87.96 88.01 88.01 87.91 88.11 88.32 88.15 88.24 88.11 87.44 87.92 88.23 88.22 87.91 87.67 89.94 89.94 89.38 87.39 87.56 87.62 87.70 87.97 88.18 87.71 87.30 86.68 86.77 86.43 86.80 86.83 87.30 87.20 87.60 87.48 87.63 87.66 87.65 87.66 87.72 87.92 87.82 88.00 87.94 88.09 87.94 87.88 87.91 87.68 87.71 86.87 86.64 86.69 86.30 86.91 88.47 89.12 89.05 88.48 88.32 87.78 87.81 87.39 87.57 87.45 87.91 88.11 88.45 88.50 88.47 88.45 88.53 88.53 88.44 88.74 88.73 88.92 88.96 88.31 87.39 86.63 87.33 87.57 86.68 86.48 86.34 85.90 86.52 85.64 85.93 86.37 86.39 87.49 87.10 87.02 86.44 86.81 87.34 87.74 88.13 88.33 87.94 88.17 88.34 88.39 88.43 88.43 88.02 88.26 88.19 88.25 87.98 87.70 88.04 87.97 87.97 87.95 87.86 87.31 88.11 87.79 87.70 87.44 86.88 87.65 86.83 86.79 86.85 87.42
87.28 86.80 86.42 86.95 87.00 88.11 88.27 88.84 88.69 88.79 88.76 88.93 88.95 88.95 88.83 88.57 88.39 88.30 88.17 87.75 87.12 86.96 87.05 86.79 87.23 87.13 86.73 87.71 87.49 86.76 86.50 86.87 86.60 86.90 87.13 87.29 87.33 87.42 87.44 87.70 87.72 87.84 87.88 87.88 87.98 88.02 87.97 87.96 87.98 87.97 87.82 87.70 87.60 87.76 87.95 88.12 88.12 88.13 87.96 86.88 88.29 88.35 88.59 88.86 87.96 88.41 88.42 88.51 87.73 87.66 87.95 87.80 87.90 88.09 88.38 88.23 87.63 87.42 86.97 86.60 86.63 87.00 88.06 87.40 87.63 87.68 87.68 87.59 87.30 87.77 87.78 87.83 87.77 87.99 87.75 88.03 88.35 88.14 87.81 87.90 87.60 87.64 87.48 87.35 86.89 87.25 87.08 87.38 87.51 87.36 87.30 87.14 87.27 87.95 88.30 88.95 88.89 88.65 88.43 88.29 88.30 88.54 88.76 88.72 88.90 88.83 88.79 88.87 88.87 89.02 87.72 87.63 87.58 87.44 89.36 86.85 86.79 86.93 87.51 86.12 86.08 86.09 86.65 86.69 86.74 86.23 86.06 87.52 87.17 86.76 87.87 87.66 87.53 88.18 88.13 86.32 87.05 87.29 88.05 87.66 86.90 87.09 88.07 87.56 87.89 88.24 88.03 88.15 88.08 88.02 87.57 87.43 87.21 86.45 87.65 87.96 87.41 87.20 86.72 86.58
87.30 87.27 87.82 86.93 86.58 87.16 87.86 88.03 88.39 88.28 88.67 88.45 88.96 88.76 88.80 88.61 88.72 88.77 88.67 88.01 87.30 87.27 86.93 87.06 86.95 87.14 87.15 86.91 86.84 86.94 86.86 87.04 87.35 87.36 87.31 87.02 86.78 87.22 87.72 87.36 87.93 87.49 87.23 87.74 87.80 87.76 87.48 87.88 87.77 87.74 87.45 87.56 87.99 88.53 88.11 87.15 87.72 88.49 88.28 88.33 88.24 88.22 88.42 88.74 89.27 88.92 87.94 89.02 87.77 88.50 88.18 87.92 87.99 87.84 87.98 88.67 88.90 88.76 88.66 88.14 87.89 87.40 87.53 87.52 87.55 87.62 87.79 87.80 87.82 87.77 87.75 87.78 87.93 87.84 87.91 87.67 87.86 87.95 87.75 88.08 88.12 87.75 87.84 88.08 87.88 87.56 87.30 87.00 87.04 86.76 87.36 87.51 87.95 88.70 89.26 89.34 89.38 89.05 88.77 88.65 88.59 88.54 88.63 88.69 89.01 89.12 88.97 88.92 88.97 89.03 88.76 87.96 87.82 88.18 87.63 87.04 86.70 86.92 86.73 85.80 87.99 86.44 87.18 87.05 87.01 86.61 86.40 86.16 85.84 86.38 86.91 87.44 87.14 87.22 87.67 88.15 88.52 88.55 88.15 87.98 87.30 87.42 87.69 87.66 87.50 86.34 86.29 86.75 87.41 87.81 87.99 88.09 87.83 88.19 88.14 86.92 87.51 87.64 87.56 87.97
88.37 87.10 86.52 87.31 87.75 88.04 88.01 87.10 87.27 87.57 86.96 87.28 88.09 87.29 89.69 87.41 87.95 87.87 88.68 88.20 88.08 88.02 88.07 87.21 86.99 86.72 88.20 87.66 86.96 87.08 87.69 88.13 88.17 88.01 88.01 87.60 87.08 87.34 87.23 87.19 87.78 86.83 87.39 87.84 87.41 86.17 88.10 88.33 88.39 88.29 88.24 88.45 88.42 87.93 87.37 88.73 88.72 88.38 88.72 88.68 88.58 88.32 88.51 88.62 89.03 89.52 89.14 88.27 89.30 89.35 89.07 88.65 87.46 88.55 88.87 88.19 88.08 88.24 88.06 87.69 86.59 86.63 87.53 87.90 87.58 87.48 87.33 87.74 87.90 87.86 87.96 87.85 87.88 88.12 87.99 88.07 88.01 87.79 87.96 88.12 88.23 88.03 87.92 87.90 87.17 87.91 87.77 87.79 87.81 87.95 88.09 88.18 88.32 88.59 88.95 89.05 88.37 88.29 88.35 88.03 89.78 89.03 88.14 88.49 88.78 88.90 89.18 89.30 88.86 89.23 89.70 89.36 86.38 89.08 88.85 88.54 86.98 87.23 87.21 87.80 86.70 86.58 86.46 86.59 86.67 86.54 86.52 86.22 86.52 86.40 86.73 86.69 86.78 86.91 86.97 88.37 89.22 89.12 89.10 88.89 88.60 88.23 87.93 87.60 87.51 87.03 86.51 86.86 86.97 85.74 86.72 87.71 87.90 87.52 86.22 86.69 86.93 88.13 88.19 88.14
88.59 87.86 87.60 88.03 88.06 87.80 86.15 87.07 87.35 87.05 87.75 87.07 87.38 86.31 87.64 88.28 87.83 88.02 87.61 88.04 88.25 88.29 87.88 87.69 86.60 87.16 87.42 87.50 88.07 87.15 87.45 88.36 88.49 88.05 88.47 88.11 87.40 86.74 86.55 86.75 87.12 87.91 88.34 88.28 88.17 87.68 88.39 88.60 88.86 88.82 88.83 88.83 88.90 88.95 88.53 88.24 88.42 88.16 88.61 88.79 88.33 87.89 89.05 88.87 88.00 89.52 88.06 88.86 89.32 87.29 87.75 88.87 89.81 88.50 89.29 88.33 88.40 87.97 87.66 87.71 86.96 87.13 87.56 87.25 87.33 87.91 87.69 87.64 88.18 86.60 87.76 88.09 88.20 88.05 88.71 87.81 87.71 87.75 89.13 87.67 87.56 88.12 87.91 87.95 88.04 88.10 88.05 87.95 87.90 88.34 88.44 88.71 88.80 88.80 88.56 88.05 88.11 88.25 87.76 87.17 87.24 87.28 88.21 88.81 89.38 89.55 89.66 89.55 89.67 89.92 89.61 89.57 89.17 88.91 89.05 88.66 87.97 86.47 85.82 86.21 88.94 88.68 85.87 85.89 87.72 86.29 86.44 85.61 86.38 86.86 86.21 86.31 86.99 87.88 88.28 88.59 88.86 88.76 88.93 88.92 88.88 88.77 88.58 88.35 87.74 87.29 86.84 86.75 87.03 86.76 88.14 85.97 86.97 87.24 86.84 87.72 88.04 87.76 88.16 88.38
88.36 88.42 88.70 89.11 88.46 86.74 87.30 87.08 86.52 86.62 86.78 89.09 86.71 86.87 86.35 86.46 87.37 88.05 87.44 87.27 88.97 87.36 87.42 87.39 86.41 87.27 87.63 87.60 87.55 86.49 85.83 88.45 88.13 88.28 88.26 87.91 88.12 87.29 87.04 87.13 86.85 87.62 87.92 88.10 88.23 87.83 87.20 87.08 88.23 88.92 88.96 89.04 88.83 88.80 88.48 87.61 87.31 87.34 86.97 86.75 87.64 89.66 88.18 87.42 89.32 89.91 89.65 88.44 90.64 85.90 90.16 88.47 87.65 88.60 88.06 89.37 89.71 89.30 88.81 89.86 89.91 88.66 87.66 87.78 88.13 87.74 87.84 87.51 87.45 87.90 88.00 88.12 87.72 87.31 87.32 87.25 87.27 87.41 87.98 87.40 87.05 87.26 87.25 87.33 87.28 88.10 88.14 88.37 88.58 88.75 88.91 89.08 89.27 89.37 89.19 88.79 88.96 88.96 89.17 88.74 88.60 88.90 89.53 89.94 90.19 90.17 90.20 90.19 90.19 90.37 89.93 89.79 89.49 89.74 89.64 89.51 89.41 88.72 86.24 87.68 89.03 89.49 86.55 86.81 87.55 87.31 86.77 86.45 86.39 86.86 87.46 87.70 87.90 87.54 88.22 87.86 88.58 87.77 86.65 86.98 88.67 88.85 88.74 88.30 87.69 87.28 86.92 86.91 87.04 86.93 86.52 86.35 87.00 87.10 88.44 87.00 86.99 87.13 87.54 88.27
88.53 88.58 88.78 88.91 88.03 87.97 87.87 87.27 87.04 87.75 87.71 87.56 87.30 87.44 86.93 87.27 88.06 87.92 87.94 87.87 87.15 86.23 86.23 89.00 86.19 87.37 87.84 87.85 87.82 87.42 87.09 88.32 88.30 88.14 88.43 87.90 87.53 87.19 86.65 86.52 86.66 86.49 86.39 86.66 87.71 87.27 87.01 87.48 88.23 88.61 88.98 89.02 89.07 88.36 87.91 86.54 87.02 86.40 86.82 89.28 87.55 89.94 90.14 89.39 87.74 91.02 90.85 91.07 90.84 90.84 90.87 90.28 87.46 88.09 89.68 88.69 88.33 89.46 89.24 89.12 88.39 87.95 88.17 88.14 88.01 87.79 87.83 87.48 87.67 87.26 87.61 87.89 88.24 87.78 87.91 88.57 89.58 87.95 87.89 88.04 88.00 87.90 87.09 87.31 87.05 87.39 88.41 88.53 88.82 89.08 89.28 89.43 89.69 89.90 89.88 90.06 90.17 90.27 90.30 90.49 90.73 90.87 90.90 91.02 91.22 90.87 90.70 90.66 91.17 90.47 90.26 90.16 89.98 89.67 89.94 89.85 87.77 88.93 88.72 88.22 87.96 87.70 87.86 87.93 86.41 86.97 87.14 87.14 87.61 88.04 88.52 88.52 89.49 89.03 87.92 88.18 88.50 86.60 86.87 88.89 88.44 88.13 87.86 87.93 87.37 87.19 87.43 87.72 88.09 87.77 87.76 86.87 87.96 87.38 87.03 87.13 87.46 88.04 88.06 88.42
88.68 88.10 88.24 89.19 89.51 87.21 88.34 88.52 88.48 88.17 88.41 87.66 87.35 87.86 87.83 87.83 87.43 88.01 87.86 88.01 87.84 86.90 86.46 88.05 87.40 87.80 89.34 87.71 87.97 87.69 88.18 87.99 88.00 88.42 88.14 88.12 88.07 86.90 86.52 86.53 86.39 86.56 87.22 87.49 87.77 87.94 88.14 88.00 89.18 90.01 87.52 87.69 88.13 87.77 87.96 88.69 88.37 87.24 87.08 88.45 87.72 90.11 90.18 90.28 91.59 91.21 90.88 90.88 90.94 90.98 90.98 90.79 90.46 90.13 88.95 88.73 89.21 89.68 88.60 88.97 89.26 89.03 88.83 88.55 88.17 89.45 88.43 87.83 88.08 88.17 87.72 87.62 87.43 88.11 87.32 87.12 87.63 87.79 87.95 87.76 87.99 88.11 87.44 86.41 88.21 87.88 88.12 88.56 88.71 88.80 89.44 89.65 90.00 90.20 90.28 90.44 90.78 90.91 91.61 92.64 93.51 94.21 94.50 94.64 94.71 93.97 93.70 93.84 93.88 93.77 92.30 90.49 90.51 90.73 89.87 90.11 90.19 89.88 88.29 88.30 88.56 87.83 87.98 87.41 87.68 88.73 87.52 87.51 87.65 87.28 87.67 88.26 88.85 89.16 89.92 88.67 88.47 86.32 89.02 88.43 88.66 88.71 88.71 88.18 87.79 87.72 87.25 87.80 86.92 87.81 88.15 87.17 86.36 86.36 87.18 88.05 88.12 88.26 88.60 88.67
88.58 88.35 87.88 88.03 88.93 88.70 88.56 87.36 88.81 88.07 87.59 88.02 87.78 88.14 87.89 87.75 87.91 86.95 87.70 87.81 87.53 87.05 86.45 86.23 85.78 87.49 86.99 87.52 87.94 87.94 87.77 88.06 87.64 87.54 87.82 87.44 87.47 87.28 86.95 85.97 85.96 85.72 86.19 87.60 87.84 88.09 88.19 87.59 89.35 89.89 87.51 87.56 86.87 86.46 87.94 89.31 89.54 89.46 88.05 87.16 87.19 87.42 90.23 90.80 91.21 90.79 91.02 90.90 90.90 90.91 90.92 91.06 90.45 90.49 90.63 91.16 89.18 89.35 88.80 88.87 89.13 89.00 88.40 88.10 87.73 88.58 87.45 87.65 88.06 88.04 87.99 88.09 88.26 88.36 87.94 87.41 87.62 87.77 87.90 87.36 88.20 87.72 87.24 87.89 87.72 87.99 88.44 88.83 89.14 89.15 89.84 90.02 90.09 90.38 90.54 90.94 91.65 92.72 93.83 95.04 95.41 95.94 96.10 96.09 96.30 96.35 96.18 96.20 96.06 95.85 96.26 95.64 91.82 91.76 90.87 90.29 89.48 87.62 86.60 89.02 88.51 87.56 89.08 87.51 86.64 87.00 87.56 88.47 88.09 88.22 88.79 88.83 88.65 88.49 87.56 88.50 88.58 88.79 88.63 88.65 88.54 87.80 88.01 88.61 88.53 88.20 87.42 88.57 87.97 88.51 87.93 87.33 88.01 87.10 87.25 87.68 87.87 88.21 88.32 88.53
87.33 87.70 87.52 88.11 89.24 89.52 89.70 88.52 88.54 87.16 87.84 87.24 87.21 87.01 87.42 87.16 87.07 87.13 86.17 86.49 86.94 87.34 86.34 86.17 87.02 86.71 87.20 87.97 87.92 87.91 87.65 88.00 87.53 85.93 85.94 86.17 86.57 86.56 86.66 86.03 85.82 85.89 86.09 87.22 87.70 87.95 87.98 87.95 87.83 87.68 87.45 87.03 86.38 86.11 86.45 87.02 88.51 88.59 87.57 87.24 89.74 90.03 90.17 90.36 90.86 91.36 90.93 90.97 90.90 91.14 91.18 90.81 90.59 89.49 89.96 88.78 88.77 89.29 88.70 88.92 88.96 88.87 88.49 87.98 88.03 87.39 87.62 89.64 88.67 88.08 87.80 88.03 88.88 88.91 88.12 87.79 86.92 88.40 87.43 87.43 87.37 87.37 87.74 88.25 88.38 87.85 87.75 88.85 89.13 89.52 89.03 89.81 90.33 90.64 91.59 92.72 93.84 94.54 95.44 95.92 96.52 96.68 96.53 96.51 95.58 96.24 96.34 96.44 96.33 96.30 96.34 96.36 96.18 95.56 93.29 91.66 90.20 89.32 89.87 89.23 89.63 88.70 87.25 88.04 88.26 86.81 87.85 87.52 88.31 88.52 87.50 88.23 88.22 88.16 87.97 88.63 88.32 88.00 87.48 87.51 85.78 86.93 88.04 87.82 87.30 88.11 88.72 89.16 88.23 89.17 89.02 88.57 88.50 87.77 87.15 86.56 86.83 87.15 87.67 87.90
87.11 87.81 87.45 87.39 88.36 89.16 88.18 87.47 88.23 87.66 87.28 87.47 86.16 87.94 86.41 86.72 85.68 85.98 86.96 86.67 87.33 86.53 87.02 87.46 87.39 88.01 87.13 87.61 87.86 87.82 87.85 87.86 87.98 86.89 86.66 86.84 87.23 87.30 87.30 86.91 86.37 86.20 86.65 86.79 86.61 87.44 87.46 87.59 87.31 87.36 86.90 86.68 86.20 86.18 86.09 86.50 86.90 86.84 87.51 88.12 86.73 89.27 88.66 90.06 90.06 91.01 91.30 91.25 91.15 91.29 91.21 90.91 90.72 89.62 90.06 90.02 88.85 88.77 88.46 87.69 88.71 88.38 88.25 88.20 87.73 87.83 87.48 87.85 88.32 88.15 88.30 88.33 89.11 88.29 87.97 86.99 87.43 87.24 87.71 88.51 87.47 86.95 87.26 87.71 88.95 88.97 88.33 88.79 89.41 89.29 89.03 89.49 90.20 90.35 93.71 95.58 96.07 96.63 96.67 96.47 96.05 96.32 96.61 96.55 96.25 95.93 95.68 96.13 96.33 96.22 96.25 96.05 96.08 96.00 95.36 93.83 92.06 90.50 90.10 89.90 89.79 89.66 88.87 88.14 89.00 88.93 88.07 88.65 88.55 88.55 88.57 87.66 87.42 87.98 87.39 87.83 87.94 87.08 86.56 87.54 88.65 88.84 87.41 87.26 87.98 88.78 88.55 88.85 89.14 88.99 88.91 88.82 87.56 87.60 87.17 87.97 87.48 87.26 87.80 87.61
87.85 87.96 87.76 87.83 88.21 88.15 88.32 88.39 88.57 87.43 87.13 87.89 87.19 86.93 87.04 87.05 88.34 86.94 87.46 87.63 87.32 87.73 88.59 87.21 87.71 88.06 87.80 87.63 87.64 87.58 87.40 87.54 87.46 87.20 87.22 87.18 87.22 87.27 87.42 87.45 87.01 86.87 87.10 86.98 86.95 87.21 87.22 86.95 86.72 86.47 86.36 86.34 86.25 85.63 85.38 86.75 87.29 87.45 87.96 88.32 88.79 88.70 89.29 89.47 89.36 90.51 90.76 92.54 92.25 91.57 91.36 91.07 90.41 90.20 89.93 90.15 88.61 88.55 88.51 89.80 88.02 88.35 87.94 87.88 87.78 87.65 87.65 88.38 88.35 88.21 88.04 88.18 88.51 88.17 87.87 88.01 87.49 87.54 87.48 88.51 86.41 87.28 87.54 87.63 88.50 87.60 88.45 88.79 89.12 89.16 89.31 89.17 90.22 91.65 95.62 96.11 96.70 96.69 96.46 96.69 96.58 96.71 96.59 96.60 96.45 96.71 96.64 96.11 96.09 96.48 96.22 96.12 96.13 96.00 95.31 94.87 92.96 90.85 90.29 90.09 89.79 89.97 87.20 89.00 89.04 88.60 88.80 88.34 88.10 88.64 88.12 87.81 88.23 87.78 87.91 87.41 87.09 87.21 86.49 85.51 87.17 86.84 87.57 88.85 89.01 88.84 88.04 89.06 88.24 88.36 88.82 88.66 87.58 87.64 87.80 86.56 86.63 87.44 87.72 87.58
88.65 87.52 88.84 88.27 88.65 88.15 88.32 88.28 87.97 87.64 87.13 87.26 87.00 86.74 87.19 87.23 87.74 87.85 87.67 87.63 86.97 87.29 87.56 87.58 87.20 87.68 87.82 87.82 86.93 87.33 87.15 87.51 87.58 87.02 87.12 87.12 87.16 87.32 87.58 87.72 86.95 86.63 85.39 85.48 86.49 86.98 86.79 86.49 86.54 86.19 86.04 86.04 85.89 85.98 86.01 86.92 87.03 87.26 87.35 87.86 87.82 87.95 88.60 87.87 89.86 89.70 90.32 90.42 90.51 90.58 90.48 90.46 89.88 90.22 90.04 88.83 88.68 88.97 88.78 88.96 88.60 90.21 87.95 88.25 88.01 88.01 87.80 88.44 88.38 88.02 87.90 88.16 88.24 88.11 88.06 87.72 88.04 87.69 88.17 87.49 87.39 87.55 87.34 86.80 86.87 87.36 88.30 89.32 88.63 88.95 89.12 89.25 90.37 93.36 95.95 96.65 96.63 96.48 96.61 96.72 96.65 96.68 96.56 96.69 96.68 96.18 96.37 96.31 96.54 96.35 96.16 96.14 95.95 95.55 94.13 93.97 92.99 91.26 90.23 90.29 90.11 90.16 89.81 89.71 89.38 89.11 88.78 88.48 88.51 89.42 88.87 88.63 88.53 87.98 87.90 87.47 87.05 87.03 87.13 87.16 86.83 86.96 87.92 89.09 89.33 89.26 88.98 88.81 88.25 88.57 88.53 88.74 86.82 87.91 87.97 89.00 87.49 87.83 88.28 88.20
88.90 88.77 88.82 89.34 89.06 88.05 88.21 88.08 88.91 89.40 90.14 89.97 88.40 87.31 87.67 87.53 86.92 87.28 86.90 87.36 86.91 87.64 87.58 87.57 87.33 86.25 86.94 87.19 87.49 86.90 86.75 87.10 86.87 86.89 86.60 87.00 87.10 87.34 87.42 84.87 84.53 84.33 82.40 82.13 82.21 84.69 84.69 84.70 85.59 86.01 85.65 86.11 85.76 85.96 85.89 85.95 86.05 86.68 87.82 87.58 87.09 86.35 88.15 89.02 88.93 89.69 89.67 89.99 90.33 90.37 90.32 89.91 90.21 89.45 89.54 89.54 89.26 90.30 89.17 88.54 88.86 88.67 88.18 88.19 87.93 87.95 88.15 88.56 88.55 88.34 87.98 88.29 87.89 87.96 88.12 87.44 87.23 87.92 87.84 87.68 87.24 87.36 86.73 86.42 88.51 87.54 88.04 88.81 88.84 88.88 89.20 89.57 90.35 93.39 95.47 96.64 96.55 96.15 96.68 96.70 96.66 96.62 96.69 96.72 96.63 96.19 96.48 96.58 96.43 96.55 96.37 96.12 95.27 94.43 93.97 93.53 92.39 91.06 90.59 90.32 90.45 89.47 89.19 89.57 88.13 88.27 88.83 88.97 89.05 88.98 88.83 88.81 88.82 87.91 87.71 87.62 87.28 87.87 87.78 87.45 87.36 87.25 88.12 88.68 88.88 88.71 88.84 88.72 87.65 88.28 88.29 87.24 87.11 88.12 88.00 88.14 88.19 88.50 88.79 88.29
88.68 88.87 88.47 87.95 89.16 87.97 88.57 88.40 87.42 88.01 89.67 89.66 87.78 87.35 88.14 87.76 88.11 87.48 87.81 87.90 88.12 87.16 88.16 88.16 87.81 87.82 87.54 87.18 87.37 87.22 87.08 84.86 86.14 86.65 86.66 86.90 87.09 87.06 86.20 86.03 85.34 83.89 83.53 83.62 84.02 84.16 84.03 84.32 83.66 84.88 85.70 85.72 85.74 85.84 86.00 86.03 86.31 86.70 86.79 87.42 87.42 87.61 86.99 87.28 88.31 87.55 89.06 90.23 90.13 90.04 90.12 90.10 89.66 89.44 89.64 89.49 89.38 89.10 88.87 88.91 88.82 88.84 88.61 88.34 88.28 87.94 88.45 88.84 88.37 88.28 88.61 88.68 88.56 87.94 88.25 87.72 87.74 87.69 87.65 88.24 87.33 87.60 87.11 87.25 87.13 87.07 88.02 88.60 88.94 89.00 89.00 89.80 90.40 91.83 95.20 96.66 96.68 96.64 96.50 96.63 96.72 96.71 96.72 96.72 96.65 96.45 96.68 96.56 96.64 96.42 96.20 95.60 94.66 94.10 93.24 92.69 92.28 91.68 90.55 90.03 89.90 89.13 89.09 88.94 88.90 89.19 89.30 89.11 88.05 88.90 88.98 89.11 88.74 88.49 87.97 88.33 87.97 87.55 88.36 88.12 87.68 87.48 87.50 87.81 88.29 88.47 89.08 88.82 88.39 88.34 88.51 88.23 88.71 88.56 88.60 88.17 88.37 88.71 88.94 89.12
89.13 88.88 88.89 88.37 89.78 89.43 88.86 87.76 87.11 86.34 85.98 87.17 87.00 88.12 88.67 88.62 88.62 88.62 88.39 88.26 88.24 88.21 87.78 88.06 87.63 87.17 87.29 86.72 86.59 87.26 87.12 86.04 86.23 85.53 86.37 85.34 86.04 83.90 84.05 86.01 83.87 83.03 84.43 84.46 84.36 84.30 84.53 85.32 84.62 84.58 84.33 85.01 85.68 86.24 86.23 86.36 86.22 86.92 87.06 86.83 86.79 87.75 87.71 88.18 88.80 88.74 89.30 89.55 87.61 89.80 89.38 89.50 89.58 89.71 89.55 89.35 89.20 89.17 89.19 88.88 88.55 88.33 87.93 89.76 88.40 88.10 88.12 87.97 88.73 88.29 88.49 88.70 88.63 88.34 87.73 88.13 87.64 87.55 88.11 88.06 87.28 87.24 87.06 87.29 87.54 87.51 89.39 88.14 88.81 89.13 89.22 89.36 89.94 91.50 93.29 96.29 96.72 96.66 96.42 96.66 96.68 96.70 96.49 96.72 96.51 96.58 96.50 96.57 96.55 96.49 96.32 95.21 93.90 93.33 92.51 92.03 91.21 90.58 90.34 90.11 89.33 89.45 88.75 88.77 88.55 88.73 89.13 89.16 89.10 88.90 89.14 88.93 88.80 88.71 88.48 88.52 88.83 88.53 88.38 87.42 87.86 87.79 87.17 87.13 88.07 88.34 89.04 88.44 88.49 88.68 88.89 88.85 88.81 88.77 88.49 88.25 89.15 89.34 89.16 89.66
89.11 89.75 88.91 87.96 88.78 87.93 87.84 88.08 87.28 86.37 86.21 87.21 88.11 88.33 88.55 88.44 88.62 86.79 88.29 88.21 88.12 87.86 87.86 87.62 87.00 87.31 87.09 86.93 86.31 86.49 86.14 86.00 86.13 85.80 85.97 86.18 85.41 83.84 83.97 83.92 83.33 84.44 85.22 85.10 84.74 85.04 84.83 84.91 85.21 85.25 85.04 84.07 84.92 86.10 86.48 86.72 86.71 86.72 86.73 86.84 87.05 87.27 87.22 88.61 88.52 87.71 88.03 88.58 88.47 89.49 89.36 89.52 89.24 88.83 89.02 89.25 89.26 89.24 89.49 89.10 88.60 88.18 88.45 88.21 88.34 87.89 87.77 87.95 88.14 88.26 88.31 88.58 88.46 87.90 87.93 87.90 88.23 88.56 87.68 87.52 87.57 86.86 87.03 87.52 87.74 87.69 87.78 88.26 89.00 88.83 88.81 89.06 89.52 89.85 90.97 93.25 96.60 96.72 96.62 96.56 96.66 96.67 96.31 96.55 96.51 96.56 96.55 96.47 96.54 96.41 95.62 93.10 92.04 92.00 91.56 91.02 91.23 90.57 90.52 90.48 89.59 89.22 88.11 88.74 88.40 88.59 88.79 88.90 89.07 89.18 88.96 88.68 87.82 87.85 87.95 88.35 87.95 87.68 88.12 88.42 88.08 87.62 88.18 88.47 88.21 88.22 87.99 88.32 88.27 87.65 88.94 89.04 88.63 88.54 88.78 88.90 89.59 89.39 88.89 88.07
89.20 89.33 87.95 87.75 88.02 86.97 87.48 86.40 86.45 87.14 87.07 87.39 88.20 88.40 88.81 88.30 88.63 88.67 88.21 88.21 87.30 87.87 87.79 87.76 87.38 87.07 87.09 86.86 86.60 86.29 86.12 85.23 85.67 85.43 85.07 85.29 84.57 83.55 83.38 82.67 82.93 84.50 85.45 85.02 85.83 85.13 86.13 86.21 85.90 85.94 85.23 84.20 83.32 85.08 86.07 86.72 86.68 86.75 86.79 86.76 87.21 87.73 87.58 88.55 88.65 88.72 88.67 88.65 88.54 88.32 88.60 89.27 89.20 88.83 89.34 88.86 89.45 89.14 89.07 89.21 88.90 88.61 88.91 88.44 88.35 88.17 88.10 87.95 87.96 88.09 88.16 87.76 88.05 88.29 87.99 88.17 87.88 88.21 87.84 87.21 87.42 87.21 86.92 87.19 87.51 87.66 87.67 87.58 88.41 88.81 88.63 88.57 88.31 88.79 89.59 90.75 94.46 96.13 96.65 96.70 96.69 96.52 96.46 96.45 96.59 96.59 96.43 96.41 95.48 94.20 93.40 91.68 90.74 90.67 90.63 90.61 90.96 90.71 90.42 90.36 90.03 89.27 88.78 88.61 88.39 88.30 88.53 88.46 88.61 88.79 88.73 88.38 88.17 87.91 87.23 87.09 87.25 87.17 88.05 87.50 87.94 88.28 87.64 88.01 87.84 87.75 88.24 88.43 88.72 88.15 88.42 89.02 88.02 88.69 88.71 88.94 89.13 88.87 88.46 88.44
89.09 88.20 88.03 87.94 87.17 87.29 86.67 87.20 87.38 87.20 87.42 87.47 87.95 88.30 88.64 88.62 88.62 88.04 87.84 88.21 87.70 87.78 87.68 87.60 87.36 87.30 87.05 86.82 86.46 86.10 85.80 85.63 85.58 84.95 84.78 85.40 84.49 83.36 83.52 82.68 83.70 84.57 84.98 85.63 85.90 86.17 86.19 86.43 86.41 86.54 85.46 84.20 84.62 84.72 84.87 84.81 86.31 86.98 86.93 87.31 87.79 88.24 88.53 88.59 88.80 88.71 88.80 88.97 88.86 88.78 88.90 89.85 88.82 88.51 88.76 88.75 88.88 89.03 89.26 89.22 89.28 89.15 88.85 88.85 88.66 88.18 87.83 87.65 87.91 87.98 87.99 88.11 87.79 88.08 88.17 88.05 88.14 88.00 87.96 87.45 87.42 88.01 87.63 87.41 87.74 87.96 88.08 87.73 88.47 88.78 89.06 88.58 89.07 88.97 89.83 89.84 90.69 91.32 92.05 95.74 96.41 96.71 96.28 96.49 96.37 96.45 96.12 95.55 92.30 90.77 91.75 91.24 90.55 90.53 90.48 90.28 90.25 90.41 90.38 90.18 90.09 88.84 88.88 88.50 88.65 88.08 88.25 88.20 88.21 88.31 88.46 88.18 87.90 87.91 87.45 87.35 88.16 87.10 86.88 86.65 88.06 88.47 88.95 88.16 88.40 88.62 88.78 88.65 88.69 88.50 88.30 88.64 88.19 88.55 88.54 88.31 88.55 88.75 88.71 88.64
89.07 88.17 86.59 87.93 87.16 86.99 87.65 87.13 87.51 87.30 87.29 87.57 88.25 88.50 88.62 88.55 88.50 87.21 88.30 88.25 88.01 87.67 87.67 87.52 87.43 87.23 87.03 86.69 86.32 86.01 85.73 85.38 85.17 85.13 85.10 84.28 84.34 83.84 82.41 81.51 83.62 84.76 85.21 85.56 85.94 86.27 86.48 86.63 86.73 86.71 86.64 86.46 85.65 85.65 85.53 84.73 85.04 85.59 86.89 87.24 87.86 88.64 88.78 88.71 89.12 88.75 88.55 88.70 88.98 88.94 89.14 89.48 89.14 88.66 88.97 89.33 89.04 89.00 89.43 89.36 89.29 89.30 88.98 89.12 88.36 88.33 88.14 87.85 87.71 87.95 88.09 88.13 88.29 88.21 88.17 88.07 88.12 87.57 88.01 87.58 88.18 88.26 87.91 87.92 88.24 88.38 88.49 88.37 87.70 88.69 88.35 89.01 89.19 89.34 88.57 88.91 90.15 90.02 90.51 90.52 91.28 91.25 92.88 95.15 93.76 94.12 92.35 92.99 90.71 90.45 90.29 90.07 90.31 90.41 90.31 90.05 90.17 90.14 90.08 89.56 89.49 89.10 88.74 88.55 88.47 88.26 88.20 88.28 88.26 88.29 88.32 88.04 88.00 87.43 87.71 87.18 86.60 86.90 87.85 86.57 87.78 88.33 88.54 87.92 88.57 87.55 88.50 88.73 88.40 88.24 88.47 88.30 88.03 88.19 88.31 88.55 88.34 88.54 88.72 88.95
88.61 88.09 88.06 88.01 87.29 87.15 87.86 86.81 87.34 87.76 87.63 88.12 88.02 88.22 88.62 88.32 88.62 87.61 88.27 87.58 87.62 87.65 87.50 87.48 87.24 87.11 86.94 86.79 86.27 85.93 85.56 85.23 84.82 84.84 84.67 84.87 85.10 83.63 83.35 81.75 83.90 84.81 85.20 85.65 86.05 86.39 86.63 86.79 86.89 87.06 87.01 87.07 86.76 86.05 86.04 86.14 86.46 86.43 86.31 86.29 86.03 87.90 88.83 88.85 88.79 88.81 88.93 89.16 88.88 88.74 88.79 89.51 89.60 89.86 89.34 88.89 89.27 89.30 89.55 89.54 89.50 89.47 89.32 88.99 88.82 88.49 88.57 88.60 88.11 87.98 87.94 88.21 88.24 87.76 87.96 88.13 88.16 87.82 87.82 87.81 88.16 88.46 87.82 88.20 88.44 88.30 88.67 87.91 87.44 87.77 88.54 88.58 88.94 88.73 88.67 88.80 88.81 90.09 90.04 90.21 90.31 90.29 90.49 90.54 90.59 90.83 91.48 90.92 90.71 90.41 90.10 90.24 90.30 90.15 89.81 90.00 87.60 90.06 90.03 88.24 88.90 88.45 88.32 88.29 88.31 88.31 88.29 88.28 88.14 88.07 88.01 87.69 87.10 86.96 86.80 87.14 87.89 86.70 86.80 87.60 87.16 87.73 88.32 88.30 88.83 87.72 88.57 88.27 88.52 88.70 88.58 88.36 87.83 87.57 87.62 88.12 88.12 88.22 88.70 88.78
88.75 87.85 88.32 87.99 87.93 87.87 88.06 88.51 87.82 88.24 88.01 88.74 88.73 88.60 88.74 88.47 88.54 88.03 87.60 88.15 87.73 87.53 87.47 87.31 87.15 86.91 86.74 86.55 86.13 85.64 85.28 84.98 84.70 84.52 84.47 83.77 84.19 84.60 83.35 83.71 84.18 84.75 85.29 85.69 85.94 86.25 86.45 86.73 86.89 86.90 87.09 87.13 86.79 86.33 85.32 86.12 86.46 86.64 86.64 86.46 85.64 87.07 88.51 88.58 88.74 88.75 88.74 88.06 88.35 88.53 88.62 88.66 89.32 90.04 90.21 89.46 89.63 89.73 89.93 89.63 89.63 89.50 89.79 89.35 89.61 88.80 88.91 88.93 88.88 88.08 88.53 88.38 88.70 87.66 88.18 88.14 88.16 87.64 87.25 88.10 88.15 88.00 88.11 88.18 88.02 87.58 88.14 87.35 87.11 87.54 87.91 88.04 88.50 88.32 88.96 89.52 89.12 89.80 90.02 90.17 90.28 90.19 90.12 90.47 90.25 90.64 90.50 90.11 90.01 89.85 90.00 89.75 89.73 89.97 89.74 88.86 88.73 89.14 88.01 88.56 88.36 88.08 87.86 87.91 88.01 88.09 88.45 88.09 88.00 87.82 87.72 87.46 87.01 86.55 86.72 87.04 87.53 86.97 86.36 86.88 86.76 87.26 87.78 88.32 87.86 87.90 88.47 87.88 88.26 88.49 88.44 87.93 87.53 88.29 88.33 88.08 88.25 88.77 89.10 88.66
88.68 88.65 88.01 88.04 87.94 88.10 88.37 88.58 88.77 88.86 88.83 88.77 89.02 89.12 88.74 88.94 87.31 87.72 88.23 87.74 87.73 87.41 87.40 87.27 87.06 86.74 86.48 86.11 85.70 85.30 84.95 84.56 84.35 84.24 84.31 84.25 83.40 83.80 83.30 83.59 84.12 84.74 85.12 85.41 85.69 85.94 86.22 86.48 86.78 86.94 87.26 87.20 87.17 86.75 85.88 86.07 86.42 86.43 86.38 85.97 85.20 87.32 88.31 88.38 88.01 88.24 88.56 88.10 88.55 88.51 88.28 88.88 89.06 89.74 89.92 90.06 89.53 89.71 89.56 89.78 89.77 89.65 89.68 89.94 89.52 89.08 89.21 89.36 89.18 87.84 88.63 88.37 88.74 88.80 88.82 88.23 88.12 89.45 88.10 87.58 87.79 87.55 87.31 87.15 87.50 88.01 87.14 87.10 86.77 87.46 87.77 88.32 88.18 87.77 87.73 88.07 88.79 89.10 89.42 89.67 90.07 89.84 90.08 90.26 90.27 90.45 90.22 89.83 89.84 89.67 89.25 89.32 89.52 89.65 88.70 88.02 87.24 87.46 87.93 88.29 88.00 87.73 87.31 87.47 87.84 87.95 88.02 88.11 87.75 87.66 87.56 87.46 87.70 87.51 87.60 86.94 87.53 86.97 86.52 86.92 86.46 87.45 87.73 88.04 88.04 88.25 88.13 88.33 88.20 88.92 88.20 89.31 88.16 88.26 88.35 88.28 88.06 88.87 89.30 88.64
88.36 88.50 88.02 88.04 88.01 88.04 88.45 89.28 88.93 88.80 88.63 88.69 88.83 88.62 88.78 88.90 88.43 87.99 88.04 87.79 87.57 87.35 87.29 87.11 86.90 86.65 86.21 85.71 85.16 84.72 84.40 84.05 83.84 83.81 83.97 83.48 83.67 82.95 83.11 83.64 84.05 84.49 84.76 85.05 85.38 85.61 85.96 86.22 86.50 86.74 86.89 87.10 87.13 86.66 86.10 86.42 85.96 86.27 85.91 85.52 85.59 85.96 88.14 88.10 88.20 88.02 88.45 88.58 88.51 88.55 88.73 88.70 88.98 89.32 89.92 90.17 89.89 89.73 89.88 89.93 89.83 89.77 89.70 89.92 89.79 89.93 89.35 89.39 89.15 88.68 88.52 88.72 88.92 89.01 88.51 88.34 88.15 87.74 87.69 87.90 88.03 88.16 87.04 87.47 87.78 87.68 87.96 86.87 86.78 87.30 87.85 87.39 87.97 87.95 88.06 88.39 88.56 89.07 89.18 89.67 89.84 89.98 89.55 90.11 89.89 89.75 89.75 88.70 89.22 89.24 89.09 88.90 89.42 88.72 88.19 87.88 86.55 86.71 87.70 87.52 87.76 87.71 87.24 86.84 87.85 87.97 87.97 87.99 87.97 87.66 87.34 87.04 86.72 87.06 87.94 87.06 87.26 87.18 86.61 87.43 87.28 87.50 87.34 87.33 88.05 88.23 88.52 88.25 87.91 88.84 89.00 88.58 88.65 88.97 88.85 88.22 87.78 88.43 88.45 88.17
87.43 87.82 87.86 87.66 88.12 88.45 88.88 89.68 89.64 89.20 89.02 88.68 88.82 88.80 89.03 88.79 88.52 88.38 87.84 87.77 87.57 87.29 87.12 86.82 86.63 86.35 85.93 85.21 84.33 83.88 83.60 83.46 83.33 83.46 83.70 82.13 83.36 82.85 83.01 83.31 83.51 83.89 84.20 84.50 84.88 85.25 85.63 85.92 86.27 86.50 86.64 86.75 86.90 86.81 86.31 85.84 85.81 85.78 85.91 85.77 85.37 86.89 87.83 87.75 87.99 88.19 88.63 88.67 88.74 88.47 88.66 88.92 89.28 89.75 90.29 90.30 90.25 89.75 89.91 89.97 90.11 89.90 89.78 89.75 89.99 90.00 89.60 89.26 89.29 89.39 89.16 88.96 89.03 88.91 88.42 88.57 88.12 88.00 88.29 87.44 87.90 88.02 87.25 87.70 87.21 87.62 86.85 86.64 87.24 87.27 87.06 87.50 87.49 87.73 87.88 88.11 88.16 88.10 88.18 89.33 89.56 89.57 89.69 89.67 89.42 89.43 88.90 88.91 89.01 88.88 88.81 88.20 87.99 88.34 87.96 87.59 87.04 86.86 87.34 87.57 87.89 87.89 88.11 88.07 87.87 87.90 87.91 87.92 87.74 87.59 87.84 87.21 86.76 86.88 87.36 87.52 87.37 87.59 86.99 87.47 87.60 87.37 87.24 87.14 87.81 87.83 87.68 87.59 88.41 88.90 89.23 89.39 89.49 89.74 89.36 89.42 89.23 88.89 88.99 87.50
87.49 87.49 87.69 88.14 88.18 88.49 89.34 89.51 89.49 89.38 89.19 88.84 88.94 88.19 88.92 89.43 88.62 88.60 88.16 87.71 87.53 87.29 86.86 86.53 86.30 85.98 85.47 84.34 83.40 82.85 82.76 82.86 83.05 83.22 82.90 82.27 82.67 82.89 82.75 82.64 82.76 83.18 83.59 83.90 84.42 84.84 85.24 85.55 85.91 86.23 86.34 86.56 86.56 86.63 86.20 85.78 85.21 85.23 85.79 85.65 85.37 87.04 87.78 87.10 87.60 90.01 90.66 89.97 88.59 88.78 88.25 88.82 89.18 89.55 90.28 90.25 90.27 89.73 89.98 89.81 89.99 89.92 89.93 89.92 89.96 89.91 89.73 89.73 89.61 89.41 88.97 89.05 89.06 88.89 88.63 88.63 88.17 88.25 87.85 88.62 88.03 87.74 87.28 87.28 87.28 87.21 87.35 86.79 87.37 87.35 87.54 87.33 87.12 87.10 87.47 87.55 87.77 88.51 88.61 88.05 88.68 88.56 88.81 88.84 88.73 89.24 89.12 89.10 88.96 88.80 88.14 88.25 87.01 87.44 87.61 87.41 86.75 86.76 87.37 87.65 87.98 87.98 88.10 88.19 87.92 87.85 87.79 87.70 87.63 87.33 87.49 87.37 86.97 87.11 86.95 87.04 87.32 87.58 87.32 87.94 87.56 87.52 87.26 87.04 88.19 87.10 87.46 87.77 88.43 89.19 89.37 89.59 89.59 89.77 89.90 89.49 89.53 89.21 89.51 88.72
89.07 87.51 88.59 88.29 88.72 88.97 89.87 89.81 89.30 89.39 89.37 88.88 88.65 88.73 88.95 89.37 87.68 88.68 88.98 87.85 87.60 87.24 86.91 86.57 86.13 85.59 84.69 83.25 81.82 81.39 81.85 82.43 82.61 82.89 83.04 82.98 83.18 83.21 82.51 82.18 82.15 82.73 83.09 83.43 83.95 84.55 84.97 85.29 85.51 85.67 85.67 86.10 86.29 86.27 85.89 85.75 85.32 86.40 85.58 86.56 87.03 89.76 90.47 90.68 90.92 90.73 90.53 90.80 90.77 88.94 88.79 89.43 89.33 89.48 90.09 90.08 90.20 90.06 89.93 89.88 89.92 89.93 89.89 90.00 89.88 89.82 89.84 89.69 89.58 89.49 89.57 89.35 89.20 88.81 88.63 88.65 88.53 88.28 87.69 88.28 87.53 87.67 87.52 87.14 87.28 86.98 87.15 87.12 86.96 87.06 87.54 86.99 86.80 86.78 86.89 86.51 87.55 88.46 88.50 88.54 88.01 88.57 88.54 88.41 88.73 88.95 88.88 89.14 88.47 88.05 87.83 86.84 86.75 86.82 87.15 86.98 86.70 86.90 86.95 87.44 87.78 88.01 87.93 87.93 88.05 87.89 87.64 87.73 87.36 87.57 87.33 87.59 86.88 86.54 87.61 87.81 87.04 87.77 87.82 87.51 87.58 87.44 87.03 87.29 87.82 87.98 87.82 87.85 88.16 89.41 89.69 90.15 90.00 89.90 89.45 90.02 89.68 90.19 88.64 88.85
89.23 89.14 88.79 88.44 88.72 89.24 89.68 89.97 89.83 89.94 89.70 89.20 89.05 89.25 89.23 89.33 88.75 88.70 88.53 88.13 87.77 87.33 86.95 86.57 86.02 85.33 84.31 82.31 80.13 79.68 80.88 81.98 82.34 82.44 82.53 83.24 82.99 82.95 82.35 82.08 82.12 83.38 82.60 83.11 83.66 84.19 84.71 85.04 85.29 85.46 85.49 86.28 85.62 87.04 90.34 89.71 89.77 87.63 90.81 91.18 89.68 87.10 87.00 87.28 89.89 90.44 90.06 90.03 88.10 90.60 88.95 89.18 89.48 89.69 89.78 90.02 89.99 90.18 90.27 89.98 89.94 89.95 89.93 89.92 89.76 89.81 89.93 89.75 89.55 89.78 89.66 89.56 89.34 89.04 89.40 88.88 88.66 88.36 88.18 88.20 88.16 87.84 87.41 87.18 86.96 87.52 87.03 87.02 86.89 86.81 86.85 87.03 86.58 87.01 86.89 87.16 87.19 88.11 88.32 88.16 88.25 88.53 88.38 88.36 88.02 88.57 88.64 88.66 88.40 88.16 87.00 86.73 86.40 86.99 86.85 87.09 86.63 86.82 87.57 87.59 88.13 87.97 88.08 87.97 88.01 87.91 87.48 87.28 87.20 87.27 87.22 86.97 87.42 86.88 87.87 87.83 87.24 87.24 87.63 87.75 87.42 87.54 87.10 86.95 87.33 88.42 88.47 88.68 89.13 89.75 89.95 90.09 90.14 90.08 90.05 90.14 90.21 90.09 90.21 90.08
90.19 89.97 90.24 90.26 89.49 89.48 89.73 90.01 89.84 89.84 89.70 89.64 89.69 89.29 89.53 89.40 89.30 88.92 88.71 88.33 87.90 87.57 87.03 86.56 85.85 85.20 84.26 82.52 80.19 78.44 79.38 81.95 82.23 82.24 82.16 82.82 82.74 82.45 81.97 81.73 82.20 82.55 82.49 83.01 83.47 83.91 84.64 84.86 85.08 85.32 85.18 85.90 89.65 90.20 91.25 91.25 87.98 84.56 84.33 85.46 86.20 86.43 86.76 87.02 87.56 87.41 87.63 89.27 88.46 88.65 90.74 89.56 90.71 90.11 89.89 90.15 90.24 90.12 90.21 90.24 90.00 90.00 90.04 89.96 89.98 89.94 90.09 89.86 89.93 89.74 89.75 89.92 89.40 89.21 88.97 88.97 89.03 88.60 87.20 87.66 88.20 88.29 87.71 87.43 87.31 86.95 86.92 87.02 86.78 86.83 87.33 86.97 87.08 86.76 87.05 87.22 87.15 87.42 87.86 87.62 87.79 88.11 88.06 87.95 87.58 88.50 88.40 88.68 88.37 88.33 88.00 87.09 86.48 86.73 86.68 87.28 86.89 87.39 87.78 87.80 88.27 88.14 87.93 88.02 88.02 87.96 87.80 87.86 87.54 87.51 87.33 86.92 86.48 87.01 86.93 87.20 87.65 87.76 87.46 87.97 87.64 88.22 88.53 88.13 88.37 89.66 88.57 89.08 89.37 89.86 90.01 90.04 90.22 90.17 90.24 90.29 90.30 89.96 90.09 89.87
89.64 89.88 89.84 90.07 90.25 89.66 90.02 89.83 90.02 90.10 89.81 89.92 89.72 89.63 89.64 89.43 89.42 89.14 88.92 88.48 88.17 87.66 87.26 86.69 86.09 85.35 84.48 83.66 80.56 77.33 77.32 80.90 82.09 82.10 82.18 82.06 82.49 82.26 82.30 81.97 82.10 82.75 84.50 86.24 85.00 83.95 84.57 85.19 85.13 85.57 89.40 90.47 90.43 91.03 89.76 85.09 84.15 86.30 84.79 86.13 86.42 86.59 87.38 87.24 87.77 87.99 89.50 88.53 90.28 88.87 90.78 90.74 90.85 90.53 90.39 90.24 90.00 90.15 90.16 90.41 90.23 89.97 90.07 90.08 90.05 90.05 90.19 89.91 89.93 89.91 90.07 89.60 89.60 89.52 89.21 88.88 88.98 88.70 87.99 87.88 88.24 87.98 87.55 87.75 87.71 87.25 86.93 87.35 88.65 89.06 87.06 87.44 87.22 87.34 87.29 87.13 87.16 87.27 87.57 87.65 87.64 87.42 87.67 87.45 87.41 87.55 87.87 88.28 88.33 88.33 87.92 87.46 86.49 87.42 87.42 86.77 87.74 88.02 87.35 87.85 88.22 88.24 88.39 88.14 88.13 87.87 87.76 88.22 88.09 87.62 86.76 87.01 86.49 87.33 87.80 87.60 87.84 88.31 87.82 88.07 88.60 89.64 89.93 89.44 89.38 89.93 89.90 89.77 89.96 90.00 90.10 90.18 90.25 90.42 90.35 90.34 89.82 88.06 90.07 89.97
90.02 89.99 89.90 89.90 90.39 90.31 90.11 90.14 90.33 90.22 90.16 89.99 89.87 89.82 89.82 89.88 89.81 89.44 89.12 88.76 88.35 87.89 87.47 86.84 86.24 85.67 84.96 84.34 81.15 78.36 79.01 80.35 81.75 82.01 82.19 82.41 81.96 81.98 82.41 81.97 85.44 85.77 82.98 87.19 86.37 86.55 86.86 89.43 88.52 88.03 86.47 84.79 87.87 90.97 89.77 89.91 90.17 87.04 85.95 86.64 86.78 86.81 87.16 87.36 88.76 90.00 89.90 89.84 88.06 88.27 89.95 90.77 90.72 90.55 90.65 90.52 90.38 90.06 90.04 90.14 90.20 90.13 90.17 90.03 90.08 90.00 89.92 89.83 89.77 89.87 89.81 89.91 89.59 89.52 89.49 89.56 89.57 88.95 88.34 88.54 87.53 87.48 87.66 87.75 86.96 87.50 87.68 87.34 87.33 87.38 87.63 87.60 87.77 86.98 87.09 87.12 87.11 87.70 87.76 87.55 87.12 86.93 87.05 86.79 87.28 87.88 87.60 87.78 88.28 88.28 88.15 88.00 86.87 86.77 87.25 87.52 87.56 87.68 87.51 87.94 88.26 88.17 88.49 88.43 88.35 88.40 88.52 88.53 88.48 88.79 86.53 86.35 86.54 87.32 86.81 88.23 89.65 88.95 89.07 89.01 89.65 89.89 89.84 89.71 90.10 90.23 90.13 90.22 90.24 90.22 90.24 90.24 90.30 90.37 90.42 90.43 90.29 90.16 90.15 90.03
90.07 90.15 90.21 90.19 90.06 90.41 90.39 90.38 90.43 90.25 90.15 89.83 89.93 90.06 90.18 90.24 90.23 90.03 89.27 89.25 88.75 88.31 87.82 87.19 86.66 86.06 85.47 84.54 83.33 81.75 80.54 80.76 81.74 81.89 82.26 82.52 82.50 83.52 82.77 82.14 82.49 82.80 83.25 87.91 85.92 88.38 85.95 86.97 85.88 85.06 84.60 87.99 89.09 89.67 88.98 85.13 85.52 86.78 89.74 89.14 87.05 87.22 87.36 87.41 88.24 87.78 88.67 88.07 88.18 88.52 89.21 89.80 90.41 89.69 89.65 90.45 90.54 90.45 89.87 90.00 90.36 90.26 90.24 90.17 90.12 90.01 89.88 89.90 89.99 89.92 89.84 89.77 89.85 89.44 89.50 89.64 89.57 89.53 89.16 89.28 88.34 87.26 87.48 87.69 88.08 87.73 87.61 87.53 87.68 87.48 88.15 88.24 88.06 87.21 87.02 87.09 86.82 87.07 86.78 87.41 87.07 87.44 87.15 87.17 87.46 87.24 87.93 87.47 88.10 88.17 87.99 87.38 87.52 86.93 87.46 87.65 88.04 87.93 88.05 88.20 88.06 88.33 88.89 88.95 88.71 88.65 89.43 89.10 88.55 88.27 87.60 87.09 88.01 87.87 87.75 88.38 90.13 89.69 90.57 90.09 89.96 89.80 89.75 90.13 90.14 90.31 90.32 90.29 90.28 90.32 90.34 90.33 90.40 90.40 90.40 90.42 90.43 90.36 90.27 90.17
90.18 90.16 90.27 90.29 90.22 90.50 90.50 90.46 90.33 90.38 90.01 89.51 90.07 90.42 90.39 90.44 89.95 89.30 90.03 89.70 89.38 88.70 88.53 87.86 87.14 86.53 85.96 85.00 84.28 82.98 82.02 81.84 81.57 81.56 82.35 82.78 83.11 83.29 83.32 82.89 82.68 83.26 83.65 84.55 84.86 84.91 85.57 85.61 85.43 85.10 84.84 84.62 85.14 87.58 86.97 85.69 86.34 86.91 87.27 90.31 87.03 87.83 87.78 88.05 88.20 88.33 89.47 88.71 88.89 89.30 89.54 89.73 90.70 90.04 89.96 90.37 90.23 90.32 90.11 90.15 90.24 90.24 90.37 90.26 90.15 90.07 90.13 90.03 90.02 89.98 89.93 89.83 89.76 89.71 89.59 89.55 89.04 89.55 89.54 89.59 88.62 87.94 87.70 87.90 88.24 87.70 87.85 88.08 88.00 88.02 88.30 88.31 87.97 87.62 87.42 86.91 86.59 87.96 87.70 87.45 87.34 87.47 87.27 87.71 87.09 87.49 87.21 87.98 88.05 88.31 87.80 87.97 87.85 87.70 88.16 88.98 87.76 88.53 88.37 88.05 88.35 88.42 89.27 89.27 88.79 89.59 89.39 88.86 88.48 88.13 87.49 87.71 87.58 87.80 88.06 89.08 90.02 90.15 90.14 89.94 90.20 90.14 90.13 90.09 90.19 90.32 90.26 90.15 90.39 90.40 90.39 90.43 90.44 90.45 90.45 90.46 90.44 90.41 90.31 90.29
90.32 90.30 90.32 90.38 90.41 90.50 90.51 90.44 90.40 90.20 89.90 89.35 90.22 90.40 90.49 90.29 90.01 90.20 90.15 89.74 89.59 89.30 88.97 88.40 87.75 86.88 86.19 85.43 84.71 83.96 82.92 82.35 81.05 79.68 82.54 82.98 83.25 83.52 83.68 83.71 83.75 84.61 84.98 85.31 85.58 86.17 86.50 86.74 87.03 87.25 86.59 88.09 90.35 85.70 85.84 86.15 87.06 87.43 87.52 88.88 87.87 88.17 88.20 88.17 88.45 88.58 88.55 89.38 89.58 89.62 90.18 89.78 90.61 90.62 90.20 90.21 90.13 90.16 90.19 90.28 90.44 90.39 90.34 90.19 90.21 90.20 90.12 90.03 89.96 89.93 89.97 90.04 89.86 89.82 89.64 89.56 88.92 89.52 89.51 89.57 88.66 88.43 88.22 87.98 88.24 88.16 88.10 88.32 88.38 88.46 88.63 88.60 87.81 87.54 87.51 87.14 86.81 87.99 87.74 87.69 87.72 87.26 87.35 87.12 87.53 87.60 87.81 87.97 88.65 88.47 88.06 87.50 88.04 88.17 88.89 88.88 88.61 89.52 88.42 88.22 88.47 88.65 89.35 89.41 89.47 89.64 89.52 88.40 88.72 88.15 88.00 88.10 88.89 88.96 89.37 90.13 90.28 90.34 90.25 90.24 90.37 90.32 90.21 90.19 90.33 90.28 90.13 90.28 90.38 90.41 90.42 90.43 90.44 90.46 90.46 90.46 90.42 90.42 90.38 90.34
90.35 90.30 90.38 90.46 90.43 90.47 90.51 90.61 90.42 90.27 89.98 89.98 90.34 90.49 90.49 90.41 90.34 90.27 89.68 90.04 89.77 89.77 89.01 88.14 87.52 87.34 86.61 85.64 84.80 84.50 84.06 83.50 81.41 79.03 79.88 83.24 83.40 83.54 83.86 84.20 84.61 84.95 85.20 85.54 85.96 86.50 86.86 87.26 87.88 88.32 86.72 85.61 85.42 85.84 86.18 86.84 87.34 87.83 87.90 88.41 88.09 88.36 89.15 88.34 88.50 88.67 88.49 89.81 89.17 89.52 89.87 90.50 90.85 90.84 90.01 90.12 90.14 90.19 90.01 90.46 90.06 90.45 90.27 90.16 90.25 90.25 90.14 90.01 90.06 89.96 89.94 90.01 89.90 89.89 89.85 89.62 89.54 89.14 89.18 88.95 88.92 88.99 88.71 88.89 88.32 88.06 88.13 88.77 88.58 88.55 88.54 88.06 88.23 88.06 87.58 87.37 87.75 87.72 87.38 87.86 87.62 87.45 87.54 87.58 87.56 87.69 87.90 88.19 88.25 88.50 89.02 88.79 89.34 89.30 89.36 89.34 89.00 88.96 89.21 88.86 89.37 89.46 89.75 89.72 89.79 89.45 88.78 88.70 88.78 88.39 88.68 89.15 89.87 90.06 90.09 90.15 90.29 90.35 90.32 90.37 90.32 90.32 90.28 90.35 90.34 90.29 90.22 90.36 90.39 90.41 90.42 90.44 90.44 90.45 90.46 90.46 90.46 90.44 90.43 90.40
90.47 90.45 90.46 90.49 90.52 90.54 90.53 90.51 90.48 90.28 90.20 90.24 90.50 90.53 90.53 90.47 90.43 90.06 89.90 90.19 90.08 89.45 88.73 87.90 87.15 88.01 87.16 85.03 84.82 84.92 84.77 84.90 84.40 81.15 82.54 83.51 83.28 83.41 83.91 84.38 84.81 85.05 85.25 85.23 86.38 86.86 87.42 87.79 88.18 88.97 89.04 87.34 86.68 86.94 87.38 87.78 88.04 88.17 88.26 88.62 88.52 88.36 88.03 89.20 89.34 88.86 89.04 89.55 89.62 89.85 89.96 90.08 90.63 90.67 90.53 90.41 90.47 90.41 90.35 90.36 90.15 90.12 90.28 90.21 90.16 90.26 90.10 89.96 90.02 90.03 90.08 90.02 89.97 89.90 89.82 89.65 89.62 89.36 89.51 89.31 89.29 89.31 89.29 89.01 89.00 88.30 88.64 89.13 89.55 88.49 88.67 88.35 87.89 87.85 87.69 88.17 87.93 87.92 87.56 87.89 87.69 87.52 87.49 87.64 87.65 87.74 88.02 88.20 88.50 88.65 89.60 89.94 90.10 90.15 90.35 90.16 89.54 89.41 89.22 89.54 89.59 89.76 89.88 89.77 89.70 89.19 89.13 88.93 88.76 88.37 89.40 90.15 90.09 89.99 90.04 90.27 90.32 90.35 90.36 90.38 90.30 90.38 90.35 90.37 90.36 90.31 90.34 90.38 90.39 90.40 90.41 90.43 90.44 90.44 90.44 90.45 90.46 90.47 90.47 90.48
90.46 90.49 90.58 90.50 90.54 90.55 90.53 90.53 90.50 90.41 90.36 90.33 90.54 90.57 90.57 90.53 90.33 89.93 90.31 90.25 89.95 88.94 88.20 87.71 88.05 88.19 87.92 86.50 84.94 84.83 85.04 85.48 85.75 85.39 84.46 83.83 83.09 82.91 84.03 84.64 85.06 85.29 85.41 85.16 86.59 87.47 87.91 88.23 88.69 89.38 89.65 87.86 87.84 88.20 88.44 88.66 88.61 88.66 88.72 88.92 89.26 88.73 88.26 88.46 88.79 89.34 89.58 89.69 89.74 90.00 90.22 90.55 90.23 90.42 90.65 90.54 90.39 90.21 90.15 90.16 90.09 90.22 90.15 90.20 90.28 90.19 90.17 90.00 90.05 90.01 89.98 90.00 89.82 89.78 89.75 89.73 89.70 89.71 89.58 89.34 89.32 89.31 89.20 89.28 89.18 89.14 89.21 89.10 89.21 88.30 88.50 87.61 87.84 87.71 87.95 87.76 87.79 87.96 87.87 87.85 87.69 87.55 87.43 87.49 88.13 87.82 87.99 88.32 88.70 89.25 89.90 90.60 90.64 90.65 90.63 90.58 90.50 90.06 89.90 89.83 89.82 90.00 89.91 89.71 89.74 89.32 89.10 89.13 88.52 88.63 90.13 90.08 90.16 90.18 90.23 90.25 90.33 90.36 90.38 90.38 90.37 90.36 90.37 90.37 90.38 90.38 90.38 90.38 90.39 90.40 90.40 90.42 90.43 90.43 90.44 90.45 90.46 90.46 90.47 90.48
90.48 90.49 90.51 90.52 90.54 90.55 90.55 90.54 90.53 90.47 90.40 90.48 90.57 90.59 90.60 90.54 90.28 90.41 90.39 90.26 89.70 89.08 89.20 88.88 88.68 88.61 88.21 87.28 84.52 84.68 85.04 85.90 86.18 85.90 85.21 84.28 82.17 82.15 84.50 85.00 85.31 85.50 85.63 85.91 87.18 87.63 88.01 88.43 88.86 89.31 89.67 89.73 88.58 88.54 88.54 88.59 88.77 88.96 89.12 89.25 89.31 89.06 88.48 89.03 89.49 89.57 89.82 89.89 89.94 90.09 90.26 90.55 90.67 90.56 90.63 90.26 90.22 90.18 90.38 90.41 90.36 90.19 90.23 90.24 90.19 90.08 90.09 89.99 90.06 89.95 90.01 89.97 89.94 89.99 89.74 89.66 89.58 89.71 89.48 89.19 89.19 89.25 89.36 89.18 89.13 89.37 88.84 89.54 89.21 89.28 88.73 88.25 88.12 87.55 87.68 87.80 87.68 87.86 87.86 87.90 87.64 87.70 87.45 88.06 88.52 87.71 88.00 88.42 89.23 90.07 90.58 90.67 90.66 90.65 90.65 90.63 90.62 90.51 90.10 90.08 90.13 90.04 89.82 89.87 89.32 88.94 89.08 89.46 89.15 89.11 90.06 90.21 90.24 90.28 90.30 90.29 90.36 90.38 90.36 90.38 90.39 90.36 90.37 90.37 90.38 90.38 90.37 90.38 90.38 90.38 90.39 90.37 90.41 90.43 90.42 90.45 90.46 90.47 90.48 90.48
90.49 90.53 90.48 90.49 90.54 90.54 90.55 90.54 90.56 90.49 90.43 90.55 90.60 90.62 90.61 90.49 90.42 90.49 90.38 90.08 89.99 89.78 89.68 89.50 89.25 88.88 88.50 87.42 85.10 84.99 85.60 86.51 86.47 86.68 86.17 84.74 81.58 79.93 83.79 85.31 85.48 85.72 85.97 86.38 87.08 87.64 88.08 88.54 88.88 89.34 89.67 89.74 89.54 88.83 88.74 88.76 88.91 89.10 89.24 89.42 89.58 89.46 89.24 89.30 89.52 89.85 90.10 90.12 90.16 90.30 90.54 90.56 90.54 90.65 90.35 90.34 90.36 90.33 90.41 90.24 90.24 90.21 90.18 90.23 90.25 90.18 90.14 90.21 90.14 90.15 90.04 89.99 89.90 89.95 89.84 90.00 89.70 89.59 89.52 89.53 89.46 89.05 88.78 88.68 89.26 89.45 89.51 89.01 88.93 88.74 88.67 88.68 88.47 88.67 88.28 87.95 87.78 87.83 87.83 87.50 87.73 87.64 87.31 88.82 87.84 87.70 88.15 88.72 89.57 90.36 90.61 90.68 90.69 90.68 90.67 90.65 90.64 90.59 90.47 90.33 90.23 90.19 89.80 89.57 89.54 89.44 89.80 89.96 89.83 89.84 90.16 90.28 90.33 90.27 90.36 90.39 90.37 90.36 90.34 90.34 90.44 90.32 90.31 90.33 90.36 90.38 90.35 90.36 90.33 90.34 90.34 90.40 90.41 90.43 90.41 90.44 90.46 90.47 90.48 90.48
90.50 90.50 90.51 90.51 90.56 90.56 90.57 90.57 90.60 90.58 90.55 90.62 90.63 90.63 90.62 90.60 90.50 90.50 90.37 90.19 90.09 90.00 89.78 89.53 89.20 88.92 88.37 87.39 86.53 86.86 86.78 86.76 86.77 86.77 86.88 86.75 82.23 77.19 78.55 85.30 85.66 85.92 86.22 86.62 87.08 87.69 88.25 88.63 89.05 89.33 89.61 89.76 89.72 89.07 88.93 88.91 89.06 89.24 89.34 89.49 89.61 89.35 89.24 89.62 89.88 90.04 90.24 90.32 90.37 90.34 90.63 90.59 90.33 90.66 90.56 90.32 90.56 90.27 90.23 90.29 90.22 90.19 90.13 90.10 90.18 90.20 90.24 90.21 90.17 90.11 90.04 90.01 90.02 90.02 90.06 89.84 89.93 89.58 89.65 89.71 89.59 89.53 89.18 88.72 89.42 89.33 90.01 89.27 89.69 88.64 88.92 88.86 88.79 89.01 88.64 88.05 87.76 88.04 88.28 87.67 87.87 87.76 87.51 87.38 87.57 88.06 88.50 89.08 89.94 90.43 90.67 90.69 90.71 90.68 90.66 90.65 90.62 90.60 90.52 90.38 90.31 89.85 90.00 89.87 89.68 90.00 90.17 90.24 90.23 90.25 90.31 90.36 90.41 90.42 90.38 90.40 90.38 90.38 90.32 90.29 90.24 90.18 90.20 90.23 90.26 90.29 90.30 90.30 90.31 90.39 90.14 90.35 90.39 90.40 90.40 90.45 90.46 90.46 90.36 90.47
90.48 90.51 90.43 90.42 90.55 90.55 90.58 90.59 90.61 90.62 90.64 90.66 90.65 90.65 90.64 90.60 90.56 90.48 90.16 90.20 90.13 89.91 89.73 89.57 89.17 88.78 88.41 87.96 87.11 87.11 86.96 86.93 86.92 87.02 87.22 87.40 86.59 78.89 79.99 84.40 85.45 86.17 86.56 86.84 83.81 87.99 88.44 88.78 89.13 89.33 89.65 89.74 89.76 89.15 89.06 89.13 89.26 89.38 89.46 89.55 89.59 89.65 89.75 89.66 90.00 90.27 90.35 90.41 90.44 90.58 90.61 90.59 90.44 90.41 90.36 90.54 90.40 90.36 90.22 90.09 90.09 90.18 90.13 90.17 90.17 90.17 90.64 90.18 90.42 90.12 90.01 90.04 90.05 90.13 90.08 89.80 89.82 89.87 89.93 89.95 89.91 89.46 89.31 89.39 89.50 89.63 89.49 89.71 90.03 89.19 89.18 89.49 89.04 88.94 88.77 88.53 88.25 88.38 88.54 88.46 88.28 87.89 87.78 87.81 87.92 88.18 88.70 89.43 90.12 90.45 90.67 90.69 90.68 90.67 90.65 90.65 90.63 90.61 90.55 90.43 90.36 90.13 90.20 90.23 90.22 90.25 90.24 90.36 90.32 90.39 90.41 90.43 90.46 90.49 90.49 90.44 90.43 90.37 90.27 90.11 89.89 89.76 89.94 89.96 90.09 90.16 90.19 90.26 90.25 90.26 90.28 90.21 90.39 90.38 90.41 90.42 90.45 90.45 90.18 90.36
90.48 90.52 90.52 90.57 90.56 90.54 90.59 90.62 90.63 90.65 90.66 90.69 90.69 90.68 90.68 90.63 90.49 90.39 90.21 90.21 89.77 86.39 81.82 81.24 83.60 88.63 88.27 88.14 87.84 87.30 87.19 87.06 87.07 87.15 87.24 87.36 87.38 86.03 83.95 84.34 85.68 86.37 86.83 87.11 87.62 88.32 88.60 88.92 89.15 89.32 89.60 89.74 89.80 89.24 89.24 89.23 89.33 89.47 89.55 89.57 89.64 89.64 89.58 89.87 90.29 90.38 90.42 90.46 90.47 90.56 90.63 90.60 90.52 90.46 90.54 90.44 90.41 90.36 90.31 90.29 90.30 90.20 89.90 90.49 90.21 90.17 90.20 90.17 90.18 90.18 90.37 90.21 90.08 90.04 89.98 89.94 89.97 90.01 90.05 90.11 89.99 89.99 89.62 89.55 89.63 89.65 89.48 90.04 89.86 88.95 89.25 89.30 89.36 89.41 88.87 88.78 88.52 88.33 88.43 88.43 88.20 88.32 88.11 88.18 88.33 88.52 88.94 89.74 90.28 90.65 90.66 90.65 90.68 90.66 90.65 90.64 90.62 90.61 90.55 90.46 90.40 90.36 90.32 90.30 90.29 90.30 90.33 90.36 90.42 90.44 90.47 90.49 90.49 90.51 90.51 90.50 90.44 90.35 90.17 89.90 89.63 89.43 89.20 89.44 89.63 89.98 90.10 90.17 90.18 90.22 90.24 90.26 90.32 90.37 90.38 90.40 90.42 90.47 90.33 90.62
90.50 90.53 90.54 90.57 90.47 90.58 90.59 90.61 90.65 90.66 90.68 90.71 90.72 90.71 90.73 90.54 90.43 90.41 90.30 90.31 89.12 80.93 77.53 76.55 79.03 86.00 88.22 88.16 88.43 87.85 87.51 87.21 87.12 87.18 87.26 87.38 87.40 87.16 85.97 85.84 86.35 86.61 86.91 87.22 87.70 88.37 88.74 89.03 89.24 89.40 89.53 89.80 89.75 89.05 89.10 89.36 89.42 89.51 89.55 89.61 89.67 89.77 89.92 90.22 90.32 90.43 90.47 90.52 90.57 90.59 90.56 90.60 90.58 90.53 90.55 90.48 90.39 90.41 90.38 90.28 90.22 90.07 90.21 90.35 90.15 90.19 90.20 90.57 90.17 90.26 90.21 90.17 90.01 90.02 90.09 90.15 90.10 90.11 90.11 90.18 90.17 90.09 89.86 89.77 89.97 89.94 89.94 89.91 89.41 89.16 89.36 89.39 89.23 89.05 88.98 88.86 88.59 87.88 88.28 88.42 88.46 88.45 88.38 88.46 88.55 88.75 89.54 89.85 90.32 90.60 90.65 90.66 90.65 90.64 90.64 90.64 90.62 90.58 90.55 90.50 90.45 90.46 90.42 90.42 90.41 90.45 90.45 90.47 90.49 90.51 90.52 90.52 90.52 90.54 90.53 90.53 90.48 90.34 90.16 89.70 89.31 88.88 88.57 88.59 89.02 89.80 90.02 90.07 90.07 90.14 90.20 90.27 90.32 90.36 90.35 90.40 90.47 90.47 90.45 90.52
90.50 90.54 90.57 90.58 90.59 90.57 90.58 90.62 90.65 90.67 90.70 90.72 90.74 90.74 90.75 90.56 90.45 90.36 90.08 90.22 89.61 81.06 77.62 76.88 78.67 86.06 88.53 88.68 88.72 88.56 87.90 87.36 87.05 86.96 86.98 87.27 87.44 87.41 86.89 86.71 86.81 86.88 86.98 87.20 87.55 88.16 88.84 89.11 89.34 89.42 89.53 89.84 89.62 89.68 89.04 89.25 89.42 89.49 89.59 89.61 89.73 89.77 90.06 90.32 90.42 90.48 90.55 90.57 90.62 90.63 90.65 90.63 90.62 90.59 90.57 90.47 90.45 90.45 90.53 90.31 90.24 90.18 90.20 90.25 90.53 90.12 90.17 90.07 90.17 90.21 90.22 90.23 90.33 90.15 90.14 90.19 90.15 90.15 90.14 90.17 90.18 89.99 90.40 90.00 90.10 89.78 89.62 89.89 89.60 89.52 89.38 89.24 89.00 88.94 88.96 89.22 88.40 88.62 88.35 88.72 88.91 89.13 88.47 88.53 88.63 88.87 89.43 89.27 90.14 90.42 90.56 90.63 90.62 90.62 90.61 90.60 90.60 90.59 90.56 90.54 90.53 90.53 90.55 90.52 90.53 90.52 90.54 90.54 90.54 90.56 90.57 90.56 90.59 90.58 90.57 90.54 90.50 90.33 90.01 89.47 88.69 88.21 88.07 88.39 88.46 87.50 89.80 89.93 90.01 90.08 90.17 90.26 90.32 90.36 90.38 90.44 90.35 90.49 90.48 90.51
90.58 90.56 90.55 90.60 90.63 90.63 90.62 90.65 90.68 90.70 90.72 90.74 90.75 90.76 90.76 90.55 90.44 90.20 90.09 90.26 90.11 83.02 80.75 79.90 81.67 87.98 89.05 89.04 88.93 88.64 88.17 87.58 87.03 86.75 86.54 86.43 87.37 87.39 87.20 87.05 87.01 87.03 87.09 87.25 87.55 88.13 88.95 89.10 89.25 89.40 89.40 89.68 89.86 89.92 89.16 89.25 89.30 89.44 89.49 89.64 89.75 89.79 90.20 90.33 90.43 90.58 90.60 90.61 90.64 90.65 90.65 90.65 90.61 90.61 90.59 90.51 90.50 90.50 90.42 90.31 90.28 90.34 90.29 90.24 90.11 90.18 90.28 90.18 90.20 90.24 90.20 90.21 90.16 90.15 90.23 90.20 90.16 90.18 90.16 90.17 90.19 90.04 89.90 90.11 89.80 89.92 90.03 89.23 89.62 89.90 89.19 88.97 88.94 89.02 89.03 89.22 88.71 88.72 87.67 89.00 89.07 89.01 88.22 88.44 88.78 88.86 89.36 89.19 89.66 90.07 90.39 90.44 90.53 90.55 90.55 90.59 90.58 90.58 90.58 90.57 90.57 90.59 90.58 90.58 90.59 90.58 90.59 90.60 90.60 90.59 90.60 90.59 90.60 90.58 90.59 90.59 90.54 90.35 89.94 89.05 88.04 87.82 87.73 87.71 88.27 89.00 89.56 89.77 89.91 90.06 90.19 90.25 90.31 90.35 90.40 90.42 90.33 90.50 90.50 90.53
90.57 90.58 90.59 90.62 90.63 90.66 90.67 90.69 90.71 90.72 90.74 90.75 90.75 90.76 90.76 90.56 90.39 90.14 90.26 90.34 90.35 88.51 86.35 85.44 88.53 89.71 89.36 89.26 89.06 88.53 88.05 87.59 87.13 86.63 86.34 86.24 87.07 87.40 87.32 87.05 87.04 86.81 87.12 87.32 87.36 88.36 88.66 88.95 89.08 89.25 89.36 89.47 89.67 89.89 89.68 89.39 89.99 90.37 90.27 89.90 89.80 89.65 90.22 90.34 90.44 90.57 90.62 90.64 90.66 90.67 90.65 90.67 90.60 90.71 90.63 90.57 90.56 90.56 90.55 90.42 90.32 90.20 90.09 90.21 90.15 90.16 90.19 90.22 90.22 90.14 90.25 90.26 90.24 90.20 90.27 90.29 90.34 90.07 90.25 90.23 90.17 90.06 89.92 90.06 90.06 90.02 90.02 89.83 89.57 89.74 89.46 89.14 89.14 88.94 88.90 88.95 89.09 88.68 87.88 88.90 89.03 88.78 89.73 89.39 88.73 88.69 89.03 89.29 89.42 89.83 90.09 90.25 90.35 90.42 90.50 90.55 90.57 90.59 90.60 90.60 90.60 90.64 90.61 90.64 90.65 90.66 90.67 90.65 90.68 90.66 90.67 90.66 90.65 90.65 90.66 90.63 90.61 90.39 89.89 88.93 88.20 87.73 87.54 85.81 86.72 88.34 89.27 89.68 89.93 90.06 90.18 90.26 90.33 90.38 90.43 90.40 90.47 90.50 90.44 90.55
90.58 90.59 90.59 90.64 90.67 90.67 90.69 90.70 90.71 90.72 90.74 90.74 90.75 90.75 90.76 90.58 90.33 90.22 90.25 90.18 90.35 90.30 90.29 90.29 90.10 89.83 89.16 89.36 88.88 88.34 87.80 87.45 86.95 86.52 86.26 85.74 85.80 87.29 87.38 87.03 87.14 87.06 87.18 86.37 87.70 88.41 88.79 88.93 89.02 89.11 88.94 89.30 89.32 89.97 89.29 89.35 89.42 89.36 90.05 90.41 90.44 90.00 90.27 90.49 90.56 90.63 90.65 90.65 90.67 90.68 90.68 90.67 90.65 90.63 90.58 90.60 90.59 90.61 90.64 90.49 90.43 90.27 90.22 90.29 90.28 90.24 90.27 90.24 90.26 90.17 90.23 90.32 90.26 90.26 90.27 90.34 90.30 90.25 90.21 90.25 90.03 90.06 90.13 90.06 89.95 90.19 90.12 89.77 89.97 89.87 89.49 89.69 89.61 89.54 89.86 89.02 89.24 88.34 88.62 88.02 88.44 88.36 88.40 88.70 88.75 88.89 88.82 88.78 89.47 89.28 90.00 90.24 90.24 90.37 90.50 90.56 90.59 90.62 90.63 90.64 90.66 90.67 90.68 90.71 90.73 90.76 90.77 90.78 90.77 90.75 90.73 90.72 90.73 90.71 90.69 90.67 90.63 90.58 90.17 89.36 88.12 87.68 85.85 79.89 85.59 88.20 89.30 89.74 89.92 90.08 90.24 90.24 90.34 90.40 90.46 90.47 90.50 90.49 90.54 90.56
90.61 90.63 90.63 90.63 90.68 90.66 90.71 90.72 90.72 90.72 90.73 90.74 90.74 90.74 90.75 90.62 90.37 90.23 90.25 90.23 90.21 90.24 89.92 90.04 90.06 89.92 89.70 89.04 88.59 88.18 87.64 87.25 86.86 86.44 85.77 85.68 86.01 87.49 87.70 87.26 87.43 87.42 87.46 86.39 87.33 88.39 88.71 88.85 88.94 88.78 88.54 88.67 89.38 89.69 89.95 90.09 90.00 90.20 90.25 90.44 90.27 89.87 90.55 90.58 90.61 90.63 90.63 90.65 90.68 90.68 90.64 90.67 90.67 90.65 90.59 90.65 90.61 90.63 90.65 90.65 90.48 90.43 90.38 90.35 90.36 90.30 90.24 90.21 90.25 90.26 90.27 90.29 90.27 90.25 90.28 90.23 90.31 90.28 90.15 90.04 90.30 89.98 90.12 90.13 89.74 90.26 89.43 89.85 89.97 89.78 89.75 89.81 89.77 89.66 89.58 89.69 89.53 90.00 89.16 88.79 89.07 89.70 88.67 88.99 89.09 88.47 88.21 89.09 89.65 89.36 90.05 90.18 90.33 90.46 90.55 90.60 90.65 90.65 90.67 90.69 90.71 90.74 90.76 90.81 90.86 90.87 90.89 90.86 90.85 90.82 90.80 90.80 90.77 90.74 90.70 90.68 90.64 90.60 90.45 89.58 88.57 87.89 87.00 86.29 87.08 88.95 89.64 89.88 90.00 90.13 90.16 90.34 90.38 90.43 90.48 90.51 90.51 90.53 90.56 90.59
90.64 90.65 90.67 90.69 90.71 90.70 90.72 90.73 90.73 90.73 90.74 90.74 90.74 90.71 90.75 90.74 90.57 90.32 90.17 90.19 90.20 90.20 89.90 89.82 90.15 89.98 89.36 88.91 88.47 87.98 87.53 87.12 86.84 86.41 85.21 85.58 86.58 87.52 87.66 87.45 87.77 87.83 87.79 87.91 88.16 88.42 88.75 88.92 88.90 88.46 88.56 88.85 88.88 89.72 89.79 89.89 89.89 90.17 90.22 90.33 90.30 90.41 90.52 90.47 90.41 90.58 90.60 90.63 90.67 90.68 90.66 90.68 90.67 90.68 90.67 90.66 90.64 90.65 90.67 90.68 90.68 90.51 90.46 90.41 90.43 90.32 90.27 90.82 90.29 90.26 90.31 90.37 90.30 90.30 90.21 90.25 90.30 90.29 90.17 90.16 90.08 90.13 90.11 90.14 89.96 89.84 89.59 89.76 89.80 89.57 89.79 89.74 89.93 90.13 90.08 90.06 89.75 89.23 89.12 89.04 89.29 88.98 88.80 88.97 88.67 89.20 89.90 90.14 90.12 90.21 90.28 90.36 90.50 90.54 90.58 90.64 90.66 90.69 90.73 90.76 90.80 90.84 90.92 90.97 91.00 91.06 91.03 90.94 90.98 90.92 90.89 90.83 90.79 90.75 90.72 90.70 90.67 90.64 90.53 90.17 89.56 88.89 88.24 88.20 88.81 89.69 89.90 90.00 90.07 90.16 90.30 90.37 90.43 90.48 90.52 90.55 90.56 90.57 90.61 90.63
90.69 90.68 90.71 90.71 90.71 90.72 90.72 90.74 90.74 90.74 90.74 90.75 90.75 90.75 90.76 90.75 90.65 90.51 90.43 90.41 90.35 90.30 90.14 90.14 90.24 89.51 89.18 88.82 88.26 87.88 87.45 87.31 86.75 86.46 85.96 86.02 86.64 87.60 87.65 87.64 87.88 88.01 88.18 88.20 88.36 88.54 88.74 88.96 88.85 88.23 88.85 88.98 89.04 89.31 89.43 89.57 89.78 89.84 89.96 90.30 90.14 90.39 90.43 90.48 90.54 90.54 90.59 90.61 90.62 90.67 90.68 90.67 90.69 90.70 90.69 90.72 90.66 90.68 90.70 90.68 90.68 90.65 90.56 90.63 90.50 90.43 90.34 90.25 90.31 90.35 90.36 90.33 90.29 90.26 90.41 90.32 90.26 90.18 90.14 90.25 90.07 90.10 90.18 90.16 90.01 89.98 89.70 89.70 89.83 89.69 89.64 89.60 89.94 90.06 90.02 90.01 89.65 89.28 89.47 89.48 89.41 89.89 89.09 88.94 89.42 89.25 89.65 90.22 90.18 90.28 90.37 90.48 90.51 90.58 90.62 90.66 90.70 90.74 90.81 90.87 90.92 90.99 91.18 91.08 91.14 91.17 91.14 91.09 91.06 91.00 90.91 90.87 90.92 90.78 90.78 90.75 90.71 90.68 90.60 90.50 90.21 89.99 89.82 89.79 89.55 89.20 90.09 90.10 90.15 90.22 90.05 90.62 90.50 90.31 90.58 90.50 90.61 90.62 90.63 90.68
90.73 90.60 90.71 90.71 90.73 90.73 90.73 90.74 90.74 90.75 90.75 90.76 90.76 90.76 90.78 90.78 90.76 90.66 90.49 90.29 90.34 90.33 90.35 90.31 89.83 89.33 89.04 88.65 88.37 87.66 87.28 86.96 86.53 86.14 85.83 85.95 86.57 87.48 87.83 87.93 88.10 88.26 88.34 88.42 88.31 88.53 88.53 88.38 88.36 88.51 88.85 89.11 89.16 89.08 89.37 89.69 89.82 89.88 89.85 89.90 89.88 89.90 90.19 90.47 90.47 90.58 90.61 90.62 90.63 90.66 90.68 90.73 90.72 90.72 90.71 90.74 90.73 90.74 90.74 90.69 90.73 90.72 90.67 90.59 90.54 90.46 90.38 90.32 90.40 90.34 90.34 90.22 90.32 90.32 90.32 90.26 90.28 90.17 90.25 90.27 90.02 89.98 90.11 89.91 90.27 89.79 89.84 89.64 89.83 89.42 89.22 89.45 89.81 89.92 89.83 89.60 89.58 89.71 89.52 89.92 89.82 89.90 89.84 89.40 89.66 90.01 90.07 90.25 90.33 90.43 90.46 90.53 90.57 90.61 90.65 90.69 90.75 90.83 90.91 90.96 91.05 91.10 91.16 91.21 91.30 91.20 91.16 91.13 91.10 90.95 90.99 90.94 90.89 90.82 90.77 90.81 90.79 90.74 90.70 90.67 90.60 90.54 90.50 90.41 90.23 89.91 90.33 90.25 90.22 90.30 90.33 90.49 90.55 90.58 90.61 90.64 90.65 90.68 90.70 90.72
90.76 90.74 90.74 90.73 90.74 90.73 90.74 90.74 90.74 90.75 90.76 90.76 90.76 90.76 90.79 90.77 90.79 90.77 90.65 89.86 90.23 90.30 90.25 89.96 89.15 89.32 89.01 88.62 88.10 87.47 86.90 86.28 85.71 85.44 85.27 85.22 85.66 86.34 87.48 88.14 88.35 88.43 88.50 88.47 87.77 88.01 88.66 88.86 88.57 88.45 88.84 88.73 88.56 88.75 89.22 89.68 89.86 89.95 89.96 89.99 90.00 89.97 90.18 90.46 90.56 90.59 90.61 90.61 90.63 90.66 90.67 90.73 90.71 90.74 90.75 90.78 90.77 90.80 90.78 90.75 90.75 90.73 90.74 90.59 90.55 90.48 90.46 90.43 90.39 90.41 90.27 90.29 90.31 90.37 90.43 90.24 90.26 90.21 90.27 90.21 90.20 90.17 90.15 90.11 90.08 89.89 89.75 90.11 89.71 89.29 89.86 89.39 89.45 89.36 89.25 89.18 89.43 89.58 89.68 90.07 90.10 90.04 90.31 90.23 90.17 90.29 90.30 90.33 90.41 90.46 90.52 90.57 90.59 90.64 90.67 90.74 90.80 90.90 91.00 91.08 91.11 91.16 91.27 91.33 91.37 91.34 91.26 91.24 91.13 91.11 91.03 90.89 90.94 90.86 90.85 90.83 90.81 90.77 90.77 90.73 90.71 90.66 90.64 90.63 90.58 90.55 90.49 90.40 90.35 90.37 90.37 90.46 90.48 90.60 90.63 90.65 90.68 90.72 90.75 90.77
90.80 90.75 90.75 90.73 90.75 90.74 90.75 90.75 90.74 90.75 90.76 90.76 90.77 90.76 90.76 90.76 90.75 90.74 90.73 90.27 90.26 90.20 90.05 89.80 89.32 89.37 89.04 88.65 88.17 87.18 86.10 85.33 84.62 84.19 84.19 84.56 84.95 85.09 86.08 87.38 88.28 88.64 88.68 88.65 88.55 88.39 88.54 88.70 88.84 89.19 88.56 88.41 88.25 88.07 88.69 89.36 89.83 89.92 89.94 89.93 89.98 89.94 90.29 90.48 90.55 90.59 90.60 90.62 90.63 90.67 90.68 90.71 90.73 90.77 90.78 90.81 90.85 90.84 90.84 90.80 90.82 90.80 90.78 90.76 90.70 90.66 90.65 90.60 90.53 90.62 90.39 90.36 90.30 90.29 90.35 90.30 90.32 90.38 90.25 90.33 90.27 90.34 90.22 90.38 90.27 90.23 90.03 89.92 89.80 89.54 89.41 89.31 89.31 89.10 89.12 89.11 89.29 89.80 90.34 90.24 90.16 90.06 90.16 90.10 90.30 90.34 90.36 90.38 90.47 90.51 90.55 90.60 90.63 90.66 90.73 90.79 90.83 90.95 91.04 91.16 91.21 91.31 91.39 91.40 91.42 91.44 91.39 91.31 91.28 91.18 91.13 91.08 91.04 90.96 91.02 90.99 90.89 90.81 90.81 90.76 90.72 90.70 90.64 90.62 90.57 90.56 90.51 90.46 90.43 90.43 90.42 90.49 90.47 90.64 90.65 90.67 90.72 90.73 90.76 90.77
90.77 90.76 90.77 90.75 90.67 90.76 90.76 90.71 90.76 90.76 90.75 90.76 90.74 90.75 90.75 90.74 90.74 90.76 90.71 90.59 90.06 90.00 90.10 89.85 89.84 89.45 89.20 88.86 88.00 86.59 85.28 84.18 83.50 83.41 83.09 83.34 84.54 84.78 85.22 86.46 87.90 88.69 88.83 88.79 88.51 88.61 88.43 87.57 88.64 88.70 88.67 88.48 88.10 87.80 88.18 88.92 89.56 89.78 89.88 89.86 90.11 90.13 90.16 90.39 90.56 90.60 90.61 90.62 90.65 90.68 90.71 90.74 90.75 90.80 90.83 90.86 90.89 90.91 90.92 90.99 90.86 90.86 90.85 90.83 90.79 90.68 90.71 90.65 90.57 90.56 90.53 90.43 90.43 90.42 90.40 90.34 90.30 90.28 90.40 90.35 90.36 90.59 90.36 90.22 90.43 90.17 90.10 90.07 89.97 89.98 89.78 89.42 90.13 89.26 89.30 89.65 89.47 89.69 90.30 90.32 90.33 90.32 90.33 90.37 90.38 90.40 90.43 90.48 90.50 90.55 90.59 90.63 90.65 90.71 90.76 90.83 90.90 90.97 91.11 91.14 91.35 91.44 91.47 91.47 91.46 91.48 91.41 91.39 91.32 91.36 91.23 91.20 91.11 91.09 91.06 91.03 90.99 90.86 90.77 90.78 90.73 90.71 90.66 90.62 90.58 90.58 90.55 90.52 90.50 90.49 90.47 90.40 90.15 90.65 90.66 90.67 90.72 90.76 90.77 90.76
90.77 90.77 90.78 90.78 90.77 90.76 90.75 90.76 90.75 90.75 90.75 90.76 90.75 90.76 90.74 90.75 90.74 90.68 90.65 90.58 90.46 90.36 90.24 90.13 89.93 89.70 89.49 88.94 87.94 86.40 84.95 84.08 83.78 83.70 83.00 83.38 84.42 84.99 85.57 86.83 88.10 88.78 88.87 88.82 88.15 88.71 88.52 88.15 88.47 88.36 88.37 88.21 88.20 88.34 88.59 88.80 89.33 89.76 89.77 89.73 89.97 90.15 90.16 90.36 90.52 90.62 90.63 90.61 90.66 90.70 90.72 90.77 90.80 90.83 90.89 90.94 90.96 90.98 90.99 90.99 90.97 90.96 90.92 91.02 91.01 90.83 90.76 90.74 90.67 90.68 90.56 90.66 90.59 90.53 90.55 90.44 90.39 90.49 90.33 90.41 90.62 90.62 90.60 90.29 90.39 90.05 89.93 90.19 90.22 90.13 90.01 90.11 90.44 90.32 89.91 90.05 90.37 89.93 90.36 90.33 90.35 90.34 90.42 90.44 90.46 90.44 90.49 90.50 90.55 90.60 90.62 90.64 90.68 90.72 90.81 90.88 90.98 91.03 91.21 91.29 91.36 91.47 91.49 91.48 91.47 91.44 91.46 91.43 91.40 91.33 91.28 91.29 91.28 91.20 91.13 91.06 91.00 90.95 90.87 90.81 90.75 90.70 90.67 90.64 90.59 90.60 90.58 90.56 90.56 90.52 90.35 90.43 90.35 90.62 90.66 90.70 90.71 90.76 90.76 90.78
90.77 90.79 90.79 90.78 90.77 90.77 90.76 90.76 90.75 90.76 90.75 90.77 90.76 90.77 90.74 90.74 90.71 90.67 90.60 90.51 90.43 90.36 90.27 90.17 90.04 89.90 89.66 89.37 88.58 87.42 86.04 84.96 84.46 84.31 84.21 84.35 84.93 85.33 87.15 88.35 88.99 89.17 89.01 88.96 88.99 88.47 88.77 88.06 88.43 88.46 88.36 88.51 87.85 88.42 89.03 88.90 89.10 89.60 89.82 90.04 90.02 90.06 90.17 90.37 90.52 90.63 90.66 90.67 90.70 90.73 90.78 90.81 90.88 90.92 91.12 90.97 91.03 91.00 91.04 91.05 91.03 91.03 90.96 90.98 91.01 90.88 90.85 90.76 90.74 90.76 90.72 90.70 90.70 90.66 90.60 90.52 90.48 90.45 90.56 90.59 90.64 90.62 90.48 90.59 90.47 90.58 90.53 90.57 90.08 90.04 89.91 90.38 90.00 89.86 90.42 90.43 90.39 90.35 90.36 90.41 90.42 90.42 90.51 90.60 90.50 90.50 90.51 90.57 90.61 90.62 90.61 90.67 90.68 90.74 90.81 90.93 91.02 91.04 91.19 91.31 91.40 91.46 91.43 91.34 91.47 91.43 91.40 91.34 91.45 91.26 91.28 91.26 91.22 91.19 91.19 91.11 91.03 91.00 90.85 90.81 90.75 90.70 90.65 90.64 90.62 90.61 90.58 90.59 90.59 90.55 90.48 90.43 90.31 90.61 90.70 90.70 90.75 90.76 90.78 90.79
90.81 90.81 90.79 90.79 90.79 90.78 90.77 90.76 90.76 90.77 90.77 90.75 90.75 90.74 90.74 90.71 90.67 90.62 90.55 90.49 90.41 90.35 90.28 90.22 90.16 90.08 89.95 89.74 89.30 88.54 87.91 87.41 87.24 85.68 85.01 84.85 85.50 86.94 87.97 88.79 89.19 89.36 89.35 89.44 89.57 89.69 89.74 89.52 88.80 88.36 87.90 88.36 89.05 88.99 88.99 89.24 89.83 89.69 89.84 90.09 90.17 90.29 90.35 90.44 90.53 90.65 90.66 90.71 90.74 90.78 90.80 90.89 90.93 90.99 90.98 91.08 91.08 91.08 91.14 91.15 91.06 91.09 91.07 91.05 91.01 90.98 90.88 90.91 90.86 90.78 90.78 90.81 90.74 90.71 90.70 90.68 90.59 90.55 90.64 90.64 90.54 90.48 90.43 90.61 90.49 90.58 90.59 90.60 90.45 90.36 90.15 90.42 90.36 90.32 90.44 90.38 90.33 90.42 90.44 90.46 90.45 90.50 90.52 90.56 90.56 90.58 90.59 90.59 90.63 90.64 90.66 90.67 90.73 90.77 90.89 90.98 91.07 91.16 91.21 91.30 91.38 91.46 91.45 91.46 91.44 91.37 91.40 91.41 91.38 91.37 91.30 91.34 91.30 91.16 91.20 91.17 91.09 90.97 90.82 90.78 90.75 90.68 90.65 90.64 90.63 90.63 90.62 90.62 90.62 90.61 90.58 90.51 90.39 90.64 90.65 90.67 90.73 90.79 90.79 90.81
90.81 90.81 90.80 90.79 90.78 90.78 90.77 90.77 90.75 90.78 90.77 90.76 90.76 90.74 90.71 90.69 90.63 90.59 90.54 90.49 90.41 90.38 90.33 90.30 90.25 90.20 90.11 90.05 89.91 89.68 89.42 89.29 89.30 89.24 88.26 88.05 88.68 88.99 89.08 89.14 89.32 89.41 89.40 89.47 89.64 89.78 89.79 89.76 88.77 88.46 88.95 89.32 89.85 89.60 89.70 90.05 89.87 90.22 89.88 90.07 90.22 90.33 90.44 90.54 90.62 90.67 90.70 90.73 90.80 90.81 90.89 90.95 90.98 91.03 91.05 91.04 90.99 90.92 91.15 91.16 91.13 91.17 91.12 91.11 91.06 91.04 91.03 91.00 90.94 90.90 90.86 90.84 90.83 90.80 90.73 90.75 90.70 90.67 90.67 90.68 90.65 90.64 90.69 90.62 90.56 90.61 90.53 90.54 90.59 90.49 90.42 90.48 90.49 90.52 90.53 90.36 90.45 90.47 90.49 90.53 90.53 90.55 90.59 90.56 90.61 90.61 90.61 90.62 90.65 90.66 90.70 90.72 90.76 90.80 91.10 91.12 91.07 91.13 91.22 91.28 91.36 91.44 91.44 91.41 91.42 91.39 91.37 91.37 91.31 91.38 91.35 91.33 91.26 91.25 91.25 91.14 91.04 90.93 90.86 90.65 90.68 90.73 90.68 90.68 90.66 90.65 90.66 90.64 90.65 90.65 90.64 90.60 90.62 90.64 90.66 90.72 90.73 90.77 90.79 90.81
90.82 90.81 90.81 90.79 90.80 90.80 90.79 90.79 90.77 90.77 90.78 90.76 90.75 90.72 90.69 90.66 90.61 90.58 90.54 90.49 90.45 90.42 90.39 90.35 90.29 90.25 90.22 90.18 90.14 90.08 90.02 89.96 89.89 89.83 89.73 89.76 89.78 89.76 89.57 89.45 89.44 89.57 89.55 89.36 89.51 89.67 89.70 89.69 90.05 89.08 90.36 90.44 90.48 90.36 90.35 90.08 90.11 90.12 90.30 90.15 90.34 90.43 90.53 90.61 90.64 90.71 90.76 90.81 90.82 90.93 90.93 90.98 91.04 91.05 91.07 91.08 91.11 91.17 91.20 91.20 91.21 91.17 91.17 91.14 91.13 91.10 91.10 91.02 91.00 90.98 90.95 90.90 90.83 90.80 90.78 90.79 90.75 90.76 90.75 90.74 90.67 90.71 90.63 90.68 91.91 90.85 90.56 90.63 90.61 90.55 90.52 90.55 90.53 90.53 90.48 90.56 90.54 90.56 90.58 90.56 90.57 90.58 90.61 90.61 90.61 90.63 90.62 90.64 90.66 90.68 90.72 90.76 90.80 90.87 91.04 91.09 91.06 91.16 91.17 91.27 91.33 91.37 91.41 91.41 91.38 91.39 91.37 91.37 91.33 91.26 91.36 91.29 91.22 91.18 91.17 91.05 90.99 90.90 90.86 90.70 90.63 90.75 90.71 90.70 90.70 90.69 90.69 90.69 90.67 90.68 90.67 90.67 90.57 90.63 90.74 90.73 90.73 90.80 90.84 90.80
90.82 90.82 90.81 90.81 90.81 90.81 90.78 90.78 90.78 90.78 90.77 90.74 90.72 90.70 90.67 90.63 90.59 90.55 90.53 90.49 90.43 90.44 90.40 90.36 90.34 90.31 90.28 90.25 90.22 90.19 90.15 90.10 90.03 90.00 89.99 90.00 89.93 89.89 89.77 89.66 89.61 89.64 89.69 89.74 89.69 89.83 90.00 90.16 90.35 90.40 90.45 90.48 90.52 90.54 90.54 90.44 90.23 90.18 90.27 90.41 90.47 90.55 90.61 90.70 90.71 90.75 90.79 90.85 90.92 90.96 91.04 91.09 91.13 91.13 91.16 91.18 91.19 91.14 91.31 91.36 91.23 91.22 91.25 91.09 91.19 91.15 91.08 91.07 91.10 91.04 91.03 90.99 90.94 90.89 90.85 90.83 90.80 90.75 90.83 90.76 90.75 90.75 90.64 91.48 91.99 90.71 90.51 90.64 90.63 90.60 90.60 90.59 90.59 90.60 90.63 90.59 90.61 90.60 90.62 90.62 90.62 90.63 90.62 90.62 90.63 90.63 90.62 90.65 90.67 90.69 90.71 90.76 90.82 90.87 90.96 90.97 91.09 91.13 91.21 91.26 91.31 91.34 91.41 91.39 91.40 91.39 91.34 91.38 91.36 91.32 91.30 91.23 91.23 91.12 91.00 91.02 90.97 90.90 90.86 90.83 90.79 90.77 90.75 90.73 90.72 90.73 90.71 90.72 90.70 90.69 90.69 90.70 90.68 90.73 90.74 90.71 90.74 90.80 90.84 90.84
90.82 90.81 90.83 90.83 90.82 90.81 90.80 90.79 90.78 90.75 90.76 90.74 90.71 90.68 90.65 90.60 90.55 90.55 90.54 90.51 90.48 90.46 90.43 90.41 90.38 90.36 90.33 90.30 90.28 90.25 90.21 90.20 90.15 90.13 90.14 90.12 90.11 90.05 89.95 89.87 89.81 89.81 89.86 89.91 90.02 90.14 90.21 90.30 90.37 90.44 90.49 90.51 90.54 90.56 90.57 90.59 90.42 90.47 90.38 90.55 90.67 90.70 90.73 90.75 90.78 90.83 90.92 90.97 91.02 91.05 91.15 91.18 91.19 91.21 91.24 91.28 91.29 91.27 91.32 91.30 91.26 91.30 91.27 91.29 91.24 91.32 91.28 91.17 91.16 91.08 91.09 91.06 91.00 90.97 90.91 90.86 90.88 91.01 90.82 90.81 90.76 90.76 90.73 90.69 90.62 90.62 90.62 90.68 90.65 90.66 90.65 90.65 90.63 90.65 90.65 90.64 90.66 90.68 90.65 90.67 90.65 90.64 90.62 90.63 90.64 90.63 90.63 90.65 90.67 90.68 90.73 90.77 90.81 90.86 90.85 90.94 91.00 91.09 91.10 91.16 91.17 91.23 91.24 91.30 91.32 91.32 91.29 91.29 91.22 91.22 91.23 91.22 91.12 91.04 91.00 90.94 90.96 90.90 90.87 90.83 90.81 90.78 90.76 90.75 90.75 90.74 90.75 90.74 90.68 90.71 90.69 90.72 90.72 90.72 90.73 90.77 90.81 90.81 90.84 90.85
90.86 90.85 90.83 90.80 90.81 90.77 90.78 90.79 90.78 90.76 90.75 90.73 90.71 90.68 90.67 90.61 91.19 90.53 90.55 90.53 90.51 90.49 90.47 90.46 90.43 90.40 90.37 90.34 90.32 90.30 90.28 90.27 90.25 90.25 90.24 90.24 90.21 90.18 90.15 90.10 90.04 90.05 90.02 90.05 90.12 90.22 90.31 90.48 90.48 90.52 90.54 90.54 90.64 90.58 90.60 90.63 90.65 90.66 90.71 90.74 90.77 90.80 90.87 90.90 90.96 91.02 91.04 91.09 91.12 91.17 91.23 91.26 91.27 91.31 91.33 91.31 91.33 91.33 91.36 91.41 91.30 91.32 91.35 91.31 91.37 91.30 91.23 91.22 91.16 91.16 91.14 91.12 91.07 91.02 90.94 90.92 90.92 90.90 90.87 90.83 90.81 90.79 90.76 90.76 90.74 90.71 90.70 90.70 90.70 90.69 90.69 90.69 90.68 90.70 90.68 90.70 90.72 90.72 90.71 90.70 90.67 90.66 90.65 90.64 90.63 90.63 90.66 90.68 90.68 90.69 90.73 90.76 90.79 90.80 90.85 90.91 90.96 91.01 91.02 91.06 91.09 91.13 91.14 91.19 91.20 91.18 91.19 91.19 91.07 91.08 91.13 91.07 91.05 90.98 90.95 90.97 90.88 90.92 90.89 90.82 90.79 90.79 90.77 90.78 90.75 90.76 90.75 90.72 90.72 90.73 90.74 90.70 90.71 90.71 90.75 90.88 90.82 90.85 90.87 90.89
90.87 90.87 90.86 90.84 90.85 90.81 90.79 90.78 90.78 90.78 90.74 90.72 90.72 90.69 90.67 90.65 90.57 90.58 90.56 90.56 90.54 90.52 90.50 90.48 90.47 90.45 90.42 90.40 90.40 90.37 90.36 90.34 90.33 90.33 90.32 90.32 90.31 90.30 90.29 90.23 90.22 90.19 90.19 90.20 90.25 90.32 90.39 90.44 90.51 90.53 90.56 90.57 90.59 90.61 90.64 90.67 90.70 90.74 90.78 90.82 90.92 90.96 90.99 91.03 91.07 91.10 91.14 91.19 91.22 91.28 91.29 91.56 91.37 91.38 91.39 91.41 91.41 91.39 91.40 91.39 91.38 91.45 91.35 91.36 91.09 91.82 91.28 91.25 91.24 91.20 91.21 91.14 91.10 91.07 91.05 90.99 90.99 90.93 90.91 90.84 90.84 90.82 90.78 90.75 90.74 90.74 90.74 90.72 90.74 90.73 90.72 90.74 90.76 90.75 90.75 90.76 90.78 90.76 90.74 90.71 90.69 90.69 90.68 90.66 90.66 90.67 90.66 90.67 90.69 90.70 90.73 90.74 90.78 90.78 90.80 90.83 90.91 90.94 90.96 90.94 91.02 91.00 91.06 91.11 91.12 91.10 91.08 91.10 91.08 91.04 91.06 91.04 91.04 91.03 90.96 90.98 90.93 90.94 90.92 90.86 90.83 90.83 90.80 90.79 90.78 90.76 90.76 90.75 90.72 90.75 90.74 90.73 90.78 90.76 90.76 90.80 90.84 90.84 90.86 90.87
90.87 90.88 90.87 90.83 90.85 90.85 90.78 90.81 90.81 90.81 90.79 90.76 90.74 90.72 90.69 90.66 90.66 90.63 90.61 90.59 90.58 90.56 90.53 90.52 90.51 90.50 90.49 90.48 90.46 90.45 90.44 90.42 90.41 90.41 90.42 90.41 90.40 90.40 90.38 90.35 90.33 90.33 90.33 90.37 90.40 90.45 90.48 90.51 90.55 90.57 90.59 90.62 90.64 90.66 90.69 90.72 90.75 90.80 90.84 90.93 91.04 91.00 91.13 91.16 91.18 91.21 91.26 91.29 91.31 91.32 91.37 91.37 91.39 91.43 91.45 91.45 91.43 91.47 91.50 91.49 91.44 91.43 91.43 91.40 91.39 91.37 91.35 91.34 91.31 91.24 91.19 91.21 91.14 91.14 91.03 91.06 91.04 91.00 90.92 90.90 90.86 90.84 90.83 90.81 90.81 90.80 90.76 90.77 90.77 90.78 90.80 90.81 90.81 90.81 90.79 90.80 90.80 90.80 90.76 90.74 90.73 90.72 90.69 90.69 90.67 90.68 90.67 90.68 90.69 90.70 90.72 90.72 90.76 90.81 90.79 90.76 90.82 90.84 90.84 90.90 90.95 90.90 90.97 91.01 91.01 90.98 91.01 91.00 91.00 91.00 91.00 91.01 91.00 90.97 90.97 90.99 90.97 90.92 90.92 90.88 90.90 90.85 90.83 90.80 90.79 90.78 90.74 90.74 90.74 90.76 90.77 90.77 90.79 90.79 90.80 90.81 90.84 90.89 90.83 90.86
90.88 90.88 90.88 90.88 90.87 90.89 90.85 90.83 90.84 90.80 90.78 90.78 90.76 90.74 90.72 90.70 90.68 90.66 90.65 90.63 90.61 90.60 90.59 90.57 90.56 90.55 90.54 90.53 90.52 90.52 90.51 90.50 90.50 90.50 90.49 90.49 90.48 90.48 90.48 90.54 90.47 90.47 90.47 90.49 90.50 90.52 90.53 90.56 90.60 90.62 90.63 90.68 90.71 90.74 90.77 90.81 90.85 90.91 90.97 91.01 91.10 91.19 91.23 91.26 91.31 91.55 91.28 91.39 91.41 91.42 91.47 91.41 91.46 91.53 91.57 91.55 91.54 91.55 91.50 91.53 91.50 91.51 91.48 91.49 91.45 91.43 91.39 91.36 91.32 91.29 91.25 91.23 91.21 91.16 91.15 91.15 91.07 91.02 91.01 90.95 90.93 90.91 90.86 90.86 90.85 90.86 90.82 90.84 90.83 90.86 90.85 90.86 90.87 90.87 90.83 90.86 90.83 90.83 90.82 90.77 90.79 90.77 90.70 90.72 90.71 90.70 90.68 90.68 90.69 90.70 90.70 90.72 90.73 90.65 90.74 90.78 90.79 90.78 90.83 90.85 90.88 90.82 90.92 90.94 90.94 90.89 90.93 90.92 90.95 90.97 90.95 90.97 90.95 90.92 90.95 90.96 90.93 90.92 90.92 90.89 90.87 90.88 90.85 90.84 90.82 90.77 90.80 90.79 90.77 90.79 90.78 90.80 90.81 90.81 90.84 90.84 90.83 90.87 90.87 90.84
90.94 90.89 90.88 91.28 90.89 90.90 90.90 90.89 90.87 90.86 90.83 90.80 90.79 90.77 90.76 90.75 90.73 90.72 90.68 90.65 90.61 90.65 90.63 90.62 90.61 90.61 90.59 90.59 90.59 90.58 90.57 90.56 90.56 90.55 90.54 90.54 90.53 90.53 90.53 90.53 90.53 90.54 90.55 90.56 90.58 90.59 90.61 90.62 90.66 90.68 90.73 90.76 90.80 90.85 90.92 90.96 91.00 91.06 91.12 91.14 91.19 91.26 91.33 91.39 91.39 91.41 91.49 91.48 91.48 91.48 91.51 91.49 91.53 91.53 91.55 91.59 91.57 91.53 91.53 91.56 91.55 91.55 91.50 91.47 91.45 91.33 91.35 91.33 91.33 91.31 91.30 91.25 91.19 91.17 91.19 91.07 91.05 91.05 91.03 91.00 90.99 90.95 90.92 90.92 90.93 90.92 90.91 90.92 90.91 90.90 90.93 90.92 90.94 90.91 90.90 90.89 90.88 90.85 90.87 90.84 90.81 90.80 90.80 90.77 90.75 90.74 90.72 90.71 90.70 90.70 90.70 90.72 90.73 90.73 90.75 90.77 90.78 90.78 90.81 90.78 90.84 90.79 90.86 90.88 90.84 90.90 90.89 90.90 90.92 90.92 90.91 90.91 90.95 90.95 90.95 90.93 90.93 90.91 90.93 90.93 90.91 90.89 90.90 90.88 90.83 90.85 90.85 90.85 90.80 90.82 90.82 90.83 90.81 90.85 90.88 90.90 90.88 90.90 90.91 90.92
90.96 91.00 90.96 90.99 90.98 90.96 90.95 90.96 90.86 90.90 90.87 90.86 90.86 90.85 90.93 90.80 90.78 90.77 90.74 90.75 90.74 90.71 90.71 90.70 90.69 90.68 90.65 90.66 90.65 90.65 90.63 90.62 90.62 90.61 90.60 90.59 90.59 90.59 90.58 90.58 90.59 90.60 90.61 90.63 90.65 90.67 90.69 90.72 90.74 90.77 90.80 90.81 90.90 90.99 91.06 91.14 91.21 91.29 91.32 91.34 91.35 91.41 91.44 91.44 91.50 91.52 91.53 91.49 91.52 91.56 91.51 91.52 91.57 91.58 91.58 91.60 91.60 91.57 91.58 91.58 91.59 91.56 91.53 91.39 92.06 93.33 91.12 91.32 91.37 91.32 91.34 91.26 91.27 91.19 91.18 91.15 91.11 91.09 91.09 91.07 91.03 91.03 91.01 90.96 90.99 90.95 90.94 90.96 90.96 90.95 90.97 90.97 90.99 90.96 90.91 90.91 90.96 90.91 90.89 90.92 90.90 90.86 90.85 90.80 90.79 90.75 90.76 90.74 90.73 90.71 90.73 90.72 90.72 90.73 90.75 90.74 90.76 90.77 90.76 90.78 90.80 90.80 90.82 90.83 90.81 90.86 90.85 90.87 90.86 90.87 90.89 90.90 90.90 90.92 90.87 90.93 90.92 90.95 90.94 90.94 90.91 90.90 90.94 90.93 90.89 90.94 90.93 90.87 90.91 90.88 90.93 90.92 90.91 90.91 90.91 90.94 90.90 90.91 90.98 90.86
91.04 91.04 91.06 91.04 91.03 91.07 91.04 91.01 91.03 91.00 90.94 90.94 90.96 90.91 90.92 90.89 90.88 90.86 90.85 90.84 90.79 90.80 90.77 90.76 90.75 90.73 90.75 90.74 90.72 90.71 90.70 90.68 90.68 90.66 90.74 90.64 90.64 90.64 90.64 90.65 90.65 90.67 90.69 90.70 90.72 90.75 90.78 90.82 90.85 90.90 90.97 91.05 91.11 91.19 91.28 91.35 91.44 91.50 91.56 91.62 91.64 91.63 91.59 91.56 91.57 91.57 91.55 91.57 91.61 91.59 91.61 91.61 91.59 91.63 91.63 91.61 91.60 91.55 91.63 91.61 91.60 91.57 91.50 91.47 91.47 91.40 91.39 91.39 91.37 91.38 91.34 91.30 91.29 91.24 91.22 91.18 91.16 91.14 91.12 91.07 91.04 91.06 91.05 91.00 91.01 91.01 91.01 90.99 90.97 90.93 90.95 91.01 91.03 91.00 90.98 90.99 90.94 90.97 90.96 90.95 90.93 90.88 90.89 90.87 90.84 90.82 90.81 90.78 90.76 90.75 90.74 90.72 90.73 90.73 90.71 90.75 90.75 90.76 90.70 90.77 90.79 90.81 90.81 90.80 90.81 90.81 90.78 90.84 90.84 90.86 90.85 90.90 90.89 90.91 90.92 90.92 90.93 90.94 90.95 90.97 90.91 90.92 90.92 90.95 90.94 90.94 90.99 90.99 90.99 90.97 90.99 90.97 91.00 90.99 90.95 90.97 90.98 91.03 91.02 91.03
91.04 91.12 91.12 91.10 91.11 91.11 91.10 91.11 91.06 91.12 91.07 91.06 91.04 91.05 90.98 90.95 90.95 90.99 90.99 90.95 90.95 90.94 90.92 90.91 90.86 90.85 90.76 90.83 90.82 90.78 90.81 90.76 90.77 90.74 90.72 90.71 90.71 90.71 90.72 90.72 90.73 90.76 90.78 90.80 90.83 90.87 90.95 91.02 91.10 91.16 91.21 91.25 91.28 91.34 91.39 91.46 91.50 91.52 91.58 91.60 91.60 91.61 91.60 91.60 91.58 91.60 91.61 91.62 91.60 91.63 91.64 91.62 91.66 91.65 91.59 91.63 91.62 91.59 91.60 91.58 91.55 91.54 91.56 91.52 91.45 91.46 91.40 91.37 91.36 91.34 91.33 91.30 91.26 91.25 91.25 91.17 91.18 91.17 91.15 91.13 91.12 91.12 91.10 91.06 91.06 91.09 91.07 91.05 91.04 91.06 90.97 90.99 91.03 91.02 91.04 91.02 90.99 91.00 90.99 90.95 90.93 90.94 90.92 90.91 90.86 90.85 90.84 90.83 90.82 90.80 90.79 90.77 90.76 90.75 90.74 90.72 90.74 90.76 90.77 90.77 90.78 90.78 90.79 90.79 90.79 90.80 90.81 90.82 90.82 90.82 90.85 90.84 90.86 90.89 90.92 90.94 90.92 90.95 91.01 90.99 90.97 90.97 90.97 91.01 91.00 91.03 91.03 91.06 91.04 91.03 91.02 91.06 91.07 91.08 91.13 91.11 91.09 91.10 91.08 91.06
91.17 91.21 91.23 91.19 91.16 91.19 91.45 91.13 91.18 91.18 91.12 91.14 91.15 91.12 91.16 91.17 91.16 91.12 91.18 91.07 91.03 91.08 91.07 91.05 91.01 90.99 90.95 90.92 90.93 90.88 90.89 90.90 90.90 90.84 90.88 90.89 90.85 90.85 90.86 90.88 90.86 90.92 90.95 90.97 91.02 91.05 91.11 91.18 91.22 91.28 91.33 91.37 91.38 91.37 91.41 91.42 91.44 91.47 91.49 91.50 91.48 91.52 91.52 91.54 91.61 91.58 91.59 91.61 91.66 91.62 91.65 91.63 91.62 91.65 91.61 91.58 91.59 91.61 91.59 91.56 91.54 91.53 91.52 91.48 91.45 91.44 91.42 91.41 91.38 91.33 91.28 91.25 91.27 91.28 91.23 91.23 91.20 91.19 91.18 91.16 91.13 91.10 91.09 91.08 91.10 91.11 91.10 91.08 91.08 91.07 91.10 91.06 91.05 91.05 91.02 91.04 91.01 91.00 90.96 90.99 90.94 90.97 90.95 90.90 90.90 90.90 90.89 90.88 90.86 90.84 90.82 90.82 90.81 90.80 90.78 90.78 90.77 90.76 90.75 90.75 90.74 90.73 90.74 90.75 90.77 90.78 90.80 90.80 90.83 90.83 90.85 90.85 90.86 90.87 90.90 90.90 90.95 90.98 91.00 91.02 91.03 91.00 91.05 91.06 91.07 91.10 91.09 91.10 91.05 91.12 91.12 91.11 91.08 91.13 91.14 91.16 91.20 91.13 91.17 91.16
91.28 91.31 91.31 91.28 91.25 91.32 91.33 91.30 91.30 91.32 91.35 91.30 91.31 91.25 91.35 91.28 91.26 91.25 91.21 91.21 91.23 91.11 91.12 91.15 91.10 91.15 91.10 91.27 91.17 91.12 91.15 91.08 91.05 91.03 90.99 91.03 91.00 91.01 91.03 91.07 91.09 91.12 91.15 91.17 91.21 91.24 91.26 91.28 91.31 91.34 91.39 91.46 91.44 91.44 91.44 91.44 91.42 91.42 91.40 91.43 91.45 91.47 91.49 91.49 91.52 91.55 91.57 91.56 91.56 91.57 91.62 91.65 91.64 91.59 91.62 91.63 91.63 91.59 91.56 91.51 91.52 91.49 91.47 91.45 91.46 91.45 91.42 91.40 91.37 91.36 91.33 91.24 91.25 91.25 91.24 91.18 91.19 91.19 91.17 91.18 91.15 91.15 91.13 91.08 91.11 91.12 91.09 91.07 91.07 91.04 91.07 91.07 91.09 91.08 91.06 91.08 91.08 91.04 91.00 90.97 90.99 91.01 91.00 90.95 90.94 90.93 90.91 90.92 90.88 90.87 90.85 90.84 90.84 90.83 90.83 90.82 90.81 90.80 90.79 90.80 90.80 90.81 90.81 90.82 90.83 90.83 90.84 90.85 90.86 90.87 90.87 90.90 90.90 90.92 90.92 90.92 90.98 91.00 91.02 91.01 91.06 91.06 91.05 91.09 91.13 91.15 91.12 91.15 91.19 91.21 91.01 91.75 91.09 90.76 91.19 91.22 91.28 91.27 91.19 91.24
91.33 91.38 91.34 91.37 91.37 91.43 91.35 91.39 91.40 91.39 91.42 91.37 91.38 91.42 91.37 91.40 91.40 91.30 91.35 91.37 91.34 91.39 91.41 91.45 91.37 91.28 91.29 91.29 91.17 91.21 91.22 91.19 91.25 91.27 91.31 91.23 91.20 91.21 91.17 91.23 91.22 91.24 91.29 91.29 91.29 91.26 91.31 91.34 91.36 91.41 91.44 91.45 91.45 91.46 91.47 91.53 91.46 91.45 91.47 91.48 91.52 91.55 91.57 91.57 91.58 91.56 91.54 91.56 91.58 91.54 91.60 91.60 91.60 91.60 91.59 91.61 91.57 91.57 91.52 91.53 91.49 91.49 91.45 91.53 91.43 91.40 91.37 91.35 91.34 91.34 91.31 91.30 91.28 91.25 91.25 91.24 91.28 91.19 91.17 91.16 91.15 91.15 91.14 91.12 91.13 91.13 91.13 91.11 91.08 91.11 91.09 91.08 91.10 91.09 91.09 91.07 91.06 91.07 91.03 91.03 91.02 91.01 90.98 91.02 91.01 91.00 90.95 90.94 90.94 90.90 90.93 90.91 90.91 90.90 90.87 90.88 90.86 90.86 90.86 90.86 90.86 90.88 90.88 90.84 90.87 90.89 90.90 90.91 90.89 90.89 90.91 90.93 90.94 90.95 90.97 90.98 90.99 91.03 91.05 91.07 91.08 91.11 91.12 91.16 91.17 91.17 91.17 91.19 91.21 91.24 91.24 91.27 91.24 91.36 91.36 91.38 91.38 91.38 91.35 91.31
91.45 91.39 91.27 91.21 91.28 91.42 91.37 91.19 91.20 91.39 91.44 91.44 91.46 91.43 91.43 91.34 91.23 91.26 91.18 91.34 91.24 91.29 91.51 91.65 91.43 91.34 91.33 91.39 91.35 91.34 91.33 91.33 91.36 91.32 91.17 91.31 91.26 91.30 91.28 91.27 91.35 91.33 91.30 91.30 91.34 91.38 91.40 91.42 91.44 91.46 91.47 91.49 91.43 91.53 91.54 91.57 91.58 91.58 91.58 91.58 91.60 91.28 91.29 91.48 91.55 91.54 91.54 91.55 91.51 91.51 91.55 91.56 91.56 91.56 91.54 91.54 91.53 91.53 91.55 91.54 91.52 91.47 91.46 91.44 91.44 91.41 91.35 91.34 91.38 91.35 91.36 91.34 91.30 91.25 91.25 91.26 91.26 91.25 91.23 91.21 91.20 91.20 91.17 91.21 91.17 91.16 91.16 91.15 91.14 91.13 91.13 91.12 91.10 91.07 91.07 91.07 91.09 91.05 91.05 91.01 91.03 91.04 91.04 91.04 91.03 91.04 91.02 91.01 90.99 90.97 90.98 90.96 90.94 90.91 90.82 90.89 90.92 90.93 90.94 90.93 90.91 90.92 90.91 90.91 90.92 90.92 90.94 90.93 90.94 90.92 90.95 90.97 90.97 90.99 91.01 91.02 91.04 91.05 91.04 91.07 91.08 91.11 91.16 91.18 91.19 91.20 91.22 91.26 91.26 91.24 91.28 91.25 91.28 91.31 91.30 91.40 91.45 91.44 91.39 91.43
91.33 91.27 91.27 91.32 91.33 91.31 91.29 91.29 91.31 91.30 91.30 91.23 91.35 91.32 91.34 91.38 91.39 91.41 91.41 91.38 91.37 91.42 91.41 91.43 91.45 91.47 91.42 91.31 91.35 91.29 91.32 91.33 91.35 91.36 91.34 91.37 91.35 91.39 91.38 91.38 91.39 91.40 91.40 91.38 91.35 91.37 91.38 91.40 91.42 91.46 91.50 91.49 91.51 91.53 91.55 91.56 91.54 91.57 91.61 91.60 91.63 91.64 91.64 91.65 91.62 91.62 91.66 91.63 91.58 91.56 91.53 91.51 91.47 91.49 91.49 91.41 91.39 91.41 91.47 91.48 91.43 91.46 91.38 91.16 91.29 91.45 90.96 91.04 91.31 90.79 90.93 91.16 91.04 90.88 91.09 90.81 90.88 91.13 91.03 90.92 90.96 90.97 91.01 91.17 91.18 91.15 91.16 91.16 91.17 91.15 91.14 91.14 91.13 91.12 91.10 91.11 91.09 91.09 91.08 91.00 91.23 90.98 91.06 91.04 91.03 91.04 91.03 91.01 91.01 91.01 91.01 91.01 91.00 91.01 91.00 91.00 91.01 91.01 90.99 91.00 90.99 90.97 90.95 90.96 90.96 90.93 90.90 90.91 90.93 90.96 90.97 90.96 91.00 91.02 91.02 91.06 91.05 91.08 91.07 91.08 91.10 91.13 91.14 91.18 91.19 91.22 91.21 91.20 91.22 91.28 91.28 91.30 91.30 91.32 91.33 91.30 91.30 91.37 91.36 91.35
90.95 90.95 90.97 90.99 90.97 90.97 90.98 90.98 90.98 90.99 91.00 91.01 91.02 91.04 91.05 91.06 91.07 91.08 91.08 91.09 91.09 91.11 91.12 91.14 91.15 91.18 91.22 91.26 91.26 91.30 91.34 91.29 91.30 91.38 91.15 91.15 91.07 91.19 90.93 90.99 91.09 91.13 91.33 91.33 91.34 91.38 91.42 91.40 91.31 91.29 91.07 91.05 90.97 91.06 91.29 91.14 91.15 91.14 91.12 91.16 91.42 91.33 91.36 91.37 91.40 91.43 91.48 91.31 91.23 91.10 91.11 91.13 90.91 91.02 90.94 90.84 90.77 90.82 90.77 90.71 90.70 90.63 90.64 90.61 90.61 90.63 90.57 90.57 90.57 90.55 90.57 90.59 90.53 90.53 90.60 90.55 90.56 90.52 90.52 90.52 90.60 90.62 90.62 90.61 90.62 90.64 90.57 90.81 90.80 91.00 90.97 90.77 90.83 91.07 90.93 90.97 90.88 90.91 91.01 90.80 90.82 90.79 90.81 90.82 90.91 91.04 90.85 90.87 90.88 90.88 90.89 90.88 90.88 90.89 90.90 90.91 90.95 90.99 91.03 91.03 91.04 91.04 91.04 91.03 91.04 91.02 91.02 91.04 91.04 91.07 91.07 91.08 91.09 91.10 91.10 91.09 91.09 91.11 91.12 91.10 91.11 91.12 91.13 91.14 91.14 91.14 91.12 91.11 91.10 91.07 91.03 91.04 91.03 91.03 91.02 91.00 90.98 90.96 90.95 90.95
90.82 90.82 90.82 90.82 90.82 90.82 90.82 90.83 90.83 90.84 90.85 90.86 90.87 90.88 90.88 90.90 90.92 90.92 90.96 90.96 90.97 90.98 90.98 90.97 90.97 90.94 91.01 90.99 90.99 90.77 90.75 90.69 90.75 90.78 90.70 90.76 90.68 90.69 90.69 90.67 90.64 90.67 90.62 90.60 90.60 90.64 90.63 90.62 90.64 90.66 90.69 90.73 90.79 90.82 90.71 90.74 90.69 90.66 90.66 90.69 90.66 90.86 90.83 91.14 91.22 91.31 91.38 91.43 91.42 91.26 91.13 90.98 90.87 90.80 90.77 90.72 90.69 90.66 90.65 90.64 90.63 90.61 90.60 90.59 90.58 90.56 90.56 90.55 90.54 90.54 90.54 90.54 90.54 90.53 90.52 90.52 90.51 90.51 90.50 90.50 90.50 90.49 90.48 90.48 90.47 90.47 90.47 90.46 90.47 90.49 90.52 90.56 90.55 90.57 90.53 90.56 90.61 90.62 90.59 90.57 90.55 90.56 90.62 90.58 90.59 90.56 90.59 90.59 90.57 90.59 90.56 90.56 90.59 90.63 90.61 90.61 90.62 90.58 90.60 90.61 90.64 90.72 90.74 90.78 90.90 90.88 91.00 91.08 91.09 91.08 91.06 91.05 91.05 91.06 91.08 91.09 91.08 91.08 91.05 91.03 91.02 91.02 91.01 90.99 90.98 90.97 90.95 90.93 90.93 90.92 90.90 90.90 90.88 90.87 90.87 90.86 90.84 90.83 90.82 90.82
90.91 90.85 90.90 90.96 91.00 91.10 90.70 90.67 90.75 90.82 90.63 90.70 90.66 90.64 90.68 90.73 90.56 90.53 90.52 90.52 90.52 90.57 90.68 90.61 90.62 90.65 90.72 90.66 90.66 90.71 90.71 90.49 90.51 90.57 90.51 90.49 90.49 90.49 90.49 90.50 90.49 90.52 90.50 90.49 90.50 90.48 90.47 90.47 90.47 90.50 90.50 90.50 90.51 90.55 90.55 90.53 90.53 90.54 90.55 90.56 90.57 90.55 90.58 90.56 90.55 90.55 90.61 90.61 90.71 90.79 90.84 90.92 90.82 90.81 90.81 90.88 90.95 91.04 91.08 91.08 91.09 91.04 90.88 90.77 90.68 90.66 90.68 90.70 90.73 90.83 91.04 91.07 90.59 90.54 90.54 90.56 90.55 90.54 90.51 90.50 90.49 90.51 90.49 90.48 90.47 90.47 90.46 90.46 90.46 90.45 90.45 90.45 90.45 90.45 90.45 90.46 90.46 90.46 90.46 90.46 90.46 90.47 90.47 90.47 90.46 90.46 90.46 90.46 90.46 90.46 90.46 90.46 90.46 90.46 90.47 90.47 90.48 90.48 90.48 90.52 90.48 90.48 90.48 90.55 90.55 90.56 90.58 90.65 90.58 90.54 90.57 90.54 90.61 90.63 90.68 90.74 90.62 90.67 90.71 90.73 90.72 90.67 90.70 90.80 90.76 90.80 90.86 90.99 90.88 91.02 90.90 90.82 90.79 90.76 90.79 90.85 90.90 90.80 90.82 90.84
90.41 90.44 90.43 90.43 90.45 90.43 90.44 90.43 90.40 90.40 90.40 90.40 90.41 90.42 90.41 90.39 90.39 90.39 90.39 90.39 90.39 90.41 90.41 90.37 90.37 90.37 90.38 90.38 90.39 90.39 90.40 90.38 90.37 90.38 90.37 90.35 90.34 90.34 90.34 90.34 90.35 90.35 90.36 90.36 90.35 90.33 90.32 90.32 90.33 90.34 90.34 90.34 90.34 90.34 90.36 90.38 90.38 90.39 90.40 90.40 90.39 90.38 90.38 90.38 90.37 90.37 90.37 90.37 90.38 90.39 90.42 90.48 90.49 90.47 90.46 90.45 90.47 90.45 90.45 90.46 90.44 90.43 90.43 90.43 90.44 90.43 90.44 90.46 90.44 90.45 90.42 90.41 90.42 90.41 90.39 90.39 90.40 90.40 90.41 90.40 90.39 90.38 90.38 90.39 90.39 90.37 90.37 90.36 90.36 90.35 90.35 90.36 90.35 90.35 90.35 90.36 90.36 90.37 90.36 90.39 90.35 90.36 90.36 90.37 90.39 90.41 90.38 90.37 90.39 90.39 90.40 90.38 90.35 90.35 90.35 90.35 90.35 90.36 90.38 90.38 90.38 90.39 90.39 90.38 90.39 90.39 90.40 90.39 90.38 90.36 90.38 90.36 90.38 90.38 90.35 90.36 90.36 90.41 90.39 90.41 90.39 90.43 90.43 90.44 90.44 90.45 90.43 90.42 90.43 90.43 90.43 90.44 90.45 90.45 90.45 90.45 90.44 90.45 90.46 90.43
90.29 90.28 90.28 90.29 90.29 90.27 90.27 90.26 90.26 90.26 90.26 90.25 90.25 90.25 90.25 90.25 90.25 90.25 90.25 90.25 90.25 90.25 90.25 90.25 90.25 90.25 90.25 90.24 90.24 90.23 90.23 90.22 90.22 90.22 90.22 90.22 90.21 90.21 90.21 90.21 90.21 90.21 90.21 90.21 90.21 90.21 90.21 90.21 90.21 90.21 90.21 90.21 90.22 90.22 90.23 90.23 90.24 90.24 90.24 90.24 90.24 90.25 90.25 90.25 90.25 90.26 90.26 90.26 90.26 90.26 90.26 90.26 90.27 90.27 90.27 90.28 90.28 90.28 90.29 90.29 90.29 90.29 90.29 90.29 90.29 90.29 90.29 90.29 90.29 90.29 90.29 90.29 90.30 90.30 90.29 90.29 90.28 90.29 90.30 90.31 90.30 90.28 90.28 90.28 90.28 90.28 90.27 90.27 90.27 90.26 90.26 90.26 90.26 90.26 90.26 90.25 90.25 90.25 90.25 90.25 90.25 90.25 90.25 90.25 90.25 90.25 90.25 90.25 90.24 90.24 90.24 90.24 90.24 90.24 90.23 90.23 90.23 90.22 90.22 90.22 90.22 90.22 90.22 90.22 90.22 90.21 90.22 90.22 90.22 90.22 90.22 90.23 90.23 90.23 90.24 90.24 90.25 90.25 90.25 90.24 90.24 90.25 90.25 90.25 90.25 90.25 90.25 90.25 90.25 90.25 90.26 90.26 90.26 90.26 90.27 90.27 90.27 90.28 90.28 90.28
