East longitude (degrees): -179:2:179
North latitude (degrees): -89:2:89

Absorbed dose on Martian Surface (1E-6 Gy/day), 2D array where Absorbed dose(i,j)= value at latitude(i) and longitude(j).
69.40 69.43 69.46 69.47 69.48 69.47 69.47 69.49 69.52 69.55 69.68 69.73 69.70 69.75 69.91 70.00 70.03 70.09 70.11 70.01 69.96 70.08 70.10 70.07 70.02 70.01 69.96 69.97 70.05 70.02 70.10 70.20 70.15 70.09 70.17 70.10 70.02 69.96 69.90 69.86 69.82 69.76 69.71 69.69 69.67 69.67 69.66 69.67 69.66 69.64 69.62 69.62 69.59 69.58 69.57 69.57 69.51 69.48 69.46 69.46 69.44 69.42 69.41 69.38 69.40 69.42 69.43 69.34 69.30 69.31 69.25 69.23 69.23 69.24 69.21 69.18 69.17 69.16 69.15 69.15 69.14 69.15 69.15 69.13 69.15 69.16 69.15 69.14 69.14 69.14 69.16 69.18 69.20 69.21 69.21 69.22 69.21 69.22 69.24 69.24 69.23 69.22 69.21 69.21 69.22 69.22 69.23 69.24 69.25 69.26 69.27 69.25 69.23 69.24 69.28 69.31 69.30 69.30 69.30 69.32 69.33 69.34 69.35 69.37 69.40 69.43 69.43 69.46 69.48 69.49 69.51 69.52 69.52 69.53 69.54 69.57 69.58 69.58 69.58 69.58 69.54 69.55 69.53 69.49 69.50 69.50 69.49 69.47 69.45 69.42 69.42 69.41 69.40 69.37 69.35 69.34 69.33 69.31 69.31 69.32 69.31 69.31 69.31 69.30 69.30 69.30 69.30 69.31 69.31 69.31 69.31 69.32 69.32 69.32 69.32 69.35 69.37 69.38 69.38 69.40
71.12 71.17 71.18 71.29 71.27 71.33 71.25 71.24 71.23 71.15 71.15 71.14 71.04 70.93 70.87 70.85 70.87 70.87 70.87 70.84 70.84 70.89 71.01 71.05 71.04 71.00 71.01 70.93 71.00 70.87 71.09 71.11 70.97 70.95 70.94 70.91 70.86 70.80 70.85 70.87 70.84 70.88 70.84 70.81 70.78 70.75 70.74 70.68 70.64 70.59 70.47 70.60 70.43 70.20 70.22 70.16 70.06 69.95 69.89 69.87 69.99 69.57 69.61 69.39 69.33 69.32 69.28 69.26 69.25 69.22 69.14 69.08 69.13 69.11 68.90 68.86 68.80 68.73 68.69 68.81 68.57 68.42 68.41 68.33 68.31 68.31 68.33 68.35 68.38 68.40 68.43 68.45 68.48 68.49 68.50 68.82 68.74 68.89 68.80 68.99 68.99 68.99 69.05 69.06 69.09 69.17 69.22 69.36 69.44 69.49 69.38 69.37 69.40 69.42 69.43 69.43 69.48 69.51 69.57 69.57 69.63 69.68 69.69 69.73 69.80 69.80 69.81 69.88 69.94 69.93 69.99 70.00 70.01 70.07 70.19 70.32 70.42 70.55 70.48 70.31 70.18 70.13 70.10 70.06 70.01 70.00 69.96 69.75 69.73 69.71 69.70 69.71 69.74 69.73 69.73 69.74 69.80 69.90 69.98 69.97 70.05 70.12 70.20 70.24 70.36 70.45 70.52 70.55 70.66 70.68 70.82 70.81 70.83 70.82 70.91 70.85 70.65 70.78 71.12 71.32
70.61 70.61 70.61 70.61 70.62 70.62 70.64 70.69 70.70 70.70 70.70 70.71 70.72 70.78 70.72 70.65 70.66 70.76 70.75 70.75 70.76 70.78 70.82 70.84 70.83 70.84 70.88 70.98 71.05 71.19 71.50 71.54 71.52 71.52 71.56 71.39 71.55 71.42 71.40 71.38 71.59 71.84 71.78 71.78 71.58 71.54 71.44 71.35 71.27 71.19 71.23 71.13 71.11 71.07 71.29 71.36 71.10 70.94 71.00 71.34 71.19 70.38 70.25 70.28 70.39 70.47 70.34 70.42 70.41 70.06 70.15 70.02 69.78 69.71 69.75 69.54 69.81 70.03 70.25 69.94 69.78 69.71 69.76 69.76 69.84 69.71 69.65 69.54 69.52 69.62 69.53 69.56 69.66 69.66 69.66 69.66 69.67 69.72 69.78 69.88 69.87 69.96 70.21 70.47 70.40 70.37 70.35 70.38 70.35 70.41 70.49 70.55 70.60 70.67 70.48 70.54 70.64 70.66 70.58 70.49 70.47 70.51 70.54 70.63 70.73 70.81 70.81 70.76 70.76 70.71 70.68 70.65 70.62 70.64 70.68 70.79 71.32 72.40 72.79 72.53 71.89 71.59 71.46 71.47 71.03 70.81 70.71 70.61 70.66 70.71 70.60 70.61 70.65 70.78 70.93 71.00 71.03 71.07 71.04 71.05 71.04 70.87 70.73 70.67 70.65 70.74 70.79 70.85 70.95 71.13 70.91 70.95 70.90 70.83 70.77 70.77 70.76 70.77 70.66 70.62
70.63 70.65 70.67 70.69 70.69 70.70 70.72 70.74 70.76 70.79 70.81 70.85 70.88 70.90 70.89 70.90 70.91 70.94 70.98 71.00 71.03 71.07 71.11 71.15 71.19 71.25 71.30 71.35 71.45 71.58 71.53 71.40 71.39 71.35 71.46 71.55 71.52 71.47 71.54 71.61 71.38 71.37 71.37 71.37 71.39 71.42 71.41 71.90 72.02 72.11 72.03 72.06 71.98 71.98 71.99 71.96 71.90 72.18 72.31 72.36 71.93 72.25 72.15 72.04 72.39 72.13 72.16 72.12 72.51 72.16 72.44 72.67 72.85 72.86 72.67 72.52 72.57 72.57 72.53 72.60 72.55 72.51 72.33 72.36 72.38 72.29 72.21 72.18 72.23 72.21 71.94 71.94 72.04 72.44 71.98 71.89 71.78 71.73 71.77 71.65 71.87 71.37 71.53 71.29 71.68 71.93 71.99 71.77 71.66 71.67 71.70 71.84 72.12 72.23 72.33 72.32 71.90 71.91 71.82 71.78 71.69 71.69 71.38 71.30 71.36 71.41 71.41 71.27 71.26 71.41 71.35 71.37 71.54 71.57 71.78 72.37 73.22 73.14 73.18 73.16 73.16 71.91 71.75 71.78 71.73 71.85 71.80 71.72 71.68 71.67 71.61 71.48 71.37 71.30 71.26 71.14 71.10 71.16 71.47 71.84 72.29 72.52 72.02 71.47 70.76 70.76 70.48 70.41 70.38 70.43 70.59 70.78 71.20 71.13 70.84 70.66 70.58 70.56 70.58 70.61
70.92 70.99 71.00 71.14 70.90 70.97 71.02 71.07 71.12 71.18 71.24 71.32 71.49 71.53 71.33 71.34 71.39 71.45 71.49 71.51 71.55 71.59 71.61 71.65 71.69 71.74 71.81 71.85 71.89 71.93 71.98 72.15 72.13 72.17 72.30 72.24 72.02 72.05 72.03 72.06 72.24 72.07 71.75 71.80 71.64 71.50 71.57 71.76 71.82 71.74 71.90 71.83 72.06 72.94 72.65 72.84 73.11 72.59 73.11 73.05 72.73 72.84 72.91 72.89 72.93 72.91 72.98 72.99 72.90 72.79 72.90 72.72 72.52 72.54 72.56 72.59 72.55 72.56 72.51 72.51 72.96 72.41 72.24 72.19 72.16 72.18 72.16 72.17 72.13 72.12 72.10 72.12 72.00 71.81 71.62 71.33 70.74 70.14 70.87 71.01 71.45 71.78 71.73 71.86 72.18 72.40 72.54 72.78 72.74 72.60 72.37 72.69 72.83 72.99 72.99 73.09 73.13 73.22 73.18 73.16 73.13 73.18 73.12 73.03 73.01 73.07 72.61 72.64 72.72 72.80 72.87 73.13 73.20 73.32 73.38 73.37 73.35 72.68 71.84 71.65 71.58 71.50 71.44 71.59 71.65 71.65 71.57 71.71 71.79 71.87 72.01 72.09 72.20 71.95 72.07 72.32 72.49 72.16 72.01 72.06 72.55 72.30 71.92 71.90 72.05 71.99 72.41 71.73 70.97 70.71 70.77 70.91 71.02 71.21 71.49 70.84 70.95 70.95 70.77 70.83
71.27 71.32 71.34 71.45 71.44 71.40 71.41 71.45 71.47 71.66 71.53 71.63 71.69 71.73 71.82 71.99 71.93 72.19 71.83 72.03 71.88 71.91 71.89 72.38 72.84 71.77 72.24 72.79 72.58 72.69 72.62 72.62 72.60 72.62 72.68 72.70 72.71 72.69 72.58 72.55 72.55 72.30 72.94 73.05 72.03 72.21 72.19 72.06 72.03 72.35 72.64 72.31 73.12 72.94 73.05 73.25 73.50 72.14 72.84 72.35 73.13 72.85 72.19 72.66 72.71 73.09 73.15 73.07 73.05 73.00 72.95 72.98 72.96 72.98 72.96 72.93 72.96 73.01 72.95 72.71 72.81 72.99 72.71 72.67 72.69 72.91 72.55 72.74 72.57 72.60 72.65 72.51 72.42 72.10 71.32 71.32 70.93 71.37 71.91 72.23 72.16 72.43 72.49 72.58 72.68 72.93 72.73 72.84 72.56 72.85 72.42 72.73 72.55 72.55 72.20 72.11 72.86 73.05 73.37 73.44 73.50 73.49 73.52 73.50 73.55 73.51 73.46 73.51 73.48 73.53 73.46 73.45 73.54 73.51 73.52 73.54 73.62 73.65 73.57 73.57 73.56 73.60 73.23 72.76 72.95 72.32 71.79 71.77 71.76 71.66 71.73 71.84 72.26 73.54 73.34 72.34 72.13 72.71 71.47 71.48 72.10 71.53 71.23 71.10 71.03 71.14 70.97 71.34 71.07 71.04 71.05 71.11 71.23 70.93 70.84 70.96 71.06 71.16 71.17 71.19
72.11 71.83 71.76 71.73 71.64 71.92 71.88 72.24 72.20 72.25 72.25 72.29 72.65 72.44 72.37 72.46 72.59 72.61 72.70 72.50 72.42 72.47 72.42 72.54 72.46 72.60 72.82 72.92 72.76 72.88 72.84 72.87 72.87 72.86 72.85 72.88 72.84 72.88 72.85 72.85 72.83 72.86 72.77 72.61 72.54 72.31 71.79 72.50 71.70 71.97 72.79 72.58 72.45 71.96 72.16 72.36 72.53 72.49 72.64 72.63 72.94 73.12 72.92 73.00 73.23 73.29 73.28 73.33 73.33 73.29 73.24 73.21 73.16 73.17 73.14 73.14 73.13 73.03 72.80 72.82 72.74 72.61 72.55 72.40 72.64 72.83 72.68 72.72 72.53 72.65 72.65 72.58 72.21 72.03 71.90 71.74 71.28 70.93 72.02 73.21 73.62 73.81 73.82 72.55 72.84 72.72 72.74 72.92 72.63 72.96 72.69 72.64 72.56 73.00 73.39 73.20 72.62 72.49 72.09 71.87 71.78 71.42 71.29 71.80 72.43 72.90 73.22 73.21 73.11 72.90 72.33 73.02 73.23 72.46 73.05 73.27 73.59 73.47 73.19 73.06 72.71 72.76 72.56 73.03 73.64 73.55 73.35 73.19 72.45 72.49 72.57 71.78 72.48 72.81 72.80 71.90 71.51 71.58 71.34 71.36 71.45 71.29 71.28 71.53 71.40 71.35 71.46 71.55 71.58 71.55 71.45 71.55 71.78 71.45 71.47 71.53 71.73 71.89 71.99 71.80
72.38 72.50 72.26 72.40 72.21 72.19 72.32 73.10 72.57 72.51 73.60 74.02 72.81 72.93 72.93 73.05 72.80 72.93 72.91 72.70 72.70 72.96 72.97 73.15 72.98 73.05 73.10 73.13 73.10 73.06 73.06 73.03 73.06 73.01 72.53 72.93 72.95 72.94 72.91 72.90 72.84 72.78 72.79 72.80 72.85 72.92 72.83 72.73 72.52 72.39 72.50 71.96 71.84 72.24 72.82 72.93 72.87 73.24 73.42 73.47 73.52 73.50 73.44 73.39 73.37 73.38 73.35 73.14 73.36 73.24 73.07 72.89 72.85 72.67 72.60 72.70 72.64 72.84 72.66 72.68 72.75 72.80 72.90 72.70 73.05 72.80 72.80 72.97 72.80 72.80 72.68 72.37 72.24 72.55 72.71 72.74 72.77 72.78 72.86 72.72 72.55 72.65 72.64 72.61 72.94 73.01 73.01 72.85 72.81 72.68 72.57 72.38 71.91 72.12 72.23 71.72 72.12 71.99 71.78 71.94 71.71 71.66 72.38 72.67 72.46 72.43 73.60 72.07 72.29 72.30 72.43 72.96 72.85 72.73 72.65 72.43 72.73 71.71 71.34 70.92 70.87 71.54 73.92 73.71 73.81 72.47 73.15 72.50 73.28 73.65 73.50 73.42 73.33 73.36 73.47 72.21 71.11 71.04 71.01 71.02 70.99 71.14 71.79 71.67 71.87 71.24 71.31 71.50 71.58 71.58 71.66 71.68 71.72 71.98 71.99 72.06 72.19 72.13 72.18 72.24
73.67 72.40 73.12 73.12 72.98 72.65 73.49 73.13 73.17 73.17 72.72 72.37 73.53 72.64 72.94 73.15 73.10 73.09 73.01 72.87 72.70 72.32 73.46 72.11 72.36 73.30 73.01 72.98 73.01 73.07 73.09 73.08 73.19 72.78 72.71 72.36 72.60 73.01 72.88 72.94 72.93 72.97 72.87 72.92 72.97 72.96 72.97 72.69 73.34 74.42 74.40 74.60 74.56 72.76 73.34 73.36 73.57 73.64 73.67 73.71 73.72 73.69 73.62 73.52 73.58 73.16 73.34 73.56 73.59 73.59 73.52 73.21 72.98 73.12 72.96 72.84 72.77 72.90 73.13 72.73 72.74 72.77 72.82 73.17 73.00 73.27 73.43 73.39 73.27 73.33 72.94 72.90 72.53 72.92 72.90 73.02 73.21 73.24 73.24 73.22 73.26 73.26 73.34 73.30 73.22 73.15 73.30 72.79 72.70 72.54 72.09 71.73 71.97 72.40 72.85 72.56 72.77 72.65 72.76 72.40 72.55 72.16 71.96 71.85 72.16 72.10 72.47 72.53 72.84 72.80 72.74 72.86 72.90 73.00 73.10 73.11 73.07 73.21 72.82 72.41 72.89 71.50 71.71 72.34 72.43 72.47 72.54 72.82 73.65 73.22 72.96 72.11 72.95 73.42 73.75 73.89 73.17 72.05 71.15 71.57 71.31 71.61 72.12 72.23 71.48 71.78 72.24 72.39 72.23 72.64 73.56 73.26 72.82 72.67 72.68 72.61 72.78 72.57 72.62 73.55
73.48 73.55 73.69 73.77 73.87 74.09 74.27 74.17 74.19 74.22 74.22 73.39 72.63 72.27 71.57 71.60 72.32 72.51 73.78 72.78 72.85 72.65 72.41 72.49 74.71 73.19 73.15 73.18 73.05 72.80 72.89 72.77 72.76 72.98 72.89 72.84 72.75 73.11 72.92 72.94 73.08 72.90 73.06 72.95 73.00 73.03 72.71 72.50 72.56 73.64 74.49 74.34 74.78 72.55 73.51 73.69 73.76 73.84 73.76 73.79 73.88 73.49 73.34 73.48 73.64 73.74 73.85 73.61 73.64 72.67 72.98 73.20 73.04 73.23 72.91 73.13 72.94 72.42 72.21 72.06 71.97 73.04 73.00 73.00 73.21 73.24 73.41 73.20 73.51 73.33 73.92 73.79 73.32 73.42 73.40 73.21 73.11 72.46 73.11 73.43 73.60 73.28 73.32 73.34 73.32 73.38 72.97 72.05 72.33 72.68 72.74 72.87 72.88 73.06 73.09 72.99 73.27 73.07 73.21 73.30 73.21 73.44 73.47 73.24 73.47 73.02 72.40 72.65 74.02 73.99 72.86 73.04 72.79 71.62 72.42 72.63 72.74 72.29 71.93 72.29 72.79 72.14 73.07 73.19 73.51 73.54 73.48 73.13 73.12 73.34 73.65 73.54 73.84 73.61 74.59 74.85 74.74 74.27 73.81 73.48 73.78 73.54 73.28 73.68 73.91 73.82 73.80 73.58 73.40 74.02 73.47 73.85 73.69 73.73 73.08 73.07 73.14 73.24 72.81 73.47
72.82 72.90 73.31 73.62 73.11 74.97 74.73 74.22 74.43 74.39 74.33 74.07 73.30 73.43 72.95 73.23 71.90 72.10 72.56 73.04 73.46 73.18 72.89 72.82 72.60 73.40 73.07 73.26 72.81 73.55 72.41 72.49 72.39 72.70 72.75 72.85 73.16 73.19 73.30 73.29 73.38 73.28 73.24 73.31 73.31 74.12 73.07 73.42 73.43 73.40 73.46 73.63 73.64 73.77 73.80 73.73 73.78 73.82 73.57 73.57 73.34 73.80 73.75 73.94 73.78 73.53 72.87 72.93 73.02 73.02 72.96 73.13 73.10 73.34 73.47 73.72 73.54 72.86 72.31 72.60 72.76 73.30 73.34 72.86 72.83 72.60 72.69 72.65 72.94 73.26 73.29 73.44 72.52 73.49 73.58 73.48 73.64 73.63 73.61 73.68 73.62 73.57 73.64 73.55 73.29 72.96 72.21 73.42 73.63 73.50 73.29 73.08 73.19 73.05 73.20 72.69 72.64 73.24 73.68 73.91 74.14 73.97 74.01 74.11 74.10 73.99 73.58 73.13 72.83 72.83 73.35 73.17 73.11 73.13 74.17 72.91 71.54 71.92 72.07 72.18 72.39 72.38 71.98 72.11 72.66 73.17 73.30 72.99 73.55 73.63 73.63 73.73 73.17 71.38 73.62 74.62 74.38 71.98 74.63 74.49 74.39 74.07 73.96 73.85 73.54 73.21 72.93 73.05 72.20 71.92 72.96 73.71 73.59 73.35 73.17 73.00 72.89 72.78 73.01 72.99
74.69 72.79 72.49 73.33 73.36 73.49 73.53 74.35 74.31 74.47 74.54 74.55 74.33 74.16 73.70 73.33 72.96 72.45 72.35 72.05 72.03 71.75 72.10 72.14 72.55 72.51 72.38 72.28 72.89 71.99 72.00 72.07 72.72 74.51 72.55 72.81 72.84 73.83 73.28 73.30 73.41 73.39 73.34 73.36 73.37 73.43 73.37 73.51 73.52 73.45 73.50 73.61 73.66 73.66 73.56 73.76 73.96 73.79 73.88 73.76 73.12 73.58 73.87 73.87 73.56 73.34 75.63 75.62 75.01 73.07 73.23 73.29 73.37 73.62 73.83 73.38 72.99 72.40 72.49 72.17 72.52 72.54 72.99 72.90 73.27 73.16 73.30 73.33 73.32 73.33 73.39 73.58 73.48 73.65 73.59 73.74 73.60 73.54 73.57 73.35 73.38 72.59 72.37 72.41 72.06 72.62 74.10 74.75 74.67 74.12 73.96 73.44 73.47 73.07 73.25 73.13 73.57 73.76 74.08 74.13 74.10 74.09 74.16 74.16 74.07 74.37 74.36 74.55 74.58 73.95 73.07 72.36 73.01 73.24 72.41 72.22 72.09 71.68 72.26 71.44 71.71 72.12 72.14 73.17 72.80 72.72 72.18 72.53 73.03 73.41 73.78 73.98 73.59 73.81 73.97 74.03 74.06 74.08 73.67 73.90 73.83 73.90 73.63 73.37 73.69 73.62 73.62 73.60 73.52 73.00 73.76 73.45 73.37 73.12 72.59 73.32 72.54 72.51 72.57 73.10
72.97 72.52 72.16 72.66 72.71 73.76 73.92 74.48 74.32 74.41 74.39 74.55 74.57 74.58 74.45 74.20 74.02 73.94 73.81 73.41 72.82 72.67 72.76 72.51 72.92 72.83 72.46 73.40 73.17 72.48 72.24 72.58 72.34 72.61 72.83 72.98 73.01 73.10 73.12 73.37 73.39 73.50 73.54 73.54 73.64 73.67 73.63 73.61 73.64 73.62 73.48 73.37 73.27 73.42 73.60 73.76 73.76 73.77 73.61 72.60 73.96 73.99 74.22 74.49 73.62 74.05 74.10 74.19 73.40 73.33 73.60 73.46 73.56 73.74 74.02 73.87 73.30 73.10 72.68 72.33 72.36 72.70 73.71 73.08 73.30 73.35 73.35 73.26 72.98 73.43 73.44 73.49 73.43 73.64 73.42 73.68 73.99 73.79 73.47 73.56 73.27 73.31 73.16 73.03 72.60 72.94 72.78 73.07 73.19 73.04 72.99 72.84 72.96 73.61 73.94 74.57 74.52 74.28 74.06 73.93 73.94 74.17 74.38 74.34 74.52 74.46 74.41 74.50 74.50 74.64 73.38 73.30 73.25 73.12 74.99 72.56 72.51 72.64 73.20 71.89 71.84 71.86 72.38 72.41 72.46 71.99 71.83 73.20 72.87 72.48 73.53 73.33 73.21 73.82 73.77 72.07 72.75 72.97 73.70 73.32 72.62 72.79 73.72 73.24 73.55 73.88 73.68 73.79 73.73 73.67 73.24 73.11 72.90 72.19 73.32 73.61 73.09 72.89 72.45 72.31
72.99 72.96 73.49 72.64 72.32 72.85 73.52 73.69 74.03 73.92 74.30 74.08 74.61 74.39 74.43 74.24 74.34 74.40 74.29 73.66 72.99 72.96 72.64 72.76 72.66 72.83 72.84 72.62 72.56 72.65 72.57 72.75 73.03 73.05 73.00 72.72 72.50 72.91 73.39 73.04 73.59 73.17 72.93 73.40 73.46 73.42 73.16 73.54 73.44 73.41 73.13 73.23 73.67 74.18 73.77 72.84 73.39 74.12 73.92 73.97 73.88 73.86 74.05 74.37 74.89 74.54 73.59 74.65 73.43 74.14 73.82 73.57 73.64 73.49 73.64 74.30 74.52 74.39 74.28 73.78 73.54 73.08 73.21 73.19 73.22 73.29 73.46 73.46 73.48 73.43 73.41 73.44 73.58 73.50 73.56 73.34 73.52 73.60 73.41 73.72 73.77 73.41 73.50 73.73 73.54 73.23 72.99 72.71 72.74 72.48 73.05 73.19 73.60 74.33 74.89 74.97 75.01 74.68 74.40 74.28 74.22 74.17 74.25 74.32 74.63 74.74 74.59 74.54 74.59 74.65 74.38 73.61 73.48 73.82 73.30 72.75 72.43 72.63 72.45 71.59 73.65 72.18 72.88 72.76 72.71 72.35 72.15 71.93 71.62 72.13 72.62 73.13 72.84 72.91 73.34 73.79 74.15 74.19 73.80 73.63 72.98 73.10 73.36 73.33 73.18 72.09 72.04 72.47 73.09 73.47 73.64 73.74 73.49 73.84 73.78 72.63 73.18 73.31 73.23 73.64
74.01 72.82 72.26 73.00 73.42 73.69 73.66 72.80 72.96 73.24 72.67 72.97 73.74 72.98 75.36 73.09 73.60 73.53 74.33 73.85 73.73 73.67 73.72 72.91 72.70 72.44 73.87 73.33 72.67 72.78 73.36 73.77 73.82 73.66 73.67 73.28 72.78 73.03 72.92 72.89 73.44 72.54 73.07 73.51 73.09 71.93 73.75 73.97 74.02 73.94 73.89 74.08 74.05 73.58 73.06 74.35 74.35 74.01 74.34 74.31 74.21 73.95 74.15 74.25 74.65 75.17 74.77 73.91 74.93 74.98 74.69 74.28 73.14 74.19 74.51 73.85 73.73 73.88 73.71 73.36 72.32 72.36 73.20 73.55 73.25 73.16 73.01 73.40 73.56 73.52 73.61 73.51 73.54 73.77 73.64 73.72 73.66 73.45 73.62 73.77 73.87 73.68 73.58 73.56 72.86 73.56 73.43 73.46 73.47 73.61 73.74 73.83 73.96 74.22 74.58 74.68 74.01 73.93 73.99 73.68 75.44 74.67 73.79 74.13 74.41 74.53 74.80 74.93 74.49 74.87 75.35 74.99 72.13 74.70 74.48 74.17 72.68 72.92 72.90 73.46 72.43 72.31 72.20 72.32 72.39 72.27 72.26 71.97 72.26 72.15 72.45 72.42 72.50 72.62 72.68 74.01 74.87 74.74 74.72 74.51 74.23 73.87 73.58 73.27 73.19 72.73 72.25 72.58 72.68 71.53 72.44 73.37 73.55 73.20 71.98 72.42 72.64 73.78 73.84 73.78
74.22 73.52 73.28 73.68 73.70 73.46 71.92 72.77 73.03 72.76 73.42 72.77 73.07 72.06 73.31 73.95 73.49 73.67 73.28 73.69 73.89 73.93 73.54 73.35 72.33 72.85 73.10 73.18 73.72 72.85 73.13 74.00 74.12 73.70 74.12 73.75 73.08 72.46 72.28 72.47 72.82 73.56 73.97 73.92 73.81 73.35 74.03 74.23 74.48 74.45 74.46 74.46 74.53 74.57 74.17 73.88 74.06 73.80 74.24 74.42 73.97 73.54 74.76 74.53 73.68 75.19 73.78 74.49 74.95 72.98 73.42 74.54 75.49 74.13 74.93 73.98 74.05 73.63 73.33 73.37 72.67 72.83 73.23 72.95 73.02 73.57 73.36 73.31 73.82 72.34 73.42 73.74 73.84 73.70 74.35 73.47 73.37 73.41 74.75 73.34 73.23 73.77 73.57 73.60 73.69 73.75 73.70 73.60 73.56 73.97 74.07 74.34 74.43 74.43 74.19 73.70 73.76 73.89 73.42 72.87 72.93 72.97 73.85 74.43 75.01 75.19 75.31 75.19 75.33 75.61 75.25 75.21 74.80 74.54 74.69 74.29 73.63 72.21 71.61 71.97 74.56 74.31 71.65 71.67 73.39 72.04 72.19 71.42 72.12 72.58 71.97 72.06 72.69 73.54 73.92 74.22 74.49 74.39 74.55 74.54 74.51 74.39 74.21 73.98 73.40 72.98 72.56 72.47 72.74 72.48 73.79 71.74 72.68 72.93 72.55 73.38 73.69 73.42 73.80 74.01
74.00 74.06 74.33 74.74 74.09 72.47 72.99 72.78 72.26 72.35 72.50 74.72 72.43 72.58 72.10 72.20 73.06 73.71 73.12 72.96 74.60 73.05 73.10 73.07 72.16 72.96 73.30 73.27 73.22 72.23 71.62 74.08 73.77 73.92 73.90 73.58 73.78 72.98 72.74 72.83 72.56 73.29 73.57 73.75 73.87 73.49 72.89 72.78 73.87 74.55 74.59 74.67 74.45 74.43 74.11 73.29 73.00 73.02 72.68 72.47 73.31 75.34 73.85 73.12 75.05 75.62 75.36 74.19 76.65 71.70 75.93 74.17 73.33 74.24 73.71 75.00 75.37 74.93 74.45 75.54 75.60 74.29 73.33 73.45 73.78 73.41 73.50 73.18 73.13 73.56 73.65 73.76 73.39 73.00 73.01 72.94 72.96 73.09 73.63 73.08 72.76 72.95 72.94 73.02 72.97 73.75 73.79 74.01 74.21 74.37 74.53 74.70 74.89 75.00 74.81 74.41 74.58 74.59 74.80 74.37 74.23 74.53 75.17 75.64 75.95 75.93 75.97 75.95 75.95 76.24 75.62 75.45 75.14 75.43 75.29 75.16 75.06 74.34 72.00 73.35 74.65 75.15 72.28 72.52 73.23 73.00 72.49 72.19 72.14 72.58 73.14 73.36 73.56 73.21 73.87 73.52 74.21 73.44 72.38 72.69 74.30 74.47 74.37 73.94 73.36 72.97 72.63 72.62 72.75 72.64 72.26 72.10 72.70 72.80 74.08 72.71 72.70 72.83 73.22 73.92
74.16 74.21 74.41 74.54 73.68 73.62 73.52 72.96 72.75 73.42 73.37 73.24 72.99 73.12 72.64 72.96 73.71 73.57 73.60 73.53 72.85 71.99 71.99 74.62 71.95 73.05 73.50 73.50 73.48 73.11 72.79 73.96 73.94 73.79 74.08 73.56 73.21 72.89 72.38 72.26 72.39 72.23 72.14 72.39 73.37 72.96 72.72 73.16 73.88 74.24 74.60 74.65 74.69 74.00 73.58 72.28 72.72 72.14 72.55 74.92 73.24 75.65 75.89 75.09 73.44 77.07 76.94 77.17 76.92 76.93 76.97 76.14 73.25 73.77 75.38 74.40 73.98 75.10 74.86 74.75 74.03 73.60 73.81 73.79 73.66 73.46 73.49 73.16 73.34 72.95 73.28 73.55 73.88 73.44 73.57 74.22 75.22 73.60 73.55 73.69 73.66 73.55 72.79 73.00 72.75 73.08 74.04 74.16 74.45 74.70 74.90 75.06 75.35 75.58 75.56 75.78 75.92 76.07 76.12 76.42 76.75 76.93 76.99 77.11 77.33 76.96 76.73 76.68 77.28 76.39 76.06 75.92 75.70 75.33 75.63 75.52 73.45 74.56 74.36 73.87 73.62 73.37 73.52 73.58 72.17 72.68 72.84 72.84 73.28 73.69 74.16 74.15 75.21 74.66 73.58 73.83 74.13 72.34 72.59 74.52 74.08 73.77 73.51 73.59 73.06 72.88 73.11 73.38 73.74 73.43 73.42 72.59 73.62 73.07 72.73 72.82 73.14 73.70 73.71 74.06
74.31 73.74 73.88 74.83 75.15 72.90 73.97 74.15 74.11 73.82 74.05 73.33 73.04 73.52 73.49 73.49 73.11 73.66 73.51 73.66 73.50 72.61 72.21 73.70 73.08 73.46 74.97 73.37 73.62 73.35 73.82 73.64 73.66 74.09 73.79 73.77 73.72 72.61 72.26 72.27 72.14 72.30 72.91 73.17 73.43 73.60 73.78 73.65 74.84 75.73 73.19 73.36 73.77 73.43 73.62 74.32 74.01 72.93 72.78 74.08 73.43 75.84 75.94 76.09 77.71 77.33 76.97 76.98 77.04 77.08 77.08 76.87 76.38 75.89 74.58 74.36 74.83 75.34 74.23 74.60 74.89 74.65 74.46 74.18 73.82 75.10 74.09 73.49 73.73 73.82 73.38 73.29 73.12 73.76 73.01 72.82 73.30 73.45 73.60 73.43 73.65 73.76 73.12 72.15 73.85 73.55 73.76 74.19 74.34 74.43 75.07 75.30 75.70 75.97 76.09 76.34 76.80 77.00 77.74 78.74 79.59 80.26 80.55 80.68 80.75 80.03 79.78 79.91 79.95 79.84 78.42 76.42 76.47 76.79 75.55 75.86 75.95 75.56 73.93 73.94 74.19 73.49 73.63 73.09 73.35 74.37 73.20 73.19 73.32 72.98 73.33 73.90 74.48 74.78 75.61 74.30 74.10 72.08 74.65 74.07 74.28 74.34 74.34 73.82 73.46 73.38 72.95 73.46 72.63 73.47 73.80 72.86 72.11 72.10 72.88 73.70 73.77 73.90 74.23 74.30
74.21 73.99 73.54 73.68 74.56 74.34 74.20 73.05 74.45 73.72 73.26 73.67 73.44 73.78 73.55 73.41 73.56 72.66 73.36 73.47 73.20 72.75 72.19 71.98 71.57 73.16 72.70 73.20 73.59 73.59 73.44 73.71 73.31 73.23 73.48 73.12 73.15 72.97 72.66 71.75 71.73 71.51 71.95 73.27 73.50 73.73 73.83 73.26 75.01 75.57 73.19 73.23 72.58 72.20 73.61 74.94 75.18 75.10 73.70 72.85 72.90 73.13 76.02 76.88 77.33 76.87 77.11 77.00 77.00 77.00 77.02 77.15 76.36 76.42 76.64 77.27 74.81 74.98 74.43 74.50 74.76 74.63 74.04 73.75 73.40 74.24 73.13 73.32 73.71 73.69 73.64 73.74 73.90 74.00 73.60 73.10 73.29 73.43 73.56 73.04 73.85 73.38 72.93 73.55 73.38 73.65 74.08 74.45 74.76 74.77 75.53 75.73 75.81 76.24 76.52 77.04 77.77 78.83 79.90 81.08 81.45 81.98 82.15 82.22 82.38 82.43 82.24 82.26 82.11 81.89 82.32 81.68 77.92 77.88 76.84 76.10 75.15 73.29 72.35 74.64 74.15 73.24 74.74 73.21 72.37 72.71 73.24 74.11 73.74 73.87 74.41 74.46 74.28 74.13 73.23 74.14 74.21 74.43 74.26 74.28 74.17 73.47 73.67 74.24 74.16 73.84 73.10 74.20 73.62 74.14 73.59 73.02 73.66 72.80 72.94 73.35 73.53 73.85 73.96 74.16
73.01 73.37 73.19 73.76 74.87 75.16 75.35 74.15 74.17 72.86 73.51 72.93 72.91 72.71 73.10 72.85 72.77 72.83 71.93 72.23 72.65 73.03 72.09 71.93 72.72 72.43 72.90 73.63 73.58 73.56 73.32 73.65 73.21 71.71 71.71 71.94 72.30 72.29 72.39 71.80 71.60 71.68 71.86 72.92 73.36 73.60 73.63 73.60 73.49 73.34 73.13 72.73 72.13 71.87 72.19 72.72 74.14 74.22 73.24 72.93 75.41 75.74 75.93 76.22 76.93 77.48 77.03 77.07 76.99 77.25 77.30 76.89 76.58 75.14 75.74 74.42 74.44 74.96 74.32 74.55 74.59 74.49 74.12 73.63 73.69 73.07 73.29 75.28 74.32 73.73 73.47 73.68 74.51 74.54 73.76 73.46 72.63 74.04 73.11 73.12 73.06 73.05 73.41 73.89 74.02 73.51 73.42 74.48 74.75 75.18 74.65 75.49 76.17 76.66 77.71 78.82 79.91 80.59 81.48 81.97 82.64 82.89 82.65 82.63 81.62 82.30 82.41 82.53 82.40 82.37 82.41 82.44 82.24 81.60 79.38 77.76 75.99 75.01 75.55 74.86 75.28 74.33 72.94 73.69 73.90 72.53 73.51 73.19 73.95 74.16 73.18 73.87 73.86 73.81 73.62 74.27 73.95 73.66 73.16 73.18 71.57 72.64 73.69 73.49 72.99 73.76 74.35 74.80 73.88 74.79 74.64 74.21 74.13 73.43 72.84 72.29 72.54 72.84 73.33 73.55
72.82 73.47 73.13 73.07 74.00 74.79 73.83 73.15 73.87 73.33 72.97 73.15 71.93 73.60 72.16 72.44 71.48 71.75 72.68 72.40 73.01 72.27 72.73 73.14 73.07 73.67 72.83 73.28 73.52 73.48 73.51 73.51 73.63 72.60 72.38 72.56 72.92 72.99 72.98 72.62 72.12 71.96 72.38 72.51 72.34 73.12 73.13 73.26 72.99 73.05 72.62 72.41 71.96 71.94 71.86 72.24 72.61 72.56 73.18 73.77 72.45 74.90 74.29 75.81 75.77 77.11 77.42 77.37 77.26 77.41 77.33 77.00 76.76 75.33 75.78 75.72 74.48 74.39 74.09 73.36 74.34 74.01 73.89 73.84 73.39 73.49 73.16 73.51 73.95 73.79 73.94 73.97 74.73 73.93 73.62 72.70 73.11 72.93 73.38 74.14 73.15 72.66 72.95 73.37 74.57 74.59 73.97 74.42 75.05 74.92 74.66 75.14 75.97 76.26 79.79 81.61 82.13 82.79 82.96 82.57 82.10 82.40 82.75 82.67 82.31 81.98 81.71 82.19 82.40 82.28 82.31 82.09 82.13 82.04 81.39 79.90 78.17 76.44 75.85 75.59 75.45 75.31 74.51 73.79 74.62 74.55 73.72 74.28 74.18 74.18 74.20 73.33 73.10 73.64 73.07 73.49 73.59 72.78 72.30 73.21 74.28 74.46 73.10 72.95 73.64 74.41 74.18 74.47 74.77 74.61 74.54 74.45 73.23 73.28 72.86 73.63 73.15 72.95 73.46 73.28
73.51 73.62 73.42 73.49 73.85 73.79 73.96 74.02 74.20 73.11 72.83 73.55 72.89 72.64 72.74 72.75 73.98 72.65 73.14 73.30 73.01 73.40 74.24 72.91 73.38 73.72 73.47 73.30 73.30 73.25 73.08 73.22 73.14 72.89 72.92 72.87 72.92 72.96 73.10 73.13 72.71 72.58 72.80 72.69 72.66 72.90 72.91 72.66 72.44 72.21 72.10 72.09 72.01 71.43 71.20 72.47 72.98 73.13 73.61 73.96 74.42 74.33 74.93 75.13 75.10 76.46 76.83 78.65 78.36 77.70 77.48 77.18 76.29 75.97 75.63 75.89 74.24 74.18 74.15 75.47 73.67 73.98 73.59 73.53 73.45 73.32 73.32 74.02 73.99 73.86 73.69 73.82 74.15 73.81 73.52 73.67 73.17 73.21 73.15 74.14 72.16 72.97 73.21 73.30 74.13 73.27 74.08 74.42 74.75 74.78 74.94 74.79 76.00 77.68 81.66 82.18 82.94 82.97 82.59 82.89 82.75 82.93 82.78 82.79 82.60 82.92 82.91 82.20 82.14 82.60 82.28 82.17 82.18 82.05 81.34 80.91 79.06 76.92 76.10 75.82 75.45 75.66 72.93 74.62 74.66 74.24 74.42 73.98 73.76 74.27 73.76 73.47 73.88 73.44 73.57 73.09 72.79 72.90 72.23 71.32 72.88 72.56 73.25 74.47 74.63 74.46 73.69 74.68 73.89 74.00 74.44 74.29 73.25 73.31 73.48 72.29 72.36 73.12 73.38 73.25
74.28 73.19 74.46 73.92 74.28 73.80 73.96 73.92 73.62 73.32 72.83 72.96 72.70 72.47 72.88 72.92 73.40 73.51 73.33 73.30 72.68 72.98 73.23 73.25 72.89 73.35 73.48 73.48 72.64 73.02 72.85 73.19 73.25 72.73 72.82 72.81 72.86 73.01 73.25 73.38 72.66 72.36 71.21 71.30 72.23 72.69 72.51 72.23 72.28 71.95 71.81 71.81 71.67 71.75 71.78 72.64 72.73 72.96 73.04 73.52 73.48 73.60 74.24 73.53 75.56 75.39 76.15 76.30 76.46 76.57 76.40 76.38 75.59 75.99 75.76 74.46 74.31 74.59 74.40 74.58 74.23 75.98 73.61 73.89 73.66 73.66 73.46 74.07 74.02 73.67 73.56 73.81 73.89 73.75 73.71 73.38 73.70 73.36 73.82 73.16 73.08 73.22 73.02 72.52 72.59 73.05 73.94 74.99 74.25 74.59 74.74 74.90 76.24 79.44 82.00 82.80 82.78 82.58 82.76 82.97 82.83 82.86 82.68 82.89 82.86 82.27 82.46 82.39 82.65 82.43 82.22 82.20 81.99 81.59 80.19 80.04 79.09 77.38 76.09 76.10 75.84 75.91 75.47 75.36 75.02 74.75 74.41 74.12 74.15 75.06 74.50 74.26 74.16 73.63 73.56 73.15 72.75 72.73 72.83 72.86 72.55 72.66 73.57 74.71 74.96 74.90 74.60 74.43 73.89 74.20 74.16 74.36 72.54 73.56 73.62 74.63 73.16 73.49 73.92 73.84
74.52 74.40 74.45 74.97 74.69 73.70 73.85 73.73 74.54 75.06 75.89 75.66 74.05 73.00 73.34 73.21 72.64 72.97 72.61 73.05 72.62 73.31 73.25 73.25 73.01 72.01 72.65 72.88 73.17 72.61 72.47 72.80 72.59 72.60 72.33 72.70 72.80 73.03 73.10 70.73 70.41 70.23 68.45 68.20 68.28 70.57 70.56 70.57 71.40 71.79 71.45 71.88 71.55 71.74 71.68 71.73 71.82 72.41 73.49 73.25 72.79 72.10 73.79 74.67 74.57 75.37 75.33 75.72 76.16 76.23 76.16 75.63 75.98 75.09 75.18 75.18 74.89 76.11 74.80 74.18 74.48 74.30 73.83 73.84 73.59 73.61 73.82 74.20 74.18 73.98 73.63 73.93 73.54 73.61 73.77 73.12 72.93 73.57 73.50 73.34 72.93 73.05 72.45 72.16 74.15 73.22 73.69 74.44 74.47 74.50 74.83 75.21 76.20 79.48 81.51 82.79 82.72 82.20 82.87 82.90 82.86 82.77 82.92 82.98 82.77 82.27 82.60 82.70 82.52 82.66 82.45 82.18 81.31 80.48 80.04 79.61 78.51 77.16 76.59 76.14 76.37 75.13 74.83 75.21 73.80 73.91 74.45 74.60 74.68 74.60 74.46 74.45 74.45 73.56 73.37 73.29 72.96 73.53 73.44 73.13 73.05 72.94 73.77 74.31 74.51 74.34 74.47 74.35 73.32 73.92 73.94 72.93 72.81 73.76 73.65 73.80 73.83 74.13 74.41 73.94
74.31 74.50 74.10 73.60 74.79 73.63 74.20 74.03 73.10 73.67 75.32 75.32 73.44 73.04 73.79 73.42 73.75 73.16 73.47 73.56 73.77 72.85 73.81 73.80 73.47 73.48 73.21 72.87 73.05 72.92 72.78 70.72 71.90 72.38 72.39 72.61 72.79 72.76 71.96 71.80 71.16 69.83 69.49 69.58 69.94 70.07 69.96 70.22 69.61 70.73 71.49 71.51 71.53 71.62 71.78 71.80 72.06 72.43 72.51 73.10 73.10 73.28 72.70 72.97 73.96 73.25 74.70 76.01 75.86 75.79 75.86 75.84 75.32 75.08 75.29 75.13 75.01 74.72 74.50 74.53 74.45 74.48 74.26 73.97 73.92 73.60 74.08 74.48 74.00 73.92 74.24 74.31 74.19 73.60 73.90 73.39 73.41 73.36 73.32 73.89 73.02 73.28 72.81 72.94 72.83 72.77 73.68 74.23 74.56 74.62 74.63 75.49 76.28 77.96 81.24 82.82 82.92 82.85 82.60 82.79 82.96 82.91 82.96 82.97 82.82 82.57 82.85 82.68 82.79 82.50 82.26 81.63 80.70 80.16 79.33 78.80 78.39 77.79 76.53 75.76 75.59 74.81 74.71 74.58 74.53 74.81 75.00 74.74 73.70 74.52 74.60 74.74 74.37 74.12 73.62 73.97 73.62 73.22 74.00 73.76 73.35 73.16 73.18 73.47 73.93 74.10 74.71 74.44 74.03 73.98 74.14 73.87 74.34 74.19 74.23 73.82 74.01 74.34 74.56 74.75
74.76 74.51 74.51 74.01 75.45 75.06 74.49 73.43 72.81 72.09 71.76 72.87 72.71 73.77 74.30 74.25 74.25 74.25 74.03 73.90 73.88 73.86 73.44 73.70 73.30 72.87 72.97 72.45 72.32 72.95 72.82 71.82 71.99 71.34 72.12 71.17 71.81 69.84 69.97 71.79 69.81 69.04 70.32 70.35 70.26 70.20 70.41 71.15 70.50 70.46 70.23 70.86 71.48 72.00 71.99 72.11 71.98 72.63 72.76 72.55 72.51 73.41 73.38 73.82 74.43 74.41 74.95 75.20 73.28 75.49 75.02 75.14 75.22 75.38 75.20 74.98 74.82 74.79 74.82 74.51 74.18 73.97 73.58 75.42 74.03 73.75 73.77 73.63 74.37 73.93 74.12 74.32 74.26 73.98 73.40 73.77 73.31 73.22 73.76 73.72 72.97 72.93 72.76 72.98 73.21 73.19 75.02 73.79 74.44 74.76 74.86 75.02 75.65 77.53 79.38 82.39 82.95 83.01 82.93 82.82 82.86 82.89 82.59 82.95 82.64 82.72 82.61 82.70 82.66 82.58 82.40 81.24 79.97 79.42 78.63 78.15 77.32 76.57 76.19 75.84 74.98 75.08 74.38 74.39 74.18 74.35 74.75 74.78 74.72 74.53 74.77 74.56 74.42 74.34 74.11 74.15 74.46 74.16 74.02 73.10 73.52 73.46 72.86 72.83 73.72 73.98 74.67 74.07 74.12 74.31 74.51 74.47 74.43 74.40 74.12 73.89 74.78 74.97 74.79 75.30
74.74 75.41 74.53 73.62 74.40 73.59 73.51 73.73 72.97 72.12 71.97 72.91 73.76 73.97 74.19 74.08 74.24 72.51 73.93 73.85 73.77 73.52 73.52 73.29 72.71 72.99 72.79 72.64 72.06 72.23 71.91 71.77 71.89 71.59 71.74 71.94 71.22 69.78 69.90 69.85 69.31 70.33 71.05 70.94 70.61 70.89 70.69 70.77 71.04 71.08 70.89 69.99 70.78 71.87 72.22 72.44 72.43 72.44 72.46 72.56 72.75 72.96 72.91 74.24 74.15 73.38 73.68 74.21 74.10 75.14 75.01 75.23 74.87 74.46 74.64 74.87 74.89 74.86 75.14 74.72 74.23 73.82 74.08 73.85 73.98 73.54 73.43 73.60 73.78 73.90 73.95 74.21 74.10 73.56 73.59 73.56 73.87 74.21 73.35 73.19 73.25 72.57 72.73 73.19 73.41 73.35 73.44 73.90 74.64 74.46 74.44 74.72 75.18 75.52 77.04 79.33 82.73 82.95 83.00 82.98 82.82 82.83 82.77 82.94 82.61 82.68 82.66 82.57 82.64 82.50 81.66 79.19 78.15 78.13 77.69 77.12 77.33 76.55 76.49 76.41 75.31 74.85 73.77 74.37 74.04 74.22 74.42 74.52 74.70 74.80 74.59 74.31 73.48 73.51 73.60 73.99 73.60 73.34 73.77 74.06 73.72 73.29 73.84 74.10 73.85 73.86 73.64 73.96 73.91 73.32 74.58 74.66 74.26 74.17 74.40 74.53 75.23 75.02 74.52 73.72
74.83 74.96 73.60 73.41 73.67 72.68 73.16 72.15 72.19 72.84 72.77 73.07 73.85 74.04 74.44 73.94 74.26 74.30 73.85 73.85 72.99 73.53 73.45 73.42 73.07 72.77 72.79 72.58 72.34 72.05 71.89 71.06 71.46 71.24 70.92 71.12 70.45 69.51 69.35 68.70 68.94 70.39 71.26 70.87 71.62 70.97 71.90 71.97 71.68 71.71 71.06 70.11 69.30 70.92 71.84 72.45 72.40 72.48 72.51 72.48 72.90 73.40 73.26 74.18 74.28 74.35 74.29 74.28 74.17 73.96 74.23 74.93 74.87 74.46 74.99 74.49 75.09 74.77 74.70 74.83 74.52 74.24 74.54 74.07 73.99 73.82 73.74 73.60 73.61 73.74 73.80 73.42 73.70 73.93 73.65 73.81 73.53 73.85 73.50 72.90 73.10 72.90 72.63 72.89 73.19 73.33 73.34 73.26 74.05 74.43 74.26 74.20 73.95 74.42 75.24 76.75 80.51 82.21 82.81 82.98 82.98 82.96 82.61 82.54 82.72 82.71 82.51 82.49 81.52 80.26 79.48 77.79 76.80 76.71 76.64 76.63 77.00 76.73 76.30 76.21 75.75 74.89 74.40 74.24 74.02 73.94 74.16 74.10 74.24 74.42 74.36 74.02 73.82 73.57 72.92 72.79 72.94 72.87 73.70 73.17 73.59 73.92 73.31 73.66 73.50 73.41 73.88 74.06 74.35 73.80 74.06 74.66 73.68 74.32 74.34 74.56 74.75 74.49 74.09 74.08
74.72 73.84 73.68 73.60 72.87 72.98 72.40 72.90 73.06 72.89 73.10 73.14 73.60 73.94 74.27 74.25 74.25 73.70 73.50 73.85 73.37 73.44 73.35 73.27 73.05 72.98 72.75 72.53 72.20 71.87 71.59 71.43 71.39 70.80 70.65 71.22 70.38 69.34 69.48 68.71 69.65 70.45 70.83 71.43 71.68 71.93 71.95 72.17 72.16 72.27 71.28 70.11 70.49 70.59 70.73 70.68 72.07 72.69 72.64 73.00 73.45 73.88 74.17 74.22 74.42 74.34 74.43 74.59 74.48 74.40 74.53 75.53 74.45 74.15 74.41 74.37 74.50 74.65 74.88 74.85 74.93 74.80 74.48 74.48 74.30 73.82 73.49 73.32 73.56 73.63 73.64 73.76 73.45 73.73 73.82 73.70 73.79 73.65 73.61 73.13 73.10 73.66 73.30 73.09 73.41 73.62 73.72 73.39 74.11 74.40 74.69 74.21 74.69 74.60 75.53 75.54 76.68 77.43 78.16 81.78 82.52 82.92 82.35 82.59 82.45 82.55 82.17 81.59 78.42 76.83 77.87 77.35 76.52 76.50 76.42 76.09 76.04 76.29 76.24 75.93 75.82 74.47 74.50 74.13 74.29 73.72 73.89 73.84 73.86 73.95 74.09 73.82 73.56 73.56 73.13 73.04 73.81 72.80 72.59 72.38 73.71 74.11 74.59 73.81 74.04 74.25 74.41 74.28 74.31 74.14 73.94 74.27 73.83 74.18 74.17 73.96 74.18 74.38 74.34 74.27
74.69 73.82 72.32 73.59 72.86 72.69 73.32 72.84 73.19 72.98 72.98 73.25 73.89 74.13 74.25 74.18 74.13 72.91 73.94 73.89 73.66 73.34 73.33 73.20 73.11 72.92 72.74 72.41 72.07 71.78 71.52 71.20 71.01 70.97 70.94 70.18 70.23 69.78 68.46 67.62 69.58 70.62 71.04 71.36 71.72 72.03 72.22 72.36 72.46 72.44 72.37 72.20 71.45 71.45 71.34 70.60 70.89 71.39 72.60 72.93 73.52 74.27 74.41 74.34 74.81 74.38 74.18 74.33 74.61 74.56 74.77 75.13 74.76 74.29 74.59 74.95 74.67 74.63 75.08 74.99 74.91 74.92 74.61 74.75 74.00 73.96 73.79 73.51 73.38 73.61 73.75 73.77 73.93 73.85 73.81 73.72 73.77 73.24 73.66 73.25 73.82 73.90 73.56 73.58 73.88 74.02 74.12 74.01 73.37 74.32 73.99 74.63 74.83 74.97 74.20 74.55 75.90 75.77 76.46 76.47 77.36 77.36 78.98 81.20 79.84 80.18 78.46 79.09 76.76 76.36 76.10 75.80 76.14 76.30 76.12 75.76 75.92 75.89 75.80 75.20 75.12 74.72 74.37 74.18 74.10 73.90 73.85 73.92 73.90 73.93 73.96 73.69 73.65 73.11 73.38 72.88 72.33 72.62 73.51 72.31 73.44 73.97 74.17 73.57 74.20 73.22 74.13 74.36 74.04 73.88 74.10 73.94 73.68 73.84 73.96 74.18 73.98 74.17 74.35 74.57
74.24 73.74 73.71 73.67 72.98 72.85 73.52 72.53 73.02 73.42 73.30 73.77 73.68 73.86 74.24 73.96 74.25 73.28 73.91 73.25 73.29 73.32 73.18 73.15 72.94 72.81 72.65 72.51 72.03 71.70 71.37 71.06 70.68 70.70 70.54 70.73 70.94 69.59 69.32 67.85 69.84 70.67 71.04 71.45 71.82 72.13 72.36 72.51 72.60 72.76 72.72 72.77 72.48 71.82 71.81 71.90 72.20 72.17 72.06 72.04 71.80 73.56 74.45 74.48 74.41 74.43 74.55 74.80 74.50 74.37 74.41 75.19 75.30 75.56 74.98 74.51 74.90 74.92 75.19 75.17 75.14 75.11 74.95 74.61 74.45 74.13 74.20 74.23 73.76 73.63 73.60 73.85 73.88 73.43 73.61 73.77 73.80 73.48 73.48 73.47 73.80 74.10 73.48 73.85 74.07 73.94 74.31 73.57 73.12 73.44 74.18 74.21 74.57 74.36 74.30 74.42 74.45 75.82 75.75 75.98 76.14 76.16 76.43 76.51 76.59 76.91 77.53 76.98 76.77 76.30 75.83 76.07 76.12 75.94 75.48 75.70 73.27 75.78 75.74 73.89 74.52 74.08 73.95 73.93 73.95 73.94 73.93 73.92 73.78 73.72 73.66 73.35 72.80 72.67 72.52 72.84 73.55 72.42 72.52 73.27 72.86 73.40 73.96 73.93 74.45 73.39 74.20 73.92 74.15 74.33 74.21 74.00 73.49 73.24 73.29 73.76 73.77 73.86 74.33 74.40
74.38 73.51 73.95 73.64 73.59 73.53 73.71 74.14 73.48 73.88 73.66 74.37 74.36 74.23 74.37 74.10 74.17 73.68 73.27 73.80 73.40 73.20 73.14 72.99 72.85 72.62 72.46 72.29 71.90 71.44 71.11 70.83 70.58 70.41 70.36 69.71 70.10 70.48 69.32 69.65 70.09 70.62 71.12 71.48 71.72 72.01 72.20 72.45 72.61 72.61 72.79 72.83 72.51 72.08 71.15 71.88 72.20 72.37 72.37 72.20 71.44 72.77 74.14 74.21 74.36 74.38 74.36 73.71 73.99 74.16 74.25 74.29 74.96 75.76 75.98 75.10 75.28 75.39 75.64 75.28 75.28 75.15 75.49 74.98 75.27 74.43 74.53 74.55 74.50 73.72 74.16 74.01 74.33 73.33 73.83 73.79 73.81 73.31 72.94 73.75 73.80 73.65 73.76 73.82 73.67 73.25 73.79 73.04 72.81 73.21 73.57 73.69 74.13 73.96 74.60 75.18 74.75 75.46 75.73 75.92 76.08 75.95 75.86 76.39 76.04 76.65 76.44 75.87 75.73 75.52 75.72 75.41 75.38 75.66 75.40 74.49 74.36 74.76 73.66 74.19 74.00 73.73 73.52 73.56 73.66 73.73 74.10 73.74 73.65 73.48 73.39 73.14 72.72 72.28 72.45 72.74 73.21 72.68 72.11 72.60 72.48 72.95 73.45 73.95 73.52 73.55 74.10 73.53 73.90 74.13 74.07 73.58 73.20 73.94 73.97 73.73 73.89 74.39 74.72 74.29
74.32 74.28 73.66 73.69 73.59 73.75 74.00 74.21 74.40 74.48 74.46 74.40 74.65 74.74 74.37 74.56 73.00 73.39 73.87 73.40 73.40 73.09 73.08 72.96 72.77 72.46 72.22 71.88 71.49 71.13 70.80 70.44 70.25 70.14 70.21 70.15 69.37 69.74 69.28 69.55 70.04 70.61 70.96 71.23 71.48 71.72 71.98 72.22 72.50 72.65 72.95 72.90 72.87 72.47 71.67 71.84 72.17 72.18 72.13 71.74 71.03 73.01 73.95 74.01 73.66 73.88 74.19 73.75 74.18 74.14 73.92 74.50 74.69 75.40 75.61 75.78 75.17 75.36 75.21 75.44 75.43 75.30 75.33 75.64 75.16 74.70 74.84 74.98 74.80 73.50 74.26 74.01 74.36 74.44 74.44 73.87 73.77 75.09 73.76 73.25 73.45 73.22 73.00 72.84 73.18 73.66 72.84 72.80 72.49 73.14 73.43 73.96 73.83 73.43 73.40 73.72 74.42 74.72 75.06 75.32 75.80 75.53 75.82 76.05 76.06 76.37 76.00 75.53 75.51 75.33 74.88 74.96 75.17 75.30 74.33 73.67 72.93 73.14 73.59 73.93 73.65 73.39 73.00 73.15 73.50 73.60 73.67 73.75 73.42 73.33 73.23 73.14 73.36 73.19 73.27 72.65 73.20 72.68 72.26 72.63 72.20 73.13 73.39 73.69 73.69 73.89 73.78 73.97 73.84 74.55 73.85 74.94 73.81 73.90 73.98 73.92 73.71 74.50 74.93 74.27
73.99 74.13 73.67 73.69 73.66 73.69 74.09 74.91 74.56 74.42 74.26 74.32 74.45 74.25 74.40 74.53 74.07 73.64 73.69 73.45 73.25 73.04 72.98 72.81 72.61 72.38 71.97 71.50 70.99 70.59 70.30 69.97 69.78 69.75 69.90 69.44 69.62 68.96 69.10 69.60 69.97 70.37 70.63 70.89 71.20 71.42 71.74 71.98 72.24 72.46 72.60 72.80 72.83 72.39 71.86 72.16 71.74 72.02 71.69 71.33 71.39 71.74 73.78 73.75 73.85 73.67 74.08 74.22 74.14 74.18 74.36 74.33 74.61 74.95 75.62 75.93 75.57 75.38 75.56 75.62 75.50 75.43 75.36 75.60 75.45 75.61 74.98 75.02 74.77 74.31 74.15 74.35 74.55 74.64 74.14 73.98 73.79 73.40 73.36 73.55 73.68 73.81 72.74 73.15 73.45 73.34 73.61 72.58 72.50 72.98 73.52 73.08 73.63 73.61 73.71 74.03 74.20 74.71 74.80 75.32 75.51 75.69 75.25 75.87 75.57 75.44 75.48 74.33 74.86 74.87 74.72 74.52 75.06 74.34 73.83 73.54 72.29 72.44 73.37 73.20 73.43 73.37 72.93 72.56 73.51 73.63 73.62 73.64 73.63 73.33 73.03 72.74 72.45 72.76 73.60 72.76 72.95 72.88 72.34 73.11 72.96 73.18 73.03 73.02 73.70 73.87 74.15 73.89 73.57 74.47 74.62 74.22 74.28 74.60 74.48 73.86 73.44 74.06 74.09 73.81
73.11 73.48 73.52 73.32 73.77 74.09 74.51 75.34 75.29 74.82 74.65 74.31 74.45 74.43 74.65 74.42 74.17 74.01 73.50 73.43 73.24 72.98 72.82 72.54 72.36 72.09 71.71 71.04 70.23 69.81 69.55 69.43 69.31 69.43 69.65 68.20 69.34 68.87 69.01 69.29 69.47 69.83 70.11 70.38 70.73 71.08 71.43 71.70 72.03 72.24 72.37 72.47 72.61 72.53 72.06 71.63 71.60 71.57 71.69 71.56 71.19 72.60 73.49 73.42 73.64 73.83 74.25 74.30 74.37 74.10 74.29 74.54 74.91 75.42 76.10 76.11 76.04 75.41 75.62 75.66 75.87 75.58 75.45 75.41 75.70 75.73 75.24 74.89 74.92 75.02 74.78 74.59 74.66 74.54 74.06 74.20 73.77 73.65 73.93 73.12 73.56 73.67 72.94 73.37 72.90 73.29 72.56 72.37 72.93 72.96 72.77 73.18 73.16 73.39 73.54 73.76 73.80 73.75 73.83 74.96 75.20 75.22 75.34 75.33 75.07 75.06 74.53 74.53 74.64 74.51 74.43 73.85 73.64 73.98 73.61 73.26 72.75 72.58 73.02 73.24 73.54 73.55 73.76 73.72 73.53 73.56 73.57 73.57 73.40 73.26 73.51 72.91 72.48 72.59 73.04 73.19 73.05 73.27 72.70 73.15 73.27 73.05 72.93 72.84 73.47 73.49 73.34 73.26 74.05 74.53 74.85 75.03 75.13 75.39 74.99 75.06 74.86 74.52 74.63 73.18
73.17 73.17 73.36 73.79 73.82 74.12 74.96 75.16 75.13 75.01 74.81 74.47 74.57 73.84 74.55 75.06 74.25 74.23 73.81 73.37 73.20 72.98 72.57 72.26 72.06 71.76 71.28 70.24 69.38 68.86 68.79 68.87 69.05 69.20 68.91 68.33 68.70 68.90 68.78 68.67 68.79 69.17 69.55 69.83 70.31 70.70 71.07 71.36 71.69 71.98 72.09 72.30 72.30 72.36 71.96 71.57 71.04 71.06 71.58 71.45 71.19 72.74 73.44 72.80 73.27 75.86 76.69 75.73 74.22 74.41 73.89 74.46 74.80 75.22 76.09 76.04 76.07 75.39 75.70 75.48 75.70 75.60 75.62 75.61 75.65 75.59 75.38 75.38 75.27 75.04 74.59 74.67 74.69 74.52 74.26 74.26 73.81 73.89 73.50 74.25 73.68 73.41 72.97 72.97 72.97 72.91 73.03 72.51 73.06 73.04 73.21 73.02 72.82 72.80 73.15 73.23 73.43 74.14 74.24 73.70 74.31 74.19 74.44 74.47 74.36 74.87 74.74 74.72 74.59 74.42 73.79 73.90 72.72 73.12 73.28 73.09 72.47 72.48 73.06 73.32 73.63 73.63 73.74 73.83 73.58 73.51 73.45 73.36 73.30 73.01 73.16 73.05 72.68 72.81 72.66 72.74 73.01 73.25 73.00 73.60 73.24 73.19 72.95 72.74 73.84 72.80 73.14 73.43 74.07 74.83 75.00 75.23 75.23 75.43 75.58 75.13 75.17 74.83 75.16 74.35
74.69 73.19 74.23 73.93 74.34 74.59 75.59 75.47 74.92 75.02 75.00 74.50 74.28 74.35 74.57 75.00 73.35 74.31 74.61 73.51 73.27 72.93 72.62 72.30 71.89 71.39 70.57 69.24 67.92 67.52 67.94 68.48 68.65 68.90 69.04 68.99 69.17 69.20 68.55 68.24 68.22 68.75 69.09 69.40 69.88 70.43 70.82 71.11 71.32 71.47 71.47 71.87 72.04 72.03 71.68 71.54 71.15 72.15 71.39 72.30 72.75 75.57 76.37 76.66 76.99 76.78 76.49 76.88 76.84 74.57 74.42 75.07 74.96 75.11 75.82 75.80 75.96 75.78 75.62 75.55 75.61 75.62 75.57 75.72 75.56 75.49 75.51 75.34 75.22 75.13 75.22 74.98 74.83 74.44 74.25 74.28 74.16 73.92 73.36 73.92 73.20 73.34 73.20 72.83 72.97 72.68 72.84 72.82 72.67 72.76 73.21 72.69 72.52 72.50 72.60 72.25 73.22 74.09 74.14 74.17 73.66 74.20 74.17 74.05 74.36 74.57 74.52 74.77 74.11 73.70 73.49 72.56 72.47 72.53 72.85 72.69 72.43 72.61 72.66 73.12 73.44 73.66 73.59 73.59 73.70 73.55 73.31 73.39 73.04 73.25 73.01 73.26 72.59 72.28 73.28 73.47 72.74 73.43 73.48 73.18 73.25 73.12 72.73 72.98 73.48 73.63 73.48 73.51 73.81 75.05 75.35 75.93 75.70 75.59 75.11 75.73 75.35 75.95 74.27 74.48
74.87 74.77 74.42 74.08 74.35 74.87 75.33 75.67 75.50 75.63 75.35 74.82 74.67 74.88 74.86 74.96 74.38 74.33 74.16 73.77 73.43 73.01 72.66 72.30 71.79 71.16 70.21 68.37 66.35 65.93 67.04 68.06 68.39 68.48 68.57 69.22 68.99 68.96 68.40 68.15 68.19 69.35 68.64 69.11 69.61 70.10 70.58 70.88 71.11 71.27 71.30 72.04 71.43 72.78 76.19 75.51 75.59 73.40 76.78 77.25 75.58 72.80 72.70 72.97 75.82 76.36 75.81 75.79 73.75 76.59 74.67 74.81 75.11 75.35 75.45 75.75 75.69 75.93 76.07 75.68 75.63 75.64 75.61 75.61 75.42 75.48 75.62 75.41 75.19 75.46 75.30 75.20 74.97 74.66 75.04 74.51 74.29 74.00 73.83 73.84 73.80 73.50 73.09 72.88 72.67 73.20 72.74 72.72 72.60 72.53 72.57 72.73 72.32 72.72 72.61 72.86 72.88 73.75 73.96 73.81 73.89 74.17 74.01 74.00 73.67 74.20 74.27 74.29 74.04 73.80 72.71 72.46 72.14 72.70 72.57 72.79 72.36 72.54 73.24 73.26 73.78 73.62 73.73 73.62 73.66 73.56 73.16 72.97 72.89 72.96 72.92 72.68 73.10 72.60 73.53 73.49 72.93 72.93 73.30 73.41 73.10 73.21 72.80 72.66 73.02 74.05 74.11 74.31 74.75 75.41 75.64 75.82 75.88 75.81 75.76 75.89 75.98 75.81 75.98 75.81
75.96 75.68 76.03 76.06 75.14 75.11 75.39 75.71 75.51 75.51 75.36 75.28 75.34 74.92 75.17 75.04 74.93 74.55 74.34 73.96 73.56 73.24 72.73 72.29 71.64 71.03 70.16 68.56 66.41 64.75 65.64 68.04 68.29 68.31 68.23 68.84 68.77 68.49 68.06 67.83 68.27 68.59 68.53 69.02 69.44 69.84 70.52 70.72 70.92 71.14 71.01 71.68 75.33 75.99 77.34 77.36 73.89 70.45 70.23 71.27 71.96 72.17 72.49 72.72 73.23 73.09 73.30 74.94 74.11 74.28 76.79 75.30 76.76 75.84 75.56 75.96 76.05 75.86 75.98 76.02 75.70 75.70 75.75 75.65 75.68 75.62 75.81 75.53 75.61 75.40 75.41 75.60 75.03 74.84 74.59 74.59 74.66 74.24 72.89 73.33 73.84 73.93 73.37 73.11 73.00 72.66 72.63 72.72 72.50 72.54 73.02 72.68 72.78 72.48 72.75 72.91 72.84 73.10 73.51 73.29 73.45 73.75 73.71 73.61 73.25 74.14 74.04 74.31 74.01 73.97 73.65 72.79 72.22 72.46 72.40 72.98 72.60 73.08 73.44 73.46 73.91 73.78 73.58 73.67 73.67 73.62 73.46 73.51 73.21 73.18 73.02 72.63 72.22 72.71 72.64 72.90 73.32 73.43 73.14 73.63 73.31 73.86 74.16 73.78 74.01 75.31 74.21 74.70 75.00 75.54 75.71 75.75 75.99 75.92 76.03 76.10 76.11 75.66 75.82 75.54
75.29 75.55 75.51 75.82 76.04 75.32 75.72 75.50 75.74 75.83 75.48 75.61 75.37 75.28 75.29 75.06 75.06 74.76 74.55 74.11 73.81 73.33 72.95 72.42 71.86 71.17 70.37 69.61 66.74 63.68 63.67 67.06 68.16 68.17 68.25 68.14 68.54 68.32 68.35 68.05 68.18 68.77 70.39 72.00 70.85 69.88 70.45 71.03 70.97 71.38 75.24 76.39 76.33 77.14 75.60 70.93 70.06 72.08 70.66 71.90 72.17 72.32 73.07 72.93 73.43 73.64 75.26 74.20 76.14 74.56 76.83 76.80 76.93 76.49 76.29 76.05 75.70 75.89 75.92 76.29 76.01 75.66 75.79 75.81 75.77 75.78 75.95 75.59 75.62 75.61 75.79 75.24 75.25 75.16 74.83 74.50 74.61 74.33 73.64 73.54 73.88 73.64 73.22 73.42 73.38 72.94 72.64 73.03 74.29 74.68 72.77 73.13 72.91 73.02 72.98 72.83 72.86 72.96 73.25 73.32 73.31 73.10 73.33 73.13 73.09 73.23 73.53 73.92 73.97 73.96 73.57 73.14 72.23 73.10 73.11 72.50 73.40 73.67 73.03 73.51 73.86 73.88 74.02 73.79 73.77 73.53 73.42 73.86 73.74 73.29 72.48 72.71 72.23 73.01 73.46 73.27 73.50 73.95 73.48 73.73 74.24 75.29 75.62 75.08 75.01 75.62 75.58 75.43 75.65 75.70 75.83 75.94 76.04 76.31 76.20 76.18 75.55 73.71 75.79 75.66
75.73 75.69 75.59 75.59 76.27 76.13 75.85 75.89 76.16 76.00 75.91 75.69 75.54 75.50 75.49 75.56 75.48 75.07 74.74 74.38 73.99 73.54 73.15 72.55 71.99 71.47 70.81 70.24 67.29 64.67 65.29 66.55 67.85 68.09 68.25 68.46 68.05 68.06 68.46 68.06 71.26 71.56 68.99 72.89 72.14 72.35 72.60 75.13 74.42 73.78 72.23 70.65 73.55 77.00 75.47 75.67 75.98 72.77 71.73 72.37 72.50 72.53 72.86 73.05 74.44 75.81 75.78 75.62 73.71 73.91 75.76 76.84 76.77 76.52 76.67 76.47 76.25 75.78 75.75 75.90 75.96 75.87 75.92 75.74 75.81 75.71 75.60 75.50 75.43 75.55 75.48 75.59 75.24 75.15 75.13 75.20 75.21 74.58 73.98 74.17 73.21 73.16 73.33 73.41 72.67 73.18 73.35 73.03 73.01 73.07 73.30 73.27 73.44 72.69 72.79 72.81 72.81 73.37 73.43 73.22 72.82 72.64 72.75 72.51 72.97 73.53 73.28 73.44 73.92 73.92 73.79 73.65 72.59 72.50 72.94 73.20 73.24 73.35 73.19 73.60 73.90 73.81 74.13 74.06 73.99 74.04 74.16 74.16 74.12 74.42 72.26 72.10 72.27 73.00 72.52 73.87 75.30 74.58 74.70 74.64 75.30 75.58 75.51 75.37 75.83 76.02 75.87 76.00 76.02 76.00 76.02 76.02 76.11 76.23 76.32 76.32 76.10 75.92 75.89 75.74
75.79 75.89 75.98 75.94 75.77 76.29 76.26 76.25 76.33 76.05 75.89 75.50 75.64 75.78 75.93 76.02 76.01 75.75 74.90 74.88 74.37 73.95 73.48 72.89 72.38 71.83 71.29 70.42 69.31 67.85 66.72 66.93 67.84 67.98 68.32 68.56 68.54 69.48 68.79 68.21 68.53 68.82 69.23 73.58 71.71 74.04 71.76 72.70 71.67 70.91 70.48 73.65 74.85 75.39 74.68 70.97 71.33 72.50 75.44 74.97 72.76 72.92 73.04 73.09 73.88 73.44 74.30 73.73 73.82 74.15 74.84 75.50 76.34 75.34 75.30 76.35 76.51 76.37 75.54 75.70 76.22 76.06 76.02 75.92 75.86 75.71 75.55 75.58 75.70 75.61 75.51 75.44 75.53 75.08 75.13 75.28 75.21 75.17 74.78 74.90 73.98 72.95 73.16 73.36 73.72 73.40 73.28 73.21 73.35 73.16 73.79 73.89 73.71 72.90 72.72 72.79 72.54 72.77 72.50 73.10 72.77 73.12 72.85 72.87 73.14 72.93 73.59 73.15 73.75 73.82 73.65 73.06 73.19 72.64 73.14 73.32 73.70 73.58 73.70 73.84 73.71 73.97 74.52 74.58 74.34 74.28 75.07 74.73 74.18 73.91 73.27 72.79 73.66 73.53 73.41 74.02 75.88 75.34 76.54 75.85 75.68 75.47 75.43 75.88 75.88 76.13 76.14 76.09 76.09 76.15 76.18 76.17 76.28 76.27 76.27 76.30 76.32 76.20 76.06 75.92
75.94 75.91 76.07 76.09 76.00 76.44 76.45 76.38 76.17 76.25 75.72 75.15 75.85 76.30 76.27 76.35 75.64 74.93 75.73 75.36 75.01 74.33 74.17 73.52 72.84 72.27 71.74 70.84 70.18 68.98 68.10 67.93 67.69 67.67 68.40 68.80 69.11 69.27 69.30 68.90 68.71 69.24 69.60 70.43 70.72 70.77 71.38 71.42 71.24 70.94 70.70 70.50 70.97 73.32 72.73 71.49 72.09 72.62 72.96 76.13 72.73 73.49 73.44 73.71 73.84 73.97 75.15 74.34 74.52 74.92 75.18 75.38 76.76 75.75 75.65 76.23 76.04 76.15 75.84 75.90 76.02 76.02 76.23 76.06 75.89 75.79 75.87 75.73 75.72 75.67 75.62 75.50 75.41 75.37 75.23 75.19 74.67 75.19 75.18 75.23 74.25 73.60 73.37 73.56 73.88 73.36 73.51 73.73 73.66 73.67 73.94 73.95 73.62 73.29 73.10 72.62 72.32 73.62 73.38 73.13 73.03 73.15 72.97 73.38 72.79 73.17 72.91 73.63 73.70 73.95 73.46 73.62 73.51 73.37 73.81 74.61 73.43 74.16 74.01 73.70 73.98 74.06 74.89 74.89 74.41 75.23 75.02 74.48 74.11 73.78 73.17 73.38 73.25 73.46 73.71 74.70 75.79 75.90 75.90 75.63 75.96 75.89 75.87 75.82 75.96 76.15 76.06 75.90 76.25 76.28 76.26 76.32 76.35 76.37 76.37 76.37 76.34 76.29 76.13 76.10
76.15 76.11 76.15 76.25 76.29 76.45 76.46 76.34 76.28 75.96 75.58 74.98 76.01 76.28 76.43 76.10 75.72 75.97 75.89 75.40 75.23 74.93 74.59 74.04 73.41 72.59 71.95 71.25 70.58 69.89 68.93 68.41 67.20 65.92 68.58 68.98 69.23 69.48 69.63 69.66 69.69 70.49 70.83 71.13 71.38 71.93 72.24 72.47 72.73 72.94 72.36 73.75 76.21 71.50 71.63 71.91 72.76 73.11 73.20 74.53 73.53 73.82 73.84 73.82 74.09 74.21 74.18 75.08 75.26 75.27 75.97 75.44 76.59 76.62 75.97 75.98 75.87 75.91 75.95 76.09 76.34 76.25 76.18 75.95 75.98 75.96 75.86 75.73 75.65 75.61 75.66 75.75 75.54 75.48 75.29 75.20 74.54 75.16 75.15 75.21 74.29 74.07 73.86 73.63 73.88 73.80 73.75 73.96 74.02 74.10 74.26 74.23 73.47 73.22 73.19 72.84 72.52 73.64 73.40 73.36 73.38 72.95 73.03 72.81 73.20 73.27 73.47 73.62 74.28 74.10 73.71 73.18 73.69 73.82 74.53 74.50 74.24 75.18 74.05 73.86 74.10 74.28 74.98 75.04 75.10 75.29 75.16 74.04 74.35 73.80 73.65 73.75 74.52 74.59 75.00 75.88 76.09 76.18 76.05 76.02 76.23 76.14 75.97 75.96 76.16 76.08 75.86 76.08 76.24 76.29 76.31 76.33 76.34 76.37 76.38 76.38 76.31 76.32 76.24 76.17
76.20 76.11 76.24 76.38 76.33 76.39 76.46 76.58 76.30 76.07 75.67 75.69 76.19 76.43 76.44 76.29 76.17 76.07 75.33 75.76 75.43 75.43 74.64 73.78 73.19 73.03 72.34 71.44 70.66 70.39 69.98 69.47 67.54 65.31 66.11 69.23 69.37 69.50 69.80 70.11 70.49 70.80 71.03 71.34 71.74 72.24 72.58 72.95 73.54 73.97 72.45 71.41 71.23 71.62 71.94 72.55 73.03 73.49 73.55 74.05 73.75 74.00 74.77 73.98 74.13 74.29 74.12 75.57 74.80 75.16 75.55 76.46 76.94 76.91 75.72 75.86 75.89 75.95 75.73 76.38 75.77 76.36 76.07 75.90 76.06 76.04 75.88 75.72 75.78 75.65 75.63 75.72 75.58 75.57 75.52 75.26 75.17 74.76 74.81 74.58 74.54 74.62 74.33 74.55 73.96 73.71 73.78 74.39 74.21 74.18 74.17 73.71 73.88 73.71 73.25 73.05 73.41 73.39 73.06 73.52 73.29 73.13 73.22 73.25 73.23 73.35 73.55 73.83 73.89 74.13 74.64 74.42 74.97 74.93 75.01 74.97 74.63 74.58 74.83 74.48 75.00 75.09 75.40 75.38 75.45 75.09 74.41 74.33 74.40 74.02 74.31 74.79 75.57 75.79 75.83 75.90 76.10 76.19 76.14 76.22 76.15 76.15 76.08 76.19 76.17 76.10 75.99 76.20 76.26 76.29 76.32 76.34 76.34 76.36 76.37 76.37 76.38 76.35 76.32 76.27
76.39 76.36 76.38 76.43 76.48 76.51 76.49 76.46 76.41 76.08 75.97 76.02 76.45 76.50 76.49 76.40 76.33 75.78 75.61 75.95 75.80 75.09 74.36 73.55 72.84 73.66 72.85 70.88 70.68 70.77 70.63 70.76 70.29 67.29 68.58 69.48 69.26 69.38 69.84 70.28 70.67 70.89 71.08 71.06 72.13 72.58 73.10 73.45 73.82 74.61 74.68 73.03 72.40 72.65 73.06 73.44 73.69 73.81 73.90 74.25 74.16 74.00 73.68 74.83 74.98 74.49 74.66 75.19 75.27 75.53 75.65 75.81 76.64 76.70 76.50 76.31 76.39 76.30 76.20 76.21 75.91 75.86 76.08 75.98 75.91 76.07 75.84 75.65 75.73 75.73 75.80 75.73 75.67 75.58 75.49 75.30 75.26 74.99 75.15 74.94 74.92 74.93 74.92 74.63 74.63 73.94 74.27 74.75 75.19 74.12 74.29 73.98 73.55 73.51 73.35 73.82 73.59 73.58 73.23 73.55 73.36 73.20 73.16 73.30 73.32 73.40 73.67 73.84 74.13 74.28 75.25 75.64 75.85 75.93 76.20 75.93 75.17 75.04 74.85 75.18 75.23 75.43 75.56 75.43 75.36 74.82 74.75 74.56 74.39 74.01 75.04 75.89 75.82 75.69 75.75 76.07 76.14 76.20 76.21 76.25 76.12 76.24 76.20 76.23 76.21 76.13 76.17 76.24 76.27 76.28 76.29 76.33 76.34 76.35 76.35 76.37 76.38 76.39 76.40 76.41
76.39 76.43 76.56 76.44 76.52 76.53 76.50 76.49 76.45 76.29 76.21 76.16 76.51 76.56 76.56 76.50 76.16 75.62 76.13 76.04 75.64 74.56 73.84 73.37 73.70 73.83 73.57 72.24 70.79 70.69 70.89 71.29 71.54 71.21 70.35 69.77 69.09 68.92 69.95 70.52 70.91 71.12 71.23 70.99 72.32 73.15 73.56 73.87 74.32 75.02 75.30 73.52 73.50 73.84 74.08 74.29 74.24 74.29 74.34 74.54 74.89 74.36 73.90 74.09 74.42 74.97 75.22 75.34 75.40 75.70 75.99 76.51 76.01 76.32 76.67 76.50 76.27 75.99 75.91 75.93 75.82 75.99 75.89 75.97 76.10 75.95 75.92 75.71 75.77 75.72 75.68 75.70 75.48 75.44 75.41 75.39 75.35 75.37 75.22 74.97 74.95 74.94 74.83 74.91 74.80 74.76 74.84 74.72 74.84 73.94 74.13 73.29 73.50 73.38 73.60 73.42 73.45 73.61 73.52 73.51 73.36 73.22 73.11 73.16 73.77 73.48 73.64 73.96 74.33 74.88 75.60 76.61 76.67 76.68 76.66 76.58 76.40 75.78 75.59 75.50 75.48 75.71 75.60 75.36 75.40 74.95 74.73 74.75 74.15 74.26 75.87 75.80 75.91 75.93 76.00 76.03 76.16 76.21 76.24 76.24 76.22 76.21 76.23 76.23 76.24 76.24 76.24 76.24 76.27 76.27 76.28 76.30 76.32 76.34 76.34 76.36 76.38 76.39 76.40 76.42
76.41 76.44 76.46 76.47 76.51 76.53 76.52 76.52 76.49 76.40 76.28 76.42 76.56 76.60 76.61 76.52 76.08 76.30 76.26 76.06 75.36 74.70 74.82 74.51 74.31 74.24 73.85 72.97 70.40 70.55 70.88 71.68 71.94 71.68 71.04 70.18 68.24 68.22 70.39 70.85 71.13 71.31 71.43 71.69 72.88 73.30 73.66 74.07 74.48 74.93 75.32 75.38 74.21 74.18 74.17 74.22 74.40 74.58 74.74 74.88 74.94 74.68 74.12 74.66 75.13 75.23 75.48 75.57 75.63 75.82 76.06 76.52 76.71 76.53 76.65 76.05 76.00 75.94 76.24 76.29 76.21 75.96 76.00 76.04 75.95 75.81 75.81 75.69 75.78 75.64 75.72 75.66 75.63 75.70 75.39 75.31 75.22 75.37 75.12 74.81 74.81 74.88 74.99 74.81 74.75 75.00 74.47 75.19 74.84 74.91 74.37 73.89 73.77 73.23 73.35 73.46 73.35 73.52 73.52 73.55 73.31 73.37 73.13 73.71 74.15 73.38 73.65 74.05 74.86 75.80 76.57 76.71 76.69 76.69 76.69 76.65 76.64 76.46 75.83 75.80 75.86 75.75 75.49 75.54 74.95 74.56 74.70 75.10 74.78 74.73 75.77 75.98 76.02 76.08 76.12 76.10 76.22 76.24 76.22 76.24 76.25 76.21 76.23 76.22 76.24 76.24 76.23 76.24 76.24 76.24 76.26 76.23 76.30 76.32 76.31 76.36 76.38 76.40 76.41 76.42
76.43 76.48 76.40 76.43 76.52 76.52 76.53 76.51 76.55 76.43 76.33 76.53 76.61 76.63 76.62 76.43 76.31 76.43 76.23 75.80 75.68 75.45 75.33 75.13 74.88 74.50 74.13 73.11 70.94 70.84 71.40 72.25 72.21 72.41 71.93 70.61 67.69 66.16 69.73 71.13 71.30 71.52 71.75 72.13 72.79 73.31 73.73 74.17 74.51 74.97 75.32 75.40 75.18 74.46 74.37 74.38 74.53 74.73 74.87 75.05 75.22 75.10 74.88 74.95 75.15 75.52 75.82 75.86 75.90 76.12 76.50 76.54 76.50 76.68 76.19 76.17 76.21 76.16 76.29 76.02 76.02 75.98 75.94 76.00 76.04 75.94 75.88 75.98 75.88 75.89 75.75 75.69 75.58 75.64 75.51 75.71 75.36 75.23 75.16 75.19 75.12 74.67 74.40 74.31 74.89 75.08 75.15 74.63 74.55 74.37 74.30 74.31 74.10 74.30 73.92 73.60 73.45 73.49 73.48 73.18 73.39 73.31 73.00 74.45 73.50 73.37 73.80 74.35 75.21 76.21 76.63 76.72 76.73 76.73 76.70 76.68 76.66 76.59 76.39 76.16 76.01 75.97 75.47 75.21 75.18 75.08 75.46 75.65 75.50 75.51 75.91 76.09 76.17 76.07 76.20 76.26 76.22 76.21 76.17 76.18 76.34 76.14 76.12 76.16 76.21 76.23 76.19 76.21 76.17 76.18 76.19 76.28 76.29 76.32 76.30 76.35 76.38 76.40 76.41 76.41
76.45 76.45 76.45 76.46 76.54 76.54 76.57 76.56 76.61 76.58 76.53 76.64 76.66 76.65 76.63 76.60 76.44 76.45 76.23 75.95 75.81 75.70 75.44 75.16 74.83 74.54 74.01 73.07 72.27 72.58 72.50 72.48 72.49 72.49 72.59 72.47 68.29 63.54 64.85 71.12 71.46 71.70 71.98 72.35 72.78 73.36 73.89 74.26 74.68 74.96 75.26 75.42 75.38 74.69 74.55 74.53 74.68 74.87 74.97 75.12 75.26 74.98 74.87 75.28 75.56 75.75 76.02 76.14 76.23 76.17 76.66 76.58 76.16 76.69 76.52 76.14 76.54 76.07 76.00 76.11 75.99 75.95 75.87 75.83 75.93 75.97 76.04 75.98 75.93 75.86 75.75 75.71 75.73 75.73 75.80 75.51 75.65 75.22 75.30 75.36 75.23 75.18 74.81 74.35 75.05 74.95 75.71 74.90 75.35 74.27 74.54 74.49 74.42 74.64 74.27 73.70 73.42 73.69 73.92 73.33 73.53 73.42 73.19 73.06 73.24 73.71 74.13 74.71 75.63 76.33 76.71 76.74 76.76 76.73 76.69 76.69 76.64 76.61 76.47 76.25 76.13 75.52 75.70 75.55 75.34 75.71 75.93 76.02 76.01 76.04 76.13 76.22 76.30 76.31 76.25 76.28 76.24 76.24 76.15 76.09 76.02 75.93 75.97 76.00 76.05 76.09 76.11 76.11 76.13 76.26 75.89 76.20 76.27 76.27 76.27 76.37 76.38 76.38 76.21 76.40
76.40 76.47 76.32 76.32 76.53 76.52 76.57 76.60 76.61 76.63 76.66 76.69 76.69 76.68 76.67 76.61 76.55 76.42 75.91 75.96 75.87 75.59 75.38 75.21 74.79 74.40 74.04 73.62 72.81 72.80 72.67 72.64 72.63 72.72 72.91 73.09 72.33 65.18 66.21 70.29 71.27 71.93 72.29 72.56 69.75 73.64 74.07 74.41 74.76 74.96 75.30 75.40 75.42 74.78 74.69 74.75 74.88 75.01 75.09 75.19 75.23 75.30 75.43 75.31 75.71 76.07 76.20 76.29 76.34 76.58 76.63 76.58 76.34 76.29 76.21 76.51 76.27 76.21 75.99 75.82 75.82 75.94 75.87 75.93 75.92 75.92 76.66 75.94 76.31 75.87 75.71 75.75 75.76 75.88 75.82 75.47 75.48 75.54 75.62 75.64 75.59 75.10 74.93 75.02 75.14 75.28 75.13 75.37 75.73 74.83 74.81 75.12 74.67 74.57 74.40 74.16 73.89 74.02 74.17 74.09 73.92 73.54 73.44 73.47 73.57 73.82 74.33 75.06 75.85 76.37 76.71 76.73 76.73 76.71 76.68 76.68 76.66 76.63 76.52 76.32 76.22 75.89 75.96 76.00 75.99 76.04 76.02 76.21 76.14 76.25 76.29 76.32 76.38 76.42 76.43 76.35 76.32 76.22 76.06 75.84 75.57 75.41 75.63 75.65 75.81 75.91 75.95 76.05 76.03 76.05 76.08 75.98 76.25 76.25 76.29 76.30 76.37 76.35 75.96 76.24
76.41 76.47 76.49 76.56 76.55 76.52 76.59 76.64 76.65 76.67 76.70 76.74 76.74 76.73 76.72 76.65 76.43 76.25 75.99 75.98 75.43 72.15 67.91 67.38 69.55 74.26 73.91 73.78 73.50 72.98 72.89 72.76 72.77 72.84 72.93 73.04 73.07 71.80 69.88 70.24 71.48 72.12 72.55 72.81 73.29 73.96 74.23 74.54 74.78 74.95 75.24 75.40 75.47 74.87 74.87 74.85 74.96 75.10 75.19 75.21 75.28 75.28 75.22 75.55 76.10 76.24 76.32 76.37 76.39 76.55 76.65 76.60 76.47 76.37 76.51 76.35 76.29 76.21 76.14 76.09 76.13 75.96 75.58 76.42 75.98 75.93 75.97 75.92 75.93 75.94 76.23 75.98 75.80 75.75 75.70 75.63 75.66 75.72 75.76 75.84 75.70 75.69 75.27 75.19 75.28 75.30 75.13 75.76 75.53 74.58 74.88 74.93 74.99 75.04 74.50 74.40 74.15 73.97 74.06 74.07 73.84 73.96 73.76 73.83 73.98 74.15 74.57 75.40 76.08 76.68 76.70 76.68 76.72 76.70 76.67 76.66 76.64 76.62 76.53 76.37 76.27 76.22 76.14 76.12 76.10 76.12 76.16 76.22 76.32 76.35 76.39 76.43 76.43 76.46 76.46 76.45 76.34 76.19 75.92 75.58 75.27 75.07 74.83 75.07 75.28 75.68 75.83 75.92 75.94 75.99 76.02 76.05 76.15 76.23 76.25 76.28 76.31 76.39 76.17 76.64
76.45 76.50 76.52 76.57 76.39 76.57 76.59 76.62 76.68 76.69 76.73 76.76 76.77 76.77 76.79 76.50 76.33 76.30 76.12 76.13 74.79 67.09 63.87 62.91 65.31 71.79 73.86 73.81 74.06 73.51 73.19 72.90 72.82 72.88 72.95 73.06 73.08 72.86 71.75 71.62 72.10 72.34 72.62 72.91 73.37 74.00 74.37 74.66 74.86 75.03 75.16 75.47 75.41 74.67 74.72 75.00 75.05 75.15 75.19 75.25 75.32 75.43 75.61 75.99 76.14 76.33 76.40 76.48 76.57 76.59 76.54 76.60 76.57 76.50 76.53 76.41 76.27 76.29 76.25 76.08 75.99 75.79 76.00 76.21 75.90 75.95 75.96 76.55 75.94 76.06 75.97 75.93 75.74 75.73 75.82 75.89 75.83 75.84 75.84 75.94 75.92 75.82 75.53 75.43 75.66 75.63 75.63 75.59 75.04 74.79 74.99 75.02 74.85 74.68 74.60 74.49 74.22 73.54 73.92 74.05 74.10 74.08 74.02 74.09 74.18 74.37 75.18 75.53 76.14 76.61 76.68 76.69 76.68 76.67 76.66 76.66 76.64 76.58 76.53 76.45 76.37 76.39 76.32 76.31 76.30 76.36 76.37 76.39 76.43 76.46 76.48 76.48 76.48 76.51 76.50 76.49 76.42 76.17 75.91 75.36 74.94 74.50 74.20 74.22 74.64 75.47 75.73 75.79 75.79 75.88 75.97 76.07 76.15 76.21 76.20 76.27 76.40 76.40 76.36 76.47
76.44 76.51 76.55 76.57 76.60 76.57 76.58 76.63 76.69 76.71 76.75 76.78 76.80 76.81 76.82 76.54 76.35 76.21 75.80 76.00 75.26 67.21 63.96 63.24 64.97 71.83 74.16 74.31 74.35 74.19 73.56 73.05 72.75 72.67 72.68 72.96 73.12 73.09 72.61 72.44 72.53 72.60 72.69 72.90 73.23 73.80 74.47 74.74 74.97 75.06 75.17 75.51 75.26 75.33 74.66 74.87 75.06 75.12 75.23 75.25 75.39 75.43 75.78 76.14 76.30 76.41 76.53 76.57 76.64 76.64 76.69 76.65 76.63 76.59 76.56 76.40 76.35 76.37 76.50 76.13 76.03 75.94 75.98 76.04 76.50 75.85 75.92 75.79 75.92 75.97 76.00 76.01 76.17 75.90 75.88 75.94 75.90 75.90 75.88 75.92 75.94 75.70 76.28 75.70 75.82 75.44 75.26 75.57 75.25 75.16 75.01 74.87 74.62 74.57 74.59 74.85 74.04 74.25 73.99 74.35 74.53 74.75 74.10 74.16 74.26 74.49 75.06 74.90 75.88 76.31 76.54 76.66 76.64 76.64 76.63 76.61 76.60 76.59 76.55 76.52 76.50 76.49 76.52 76.48 76.49 76.48 76.51 76.52 76.52 76.54 76.56 76.55 76.59 76.57 76.56 76.51 76.44 76.16 75.72 75.10 74.32 73.85 73.72 74.03 74.10 73.19 75.47 75.62 75.71 75.81 75.93 76.05 76.14 76.21 76.24 76.34 76.19 76.43 76.42 76.47
76.58 76.54 76.54 76.61 76.65 76.65 76.64 76.68 76.73 76.75 76.78 76.80 76.82 76.83 76.83 76.53 76.34 75.96 75.82 76.06 75.84 69.02 66.92 66.13 67.78 73.64 74.67 74.67 74.56 74.27 73.82 73.25 72.74 72.47 72.27 72.18 73.05 73.07 72.90 72.75 72.71 72.73 72.79 72.94 73.22 73.78 74.59 74.73 74.88 75.04 75.03 75.33 75.53 75.62 74.79 74.88 74.93 75.07 75.12 75.29 75.41 75.46 75.96 76.16 76.33 76.57 76.60 76.63 76.67 76.68 76.68 76.67 76.62 76.63 76.59 76.47 76.44 76.45 76.31 76.13 76.09 76.20 76.10 76.03 75.84 75.96 76.10 75.93 75.97 76.02 75.97 75.97 75.91 75.89 76.01 75.96 75.90 75.93 75.92 75.92 75.96 75.75 75.59 75.84 75.47 75.60 75.77 74.86 75.26 75.59 74.81 74.60 74.56 74.65 74.67 74.85 74.34 74.35 73.33 74.62 74.69 74.63 73.86 74.07 74.41 74.48 74.99 74.82 75.32 75.79 76.26 76.34 76.49 76.53 76.53 76.59 76.58 76.58 76.57 76.56 76.56 76.59 76.58 76.58 76.59 76.58 76.60 76.61 76.61 76.59 76.61 76.60 76.61 76.58 76.60 76.59 76.52 76.20 75.63 74.68 73.69 73.48 73.40 73.38 73.91 74.62 75.20 75.43 75.59 75.77 75.94 76.04 76.13 76.19 76.28 76.31 76.17 76.45 76.45 76.49
76.56 76.58 76.60 76.63 76.66 76.69 76.71 76.74 76.76 76.78 76.80 76.81 76.82 76.83 76.83 76.55 76.26 75.88 76.05 76.18 76.19 74.29 72.18 71.27 74.17 75.37 74.99 74.88 74.69 74.17 73.70 73.26 72.83 72.36 72.09 72.00 72.77 73.08 73.00 72.75 72.74 72.53 72.81 73.00 73.05 74.00 74.29 74.58 74.70 74.88 74.99 75.11 75.32 75.57 75.33 75.03 75.70 76.22 76.08 75.60 75.47 75.30 75.99 76.17 76.35 76.56 76.63 76.66 76.69 76.71 76.69 76.71 76.61 76.73 76.65 76.56 76.54 76.55 76.52 76.31 76.14 75.96 75.82 75.98 75.89 75.93 75.96 76.00 75.99 75.89 76.03 76.05 76.02 75.96 76.07 76.10 76.18 75.80 76.03 76.01 75.92 75.78 75.61 75.77 75.78 75.72 75.72 75.50 75.22 75.39 75.09 74.77 74.77 74.56 74.53 74.58 74.72 74.31 73.53 74.52 74.65 74.41 75.39 75.03 74.36 74.32 74.66 74.92 75.05 75.50 75.82 76.03 76.20 76.32 76.44 76.53 76.57 76.59 76.61 76.61 76.61 76.66 76.62 76.66 76.68 76.69 76.70 76.68 76.73 76.70 76.70 76.69 76.68 76.68 76.69 76.65 76.62 76.27 75.58 74.55 73.84 73.39 73.22 71.59 72.44 73.98 74.90 75.33 75.62 75.78 75.94 76.05 76.16 76.24 76.34 76.28 76.40 76.44 76.34 76.53
76.58 76.59 76.59 76.66 76.70 76.71 76.74 76.75 76.76 76.78 76.80 76.81 76.81 76.82 76.83 76.57 76.17 76.00 76.04 75.93 76.20 76.12 76.10 76.09 75.84 75.50 74.78 74.99 74.50 73.98 73.46 73.13 72.66 72.26 72.02 71.53 71.58 72.98 73.07 72.74 72.84 72.76 72.87 72.12 73.37 74.04 74.42 74.55 74.64 74.74 74.57 74.92 74.95 75.68 74.92 74.98 75.06 74.99 75.77 76.30 76.35 75.72 76.08 76.43 76.55 76.64 76.68 76.68 76.71 76.73 76.72 76.71 76.69 76.66 76.57 76.60 76.60 76.62 76.67 76.44 76.33 76.06 76.00 76.10 76.09 76.02 76.06 76.03 76.04 75.93 76.01 76.14 76.04 76.06 76.07 76.20 76.12 76.04 75.97 76.03 75.74 75.77 75.87 75.78 75.66 75.95 75.86 75.44 75.66 75.55 75.13 75.34 75.26 75.20 75.54 74.65 74.87 73.98 74.25 73.67 74.08 73.99 74.04 74.33 74.38 74.52 74.45 74.42 75.11 74.90 75.71 76.03 76.02 76.22 76.45 76.55 76.58 76.64 76.66 76.67 76.70 76.71 76.73 76.76 76.79 76.83 76.85 76.85 76.85 76.82 76.80 76.78 76.79 76.77 76.74 76.71 76.65 76.58 75.92 75.00 73.77 73.35 71.63 66.12 71.39 73.84 74.93 75.40 75.60 75.80 76.02 76.03 76.18 76.27 76.38 76.40 76.44 76.44 76.52 76.55
76.62 76.65 76.66 76.65 76.72 76.70 76.76 76.77 76.78 76.78 76.79 76.80 76.81 76.81 76.82 76.63 76.23 76.01 76.05 76.01 75.97 76.03 75.61 75.76 75.78 75.60 75.36 74.66 74.22 73.82 73.31 72.94 72.58 72.18 71.56 71.48 71.78 73.16 73.37 72.95 73.11 73.10 73.14 72.13 73.02 74.02 74.34 74.48 74.56 74.40 74.17 74.29 75.02 75.34 75.64 75.82 75.72 75.97 76.04 76.34 76.09 75.57 76.53 76.58 76.63 76.65 76.65 76.68 76.72 76.73 76.66 76.70 76.70 76.67 76.60 76.68 76.62 76.65 76.68 76.68 76.42 76.32 76.24 76.20 76.22 76.11 76.03 75.99 76.04 76.05 76.08 76.10 76.06 76.03 76.09 76.01 76.13 76.08 75.90 75.75 76.12 75.68 75.86 75.87 75.40 76.05 75.06 75.54 75.66 75.44 75.40 75.48 75.43 75.32 75.22 75.35 75.18 75.70 74.79 74.42 74.69 75.35 74.30 74.61 74.72 74.11 73.85 74.72 75.32 74.99 75.76 75.94 76.15 76.38 76.53 76.61 76.68 76.68 76.70 76.74 76.76 76.81 76.83 76.89 76.95 76.96 76.99 76.95 76.95 76.91 76.88 76.88 76.84 76.80 76.75 76.72 76.66 76.60 76.35 75.22 74.20 73.55 72.71 72.04 72.78 74.58 75.29 75.55 75.70 75.87 75.91 76.17 76.25 76.32 76.41 76.47 76.47 76.49 76.54 76.59
76.67 76.69 76.71 76.73 76.76 76.76 76.77 76.79 76.79 76.79 76.80 76.81 76.81 76.76 76.82 76.81 76.55 76.15 75.93 75.95 75.96 75.97 75.58 75.49 75.90 75.69 74.99 74.54 74.10 73.63 73.21 72.82 72.56 72.15 71.04 71.39 72.32 73.19 73.33 73.13 73.43 73.49 73.45 73.57 73.80 74.06 74.38 74.54 74.53 74.09 74.19 74.47 74.50 75.37 75.46 75.56 75.57 75.92 76.00 76.16 76.12 76.30 76.48 76.40 76.29 76.58 76.61 76.66 76.70 76.72 76.70 76.73 76.71 76.72 76.71 76.70 76.67 76.68 76.71 76.73 76.72 76.46 76.37 76.29 76.32 76.15 76.07 76.91 76.09 76.05 76.12 76.22 76.11 76.12 75.99 76.04 76.12 76.10 75.93 75.92 75.81 75.88 75.84 75.88 75.66 75.51 75.24 75.42 75.47 75.21 75.45 75.40 75.62 75.86 75.80 75.78 75.41 74.86 74.74 74.66 74.92 74.60 74.43 74.60 74.31 74.84 75.61 75.89 75.86 75.99 76.08 76.21 76.44 76.51 76.58 76.67 76.70 76.74 76.79 76.84 76.88 76.93 77.01 77.07 77.10 77.16 77.13 77.04 77.08 77.01 76.98 76.92 76.87 76.82 76.78 76.75 76.71 76.66 76.50 75.93 75.20 74.52 73.88 73.85 74.43 75.34 75.58 75.69 75.79 75.90 76.12 76.22 76.32 76.41 76.48 76.53 76.54 76.56 76.62 76.65
76.74 76.72 76.76 76.76 76.77 76.77 76.78 76.80 76.81 76.80 76.80 76.82 76.82 76.82 76.83 76.82 76.67 76.46 76.33 76.30 76.19 76.12 75.90 75.88 76.03 75.15 74.80 74.44 73.90 73.54 73.13 73.00 72.47 72.20 71.74 71.79 72.37 73.27 73.32 73.31 73.54 73.66 73.83 73.84 73.99 74.17 74.36 74.58 74.47 73.87 74.47 74.60 74.67 74.94 75.06 75.22 75.45 75.51 75.66 76.11 75.92 76.26 76.33 76.41 76.51 76.52 76.59 76.63 76.64 76.71 76.72 76.71 76.73 76.76 76.74 76.78 76.70 76.72 76.75 76.72 76.72 76.69 76.54 76.64 76.45 76.33 76.17 76.04 76.14 76.19 76.22 76.16 76.10 76.05 76.29 76.15 76.05 75.93 75.88 76.04 75.79 75.83 75.93 75.91 75.72 75.68 75.35 75.36 75.50 75.34 75.28 75.24 75.63 75.78 75.72 75.71 75.29 74.91 75.10 75.13 75.04 75.58 74.71 74.57 75.06 74.88 75.33 75.99 75.93 76.08 76.23 76.42 76.47 76.57 76.63 76.69 76.75 76.81 76.90 76.97 77.02 77.09 77.29 77.19 77.25 77.29 77.26 77.21 77.17 77.10 77.01 76.96 77.01 76.86 76.86 76.81 76.77 76.72 76.61 76.44 75.99 75.69 75.49 75.46 75.24 74.86 75.81 75.83 75.90 75.99 75.77 76.63 76.44 76.14 76.57 76.44 76.62 76.64 76.65 76.72
76.79 76.60 76.76 76.76 76.79 76.79 76.79 76.81 76.80 76.81 76.81 76.83 76.83 76.83 76.86 76.85 76.84 76.69 76.43 76.09 76.17 76.16 76.20 76.12 75.50 74.96 74.67 74.28 74.01 73.33 72.97 72.67 72.26 71.91 71.62 71.73 72.30 73.16 73.49 73.58 73.74 73.90 73.98 74.06 73.95 74.16 74.16 74.01 73.99 74.14 74.47 74.74 74.78 74.71 75.00 75.34 75.49 75.56 75.52 75.59 75.55 75.58 75.95 76.39 76.39 76.58 76.62 76.63 76.65 76.69 76.73 76.79 76.78 76.78 76.77 76.81 76.79 76.80 76.80 76.74 76.79 76.78 76.71 76.60 76.50 76.37 76.25 76.15 76.28 76.19 76.18 76.00 76.15 76.14 76.15 76.05 76.08 75.92 76.04 76.07 75.73 75.68 75.85 75.59 76.06 75.46 75.52 75.29 75.49 75.05 74.85 75.08 75.48 75.61 75.50 75.25 75.22 75.37 75.15 75.61 75.50 75.59 75.53 75.03 75.32 75.73 75.79 76.04 76.16 76.33 76.39 76.50 76.55 76.62 76.68 76.74 76.82 76.92 77.01 77.06 77.16 77.21 77.28 77.32 77.42 77.31 77.27 77.25 77.21 77.05 77.09 77.04 76.98 76.90 76.84 76.89 76.87 76.81 76.76 76.70 76.61 76.51 76.44 76.30 76.06 75.64 76.15 76.04 76.00 76.11 76.15 76.43 76.54 76.57 76.63 76.66 76.68 76.72 76.75 76.78
76.83 76.80 76.80 76.79 76.80 76.80 76.81 76.81 76.80 76.82 76.83 76.83 76.84 76.84 76.86 76.84 76.87 76.84 76.66 75.55 76.01 76.12 76.04 75.65 74.77 74.94 74.64 74.25 73.75 73.15 72.61 72.03 71.51 71.26 71.10 71.05 71.46 72.09 73.15 73.78 73.99 74.07 74.13 74.11 73.43 73.66 74.29 74.49 74.20 74.08 74.47 74.36 74.19 74.37 74.84 75.33 75.53 75.64 75.65 75.68 75.70 75.66 75.94 76.38 76.54 76.59 76.62 76.62 76.66 76.69 76.71 76.79 76.76 76.81 76.81 76.85 76.85 76.89 76.85 76.82 76.81 76.79 76.80 76.59 76.53 76.42 76.38 76.33 76.26 76.29 76.07 76.10 76.12 76.24 76.33 76.02 76.06 75.99 76.08 75.98 75.97 75.92 75.90 75.84 75.80 75.57 75.41 75.85 75.37 74.92 75.54 75.02 75.09 74.99 74.87 74.80 75.06 75.23 75.33 75.79 75.83 75.75 76.12 76.01 75.92 76.10 76.11 76.17 76.29 76.38 76.47 76.56 76.60 76.67 76.71 76.80 76.88 77.00 77.10 77.19 77.22 77.27 77.39 77.45 77.49 77.46 77.38 77.36 77.25 77.22 77.14 76.98 77.04 76.96 76.94 76.92 76.89 76.85 76.84 76.79 76.76 76.69 76.67 76.65 76.58 76.54 76.43 76.27 76.19 76.22 76.23 76.39 76.40 76.61 76.65 76.68 76.72 76.78 76.82 76.84
76.88 76.82 76.82 76.79 76.82 76.81 76.82 76.82 76.81 76.82 76.83 76.84 76.84 76.83 76.83 76.83 76.82 76.80 76.79 76.06 76.04 75.97 75.77 75.47 74.96 75.00 74.66 74.28 73.82 72.87 71.86 71.15 70.50 70.10 70.10 70.44 70.80 70.93 71.84 73.06 73.92 74.27 74.31 74.28 74.18 74.02 74.17 74.33 74.47 74.81 74.19 74.04 73.90 73.72 74.32 75.00 75.49 75.60 75.63 75.61 75.68 75.63 76.09 76.42 76.54 76.58 76.61 76.64 76.66 76.71 76.73 76.77 76.79 76.84 76.85 76.90 76.95 76.93 76.93 76.89 76.91 76.89 76.85 76.84 76.75 76.70 76.68 76.61 76.50 76.63 76.27 76.20 76.11 76.09 76.19 76.11 76.15 76.25 76.03 76.17 76.07 76.18 75.99 76.24 76.06 76.02 75.75 75.61 75.47 75.18 75.04 74.94 74.94 74.73 74.74 74.74 74.92 75.46 76.17 76.03 75.92 75.78 75.91 75.83 76.11 76.18 76.22 76.24 76.40 76.46 76.54 76.61 76.66 76.70 76.80 76.87 76.92 77.06 77.14 77.28 77.33 77.43 77.51 77.52 77.55 77.56 77.52 77.43 77.40 77.30 77.24 77.19 77.15 77.06 77.13 77.10 76.99 76.90 76.90 76.83 76.77 76.75 76.67 76.64 76.57 76.55 76.47 76.39 76.32 76.32 76.30 76.43 76.39 76.66 76.68 76.71 76.78 76.80 76.83 76.84
76.85 76.84 76.84 76.82 76.71 76.83 76.83 76.76 76.83 76.83 76.82 76.83 76.81 76.82 76.81 76.80 76.81 76.83 76.76 76.59 75.80 75.71 75.85 75.53 75.51 75.08 74.82 74.48 73.65 72.32 71.10 70.09 69.47 69.38 69.09 69.32 70.43 70.65 71.05 72.20 73.55 74.31 74.46 74.41 74.14 74.24 74.07 73.25 74.27 74.33 74.30 74.12 73.75 73.46 73.82 74.54 75.20 75.44 75.56 75.53 75.84 75.87 75.91 76.27 76.54 76.60 76.62 76.63 76.68 76.72 76.77 76.81 76.82 76.89 76.92 76.96 76.99 77.01 77.02 77.09 76.95 76.95 76.94 76.92 76.86 76.72 76.76 76.69 76.56 76.55 76.49 76.34 76.33 76.30 76.28 76.18 76.11 76.08 76.28 76.19 76.23 76.59 76.22 75.99 76.33 75.92 75.83 75.79 75.67 75.69 75.44 75.06 75.87 74.89 74.93 75.29 75.11 75.34 76.12 76.15 76.16 76.15 76.16 76.22 76.24 76.28 76.32 76.41 76.45 76.53 76.59 76.66 76.68 76.77 76.83 76.92 76.99 77.07 77.22 77.25 77.47 77.56 77.59 77.59 77.59 77.60 77.53 77.51 77.44 77.48 77.35 77.32 77.22 77.20 77.17 77.14 77.09 76.95 76.84 76.86 76.80 76.76 76.70 76.64 76.57 76.57 76.52 76.48 76.45 76.42 76.40 76.27 75.91 76.68 76.70 76.71 76.78 76.83 76.85 76.83
76.84 76.85 76.86 76.85 76.84 76.83 76.82 76.83 76.82 76.82 76.82 76.83 76.82 76.83 76.80 76.82 76.80 76.72 76.68 76.58 76.38 76.21 76.02 75.86 75.62 75.35 75.12 74.57 73.60 72.14 70.80 70.00 69.72 69.65 69.00 69.36 70.31 70.84 71.37 72.55 73.75 74.41 74.49 74.45 73.80 74.34 74.16 73.80 74.11 74.00 74.01 73.85 73.84 73.98 74.22 74.43 74.96 75.42 75.44 75.39 75.66 75.89 75.91 76.21 76.49 76.63 76.65 76.63 76.70 76.75 76.78 76.84 76.88 76.92 76.98 77.04 77.07 77.08 77.09 77.09 77.08 77.07 77.02 77.12 77.11 76.92 76.83 76.80 76.71 76.72 76.55 76.69 76.59 76.49 76.52 76.34 76.25 76.43 76.16 76.30 76.64 76.64 76.61 76.11 76.26 75.77 75.64 75.95 75.99 75.87 75.71 75.84 76.35 76.14 75.61 75.79 76.23 75.64 76.21 76.15 76.19 76.18 76.32 76.34 76.39 76.35 76.42 76.44 76.53 76.61 76.64 76.66 76.72 76.78 76.89 76.97 77.08 77.14 77.33 77.41 77.48 77.60 77.61 77.61 77.60 77.57 77.58 77.55 77.52 77.45 77.40 77.41 77.40 77.32 77.24 77.17 77.10 77.05 76.97 76.89 76.82 76.75 76.72 76.67 76.60 76.60 76.58 76.55 76.54 76.48 76.20 76.32 76.20 76.64 76.70 76.75 76.77 76.83 76.82 76.85
76.85 76.87 76.87 76.86 76.85 76.84 76.83 76.83 76.82 76.83 76.82 76.85 76.83 76.84 76.81 76.80 76.76 76.71 76.61 76.46 76.33 76.21 76.06 75.92 75.75 75.58 75.30 75.00 74.21 73.11 71.81 70.81 70.35 70.21 70.12 70.25 70.79 71.15 72.85 73.99 74.62 74.79 74.63 74.59 74.62 74.10 74.39 73.71 74.06 74.10 73.99 74.14 73.51 74.05 74.65 74.53 74.72 75.24 75.49 75.75 75.73 75.77 75.92 76.22 76.48 76.65 76.70 76.72 76.75 76.79 76.86 76.89 76.98 77.01 77.22 77.08 77.13 77.10 77.15 77.16 77.14 77.14 77.06 77.08 77.11 76.98 76.94 76.84 76.81 76.83 76.78 76.75 76.75 76.69 76.61 76.48 76.41 76.36 76.55 76.60 76.67 76.63 76.41 76.59 76.40 76.57 76.50 76.56 75.81 75.76 75.61 76.25 75.73 75.55 76.30 76.33 76.26 76.19 76.21 76.29 76.31 76.31 76.47 76.58 76.45 76.45 76.46 76.56 76.62 76.64 76.62 76.71 76.72 76.81 76.90 77.03 77.12 77.15 77.31 77.43 77.53 77.58 77.55 77.46 77.59 77.55 77.52 77.46 77.57 77.38 77.40 77.38 77.33 77.30 77.31 77.22 77.14 77.11 76.94 76.90 76.82 76.76 76.68 76.66 76.64 76.62 76.58 76.60 76.59 76.52 76.42 76.32 76.12 76.62 76.75 76.75 76.82 76.83 76.85 76.88
76.89 76.89 76.87 76.87 76.87 76.86 76.85 76.83 76.82 76.84 76.84 76.82 76.82 76.81 76.81 76.77 76.71 76.64 76.53 76.43 76.30 76.19 76.08 75.99 75.91 75.80 75.64 75.39 74.93 74.17 73.57 73.10 72.94 71.48 70.86 70.71 71.31 72.65 73.63 74.42 74.82 74.99 74.98 75.07 75.21 75.34 75.40 75.17 74.43 74.00 73.56 74.00 74.68 74.61 74.62 74.88 75.51 75.35 75.50 75.82 75.92 76.09 76.20 76.34 76.50 76.68 76.70 76.76 76.80 76.85 76.88 76.99 77.03 77.09 77.09 77.19 77.18 77.19 77.26 77.26 77.17 77.21 77.17 77.16 77.12 77.08 76.97 77.00 76.95 76.86 76.85 76.89 76.80 76.76 76.75 76.72 76.59 76.52 76.66 76.66 76.51 76.42 76.33 76.61 76.43 76.58 76.60 76.61 76.37 76.21 75.94 76.31 76.21 76.15 76.34 76.24 76.15 76.32 76.34 76.38 76.36 76.45 76.48 76.54 76.54 76.57 76.58 76.59 76.65 76.67 76.70 76.71 76.80 76.84 76.99 77.08 77.18 77.28 77.33 77.42 77.50 77.58 77.58 77.58 77.56 77.49 77.52 77.53 77.50 77.49 77.42 77.46 77.42 77.27 77.32 77.29 77.20 77.08 76.91 76.86 76.82 76.73 76.68 76.66 76.66 76.65 76.64 76.64 76.64 76.62 76.58 76.47 76.27 76.67 76.68 76.71 76.79 76.87 76.87 76.89
76.90 76.89 76.89 76.86 76.86 76.86 76.84 76.85 76.82 76.86 76.85 76.83 76.83 76.80 76.76 76.74 76.66 76.60 76.51 76.42 76.30 76.24 76.16 76.11 76.04 75.96 75.84 75.77 75.60 75.33 75.05 74.92 74.92 74.87 73.91 73.70 74.31 74.62 74.70 74.77 74.94 75.04 75.03 75.10 75.28 75.44 75.45 75.42 74.41 74.10 74.57 74.96 75.53 75.24 75.35 75.77 75.56 76.03 75.56 75.79 75.99 76.17 76.34 76.51 76.64 76.71 76.76 76.79 76.88 76.90 76.99 77.05 77.08 77.13 77.16 77.15 77.10 77.02 77.26 77.27 77.24 77.28 77.23 77.22 77.17 77.14 77.13 77.10 77.05 76.99 76.95 76.93 76.92 76.88 76.79 76.81 76.75 76.71 76.71 76.73 76.69 76.66 76.73 76.64 76.54 76.62 76.49 76.51 76.59 76.43 76.32 76.41 76.42 76.48 76.49 76.21 76.35 76.40 76.43 76.49 76.50 76.53 76.59 76.55 76.62 76.62 76.62 76.64 76.68 76.69 76.75 76.77 76.84 76.89 77.21 77.23 77.18 77.25 77.33 77.40 77.48 77.56 77.56 77.53 77.54 77.52 77.50 77.49 77.43 77.50 77.47 77.45 77.38 77.37 77.37 77.25 77.15 77.03 76.95 76.68 76.73 76.80 76.73 76.72 76.70 76.69 76.69 76.67 76.68 76.68 76.66 76.61 76.64 76.66 76.70 76.78 76.79 76.85 76.87 76.90
76.91 76.89 76.89 76.87 76.88 76.88 76.87 76.86 76.85 76.85 76.86 76.83 76.82 76.78 76.73 76.69 76.62 76.57 76.51 76.43 76.36 76.31 76.25 76.19 76.10 76.04 75.99 75.93 75.88 75.81 75.73 75.65 75.57 75.50 75.39 75.42 75.45 75.41 75.22 75.09 75.07 75.21 75.19 74.99 75.15 75.32 75.35 75.35 75.77 74.71 76.21 76.34 76.41 76.22 76.19 75.80 75.84 75.85 76.14 75.90 76.17 76.33 76.50 76.62 76.66 76.77 76.83 76.89 76.91 77.02 77.03 77.09 77.15 77.16 77.18 77.19 77.23 77.28 77.32 77.32 77.32 77.29 77.28 77.26 77.25 77.21 77.21 77.13 77.10 77.08 77.05 77.00 76.92 76.89 76.86 76.86 76.81 76.83 76.82 76.80 76.71 76.76 76.66 76.70 78.03 76.89 76.54 76.66 76.62 76.52 76.48 76.52 76.50 76.49 76.42 76.54 76.52 76.54 76.57 76.55 76.56 76.58 76.63 76.62 76.62 76.65 76.63 76.67 76.69 76.73 76.78 76.83 76.88 76.96 77.15 77.20 77.17 77.28 77.28 77.39 77.45 77.49 77.53 77.53 77.50 77.51 77.49 77.49 77.45 77.38 77.48 77.41 77.34 77.29 77.29 77.16 77.10 76.99 76.96 76.73 76.66 76.82 76.77 76.75 76.75 76.74 76.74 76.73 76.70 76.73 76.71 76.71 76.55 76.64 76.81 76.80 76.79 76.88 76.93 76.88
76.91 76.91 76.89 76.89 76.89 76.90 76.86 76.85 76.86 76.86 76.84 76.81 76.78 76.75 76.71 76.66 76.60 76.54 76.49 76.44 76.33 76.34 76.28 76.21 76.18 76.13 76.08 76.04 75.99 75.95 75.89 75.82 75.74 75.70 75.69 75.70 75.62 75.57 75.44 75.31 75.25 75.29 75.34 75.40 75.34 75.50 75.70 75.90 76.19 76.28 76.36 76.41 76.48 76.51 76.51 76.35 76.00 75.94 76.06 76.30 76.40 76.53 76.62 76.75 76.76 76.82 76.87 76.95 77.02 77.07 77.14 77.20 77.24 77.24 77.28 77.30 77.31 77.26 77.43 77.48 77.34 77.34 77.37 77.20 77.31 77.26 77.19 77.18 77.21 77.15 77.13 77.09 77.04 76.99 76.95 76.92 76.89 76.82 76.91 76.83 76.82 76.82 76.67 77.59 78.10 76.76 76.46 76.67 76.65 76.60 76.60 76.60 76.59 76.61 76.65 76.60 76.62 76.61 76.63 76.64 76.63 76.65 76.63 76.64 76.66 76.66 76.64 76.68 76.70 76.73 76.77 76.83 76.90 76.96 77.06 77.08 77.20 77.24 77.33 77.38 77.43 77.47 77.53 77.51 77.52 77.51 77.46 77.50 77.48 77.44 77.42 77.35 77.35 77.23 77.10 77.13 77.07 77.00 76.95 76.91 76.87 76.84 76.82 76.79 76.78 76.79 76.76 76.77 76.75 76.74 76.74 76.75 76.72 76.80 76.80 76.77 76.81 76.88 76.93 76.93
76.91 76.89 76.91 76.92 76.91 76.90 76.88 76.86 76.85 76.82 76.83 76.81 76.76 76.73 76.68 76.61 76.52 76.53 76.50 76.46 76.42 76.38 76.33 76.29 76.25 76.21 76.16 76.11 76.08 76.03 75.99 75.96 75.90 75.87 75.88 75.86 75.85 75.76 75.64 75.54 75.48 75.48 75.53 75.59 75.73 75.88 75.98 76.11 76.23 76.34 76.43 76.47 76.51 76.54 76.56 76.59 76.31 76.39 76.24 76.53 76.71 76.75 76.80 76.82 76.86 76.92 77.02 77.07 77.13 77.16 77.26 77.30 77.31 77.33 77.36 77.40 77.41 77.38 77.44 77.41 77.37 77.41 77.38 77.41 77.36 77.44 77.40 77.29 77.27 77.19 77.20 77.16 77.10 77.08 77.01 76.96 76.97 77.11 76.91 76.90 76.83 76.83 76.78 76.74 76.64 76.64 76.64 76.72 76.68 76.70 76.68 76.68 76.65 76.68 76.68 76.67 76.69 76.72 76.68 76.71 76.68 76.67 76.64 76.66 76.67 76.65 76.65 76.69 76.71 76.73 76.79 76.84 76.89 76.95 76.94 77.04 77.11 77.20 77.22 77.27 77.29 77.35 77.36 77.42 77.44 77.44 77.41 77.41 77.34 77.34 77.34 77.34 77.23 77.14 77.10 77.04 77.07 77.00 76.96 76.92 76.89 76.86 76.83 76.82 76.81 76.80 76.81 76.80 76.73 76.76 76.74 76.78 76.78 76.78 76.79 76.85 76.90 76.90 76.93 76.94
76.95 76.94 76.91 76.88 76.89 76.85 76.86 76.87 76.85 76.83 76.82 76.79 76.77 76.72 76.70 76.62 77.29 76.50 76.52 76.50 76.47 76.43 76.40 76.38 76.32 76.27 76.23 76.18 76.14 76.11 76.08 76.06 76.03 76.03 76.01 76.02 75.98 75.94 75.90 75.83 75.76 75.76 75.72 75.77 75.86 75.99 76.12 76.40 76.41 76.49 76.51 76.52 76.64 76.57 76.61 76.65 76.68 76.70 76.77 76.81 76.85 76.89 76.96 77.00 77.07 77.12 77.15 77.20 77.24 77.29 77.35 77.38 77.39 77.43 77.45 77.43 77.45 77.45 77.48 77.53 77.42 77.44 77.47 77.43 77.49 77.42 77.34 77.34 77.27 77.28 77.25 77.23 77.18 77.12 77.04 77.02 77.01 77.00 76.97 76.92 76.90 76.87 76.83 76.83 76.81 76.77 76.75 76.75 76.75 76.73 76.74 76.74 76.72 76.75 76.72 76.75 76.78 76.77 76.77 76.75 76.71 76.70 76.68 76.67 76.64 76.65 76.70 76.72 76.72 76.74 76.79 76.84 76.87 76.88 76.94 77.01 77.06 77.12 77.13 77.17 77.20 77.24 77.25 77.30 77.32 77.29 77.30 77.30 77.18 77.19 77.24 77.18 77.16 77.09 77.05 77.08 76.97 77.02 76.99 76.90 76.87 76.86 76.85 76.85 76.82 76.83 76.81 76.78 76.77 76.79 76.80 76.75 76.77 76.77 76.82 76.94 76.90 76.94 76.97 76.98
76.97 76.97 76.95 76.93 76.94 76.90 76.87 76.86 76.85 76.85 76.81 76.78 76.78 76.73 76.70 76.69 76.57 76.58 76.54 76.54 76.51 76.49 76.45 76.42 76.39 76.36 76.32 76.27 76.27 76.22 76.21 76.18 76.16 76.17 76.15 76.15 76.13 76.11 76.09 76.01 75.99 75.95 75.94 75.97 76.03 76.15 76.26 76.35 76.46 76.50 76.54 76.56 76.59 76.62 76.66 76.71 76.75 76.81 76.86 76.91 77.02 77.06 77.10 77.13 77.18 77.21 77.26 77.30 77.34 77.40 77.41 77.68 77.50 77.50 77.51 77.54 77.53 77.51 77.52 77.52 77.50 77.57 77.47 77.48 77.20 77.94 77.40 77.37 77.36 77.31 77.32 77.25 77.21 77.18 77.16 77.10 77.09 77.03 77.00 76.93 76.93 76.91 76.86 76.82 76.80 76.80 76.80 76.77 76.81 76.79 76.78 76.80 76.83 76.82 76.82 76.84 76.85 76.83 76.81 76.76 76.74 76.74 76.72 76.70 76.70 76.70 76.69 76.71 76.74 76.75 76.79 76.81 76.86 76.86 76.88 76.92 77.00 77.04 77.06 77.04 77.12 77.11 77.17 77.22 77.23 77.21 77.19 77.21 77.19 77.14 77.17 77.14 77.15 77.14 77.06 77.08 77.03 77.04 77.02 76.95 76.91 76.92 76.88 76.87 76.86 76.83 76.83 76.82 76.78 76.81 76.81 76.79 76.85 76.83 76.83 76.88 76.93 76.93 76.95 76.96
76.96 76.98 76.97 76.92 76.95 76.94 76.86 76.90 76.89 76.89 76.86 76.84 76.80 76.78 76.74 76.69 76.69 76.65 76.63 76.60 76.57 76.54 76.50 76.47 76.47 76.45 76.44 76.41 76.38 76.36 76.34 76.31 76.29 76.30 76.32 76.29 76.28 76.28 76.24 76.19 76.17 76.16 76.16 76.23 76.27 76.36 76.41 76.47 76.53 76.56 76.59 76.64 76.66 76.69 76.74 76.77 76.82 76.88 76.93 77.03 77.15 77.10 77.24 77.28 77.29 77.33 77.38 77.41 77.43 77.44 77.49 77.49 77.51 77.56 77.57 77.57 77.55 77.60 77.63 77.61 77.56 77.55 77.56 77.52 77.51 77.49 77.47 77.46 77.43 77.35 77.30 77.32 77.26 77.25 77.14 77.17 77.15 77.11 77.02 77.00 76.95 76.93 76.92 76.90 76.90 76.88 76.84 76.84 76.85 76.86 76.89 76.89 76.89 76.89 76.86 76.89 76.89 76.89 76.83 76.81 76.80 76.78 76.73 76.74 76.72 76.72 76.70 76.72 76.74 76.75 76.78 76.78 76.84 76.89 76.87 76.84 76.91 76.93 76.93 77.00 77.05 76.99 77.07 77.12 77.11 77.08 77.11 77.11 77.11 77.11 77.10 77.12 77.11 77.08 77.07 77.09 77.07 77.02 77.02 76.98 76.99 76.94 76.92 76.89 76.87 76.85 76.80 76.81 76.80 76.83 76.84 76.85 76.87 76.87 76.88 76.90 76.93 76.99 76.92 76.95
76.98 76.98 76.97 76.98 76.96 76.99 76.94 76.92 76.93 76.88 76.86 76.86 76.84 76.80 76.77 76.75 76.72 76.70 76.68 76.65 76.62 76.61 76.58 76.57 76.54 76.53 76.51 76.49 76.48 76.47 76.47 76.45 76.45 76.45 76.44 76.42 76.42 76.42 76.41 76.50 76.40 76.40 76.40 76.42 76.44 76.47 76.50 76.54 76.60 76.64 76.66 76.72 76.77 76.80 76.84 76.89 76.94 77.00 77.07 77.12 77.21 77.30 77.34 77.38 77.43 77.67 77.40 77.51 77.54 77.54 77.59 77.53 77.58 77.66 77.69 77.68 77.66 77.67 77.63 77.65 77.63 77.63 77.60 77.61 77.57 77.55 77.51 77.48 77.44 77.41 77.37 77.34 77.32 77.27 77.27 77.26 77.17 77.13 77.11 77.06 77.03 77.00 76.96 76.95 76.94 76.95 76.90 76.93 76.92 76.95 76.94 76.95 76.96 76.96 76.92 76.95 76.92 76.92 76.90 76.85 76.86 76.85 76.75 76.78 76.77 76.75 76.73 76.72 76.73 76.76 76.76 76.77 76.79 76.68 76.80 76.86 76.87 76.86 76.92 76.95 76.98 76.91 77.02 77.04 77.04 76.99 77.03 77.02 77.05 77.07 77.05 77.07 77.05 77.02 77.06 77.06 77.03 77.02 77.02 76.99 76.97 76.98 76.94 76.93 76.91 76.85 76.88 76.87 76.84 76.87 76.85 76.88 76.90 76.89 76.93 76.93 76.92 76.97 76.96 76.93
77.04 76.98 76.98 77.38 76.99 77.00 77.00 76.98 76.97 76.95 76.92 76.88 76.88 76.84 76.83 76.81 76.79 76.77 76.73 76.69 76.63 76.67 76.66 76.64 76.63 76.62 76.60 76.60 76.59 76.57 76.56 76.55 76.54 76.53 76.51 76.51 76.50 76.50 76.50 76.50 76.50 76.52 76.52 76.54 76.57 76.59 76.62 76.64 76.69 76.73 76.79 76.83 76.88 76.94 77.02 77.06 77.11 77.17 77.23 77.25 77.31 77.38 77.45 77.51 77.51 77.53 77.61 77.60 77.60 77.60 77.64 77.62 77.66 77.66 77.68 77.71 77.69 77.66 77.66 77.69 77.68 77.67 77.63 77.59 77.57 77.45 77.47 77.46 77.45 77.43 77.42 77.37 77.31 77.28 77.30 77.18 77.16 77.16 77.14 77.10 77.09 77.06 77.02 77.02 77.03 77.01 77.01 77.02 77.01 77.00 77.03 77.01 77.04 77.01 77.00 76.99 76.98 76.94 76.97 76.93 76.90 76.89 76.88 76.84 76.82 76.80 76.77 76.76 76.75 76.75 76.76 76.77 76.79 76.79 76.81 76.85 76.86 76.86 76.89 76.85 76.93 76.87 76.95 76.98 76.94 76.99 76.99 77.00 77.01 77.02 77.00 77.01 77.05 77.05 77.05 77.03 77.03 77.01 77.02 77.03 77.01 76.98 76.99 76.98 76.92 76.94 76.94 76.95 76.88 76.90 76.91 76.92 76.90 76.94 76.98 76.99 76.98 77.00 77.01 77.02
77.06 77.11 77.06 77.10 77.09 77.07 77.05 77.06 76.96 76.99 76.96 76.96 76.96 76.94 77.02 76.88 76.86 76.84 76.80 76.82 76.80 76.77 76.76 76.75 76.73 76.72 76.69 76.70 76.69 76.68 76.66 76.64 76.63 76.62 76.61 76.59 76.59 76.59 76.58 76.58 76.59 76.61 76.63 76.65 76.68 76.71 76.74 76.77 76.80 76.84 76.88 76.90 77.00 77.10 77.17 77.25 77.32 77.41 77.44 77.46 77.47 77.54 77.57 77.56 77.62 77.64 77.66 77.62 77.65 77.68 77.63 77.64 77.70 77.70 77.71 77.72 77.73 77.70 77.71 77.71 77.72 77.68 77.65 77.51 78.17 79.42 77.23 77.44 77.49 77.44 77.46 77.38 77.39 77.31 77.30 77.26 77.22 77.21 77.20 77.18 77.14 77.13 77.11 77.06 77.10 77.05 77.04 77.06 77.06 77.05 77.08 77.08 77.09 77.06 77.00 77.01 77.06 77.01 76.99 77.02 76.99 76.96 76.94 76.88 76.87 76.82 76.83 76.80 76.80 76.76 76.79 76.78 76.78 76.79 76.82 76.81 76.83 76.84 76.83 76.86 76.89 76.89 76.91 76.92 76.90 76.95 76.95 76.96 76.95 76.97 76.99 77.00 77.00 77.02 76.96 77.03 77.02 77.05 77.04 77.04 77.00 77.00 77.04 77.03 76.99 77.04 77.03 76.96 77.01 76.97 77.02 77.02 77.00 77.01 77.01 77.04 77.00 77.00 77.08 76.95
77.15 77.14 77.17 77.15 77.13 77.18 77.15 77.12 77.13 77.11 77.04 77.05 77.06 77.01 77.01 76.98 76.97 76.95 76.94 76.93 76.87 76.89 76.85 76.83 76.82 76.78 76.81 76.80 76.77 76.76 76.75 76.72 76.73 76.70 76.79 76.67 76.67 76.67 76.67 76.68 76.69 76.71 76.74 76.75 76.78 76.81 76.85 76.90 76.94 77.00 77.07 77.15 77.22 77.31 77.40 77.47 77.56 77.62 77.69 77.75 77.77 77.76 77.71 77.69 77.69 77.69 77.68 77.70 77.73 77.71 77.73 77.73 77.72 77.75 77.75 77.73 77.72 77.67 77.76 77.74 77.73 77.70 77.62 77.60 77.59 77.52 77.51 77.52 77.49 77.50 77.46 77.42 77.41 77.36 77.34 77.29 77.27 77.25 77.23 77.18 77.15 77.17 77.15 77.11 77.12 77.11 77.12 77.09 77.07 77.03 77.06 77.11 77.13 77.11 77.09 77.09 77.04 77.07 77.06 77.05 77.03 76.98 76.99 76.96 76.93 76.91 76.90 76.86 76.83 76.82 76.80 76.78 76.79 76.79 76.77 76.81 76.82 76.83 76.75 76.85 76.86 76.89 76.90 76.88 76.90 76.90 76.86 76.93 76.93 76.95 76.94 77.00 76.99 77.01 77.02 77.02 77.03 77.04 77.05 77.07 77.01 77.02 77.02 77.05 77.04 77.04 77.09 77.09 77.10 77.07 77.10 77.07 77.11 77.10 77.05 77.07 77.08 77.14 77.12 77.14
77.15 77.23 77.23 77.21 77.22 77.23 77.21 77.22 77.16 77.23 77.18 77.17 77.15 77.16 77.09 77.05 77.05 77.09 77.10 77.05 77.05 77.04 77.02 77.01 76.96 76.94 76.84 76.91 76.91 76.86 76.89 76.83 76.84 76.81 76.78 76.76 76.77 76.77 76.78 76.78 76.79 76.83 76.85 76.88 76.92 76.96 77.05 77.13 77.21 77.27 77.32 77.37 77.40 77.46 77.51 77.58 77.62 77.65 77.70 77.72 77.73 77.74 77.73 77.72 77.70 77.72 77.74 77.74 77.72 77.76 77.76 77.75 77.79 77.78 77.71 77.75 77.75 77.71 77.72 77.71 77.68 77.66 77.68 77.64 77.58 77.59 77.52 77.50 77.48 77.46 77.45 77.42 77.38 77.37 77.36 77.28 77.29 77.29 77.26 77.25 77.23 77.23 77.21 77.17 77.17 77.20 77.18 77.16 77.15 77.17 77.07 77.09 77.14 77.13 77.14 77.12 77.10 77.11 77.10 77.05 77.03 77.04 77.02 77.01 76.96 76.94 76.94 76.92 76.90 76.89 76.87 76.84 76.84 76.82 76.80 76.78 76.80 76.83 76.85 76.84 76.85 76.85 76.87 76.87 76.87 76.88 76.89 76.91 76.91 76.91 76.94 76.93 76.95 76.99 77.02 77.04 77.02 77.05 77.12 77.09 77.07 77.07 77.07 77.11 77.11 77.13 77.14 77.17 77.15 77.14 77.13 77.17 77.18 77.20 77.25 77.22 77.20 77.21 77.19 77.17
77.29 77.32 77.35 77.30 77.28 77.31 77.56 77.25 77.29 77.30 77.23 77.25 77.26 77.24 77.28 77.28 77.27 77.24 77.29 77.18 77.13 77.19 77.18 77.15 77.11 77.09 77.05 77.01 77.03 76.97 76.99 76.99 77.00 76.94 76.97 76.99 76.94 76.94 76.95 76.97 76.95 77.02 77.05 77.07 77.13 77.16 77.22 77.29 77.34 77.40 77.45 77.49 77.50 77.49 77.53 77.55 77.57 77.59 77.62 77.62 77.61 77.64 77.65 77.67 77.74 77.70 77.71 77.74 77.79 77.75 77.77 77.75 77.75 77.77 77.74 77.71 77.71 77.73 77.71 77.68 77.66 77.66 77.64 77.61 77.57 77.56 77.54 77.53 77.51 77.45 77.40 77.37 77.39 77.40 77.35 77.34 77.32 77.31 77.29 77.27 77.24 77.21 77.20 77.19 77.21 77.22 77.21 77.19 77.19 77.18 77.21 77.17 77.16 77.16 77.13 77.15 77.12 77.11 77.06 77.10 77.04 77.07 77.05 77.00 77.00 76.99 76.98 76.98 76.95 76.93 76.91 76.91 76.89 76.88 76.86 76.86 76.84 76.83 76.82 76.81 76.80 76.80 76.81 76.82 76.84 76.85 76.88 76.89 76.92 76.91 76.94 76.94 76.95 76.96 77.00 76.99 77.05 77.08 77.11 77.12 77.13 77.10 77.16 77.17 77.18 77.21 77.20 77.21 77.15 77.23 77.23 77.22 77.18 77.24 77.26 77.27 77.31 77.24 77.28 77.27
77.40 77.43 77.43 77.40 77.37 77.44 77.45 77.42 77.42 77.44 77.47 77.42 77.42 77.37 77.47 77.39 77.38 77.36 77.33 77.32 77.34 77.22 77.23 77.26 77.22 77.27 77.21 77.38 77.28 77.24 77.27 77.19 77.16 77.14 77.10 77.13 77.10 77.12 77.14 77.18 77.21 77.24 77.26 77.28 77.32 77.35 77.37 77.40 77.43 77.46 77.51 77.58 77.56 77.57 77.57 77.56 77.54 77.54 77.52 77.55 77.57 77.60 77.62 77.62 77.64 77.68 77.70 77.68 77.68 77.70 77.74 77.77 77.76 77.71 77.74 77.75 77.76 77.71 77.68 77.63 77.64 77.62 77.59 77.57 77.58 77.57 77.55 77.52 77.49 77.49 77.45 77.36 77.36 77.37 77.36 77.30 77.31 77.30 77.28 77.29 77.27 77.26 77.24 77.19 77.23 77.23 77.20 77.18 77.18 77.15 77.18 77.18 77.20 77.19 77.17 77.19 77.19 77.15 77.11 77.08 77.09 77.12 77.10 77.05 77.04 77.03 77.00 77.02 76.97 76.97 76.95 76.93 76.93 76.91 76.92 76.90 76.89 76.88 76.87 76.88 76.89 76.89 76.90 76.90 76.91 76.92 76.93 76.94 76.96 76.97 76.96 76.99 76.99 77.02 77.02 77.02 77.08 77.11 77.12 77.11 77.17 77.17 77.16 77.20 77.24 77.27 77.23 77.27 77.31 77.32 77.11 77.85 77.20 76.82 77.31 77.34 77.40 77.38 77.31 77.36
77.45 77.50 77.47 77.49 77.49 77.55 77.47 77.51 77.52 77.51 77.54 77.49 77.50 77.54 77.49 77.52 77.52 77.42 77.47 77.49 77.46 77.51 77.53 77.57 77.49 77.40 77.41 77.41 77.29 77.32 77.33 77.30 77.37 77.39 77.43 77.34 77.32 77.33 77.28 77.34 77.34 77.36 77.41 77.41 77.41 77.38 77.43 77.46 77.48 77.53 77.56 77.58 77.58 77.59 77.59 77.65 77.58 77.58 77.59 77.61 77.65 77.67 77.70 77.70 77.70 77.68 77.67 77.68 77.71 77.66 77.72 77.72 77.72 77.73 77.71 77.73 77.70 77.69 77.64 77.66 77.62 77.61 77.58 77.65 77.56 77.52 77.49 77.47 77.46 77.46 77.43 77.42 77.40 77.37 77.37 77.35 77.39 77.31 77.29 77.27 77.26 77.26 77.25 77.23 77.24 77.25 77.24 77.22 77.20 77.22 77.20 77.18 77.21 77.20 77.20 77.18 77.17 77.18 77.14 77.14 77.13 77.12 77.08 77.13 77.12 77.10 77.05 77.04 77.04 77.00 77.03 77.01 77.01 76.99 76.96 76.97 76.96 76.96 76.95 76.96 76.95 76.97 76.97 76.93 76.96 76.98 77.00 77.01 76.99 76.99 77.01 77.03 77.04 77.05 77.07 77.08 77.10 77.14 77.16 77.18 77.19 77.23 77.23 77.27 77.28 77.28 77.29 77.31 77.33 77.36 77.36 77.39 77.36 77.48 77.49 77.50 77.50 77.50 77.47 77.43
77.58 77.51 77.39 77.33 77.40 77.55 77.49 77.30 77.31 77.52 77.56 77.56 77.58 77.56 77.55 77.46 77.34 77.37 77.30 77.46 77.35 77.41 77.63 77.78 77.55 77.46 77.45 77.51 77.48 77.47 77.45 77.45 77.48 77.44 77.28 77.43 77.38 77.42 77.40 77.39 77.47 77.45 77.41 77.42 77.46 77.50 77.52 77.54 77.56 77.58 77.59 77.62 77.55 77.65 77.67 77.69 77.71 77.71 77.71 77.71 77.73 77.40 77.41 77.61 77.68 77.66 77.66 77.68 77.64 77.64 77.67 77.68 77.68 77.68 77.66 77.67 77.65 77.66 77.68 77.67 77.64 77.59 77.58 77.57 77.56 77.53 77.47 77.46 77.50 77.47 77.48 77.46 77.42 77.37 77.36 77.38 77.38 77.37 77.35 77.33 77.32 77.31 77.29 77.32 77.28 77.27 77.27 77.26 77.25 77.25 77.24 77.23 77.21 77.18 77.18 77.18 77.20 77.16 77.16 77.12 77.13 77.15 77.15 77.15 77.14 77.14 77.13 77.11 77.10 77.07 77.08 77.06 77.04 77.01 76.90 76.98 77.02 77.03 77.04 77.03 77.01 77.01 77.01 77.01 77.02 77.01 77.04 77.03 77.04 77.02 77.05 77.07 77.07 77.09 77.12 77.13 77.15 77.16 77.14 77.18 77.19 77.23 77.27 77.30 77.31 77.32 77.34 77.38 77.38 77.36 77.40 77.37 77.40 77.43 77.42 77.52 77.58 77.56 77.52 77.55
77.45 77.39 77.39 77.44 77.46 77.43 77.41 77.41 77.43 77.42 77.42 77.34 77.47 77.44 77.46 77.50 77.51 77.53 77.53 77.50 77.49 77.55 77.54 77.55 77.57 77.59 77.55 77.43 77.47 77.41 77.43 77.45 77.47 77.48 77.46 77.49 77.47 77.51 77.50 77.50 77.51 77.52 77.52 77.50 77.47 77.49 77.51 77.53 77.54 77.59 77.63 77.61 77.63 77.65 77.68 77.69 77.67 77.70 77.73 77.73 77.75 77.77 77.76 77.77 77.75 77.75 77.79 77.76 77.71 77.68 77.65 77.63 77.59 77.61 77.61 77.53 77.51 77.54 77.59 77.60 77.55 77.58 77.50 77.27 77.41 77.57 77.05 77.14 77.43 76.86 77.02 77.27 77.14 76.97 77.20 76.89 76.96 77.24 77.13 76.99 77.04 77.07 77.11 77.28 77.30 77.26 77.28 77.28 77.28 77.27 77.26 77.25 77.24 77.23 77.21 77.22 77.21 77.20 77.19 77.10 77.35 77.09 77.16 77.15 77.13 77.15 77.13 77.12 77.12 77.12 77.12 77.12 77.11 77.11 77.11 77.11 77.11 77.11 77.09 77.10 77.09 77.07 77.05 77.06 77.06 77.03 77.00 77.01 77.03 77.06 77.07 77.06 77.10 77.13 77.13 77.17 77.15 77.19 77.18 77.19 77.21 77.24 77.26 77.30 77.31 77.34 77.33 77.32 77.34 77.40 77.40 77.42 77.42 77.44 77.45 77.42 77.42 77.49 77.49 77.47
77.05 77.06 77.07 77.10 77.07 77.07 77.09 77.08 77.09 77.10 77.11 77.12 77.13 77.14 77.16 77.17 77.18 77.19 77.19 77.20 77.20 77.22 77.23 77.25 77.26 77.29 77.33 77.38 77.38 77.42 77.46 77.41 77.42 77.51 77.27 77.27 77.18 77.30 77.03 77.09 77.20 77.24 77.45 77.45 77.46 77.50 77.54 77.52 77.43 77.41 77.17 77.16 77.08 77.17 77.41 77.25 77.25 77.23 77.22 77.26 77.54 77.45 77.49 77.49 77.53 77.56 77.61 77.43 77.35 77.21 77.22 77.23 77.01 77.12 77.04 76.92 76.84 76.90 76.83 76.76 76.75 76.66 76.67 76.62 76.62 76.64 76.57 76.56 76.56 76.53 76.56 76.60 76.50 76.50 76.60 76.53 76.54 76.47 76.47 76.49 76.60 76.64 76.63 76.63 76.63 76.66 76.55 76.85 76.86 77.11 77.08 76.84 76.92 77.18 77.03 77.07 76.96 77.01 77.12 76.88 76.90 76.86 76.90 76.91 77.00 77.15 76.94 76.97 76.98 76.97 76.99 76.98 76.98 76.99 77.00 77.01 77.05 77.09 77.14 77.14 77.14 77.14 77.15 77.13 77.14 77.12 77.13 77.14 77.15 77.18 77.18 77.19 77.20 77.21 77.21 77.20 77.21 77.22 77.23 77.21 77.22 77.23 77.25 77.25 77.25 77.25 77.24 77.22 77.22 77.18 77.14 77.15 77.14 77.14 77.13 77.11 77.08 77.06 77.06 77.05
76.90 76.90 76.91 76.91 76.91 76.90 76.91 76.91 76.92 76.93 76.94 76.95 76.96 76.97 76.98 77.00 77.02 77.02 77.06 77.06 77.07 77.08 77.08 77.08 77.07 77.04 77.11 77.09 77.09 76.84 76.81 76.74 76.82 76.86 76.74 76.82 76.73 76.74 76.74 76.71 76.67 76.71 76.64 76.60 76.61 76.66 76.65 76.64 76.66 76.69 76.74 76.79 76.87 76.90 76.77 76.80 76.74 76.69 76.69 76.74 76.70 76.95 76.91 77.26 77.34 77.43 77.50 77.55 77.54 77.38 77.25 77.08 76.96 76.88 76.84 76.78 76.74 76.70 76.68 76.66 76.64 76.62 76.61 76.59 76.57 76.55 76.54 76.52 76.51 76.51 76.51 76.51 76.51 76.50 76.49 76.48 76.47 76.46 76.45 76.45 76.44 76.43 76.42 76.41 76.40 76.40 76.39 76.39 76.39 76.43 76.48 76.55 76.53 76.56 76.50 76.55 76.61 76.63 76.59 76.56 76.54 76.55 76.63 76.57 76.59 76.55 76.58 76.60 76.57 76.59 76.54 76.55 76.59 76.65 76.62 76.61 76.63 76.58 76.61 76.62 76.66 76.77 76.80 76.84 76.99 76.97 77.10 77.19 77.20 77.19 77.17 77.16 77.16 77.17 77.19 77.20 77.19 77.19 77.15 77.14 77.13 77.12 77.11 77.10 77.08 77.07 77.05 77.03 77.02 77.02 77.00 77.00 76.98 76.97 76.96 76.95 76.93 76.92 76.91 76.90
77.01 76.95 77.00 77.07 77.10 77.21 76.74 76.69 76.79 76.86 76.65 76.75 76.69 76.66 76.70 76.77 76.55 76.49 76.48 76.48 76.48 76.56 76.71 76.62 76.62 76.67 76.78 76.69 76.68 76.75 76.74 76.43 76.46 76.56 76.46 76.43 76.42 76.42 76.43 76.44 76.44 76.48 76.45 76.43 76.44 76.42 76.40 76.40 76.40 76.45 76.45 76.44 76.46 76.53 76.53 76.49 76.49 76.50 76.52 76.55 76.56 76.54 76.58 76.55 76.54 76.53 76.62 76.62 76.75 76.83 76.89 76.99 76.89 76.88 76.87 76.94 77.02 77.11 77.15 77.15 77.17 77.14 76.97 76.84 76.71 76.69 76.71 76.74 76.78 76.89 77.11 77.12 76.59 76.52 76.51 76.54 76.52 76.50 76.47 76.44 76.43 76.46 76.43 76.41 76.40 76.40 76.39 76.38 76.37 76.36 76.36 76.36 76.36 76.36 76.37 76.37 76.38 76.38 76.38 76.38 76.39 76.39 76.40 76.39 76.39 76.39 76.38 76.38 76.39 76.38 76.38 76.38 76.38 76.38 76.40 76.39 76.42 76.42 76.41 76.47 76.41 76.41 76.41 76.52 76.53 76.54 76.58 76.68 76.58 76.52 76.56 76.52 76.62 76.65 76.72 76.79 76.64 76.71 76.76 76.79 76.78 76.70 76.74 76.88 76.83 76.86 76.93 77.09 76.97 77.12 77.00 76.91 76.87 76.82 76.87 76.94 76.99 76.88 76.89 76.92
76.30 76.34 76.32 76.33 76.35 76.33 76.34 76.33 76.28 76.27 76.27 76.28 76.29 76.30 76.29 76.26 76.26 76.26 76.26 76.26 76.26 76.29 76.29 76.23 76.23 76.23 76.24 76.25 76.26 76.26 76.27 76.24 76.22 76.24 76.22 76.19 76.17 76.17 76.17 76.17 76.19 76.19 76.21 76.21 76.19 76.16 76.15 76.14 76.16 76.17 76.17 76.17 76.18 76.18 76.21 76.25 76.25 76.26 76.28 76.28 76.26 76.25 76.24 76.24 76.23 76.23 76.23 76.23 76.24 76.25 76.31 76.40 76.42 76.39 76.39 76.36 76.40 76.37 76.36 76.38 76.35 76.33 76.33 76.32 76.34 76.32 76.34 76.38 76.34 76.37 76.32 76.30 76.31 76.29 76.27 76.26 76.28 76.27 76.29 76.28 76.26 76.24 76.24 76.26 76.27 76.23 76.22 76.22 76.20 76.20 76.19 76.21 76.19 76.20 76.20 76.21 76.21 76.22 76.21 76.26 76.20 76.20 76.22 76.23 76.27 76.29 76.23 76.23 76.25 76.25 76.27 76.24 76.20 76.20 76.20 76.20 76.20 76.21 76.24 76.24 76.25 76.25 76.26 76.25 76.27 76.27 76.27 76.26 76.24 76.21 76.24 76.21 76.25 76.23 76.20 76.20 76.21 76.30 76.26 76.29 76.26 76.32 76.32 76.35 76.35 76.36 76.33 76.32 76.33 76.33 76.32 76.35 76.36 76.36 76.36 76.37 76.34 76.35 76.38 76.34
76.09 76.08 76.09 76.10 76.10 76.07 76.06 76.05 76.05 76.05 76.05 76.04 76.04 76.04 76.04 76.04 76.04 76.03 76.04 76.04 76.03 76.04 76.04 76.04 76.04 76.04 76.03 76.02 76.02 76.01 76.00 76.00 76.00 75.99 75.99 75.99 75.98 75.98 75.98 75.98 75.98 75.98 75.97 75.97 75.97 75.97 75.97 75.97 75.97 75.97 75.98 75.98 75.99 76.00 76.00 76.01 76.02 76.02 76.03 76.03 76.02 76.03 76.03 76.04 76.04 76.05 76.05 76.05 76.05 76.05 76.06 76.06 76.06 76.07 76.07 76.08 76.08 76.08 76.09 76.10 76.09 76.09 76.09 76.10 76.09 76.10 76.10 76.09 76.10 76.10 76.10 76.10 76.11 76.11 76.10 76.09 76.09 76.09 76.12 76.12 76.11 76.09 76.09 76.08 76.08 76.08 76.07 76.07 76.06 76.06 76.06 76.05 76.05 76.05 76.04 76.04 76.04 76.04 76.03 76.03 76.03 76.04 76.03 76.04 76.04 76.04 76.04 76.03 76.03 76.03 76.02 76.02 76.02 76.02 76.01 76.01 76.00 76.00 75.99 75.99 75.99 75.99 75.99 75.99 75.99 75.98 75.99 75.99 75.99 75.99 76.00 76.00 76.01 76.01 76.02 76.03 76.03 76.04 76.03 76.03 76.03 76.03 76.03 76.03 76.03 76.03 76.03 76.03 76.04 76.04 76.05 76.05 76.05 76.06 76.06 76.07 76.07 76.08 76.08 76.08
