East longitude (degrees): -179:2:179
North latitude (degrees): -89:2:89

Absorbed dose on Martian Surface (1E-6 Gy/day), 2D array where Absorbed dose(i,j)= value at latitude(i) and longitude(j).
74.75 74.78 74.82 74.83 74.83 74.82 74.82 74.84 74.87 74.91 75.04 75.09 75.06 75.11 75.28 75.37 75.41 75.47 75.48 75.38 75.33 75.46 75.48 75.44 75.40 75.38 75.33 75.35 75.42 75.40 75.48 75.58 75.52 75.46 75.55 75.48 75.39 75.33 75.27 75.23 75.19 75.13 75.07 75.05 75.03 75.03 75.02 75.03 75.02 75.00 74.98 74.98 74.95 74.94 74.93 74.93 74.86 74.84 74.81 74.81 74.79 74.77 74.76 74.73 74.75 74.77 74.79 74.69 74.65 74.66 74.60 74.58 74.58 74.58 74.55 74.53 74.51 74.50 74.49 74.49 74.48 74.49 74.49 74.48 74.49 74.50 74.49 74.48 74.48 74.48 74.50 74.53 74.54 74.55 74.56 74.56 74.56 74.57 74.58 74.59 74.57 74.57 74.55 74.55 74.56 74.57 74.58 74.59 74.59 74.60 74.61 74.60 74.57 74.59 74.63 74.65 74.64 74.64 74.65 74.67 74.68 74.69 74.70 74.72 74.75 74.78 74.79 74.81 74.83 74.85 74.86 74.87 74.88 74.89 74.90 74.93 74.94 74.94 74.94 74.94 74.90 74.90 74.88 74.85 74.86 74.85 74.85 74.83 74.80 74.78 74.77 74.76 74.75 74.72 74.70 74.69 74.68 74.66 74.66 74.66 74.66 74.66 74.66 74.65 74.65 74.65 74.65 74.65 74.65 74.65 74.66 74.67 74.66 74.67 74.67 74.70 74.72 74.73 74.74 74.75
76.54 76.59 76.59 76.71 76.68 76.75 76.66 76.66 76.64 76.56 76.56 76.56 76.45 76.33 76.27 76.26 76.27 76.28 76.28 76.24 76.24 76.29 76.42 76.46 76.45 76.41 76.42 76.33 76.41 76.27 76.50 76.52 76.37 76.35 76.34 76.32 76.26 76.21 76.26 76.28 76.25 76.28 76.24 76.21 76.18 76.15 76.14 76.08 76.03 75.98 75.86 75.99 75.82 75.58 75.60 75.54 75.43 75.32 75.26 75.23 75.36 74.92 74.96 74.74 74.68 74.67 74.63 74.61 74.60 74.57 74.48 74.42 74.47 74.46 74.24 74.19 74.13 74.05 74.02 74.14 73.89 73.74 73.72 73.65 73.62 73.63 73.65 73.67 73.69 73.72 73.75 73.77 73.79 73.81 73.82 74.15 74.06 74.22 74.13 74.32 74.33 74.32 74.39 74.40 74.43 74.51 74.57 74.71 74.79 74.84 74.73 74.72 74.75 74.77 74.79 74.78 74.83 74.86 74.92 74.93 74.99 75.04 75.05 75.10 75.17 75.16 75.18 75.24 75.31 75.30 75.36 75.37 75.39 75.44 75.57 75.70 75.80 75.94 75.87 75.70 75.56 75.51 75.48 75.44 75.38 75.38 75.33 75.11 75.09 75.07 75.06 75.07 75.10 75.10 75.09 75.11 75.17 75.27 75.35 75.35 75.42 75.49 75.58 75.62 75.74 75.83 75.91 75.94 76.06 76.08 76.22 76.21 76.23 76.22 76.32 76.25 76.05 76.19 76.54 76.74
76.01 76.00 76.00 76.00 76.01 76.01 76.04 76.09 76.09 76.10 76.10 76.11 76.12 76.18 76.11 76.05 76.05 76.16 76.15 76.15 76.16 76.18 76.22 76.24 76.23 76.24 76.29 76.39 76.46 76.60 76.93 76.97 76.95 76.95 76.98 76.81 76.98 76.85 76.82 76.80 77.02 77.27 77.21 77.22 77.01 76.96 76.86 76.77 76.69 76.61 76.64 76.54 76.52 76.48 76.71 76.78 76.51 76.35 76.41 76.76 76.60 75.77 75.63 75.66 75.78 75.86 75.73 75.81 75.80 75.44 75.53 75.40 75.14 75.07 75.12 74.90 75.17 75.40 75.63 75.31 75.15 75.07 75.12 75.12 75.20 75.07 75.01 74.89 74.88 74.98 74.88 74.91 75.02 75.02 75.02 75.03 75.03 75.08 75.14 75.25 75.24 75.33 75.59 75.86 75.79 75.76 75.74 75.76 75.74 75.79 75.88 75.94 75.99 76.07 75.87 75.93 76.03 76.05 75.97 75.88 75.86 75.90 75.93 76.02 76.13 76.21 76.21 76.15 76.16 76.11 76.07 76.05 76.02 76.03 76.08 76.20 76.74 77.85 78.26 77.98 77.33 77.02 76.88 76.90 76.44 76.21 76.11 76.01 76.06 76.11 75.99 76.01 76.05 76.18 76.34 76.40 76.44 76.48 76.45 76.46 76.45 76.28 76.13 76.06 76.04 76.14 76.19 76.25 76.36 76.54 76.31 76.36 76.30 76.23 76.17 76.17 76.16 76.17 76.06 76.02
76.03 76.05 76.07 76.08 76.09 76.10 76.12 76.14 76.16 76.19 76.22 76.25 76.28 76.31 76.30 76.30 76.32 76.35 76.39 76.41 76.44 76.48 76.52 76.56 76.61 76.67 76.71 76.77 76.88 77.01 76.96 76.82 76.81 76.77 76.89 76.98 76.95 76.89 76.97 77.04 76.80 76.79 76.79 76.79 76.82 76.85 76.83 77.34 77.46 77.55 77.48 77.50 77.42 77.42 77.43 77.40 77.34 77.63 77.77 77.81 77.37 77.70 77.59 77.48 77.85 77.58 77.60 77.57 77.97 77.61 77.89 78.14 78.32 78.32 78.14 77.98 78.03 78.02 77.98 78.06 78.01 77.96 77.79 77.82 77.83 77.74 77.66 77.63 77.67 77.66 77.38 77.38 77.49 77.89 77.42 77.33 77.21 77.17 77.21 77.08 77.30 76.79 76.96 76.71 77.11 77.37 77.43 77.20 77.09 77.11 77.13 77.27 77.56 77.68 77.79 77.77 77.34 77.35 77.25 77.21 77.13 77.12 76.80 76.72 76.78 76.83 76.83 76.69 76.68 76.83 76.77 76.79 76.97 77.00 77.22 77.83 78.70 78.62 78.66 78.64 78.64 77.35 77.18 77.22 77.17 77.28 77.23 77.15 77.11 77.10 77.04 76.91 76.79 76.72 76.68 76.55 76.51 76.57 76.89 77.27 77.74 77.97 77.47 76.90 76.16 76.15 75.87 75.79 75.77 75.82 75.98 76.18 76.62 76.55 76.24 76.05 75.98 75.95 75.97 76.01
76.33 76.40 76.41 76.55 76.31 76.38 76.43 76.48 76.53 76.59 76.66 76.74 76.91 76.96 76.75 76.76 76.81 76.88 76.91 76.94 76.97 77.02 77.04 77.08 77.12 77.18 77.25 77.29 77.32 77.37 77.42 77.60 77.58 77.62 77.75 77.69 77.46 77.49 77.47 77.51 77.69 77.52 77.19 77.23 77.07 76.93 77.00 77.19 77.26 77.17 77.34 77.26 77.50 78.41 78.11 78.31 78.58 78.05 78.58 78.52 78.19 78.31 78.38 78.35 78.40 78.38 78.46 78.46 78.37 78.26 78.37 78.18 77.98 78.00 78.02 78.05 78.01 78.02 77.97 77.97 78.43 77.86 77.69 77.64 77.61 77.63 77.61 77.62 77.58 77.56 77.54 77.56 77.44 77.25 77.05 76.75 76.14 75.51 76.28 76.42 76.87 77.21 77.17 77.30 77.62 77.85 78.00 78.24 78.20 78.06 77.82 78.15 78.30 78.47 78.47 78.56 78.60 78.70 78.66 78.64 78.61 78.66 78.59 78.51 78.48 78.54 78.07 78.10 78.18 78.27 78.34 78.61 78.68 78.80 78.86 78.85 78.84 78.15 77.28 77.08 77.01 76.93 76.87 77.02 77.08 77.08 77.00 77.14 77.22 77.31 77.45 77.54 77.65 77.39 77.52 77.77 77.95 77.60 77.46 77.50 78.01 77.75 77.36 77.34 77.49 77.43 77.86 77.16 76.38 76.11 76.17 76.32 76.43 76.63 76.92 76.24 76.36 76.36 76.17 76.23
76.69 76.74 76.76 76.88 76.86 76.82 76.83 76.87 76.89 77.09 76.96 77.06 77.12 77.16 77.25 77.43 77.37 77.64 77.27 77.47 77.31 77.35 77.32 77.83 78.31 77.20 77.69 78.25 78.04 78.16 78.08 78.08 78.06 78.08 78.14 78.17 78.17 78.15 78.04 78.00 78.01 77.75 78.41 78.52 77.47 77.65 77.64 77.51 77.47 77.81 78.10 77.76 78.59 78.41 78.52 78.73 78.98 77.59 78.31 77.80 78.60 78.32 77.64 78.12 78.18 78.56 78.63 78.55 78.52 78.48 78.42 78.45 78.43 78.45 78.43 78.40 78.43 78.48 78.42 78.18 78.28 78.47 78.18 78.14 78.15 78.38 78.01 78.20 78.03 78.06 78.11 77.97 77.87 77.55 76.74 76.73 76.33 76.79 77.35 77.67 77.61 77.89 77.94 78.04 78.14 78.40 78.19 78.30 78.02 78.32 77.87 78.19 78.01 78.01 77.65 77.55 78.33 78.53 78.85 78.92 78.99 78.97 79.01 78.98 79.04 78.99 78.94 78.99 78.96 79.02 78.95 78.93 79.03 79.00 79.01 79.02 79.11 79.14 79.06 79.05 79.05 79.09 78.70 78.23 78.42 77.77 77.23 77.21 77.19 77.09 77.16 77.28 77.71 79.02 78.83 77.79 77.58 78.17 76.90 76.91 77.54 76.95 76.65 76.51 76.44 76.55 76.38 76.76 76.48 76.45 76.46 76.52 76.64 76.33 76.24 76.36 76.47 76.58 76.59 76.61
77.55 77.27 77.19 77.17 77.07 77.36 77.32 77.69 77.64 77.70 77.70 77.74 78.11 77.89 77.83 77.92 78.05 78.07 78.16 77.96 77.87 77.93 77.87 77.99 77.92 78.06 78.29 78.39 78.23 78.35 78.31 78.34 78.34 78.33 78.32 78.35 78.31 78.35 78.32 78.32 78.30 78.32 78.23 78.08 78.00 77.76 77.23 77.96 77.13 77.41 78.26 78.04 77.90 77.40 77.60 77.81 77.99 77.94 78.11 78.09 78.41 78.60 78.39 78.47 78.71 78.77 78.76 78.81 78.81 78.77 78.72 78.69 78.63 78.65 78.61 78.62 78.60 78.50 78.27 78.29 78.21 78.07 78.01 77.85 78.10 78.29 78.15 78.19 77.98 78.11 78.11 78.04 77.66 77.48 77.34 77.17 76.70 76.33 77.46 78.69 79.11 79.31 79.31 78.00 78.31 78.18 78.21 78.39 78.09 78.44 78.15 78.10 78.02 78.47 78.87 78.67 78.08 77.95 77.53 77.31 77.21 76.84 76.71 77.24 77.88 78.37 78.70 78.68 78.58 78.37 77.78 78.49 78.70 77.92 78.52 78.75 79.08 78.96 78.67 78.53 78.17 78.22 78.02 78.50 79.13 79.04 78.83 78.67 77.90 77.94 78.03 77.21 77.93 78.27 78.26 77.34 76.94 77.01 76.76 76.78 76.87 76.70 76.69 76.96 76.82 76.77 76.89 76.98 77.00 76.98 76.88 76.98 77.21 76.87 76.89 76.95 77.16 77.33 77.43 77.24
77.83 77.95 77.71 77.86 77.66 77.64 77.77 78.57 78.03 77.97 79.08 79.51 78.27 78.40 78.40 78.52 78.27 78.40 78.38 78.16 78.16 78.44 78.44 78.62 78.45 78.53 78.57 78.60 78.57 78.53 78.53 78.50 78.53 78.48 77.99 78.40 78.42 78.41 78.38 78.37 78.31 78.25 78.25 78.27 78.32 78.39 78.30 78.20 77.98 77.85 77.96 77.40 77.28 77.69 78.29 78.40 78.34 78.71 78.90 78.96 79.01 78.99 78.93 78.88 78.85 78.86 78.83 78.62 78.84 78.72 78.54 78.36 78.31 78.13 78.06 78.17 78.10 78.31 78.12 78.14 78.22 78.27 78.37 78.17 78.53 78.27 78.27 78.44 78.27 78.26 78.15 77.83 77.69 78.01 78.17 78.21 78.23 78.25 78.32 78.18 78.01 78.11 78.11 78.07 78.41 78.49 78.49 78.31 78.27 78.14 78.03 77.84 77.35 77.56 77.68 77.16 77.56 77.43 77.21 77.38 77.14 77.09 77.83 78.14 77.92 77.89 79.08 77.51 77.74 77.76 77.89 78.43 78.32 78.19 78.11 77.89 78.19 77.15 76.76 76.33 76.28 76.96 79.42 79.20 79.31 77.92 78.63 77.95 78.76 79.14 78.98 78.90 78.82 78.85 78.95 77.66 76.52 76.44 76.42 76.43 76.40 76.55 77.23 77.10 77.30 76.66 76.73 76.92 77.00 77.00 77.09 77.11 77.16 77.42 77.44 77.51 77.63 77.57 77.63 77.69
79.15 77.86 78.60 78.59 78.46 78.11 78.97 78.61 78.65 78.64 78.18 77.83 79.01 78.10 78.41 78.63 78.57 78.56 78.48 78.34 78.16 77.77 78.95 77.55 77.82 78.78 78.48 78.45 78.49 78.55 78.57 78.56 78.66 78.24 78.17 77.81 78.06 78.48 78.35 78.41 78.40 78.44 78.34 78.39 78.44 78.43 78.44 78.16 78.82 79.92 79.91 80.11 80.06 78.22 78.82 78.84 79.06 79.13 79.16 79.20 79.21 79.18 79.11 79.01 79.06 78.64 78.82 79.04 79.08 79.08 79.00 78.69 78.45 78.59 78.43 78.31 78.23 78.37 78.61 78.19 78.21 78.23 78.29 78.65 78.47 78.75 78.92 78.87 78.75 78.81 78.41 78.37 77.99 78.39 78.37 78.49 78.69 78.72 78.72 78.70 78.74 78.74 78.82 78.78 78.70 78.63 78.78 78.25 78.16 78.00 77.54 77.16 77.41 77.86 78.32 78.01 78.24 78.12 78.23 77.85 78.01 77.60 77.40 77.29 77.61 77.54 77.93 77.99 78.31 78.26 78.21 78.33 78.37 78.47 78.57 78.58 78.55 78.69 78.28 77.86 78.35 76.93 77.14 77.79 77.88 77.93 78.00 78.29 79.13 78.69 78.44 77.55 78.41 78.90 79.24 79.38 78.65 77.50 76.56 77.00 76.73 77.03 77.56 77.67 76.90 77.21 77.69 77.85 77.68 78.11 79.05 78.74 78.29 78.13 78.15 78.07 78.25 78.03 78.08 79.04
78.97 79.03 79.17 79.26 79.36 79.59 79.77 79.67 79.69 79.72 79.72 78.87 78.09 77.72 77.00 77.03 77.77 77.96 79.27 78.24 78.32 78.11 77.86 77.95 80.21 78.66 78.62 78.65 78.52 78.27 78.36 78.24 78.22 78.45 78.36 78.31 78.22 78.58 78.39 78.41 78.56 78.37 78.54 78.42 78.47 78.50 78.18 77.96 78.02 79.13 79.99 79.83 80.28 78.01 79.00 79.18 79.25 79.34 79.25 79.28 79.37 78.98 78.82 78.97 79.13 79.23 79.34 79.10 79.13 78.14 78.45 78.68 78.51 78.71 78.38 78.61 78.41 77.88 77.66 77.51 77.41 78.51 78.47 78.47 78.69 78.72 78.89 78.67 78.99 78.81 79.41 79.28 78.80 78.90 78.88 78.68 78.59 77.92 78.58 78.91 79.09 78.76 78.80 78.82 78.80 78.86 78.44 77.49 77.78 78.15 78.21 78.34 78.35 78.54 78.56 78.46 78.75 78.54 78.68 78.78 78.69 78.92 78.96 78.72 78.95 78.50 77.85 78.11 79.51 79.49 78.33 78.51 78.26 77.05 77.88 78.09 78.21 77.74 77.37 77.74 78.25 77.58 78.54 78.67 78.99 79.02 78.96 78.60 78.60 78.82 79.14 79.03 79.33 79.10 80.09 80.36 80.25 79.77 79.30 78.97 79.27 79.03 78.76 79.17 79.40 79.31 79.29 79.07 78.88 79.52 78.96 79.34 79.18 79.22 78.56 78.55 78.61 78.72 78.27 78.95
78.28 78.37 78.79 79.11 78.59 80.47 80.23 79.72 79.94 79.90 79.83 79.56 78.78 78.91 78.42 78.70 77.34 77.54 78.02 78.52 78.95 78.66 78.36 78.28 78.06 78.88 78.55 78.73 78.27 79.03 77.86 77.95 77.85 78.16 78.21 78.32 78.64 78.67 78.78 78.77 78.86 78.76 78.72 78.79 78.79 79.61 78.54 78.90 78.91 78.88 78.95 79.12 79.13 79.27 79.29 79.22 79.27 79.31 79.06 79.05 78.82 79.29 79.24 79.44 79.27 79.01 78.34 78.40 78.49 78.50 78.44 78.61 78.58 78.82 78.96 79.21 79.02 78.33 77.76 78.06 78.23 78.78 78.82 78.32 78.30 78.06 78.15 78.11 78.41 78.74 78.77 78.93 77.97 78.97 79.06 78.96 79.13 79.12 79.10 79.17 79.11 79.06 79.13 79.04 78.77 78.43 77.66 78.90 79.12 78.98 78.77 78.56 78.66 78.52 78.68 78.15 78.10 78.72 79.17 79.41 79.64 79.46 79.51 79.61 79.60 79.49 79.06 78.60 78.30 78.30 78.83 78.64 78.59 78.60 79.67 78.38 76.96 77.36 77.51 77.63 77.85 77.84 77.42 77.55 78.12 78.65 78.78 78.46 79.03 79.12 79.12 79.22 78.64 76.80 79.11 80.12 79.88 77.42 80.13 80.00 79.89 79.57 79.45 79.35 79.03 78.69 78.40 78.52 77.65 77.36 78.43 79.19 79.08 78.83 78.65 78.47 78.35 78.24 78.49 78.46
80.19 78.25 77.95 78.81 78.85 78.98 79.02 79.84 79.81 79.97 80.04 80.05 79.83 79.66 79.19 78.81 78.43 77.91 77.81 77.49 77.47 77.18 77.55 77.58 78.01 77.97 77.83 77.73 78.36 77.43 77.44 77.51 78.18 80.01 78.00 78.28 78.31 79.31 78.76 78.78 78.89 78.87 78.82 78.84 78.85 78.91 78.86 78.99 79.01 78.94 78.98 79.10 79.15 79.15 79.05 79.25 79.45 79.29 79.38 79.25 78.59 79.07 79.37 79.36 79.05 78.82 81.11 81.11 80.51 78.54 78.71 78.77 78.85 79.11 79.32 78.86 78.46 77.86 77.95 77.62 77.97 78.00 78.46 78.36 78.75 78.63 78.78 78.81 78.80 78.81 78.87 79.07 78.97 79.14 79.08 79.23 79.08 79.03 79.05 78.83 78.86 78.05 77.82 77.87 77.50 78.08 79.60 80.25 80.18 79.62 79.45 78.93 78.96 78.54 78.73 78.61 79.05 79.25 79.58 79.63 79.60 79.58 79.66 79.66 79.57 79.87 79.86 80.05 80.08 79.45 78.55 77.81 78.49 78.72 77.86 77.66 77.53 77.11 77.71 76.87 77.14 77.57 77.59 78.65 78.27 78.19 77.63 77.99 78.50 78.89 79.27 79.47 79.08 79.31 79.47 79.52 79.56 79.57 79.16 79.39 79.32 79.39 79.12 78.85 79.18 79.11 79.11 79.09 79.01 78.47 79.25 78.93 78.85 78.59 78.05 78.80 78.00 77.97 78.03 78.57
78.44 77.98 77.61 78.12 78.17 79.25 79.41 79.97 79.82 79.91 79.89 80.06 80.07 80.08 79.95 79.70 79.52 79.44 79.30 78.89 78.28 78.13 78.22 77.97 78.39 78.30 77.91 78.87 78.65 77.94 77.69 78.04 77.79 78.07 78.30 78.45 78.48 78.57 78.59 78.85 78.87 78.99 79.02 79.02 79.12 79.16 79.11 79.10 79.12 79.11 78.97 78.85 78.75 78.91 79.09 79.25 79.25 79.26 79.10 78.06 79.44 79.49 79.71 79.99 79.10 79.54 79.58 79.67 78.88 78.81 79.09 78.94 79.05 79.23 79.51 79.37 78.78 78.57 78.14 77.78 77.81 78.17 79.20 78.56 78.78 78.83 78.83 78.74 78.46 78.91 78.92 78.97 78.91 79.13 78.90 79.17 79.49 79.28 78.95 79.05 78.75 78.79 78.63 78.50 78.06 78.42 78.24 78.54 78.67 78.52 78.46 78.30 78.43 79.10 79.43 80.08 80.02 79.78 79.56 79.43 79.44 79.67 79.89 79.85 80.03 79.96 79.92 80.00 80.00 80.15 78.86 78.78 78.73 78.59 80.49 78.02 77.97 78.11 78.67 77.33 77.28 77.29 77.83 77.87 77.92 77.43 77.26 78.67 78.34 77.94 79.02 78.81 78.69 79.31 79.27 77.52 78.21 78.45 79.19 78.80 78.08 78.26 79.21 78.71 79.04 79.38 79.17 79.28 79.22 79.16 78.72 78.59 78.37 77.64 78.80 79.10 78.57 78.36 77.90 77.77
78.46 78.43 78.97 78.10 77.77 78.32 79.01 79.17 79.53 79.42 79.80 79.58 80.10 79.89 79.93 79.74 79.84 79.90 79.79 79.15 78.46 78.43 78.10 78.23 78.12 78.30 78.31 78.08 78.02 78.11 78.03 78.21 78.50 78.52 78.47 78.18 77.96 78.38 78.87 78.52 79.08 78.65 78.39 78.89 78.94 78.91 78.63 79.03 78.92 78.89 78.61 78.71 79.15 79.67 79.25 78.31 78.87 79.62 79.41 79.47 79.38 79.36 79.55 79.87 80.40 80.05 79.08 80.15 78.92 79.63 79.31 79.06 79.13 78.98 79.12 79.80 80.02 79.89 79.79 79.28 79.03 78.55 78.69 78.67 78.70 78.77 78.94 78.94 78.96 78.91 78.90 78.92 79.07 78.98 79.05 78.82 79.00 79.09 78.90 79.21 79.26 78.89 78.98 79.22 79.03 78.71 78.46 78.17 78.21 77.94 78.52 78.66 79.09 79.83 80.39 80.47 80.51 80.18 79.90 79.78 79.72 79.67 79.75 79.82 80.14 80.25 80.10 80.05 80.10 80.16 79.88 79.10 78.96 79.32 78.78 78.21 77.88 78.09 77.91 77.02 79.13 77.63 78.34 78.22 78.17 77.80 77.59 77.36 77.05 77.57 78.08 78.60 78.30 78.38 78.82 79.29 79.65 79.68 79.29 79.12 78.46 78.58 78.84 78.81 78.66 77.54 77.48 77.93 78.57 78.95 79.13 79.23 78.97 79.33 79.27 78.09 78.66 78.79 78.71 79.12
79.51 78.28 77.71 78.47 78.90 79.18 79.15 78.27 78.43 78.72 78.13 78.44 79.23 78.45 80.86 78.56 79.09 79.01 79.82 79.34 79.22 79.16 79.21 78.38 78.17 77.90 79.35 78.81 78.13 78.25 78.84 79.27 79.31 79.15 79.16 78.76 78.25 78.50 78.39 78.36 78.92 78.00 78.54 78.99 78.57 77.37 79.24 79.46 79.52 79.43 79.38 79.58 79.55 79.07 78.53 79.85 79.85 79.51 79.85 79.81 79.71 79.45 79.64 79.75 80.15 80.67 80.27 79.40 80.43 80.48 80.20 79.78 78.62 79.69 80.01 79.34 79.22 79.37 79.20 78.84 77.78 77.81 78.68 79.04 78.73 78.64 78.49 78.89 79.04 79.01 79.10 79.00 79.02 79.26 79.13 79.21 79.15 78.93 79.10 79.26 79.36 79.17 79.07 79.04 78.33 79.05 78.92 78.94 78.96 79.09 79.23 79.32 79.46 79.72 80.08 80.18 79.51 79.43 79.48 79.17 80.93 80.17 79.28 79.62 79.91 80.03 80.31 80.43 79.99 80.36 80.85 80.49 77.58 80.21 79.98 79.67 78.15 78.39 78.37 78.95 77.88 77.77 77.65 77.77 77.85 77.72 77.71 77.42 77.71 77.59 77.91 77.88 77.96 78.08 78.14 79.50 80.36 80.25 80.23 80.01 79.73 79.37 79.07 78.75 78.67 78.20 77.70 78.03 78.14 76.96 77.90 78.85 79.04 78.68 77.42 77.88 78.11 79.27 79.33 79.27
79.72 79.00 78.75 79.17 79.19 78.95 77.36 78.23 78.51 78.22 78.90 78.23 78.54 77.51 78.79 79.44 78.97 79.16 78.76 79.18 79.39 79.43 79.02 78.83 77.79 78.32 78.57 78.65 79.21 78.31 78.61 79.50 79.62 79.19 79.61 79.24 78.56 77.92 77.73 77.92 78.29 79.05 79.47 79.41 79.30 78.83 79.53 79.73 79.98 79.95 79.96 79.96 80.03 80.08 79.66 79.37 79.55 79.29 79.74 79.92 79.46 79.03 80.24 80.02 79.16 80.68 79.24 79.99 80.45 78.45 78.90 80.03 80.98 79.63 80.43 79.47 79.54 79.12 78.81 78.85 78.14 78.30 78.71 78.42 78.49 79.06 78.84 78.79 79.32 77.79 78.91 79.23 79.33 79.19 79.84 78.95 78.85 78.89 80.26 78.82 78.71 79.26 79.06 79.09 79.18 79.24 79.19 79.09 79.05 79.47 79.57 79.84 79.93 79.93 79.69 79.19 79.25 79.38 78.91 78.34 78.40 78.44 79.35 79.93 80.51 80.69 80.80 80.69 80.83 81.09 80.75 80.71 80.30 80.04 80.19 79.79 79.11 77.66 77.04 77.41 80.07 79.81 77.08 77.10 78.87 77.48 77.64 76.84 77.57 78.04 77.41 77.50 78.16 79.03 79.42 79.72 79.99 79.89 80.06 80.04 80.01 79.90 79.71 79.48 78.89 78.45 78.02 77.93 78.20 77.93 79.28 77.17 78.14 78.40 78.01 78.87 79.18 78.91 79.29 79.51
79.50 79.56 79.83 80.24 79.59 77.92 78.46 78.24 77.71 77.80 77.95 80.22 77.89 78.04 77.55 77.65 78.53 79.19 78.60 78.44 80.10 78.52 78.57 78.55 77.60 78.43 78.78 78.75 78.70 77.68 77.05 79.58 79.26 79.42 79.39 79.06 79.26 78.45 78.21 78.29 78.02 78.77 79.06 79.24 79.36 78.97 78.36 78.25 79.37 80.05 80.09 80.17 79.95 79.93 79.61 78.76 78.47 78.50 78.14 77.93 78.79 80.83 79.34 78.59 80.52 81.10 80.84 79.65 82.03 77.12 81.39 79.65 78.81 79.73 79.20 80.50 80.87 80.43 79.95 81.03 81.08 79.79 78.81 78.93 79.27 78.89 78.98 78.66 78.60 79.04 79.14 79.26 78.87 78.47 78.48 78.41 78.43 78.56 79.12 78.56 78.22 78.42 78.41 78.49 78.45 79.24 79.28 79.50 79.71 79.88 80.04 80.21 80.40 80.51 80.32 79.91 80.09 80.09 80.30 79.87 79.73 80.03 80.67 81.12 81.41 81.39 81.43 81.41 81.41 81.66 81.11 80.95 80.63 80.92 80.79 80.66 80.55 79.84 77.44 78.83 80.16 80.64 77.73 77.98 78.70 78.47 77.95 77.64 77.59 78.04 78.62 78.84 79.04 78.69 79.36 79.00 79.71 78.92 77.83 78.15 79.80 79.98 79.87 79.44 78.84 78.44 78.10 78.08 78.21 78.10 77.71 77.55 78.17 78.27 79.57 78.17 78.16 78.30 78.69 79.41
79.66 79.71 79.91 80.04 79.17 79.11 79.01 78.44 78.21 78.90 78.85 78.71 78.46 78.60 78.11 78.43 79.20 79.06 79.08 79.02 78.32 77.43 77.43 80.13 77.39 78.53 78.98 78.99 78.97 78.58 78.26 79.45 79.43 79.28 79.57 79.04 78.69 78.35 77.83 77.71 77.85 77.68 77.59 77.84 78.85 78.43 78.18 78.64 79.37 79.74 80.11 80.15 80.20 79.50 79.06 77.73 78.19 77.59 78.00 80.42 78.71 81.13 81.36 80.57 78.91 82.43 82.29 82.51 82.27 82.28 82.32 81.57 78.69 79.25 80.86 79.88 79.47 80.60 80.37 80.25 79.53 79.09 79.30 79.28 79.15 78.94 78.97 78.63 78.82 78.42 78.76 79.03 79.37 78.92 79.06 79.71 80.73 79.09 79.03 79.18 79.14 79.04 78.25 78.47 78.22 78.55 79.54 79.66 79.95 80.21 80.41 80.57 80.84 81.07 81.05 81.25 81.39 81.51 81.56 81.82 82.12 82.29 82.34 82.46 82.67 82.31 82.10 82.06 82.62 81.79 81.51 81.38 81.18 80.83 81.12 81.01 78.93 80.06 79.86 79.36 79.11 78.85 79.01 79.07 77.61 78.14 78.30 78.30 78.76 79.18 79.65 79.65 80.69 80.16 79.06 79.32 79.63 77.79 78.05 80.02 79.57 79.26 79.00 79.07 78.53 78.35 78.58 78.86 79.23 78.91 78.90 78.05 79.10 78.54 78.20 78.29 78.62 79.18 79.20 79.56
79.81 79.24 79.38 80.33 80.65 78.37 79.47 79.65 79.61 79.31 79.55 78.81 78.51 79.01 78.98 78.98 78.59 79.15 79.00 79.15 78.98 78.07 77.65 79.19 78.56 78.94 80.47 78.86 79.11 78.83 79.31 79.13 79.14 79.57 79.28 79.26 79.21 78.08 77.71 77.72 77.58 77.75 78.38 78.64 78.91 79.09 79.27 79.14 80.33 81.21 78.67 78.84 79.26 78.92 79.11 79.82 79.51 78.40 78.25 79.58 78.89 81.31 81.40 81.54 83.05 82.67 82.32 82.33 82.38 82.43 82.43 82.23 81.79 81.35 80.08 79.86 80.34 80.84 79.73 80.10 80.39 80.16 79.96 79.68 79.31 80.60 79.58 78.98 79.22 79.31 78.87 78.77 78.59 79.25 78.48 78.29 78.78 78.93 79.09 78.91 79.13 79.25 78.59 77.60 79.35 79.03 79.25 79.69 79.84 79.93 80.57 80.80 81.18 81.43 81.54 81.75 82.18 82.35 83.08 84.09 84.96 85.64 85.93 86.06 86.14 85.41 85.14 85.28 85.32 85.20 83.77 81.82 81.86 82.15 81.04 81.33 81.41 81.05 79.43 79.44 79.69 78.97 79.12 78.57 78.83 79.87 78.68 78.67 78.80 78.45 78.82 79.40 79.98 80.29 81.10 79.80 79.60 77.52 80.15 79.57 79.78 79.84 79.84 79.31 78.94 78.86 78.42 78.95 78.10 78.96 79.29 78.33 77.55 77.55 78.35 79.19 79.26 79.39 79.73 79.80
79.71 79.48 79.03 79.17 80.06 79.83 79.69 78.52 79.95 79.21 78.74 79.16 78.93 79.27 79.04 78.89 79.05 78.12 78.84 78.96 78.68 78.22 77.64 77.43 77.00 78.64 78.16 78.67 79.08 79.08 78.92 79.20 78.79 78.70 78.96 78.60 78.62 78.44 78.12 77.18 77.17 76.94 77.39 78.75 78.99 79.22 79.32 78.74 80.50 81.06 78.67 78.71 78.04 77.65 79.09 80.44 80.68 80.60 79.19 78.32 78.36 78.60 81.47 82.23 82.67 82.22 82.46 82.34 82.35 82.35 82.37 82.50 81.77 81.83 82.02 82.62 80.32 80.48 79.93 80.00 80.26 80.13 79.53 79.24 78.88 79.73 78.61 78.80 79.20 79.18 79.13 79.23 79.39 79.50 79.08 78.57 78.77 78.92 79.04 78.51 79.34 78.86 78.40 79.03 78.86 79.13 79.57 79.96 80.26 80.27 81.01 81.21 81.28 81.67 81.91 82.39 83.11 84.18 85.27 86.46 86.84 87.37 87.54 87.58 87.75 87.80 87.62 87.64 87.50 87.28 87.70 87.07 83.27 83.22 82.23 81.55 80.64 78.77 77.80 80.15 79.64 78.72 80.23 78.68 77.82 78.17 78.71 79.60 79.23 79.36 79.91 79.96 79.78 79.62 78.71 79.64 79.71 79.93 79.76 79.78 79.67 78.95 79.16 79.74 79.66 79.33 78.57 79.70 79.11 79.64 79.08 78.49 79.15 78.26 78.41 78.83 79.02 79.34 79.45 79.66
78.49 78.85 78.67 79.25 80.37 80.66 80.85 79.65 79.67 78.33 78.99 78.40 78.38 78.18 78.58 78.32 78.24 78.30 77.37 77.68 78.11 78.50 77.54 77.37 78.19 77.89 78.37 79.11 79.06 79.05 78.80 79.14 78.68 77.14 77.15 77.38 77.75 77.74 77.84 77.24 77.03 77.11 77.30 78.39 78.85 79.09 79.12 79.09 78.97 78.83 78.60 78.20 77.58 77.31 77.64 78.19 79.64 79.72 78.72 78.40 80.90 81.22 81.39 81.65 82.29 82.82 82.37 82.42 82.34 82.59 82.64 82.24 81.97 80.64 81.20 79.92 79.93 80.45 79.82 80.05 80.09 80.00 79.62 79.12 79.18 78.55 78.77 80.78 79.81 79.22 78.95 79.17 80.01 80.04 79.26 78.94 78.10 79.54 78.59 78.59 78.53 78.52 78.89 79.39 79.51 78.99 78.90 79.98 80.26 80.68 80.16 80.98 81.61 82.03 83.05 84.17 85.27 85.96 86.86 87.35 88.00 88.22 88.01 87.99 87.00 87.69 87.79 87.90 87.78 87.75 87.79 87.81 87.62 86.99 84.74 83.11 81.44 80.49 81.04 80.36 80.78 79.83 78.41 79.18 79.40 77.99 78.99 78.67 79.44 79.66 78.66 79.37 79.36 79.30 79.11 79.76 79.45 79.14 78.64 78.66 77.00 78.10 79.18 78.97 78.46 79.25 79.85 80.30 79.37 80.30 80.14 79.70 79.63 78.92 78.31 77.74 78.00 78.31 78.82 79.04
78.28 78.96 78.61 78.54 79.49 80.29 79.32 78.63 79.36 78.81 78.44 78.63 77.37 79.08 77.60 77.90 76.91 77.19 78.14 77.86 78.48 77.72 78.19 78.61 78.55 79.16 78.30 78.76 79.00 78.96 78.99 79.00 79.12 78.06 77.84 78.02 78.39 78.46 78.46 78.09 77.56 77.40 77.83 77.97 77.79 78.60 78.61 78.74 78.47 78.52 78.08 77.87 77.40 77.38 77.30 77.69 78.07 78.02 78.66 79.26 77.91 80.40 79.79 81.28 81.25 82.46 82.76 82.71 82.60 82.75 82.67 82.35 82.13 80.81 81.26 81.20 79.98 79.89 79.59 78.84 79.84 79.51 79.38 79.33 78.88 78.97 78.64 78.99 79.45 79.28 79.44 79.46 80.23 79.42 79.11 78.16 78.58 78.40 78.86 79.64 78.62 78.12 78.42 78.85 80.08 80.10 79.47 79.92 80.55 80.42 80.16 80.64 81.43 81.67 85.15 87.00 87.51 88.14 88.26 87.94 87.49 87.77 88.10 88.04 87.69 87.36 87.10 87.57 87.78 87.66 87.69 87.48 87.52 87.43 86.78 85.26 83.52 81.84 81.32 81.07 80.95 80.81 80.01 79.28 80.12 80.06 79.21 79.78 79.68 79.68 79.70 78.81 78.58 79.12 78.54 78.98 79.08 78.25 77.75 78.69 79.78 79.97 78.57 78.42 79.12 79.91 79.68 79.98 80.27 80.12 80.04 79.95 78.71 78.76 78.33 79.12 78.63 78.42 78.95 78.76
79.00 79.10 78.90 78.98 79.34 79.28 79.46 79.52 79.70 78.59 78.30 79.03 78.35 78.10 78.20 78.21 79.48 78.12 78.62 78.78 78.48 78.88 79.73 78.38 78.86 79.21 78.95 78.78 78.78 78.73 78.56 78.70 78.62 78.36 78.39 78.34 78.38 78.43 78.58 78.60 78.18 78.04 78.27 78.15 78.12 78.37 78.38 78.12 77.90 77.66 77.55 77.53 77.45 76.85 76.62 77.93 78.45 78.61 79.10 79.46 79.92 79.83 80.43 80.62 80.57 81.85 82.19 84.00 83.70 83.04 82.82 82.52 81.71 81.43 81.11 81.36 79.74 79.68 79.65 80.96 79.16 79.48 79.08 79.02 78.93 78.80 78.80 79.51 79.49 79.35 79.18 79.31 79.65 79.30 79.01 79.15 78.64 78.69 78.63 79.64 77.60 78.44 78.69 78.78 79.63 78.75 79.58 79.92 80.25 80.29 80.44 80.30 81.46 83.05 87.04 87.56 88.26 88.28 87.95 88.23 88.09 88.26 88.12 88.13 87.95 88.25 88.22 87.57 87.52 87.96 87.66 87.55 87.57 87.43 86.73 86.30 84.41 82.27 81.55 81.29 80.95 81.15 78.38 80.13 80.17 79.74 79.92 79.47 79.25 79.77 79.26 78.96 79.37 78.93 79.06 78.57 78.26 78.37 77.68 76.74 78.35 78.02 78.73 79.97 80.14 79.97 79.18 80.19 79.38 79.50 79.95 79.79 78.73 78.79 78.96 77.74 77.81 78.59 78.86 78.73
79.78 78.67 79.96 79.41 79.78 79.29 79.46 79.41 79.11 78.80 78.30 78.43 78.17 77.92 78.35 78.39 78.89 78.99 78.81 78.78 78.14 78.45 78.71 78.73 78.36 78.83 78.97 78.97 78.10 78.49 78.31 78.67 78.73 78.19 78.29 78.28 78.33 78.48 78.73 78.86 78.12 77.81 76.63 76.71 77.68 78.15 77.97 77.68 77.73 77.39 77.24 77.24 77.10 77.19 77.22 78.10 78.20 78.43 78.51 79.00 78.97 79.09 79.73 79.01 81.05 80.87 81.59 81.72 81.86 81.95 81.81 81.78 81.07 81.45 81.24 79.96 79.81 80.10 79.90 80.08 79.73 81.44 79.09 79.38 79.15 79.14 78.95 79.57 79.52 79.16 79.04 79.30 79.38 79.24 79.20 78.86 79.19 78.84 79.31 78.64 78.55 78.70 78.50 77.98 78.05 78.52 79.44 80.48 79.75 80.09 80.25 80.40 81.67 84.80 87.39 88.15 88.13 87.95 88.11 88.28 88.17 88.20 88.04 88.22 88.20 87.64 87.83 87.76 88.01 87.80 87.60 87.58 87.38 86.98 85.56 85.41 84.44 82.72 81.52 81.55 81.31 81.38 80.97 80.86 80.52 80.25 79.91 79.61 79.64 80.56 80.00 79.76 79.66 79.12 79.04 78.62 78.22 78.20 78.29 78.33 78.01 78.13 79.06 80.21 80.47 80.40 80.10 79.94 79.38 79.70 79.66 79.87 78.00 79.05 79.11 80.13 78.64 78.98 79.41 79.34
80.03 79.90 79.95 80.47 80.19 79.19 79.34 79.22 80.04 80.55 81.36 81.15 79.54 78.47 78.82 78.68 78.10 78.44 78.07 78.52 78.08 78.79 78.73 78.73 78.49 77.45 78.11 78.35 78.65 78.07 77.93 78.27 78.05 78.07 77.79 78.17 78.27 78.50 78.57 76.13 75.80 75.61 73.77 73.51 73.59 75.96 75.95 75.96 76.82 77.22 76.87 77.32 76.98 77.17 77.11 77.16 77.26 77.86 78.97 78.73 78.26 77.54 79.29 80.16 80.07 80.86 80.83 81.19 81.60 81.66 81.60 81.10 81.44 80.59 80.68 80.68 80.39 81.56 80.30 79.68 79.98 79.80 79.32 79.33 79.07 79.10 79.30 79.70 79.68 79.47 79.12 79.42 79.03 79.10 79.26 78.59 78.40 79.06 78.98 78.82 78.40 78.52 77.91 77.61 79.64 78.70 79.18 79.94 79.97 80.00 80.33 80.71 81.63 84.84 86.90 88.14 88.07 87.58 88.21 88.23 88.20 88.12 88.24 88.29 88.13 87.64 87.96 88.06 87.90 88.02 87.83 87.56 86.70 85.85 85.41 84.98 83.85 82.51 81.97 81.58 81.78 80.62 80.33 80.71 79.29 79.40 79.95 80.10 80.18 80.11 79.96 79.95 79.95 79.05 78.86 78.77 78.44 79.02 78.92 78.61 78.52 78.41 79.26 79.81 80.01 79.84 79.97 79.85 78.80 79.42 79.43 78.40 78.28 79.25 79.14 79.28 79.32 79.63 79.91 79.43
79.81 80.00 79.60 79.09 80.29 79.11 79.70 79.53 78.58 79.16 80.82 80.82 78.92 78.51 79.28 78.90 79.24 78.63 78.96 79.04 79.26 78.32 79.30 79.29 78.95 78.96 78.69 78.34 78.53 78.38 78.24 76.12 77.34 77.83 77.84 78.07 78.26 78.23 77.40 77.23 76.57 75.19 74.85 74.93 75.31 75.44 75.33 75.60 74.97 76.13 76.92 76.94 76.96 77.05 77.21 77.24 77.50 77.88 77.97 78.58 78.58 78.76 78.16 78.44 79.45 78.72 80.20 81.47 81.33 81.26 81.33 81.31 80.81 80.58 80.79 80.63 80.51 80.22 80.00 80.04 79.95 79.98 79.76 79.47 79.41 79.08 79.58 79.98 79.50 79.42 79.74 79.81 79.69 79.09 79.39 78.87 78.89 78.84 78.80 79.38 78.49 78.76 78.27 78.41 78.30 78.24 79.16 79.73 80.06 80.13 80.13 80.97 81.70 83.30 86.62 88.17 88.24 88.18 87.97 88.14 88.28 88.24 88.28 88.29 88.17 87.93 88.20 88.04 88.14 87.88 87.64 87.02 86.08 85.53 84.69 84.15 83.74 83.14 81.91 81.23 81.07 80.29 80.22 80.08 80.03 80.32 80.48 80.24 79.19 80.03 80.10 80.24 79.87 79.62 79.11 79.46 79.11 78.70 79.49 79.25 78.83 78.63 78.65 78.96 79.42 79.60 80.21 79.95 79.53 79.48 79.64 79.36 79.84 79.69 79.73 79.31 79.51 79.84 80.07 80.25
80.26 80.01 80.02 79.50 80.94 80.56 79.99 78.91 78.27 77.54 77.19 78.34 78.17 79.26 79.80 79.75 79.75 79.75 79.52 79.39 79.38 79.35 78.93 79.19 78.78 78.34 78.45 77.90 77.77 78.42 78.29 77.25 77.43 76.76 77.56 76.58 77.24 75.20 75.34 77.22 75.17 74.37 75.70 75.74 75.64 75.58 75.80 76.56 75.89 75.85 75.61 76.26 76.90 77.44 77.43 77.55 77.42 78.09 78.23 78.01 77.97 78.89 78.86 79.31 79.93 79.90 80.45 80.69 78.76 80.97 80.52 80.64 80.72 80.88 80.70 80.48 80.33 80.30 80.32 80.01 79.68 79.47 79.07 80.91 79.53 79.24 79.26 79.11 79.86 79.43 79.62 79.83 79.76 79.47 78.88 79.26 78.79 78.70 79.25 79.20 78.44 78.40 78.23 78.45 78.69 78.67 80.52 79.28 79.94 80.27 80.36 80.51 81.13 82.91 84.74 87.76 88.27 88.29 88.15 88.17 88.20 88.22 87.96 88.27 88.00 88.07 87.97 88.06 88.03 87.95 87.78 86.63 85.34 84.78 83.97 83.49 82.66 81.95 81.62 81.31 80.48 80.59 79.88 79.90 79.68 79.85 80.26 80.29 80.23 80.03 80.27 80.06 79.92 79.84 79.61 79.65 79.96 79.66 79.52 78.58 79.01 78.94 78.33 78.30 79.21 79.47 80.17 79.57 79.62 79.81 80.02 79.98 79.93 79.90 79.62 79.38 80.28 80.47 80.29 80.80
80.24 80.91 80.04 79.11 79.91 79.08 78.99 79.22 78.44 77.57 77.41 78.38 79.25 79.47 79.68 79.57 79.74 77.97 79.42 79.34 79.26 79.00 79.00 78.77 78.17 78.47 78.26 78.10 77.50 77.68 77.35 77.21 77.33 77.02 77.18 77.38 76.64 75.15 75.27 75.22 74.66 75.71 76.46 76.35 76.00 76.29 76.09 76.17 76.45 76.49 76.29 75.37 76.18 77.30 77.67 77.90 77.89 77.90 77.91 78.01 78.22 78.43 78.38 79.74 79.65 78.86 79.17 79.71 79.60 80.63 80.51 80.71 80.38 79.96 80.14 80.38 80.39 80.37 80.64 80.23 79.73 79.31 79.58 79.34 79.47 79.03 78.92 79.09 79.27 79.39 79.44 79.71 79.59 79.04 79.07 79.04 79.36 79.70 78.83 78.67 78.73 78.03 78.20 78.67 78.89 78.83 78.93 79.40 80.14 79.96 79.94 80.21 80.67 81.01 82.40 84.69 88.09 88.27 88.27 88.24 88.17 88.17 88.01 88.21 87.98 88.04 88.03 87.94 88.01 87.87 87.05 84.55 83.50 83.47 83.03 82.47 82.68 81.94 81.88 81.82 80.78 80.35 79.26 79.87 79.53 79.72 79.92 80.03 80.20 80.31 80.09 79.81 78.96 79.00 79.09 79.49 79.09 78.82 79.26 79.55 79.21 78.77 79.33 79.60 79.34 79.35 79.13 79.45 79.41 78.80 80.08 80.17 79.76 79.67 79.91 80.03 80.73 80.52 80.02 79.21
80.33 80.46 79.09 78.89 79.16 78.14 78.64 77.60 77.64 78.31 78.24 78.55 79.34 79.53 79.94 79.43 79.76 79.80 79.34 79.34 78.46 79.01 78.93 78.90 78.54 78.24 78.26 78.04 77.79 77.49 77.32 76.47 76.89 76.66 76.32 76.53 75.84 74.86 74.70 74.03 74.27 75.78 76.68 76.27 77.05 76.37 77.33 77.41 77.11 77.15 76.47 75.48 74.65 76.32 77.28 77.90 77.86 77.93 77.97 77.93 78.37 78.88 78.74 79.68 79.78 79.85 79.80 79.78 79.67 79.45 79.73 80.42 80.36 79.96 80.49 79.99 80.59 80.27 80.20 80.34 80.03 79.74 80.04 79.57 79.48 79.31 79.23 79.09 79.10 79.23 79.30 78.91 79.19 79.43 79.13 79.30 79.02 79.34 78.98 78.37 78.58 78.37 78.09 78.36 78.66 78.81 78.82 78.73 79.54 79.93 79.76 79.70 79.45 79.92 80.74 82.13 85.89 87.58 88.16 88.29 88.28 88.20 87.96 87.91 88.08 88.07 87.89 87.87 86.91 85.63 84.84 83.14 82.16 82.08 82.02 82.00 82.37 82.10 81.72 81.64 81.23 80.40 79.90 79.74 79.52 79.44 79.66 79.59 79.74 79.92 79.86 79.51 79.31 79.05 78.39 78.26 78.41 78.34 79.19 78.65 79.08 79.42 78.79 79.15 78.99 78.89 79.38 79.56 79.85 79.29 79.55 80.16 79.16 79.82 79.84 80.06 80.26 80.00 79.59 79.58
80.22 79.33 79.17 79.09 78.33 78.45 77.86 78.37 78.53 78.36 78.58 78.62 79.09 79.43 79.77 79.75 79.75 79.18 78.99 79.34 78.85 78.92 78.83 78.75 78.52 78.46 78.22 77.99 77.65 77.31 77.01 76.85 76.81 76.20 76.04 76.63 75.76 74.68 74.83 74.04 75.01 75.84 76.23 76.85 77.11 77.37 77.39 77.62 77.61 77.73 76.70 75.49 75.88 75.98 76.13 76.07 77.51 78.15 78.10 78.47 78.94 79.38 79.66 79.72 79.92 79.84 79.93 80.10 79.99 79.91 80.03 81.02 79.95 79.65 79.90 79.88 80.01 80.15 80.39 80.35 80.43 80.30 79.98 79.98 79.80 79.32 78.97 78.80 79.05 79.12 79.13 79.25 78.93 79.22 79.31 79.19 79.28 79.14 79.10 78.61 78.58 79.15 78.78 78.56 78.89 79.10 79.21 78.87 79.60 79.91 80.19 79.71 80.19 80.10 81.01 81.02 82.06 82.77 83.50 87.17 87.88 88.25 87.72 87.96 87.83 87.92 87.56 86.97 83.77 82.19 83.22 82.69 81.91 81.89 81.82 81.53 81.49 81.71 81.67 81.40 81.29 79.97 80.01 79.63 79.79 79.22 79.38 79.33 79.35 79.45 79.59 79.31 79.04 79.05 78.61 78.51 79.30 78.26 78.05 77.83 79.20 79.61 80.09 79.30 79.53 79.75 79.91 79.78 79.82 79.64 79.44 79.77 79.33 79.68 79.67 79.45 79.68 79.88 79.84 79.77
80.19 79.31 77.77 79.07 78.32 78.16 78.80 78.30 78.67 78.46 78.45 78.73 79.38 79.63 79.75 79.68 79.63 78.37 79.43 79.39 79.15 78.82 78.81 78.68 78.58 78.39 78.20 77.87 77.51 77.22 76.95 76.62 76.42 76.37 76.35 75.56 75.62 75.15 73.78 72.91 74.94 76.02 76.45 76.78 77.15 77.47 77.67 77.81 77.91 77.89 77.83 77.65 76.87 76.88 76.76 75.99 76.29 76.81 78.06 78.40 79.01 79.77 79.91 79.84 80.29 79.88 79.68 79.83 80.11 80.06 80.27 80.63 80.27 79.79 80.10 80.46 80.17 80.13 80.58 80.49 80.42 80.43 80.11 80.25 79.49 79.46 79.28 78.99 78.86 79.09 79.24 79.26 79.42 79.34 79.30 79.21 79.26 78.72 79.15 78.73 79.31 79.40 79.05 79.07 79.37 79.51 79.62 79.51 78.85 79.82 79.48 80.14 80.33 80.48 79.70 80.05 81.36 81.23 81.86 81.87 82.71 82.70 84.34 86.58 85.20 85.55 83.81 84.45 82.13 81.77 81.55 81.27 81.58 81.72 81.57 81.24 81.39 81.35 81.27 80.70 80.63 80.22 79.87 79.68 79.60 79.39 79.34 79.41 79.39 79.43 79.46 79.18 79.14 78.59 78.86 78.35 77.78 78.08 79.00 77.76 78.93 79.47 79.67 79.06 79.70 78.70 79.63 79.86 79.54 79.37 79.60 79.43 79.17 79.33 79.45 79.68 79.47 79.67 79.85 80.07
79.74 79.23 79.20 79.16 78.45 78.31 79.01 77.98 78.50 78.90 78.78 79.26 79.16 79.35 79.74 79.46 79.75 78.76 79.41 78.73 78.77 78.80 78.66 78.63 78.41 78.27 78.11 77.97 77.47 77.14 76.79 76.47 76.08 76.10 75.94 76.13 76.35 74.95 74.67 73.15 75.20 76.07 76.45 76.88 77.25 77.58 77.81 77.96 78.06 78.22 78.18 78.24 77.94 77.25 77.24 77.34 77.65 77.62 77.51 77.49 77.23 79.04 79.96 79.98 79.92 79.94 80.06 80.30 80.01 79.87 79.92 80.68 80.78 81.04 80.48 80.01 80.40 80.43 80.69 80.68 80.64 80.61 80.45 80.11 79.95 79.62 79.70 79.73 79.25 79.12 79.08 79.35 79.38 78.91 79.10 79.26 79.30 78.97 78.97 78.96 79.30 79.60 78.97 79.34 79.57 79.44 79.80 79.05 78.60 78.92 79.67 79.71 80.07 79.86 79.80 79.93 79.95 81.29 81.23 81.44 81.58 81.58 81.83 81.90 81.97 82.27 82.89 82.34 82.13 81.72 81.30 81.51 81.56 81.39 80.97 81.18 78.75 81.26 81.22 79.38 80.03 79.58 79.45 79.43 79.44 79.44 79.42 79.42 79.27 79.21 79.15 78.83 78.27 78.13 77.98 78.31 79.04 77.88 77.98 78.75 78.33 78.88 79.46 79.43 79.96 78.87 79.70 79.41 79.65 79.83 79.71 79.49 78.98 78.72 78.77 79.25 79.26 79.35 79.83 79.91
79.88 79.00 79.45 79.13 79.07 79.01 79.20 79.64 78.97 79.37 79.15 79.87 79.86 79.73 79.87 79.60 79.67 79.17 78.75 79.29 78.88 78.68 78.62 78.47 78.32 78.08 77.92 77.74 77.33 76.86 76.52 76.23 75.97 75.80 75.74 75.07 75.48 75.87 74.67 75.01 75.47 76.01 76.53 76.91 77.15 77.45 77.64 77.91 78.07 78.07 78.26 78.29 77.96 77.53 76.56 77.32 77.65 77.83 77.82 77.65 76.86 78.24 79.64 79.71 79.87 79.88 79.86 79.20 79.48 79.66 79.75 79.79 80.46 81.23 81.44 80.60 80.78 80.89 81.12 80.78 80.78 80.65 80.97 80.48 80.77 79.93 80.04 80.06 80.01 79.21 79.66 79.51 79.83 78.81 79.32 79.28 79.30 78.79 78.41 79.24 79.29 79.14 79.25 79.32 79.16 78.73 79.28 78.51 78.28 78.69 79.05 79.18 79.63 79.45 80.10 80.67 80.25 80.96 81.21 81.39 81.53 81.42 81.33 81.80 81.49 82.03 81.84 81.33 81.21 81.01 81.20 80.91 80.88 81.15 80.90 79.99 79.86 80.27 79.15 79.69 79.49 79.22 79.01 79.05 79.15 79.22 79.59 79.23 79.14 78.96 78.87 78.62 78.18 77.73 77.90 78.21 78.68 78.15 77.56 78.06 77.94 78.42 78.93 79.45 79.00 79.04 79.60 79.02 79.39 79.63 79.57 79.07 78.68 79.43 79.46 79.22 79.39 79.89 80.22 79.79
79.81 79.78 79.15 79.17 79.08 79.24 79.50 79.71 79.90 79.98 79.96 79.90 80.15 80.25 79.87 80.06 78.47 78.87 79.37 78.89 78.88 78.56 78.56 78.43 78.23 77.92 77.67 77.32 76.92 76.54 76.20 75.83 75.63 75.52 75.59 75.53 74.72 75.11 74.62 74.90 75.41 76.00 76.36 76.64 76.91 77.16 77.42 77.67 77.96 78.12 78.42 78.37 78.34 77.93 77.10 77.28 77.62 77.63 77.57 77.18 76.44 78.48 79.44 79.51 79.15 79.38 79.69 79.24 79.68 79.64 79.41 80.00 80.19 80.90 81.09 81.26 80.67 80.86 80.71 80.93 80.92 80.80 80.83 81.13 80.66 80.21 80.35 80.49 80.31 78.98 79.76 79.51 79.86 79.94 79.94 79.37 79.26 80.59 79.25 78.73 78.93 78.70 78.47 78.31 78.66 79.15 78.31 78.26 77.94 78.61 78.92 79.45 79.32 78.92 78.88 79.21 79.92 80.23 80.56 80.82 81.27 81.01 81.29 81.50 81.51 81.78 81.46 81.01 81.00 80.82 80.39 80.46 80.67 80.80 79.83 79.16 78.40 78.62 79.08 79.43 79.14 78.87 78.47 78.63 78.98 79.09 79.16 79.24 78.90 78.81 78.71 78.62 78.84 78.67 78.75 78.12 78.68 78.14 77.71 78.09 77.65 78.60 78.87 79.18 79.18 79.39 79.27 79.46 79.33 80.05 79.34 80.44 79.30 79.40 79.48 79.41 79.20 80.00 80.43 79.77
79.49 79.63 79.16 79.18 79.15 79.18 79.59 80.41 80.06 79.92 79.76 79.82 79.95 79.75 79.90 80.03 79.56 79.13 79.18 78.93 78.73 78.51 78.45 78.28 78.07 77.83 77.41 76.93 76.40 75.98 75.68 75.34 75.14 75.12 75.27 74.80 74.98 74.29 74.44 74.95 75.34 75.76 76.02 76.30 76.61 76.84 77.17 77.42 77.69 77.92 78.06 78.27 78.30 77.84 77.30 77.61 77.17 77.47 77.12 76.75 76.81 77.17 79.28 79.24 79.34 79.16 79.58 79.71 79.64 79.68 79.86 79.83 80.11 80.46 81.10 81.39 81.06 80.88 81.05 81.11 80.99 80.93 80.85 81.09 80.95 81.10 80.48 80.53 80.28 79.81 79.65 79.85 80.05 80.14 79.64 79.47 79.28 78.89 78.84 79.04 79.17 79.30 78.21 78.62 78.93 78.83 79.10 78.04 77.96 78.46 79.00 78.55 79.12 79.10 79.20 79.52 79.69 80.21 80.31 80.82 81.00 81.17 80.73 81.33 81.06 80.93 80.95 79.83 80.36 80.37 80.22 80.03 80.56 79.84 79.33 79.03 77.74 77.89 78.85 78.67 78.91 78.86 78.40 78.02 78.99 79.11 79.11 79.13 79.11 78.81 78.50 78.21 77.91 78.23 79.08 78.23 78.42 78.35 77.79 78.58 78.44 78.65 78.50 78.49 79.19 79.36 79.65 79.38 79.06 79.97 80.13 79.71 79.78 80.10 79.98 79.35 78.92 79.56 79.59 79.31
78.59 78.97 79.00 78.81 79.26 79.59 80.02 80.84 80.79 80.33 80.15 79.81 79.95 79.93 80.16 79.92 79.66 79.51 78.98 78.92 78.72 78.45 78.29 78.00 77.82 77.54 77.14 76.45 75.61 75.18 74.91 74.78 74.66 74.78 75.01 73.51 74.69 74.20 74.35 74.64 74.83 75.19 75.48 75.77 76.13 76.49 76.86 77.13 77.47 77.69 77.83 77.93 78.07 77.99 77.51 77.06 77.02 76.99 77.12 76.99 76.60 78.06 78.98 78.90 79.13 79.33 79.75 79.80 79.87 79.60 79.79 80.05 80.41 80.91 81.54 81.55 81.50 80.91 81.09 81.15 81.33 81.07 80.94 80.91 81.18 81.20 80.74 80.40 80.42 80.53 80.29 80.09 80.16 80.04 79.55 79.70 79.26 79.14 79.42 78.60 79.04 79.16 78.41 78.85 78.37 78.77 78.02 77.83 78.40 78.44 78.23 78.65 78.64 78.88 79.03 79.25 79.30 79.24 79.32 80.46 80.70 80.72 80.84 80.82 80.57 80.56 80.03 80.04 80.14 80.01 79.93 79.34 79.13 79.48 79.10 78.74 78.21 78.04 78.49 78.72 79.03 79.03 79.25 79.21 79.02 79.05 79.06 79.06 78.88 78.74 78.99 78.38 77.94 78.05 78.51 78.67 78.53 78.75 78.16 78.63 78.75 78.53 78.40 78.31 78.96 78.97 78.83 78.74 79.55 80.03 80.36 80.53 80.63 80.89 80.49 80.56 80.37 80.02 80.13 78.66
78.64 78.64 78.84 79.28 79.31 79.62 80.47 80.65 80.63 80.51 80.32 79.97 80.07 79.33 80.05 80.56 79.75 79.73 79.30 78.86 78.68 78.45 78.03 77.71 77.50 77.19 76.70 75.62 74.73 74.19 74.12 74.20 74.38 74.55 74.24 73.64 74.03 74.24 74.11 74.00 74.12 74.51 74.91 75.20 75.70 76.10 76.48 76.78 77.13 77.42 77.54 77.75 77.75 77.81 77.40 76.99 76.45 76.47 77.01 76.87 76.61 78.20 78.93 78.27 78.75 81.29 82.06 81.19 79.72 79.91 79.38 79.95 80.31 80.71 81.53 81.49 81.52 80.88 81.17 80.97 81.18 81.09 81.11 81.10 81.14 81.08 80.88 80.88 80.77 80.54 80.10 80.17 80.19 80.02 79.76 79.76 79.30 79.38 78.99 79.75 79.17 78.89 78.44 78.44 78.44 78.38 78.51 77.97 78.53 78.51 78.69 78.49 78.28 78.27 78.63 78.71 78.92 79.64 79.74 79.19 79.81 79.69 79.94 79.97 79.86 80.37 80.25 80.23 80.09 79.93 79.28 79.39 78.18 78.60 78.76 78.56 77.93 77.94 78.53 78.80 79.12 79.12 79.23 79.32 79.07 78.99 78.94 78.84 78.78 78.49 78.64 78.53 78.14 78.27 78.12 78.21 78.48 78.73 78.48 79.09 78.71 78.67 78.42 78.21 79.33 78.26 78.62 78.92 79.57 80.33 80.50 80.73 80.73 80.92 81.07 80.64 80.67 80.34 80.65 79.85
80.19 78.67 79.72 79.43 79.84 80.09 81.07 80.97 80.43 80.52 80.50 80.00 79.78 79.86 80.07 80.50 78.83 79.81 80.11 78.99 78.75 78.40 78.08 77.75 77.33 76.81 75.96 74.58 73.22 72.81 73.24 73.80 73.97 74.23 74.38 74.32 74.51 74.54 73.88 73.55 73.52 74.08 74.43 74.75 75.25 75.82 76.22 76.53 76.74 76.89 76.89 77.30 77.49 77.47 77.11 76.97 76.56 77.59 76.81 77.75 78.21 81.01 81.79 82.05 82.35 82.14 81.89 82.23 82.20 80.07 79.92 80.57 80.47 80.61 81.29 81.28 81.42 81.26 81.11 81.04 81.10 81.11 81.06 81.20 81.05 80.99 81.00 80.84 80.72 80.63 80.72 80.49 80.33 79.94 79.75 79.78 79.66 79.42 78.84 79.42 78.68 78.82 78.67 78.30 78.44 78.15 78.31 78.29 78.14 78.23 78.69 78.16 77.97 77.96 78.06 77.70 78.70 79.59 79.63 79.67 79.15 79.70 79.67 79.54 79.86 80.08 80.02 80.27 79.61 79.19 78.97 78.02 77.93 77.99 78.32 78.15 77.88 78.07 78.12 78.59 78.92 79.15 79.08 79.08 79.19 79.03 78.79 78.88 78.51 78.72 78.49 78.74 78.05 77.73 78.76 78.96 78.21 78.92 78.97 78.66 78.73 78.60 78.20 78.45 78.97 79.12 78.96 78.99 79.30 80.55 80.85 81.39 81.19 81.08 80.60 81.21 80.85 81.41 79.77 79.98
80.37 80.27 79.92 79.57 79.85 80.37 80.83 81.15 80.99 81.12 80.85 80.33 80.18 80.39 80.36 80.46 79.88 79.83 79.66 79.26 78.91 78.48 78.13 77.75 77.23 76.57 75.59 73.68 71.59 71.16 72.31 73.37 73.71 73.80 73.89 74.57 74.33 74.29 73.72 73.46 73.50 74.70 73.96 74.45 74.97 75.47 75.97 76.28 76.52 76.69 76.72 77.48 76.85 78.23 81.62 80.96 81.03 78.85 82.17 82.61 80.99 78.26 78.17 78.44 81.22 81.77 81.28 81.25 79.24 81.97 80.14 80.31 80.62 80.84 80.94 81.22 81.17 81.40 81.52 81.17 81.12 81.13 81.10 81.10 80.91 80.97 81.10 80.91 80.69 80.95 80.80 80.70 80.47 80.17 80.54 80.01 79.79 79.50 79.32 79.34 79.30 78.98 78.56 78.34 78.14 78.68 78.20 78.19 78.06 77.99 78.03 78.20 77.77 78.18 78.07 78.33 78.35 79.24 79.46 79.30 79.38 79.66 79.51 79.50 79.16 79.70 79.77 79.79 79.53 79.29 78.17 77.91 77.59 78.17 78.03 78.26 77.81 78.00 78.72 78.74 79.27 79.11 79.22 79.11 79.15 79.05 78.63 78.44 78.36 78.43 78.39 78.14 78.58 78.06 79.01 78.98 78.40 78.40 78.78 78.90 78.58 78.69 78.27 78.12 78.49 79.55 79.60 79.81 80.25 80.90 81.12 81.30 81.35 81.28 81.24 81.35 81.44 81.29 81.44 81.28
81.42 81.16 81.48 81.51 80.63 80.61 80.89 81.19 81.00 81.00 80.85 80.78 80.84 80.42 80.67 80.54 80.44 80.05 79.84 79.46 79.04 78.72 78.20 77.75 77.07 76.44 75.54 73.88 71.65 69.95 70.87 73.34 73.60 73.62 73.54 74.17 74.10 73.81 73.36 73.13 73.58 73.91 73.85 74.35 74.79 75.21 75.91 76.12 76.33 76.56 76.42 77.11 80.82 81.44 82.69 82.70 79.29 75.83 75.61 76.69 77.40 77.62 77.94 78.19 78.71 78.57 78.78 80.43 79.60 79.78 82.15 80.76 82.12 81.32 81.05 81.40 81.50 81.33 81.44 81.47 81.18 81.19 81.23 81.14 81.16 81.11 81.28 81.02 81.10 80.89 80.90 81.09 80.53 80.35 80.10 80.10 80.16 79.73 78.36 78.81 79.34 79.43 78.85 78.58 78.47 78.12 78.09 78.19 77.95 78.00 78.49 78.14 78.24 77.94 78.22 78.38 78.31 78.57 79.00 78.77 78.94 79.24 79.20 79.09 78.73 79.64 79.53 79.81 79.50 79.46 79.14 78.26 77.67 77.91 77.86 78.45 78.06 78.55 78.93 78.95 79.40 79.28 79.07 79.16 79.16 79.10 78.95 79.00 78.69 78.66 78.50 78.09 77.67 78.18 78.10 78.37 78.80 78.91 78.61 79.11 78.79 79.35 79.66 79.27 79.50 80.81 79.70 80.21 80.50 81.03 81.19 81.23 81.45 81.39 81.48 81.55 81.55 81.14 81.29 81.03
80.79 81.04 81.00 81.28 81.49 80.81 81.20 80.99 81.21 81.30 80.98 81.09 80.87 80.78 80.79 80.56 80.56 80.26 80.05 79.61 79.31 78.81 78.42 77.87 77.29 76.58 75.76 74.97 72.00 68.86 68.86 72.33 73.47 73.48 73.56 73.44 73.86 73.64 73.67 73.36 73.49 74.10 75.77 77.44 76.26 75.25 75.84 76.44 76.38 76.80 80.67 81.79 81.74 82.48 81.03 76.34 75.44 77.51 76.05 77.34 77.61 77.77 78.54 78.40 78.92 79.13 80.72 79.69 81.56 80.04 82.20 82.15 82.28 81.89 81.70 81.50 81.18 81.36 81.38 81.71 81.47 81.15 81.27 81.28 81.25 81.25 81.41 81.08 81.11 81.09 81.27 80.75 80.75 80.66 80.34 80.00 80.11 79.83 79.13 79.02 79.38 79.13 78.70 78.90 78.86 78.41 78.10 78.50 79.79 80.19 78.23 78.60 78.38 78.50 78.45 78.30 78.33 78.43 78.72 78.80 78.79 78.57 78.82 78.60 78.57 78.70 79.02 79.41 79.47 79.46 79.06 78.62 77.68 78.57 78.58 77.95 78.88 79.16 78.51 79.00 79.36 79.38 79.52 79.28 79.26 79.01 78.91 79.35 79.23 78.77 77.94 78.18 77.68 78.49 78.95 78.75 78.98 79.44 78.97 79.21 79.73 80.79 81.10 80.58 80.52 81.10 81.07 80.92 81.13 81.18 81.30 81.40 81.50 81.73 81.63 81.61 81.02 79.20 81.26 81.15
81.21 81.17 81.08 81.07 81.69 81.57 81.32 81.36 81.60 81.45 81.37 81.17 81.03 80.99 80.99 81.05 80.97 80.57 80.25 79.89 79.48 79.03 78.62 78.01 77.44 76.89 76.22 75.62 72.57 69.87 70.51 71.80 73.14 73.39 73.56 73.77 73.35 73.37 73.78 73.36 76.67 76.99 74.32 78.36 77.58 77.78 78.05 80.61 79.82 79.23 77.67 76.05 79.03 82.37 80.95 81.13 81.42 78.22 77.16 77.82 77.96 77.99 78.32 78.52 79.92 81.26 81.20 81.08 79.20 79.41 81.20 82.19 82.13 81.91 82.04 81.87 81.67 81.26 81.23 81.36 81.42 81.34 81.38 81.22 81.28 81.19 81.09 80.99 80.93 81.04 80.97 81.08 80.74 80.65 80.63 80.70 80.71 80.08 79.47 79.67 78.68 78.63 78.81 78.90 78.13 78.65 78.83 78.50 78.49 78.54 78.78 78.75 78.92 78.15 78.26 78.28 78.28 78.85 78.91 78.70 78.29 78.10 78.21 77.97 78.44 79.02 78.76 78.93 79.41 79.42 79.28 79.14 78.05 77.95 78.41 78.67 78.71 78.83 78.67 79.08 79.39 79.31 79.63 79.56 79.49 79.54 79.65 79.66 79.61 79.92 77.71 77.55 77.72 78.48 77.98 79.37 80.80 80.08 80.20 80.14 80.80 81.07 81.00 80.86 81.30 81.47 81.34 81.46 81.48 81.45 81.48 81.47 81.55 81.66 81.73 81.74 81.54 81.38 81.36 81.22
81.27 81.36 81.44 81.41 81.25 81.71 81.68 81.68 81.74 81.50 81.36 80.99 81.12 81.26 81.39 81.48 81.47 81.22 80.40 80.38 79.87 79.45 78.97 78.35 77.84 77.27 76.70 75.81 74.66 73.15 71.98 72.20 73.13 73.28 73.64 73.88 73.86 74.84 74.12 73.52 73.85 74.15 74.58 79.06 77.14 79.53 77.18 78.16 77.10 76.31 75.87 79.13 80.31 80.86 80.15 76.38 76.75 77.96 80.92 80.40 78.22 78.39 78.52 78.57 79.37 78.93 79.80 79.21 79.32 79.65 80.34 80.98 81.74 80.84 80.80 81.76 81.90 81.78 81.03 81.19 81.65 81.51 81.47 81.38 81.33 81.19 81.05 81.06 81.18 81.10 81.00 80.93 81.02 80.58 80.64 80.78 80.71 80.67 80.29 80.41 79.47 78.42 78.63 78.84 79.21 78.88 78.76 78.69 78.83 78.64 79.29 79.38 79.20 78.37 78.19 78.26 78.00 78.24 77.96 78.57 78.24 78.60 78.32 78.34 78.62 78.40 79.07 78.62 79.24 79.31 79.13 78.53 78.67 78.11 78.62 78.80 79.19 79.07 79.18 79.33 79.20 79.46 80.02 80.08 79.84 79.78 80.57 80.23 79.68 79.41 78.75 78.26 79.15 79.02 78.90 79.51 81.35 80.84 81.93 81.31 81.15 80.96 80.91 81.34 81.35 81.57 81.58 81.54 81.54 81.59 81.61 81.60 81.70 81.70 81.70 81.72 81.74 81.64 81.51 81.39
81.40 81.38 81.52 81.54 81.46 81.84 81.85 81.79 81.60 81.68 81.20 80.65 81.31 81.72 81.69 81.76 81.13 80.44 81.21 80.86 80.51 79.83 79.66 79.00 78.31 77.72 77.17 76.25 75.56 74.32 73.40 73.23 72.98 72.96 73.72 74.13 74.45 74.61 74.64 74.23 74.04 74.59 74.96 75.82 76.12 76.17 76.80 76.84 76.66 76.35 76.10 75.89 76.38 78.77 78.17 76.91 77.54 78.08 78.43 81.57 78.20 78.98 78.93 79.20 79.33 79.46 80.64 79.84 80.02 80.43 80.68 80.88 82.12 81.23 81.14 81.66 81.49 81.59 81.31 81.36 81.48 81.48 81.66 81.51 81.36 81.27 81.34 81.21 81.20 81.16 81.11 81.00 80.91 80.87 80.74 80.69 80.17 80.69 80.68 80.74 79.75 79.09 78.85 79.04 79.37 78.85 79.00 79.22 79.14 79.16 79.44 79.44 79.11 78.77 78.57 78.08 77.77 79.11 78.86 78.61 78.50 78.63 78.44 78.86 78.26 78.64 78.37 79.12 79.19 79.44 78.95 79.11 78.99 78.85 79.30 80.11 78.91 79.66 79.50 79.19 79.48 79.55 80.40 80.40 79.91 80.73 80.52 79.99 79.61 79.27 78.65 78.86 78.73 78.94 79.20 80.21 81.25 81.37 81.37 81.12 81.42 81.36 81.34 81.29 81.42 81.59 81.51 81.37 81.68 81.70 81.69 81.74 81.76 81.78 81.78 81.78 81.75 81.71 81.57 81.54
81.59 81.55 81.59 81.67 81.71 81.85 81.86 81.76 81.71 81.42 81.07 80.48 81.46 81.70 81.83 81.55 81.20 81.43 81.36 80.90 80.74 80.43 80.09 79.53 78.90 78.05 77.39 76.66 75.97 75.25 74.26 73.72 72.47 71.15 73.91 74.32 74.58 74.84 74.99 75.02 75.06 75.88 76.23 76.54 76.80 77.37 77.69 77.92 78.19 78.41 77.80 79.23 81.64 76.93 77.06 77.35 78.23 78.58 78.68 80.02 79.02 79.31 79.34 79.31 79.58 79.71 79.68 80.56 80.75 80.77 81.42 80.94 81.97 82.00 81.43 81.44 81.34 81.38 81.41 81.53 81.75 81.68 81.61 81.41 81.44 81.42 81.33 81.21 81.13 81.10 81.15 81.23 81.03 80.98 80.78 80.70 80.05 80.66 80.65 80.71 79.79 79.56 79.35 79.12 79.38 79.29 79.24 79.45 79.51 79.59 79.76 79.73 78.96 78.70 78.66 78.30 77.98 79.13 78.88 78.84 78.87 78.42 78.50 78.28 78.68 78.75 78.95 79.11 79.78 79.60 79.20 78.66 79.18 79.31 80.03 80.00 79.74 80.67 79.55 79.36 79.60 79.78 80.49 80.54 80.60 80.79 80.66 79.53 79.85 79.29 79.14 79.24 80.02 80.09 80.51 81.35 81.54 81.61 81.50 81.48 81.66 81.58 81.43 81.42 81.60 81.53 81.33 81.53 81.67 81.71 81.73 81.75 81.75 81.78 81.79 81.78 81.73 81.74 81.67 81.61
81.63 81.56 81.67 81.78 81.75 81.80 81.86 81.97 81.72 81.52 81.16 81.17 81.62 81.83 81.84 81.71 81.61 81.52 80.83 81.23 80.93 80.93 80.14 79.27 78.67 78.50 77.80 76.86 76.06 75.77 75.35 74.82 72.82 70.53 71.35 74.57 74.72 74.85 75.16 75.48 75.88 76.20 76.44 76.76 77.17 77.69 78.04 78.42 79.03 79.46 77.90 76.83 76.65 77.05 77.38 78.01 78.50 78.97 79.04 79.54 79.23 79.49 80.28 79.48 79.63 79.79 79.62 81.03 80.30 80.66 81.04 81.85 82.29 82.26 81.20 81.33 81.35 81.41 81.21 81.79 81.25 81.77 81.52 81.37 81.50 81.49 81.35 81.20 81.26 81.13 81.12 81.20 81.07 81.06 81.01 80.76 80.68 80.27 80.31 80.08 80.04 80.12 79.83 80.04 79.45 79.20 79.27 79.89 79.71 79.68 79.67 79.20 79.37 79.20 78.73 78.53 78.89 78.87 78.54 79.00 78.77 78.60 78.69 78.73 78.71 78.83 79.04 79.33 79.38 79.63 80.15 79.92 80.47 80.43 80.51 80.48 80.13 80.09 80.34 79.99 80.50 80.60 80.90 80.88 80.95 80.59 79.91 79.83 79.90 79.52 79.81 80.29 81.05 81.26 81.30 81.36 81.54 81.62 81.58 81.65 81.59 81.59 81.53 81.63 81.61 81.54 81.45 81.64 81.69 81.71 81.73 81.75 81.76 81.77 81.78 81.78 81.79 81.76 81.74 81.70
81.80 81.77 81.79 81.83 81.88 81.90 81.88 81.85 81.81 81.53 81.43 81.47 81.84 81.89 81.88 81.81 81.74 81.25 81.08 81.41 81.28 80.59 79.86 79.04 78.31 79.15 78.32 76.28 76.08 76.17 76.03 76.16 75.67 72.57 73.91 74.83 74.61 74.73 75.21 75.66 76.07 76.30 76.49 76.47 77.57 78.04 78.57 78.94 79.32 80.11 80.18 78.50 77.86 78.11 78.54 78.92 79.18 79.31 79.39 79.75 79.66 79.50 79.17 80.33 80.48 79.99 80.17 80.69 80.77 81.02 81.14 81.28 82.01 82.07 81.89 81.73 81.80 81.72 81.63 81.64 81.38 81.33 81.53 81.44 81.38 81.52 81.31 81.14 81.21 81.21 81.28 81.21 81.16 81.07 80.99 80.80 80.76 80.49 80.65 80.44 80.43 80.44 80.42 80.14 80.13 79.43 79.77 80.26 80.69 79.62 79.79 79.48 79.03 79.00 78.83 79.31 79.07 79.06 78.71 79.04 78.84 78.68 78.64 78.79 78.80 78.89 79.16 79.33 79.63 79.78 80.75 81.13 81.31 81.38 81.63 81.39 80.68 80.55 80.35 80.68 80.73 80.92 81.05 80.92 80.86 80.33 80.26 80.06 79.89 79.51 80.54 81.36 81.29 81.18 81.23 81.52 81.58 81.63 81.65 81.68 81.56 81.67 81.63 81.66 81.65 81.57 81.61 81.67 81.69 81.70 81.71 81.74 81.76 81.76 81.76 81.78 81.79 81.80 81.80 81.81
81.79 81.83 81.95 81.84 81.91 81.92 81.89 81.88 81.85 81.71 81.64 81.60 81.90 81.94 81.94 81.89 81.59 81.11 81.57 81.50 81.13 80.07 79.33 78.85 79.19 79.33 79.06 77.69 76.19 76.08 76.29 76.71 76.97 76.63 75.73 75.14 74.42 74.26 75.32 75.91 76.31 76.53 76.64 76.40 77.78 78.62 79.05 79.36 79.82 80.52 80.80 79.00 78.98 79.33 79.57 79.79 79.74 79.79 79.84 80.04 80.40 79.86 79.39 79.59 79.92 80.47 80.72 80.84 80.89 81.18 81.45 81.90 81.46 81.73 82.04 81.89 81.69 81.45 81.37 81.39 81.29 81.45 81.36 81.43 81.54 81.41 81.39 81.19 81.24 81.20 81.16 81.19 80.98 80.94 80.90 80.88 80.85 80.86 80.72 80.47 80.45 80.44 80.33 80.42 80.31 80.27 80.34 80.23 80.34 79.43 79.63 78.76 78.98 78.86 79.09 78.91 78.94 79.10 79.01 78.99 78.84 78.70 78.58 78.64 79.26 78.97 79.13 79.45 79.83 80.38 81.08 81.99 82.04 82.05 82.03 81.96 81.82 81.26 81.07 80.99 80.98 81.19 81.09 80.86 80.89 80.45 80.23 80.26 79.65 79.76 81.34 81.28 81.38 81.40 81.46 81.49 81.60 81.64 81.67 81.67 81.65 81.64 81.66 81.66 81.66 81.66 81.67 81.66 81.69 81.70 81.70 81.72 81.74 81.75 81.76 81.77 81.79 81.79 81.80 81.82
81.81 81.84 81.86 81.87 81.90 81.91 81.91 81.91 81.88 81.80 81.70 81.82 81.94 81.98 81.99 81.91 81.53 81.72 81.69 81.51 80.86 80.20 80.33 80.01 79.81 79.74 79.34 78.44 75.79 75.94 76.29 77.11 77.38 77.11 76.45 75.56 73.55 73.53 75.78 76.26 76.55 76.73 76.85 77.13 78.35 78.78 79.15 79.56 79.99 80.44 80.82 80.88 79.71 79.67 79.67 79.72 79.90 80.08 80.25 80.38 80.45 80.19 79.61 80.16 80.63 80.72 80.98 81.06 81.12 81.29 81.51 81.91 82.08 81.92 82.03 81.50 81.46 81.41 81.67 81.71 81.64 81.42 81.46 81.49 81.42 81.28 81.29 81.18 81.26 81.12 81.20 81.15 81.12 81.18 80.89 80.81 80.72 80.87 80.62 80.32 80.32 80.38 80.49 80.32 80.26 80.50 79.97 80.69 80.34 80.41 79.86 79.38 79.26 78.70 78.83 78.94 78.83 79.00 79.01 79.04 78.79 78.85 78.60 79.20 79.65 78.86 79.14 79.55 80.37 81.27 81.95 82.08 82.06 82.06 82.06 82.03 82.01 81.86 81.30 81.28 81.33 81.22 80.98 81.03 80.45 80.07 80.20 80.60 80.28 80.24 81.25 81.44 81.48 81.53 81.56 81.54 81.65 81.67 81.65 81.67 81.68 81.65 81.66 81.65 81.67 81.67 81.66 81.66 81.66 81.67 81.68 81.66 81.72 81.74 81.73 81.77 81.79 81.80 81.81 81.82
81.83 81.88 81.81 81.83 81.91 81.91 81.91 81.90 81.94 81.83 81.75 81.92 81.99 82.01 81.99 81.83 81.73 81.83 81.66 81.28 81.17 80.94 80.83 80.63 80.38 80.01 79.63 78.58 76.35 76.24 76.82 77.70 77.66 77.87 77.37 76.00 72.98 71.40 75.09 76.55 76.71 76.94 77.18 77.58 78.25 78.79 79.22 79.67 80.01 80.48 80.82 80.89 80.68 79.96 79.87 79.88 80.04 80.23 80.37 80.55 80.72 80.60 80.38 80.44 80.66 81.02 81.30 81.33 81.37 81.56 81.89 81.93 81.89 82.05 81.62 81.61 81.65 81.59 81.71 81.47 81.48 81.44 81.40 81.46 81.50 81.40 81.35 81.44 81.35 81.36 81.22 81.17 81.07 81.13 81.00 81.19 80.85 80.73 80.66 80.69 80.62 80.18 79.90 79.81 80.39 80.58 80.65 80.14 80.05 79.87 79.80 79.81 79.60 79.80 79.42 79.09 78.93 78.97 78.97 78.65 78.87 78.79 78.47 79.95 78.98 78.85 79.29 79.85 80.71 81.64 82.00 82.09 82.10 82.09 82.07 82.05 82.03 81.97 81.80 81.60 81.47 81.43 80.96 80.71 80.68 80.58 80.95 81.13 81.00 81.00 81.37 81.53 81.61 81.52 81.64 81.68 81.65 81.64 81.61 81.62 81.75 81.58 81.57 81.60 81.64 81.66 81.62 81.64 81.60 81.62 81.62 81.70 81.71 81.74 81.72 81.76 81.79 81.80 81.82 81.82
81.85 81.85 81.85 81.85 81.92 81.93 81.95 81.94 81.99 81.96 81.92 82.01 82.03 82.02 82.01 81.98 81.84 81.85 81.66 81.41 81.29 81.18 80.94 80.66 80.33 80.05 79.50 78.54 77.72 78.04 77.96 77.94 77.95 77.95 78.05 77.92 73.60 68.72 70.06 76.53 76.88 77.13 77.42 77.80 78.25 78.84 79.38 79.76 80.18 80.46 80.76 80.92 80.88 80.19 80.06 80.04 80.19 80.37 80.47 80.63 80.76 80.49 80.37 80.77 81.05 81.23 81.48 81.58 81.66 81.61 82.03 81.96 81.60 82.06 81.91 81.58 81.93 81.52 81.46 81.55 81.45 81.41 81.34 81.30 81.40 81.43 81.49 81.44 81.39 81.32 81.23 81.19 81.21 81.21 81.27 81.00 81.12 80.72 80.80 80.86 80.73 80.68 80.31 79.85 80.56 80.46 81.19 80.40 80.85 79.77 80.05 79.99 79.92 80.14 79.77 79.19 78.90 79.18 79.42 78.81 79.02 78.90 78.67 78.53 78.72 79.20 79.63 80.21 81.11 81.75 82.08 82.10 82.12 82.09 82.06 82.05 82.02 81.99 81.87 81.67 81.58 81.01 81.19 81.04 80.84 81.19 81.39 81.47 81.46 81.49 81.57 81.65 81.72 81.73 81.67 81.70 81.67 81.67 81.59 81.54 81.48 81.40 81.43 81.46 81.51 81.54 81.55 81.55 81.57 81.69 81.36 81.63 81.69 81.70 81.70 81.78 81.79 81.79 81.65 81.81
81.81 81.86 81.74 81.73 81.91 81.91 81.95 81.98 81.99 82.01 82.03 82.06 82.06 82.05 82.04 81.99 81.94 81.82 81.38 81.42 81.34 81.08 80.88 80.71 80.29 79.91 79.54 79.10 78.28 78.27 78.13 78.11 78.09 78.19 78.38 78.56 77.78 70.39 71.46 75.67 76.68 77.37 77.74 78.02 75.11 79.13 79.57 79.91 80.26 80.46 80.80 80.90 80.92 80.28 80.19 80.26 80.39 80.51 80.59 80.69 80.73 80.80 80.92 80.81 81.19 81.52 81.63 81.71 81.75 81.96 82.00 81.97 81.75 81.71 81.64 81.90 81.69 81.64 81.45 81.29 81.29 81.40 81.34 81.39 81.38 81.38 82.03 81.41 81.73 81.33 81.19 81.23 81.24 81.35 81.29 80.96 80.98 81.03 81.11 81.13 81.08 80.60 80.44 80.53 80.64 80.78 80.63 80.87 81.21 80.33 80.31 80.62 80.17 80.07 79.90 79.66 79.38 79.51 79.67 79.59 79.42 79.03 78.92 78.96 79.06 79.31 79.83 80.56 81.32 81.78 82.08 82.10 82.09 82.08 82.05 82.05 82.03 82.00 81.91 81.74 81.65 81.35 81.42 81.46 81.45 81.49 81.48 81.64 81.58 81.68 81.71 81.74 81.79 81.83 81.83 81.76 81.74 81.65 81.51 81.31 81.06 80.91 81.12 81.14 81.28 81.37 81.41 81.50 81.49 81.51 81.53 81.44 81.68 81.68 81.71 81.72 81.78 81.76 81.41 81.66
81.82 81.87 81.88 81.95 81.93 81.91 81.97 82.01 82.02 82.04 82.07 82.10 82.10 82.09 82.09 82.02 81.83 81.68 81.44 81.44 80.93 77.59 73.21 72.66 74.91 79.76 79.40 79.27 78.99 78.46 78.36 78.23 78.24 78.31 78.40 78.52 78.54 77.24 75.25 75.62 76.90 77.57 78.00 78.27 78.77 79.46 79.73 80.04 80.28 80.45 80.74 80.89 80.96 80.37 80.37 80.36 80.46 80.61 80.69 80.71 80.78 80.78 80.72 81.04 81.55 81.67 81.73 81.78 81.80 81.94 82.02 81.98 81.87 81.78 81.90 81.76 81.71 81.64 81.58 81.54 81.57 81.42 81.07 81.82 81.44 81.39 81.43 81.38 81.40 81.40 81.66 81.44 81.28 81.23 81.18 81.11 81.15 81.20 81.24 81.31 81.18 81.17 80.77 80.69 80.78 80.80 80.63 81.24 81.02 80.08 80.38 80.43 80.50 80.54 80.00 79.91 79.65 79.46 79.56 79.56 79.34 79.46 79.25 79.32 79.47 79.65 80.07 80.89 81.53 82.05 82.07 82.05 82.09 82.06 82.04 82.03 82.01 81.99 81.92 81.78 81.69 81.65 81.58 81.56 81.55 81.56 81.60 81.65 81.74 81.76 81.80 81.83 81.83 81.85 81.86 81.85 81.76 81.62 81.38 81.07 80.77 80.57 80.33 80.58 80.78 81.16 81.30 81.39 81.40 81.45 81.48 81.50 81.59 81.66 81.67 81.70 81.73 81.80 81.61 82.02
81.85 81.89 81.91 81.95 81.80 81.95 81.97 82.00 82.05 82.06 82.09 82.12 82.13 82.13 82.15 81.89 81.75 81.72 81.56 81.57 80.28 72.36 69.06 68.09 70.53 77.22 79.35 79.30 79.56 79.00 78.67 78.37 78.29 78.35 78.42 78.54 78.56 78.32 77.18 77.05 77.55 77.79 78.08 78.38 78.85 79.50 79.87 80.16 80.37 80.54 80.67 80.96 80.91 80.18 80.22 80.50 80.55 80.65 80.69 80.75 80.82 80.92 81.09 81.45 81.59 81.74 81.81 81.87 81.95 81.97 81.92 81.98 81.95 81.89 81.92 81.81 81.69 81.71 81.67 81.52 81.45 81.26 81.45 81.64 81.37 81.41 81.42 81.94 81.40 81.51 81.43 81.40 81.21 81.21 81.29 81.36 81.30 81.32 81.31 81.40 81.39 81.29 81.02 80.92 81.14 81.12 81.12 81.08 80.55 80.29 80.49 80.53 80.36 80.18 80.11 79.99 79.71 79.03 79.42 79.55 79.59 79.58 79.51 79.59 79.68 79.87 80.68 81.02 81.58 81.99 82.05 82.06 82.05 82.04 82.03 82.03 82.01 81.96 81.92 81.85 81.78 81.79 81.73 81.73 81.72 81.77 81.78 81.80 81.83 81.85 81.87 81.87 81.88 81.90 81.89 81.89 81.82 81.61 81.38 80.85 80.44 80.01 79.70 79.72 80.14 80.96 81.21 81.26 81.26 81.35 81.43 81.52 81.59 81.64 81.63 81.70 81.81 81.80 81.77 81.87
81.84 81.90 81.94 81.96 81.97 81.95 81.96 82.01 82.06 82.08 82.11 82.14 82.16 82.16 82.18 81.93 81.77 81.64 81.28 81.45 80.76 72.49 69.15 68.42 70.18 77.27 79.66 79.81 79.85 79.69 79.04 78.52 78.22 78.14 78.15 78.43 78.60 78.56 78.07 77.89 77.99 78.06 78.15 78.37 78.71 79.30 79.97 80.24 80.48 80.56 80.67 81.00 80.76 80.83 80.17 80.38 80.56 80.63 80.73 80.75 80.89 80.93 81.26 81.58 81.72 81.82 81.92 81.95 82.01 82.02 82.06 82.02 82.01 81.97 81.95 81.80 81.77 81.78 81.89 81.58 81.48 81.41 81.44 81.50 81.89 81.33 81.39 81.27 81.39 81.43 81.45 81.46 81.60 81.37 81.35 81.41 81.37 81.37 81.35 81.39 81.40 81.18 81.70 81.18 81.30 80.94 80.76 81.06 80.75 80.66 80.51 80.37 80.13 80.07 80.09 80.35 79.53 79.75 79.48 79.85 80.04 80.26 79.60 79.66 79.76 80.00 80.56 80.40 81.35 81.73 81.93 82.03 82.01 82.01 82.00 81.99 81.98 81.97 81.93 81.90 81.89 81.88 81.91 81.88 81.88 81.87 81.90 81.90 81.91 81.93 81.95 81.93 81.97 81.95 81.95 81.90 81.84 81.60 81.20 80.61 79.82 79.34 79.21 79.53 79.59 78.66 80.96 81.11 81.19 81.28 81.39 81.50 81.59 81.64 81.66 81.75 81.63 81.83 81.82 81.86
81.96 81.93 81.92 81.99 82.02 82.02 82.02 82.05 82.09 82.11 82.14 82.16 82.18 82.18 82.19 81.92 81.76 81.42 81.29 81.51 81.31 74.36 72.19 71.37 73.07 79.13 80.18 80.17 80.06 79.77 79.31 78.73 78.20 77.93 77.73 77.62 78.53 78.54 78.37 78.22 78.18 78.20 78.26 78.41 78.70 79.27 80.09 80.23 80.38 80.54 80.54 80.83 81.02 81.11 80.29 80.38 80.43 80.57 80.63 80.79 80.91 80.95 81.42 81.60 81.74 81.95 81.98 82.00 82.04 82.05 82.05 82.04 81.99 82.00 81.97 81.86 81.84 81.85 81.73 81.57 81.53 81.63 81.54 81.48 81.31 81.42 81.54 81.40 81.43 81.48 81.43 81.43 81.38 81.36 81.46 81.42 81.37 81.39 81.38 81.38 81.42 81.23 81.07 81.32 80.96 81.09 81.24 80.36 80.76 81.07 80.32 80.10 80.07 80.15 80.17 80.36 79.84 79.85 78.82 80.12 80.20 80.14 79.35 79.57 79.91 79.98 80.49 80.32 80.81 81.26 81.69 81.75 81.88 81.92 81.92 81.97 81.96 81.96 81.96 81.94 81.95 81.97 81.96 81.96 81.97 81.96 81.98 81.99 81.98 81.97 81.99 81.98 81.99 81.96 81.97 81.97 81.91 81.63 81.12 80.18 79.18 78.96 78.88 78.86 79.40 80.12 80.71 80.93 81.08 81.25 81.41 81.50 81.57 81.62 81.70 81.73 81.61 81.85 81.85 81.88
81.94 81.96 81.98 82.01 82.03 82.06 82.08 82.11 82.13 82.14 82.16 82.17 82.18 82.18 82.19 81.93 81.68 81.35 81.50 81.62 81.62 79.73 77.60 76.69 79.66 80.87 80.50 80.39 80.19 79.66 79.19 78.74 78.30 77.81 77.53 77.44 78.24 78.55 78.48 78.21 78.21 77.99 78.28 78.47 78.52 79.50 79.79 80.08 80.21 80.38 80.49 80.61 80.81 81.06 80.83 80.53 81.18 81.65 81.52 81.08 80.96 80.80 81.45 81.61 81.76 81.94 82.01 82.03 82.06 82.08 82.06 82.08 81.99 82.10 82.02 81.94 81.93 81.94 81.91 81.73 81.58 81.42 81.29 81.44 81.36 81.39 81.42 81.45 81.44 81.36 81.48 81.51 81.47 81.42 81.52 81.54 81.62 81.27 81.49 81.47 81.38 81.26 81.10 81.25 81.26 81.21 81.20 80.99 80.72 80.89 80.59 80.27 80.27 80.06 80.03 80.08 80.22 79.81 79.02 80.02 80.15 79.91 80.89 80.53 79.86 79.82 80.16 80.42 80.55 80.99 81.29 81.49 81.63 81.73 81.84 81.92 81.95 81.97 81.98 81.99 81.99 82.03 82.00 82.03 82.05 82.06 82.07 82.05 82.09 82.07 82.07 82.06 82.05 82.05 82.06 82.02 82.00 81.69 81.07 80.05 79.33 78.88 78.70 77.02 77.90 79.48 80.40 80.83 81.11 81.25 81.41 81.51 81.60 81.67 81.75 81.70 81.81 81.84 81.76 81.92
81.96 81.97 81.97 82.03 82.07 82.07 82.10 82.11 82.12 82.14 82.16 82.17 82.17 82.18 82.18 81.95 81.61 81.46 81.50 81.40 81.63 81.56 81.55 81.54 81.31 80.99 80.29 80.50 80.00 79.47 78.94 78.60 78.12 77.71 77.46 76.96 77.01 78.45 78.54 78.20 78.31 78.23 78.34 77.56 78.85 79.54 79.92 80.06 80.15 80.24 80.07 80.43 80.46 81.16 80.43 80.49 80.56 80.50 81.25 81.72 81.76 81.20 81.52 81.83 81.93 82.02 82.05 82.05 82.07 82.09 82.09 82.07 82.05 82.03 81.95 81.98 81.98 82.00 82.04 81.84 81.74 81.51 81.46 81.55 81.54 81.47 81.51 81.48 81.50 81.39 81.47 81.58 81.50 81.51 81.52 81.63 81.56 81.49 81.43 81.48 81.22 81.25 81.34 81.25 81.14 81.41 81.33 80.93 81.14 81.04 80.64 80.84 80.76 80.69 81.03 80.15 80.37 79.48 79.75 79.16 79.58 79.49 79.53 79.83 79.88 80.02 79.95 79.92 80.62 80.41 81.19 81.49 81.48 81.65 81.85 81.93 81.96 82.02 82.03 82.04 82.07 82.08 82.09 82.12 82.15 82.18 82.20 82.21 82.20 82.18 82.15 82.14 82.15 82.13 82.10 82.07 82.02 81.96 81.39 80.50 79.26 78.83 77.06 71.36 76.82 79.33 80.44 80.90 81.09 81.28 81.48 81.48 81.62 81.69 81.79 81.80 81.84 81.84 81.91 81.93
82.00 82.02 82.03 82.03 82.09 82.07 82.12 82.13 82.14 82.14 82.15 82.16 82.16 82.17 82.17 82.01 81.66 81.46 81.50 81.47 81.43 81.48 81.10 81.24 81.25 81.09 80.86 80.17 79.72 79.31 78.79 78.41 78.04 77.63 76.99 76.90 77.21 78.64 78.85 78.42 78.59 78.57 78.62 77.58 78.49 79.52 79.84 79.98 80.07 79.91 79.67 79.79 80.52 80.84 81.13 81.29 81.20 81.43 81.50 81.75 81.53 81.05 81.92 81.96 82.00 82.02 82.02 82.05 82.08 82.09 82.03 82.07 82.07 82.04 81.98 82.05 82.00 82.02 82.05 82.05 81.82 81.74 81.67 81.63 81.65 81.55 81.48 81.44 81.49 81.50 81.52 81.55 81.51 81.49 81.53 81.46 81.57 81.53 81.37 81.23 81.56 81.16 81.33 81.34 80.89 81.51 80.57 81.02 81.15 80.93 80.90 80.97 80.92 80.82 80.72 80.84 80.68 81.19 80.29 79.92 80.20 80.85 79.80 80.12 80.22 79.60 79.35 80.22 80.81 80.49 81.24 81.40 81.59 81.79 81.92 81.99 82.05 82.05 82.07 82.10 82.12 82.16 82.19 82.25 82.30 82.31 82.33 82.30 82.30 82.26 82.24 82.24 82.20 82.16 82.12 82.08 82.03 81.98 81.77 80.72 79.70 79.03 78.17 77.49 78.25 80.08 80.78 81.04 81.18 81.34 81.38 81.61 81.68 81.74 81.81 81.86 81.86 81.88 81.93 81.97
82.04 82.06 82.08 82.10 82.12 82.12 82.13 82.15 82.15 82.15 82.16 82.17 82.17 82.12 82.18 82.16 81.94 81.59 81.39 81.41 81.42 81.43 81.07 80.98 81.37 81.17 80.49 80.04 79.60 79.12 78.69 78.29 78.02 77.60 76.45 76.81 77.77 78.67 78.81 78.60 78.91 78.97 78.93 79.06 79.30 79.56 79.88 80.04 80.03 79.59 79.69 79.97 80.00 80.87 80.95 81.05 81.06 81.39 81.46 81.60 81.57 81.72 81.87 81.80 81.71 81.96 81.99 82.03 82.07 82.09 82.07 82.09 82.08 82.09 82.08 82.06 82.04 82.05 82.08 82.09 82.08 81.86 81.78 81.71 81.74 81.59 81.52 82.26 81.54 81.50 81.57 81.65 81.56 81.56 81.44 81.49 81.56 81.55 81.39 81.38 81.28 81.34 81.31 81.35 81.14 81.00 80.74 80.91 80.96 80.71 80.95 80.90 81.11 81.33 81.28 81.26 80.90 80.36 80.25 80.17 80.42 80.10 79.93 80.10 79.81 80.34 81.09 81.35 81.33 81.45 81.53 81.64 81.84 81.90 81.96 82.04 82.06 82.10 82.15 82.19 82.23 82.28 82.36 82.42 82.45 82.51 82.48 82.39 82.43 82.36 82.33 82.27 82.23 82.17 82.14 82.12 82.07 82.03 81.89 81.39 80.70 80.02 79.37 79.34 79.94 80.84 81.07 81.18 81.27 81.37 81.56 81.65 81.74 81.81 81.87 81.92 81.93 81.94 82.00 82.02
82.11 82.09 82.12 82.13 82.13 82.13 82.14 82.16 82.17 82.16 82.16 82.17 82.18 82.18 82.18 82.17 82.04 81.85 81.75 81.72 81.62 81.56 81.36 81.35 81.48 80.65 80.31 79.94 79.39 79.02 78.60 78.47 77.93 77.65 77.17 77.23 77.82 78.75 78.80 78.79 79.02 79.15 79.32 79.33 79.49 79.67 79.86 80.08 79.98 79.36 79.98 80.11 80.17 80.44 80.56 80.72 80.94 81.00 81.15 81.55 81.38 81.68 81.75 81.81 81.90 81.91 81.97 82.00 82.02 82.08 82.08 82.08 82.10 82.12 82.10 82.14 82.06 82.08 82.11 82.09 82.09 82.05 81.92 82.01 81.85 81.75 81.61 81.50 81.58 81.62 81.65 81.60 81.55 81.50 81.71 81.59 81.50 81.40 81.35 81.49 81.27 81.30 81.40 81.38 81.20 81.17 80.85 80.86 81.00 80.84 80.78 80.74 81.12 81.26 81.20 81.19 80.79 80.42 80.61 80.63 80.55 81.07 80.21 80.07 80.56 80.39 80.82 81.45 81.40 81.53 81.66 81.82 81.86 81.95 82.01 82.06 82.11 82.17 82.25 82.31 82.37 82.44 82.63 82.53 82.59 82.63 82.60 82.55 82.51 82.44 82.36 82.31 82.36 82.21 82.21 82.17 82.13 82.09 81.98 81.84 81.44 81.17 80.98 80.95 80.72 80.35 81.29 81.30 81.37 81.45 81.25 82.01 81.84 81.58 81.95 81.84 82.00 82.01 82.03 82.08
82.15 81.98 82.12 82.12 82.15 82.14 82.15 82.17 82.16 82.17 82.17 82.18 82.19 82.19 82.21 82.21 82.19 82.06 81.83 81.54 81.61 81.60 81.63 81.57 80.99 80.46 80.17 79.78 79.50 78.81 78.44 78.13 77.71 77.34 77.05 77.16 77.75 78.64 78.97 79.07 79.23 79.40 79.47 79.56 79.44 79.66 79.66 79.51 79.49 79.64 79.98 80.24 80.29 80.21 80.51 80.84 80.98 81.05 81.01 81.07 81.05 81.07 81.41 81.80 81.80 81.96 81.99 82.01 82.02 82.06 82.09 82.14 82.14 82.14 82.13 82.17 82.15 82.16 82.16 82.10 82.15 82.14 82.07 81.98 81.89 81.78 81.67 81.59 81.70 81.62 81.61 81.46 81.59 81.58 81.59 81.50 81.53 81.38 81.49 81.52 81.21 81.17 81.32 81.08 81.51 80.95 81.01 80.79 80.99 80.56 80.35 80.58 80.97 81.10 81.00 80.74 80.72 80.86 80.65 81.09 80.99 81.08 81.02 80.53 80.82 81.21 81.27 81.49 81.60 81.74 81.79 81.89 81.94 82.00 82.05 82.11 82.17 82.27 82.35 82.41 82.51 82.56 82.62 82.67 82.76 82.65 82.61 82.59 82.55 82.39 82.43 82.39 82.33 82.25 82.19 82.24 82.22 82.17 82.12 82.07 81.99 81.90 81.84 81.72 81.50 81.11 81.59 81.49 81.46 81.56 81.59 81.83 81.92 81.95 82.00 82.03 82.05 82.09 82.11 82.14
82.19 82.16 82.16 82.15 82.16 82.15 82.16 82.16 82.16 82.17 82.18 82.19 82.19 82.19 82.22 82.20 82.22 82.19 82.04 81.03 81.47 81.57 81.49 81.14 80.28 80.45 80.14 79.75 79.24 78.62 78.07 77.47 76.93 76.68 76.51 76.46 76.89 77.54 78.63 79.27 79.49 79.56 79.63 79.60 78.92 79.15 79.79 79.99 79.70 79.58 79.97 79.86 79.69 79.87 80.35 80.83 81.02 81.12 81.14 81.17 81.18 81.14 81.40 81.79 81.93 81.97 82.00 82.00 82.03 82.06 82.07 82.15 82.12 82.16 82.17 82.21 82.20 82.24 82.21 82.18 82.17 82.15 82.16 81.97 81.91 81.82 81.79 81.74 81.68 81.71 81.52 81.54 81.57 81.67 81.75 81.48 81.51 81.45 81.52 81.44 81.42 81.39 81.36 81.31 81.28 81.06 80.90 81.32 80.86 80.42 81.03 80.52 80.59 80.49 80.38 80.31 80.56 80.73 80.83 81.27 81.30 81.23 81.57 81.47 81.38 81.55 81.56 81.61 81.71 81.79 81.87 81.94 81.98 82.04 82.08 82.16 82.23 82.34 82.45 82.53 82.57 82.62 82.73 82.79 82.83 82.80 82.72 82.70 82.59 82.56 82.48 82.33 82.39 82.31 82.29 82.27 82.24 82.20 82.20 82.15 82.12 82.06 82.04 82.02 81.96 81.92 81.83 81.69 81.62 81.65 81.66 81.79 81.81 81.99 82.02 82.05 82.09 82.14 82.18 82.19
82.23 82.17 82.18 82.15 82.18 82.17 82.18 82.18 82.17 82.17 82.18 82.19 82.20 82.19 82.19 82.18 82.18 82.16 82.15 81.51 81.50 81.43 81.25 80.96 80.46 80.50 80.17 79.78 79.31 78.34 77.30 76.57 75.89 75.48 75.48 75.83 76.20 76.33 77.28 78.53 79.42 79.77 79.81 79.78 79.68 79.52 79.67 79.83 79.97 80.32 79.69 79.54 79.39 79.21 79.82 80.50 80.99 81.09 81.11 81.10 81.16 81.12 81.54 81.82 81.92 81.96 81.99 82.01 82.03 82.08 82.09 82.13 82.14 82.20 82.21 82.25 82.30 82.28 82.28 82.24 82.26 82.24 82.21 82.19 82.11 82.06 82.05 81.99 81.89 82.01 81.69 81.63 81.55 81.54 81.62 81.55 81.59 81.68 81.48 81.61 81.52 81.62 81.45 81.67 81.51 81.47 81.23 81.10 80.96 80.68 80.55 80.45 80.44 80.23 80.24 80.24 80.42 80.96 81.61 81.48 81.38 81.26 81.38 81.30 81.56 81.61 81.65 81.67 81.81 81.85 81.92 81.99 82.03 82.06 82.15 82.23 82.27 82.40 82.49 82.62 82.67 82.77 82.85 82.86 82.89 82.90 82.86 82.77 82.74 82.64 82.59 82.53 82.49 82.40 82.47 82.44 82.34 82.25 82.25 82.19 82.13 82.11 82.04 82.01 81.95 81.93 81.86 81.79 81.74 81.74 81.72 81.83 81.80 82.03 82.05 82.08 82.14 82.16 82.19 82.20
82.20 82.19 82.20 82.18 82.07 82.18 82.19 82.12 82.18 82.18 82.18 82.18 82.17 82.17 82.17 82.16 82.17 82.18 82.12 81.97 81.27 81.19 81.32 81.02 81.00 80.58 80.33 79.98 79.14 77.77 76.52 75.47 74.82 74.74 74.43 74.66 75.81 76.04 76.46 77.65 79.04 79.81 79.96 79.91 79.64 79.74 79.56 78.73 79.77 79.83 79.80 79.62 79.24 78.95 79.31 80.05 80.70 80.93 81.05 81.03 81.31 81.34 81.37 81.69 81.93 81.98 81.99 82.01 82.05 82.09 82.13 82.17 82.17 82.24 82.27 82.31 82.33 82.36 82.37 82.44 82.30 82.30 82.29 82.27 82.22 82.08 82.12 82.06 81.95 81.93 81.88 81.75 81.75 81.72 81.70 81.61 81.56 81.53 81.70 81.62 81.65 81.97 81.65 81.45 81.74 81.38 81.31 81.26 81.15 81.17 80.93 80.56 81.34 80.39 80.43 80.79 80.61 80.84 81.56 81.59 81.60 81.59 81.60 81.65 81.67 81.70 81.74 81.81 81.84 81.91 81.97 82.03 82.05 82.13 82.18 82.27 82.34 82.42 82.56 82.59 82.81 82.90 82.93 82.93 82.93 82.94 82.88 82.85 82.78 82.82 82.69 82.66 82.57 82.55 82.51 82.48 82.44 82.30 82.20 82.22 82.15 82.12 82.07 82.02 81.96 81.96 81.91 81.87 81.85 81.82 81.80 81.70 81.37 82.05 82.07 82.08 82.14 82.19 82.20 82.19
82.20 82.20 82.21 82.21 82.20 82.19 82.18 82.19 82.18 82.17 82.18 82.18 82.17 82.19 82.16 82.17 82.16 82.09 82.05 81.96 81.79 81.65 81.47 81.33 81.11 80.85 80.62 80.07 79.08 77.59 76.20 75.37 75.08 75.01 74.34 74.71 75.69 76.24 76.80 78.01 79.24 79.91 79.99 79.95 79.29 79.84 79.65 79.29 79.61 79.49 79.50 79.35 79.33 79.48 79.72 79.93 80.46 80.91 80.93 80.88 81.15 81.36 81.37 81.64 81.88 82.00 82.02 82.00 82.07 82.11 82.14 82.20 82.23 82.27 82.33 82.38 82.41 82.43 82.44 82.44 82.42 82.41 82.37 82.47 82.46 82.27 82.18 82.16 82.08 82.09 81.93 82.06 81.97 81.88 81.91 81.76 81.68 81.83 81.60 81.72 82.01 82.01 81.99 81.56 81.69 81.25 81.12 81.42 81.45 81.34 81.19 81.31 81.76 81.59 81.09 81.26 81.66 81.12 81.64 81.59 81.62 81.62 81.73 81.75 81.79 81.76 81.83 81.84 81.92 81.98 82.01 82.03 82.08 82.14 82.24 82.32 82.43 82.48 82.67 82.75 82.82 82.94 82.95 82.95 82.94 82.91 82.92 82.89 82.86 82.79 82.74 82.75 82.74 82.66 82.59 82.51 82.45 82.40 82.31 82.24 82.18 82.12 82.08 82.04 81.98 81.98 81.96 81.93 81.93 81.88 81.63 81.74 81.63 82.01 82.07 82.11 82.13 82.18 82.18 82.21
82.20 82.22 82.22 82.21 82.20 82.20 82.19 82.18 82.18 82.19 82.18 82.20 82.19 82.20 82.17 82.16 82.13 82.08 81.98 81.85 81.74 81.64 81.51 81.39 81.23 81.07 80.80 80.50 79.71 78.58 77.25 76.21 75.74 75.59 75.49 75.63 76.19 76.57 78.32 79.48 80.12 80.30 80.13 80.09 80.12 79.60 79.90 79.20 79.56 79.59 79.49 79.64 79.00 79.55 80.16 80.03 80.23 80.74 80.98 81.23 81.21 81.25 81.38 81.65 81.88 82.02 82.07 82.08 82.11 82.15 82.21 82.24 82.33 82.36 82.57 82.42 82.48 82.45 82.50 82.50 82.48 82.48 82.41 82.43 82.46 82.32 82.29 82.19 82.17 82.18 82.14 82.11 82.11 82.06 81.99 81.87 81.82 81.77 81.93 81.98 82.04 82.01 81.81 81.97 81.80 81.95 81.89 81.95 81.28 81.23 81.09 81.67 81.20 81.03 81.72 81.74 81.68 81.63 81.64 81.71 81.73 81.73 81.86 81.97 81.85 81.84 81.86 81.95 82.00 82.02 82.00 82.08 82.09 82.17 82.25 82.38 82.47 82.49 82.65 82.77 82.87 82.92 82.89 82.80 82.93 82.89 82.86 82.80 82.91 82.72 82.74 82.72 82.67 82.65 82.65 82.57 82.49 82.45 82.28 82.25 82.18 82.12 82.05 82.03 82.01 81.99 81.96 81.98 81.97 81.91 81.82 81.74 81.57 81.99 82.11 82.11 82.17 82.18 82.21 82.23
82.24 82.24 82.23 82.23 82.22 82.21 82.20 82.19 82.18 82.19 82.20 82.18 82.18 82.17 82.16 82.13 82.08 82.01 81.92 81.83 81.72 81.63 81.53 81.45 81.38 81.27 81.13 80.89 80.44 79.67 79.05 78.57 78.41 76.90 76.26 76.11 76.73 78.11 79.11 79.92 80.32 80.49 80.48 80.58 80.71 80.84 80.90 80.67 79.93 79.49 79.05 79.49 80.18 80.11 80.12 80.38 81.00 80.84 81.00 81.29 81.39 81.54 81.63 81.75 81.89 82.05 82.06 82.12 82.16 82.21 82.24 82.33 82.38 82.44 82.43 82.53 82.53 82.54 82.60 82.60 82.52 82.55 82.52 82.50 82.46 82.43 82.32 82.35 82.30 82.21 82.20 82.24 82.16 82.12 82.11 82.08 81.97 81.91 82.03 82.03 81.91 81.82 81.74 81.99 81.83 81.96 81.97 81.98 81.77 81.64 81.39 81.73 81.64 81.59 81.75 81.67 81.59 81.73 81.75 81.79 81.77 81.84 81.88 81.93 81.93 81.95 81.96 81.97 82.02 82.04 82.07 82.08 82.16 82.19 82.33 82.42 82.52 82.62 82.67 82.76 82.84 82.92 82.92 82.92 82.90 82.83 82.86 82.87 82.84 82.83 82.76 82.80 82.76 82.61 82.66 82.63 82.54 82.42 82.26 82.21 82.18 82.09 82.05 82.03 82.03 82.02 82.02 82.02 82.01 81.99 81.96 81.87 81.69 82.04 82.05 82.08 82.15 82.22 82.22 82.24
82.25 82.24 82.24 82.22 82.21 82.21 82.20 82.20 82.18 82.21 82.20 82.19 82.19 82.16 82.12 82.11 82.03 81.97 81.90 81.82 81.72 81.66 81.60 81.56 81.49 81.42 81.32 81.24 81.08 80.83 80.56 80.43 80.43 80.38 79.40 79.19 79.81 80.12 80.20 80.27 80.45 80.55 80.53 80.61 80.78 80.94 80.95 80.92 79.91 79.59 80.07 80.46 81.02 80.74 80.85 81.25 81.04 81.48 81.05 81.26 81.44 81.60 81.76 81.90 82.01 82.08 82.12 82.15 82.23 82.25 82.34 82.40 82.43 82.48 82.50 82.49 82.44 82.36 82.60 82.61 82.59 82.62 82.57 82.56 82.51 82.49 82.48 82.44 82.39 82.34 82.30 82.28 82.27 82.23 82.15 82.17 82.11 82.08 82.08 82.09 82.06 82.03 82.10 82.01 81.93 82.00 81.88 81.90 81.97 81.83 81.73 81.82 81.83 81.87 81.88 81.64 81.77 81.80 81.83 81.89 81.89 81.92 81.97 81.93 82.00 82.00 82.00 82.01 82.05 82.06 82.12 82.14 82.19 82.24 82.55 82.57 82.53 82.59 82.67 82.74 82.82 82.90 82.90 82.87 82.88 82.86 82.84 82.83 82.77 82.84 82.81 82.79 82.72 82.71 82.71 82.60 82.49 82.38 82.30 82.05 82.09 82.15 82.09 82.08 82.07 82.06 82.06 82.04 82.05 82.05 82.04 81.99 82.01 82.04 82.07 82.14 82.15 82.20 82.22 82.25
82.26 82.25 82.24 82.22 82.23 82.23 82.22 82.22 82.20 82.20 82.21 82.19 82.18 82.14 82.10 82.06 82.00 81.96 81.90 81.83 81.77 81.73 81.68 81.62 81.54 81.49 81.45 81.40 81.35 81.28 81.21 81.13 81.06 80.99 80.89 80.92 80.94 80.91 80.72 80.59 80.57 80.71 80.69 80.49 80.65 80.82 80.85 80.84 81.24 80.21 81.64 81.76 81.81 81.65 81.62 81.28 81.31 81.32 81.58 81.36 81.61 81.74 81.89 82.00 82.03 82.13 82.18 82.24 82.26 82.37 82.38 82.43 82.49 82.51 82.52 82.54 82.57 82.63 82.66 82.66 82.67 82.63 82.63 82.60 82.59 82.55 82.55 82.47 82.45 82.42 82.39 82.34 82.27 82.24 82.21 82.22 82.17 82.18 82.18 82.16 82.08 82.12 82.03 82.07 83.38 82.26 81.93 82.03 82.00 81.91 81.87 81.91 81.89 81.88 81.82 81.92 81.90 81.93 81.95 81.94 81.94 81.96 82.00 82.00 81.99 82.02 82.01 82.04 82.06 82.09 82.14 82.18 82.24 82.31 82.49 82.55 82.52 82.62 82.62 82.73 82.79 82.83 82.87 82.87 82.84 82.85 82.83 82.83 82.79 82.72 82.82 82.75 82.68 82.63 82.63 82.51 82.44 82.34 82.30 82.10 82.03 82.18 82.13 82.12 82.11 82.10 82.11 82.10 82.07 82.09 82.07 82.08 81.94 82.02 82.17 82.15 82.15 82.23 82.28 82.24
82.26 82.26 82.24 82.24 82.25 82.25 82.21 82.21 82.22 82.21 82.19 82.16 82.14 82.11 82.08 82.03 81.98 81.92 81.88 81.84 81.74 81.75 81.71 81.64 81.62 81.57 81.53 81.49 81.45 81.42 81.36 81.30 81.22 81.18 81.18 81.18 81.11 81.06 80.93 80.81 80.76 80.79 80.84 80.89 80.83 81.00 81.18 81.37 81.62 81.71 81.77 81.82 81.87 81.90 81.90 81.76 81.46 81.40 81.51 81.72 81.80 81.92 82.00 82.11 82.12 82.18 82.22 82.29 82.36 82.41 82.49 82.54 82.58 82.58 82.62 82.64 82.65 82.60 82.77 82.82 82.69 82.68 82.71 82.55 82.65 82.61 82.54 82.52 82.55 82.49 82.48 82.44 82.38 82.33 82.30 82.27 82.24 82.17 82.26 82.19 82.18 82.17 82.04 82.93 83.44 82.12 81.86 82.04 82.02 81.98 81.98 81.97 81.97 81.99 82.02 81.98 81.99 81.98 82.01 82.02 82.01 82.02 82.01 82.01 82.03 82.03 82.02 82.05 82.07 82.10 82.13 82.19 82.25 82.31 82.41 82.42 82.54 82.58 82.67 82.72 82.77 82.81 82.87 82.85 82.86 82.85 82.80 82.84 82.82 82.78 82.76 82.69 82.69 82.57 82.45 82.47 82.41 82.34 82.30 82.26 82.22 82.20 82.17 82.15 82.14 82.14 82.12 82.13 82.11 82.11 82.10 82.11 82.08 82.16 82.16 82.13 82.17 82.23 82.28 82.28
82.26 82.25 82.26 82.27 82.26 82.25 82.24 82.22 82.21 82.17 82.18 82.16 82.13 82.09 82.05 81.99 81.91 81.92 81.90 81.85 81.82 81.79 81.75 81.71 81.67 81.64 81.60 81.55 81.53 81.48 81.44 81.42 81.37 81.34 81.35 81.33 81.32 81.24 81.13 81.04 80.97 80.97 81.02 81.08 81.21 81.35 81.44 81.56 81.66 81.76 81.83 81.87 81.90 81.93 81.95 81.97 81.73 81.80 81.67 81.92 82.07 82.11 82.15 82.18 82.22 82.27 82.36 82.42 82.47 82.51 82.60 82.64 82.65 82.67 82.70 82.74 82.75 82.73 82.78 82.76 82.72 82.76 82.72 82.75 82.70 82.78 82.74 82.63 82.61 82.53 82.55 82.51 82.45 82.42 82.35 82.30 82.32 82.46 82.26 82.25 82.19 82.19 82.14 82.10 82.01 82.02 82.01 82.08 82.05 82.07 82.05 82.05 82.02 82.05 82.05 82.04 82.06 82.08 82.05 82.07 82.05 82.04 82.01 82.03 82.04 82.02 82.02 82.06 82.07 82.09 82.15 82.20 82.24 82.30 82.29 82.39 82.45 82.54 82.56 82.61 82.63 82.69 82.70 82.76 82.78 82.79 82.75 82.75 82.68 82.68 82.69 82.68 82.57 82.49 82.45 82.39 82.41 82.35 82.31 82.27 82.24 82.21 82.19 82.18 82.17 82.16 82.17 82.16 82.09 82.12 82.11 82.14 82.14 82.14 82.15 82.20 82.25 82.25 82.28 82.29
82.30 82.29 82.26 82.23 82.24 82.20 82.21 82.22 82.21 82.19 82.18 82.15 82.13 82.09 82.07 82.00 82.64 81.89 81.91 81.89 81.86 81.83 81.80 81.78 81.74 81.70 81.66 81.62 81.58 81.56 81.53 81.51 81.48 81.49 81.47 81.48 81.44 81.40 81.37 81.31 81.24 81.24 81.20 81.24 81.33 81.45 81.57 81.81 81.81 81.88 81.90 81.91 82.02 81.95 81.98 82.02 82.05 82.07 82.13 82.17 82.20 82.24 82.31 82.35 82.41 82.47 82.49 82.55 82.58 82.63 82.69 82.72 82.73 82.77 82.79 82.77 82.79 82.79 82.82 82.87 82.76 82.78 82.81 82.77 82.83 82.76 82.69 82.68 82.61 82.62 82.59 82.58 82.52 82.47 82.38 82.37 82.36 82.35 82.32 82.27 82.25 82.22 82.18 82.18 82.17 82.13 82.11 82.11 82.12 82.10 82.10 82.10 82.08 82.11 82.09 82.11 82.14 82.13 82.13 82.12 82.08 82.06 82.05 82.04 82.02 82.02 82.06 82.09 82.09 82.10 82.15 82.19 82.23 82.24 82.29 82.36 82.41 82.46 82.47 82.51 82.54 82.58 82.60 82.64 82.66 82.63 82.64 82.64 82.52 82.54 82.58 82.52 82.51 82.43 82.39 82.42 82.32 82.36 82.34 82.25 82.23 82.22 82.20 82.21 82.18 82.18 82.17 82.14 82.13 82.15 82.16 82.11 82.13 82.13 82.18 82.30 82.25 82.29 82.32 82.33
82.32 82.31 82.30 82.27 82.29 82.25 82.22 82.21 82.21 82.21 82.17 82.14 82.14 82.10 82.07 82.06 81.95 81.96 81.93 81.93 81.90 81.88 81.85 81.82 81.80 81.77 81.73 81.70 81.69 81.65 81.64 81.62 81.60 81.60 81.59 81.59 81.57 81.55 81.54 81.47 81.45 81.42 81.41 81.43 81.49 81.59 81.69 81.76 81.86 81.89 81.93 81.95 81.97 82.00 82.04 82.08 82.12 82.17 82.21 82.26 82.36 82.41 82.44 82.48 82.53 82.55 82.60 82.65 82.68 82.74 82.75 83.03 82.84 82.84 82.85 82.88 82.87 82.85 82.86 82.86 82.85 82.91 82.81 82.82 82.55 83.28 82.74 82.71 82.70 82.65 82.66 82.59 82.56 82.53 82.50 82.44 82.43 82.38 82.35 82.28 82.28 82.26 82.21 82.17 82.16 82.16 82.16 82.13 82.17 82.15 82.14 82.16 82.18 82.18 82.18 82.19 82.21 82.19 82.17 82.12 82.10 82.10 82.09 82.07 82.07 82.07 82.06 82.08 82.10 82.11 82.15 82.17 82.21 82.21 82.23 82.27 82.35 82.38 82.40 82.39 82.47 82.45 82.51 82.57 82.57 82.55 82.54 82.55 82.53 82.49 82.52 82.49 82.49 82.48 82.41 82.43 82.37 82.39 82.37 82.30 82.26 82.27 82.23 82.22 82.21 82.19 82.19 82.17 82.14 82.17 82.17 82.15 82.21 82.18 82.19 82.23 82.28 82.28 82.30 82.31
82.31 82.32 82.31 82.27 82.29 82.29 82.21 82.25 82.25 82.24 82.22 82.19 82.16 82.14 82.10 82.06 82.06 82.03 82.00 81.98 81.95 81.93 81.89 81.87 81.86 81.85 81.84 81.81 81.79 81.77 81.76 81.73 81.71 81.72 81.73 81.71 81.70 81.70 81.67 81.62 81.60 81.59 81.60 81.66 81.69 81.77 81.82 81.86 81.91 81.95 81.97 82.01 82.03 82.06 82.10 82.13 82.18 82.23 82.28 82.38 82.49 82.45 82.58 82.62 82.63 82.67 82.72 82.75 82.77 82.78 82.83 82.83 82.86 82.90 82.91 82.91 82.89 82.94 82.97 82.95 82.90 82.89 82.90 82.86 82.85 82.84 82.82 82.80 82.77 82.70 82.64 82.66 82.60 82.59 82.48 82.51 82.49 82.45 82.37 82.34 82.30 82.28 82.27 82.25 82.25 82.23 82.19 82.19 82.20 82.21 82.24 82.25 82.24 82.24 82.22 82.24 82.24 82.24 82.19 82.17 82.15 82.14 82.10 82.10 82.08 82.08 82.07 82.09 82.11 82.11 82.14 82.14 82.19 82.24 82.22 82.19 82.26 82.28 82.28 82.35 82.40 82.34 82.41 82.46 82.46 82.42 82.46 82.45 82.45 82.45 82.45 82.46 82.45 82.42 82.42 82.44 82.42 82.37 82.37 82.33 82.34 82.29 82.27 82.24 82.23 82.21 82.16 82.17 82.16 82.18 82.20 82.20 82.22 82.22 82.23 82.25 82.28 82.33 82.27 82.30
82.32 82.33 82.32 82.32 82.31 82.33 82.29 82.27 82.28 82.23 82.21 82.21 82.19 82.16 82.13 82.11 82.09 82.07 82.05 82.02 81.99 81.98 81.96 81.95 81.93 81.92 81.90 81.89 81.87 81.87 81.86 81.85 81.85 81.85 81.84 81.83 81.82 81.82 81.81 81.89 81.80 81.80 81.81 81.82 81.84 81.87 81.89 81.93 81.98 82.01 82.03 82.09 82.13 82.16 82.20 82.24 82.29 82.35 82.41 82.46 82.56 82.64 82.69 82.72 82.77 83.01 82.74 82.85 82.88 82.88 82.93 82.87 82.92 83.00 83.03 83.02 83.00 83.01 82.97 82.99 82.97 82.97 82.94 82.95 82.91 82.89 82.85 82.82 82.78 82.75 82.71 82.68 82.67 82.62 82.61 82.60 82.52 82.48 82.46 82.40 82.38 82.35 82.31 82.30 82.29 82.30 82.25 82.28 82.27 82.30 82.29 82.30 82.31 82.31 82.27 82.30 82.27 82.27 82.25 82.20 82.22 82.20 82.11 82.14 82.13 82.11 82.09 82.08 82.10 82.12 82.12 82.13 82.15 82.05 82.16 82.21 82.22 82.22 82.27 82.30 82.32 82.26 82.36 82.39 82.39 82.34 82.38 82.37 82.40 82.42 82.40 82.42 82.39 82.37 82.40 82.41 82.38 82.36 82.37 82.34 82.32 82.33 82.29 82.28 82.26 82.20 82.24 82.23 82.20 82.22 82.21 82.24 82.25 82.24 82.28 82.28 82.27 82.32 82.31 82.28
82.38 82.33 82.32 82.73 82.33 82.35 82.35 82.33 82.31 82.30 82.27 82.23 82.23 82.20 82.18 82.17 82.15 82.13 82.09 82.06 82.00 82.04 82.03 82.01 82.00 81.99 81.98 81.98 81.97 81.96 81.95 81.93 81.93 81.92 81.90 81.90 81.89 81.89 81.89 81.89 81.89 81.90 81.91 81.93 81.95 81.97 82.00 82.01 82.06 82.09 82.15 82.19 82.23 82.29 82.36 82.40 82.45 82.51 82.58 82.60 82.65 82.72 82.79 82.85 82.85 82.87 82.95 82.94 82.94 82.94 82.98 82.96 83.00 83.00 83.02 83.05 83.03 83.00 83.00 83.03 83.02 83.01 82.97 82.93 82.91 82.79 82.81 82.80 82.79 82.77 82.76 82.71 82.65 82.63 82.64 82.52 82.50 82.50 82.48 82.45 82.44 82.40 82.37 82.37 82.37 82.36 82.36 82.36 82.36 82.35 82.37 82.36 82.38 82.36 82.35 82.33 82.33 82.29 82.32 82.28 82.25 82.24 82.23 82.20 82.18 82.16 82.13 82.12 82.12 82.12 82.12 82.14 82.15 82.15 82.17 82.20 82.22 82.22 82.25 82.21 82.28 82.23 82.30 82.33 82.28 82.34 82.34 82.34 82.36 82.36 82.35 82.36 82.40 82.40 82.39 82.37 82.38 82.35 82.37 82.38 82.36 82.33 82.34 82.32 82.27 82.29 82.29 82.30 82.23 82.25 82.26 82.27 82.25 82.29 82.33 82.34 82.33 82.35 82.35 82.36
82.40 82.45 82.40 82.44 82.43 82.41 82.40 82.40 82.31 82.34 82.31 82.31 82.30 82.29 82.37 82.23 82.22 82.20 82.16 82.18 82.16 82.13 82.12 82.11 82.10 82.09 82.06 82.06 82.05 82.05 82.03 82.02 82.01 82.00 81.98 81.97 81.97 81.97 81.96 81.96 81.97 81.98 82.00 82.02 82.05 82.08 82.10 82.13 82.16 82.20 82.24 82.25 82.34 82.44 82.51 82.59 82.66 82.75 82.78 82.80 82.81 82.88 82.91 82.90 82.96 82.98 83.00 82.96 82.99 83.02 82.97 82.98 83.04 83.04 83.05 83.06 83.07 83.04 83.05 83.05 83.06 83.02 82.99 82.85 83.52 84.78 82.57 82.78 82.83 82.78 82.80 82.72 82.73 82.65 82.64 82.60 82.56 82.55 82.54 82.52 82.48 82.48 82.46 82.41 82.44 82.40 82.39 82.41 82.40 82.40 82.42 82.42 82.44 82.41 82.35 82.36 82.40 82.35 82.34 82.36 82.34 82.31 82.29 82.23 82.22 82.18 82.19 82.16 82.16 82.12 82.15 82.14 82.14 82.15 82.17 82.17 82.19 82.20 82.18 82.21 82.24 82.24 82.26 82.27 82.25 82.30 82.30 82.31 82.30 82.31 82.34 82.34 82.35 82.37 82.31 82.38 82.36 82.40 82.39 82.39 82.35 82.34 82.39 82.38 82.34 82.38 82.38 82.31 82.36 82.32 82.37 82.36 82.35 82.35 82.36 82.39 82.34 82.35 82.43 82.30
82.49 82.49 82.51 82.49 82.48 82.52 82.49 82.46 82.48 82.45 82.38 82.39 82.41 82.35 82.36 82.33 82.32 82.30 82.29 82.28 82.23 82.24 82.20 82.18 82.18 82.14 82.17 82.16 82.13 82.12 82.11 82.09 82.09 82.07 82.15 82.04 82.04 82.04 82.04 82.05 82.06 82.07 82.10 82.12 82.14 82.17 82.21 82.25 82.29 82.35 82.42 82.50 82.57 82.65 82.74 82.81 82.90 82.96 83.03 83.09 83.11 83.10 83.05 83.03 83.03 83.03 83.02 83.04 83.07 83.05 83.07 83.07 83.06 83.09 83.09 83.07 83.06 83.01 83.10 83.08 83.07 83.04 82.96 82.94 82.93 82.86 82.85 82.86 82.83 82.84 82.80 82.76 82.75 82.70 82.68 82.64 82.61 82.59 82.57 82.52 82.50 82.52 82.50 82.45 82.46 82.46 82.46 82.44 82.42 82.38 82.40 82.46 82.48 82.45 82.43 82.44 82.39 82.42 82.40 82.40 82.37 82.33 82.34 82.31 82.27 82.26 82.25 82.21 82.19 82.18 82.16 82.14 82.15 82.15 82.13 82.17 82.17 82.18 82.11 82.20 82.22 82.24 82.25 82.24 82.25 82.25 82.21 82.28 82.28 82.30 82.29 82.34 82.34 82.36 82.37 82.37 82.38 82.39 82.39 82.41 82.36 82.37 82.37 82.40 82.39 82.39 82.43 82.44 82.44 82.42 82.44 82.42 82.45 82.44 82.40 82.42 82.43 82.48 82.47 82.48
82.49 82.57 82.58 82.55 82.56 82.57 82.55 82.57 82.51 82.58 82.52 82.51 82.50 82.50 82.43 82.40 82.39 82.43 82.44 82.40 82.40 82.39 82.37 82.35 82.30 82.29 82.19 82.26 82.26 82.21 82.24 82.19 82.20 82.17 82.14 82.12 82.13 82.13 82.14 82.14 82.15 82.18 82.21 82.24 82.27 82.31 82.40 82.47 82.55 82.62 82.66 82.71 82.74 82.81 82.85 82.92 82.96 82.99 83.04 83.06 83.07 83.08 83.07 83.06 83.04 83.06 83.08 83.08 83.06 83.10 83.10 83.09 83.13 83.12 83.05 83.09 83.09 83.05 83.06 83.05 83.02 83.00 83.02 82.98 82.92 82.93 82.86 82.84 82.82 82.80 82.80 82.76 82.72 82.71 82.70 82.62 82.64 82.63 82.61 82.59 82.58 82.57 82.55 82.51 82.52 82.55 82.53 82.50 82.50 82.51 82.42 82.44 82.48 82.47 82.49 82.47 82.44 82.45 82.44 82.40 82.37 82.38 82.37 82.36 82.30 82.29 82.29 82.27 82.25 82.24 82.22 82.20 82.19 82.18 82.16 82.14 82.16 82.18 82.20 82.20 82.21 82.21 82.22 82.22 82.23 82.23 82.24 82.26 82.26 82.26 82.29 82.28 82.30 82.33 82.36 82.38 82.37 82.40 82.46 82.44 82.42 82.42 82.42 82.46 82.45 82.48 82.48 82.51 82.50 82.48 82.47 82.51 82.52 82.54 82.59 82.56 82.54 82.56 82.53 82.51
82.63 82.66 82.69 82.65 82.62 82.65 82.90 82.59 82.63 82.64 82.58 82.60 82.61 82.58 82.62 82.63 82.62 82.58 82.64 82.52 82.48 82.53 82.53 82.50 82.46 82.43 82.40 82.36 82.38 82.32 82.33 82.34 82.35 82.28 82.32 82.33 82.29 82.29 82.30 82.32 82.30 82.37 82.39 82.42 82.47 82.51 82.56 82.64 82.68 82.74 82.79 82.83 82.84 82.83 82.87 82.89 82.91 82.93 82.96 82.96 82.95 82.98 82.99 83.01 83.08 83.04 83.05 83.08 83.13 83.09 83.11 83.09 83.09 83.11 83.08 83.05 83.05 83.07 83.05 83.02 83.00 83.00 82.98 82.95 82.91 82.90 82.88 82.87 82.85 82.79 82.74 82.71 82.73 82.74 82.69 82.69 82.66 82.65 82.64 82.61 82.58 82.56 82.54 82.53 82.56 82.57 82.56 82.53 82.53 82.53 82.55 82.52 82.50 82.50 82.47 82.50 82.46 82.45 82.41 82.44 82.38 82.41 82.40 82.35 82.35 82.34 82.33 82.33 82.30 82.27 82.26 82.26 82.24 82.23 82.21 82.21 82.20 82.19 82.18 82.17 82.16 82.15 82.17 82.18 82.19 82.21 82.23 82.24 82.27 82.26 82.29 82.29 82.30 82.31 82.35 82.34 82.40 82.43 82.45 82.47 82.48 82.45 82.50 82.51 82.52 82.55 82.54 82.55 82.50 82.57 82.57 82.56 82.53 82.58 82.60 82.61 82.65 82.59 82.63 82.61
82.74 82.77 82.77 82.74 82.71 82.78 82.79 82.76 82.76 82.78 82.81 82.76 82.77 82.71 82.81 82.74 82.72 82.70 82.67 82.67 82.68 82.57 82.57 82.60 82.56 82.61 82.56 82.72 82.62 82.58 82.61 82.54 82.51 82.48 82.44 82.48 82.44 82.46 82.48 82.52 82.55 82.58 82.60 82.62 82.66 82.69 82.72 82.74 82.77 82.81 82.85 82.92 82.90 82.91 82.91 82.90 82.88 82.88 82.86 82.89 82.91 82.94 82.96 82.96 82.98 83.02 83.04 83.02 83.02 83.04 83.08 83.11 83.10 83.05 83.08 83.09 83.10 83.05 83.02 82.97 82.98 82.96 82.93 82.91 82.92 82.91 82.89 82.86 82.83 82.83 82.79 82.70 82.71 82.71 82.70 82.64 82.65 82.64 82.62 82.63 82.61 82.61 82.59 82.53 82.57 82.57 82.54 82.52 82.52 82.50 82.52 82.52 82.54 82.53 82.51 82.53 82.53 82.50 82.45 82.42 82.44 82.46 82.45 82.40 82.39 82.37 82.35 82.36 82.32 82.31 82.29 82.28 82.28 82.26 82.27 82.26 82.24 82.23 82.23 82.23 82.24 82.25 82.25 82.25 82.26 82.27 82.28 82.29 82.31 82.32 82.31 82.34 82.34 82.36 82.37 82.37 82.42 82.45 82.47 82.46 82.52 82.52 82.50 82.54 82.58 82.61 82.57 82.61 82.65 82.67 82.46 83.20 82.54 82.18 82.65 82.68 82.74 82.73 82.65 82.70
82.79 82.84 82.81 82.83 82.83 82.89 82.81 82.85 82.86 82.85 82.88 82.83 82.84 82.88 82.83 82.86 82.86 82.76 82.81 82.83 82.80 82.85 82.87 82.91 82.83 82.74 82.75 82.75 82.63 82.67 82.68 82.65 82.71 82.73 82.77 82.68 82.66 82.67 82.63 82.68 82.68 82.70 82.75 82.75 82.75 82.72 82.77 82.80 82.82 82.87 82.90 82.92 82.92 82.93 82.93 82.99 82.92 82.92 82.93 82.95 82.99 83.01 83.04 83.04 83.04 83.02 83.01 83.02 83.05 83.00 83.06 83.06 83.06 83.07 83.05 83.07 83.04 83.03 82.98 83.00 82.96 82.95 82.92 82.99 82.90 82.86 82.84 82.81 82.80 82.80 82.77 82.76 82.74 82.71 82.71 82.69 82.74 82.65 82.63 82.62 82.61 82.60 82.60 82.58 82.58 82.59 82.59 82.57 82.54 82.57 82.55 82.53 82.55 82.55 82.54 82.53 82.51 82.52 82.48 82.48 82.47 82.46 82.43 82.47 82.46 82.44 82.40 82.39 82.38 82.35 82.38 82.36 82.36 82.34 82.31 82.32 82.31 82.31 82.30 82.30 82.30 82.32 82.32 82.28 82.31 82.33 82.35 82.35 82.33 82.34 82.35 82.38 82.39 82.40 82.42 82.43 82.44 82.48 82.50 82.53 82.53 82.57 82.58 82.61 82.63 82.62 82.63 82.65 82.67 82.70 82.70 82.73 82.70 82.82 82.83 82.84 82.84 82.84 82.81 82.77
82.92 82.85 82.73 82.67 82.74 82.89 82.83 82.64 82.65 82.86 82.90 82.90 82.92 82.90 82.89 82.80 82.69 82.71 82.64 82.80 82.69 82.75 82.97 83.12 82.89 82.80 82.79 82.85 82.82 82.81 82.80 82.79 82.82 82.78 82.62 82.77 82.72 82.76 82.74 82.73 82.81 82.79 82.76 82.76 82.80 82.84 82.86 82.88 82.90 82.92 82.93 82.96 82.89 82.99 83.01 83.03 83.05 83.05 83.05 83.05 83.07 82.74 82.75 82.95 83.02 83.00 83.00 83.02 82.98 82.98 83.01 83.02 83.02 83.02 83.00 83.01 82.99 83.00 83.02 83.01 82.98 82.93 82.92 82.91 82.90 82.87 82.81 82.80 82.84 82.82 82.82 82.80 82.76 82.71 82.70 82.72 82.72 82.71 82.69 82.67 82.66 82.65 82.63 82.66 82.62 82.61 82.61 82.60 82.60 82.59 82.59 82.57 82.55 82.53 82.52 82.52 82.54 82.50 82.50 82.46 82.48 82.49 82.49 82.49 82.49 82.49 82.47 82.46 82.44 82.42 82.43 82.40 82.39 82.36 82.25 82.33 82.37 82.37 82.38 82.38 82.36 82.36 82.36 82.36 82.37 82.36 82.39 82.37 82.39 82.37 82.39 82.42 82.42 82.44 82.46 82.47 82.49 82.50 82.49 82.52 82.54 82.57 82.61 82.64 82.65 82.66 82.68 82.72 82.72 82.70 82.74 82.71 82.74 82.77 82.76 82.86 82.92 82.90 82.86 82.89
82.79 82.73 82.73 82.78 82.80 82.77 82.75 82.75 82.77 82.76 82.76 82.69 82.81 82.78 82.80 82.84 82.85 82.87 82.87 82.84 82.83 82.89 82.88 82.89 82.91 82.93 82.89 82.77 82.81 82.75 82.78 82.79 82.81 82.82 82.80 82.83 82.81 82.85 82.84 82.84 82.85 82.86 82.86 82.84 82.81 82.83 82.85 82.87 82.88 82.93 82.97 82.95 82.97 82.99 83.02 83.03 83.01 83.04 83.07 83.07 83.09 83.11 83.10 83.11 83.09 83.09 83.13 83.10 83.05 83.02 82.99 82.97 82.93 82.95 82.95 82.87 82.85 82.88 82.93 82.94 82.89 82.92 82.84 82.61 82.75 82.91 82.40 82.48 82.77 82.22 82.37 82.61 82.48 82.32 82.55 82.24 82.32 82.58 82.48 82.35 82.40 82.42 82.46 82.62 82.64 82.60 82.62 82.62 82.63 82.61 82.60 82.59 82.59 82.58 82.55 82.56 82.55 82.54 82.53 82.45 82.69 82.43 82.51 82.49 82.48 82.49 82.48 82.46 82.46 82.46 82.46 82.47 82.45 82.46 82.45 82.45 82.46 82.46 82.44 82.45 82.44 82.42 82.39 82.40 82.41 82.38 82.34 82.35 82.38 82.40 82.42 82.40 82.45 82.47 82.47 82.51 82.50 82.53 82.53 82.53 82.55 82.59 82.60 82.64 82.65 82.68 82.67 82.66 82.68 82.74 82.74 82.76 82.76 82.78 82.79 82.77 82.76 82.83 82.83 82.81
82.39 82.40 82.42 82.44 82.42 82.42 82.43 82.43 82.43 82.44 82.45 82.46 82.48 82.49 82.50 82.52 82.52 82.53 82.53 82.54 82.55 82.56 82.57 82.59 82.61 82.63 82.68 82.72 82.72 82.76 82.80 82.75 82.76 82.85 82.61 82.61 82.52 82.64 82.38 82.44 82.54 82.59 82.79 82.79 82.81 82.84 82.88 82.86 82.77 82.75 82.52 82.50 82.42 82.51 82.75 82.59 82.59 82.58 82.57 82.61 82.88 82.79 82.83 82.83 82.87 82.90 82.95 82.77 82.69 82.56 82.56 82.58 82.36 82.47 82.39 82.27 82.19 82.25 82.19 82.12 82.11 82.03 82.04 82.00 82.00 82.02 81.95 81.94 81.95 81.92 81.94 81.98 81.89 81.89 81.98 81.92 81.92 81.87 81.87 81.88 81.98 82.01 82.00 82.00 82.01 82.04 81.94 82.22 82.22 82.45 82.42 82.20 82.27 82.53 82.38 82.42 82.31 82.36 82.46 82.23 82.25 82.22 82.25 82.26 82.35 82.50 82.29 82.32 82.33 82.32 82.34 82.33 82.33 82.34 82.35 82.36 82.40 82.44 82.48 82.48 82.49 82.49 82.49 82.48 82.49 82.47 82.47 82.49 82.49 82.52 82.52 82.54 82.54 82.55 82.55 82.55 82.55 82.57 82.57 82.56 82.56 82.57 82.59 82.59 82.59 82.59 82.58 82.56 82.56 82.52 82.48 82.49 82.49 82.48 82.47 82.45 82.43 82.41 82.40 82.40
82.25 82.25 82.26 82.26 82.26 82.25 82.26 82.26 82.27 82.28 82.29 82.30 82.31 82.32 82.33 82.35 82.37 82.37 82.40 82.40 82.42 82.42 82.42 82.42 82.42 82.39 82.46 82.44 82.43 82.20 82.17 82.10 82.18 82.21 82.11 82.18 82.09 82.10 82.10 82.08 82.04 82.08 82.01 81.98 81.98 82.03 82.02 82.01 82.03 82.06 82.10 82.15 82.22 82.26 82.13 82.16 82.10 82.06 82.06 82.10 82.07 82.30 82.26 82.60 82.68 82.77 82.84 82.89 82.88 82.72 82.59 82.43 82.31 82.23 82.20 82.14 82.10 82.07 82.05 82.03 82.02 82.00 81.98 81.97 81.95 81.94 81.93 81.91 81.90 81.90 81.90 81.90 81.90 81.89 81.88 81.87 81.86 81.86 81.85 81.85 81.84 81.83 81.82 81.82 81.81 81.80 81.80 81.79 81.80 81.83 81.88 81.93 81.92 81.94 81.89 81.93 81.99 82.01 81.97 81.94 81.92 81.93 82.00 81.95 81.97 81.94 81.96 81.98 81.95 81.97 81.92 81.93 81.97 82.02 82.00 81.99 82.01 81.96 81.99 81.99 82.04 82.13 82.16 82.20 82.34 82.32 82.45 82.53 82.54 82.53 82.51 82.51 82.51 82.51 82.54 82.55 82.53 82.53 82.50 82.48 82.47 82.47 82.46 82.44 82.43 82.41 82.40 82.38 82.37 82.36 82.35 82.34 82.33 82.32 82.31 82.30 82.28 82.27 82.26 82.26
82.35 82.30 82.35 82.41 82.45 82.56 82.11 82.06 82.16 82.23 82.02 82.11 82.06 82.03 82.07 82.14 81.94 81.88 81.87 81.88 81.88 81.94 82.08 82.00 82.00 82.04 82.14 82.06 82.05 82.12 82.11 81.83 81.85 81.94 81.86 81.83 81.83 81.82 81.83 81.84 81.84 81.87 81.85 81.83 81.84 81.82 81.80 81.81 81.81 81.85 81.85 81.84 81.86 81.92 81.91 81.88 81.89 81.89 81.91 81.93 81.94 81.92 81.96 81.93 81.92 81.92 82.00 82.00 82.12 82.20 82.25 82.35 82.24 82.23 82.23 82.30 82.38 82.47 82.51 82.51 82.52 82.49 82.32 82.20 82.08 82.06 82.08 82.10 82.15 82.25 82.47 82.48 81.97 81.91 81.90 81.93 81.91 81.89 81.86 81.84 81.83 81.86 81.83 81.82 81.81 81.80 81.79 81.79 81.78 81.77 81.77 81.77 81.77 81.77 81.78 81.78 81.79 81.79 81.79 81.79 81.79 81.80 81.80 81.80 81.79 81.79 81.79 81.79 81.79 81.79 81.79 81.79 81.79 81.79 81.80 81.80 81.82 81.82 81.82 81.87 81.81 81.81 81.81 81.91 81.92 81.93 81.96 82.05 81.96 81.91 81.95 81.91 82.00 82.02 82.08 82.15 82.02 82.08 82.12 82.15 82.14 82.07 82.11 82.23 82.18 82.22 82.29 82.44 82.32 82.47 82.35 82.26 82.22 82.18 82.22 82.29 82.34 82.23 82.25 82.27
81.72 81.75 81.74 81.75 81.77 81.75 81.75 81.74 81.70 81.69 81.69 81.70 81.71 81.72 81.71 81.69 81.68 81.69 81.68 81.68 81.69 81.71 81.71 81.66 81.66 81.66 81.67 81.68 81.69 81.69 81.69 81.67 81.65 81.66 81.65 81.63 81.61 81.61 81.61 81.61 81.63 81.62 81.65 81.64 81.62 81.59 81.59 81.58 81.60 81.61 81.61 81.61 81.61 81.62 81.64 81.67 81.67 81.69 81.70 81.70 81.69 81.67 81.67 81.67 81.66 81.66 81.66 81.66 81.67 81.68 81.73 81.81 81.82 81.80 81.79 81.77 81.80 81.78 81.77 81.79 81.76 81.75 81.74 81.74 81.76 81.74 81.75 81.78 81.75 81.78 81.73 81.72 81.73 81.71 81.69 81.69 81.70 81.70 81.71 81.70 81.69 81.67 81.67 81.69 81.69 81.66 81.65 81.65 81.64 81.63 81.63 81.64 81.63 81.63 81.63 81.64 81.64 81.65 81.64 81.68 81.63 81.64 81.65 81.66 81.69 81.71 81.66 81.66 81.68 81.68 81.70 81.67 81.63 81.63 81.63 81.63 81.63 81.64 81.67 81.67 81.67 81.68 81.68 81.68 81.69 81.69 81.70 81.68 81.67 81.64 81.66 81.65 81.68 81.66 81.63 81.64 81.64 81.72 81.69 81.71 81.68 81.74 81.74 81.76 81.76 81.77 81.75 81.73 81.74 81.74 81.74 81.76 81.77 81.77 81.77 81.78 81.75 81.77 81.79 81.75
81.54 81.53 81.54 81.55 81.55 81.52 81.51 81.50 81.50 81.50 81.50 81.50 81.50 81.50 81.50 81.49 81.49 81.49 81.49 81.49 81.49 81.49 81.50 81.49 81.49 81.49 81.49 81.48 81.47 81.46 81.46 81.46 81.45 81.45 81.45 81.44 81.44 81.44 81.44 81.44 81.44 81.44 81.43 81.43 81.43 81.43 81.43 81.43 81.43 81.43 81.44 81.44 81.45 81.45 81.46 81.47 81.47 81.48 81.48 81.48 81.48 81.49 81.49 81.49 81.49 81.50 81.50 81.50 81.50 81.51 81.51 81.51 81.51 81.52 81.52 81.53 81.53 81.53 81.54 81.54 81.54 81.54 81.54 81.54 81.54 81.55 81.55 81.54 81.54 81.54 81.54 81.55 81.56 81.56 81.55 81.54 81.53 81.54 81.56 81.57 81.56 81.54 81.54 81.53 81.53 81.53 81.52 81.52 81.51 81.51 81.51 81.50 81.50 81.50 81.50 81.49 81.49 81.49 81.49 81.49 81.49 81.49 81.49 81.49 81.49 81.49 81.49 81.49 81.48 81.48 81.48 81.48 81.48 81.47 81.47 81.46 81.46 81.45 81.45 81.45 81.45 81.45 81.45 81.45 81.45 81.44 81.45 81.45 81.45 81.45 81.46 81.46 81.46 81.47 81.48 81.48 81.49 81.49 81.49 81.48 81.48 81.48 81.49 81.49 81.48 81.49 81.49 81.49 81.49 81.49 81.50 81.50 81.51 81.51 81.51 81.52 81.52 81.52 81.53 81.53
