Mars Surface Radiation Result (absorbed dose in thin silicon slab) (1E-6 Gy/day).
Column 1 is East longitude (°)
Line 1 is North latitude (°)

-179  -177  -175  -173  -171  -169  -167  -165  -163  -161  -159  -157  -155  -153  -151  -149  -147  -145  -143  -141  -139  -137  -135  -133  -131  -129  -127  -125  -123  -121  -119  -117  -115  -113  -111  -109  -107  -105  -103  -101  -99  -97  -95  -93  -91  -89  -87  -85  -83  -81  -79  -77  -75  -73  -71  -69  -67  -65  -63  -61  -59  -57  -55  -53  -51  -49  -47  -45  -43  -41  -39  -37  -35  -33  -31  -29  -27  -25  -23  -21  -19  -17  -15  -13  -11  -9  -7  -5  -3  -1  1  3  5  7  9  11  13  15  17  19  21  23  25  27  29  31  33  35  37  39  41  43  45  47  49  51  53  55  57  59  61  63  65  67  69  71  73  75  77  79  81  83  85  87  89  91  93  95  97  99  101  103  105  107  109  111  113  115  117  119  121  123  125  127  129  131  133  135  137  139  141  143  145  147  149  151  153  155  157  159  161  163  165  167  169  171  173  175  177  179  
--------------------------------------------------------------------------------------------------
-89°N ||     80.57 80.61 80.65 80.66 80.67 80.66 80.66 80.67 80.71 80.74 80.88 80.93 80.90 80.96 81.14 81.23 81.28 81.34 81.36 81.25 81.19 81.34 81.36 81.32 81.27 81.25 81.19 81.21 81.29 81.26 81.35 81.45 81.40 81.33 81.43 81.35 81.26 81.20 81.13 81.08 81.03 80.96 80.91 80.89 80.87 80.87 80.86 80.86 80.86 80.84 80.82 80.81 80.79 80.77 80.77 80.77 80.70 80.68 80.65 80.65 80.63 80.61 80.61 80.57 80.59 80.62 80.63 80.52 80.48 80.48 80.42 80.40 80.40 80.40 80.37 80.34 80.33 80.32 80.30 80.31 80.29 80.31 80.31 80.29 80.31 80.32 80.31 80.30 80.30 80.30 80.32 80.34 80.36 80.36 80.37 80.38 80.37 80.38 80.39 80.39 80.37 80.37 80.36 80.35 80.36 80.37 80.38 80.39 80.39 80.40 80.41 80.40 80.37 80.39 80.43 80.46 80.45 80.45 80.46 80.48 80.49 80.50 80.51 80.54 80.57 80.60 80.60 80.62 80.65 80.66 80.68 80.69 80.70 80.71 80.72 80.74 80.75 80.75 80.75 80.75 80.71 80.72 80.70 80.66 80.68 80.67 80.66 80.64 80.61 80.59 80.58 80.57 80.57 80.53 80.51 80.49 80.48 80.47 80.46 80.47 80.47 80.46 80.46 80.44 80.44 80.44 80.45 80.45 80.46 80.47 80.48 80.49 80.49 80.50 80.50 80.52 80.54 80.55 80.56 80.57
-87°N ||     82.44 82.51 82.54 82.66 82.63 82.70 82.60 82.59 82.57 82.48 82.48 82.47 82.36 82.24 82.18 82.16 82.18 82.19 82.19 82.15 82.15 82.20 82.33 82.38 82.36 82.31 82.32 82.22 82.30 82.15 82.38 82.41 82.25 82.23 82.22 82.21 82.16 82.11 82.15 82.15 82.11 82.15 82.11 82.08 82.05 82.02 82.01 81.95 81.90 81.85 81.71 81.86 81.68 81.42 81.45 81.39 81.27 81.15 81.10 81.07 81.22 80.76 80.81 80.58 80.51 80.50 80.45 80.43 80.41 80.38 80.30 80.25 80.30 80.28 80.05 80.00 79.93 79.85 79.82 79.96 79.70 79.54 79.52 79.44 79.42 79.42 79.44 79.46 79.49 79.51 79.54 79.56 79.58 79.58 79.59 79.94 79.85 80.01 79.90 80.10 80.10 80.09 80.17 80.18 80.21 80.29 80.35 80.49 80.58 80.63 80.50 80.50 80.53 80.55 80.57 80.57 80.61 80.65 80.71 80.72 80.78 80.83 80.84 80.89 80.97 80.96 80.97 81.04 81.11 81.09 81.16 81.17 81.19 81.24 81.37 81.51 81.61 81.75 81.67 81.50 81.36 81.31 81.28 81.25 81.20 81.20 81.15 80.91 80.89 80.87 80.86 80.88 80.91 80.91 80.90 80.91 80.98 81.08 81.16 81.16 81.24 81.31 81.40 81.44 81.56 81.65 81.75 81.79 81.93 81.96 82.13 82.13 82.15 82.14 82.24 82.14 81.90 82.04 82.43 82.65
-85°N ||     81.88 81.88 81.90 81.90 81.92 81.91 81.94 81.98 81.99 81.99 81.99 81.99 82.01 82.08 82.01 81.94 81.95 82.06 82.05 82.06 82.06 82.08 82.12 82.13 82.12 82.13 82.17 82.28 82.35 82.50 82.85 82.88 82.86 82.86 82.90 82.72 82.92 82.79 82.75 82.70 82.94 83.22 83.16 83.17 82.94 82.90 82.78 82.68 82.59 82.49 82.52 82.40 82.38 82.35 82.59 82.67 82.39 82.21 82.26 82.64 82.46 81.57 81.43 81.47 81.58 81.66 81.52 81.60 81.59 81.20 81.31 81.19 80.92 80.85 80.90 80.66 80.95 81.19 81.44 81.11 80.95 80.87 80.93 80.93 81.02 80.88 80.81 80.69 80.68 80.78 80.68 80.71 80.82 80.80 80.80 80.81 80.82 80.87 80.92 81.03 81.00 81.11 81.38 81.66 81.59 81.54 81.52 81.54 81.51 81.57 81.66 81.72 81.77 81.85 81.63 81.69 81.81 81.83 81.75 81.66 81.65 81.68 81.72 81.82 81.93 82.01 82.02 81.95 81.96 81.90 81.86 81.83 81.79 81.80 81.84 81.95 82.52 83.74 84.19 83.89 83.18 82.86 82.73 82.76 82.28 82.04 81.94 81.82 81.88 81.94 81.82 81.84 81.89 82.04 82.21 82.27 82.31 82.34 82.31 82.31 82.30 82.13 81.98 81.91 81.89 81.99 82.05 82.13 82.26 82.45 82.20 82.26 82.21 82.16 82.09 82.06 82.04 82.04 81.93 81.88
-83°N ||     81.97 81.99 82.01 82.03 82.04 82.04 82.06 82.08 82.10 82.13 82.15 82.18 82.22 82.24 82.23 82.23 82.25 82.29 82.33 82.35 82.38 82.42 82.46 82.50 82.55 82.62 82.66 82.73 82.84 82.98 82.91 82.75 82.73 82.67 82.79 82.90 82.87 82.82 82.89 82.96 82.70 82.69 82.70 82.71 82.73 82.76 82.74 83.28 83.40 83.49 83.39 83.41 83.32 83.32 83.34 83.29 83.23 83.55 83.66 83.68 83.17 83.54 83.43 83.30 83.68 83.36 83.38 83.34 83.79 83.40 83.72 84.00 84.21 84.22 84.02 83.84 83.89 83.87 83.85 83.95 83.91 83.86 83.66 83.70 83.72 83.61 83.53 83.50 83.56 83.54 83.24 83.23 83.35 83.79 83.27 83.18 83.06 83.01 83.04 82.90 83.13 82.57 82.74 82.47 82.90 83.17 83.23 82.98 82.86 82.88 82.92 83.07 83.36 83.47 83.58 83.56 83.09 83.11 83.02 83.00 82.91 82.91 82.57 82.48 82.55 82.61 82.60 82.45 82.44 82.60 82.53 82.54 82.73 82.75 82.97 83.62 84.57 84.47 84.51 84.49 84.51 83.13 82.98 83.03 82.99 83.13 83.08 82.99 82.96 82.96 82.89 82.76 82.64 82.58 82.53 82.39 82.34 82.40 82.73 83.13 83.66 83.96 83.46 82.84 82.05 82.05 81.75 81.67 81.65 81.67 81.81 82.04 82.54 82.50 82.19 81.99 81.91 81.88 81.90 81.94
-81°N ||     82.31 82.39 82.40 82.55 82.29 82.36 82.41 82.46 82.52 82.58 82.65 82.73 82.91 82.96 82.73 82.72 82.77 82.83 82.88 82.93 82.97 83.02 83.04 83.09 83.13 83.19 83.26 83.30 83.33 83.37 83.43 83.61 83.58 83.61 83.75 83.69 83.43 83.48 83.45 83.48 83.68 83.50 83.14 83.20 83.02 82.87 82.94 83.13 83.20 83.08 83.25 83.14 83.40 84.39 84.04 84.27 84.59 83.99 84.56 84.45 84.07 84.21 84.29 84.25 84.27 84.22 84.29 84.30 84.20 84.09 84.21 84.01 83.79 83.82 83.85 83.87 83.81 83.82 83.78 83.80 84.32 83.69 83.50 83.45 83.42 83.44 83.42 83.43 83.39 83.38 83.36 83.38 83.26 83.06 82.84 82.52 81.87 81.20 82.00 82.14 82.62 82.98 82.92 83.06 83.40 83.63 83.79 84.07 84.03 83.88 83.62 83.98 84.13 84.30 84.29 84.39 84.43 84.53 84.50 84.48 84.45 84.51 84.43 84.34 84.31 84.38 83.87 83.91 83.99 84.09 84.16 84.45 84.53 84.66 84.71 84.69 84.66 83.89 82.93 82.72 82.66 82.60 82.57 82.75 82.84 82.86 82.78 82.95 83.05 83.15 83.30 83.41 83.54 83.27 83.41 83.68 83.87 83.50 83.33 83.39 83.96 83.71 83.33 83.32 83.49 83.43 83.91 83.16 82.33 82.01 82.05 82.21 82.36 82.61 82.94 82.22 82.34 82.35 82.15 82.21
-79°N ||     82.70 82.76 82.78 82.90 82.89 82.84 82.85 82.89 82.91 83.13 82.98 83.08 83.15 83.18 83.28 83.44 83.34 83.61 83.25 83.51 83.36 83.40 83.36 83.91 84.43 83.23 83.74 84.34 84.09 84.22 84.13 84.14 84.11 84.13 84.19 84.21 84.22 84.20 84.08 84.03 84.04 83.76 84.49 84.63 83.48 83.69 83.67 83.52 83.46 83.82 84.13 83.73 84.61 84.36 84.46 84.71 85.02 83.50 84.27 83.68 84.56 84.26 83.52 84.04 84.07 84.46 84.51 84.43 84.39 84.35 84.29 84.32 84.30 84.32 84.29 84.25 84.28 84.34 84.29 84.02 84.14 84.34 84.01 83.97 83.99 84.24 83.83 84.05 83.85 83.89 83.95 83.80 83.72 83.38 82.51 82.51 82.08 82.56 83.14 83.47 83.39 83.69 83.74 83.83 83.93 84.20 83.98 84.12 83.81 84.14 83.64 83.99 83.79 83.79 83.39 83.28 84.12 84.33 84.67 84.74 84.81 84.78 84.81 84.79 84.85 84.80 84.75 84.81 84.78 84.83 84.75 84.73 84.84 84.81 84.82 84.83 84.92 84.95 84.86 84.86 84.86 84.92 84.51 84.01 84.25 83.57 83.00 83.00 83.00 82.90 82.97 83.10 83.58 85.02 84.81 83.69 83.46 84.11 82.76 82.79 83.49 82.87 82.55 82.41 82.34 82.46 82.30 82.73 82.45 82.41 82.43 82.50 82.64 82.32 82.23 82.36 82.47 82.59 82.60 82.62
-77°N ||     83.64 83.33 83.25 83.22 83.12 83.43 83.38 83.78 83.72 83.77 83.75 83.79 84.19 83.96 83.89 83.97 84.10 84.10 84.23 84.04 83.96 84.02 83.96 84.09 84.00 84.15 84.40 84.50 84.31 84.44 84.40 84.44 84.44 84.43 84.42 84.44 84.40 84.43 84.41 84.41 84.39 84.42 84.32 84.15 84.08 83.82 83.24 84.04 83.13 83.43 84.34 84.09 83.91 83.32 83.50 83.74 83.94 83.90 84.06 84.01 84.36 84.58 84.36 84.44 84.68 84.72 84.69 84.74 84.74 84.70 84.65 84.63 84.57 84.59 84.55 84.55 84.51 84.40 84.15 84.17 84.09 83.92 83.86 83.68 83.95 84.17 84.00 84.04 83.81 83.95 83.96 83.88 83.48 83.30 83.15 82.96 82.45 82.05 83.24 84.56 85.01 85.23 85.24 83.79 84.11 83.96 83.99 84.20 83.88 84.26 83.95 83.90 83.82 84.33 84.77 84.54 83.88 83.72 83.25 83.00 82.89 82.48 82.33 82.91 83.63 84.16 84.51 84.49 84.37 84.12 83.46 84.25 84.48 83.61 84.27 84.53 84.90 84.78 84.48 84.35 83.95 83.98 83.74 84.29 85.01 84.94 84.72 84.56 83.76 83.80 83.88 83.01 83.80 84.17 84.18 83.22 82.82 82.91 82.67 82.71 82.82 82.64 82.64 82.92 82.79 82.73 82.87 82.98 83.02 83.00 82.89 83.00 83.25 82.89 82.92 82.99 83.21 83.39 83.51 83.30
-75°N ||     83.93 84.06 83.79 83.96 83.75 83.73 83.86 84.72 84.13 84.05 85.21 85.64 84.33 84.48 84.49 84.62 84.36 84.50 84.49 84.27 84.27 84.56 84.57 84.76 84.57 84.65 84.71 84.74 84.70 84.66 84.66 84.64 84.68 84.62 84.11 84.54 84.55 84.53 84.50 84.49 84.43 84.37 84.38 84.39 84.45 84.52 84.42 84.31 84.09 83.95 84.07 83.47 83.31 83.73 84.34 84.44 84.36 84.75 84.94 84.98 85.03 85.00 84.94 84.88 84.85 84.85 84.81 84.56 84.80 84.67 84.50 84.32 84.28 84.08 84.02 84.11 84.02 84.23 84.03 84.05 84.13 84.18 84.29 84.06 84.45 84.17 84.16 84.34 84.14 84.14 84.02 83.68 83.53 83.87 84.03 84.06 84.07 84.08 84.15 84.00 83.81 83.92 83.92 83.87 84.22 84.29 84.30 84.11 84.07 83.94 83.83 83.64 83.13 83.38 83.51 82.93 83.36 83.20 82.96 83.13 82.87 82.79 83.57 83.94 83.73 83.74 85.01 83.26 83.48 83.48 83.62 84.20 84.07 83.91 83.84 83.62 83.98 82.89 82.50 82.07 82.01 82.66 85.25 85.04 85.18 83.71 84.48 83.78 84.66 85.07 84.89 84.81 84.73 84.77 84.92 83.59 82.44 82.39 82.37 82.39 82.36 82.53 83.26 83.13 83.35 82.67 82.74 82.95 83.03 83.03 83.12 83.14 83.19 83.47 83.48 83.56 83.71 83.65 83.71 83.78
-73°N ||     85.32 83.96 84.73 84.72 84.58 84.22 85.12 84.73 84.77 84.76 84.26 83.88 85.14 84.20 84.55 84.77 84.71 84.70 84.62 84.47 84.28 83.88 85.11 83.65 83.93 84.94 84.63 84.60 84.64 84.70 84.73 84.72 84.83 84.40 84.33 83.94 84.20 84.63 84.49 84.56 84.56 84.60 84.49 84.55 84.59 84.59 84.60 84.30 85.01 86.18 86.16 86.37 86.31 84.32 84.95 84.95 85.17 85.22 85.25 85.28 85.29 85.26 85.18 85.07 85.12 84.65 84.83 85.07 85.10 85.11 85.04 84.70 84.45 84.61 84.44 84.30 84.21 84.35 84.60 84.16 84.17 84.18 84.22 84.60 84.40 84.69 84.86 84.81 84.66 84.72 84.29 84.24 83.83 84.26 84.23 84.35 84.56 84.58 84.58 84.54 84.59 84.59 84.69 84.63 84.53 84.46 84.62 84.07 83.97 83.80 83.30 82.90 83.17 83.66 84.15 83.81 84.04 83.90 84.01 83.59 83.75 83.30 83.07 82.98 83.34 83.29 83.67 83.70 84.02 83.97 83.92 84.06 84.12 84.25 84.37 84.40 84.38 84.55 84.13 83.71 84.21 82.66 82.84 83.53 83.65 83.71 83.80 84.13 85.06 84.58 84.30 83.37 84.29 84.81 85.21 85.40 84.65 83.45 82.48 82.95 82.68 83.01 83.58 83.71 82.90 83.23 83.74 83.91 83.73 84.18 85.17 84.86 84.38 84.22 84.24 84.17 84.36 84.13 84.19 85.20
-71°N ||     85.12 85.18 85.33 85.41 85.51 85.74 85.94 85.83 85.86 85.89 85.91 85.02 84.23 83.86 83.12 83.14 83.91 84.10 85.44 84.38 84.47 84.26 84.01 84.10 86.43 84.83 84.79 84.83 84.69 84.44 84.54 84.41 84.40 84.63 84.53 84.48 84.39 84.76 84.56 84.58 84.74 84.54 84.71 84.60 84.65 84.69 84.35 84.12 84.19 85.34 86.23 86.05 86.52 84.11 85.15 85.33 85.40 85.48 85.38 85.41 85.51 85.09 84.93 85.08 85.24 85.33 85.44 85.17 85.20 84.13 84.47 84.72 84.54 84.75 84.39 84.64 84.44 83.88 83.65 83.48 83.38 84.51 84.44 84.42 84.65 84.66 84.84 84.59 84.92 84.71 85.35 85.20 84.67 84.78 84.76 84.55 84.46 83.74 84.43 84.77 84.95 84.60 84.66 84.67 84.64 84.70 84.27 83.28 83.59 83.97 84.01 84.13 84.13 84.33 84.35 84.23 84.53 84.30 84.44 84.54 84.43 84.68 84.72 84.46 84.73 84.22 83.49 83.74 85.25 85.24 84.00 84.23 84.01 82.79 83.67 83.91 84.03 83.56 83.17 83.55 84.10 83.38 84.37 84.50 84.84 84.87 84.82 84.46 84.47 84.71 85.06 84.94 85.26 85.02 86.10 86.40 86.29 85.79 85.31 84.97 85.31 85.07 84.80 85.24 85.49 85.41 85.39 85.17 84.97 85.64 85.06 85.46 85.31 85.36 84.68 84.67 84.75 84.86 84.40 85.10
-69°N ||     84.43 84.52 84.96 85.28 84.73 86.67 86.42 85.89 86.11 86.08 86.02 85.75 84.95 85.10 84.60 84.89 83.47 83.69 84.19 84.70 85.15 84.85 84.55 84.46 84.23 85.08 84.73 84.93 84.46 85.25 84.05 84.15 84.03 84.36 84.40 84.51 84.82 84.85 84.97 84.97 85.07 84.96 84.93 85.00 85.01 85.84 84.75 85.12 85.13 85.10 85.15 85.32 85.33 85.47 85.49 85.41 85.45 85.48 85.21 85.21 84.97 85.46 85.40 85.60 85.42 85.14 84.41 84.45 84.52 84.52 84.47 84.66 84.62 84.86 85.00 85.28 85.09 84.36 83.76 84.06 84.23 84.79 84.83 84.29 84.24 83.98 84.06 84.00 84.31 84.64 84.66 84.81 83.81 84.85 84.95 84.84 85.02 85.01 84.99 85.05 84.98 84.93 85.01 84.91 84.62 84.26 83.43 84.74 84.97 84.82 84.58 84.35 84.46 84.31 84.47 83.88 83.81 84.46 84.94 85.19 85.44 85.23 85.28 85.39 85.37 85.24 84.74 84.21 83.87 83.93 84.56 84.40 84.37 84.42 85.58 84.21 82.74 83.16 83.34 83.47 83.69 83.67 83.23 83.37 83.97 84.52 84.67 84.35 84.96 85.06 85.06 85.18 84.56 82.65 85.07 86.16 85.92 83.34 86.20 86.07 85.97 85.64 85.54 85.44 85.11 84.77 84.48 84.61 83.71 83.42 84.54 85.34 85.23 84.99 84.80 84.60 84.48 84.36 84.63 84.61
-67°N ||     86.42 84.44 84.13 85.01 85.03 85.15 85.19 86.02 85.99 86.16 86.23 86.24 86.03 85.86 85.38 85.00 84.63 84.10 84.00 83.68 83.66 83.36 83.73 83.76 84.19 84.15 84.01 83.91 84.57 83.63 83.64 83.72 84.40 86.28 84.20 84.48 84.50 85.51 84.96 84.99 85.11 85.10 85.05 85.07 85.09 85.15 85.09 85.23 85.24 85.17 85.21 85.33 85.37 85.37 85.26 85.47 85.67 85.49 85.59 85.46 84.77 85.25 85.55 85.54 85.22 84.98 87.33 87.31 86.67 84.57 84.77 84.85 84.92 85.17 85.38 84.90 84.50 83.88 83.96 83.60 83.95 83.98 84.46 84.35 84.73 84.59 84.73 84.75 84.73 84.72 84.77 84.96 84.86 85.04 84.96 85.12 84.97 84.90 84.94 84.70 84.74 83.88 83.65 83.69 83.30 83.89 85.48 86.17 86.07 85.46 85.30 84.73 84.77 84.33 84.51 84.36 84.82 85.02 85.36 85.39 85.35 85.32 85.40 85.38 85.27 85.60 85.57 85.78 85.80 85.16 84.28 83.56 84.28 84.54 83.65 83.46 83.34 82.92 83.56 82.71 83.00 83.43 83.44 84.55 84.16 84.09 83.53 83.91 84.44 84.85 85.25 85.47 85.06 85.30 85.48 85.55 85.61 85.63 85.20 85.44 85.37 85.47 85.22 84.94 85.29 85.22 85.23 85.22 85.14 84.60 85.41 85.10 85.03 84.78 84.22 84.96 84.12 84.09 84.16 84.75
-65°N ||     84.68 84.20 83.81 84.33 84.37 85.46 85.61 86.18 86.02 86.11 86.09 86.26 86.28 86.29 86.16 85.91 85.73 85.66 85.53 85.12 84.50 84.34 84.43 84.17 84.60 84.49 84.10 85.09 84.87 84.15 83.89 84.26 83.99 84.28 84.51 84.67 84.70 84.79 84.81 85.08 85.10 85.23 85.27 85.28 85.39 85.43 85.38 85.36 85.39 85.37 85.23 85.11 84.99 85.12 85.29 85.47 85.47 85.48 85.32 84.24 85.66 85.70 85.93 86.21 85.28 85.73 85.74 85.82 84.98 84.89 85.18 85.02 85.12 85.31 85.60 85.43 84.81 84.58 84.13 83.75 83.78 84.14 85.23 84.54 84.75 84.80 84.78 84.68 84.36 84.83 84.83 84.87 84.80 85.02 84.78 85.06 85.39 85.16 84.81 84.91 84.60 84.64 84.48 84.34 83.88 84.25 84.05 84.35 84.47 84.30 84.24 84.06 84.17 84.88 85.21 85.92 85.84 85.55 85.30 85.15 85.16 85.41 85.64 85.57 85.76 85.67 85.61 85.70 85.69 85.91 84.57 84.53 84.48 84.35 86.42 83.81 83.78 83.94 84.54 83.14 83.11 83.16 83.75 83.80 83.86 83.37 83.23 84.72 84.40 83.92 84.99 84.76 84.67 85.36 85.33 83.52 84.25 84.50 85.28 84.89 84.15 84.35 85.36 84.86 85.22 85.58 85.36 85.47 85.39 85.33 84.88 84.75 84.54 83.80 85.00 85.31 84.75 84.55 84.09 83.97
-63°N ||     84.74 84.70 85.25 84.35 83.99 84.54 85.23 85.39 85.74 85.62 86.01 85.78 86.31 86.10 86.14 85.95 86.06 86.12 86.03 85.38 84.68 84.65 84.31 84.44 84.32 84.50 84.51 84.28 84.21 84.32 84.24 84.42 84.72 84.74 84.68 84.39 84.17 84.61 85.12 84.75 85.33 84.89 84.64 85.15 85.21 85.18 84.90 85.30 85.19 85.16 84.88 84.99 85.40 85.91 85.45 84.49 85.08 85.87 85.65 85.71 85.61 85.58 85.77 86.08 86.61 86.24 85.22 86.33 85.04 85.78 85.43 85.14 85.21 85.05 85.19 85.88 86.10 85.94 85.84 85.31 85.05 84.55 84.68 84.65 84.67 84.73 84.90 84.89 84.90 84.83 84.80 84.82 84.97 84.87 84.93 84.68 84.86 84.95 84.74 85.08 85.12 84.73 84.83 85.09 84.89 84.56 84.29 83.99 84.02 83.72 84.32 84.44 84.85 85.62 86.24 86.32 86.35 85.97 85.66 85.54 85.47 85.39 85.48 85.53 85.87 85.97 85.79 85.73 85.79 85.89 85.62 84.80 84.67 85.06 84.53 83.98 83.70 83.93 83.72 82.80 85.01 83.53 84.33 84.22 84.18 83.81 83.64 83.46 83.17 83.61 84.01 84.53 84.28 84.44 84.92 85.40 85.78 85.82 85.43 85.28 84.60 84.74 85.01 85.01 84.90 83.78 83.70 84.13 84.76 85.15 85.33 85.43 85.17 85.55 85.50 84.30 84.90 85.05 84.98 85.40
-61°N ||     85.80 84.54 83.98 84.77 85.18 85.45 85.41 84.49 84.66 84.95 84.33 84.64 85.46 84.67 87.11 84.78 85.31 85.22 86.05 85.57 85.45 85.39 85.44 84.58 84.36 84.08 85.57 85.02 84.32 84.44 85.04 85.48 85.52 85.36 85.36 84.96 84.43 84.71 84.61 84.59 85.18 84.22 84.77 85.23 84.80 83.57 85.50 85.73 85.79 85.70 85.65 85.87 85.83 85.33 84.76 86.12 86.12 85.77 86.11 86.07 85.96 85.68 85.86 85.95 86.33 86.83 86.40 85.49 86.58 86.63 86.33 85.90 84.66 85.78 86.11 85.39 85.26 85.42 85.26 84.91 83.80 83.81 84.69 85.06 84.72 84.61 84.44 84.84 84.99 84.93 85.02 84.90 84.93 85.17 85.03 85.11 85.03 84.79 84.97 85.13 85.24 85.03 84.91 84.89 84.14 84.89 84.74 84.77 84.78 84.90 85.03 85.10 85.23 85.49 85.88 85.97 85.18 85.10 85.20 84.89 86.90 85.98 84.94 85.28 85.57 85.67 85.99 86.13 85.62 86.09 86.68 86.26 83.16 85.96 85.77 85.52 84.05 84.35 84.34 84.94 83.87 83.80 83.72 83.85 83.93 83.80 83.82 83.54 83.86 83.64 83.86 83.80 83.95 84.14 84.23 85.64 86.52 86.41 86.40 86.20 85.91 85.55 85.26 84.97 84.92 84.47 83.94 84.28 84.38 83.17 84.15 85.13 85.32 84.94 83.64 84.11 84.34 85.54 85.60 85.55
-59°N ||     86.01 85.30 85.07 85.50 85.51 85.23 83.59 84.49 84.77 84.48 85.15 84.46 84.78 83.74 85.06 85.69 85.20 85.37 84.96 85.40 85.61 85.64 85.22 85.03 83.96 84.51 84.77 84.85 85.42 84.49 84.77 85.68 85.81 85.37 85.80 85.43 84.73 84.08 83.92 84.14 84.52 85.28 85.70 85.64 85.53 85.05 85.76 85.97 86.23 86.21 86.23 86.23 86.31 86.37 85.95 85.66 85.83 85.56 86.00 86.18 85.70 85.24 86.42 86.20 85.26 86.79 85.27 86.05 86.54 84.44 84.93 86.13 87.13 85.70 86.54 85.53 85.61 85.17 84.88 84.96 84.21 84.35 84.74 84.42 84.49 85.07 84.82 84.76 85.28 83.67 84.83 85.16 85.27 85.11 85.80 84.84 84.73 84.76 86.21 84.67 84.55 85.12 84.90 84.92 85.01 85.07 85.01 84.90 84.85 85.27 85.35 85.63 85.72 85.71 85.42 84.84 84.87 85.02 84.55 83.99 84.06 84.06 84.98 85.58 86.21 86.39 86.53 86.39 86.56 86.91 86.49 86.46 86.00 85.72 85.97 85.66 85.09 83.69 83.09 83.48 86.20 85.96 83.23 83.25 85.04 83.63 83.79 82.98 83.72 84.12 83.40 83.48 84.19 85.12 85.55 85.86 86.14 86.05 86.22 86.22 86.20 86.10 85.93 85.72 85.15 84.74 84.29 84.20 84.48 84.23 85.62 83.48 84.45 84.70 84.29 85.14 85.45 85.16 85.56 85.78
-57°N ||     85.76 85.83 86.11 86.51 85.86 84.18 84.71 84.48 83.95 84.03 84.17 86.40 84.09 84.24 83.75 83.85 84.72 85.37 84.78 84.63 86.28 84.70 84.74 84.71 83.78 84.59 84.94 84.91 84.86 83.84 83.20 85.72 85.42 85.58 85.56 85.23 85.44 84.63 84.40 84.49 84.23 84.96 85.24 85.42 85.56 85.18 84.58 84.47 85.58 86.27 86.32 86.41 86.20 86.19 85.88 85.03 84.73 84.75 84.39 84.17 85.00 87.01 85.49 84.70 86.63 87.23 86.92 85.67 88.02 83.02 87.47 85.66 84.79 85.79 85.27 86.60 86.98 86.51 86.03 87.17 87.23 85.87 84.85 84.96 85.30 84.90 84.98 84.64 84.57 85.00 85.07 85.18 84.78 84.37 84.37 84.28 84.30 84.42 84.98 84.40 84.06 84.25 84.24 84.30 84.25 85.05 85.08 85.31 85.52 85.68 85.83 86.00 86.18 86.30 86.04 85.55 85.71 85.69 85.92 85.43 85.26 85.57 86.30 86.87 87.25 87.21 87.25 87.22 87.22 87.51 86.90 86.74 86.40 86.75 86.63 86.53 86.47 85.77 83.46 84.83 86.14 86.65 83.85 84.10 84.81 84.60 84.12 83.84 83.79 84.18 84.71 84.93 85.15 84.84 85.51 85.16 85.84 85.08 84.02 84.32 85.96 86.16 86.07 85.66 85.10 84.74 84.38 84.35 84.47 84.38 84.01 83.86 84.46 84.56 85.83 84.43 84.41 84.54 84.94 85.67
-55°N ||     85.89 85.93 86.12 86.24 85.39 85.33 85.22 84.66 84.43 85.07 85.02 84.88 84.63 84.74 84.27 84.58 85.31 85.20 85.23 85.18 84.51 83.65 83.64 86.17 83.58 84.65 85.08 85.09 85.08 84.72 84.42 85.56 85.55 85.41 85.72 85.19 84.85 84.53 84.03 83.90 84.03 83.89 83.81 84.06 85.03 84.65 84.43 84.87 85.57 85.93 86.28 86.33 86.38 85.72 85.30 84.04 84.48 83.92 84.29 86.57 84.93 87.24 87.47 86.69 85.02 88.30 88.20 88.31 88.14 88.15 88.16 87.57 84.72 85.32 86.99 86.01 85.55 86.65 86.42 86.32 85.60 85.16 85.36 85.32 85.19 84.98 85.00 84.66 84.82 84.42 84.71 84.96 85.28 84.84 84.96 85.60 86.63 84.95 84.88 85.02 84.97 84.87 84.11 84.31 84.05 84.36 85.32 85.44 85.75 86.01 86.21 86.36 86.66 86.92 86.86 87.09 87.23 87.37 87.41 87.64 87.82 87.92 87.95 88.00 88.07 87.95 87.84 87.82 88.03 87.61 87.37 87.26 87.04 86.65 86.99 86.86 84.82 85.88 85.71 85.26 85.04 84.82 84.98 85.07 83.82 84.32 84.47 84.48 84.89 85.28 85.72 85.73 86.74 86.24 85.24 85.46 85.74 84.07 84.30 86.13 85.72 85.45 85.22 85.31 84.82 84.66 84.86 85.10 85.43 85.14 85.14 84.34 85.32 84.80 84.47 84.56 84.85 85.40 85.42 85.78
-53°N ||     85.95 85.43 85.53 86.37 86.64 84.60 85.55 85.71 85.68 85.41 85.60 84.93 84.67 85.09 85.06 85.06 84.72 85.21 85.09 85.23 85.06 84.23 83.83 85.15 84.60 84.94 86.34 84.90 85.15 84.92 85.34 85.18 85.20 85.60 85.32 85.30 85.26 84.27 83.91 83.86 83.73 83.90 84.46 84.72 84.99 85.18 85.38 85.32 86.42 87.24 84.89 84.99 85.38 85.08 85.27 85.93 85.67 84.73 84.57 85.70 85.11 87.35 87.46 87.60 88.50 88.31 88.16 88.16 88.18 88.20 88.19 88.10 87.83 87.46 86.32 86.06 86.44 86.87 85.82 86.15 86.41 86.16 85.96 85.70 85.37 86.57 85.62 85.02 85.20 85.25 84.82 84.73 84.57 85.16 84.46 84.26 84.66 84.77 84.88 84.71 84.91 85.03 84.45 83.55 85.08 84.78 85.00 85.44 85.61 85.70 86.36 86.61 87.03 87.31 87.42 87.64 87.88 87.96 88.17 88.61 89.13 89.61 89.84 89.93 89.98 89.42 89.22 89.30 89.31 89.25 88.44 87.71 87.75 87.91 86.90 87.19 87.27 86.87 85.38 85.39 85.60 84.99 85.11 84.68 84.92 85.81 84.81 84.80 84.91 84.64 84.96 85.46 85.96 86.24 87.02 85.82 85.64 83.90 86.15 85.66 85.86 85.91 85.91 85.46 85.15 85.08 84.68 85.11 84.36 85.10 85.38 84.57 83.90 83.89 84.59 85.32 85.40 85.54 85.86 85.94
-51°N ||     85.79 85.57 85.16 85.26 86.01 85.81 85.69 84.71 85.93 85.28 84.84 85.16 84.97 85.27 85.07 84.94 85.06 84.27 84.88 84.99 84.73 84.30 83.77 83.57 83.23 84.60 84.22 84.68 85.05 85.06 84.94 85.17 84.81 84.75 84.94 84.64 84.66 84.51 84.19 83.34 83.32 83.15 83.56 84.72 84.96 85.20 85.34 84.92 86.50 87.00 84.83 84.79 84.23 83.91 85.16 86.37 86.63 86.58 85.34 84.58 84.63 84.90 87.50 88.03 88.22 88.08 88.21 88.15 88.15 88.15 88.15 88.23 87.81 87.85 87.96 88.17 86.45 86.54 86.03 86.06 86.26 86.11 85.56 85.30 85.00 85.75 84.76 84.87 85.16 85.10 85.05 85.12 85.26 85.35 84.98 84.50 84.63 84.72 84.81 84.33 85.05 84.65 84.28 84.80 84.63 84.85 85.27 85.65 85.98 86.01 86.82 87.04 87.12 87.55 87.75 87.96 88.16 88.58 89.23 90.11 90.43 90.94 91.12 91.41 91.37 91.39 91.14 91.14 90.97 90.72 91.14 90.49 88.26 88.20 87.77 87.43 86.53 84.92 84.13 86.01 85.58 84.82 86.05 84.81 84.14 84.43 84.84 85.53 85.22 85.36 85.83 85.89 85.73 85.60 84.85 85.62 85.69 85.88 85.75 85.77 85.69 85.11 85.27 85.74 85.67 85.40 84.78 85.67 85.17 85.61 85.13 84.65 85.19 84.46 84.59 84.96 85.15 85.44 85.56 85.75
-49°N ||     84.70 85.00 84.83 85.32 86.32 86.61 86.79 85.69 85.69 84.51 85.03 84.48 84.46 84.28 84.63 84.40 84.33 84.37 83.58 83.86 84.22 84.52 83.66 83.51 84.21 83.96 84.38 85.04 85.01 85.01 84.79 85.08 84.67 83.33 83.31 83.52 83.84 83.84 83.90 83.36 83.18 83.26 83.45 84.39 84.81 85.05 85.10 85.10 85.02 84.90 84.68 84.30 83.77 83.54 83.83 84.33 85.61 85.70 84.87 84.63 86.87 87.22 87.42 87.67 88.06 88.31 88.15 88.17 88.14 88.23 88.25 88.08 87.92 86.84 87.28 86.16 86.15 86.57 85.98 86.15 86.16 86.03 85.67 85.21 85.24 84.67 84.84 86.63 85.73 85.16 84.92 85.08 85.82 85.84 85.11 84.82 84.05 85.30 84.43 84.41 84.35 84.35 84.69 85.13 85.24 84.78 84.72 85.71 85.98 86.44 85.91 86.77 87.48 87.83 88.17 88.62 89.28 89.74 90.48 90.97 91.77 92.27 91.75 91.70 90.55 91.20 91.31 91.45 91.28 91.22 91.26 91.31 91.05 90.46 88.99 88.16 87.34 86.46 86.90 86.26 86.59 85.73 84.52 85.16 85.36 84.29 85.07 84.81 85.41 85.60 84.82 85.39 85.38 85.33 85.17 85.71 85.44 85.19 84.78 84.81 83.47 84.36 85.23 85.08 84.69 85.36 85.85 86.26 85.45 86.22 86.08 85.69 85.62 85.01 84.51 84.04 84.26 84.53 84.97 85.17
-47°N ||     84.48 85.06 84.76 84.71 85.57 86.29 85.43 84.80 85.41 84.90 84.52 84.65 83.54 85.04 83.74 84.00 83.13 83.37 84.22 83.98 84.53 83.83 84.22 84.57 84.52 85.06 84.31 84.72 84.94 84.91 84.93 84.93 85.01 84.06 83.85 84.01 84.33 84.40 84.39 84.06 83.61 83.49 83.87 84.00 83.86 84.58 84.60 84.71 84.48 84.53 84.14 83.96 83.55 83.54 83.47 83.83 84.19 84.16 84.77 85.35 84.23 86.46 85.96 87.34 87.35 88.14 88.27 88.26 88.22 88.28 88.25 88.13 88.01 86.98 87.34 87.28 86.18 86.08 85.79 85.11 85.94 85.62 85.48 85.40 84.97 85.02 84.71 85.01 85.40 85.24 85.36 85.37 86.06 85.28 84.98 84.12 84.49 84.31 84.70 85.38 84.46 84.00 84.27 84.67 85.80 85.83 85.25 85.67 86.28 86.15 85.90 86.41 87.29 87.48 89.28 90.60 91.11 92.02 92.55 91.68 91.13 91.46 91.89 91.75 91.24 90.87 90.60 91.06 91.28 91.14 91.17 90.95 90.97 90.87 90.25 89.16 88.29 87.71 87.21 86.95 86.79 86.60 85.85 85.25 85.98 85.95 85.25 85.71 85.62 85.63 85.65 84.93 84.74 85.18 84.70 85.04 85.12 84.42 84.02 84.79 85.70 85.86 84.70 84.61 85.23 85.92 85.74 85.99 86.25 86.10 86.03 85.94 84.86 84.89 84.52 85.19 84.77 84.59 85.05 84.89
-45°N ||     85.10 85.19 85.01 85.08 85.41 85.37 85.51 85.55 85.69 84.67 84.38 85.00 84.39 84.16 84.26 84.27 85.41 84.18 84.63 84.77 84.50 84.84 85.62 84.37 84.80 85.11 84.87 84.72 84.73 84.68 84.52 84.64 84.55 84.31 84.32 84.28 84.32 84.36 84.49 84.51 84.13 84.02 84.22 84.12 84.11 84.33 84.34 84.11 83.92 83.71 83.62 83.61 83.54 83.03 82.83 84.02 84.50 84.67 85.15 85.51 85.96 85.91 86.49 86.70 86.69 87.83 88.03 88.97 88.84 88.41 88.30 88.19 87.75 87.52 87.22 87.43 85.94 85.86 85.80 86.98 85.32 85.58 85.20 85.12 85.02 84.89 84.87 85.50 85.46 85.33 85.16 85.26 85.56 85.22 84.93 85.05 84.57 84.59 84.52 85.42 83.56 84.31 84.53 84.62 85.40 84.60 85.36 85.68 85.99 86.02 86.18 86.05 87.32 88.18 90.67 91.24 92.40 92.55 91.80 92.27 92.01 92.31 92.09 92.05 91.75 92.19 92.33 91.20 91.02 91.58 91.14 91.02 91.03 90.88 90.22 89.86 88.66 87.92 87.45 87.17 86.81 86.99 84.58 86.02 86.05 85.69 85.84 85.46 85.27 85.71 85.29 85.05 85.40 85.01 85.11 84.69 84.42 84.51 83.92 83.13 84.49 84.23 84.85 85.93 86.10 85.97 85.30 86.17 85.47 85.56 85.94 85.79 84.86 84.90 85.06 84.00 84.06 84.74 84.98 84.87
-43°N ||     85.80 84.81 85.96 85.46 85.79 85.34 85.48 85.43 85.14 84.84 84.37 84.47 84.23 84.00 84.38 84.42 84.86 84.96 84.79 84.76 84.18 84.44 84.68 84.69 84.35 84.77 84.88 84.88 84.11 84.45 84.29 84.59 84.64 84.15 84.22 84.22 84.26 84.39 84.60 84.72 84.06 83.78 82.72 82.79 83.66 84.09 83.93 83.67 83.71 83.42 83.30 83.31 83.20 83.29 83.33 84.15 84.26 84.50 84.60 85.07 85.07 85.21 85.82 85.19 87.09 86.95 87.63 87.75 87.85 87.92 87.83 87.81 87.19 87.53 87.32 86.14 85.98 86.21 86.01 86.15 85.81 87.43 85.21 85.45 85.23 85.21 85.02 85.57 85.52 85.18 85.06 85.28 85.33 85.19 85.14 84.81 85.11 84.75 85.18 84.53 84.44 84.57 84.37 83.90 83.97 84.40 85.24 86.28 85.53 85.86 85.99 86.18 87.53 89.00 91.05 92.09 92.06 91.72 92.01 92.47 92.19 92.16 91.81 92.21 92.10 91.28 91.46 91.36 91.66 91.33 91.12 91.07 90.83 90.46 89.39 89.27 88.70 88.05 87.39 87.44 87.19 87.25 86.83 86.72 86.39 86.14 85.83 85.58 85.61 86.44 85.93 85.72 85.63 85.15 85.08 84.72 84.37 84.35 84.42 84.45 84.19 84.32 85.14 86.17 86.41 86.38 86.10 85.95 85.46 85.72 85.69 85.86 84.21 85.13 85.18 86.11 84.78 85.08 85.47 85.40
-41°N ||     86.03 85.90 85.94 86.43 86.15 85.23 85.35 85.23 85.99 86.50 87.31 87.08 85.50 84.50 84.80 84.67 84.14 84.45 84.11 84.51 84.10 84.75 84.69 84.68 84.45 83.50 84.09 84.31 84.58 84.05 83.92 84.21 84.01 84.02 83.76 84.10 84.19 84.39 84.44 82.23 81.91 81.73 80.03 79.78 79.86 82.06 82.06 82.07 82.85 83.22 82.92 83.34 83.05 83.24 83.20 83.27 83.38 83.95 84.98 84.78 84.39 83.77 85.37 86.21 86.15 86.92 86.91 87.27 87.66 87.71 87.65 87.21 87.51 86.72 86.79 86.78 86.49 87.58 86.37 85.79 86.04 85.87 85.42 85.41 85.17 85.17 85.36 85.71 85.68 85.48 85.14 85.41 85.02 85.07 85.21 84.58 84.38 84.98 84.88 84.72 84.31 84.41 83.83 83.57 85.45 84.57 85.02 85.74 85.75 85.78 86.10 86.49 87.51 89.06 90.67 92.12 92.11 91.29 92.27 92.31 92.28 92.04 92.35 92.50 91.96 91.28 91.67 91.76 91.48 91.66 91.36 91.02 90.23 89.58 89.27 89.00 88.40 87.99 87.79 87.47 87.63 86.50 86.22 86.56 85.30 85.38 85.87 86.00 86.08 86.02 85.90 85.90 85.89 85.08 84.91 84.83 84.54 85.05 84.97 84.69 84.63 84.55 85.31 85.80 86.00 85.86 85.97 85.86 84.93 85.47 85.47 84.56 84.45 85.31 85.22 85.36 85.39 85.67 85.92 85.49
-39°N ||     85.83 85.99 85.61 85.14 86.24 85.14 85.66 85.50 84.61 85.14 86.74 86.74 84.91 84.52 85.22 84.87 85.18 84.62 84.91 84.98 85.18 84.31 85.21 85.20 84.87 84.87 84.61 84.29 84.46 84.32 84.18 82.24 83.35 83.79 83.79 83.99 84.16 84.13 83.36 83.19 82.57 81.30 80.98 81.06 81.42 81.54 81.44 81.70 81.12 82.20 82.93 82.96 82.99 83.10 83.27 83.31 83.57 83.94 84.04 84.61 84.64 84.83 84.31 84.59 85.55 84.91 86.30 87.53 87.41 87.33 87.40 87.38 86.91 86.68 86.87 86.71 86.59 86.30 86.08 86.10 86.01 86.03 85.82 85.54 85.47 85.16 85.61 85.98 85.52 85.44 85.73 85.78 85.65 85.07 85.36 84.84 84.84 84.78 84.73 85.27 84.41 84.64 84.18 84.30 84.20 84.14 85.00 85.53 85.85 85.90 85.90 86.79 87.59 88.25 90.41 92.23 92.55 92.39 91.83 92.18 92.54 92.35 92.48 92.50 92.11 91.68 92.10 91.77 91.91 91.45 91.13 90.50 89.73 89.35 88.83 88.54 88.37 88.21 87.75 87.09 86.92 86.20 86.07 85.96 85.92 86.19 86.41 86.13 85.20 85.95 86.02 86.15 85.81 85.58 85.12 85.43 85.12 84.76 85.46 85.25 84.89 84.73 84.76 85.04 85.47 85.64 86.19 85.95 85.57 85.52 85.66 85.41 85.84 85.71 85.74 85.37 85.56 85.86 86.07 86.24
-37°N ||     86.24 86.00 85.99 85.50 86.88 86.49 85.91 84.89 84.29 83.60 83.28 84.34 84.19 85.19 85.70 85.65 85.65 85.65 85.43 85.30 85.29 85.26 84.87 85.11 84.72 84.31 84.40 83.89 83.76 84.35 84.22 83.25 83.41 82.79 83.52 82.61 83.21 81.32 81.43 83.15 81.26 80.52 81.75 81.78 81.69 81.64 81.84 82.54 81.93 81.90 81.69 82.30 82.91 83.43 83.44 83.57 83.47 84.09 84.25 84.07 84.06 84.93 84.92 85.37 85.99 86.00 86.52 86.76 84.96 87.05 86.62 86.74 86.81 86.95 86.77 86.55 86.40 86.36 86.38 86.07 85.75 85.55 85.17 86.91 85.58 85.30 85.32 85.18 85.88 85.45 85.62 85.80 85.73 85.44 84.87 85.21 84.76 84.66 85.16 85.10 84.36 84.32 84.14 84.34 84.56 84.53 86.33 85.10 85.73 86.05 86.15 86.30 86.95 88.04 89.10 91.69 92.59 92.96 93.32 92.23 92.31 92.33 91.77 92.46 91.85 91.94 91.69 91.81 91.73 91.58 91.34 90.17 89.24 88.88 88.44 88.26 88.03 87.78 87.48 87.16 86.32 86.40 85.73 85.76 85.57 85.74 86.13 86.16 86.12 85.94 86.17 85.97 85.85 85.76 85.56 85.59 85.88 85.61 85.48 84.64 85.03 84.99 84.46 84.44 85.26 85.51 86.16 85.60 85.64 85.82 86.01 85.97 85.93 85.90 85.64 85.44 86.27 86.45 86.28 86.78
-35°N ||     86.22 86.87 86.00 85.11 85.84 85.04 84.96 85.15 84.41 83.59 83.45 84.35 85.17 85.38 85.59 85.48 85.64 83.99 85.34 85.26 85.17 84.94 84.94 84.71 84.15 84.42 84.22 84.07 83.50 83.66 83.34 83.20 83.30 83.01 83.15 83.32 82.63 81.23 81.33 81.27 80.75 81.74 82.43 82.32 82.01 82.27 82.08 82.16 82.42 82.47 82.29 81.45 82.21 83.27 83.63 83.86 83.87 83.90 83.94 84.06 84.27 84.48 84.47 85.75 85.70 84.99 85.29 85.80 85.71 86.70 86.59 86.79 86.46 86.07 86.23 86.44 86.45 86.41 86.67 86.26 85.79 85.40 85.63 85.41 85.52 85.10 85.00 85.15 85.32 85.42 85.46 85.69 85.57 85.04 85.05 85.01 85.29 85.62 84.76 84.59 84.63 83.97 84.11 84.55 84.74 84.68 84.77 85.21 85.95 85.74 85.70 85.99 86.45 86.81 87.97 89.11 92.12 92.61 93.06 93.16 92.27 92.23 92.98 92.94 91.79 91.90 91.81 91.64 91.72 91.49 90.54 88.77 88.35 88.24 88.12 87.98 88.03 87.76 87.72 87.67 86.62 86.14 85.14 85.70 85.41 85.60 85.79 85.90 86.07 86.18 85.98 85.73 84.96 84.99 85.07 85.43 85.07 84.84 85.23 85.50 85.21 84.83 85.35 85.61 85.38 85.39 85.19 85.49 85.45 84.90 86.08 86.15 85.77 85.69 85.91 86.02 86.70 86.49 86.01 85.26
-33°N ||     86.29 86.41 85.09 84.88 85.11 84.14 84.59 83.61 83.64 84.25 84.19 84.49 85.24 85.44 85.84 85.35 85.65 85.69 85.26 85.26 84.43 84.94 84.86 84.83 84.48 84.19 84.21 84.00 83.77 83.48 83.31 82.50 82.88 82.66 82.34 82.52 81.87 80.95 80.79 80.14 80.37 81.77 82.62 82.24 82.95 82.33 83.20 83.28 83.01 83.05 82.44 81.53 80.78 82.34 83.24 83.84 83.82 83.91 83.97 83.97 84.40 84.89 84.79 85.68 85.80 85.88 85.85 85.84 85.75 85.56 85.83 86.50 86.45 86.06 86.56 86.07 86.63 86.31 86.24 86.36 86.05 85.78 86.06 85.61 85.52 85.35 85.28 85.14 85.15 85.26 85.31 84.93 85.18 85.39 85.10 85.25 84.97 85.26 84.89 84.30 84.48 84.27 84.00 84.25 84.53 84.66 84.67 84.58 85.35 85.71 85.52 85.45 85.21 85.68 86.50 87.82 89.89 91.49 92.28 92.81 92.79 93.17 91.99 91.74 91.99 91.96 91.63 91.57 90.55 89.47 88.94 88.16 87.87 87.83 87.81 87.79 87.90 87.82 87.58 87.50 87.04 86.16 85.69 85.56 85.37 85.30 85.52 85.48 85.63 85.80 85.75 85.44 85.26 85.02 84.42 84.30 84.44 84.37 85.15 84.67 85.07 85.40 84.86 85.19 85.04 84.96 85.41 85.58 85.86 85.33 85.58 86.15 85.21 85.82 85.84 86.05 86.23 85.98 85.60 85.59
-31°N ||     86.17 85.31 85.14 85.04 84.32 84.40 83.84 84.31 84.46 84.30 84.50 84.55 85.00 85.34 85.67 85.65 85.65 85.12 84.93 85.26 84.79 84.86 84.77 84.69 84.47 84.40 84.17 83.96 83.63 83.31 83.02 82.85 82.80 82.22 82.06 82.60 81.78 80.76 80.89 80.13 81.04 81.81 82.19 82.76 83.00 83.23 83.25 83.47 83.46 83.58 82.64 81.53 81.91 82.02 82.17 82.14 83.49 84.10 84.09 84.46 84.92 85.35 85.64 85.72 85.93 85.86 85.96 86.13 86.03 85.97 86.10 87.07 86.03 85.75 86.00 85.95 86.06 86.19 86.41 86.37 86.45 86.32 86.00 85.99 85.81 85.35 85.03 84.86 85.09 85.15 85.15 85.25 84.93 85.19 85.26 85.13 85.21 85.06 85.01 84.52 84.48 85.01 84.65 84.45 84.75 84.95 85.05 84.72 85.41 85.69 85.96 85.47 85.94 85.84 86.81 86.82 87.78 88.09 88.42 90.94 91.85 92.50 91.51 91.83 91.61 91.72 91.24 90.59 88.39 87.89 88.17 88.03 87.73 87.71 87.66 87.37 87.32 87.56 87.51 87.21 87.09 85.73 85.76 85.42 85.60 85.08 85.24 85.22 85.25 85.35 85.49 85.25 85.00 85.01 84.60 84.52 85.25 84.30 84.11 83.92 85.18 85.57 86.06 85.32 85.54 85.75 85.91 85.78 85.82 85.65 85.46 85.77 85.35 85.68 85.67 85.46 85.68 85.86 85.82 85.75
-29°N ||     86.14 85.27 83.81 85.01 84.29 84.12 84.72 84.25 84.58 84.38 84.38 84.65 85.28 85.53 85.65 85.59 85.54 84.36 85.35 85.31 85.08 84.77 84.75 84.62 84.53 84.34 84.17 83.85 83.51 83.22 82.95 82.62 82.42 82.37 82.33 81.59 81.63 81.18 79.88 79.06 80.95 81.96 82.37 82.68 83.02 83.31 83.50 83.63 83.74 83.73 83.68 83.53 82.82 82.84 82.75 82.05 82.35 82.85 84.04 84.38 84.98 85.72 85.88 85.83 86.31 85.89 85.71 85.86 86.14 86.10 86.31 86.67 86.31 85.86 86.15 86.49 86.21 86.17 86.59 86.50 86.42 86.43 86.12 86.25 85.52 85.49 85.31 85.04 84.91 85.12 85.25 85.26 85.39 85.31 85.25 85.15 85.18 84.65 85.06 84.64 85.19 85.26 84.92 84.93 85.22 85.35 85.44 85.32 84.68 85.60 85.27 85.90 86.09 86.23 85.44 85.80 87.21 87.07 87.69 87.70 88.06 88.07 88.80 90.43 89.38 89.59 88.45 88.83 87.87 87.63 87.39 87.07 87.40 87.56 87.40 87.01 87.18 87.14 87.05 86.41 86.33 85.93 85.61 85.44 85.39 85.21 85.18 85.27 85.27 85.32 85.36 85.11 85.08 84.57 84.83 84.36 83.84 84.12 84.98 83.84 84.92 85.44 85.65 85.09 85.70 84.77 85.63 85.85 85.55 85.39 85.60 85.44 85.19 85.34 85.46 85.67 85.47 85.65 85.82 86.03
-27°N ||     85.69 85.20 85.16 85.10 84.41 84.27 84.92 83.95 84.43 84.82 84.70 85.17 85.08 85.27 85.66 85.38 85.66 84.71 85.33 84.68 84.71 84.74 84.60 84.57 84.36 84.23 84.08 83.94 83.47 83.14 82.79 82.48 82.10 82.10 81.94 82.10 82.30 80.98 80.71 79.28 81.19 82.00 82.35 82.76 83.10 83.41 83.62 83.77 83.87 84.03 84.01 84.08 83.81 83.18 83.18 83.30 83.60 83.59 83.52 83.53 83.32 85.03 85.91 85.95 85.90 85.93 86.06 86.31 86.03 85.91 85.96 86.71 86.82 87.07 86.52 86.07 86.43 86.45 86.71 86.69 86.65 86.62 86.46 86.13 85.97 85.65 85.72 85.74 85.28 85.15 85.10 85.33 85.35 84.89 85.05 85.20 85.22 84.89 84.88 84.87 85.18 85.47 84.85 85.22 85.42 85.28 85.64 84.89 84.44 84.74 85.46 85.48 85.82 85.60 85.54 85.67 85.71 87.13 87.06 87.29 87.45 87.41 87.70 87.75 87.79 87.93 88.14 87.91 87.87 87.56 87.09 87.31 87.39 87.18 86.69 86.93 84.54 87.01 86.98 85.11 85.71 85.31 85.20 85.19 85.23 85.24 85.25 85.26 85.15 85.11 85.07 84.79 84.27 84.14 84.00 84.32 85.00 83.93 84.03 84.75 84.37 84.90 85.45 85.43 85.94 84.92 85.70 85.43 85.65 85.82 85.71 85.50 85.01 84.76 84.80 85.26 85.26 85.35 85.80 85.87
-25°N ||     85.84 84.97 85.39 85.07 85.01 84.94 85.11 85.53 84.89 85.27 85.07 85.77 85.77 85.65 85.79 85.52 85.58 85.10 84.69 85.20 84.81 84.62 84.56 84.42 84.27 84.05 83.89 83.72 83.34 82.88 82.54 82.25 81.99 81.81 81.74 81.11 81.48 81.83 80.71 81.01 81.43 81.94 82.42 82.77 83.00 83.28 83.46 83.71 83.87 83.88 84.07 84.13 83.83 83.43 82.54 83.27 83.60 83.78 83.80 83.66 82.95 84.26 85.60 85.68 85.84 85.86 85.86 85.24 85.52 85.69 85.78 85.84 86.50 87.27 87.47 86.64 86.81 86.91 87.14 86.80 86.80 86.67 86.99 86.50 86.79 85.95 86.05 86.07 86.02 85.24 85.65 85.49 85.80 84.79 85.27 85.22 85.22 84.72 84.36 85.14 85.19 85.04 85.14 85.19 85.02 84.60 85.13 84.37 84.14 84.52 84.86 84.97 85.39 85.21 85.85 86.45 85.99 86.74 87.03 87.24 87.40 87.27 87.16 87.65 87.35 87.81 87.70 87.14 87.00 86.76 86.97 86.62 86.58 86.88 86.59 85.65 85.51 85.91 84.86 85.37 85.19 84.95 84.77 84.83 84.95 85.04 85.41 85.08 85.02 84.87 84.81 84.58 84.18 83.76 83.93 84.22 84.68 84.18 83.63 84.10 84.00 84.46 84.95 85.44 85.03 85.07 85.60 85.06 85.41 85.64 85.57 85.10 84.72 85.44 85.46 85.23 85.38 85.86 86.18 85.75
-23°N ||     85.77 85.72 85.10 85.11 85.01 85.16 85.41 85.62 85.81 85.89 85.87 85.81 86.07 86.16 85.79 85.98 84.43 84.82 85.29 84.82 84.81 84.51 84.50 84.38 84.18 83.89 83.65 83.31 82.93 82.56 82.23 81.86 81.66 81.55 81.60 81.53 80.76 81.11 80.65 80.90 81.37 81.92 82.25 82.51 82.77 83.00 83.25 83.49 83.76 83.92 84.22 84.19 84.17 83.80 83.04 83.23 83.56 83.59 83.56 83.21 82.54 84.48 85.41 85.49 85.16 85.38 85.69 85.27 85.70 85.67 85.46 86.04 86.23 86.93 87.13 87.30 86.71 86.89 86.74 86.96 86.95 86.83 86.86 87.16 86.69 86.24 86.37 86.51 86.32 85.03 85.76 85.50 85.84 85.90 85.89 85.32 85.20 86.52 85.18 84.66 84.85 84.62 84.39 84.23 84.55 85.02 84.20 84.14 83.82 84.45 84.73 85.24 85.10 84.71 84.67 84.98 85.65 85.96 86.32 86.58 87.10 86.81 87.11 87.35 87.37 87.64 87.29 86.79 86.75 86.54 86.07 86.14 86.35 86.48 85.48 84.85 84.15 84.35 84.78 85.12 84.86 84.63 84.28 84.44 84.79 84.91 85.00 85.10 84.80 84.73 84.65 84.58 84.80 84.64 84.72 84.13 84.67 84.17 83.77 84.13 83.73 84.63 84.89 85.18 85.19 85.40 85.28 85.47 85.35 86.05 85.36 86.44 85.32 85.41 85.48 85.41 85.20 85.97 86.39 85.73
-21°N ||     85.45 85.57 85.10 85.11 85.08 85.10 85.50 86.33 85.98 85.84 85.68 85.74 85.87 85.68 85.83 85.95 85.49 85.07 85.11 84.86 84.66 84.45 84.39 84.22 84.02 83.79 83.39 82.93 82.43 82.03 81.73 81.40 81.20 81.16 81.29 80.84 80.99 80.34 80.47 80.94 81.29 81.68 81.93 82.18 82.48 82.69 83.01 83.24 83.50 83.73 83.87 84.08 84.13 83.72 83.23 83.53 83.13 83.43 83.13 82.80 82.88 83.24 85.25 85.23 85.33 85.17 85.58 85.72 85.66 85.71 85.90 85.87 86.15 86.49 87.14 87.44 87.10 86.92 87.09 87.15 87.03 86.97 86.90 87.14 86.99 87.15 86.52 86.56 86.30 85.83 85.66 85.84 86.03 86.11 85.61 85.43 85.23 84.84 84.78 84.97 85.09 85.20 84.14 84.53 84.82 84.71 84.96 83.93 83.84 84.30 84.82 84.37 84.91 84.88 84.97 85.28 85.44 85.97 86.04 86.58 86.78 86.97 86.55 87.15 86.84 86.71 86.72 85.54 86.06 86.06 85.88 85.68 86.21 85.48 84.99 84.72 83.53 83.67 84.56 84.41 84.64 84.61 84.21 83.87 84.80 84.94 84.96 85.00 85.00 84.73 84.45 84.19 83.91 84.23 85.04 84.24 84.43 84.36 83.84 84.60 84.46 84.67 84.53 84.53 85.20 85.37 85.64 85.39 85.08 85.97 86.13 85.73 85.79 86.11 85.98 85.37 84.95 85.55 85.57 85.29
-19°N ||     84.59 84.93 84.95 84.75 85.19 85.50 85.93 86.78 86.73 86.25 86.09 85.74 85.87 85.85 86.08 85.84 85.59 85.43 84.91 84.84 84.64 84.39 84.22 83.95 83.77 83.50 83.12 82.46 81.67 81.25 80.99 80.87 80.74 80.85 81.05 79.63 80.72 80.26 80.38 80.65 80.81 81.16 81.42 81.69 82.03 82.37 82.71 82.98 83.30 83.51 83.65 83.76 83.92 83.86 83.43 83.02 83.00 82.98 83.12 83.02 82.68 84.08 84.97 84.91 85.14 85.34 85.76 85.82 85.89 85.64 85.83 86.08 86.44 86.95 87.59 87.60 87.54 86.96 87.14 87.20 87.38 87.12 87.00 86.96 87.24 87.26 86.79 86.44 86.46 86.56 86.30 86.09 86.15 86.02 85.53 85.67 85.23 85.09 85.36 84.55 84.98 85.07 84.34 84.76 84.29 84.66 83.93 83.73 84.27 84.29 84.09 84.48 84.46 84.68 84.82 85.04 85.07 85.01 85.09 86.20 86.46 86.48 86.60 86.58 86.32 86.29 85.75 85.74 85.84 85.70 85.61 85.03 84.82 85.15 84.78 84.44 83.96 83.80 84.23 84.46 84.77 84.79 85.02 85.00 84.84 84.88 84.92 84.94 84.79 84.67 84.93 84.35 83.94 84.05 84.50 84.65 84.52 84.74 84.19 84.64 84.76 84.55 84.44 84.35 84.98 85.00 84.86 84.78 85.55 86.03 86.36 86.55 86.65 86.92 86.51 86.58 86.37 86.01 86.12 84.67
-17°N ||     84.64 84.62 84.80 85.21 85.24 85.54 86.40 86.60 86.57 86.45 86.25 85.90 86.00 85.26 85.97 86.49 85.66 85.65 85.21 84.78 84.60 84.38 83.97 83.66 83.45 83.15 82.68 81.66 80.82 80.31 80.23 80.31 80.48 80.62 80.33 79.75 80.11 80.29 80.16 80.05 80.15 80.52 80.88 81.16 81.62 82.01 82.36 82.64 82.97 83.26 83.38 83.60 83.62 83.70 83.34 82.96 82.46 82.49 83.02 82.91 82.68 84.22 84.92 84.31 84.78 87.25 87.98 87.21 85.75 85.95 85.44 86.00 86.35 86.77 87.59 87.54 87.57 86.94 87.23 87.03 87.24 87.16 87.17 87.16 87.21 87.15 86.94 86.94 86.82 86.58 86.12 86.19 86.20 86.02 85.75 85.74 85.27 85.34 84.95 85.69 85.11 84.82 84.38 84.37 84.36 84.29 84.40 83.88 84.40 84.38 84.54 84.34 84.13 84.11 84.45 84.52 84.72 85.40 85.50 84.97 85.56 85.44 85.69 85.70 85.60 86.10 85.97 85.94 85.81 85.62 84.99 85.10 83.94 84.32 84.46 84.28 83.69 83.71 84.27 84.54 84.86 84.89 85.02 85.12 84.89 84.85 84.81 84.74 84.70 84.43 84.59 84.49 84.12 84.25 84.11 84.21 84.48 84.73 84.49 85.09 84.73 84.69 84.46 84.26 85.33 84.32 84.66 84.95 85.58 86.34 86.52 86.76 86.76 86.96 87.12 86.66 86.70 86.35 86.66 85.83
-15°N ||     86.17 84.66 85.67 85.37 85.78 86.02 87.05 86.94 86.36 86.46 86.45 85.93 85.70 85.78 85.99 86.43 84.77 85.72 86.03 84.91 84.67 84.33 84.01 83.69 83.28 82.79 81.98 80.68 79.37 78.98 79.39 79.93 80.09 80.33 80.46 80.40 80.57 80.60 79.95 79.64 79.60 80.13 80.45 80.75 81.22 81.75 82.13 82.42 82.62 82.78 82.79 83.20 83.40 83.41 83.08 82.97 82.59 83.59 82.86 83.78 84.24 86.93 87.63 87.84 88.10 88.02 87.87 88.07 88.06 86.11 85.96 86.61 86.51 86.67 87.36 87.35 87.49 87.32 87.18 87.11 87.17 87.18 87.13 87.26 87.12 87.06 87.07 86.91 86.78 86.68 86.76 86.51 86.35 85.94 85.75 85.77 85.64 85.39 84.82 85.37 84.64 84.77 84.61 84.25 84.38 84.09 84.23 84.20 84.04 84.12 84.56 84.04 83.86 83.83 83.93 83.59 84.53 85.38 85.42 85.45 84.95 85.47 85.44 85.31 85.62 85.82 85.79 86.02 85.35 84.94 84.71 83.80 83.71 83.76 84.06 83.91 83.66 83.84 83.90 84.35 84.68 84.93 84.88 84.90 85.03 84.90 84.68 84.78 84.45 84.66 84.44 84.69 84.04 83.73 84.72 84.93 84.22 84.91 84.96 84.68 84.75 84.63 84.25 84.49 84.99 85.14 84.99 85.03 85.33 86.57 86.88 87.43 87.24 87.13 86.64 87.27 86.88 87.47 85.78 85.98
-13°N ||     86.37 86.25 85.88 85.53 85.80 86.32 86.80 87.15 86.97 87.11 86.82 86.26 86.11 86.32 86.29 86.39 85.79 85.74 85.57 85.17 84.82 84.40 84.05 83.69 83.18 82.55 81.62 79.82 77.80 77.37 78.50 79.51 79.84 79.93 80.00 80.64 80.42 80.37 79.81 79.56 79.59 80.72 80.02 80.48 80.97 81.44 81.91 82.21 82.43 82.60 82.65 83.39 82.81 84.20 87.61 86.90 87.01 84.87 87.86 88.22 86.85 84.29 84.19 84.46 87.14 87.76 87.31 87.27 85.30 87.91 86.18 86.37 86.68 86.91 87.01 87.29 87.25 87.47 87.59 87.25 87.20 87.21 87.18 87.18 86.99 87.05 87.18 86.98 86.76 87.02 86.86 86.75 86.50 86.18 86.56 86.00 85.77 85.47 85.29 85.30 85.25 84.93 84.52 84.30 84.10 84.61 84.14 84.12 83.98 83.91 83.94 84.09 83.68 84.07 83.95 84.20 84.21 85.06 85.27 85.12 85.19 85.46 85.29 85.28 84.95 85.47 85.54 85.55 85.30 85.06 83.97 83.72 83.40 83.94 83.80 84.02 83.60 83.78 84.47 84.51 85.03 84.90 85.03 84.94 85.01 84.93 84.54 84.36 84.31 84.38 84.34 84.12 84.54 84.05 84.97 84.94 84.40 84.41 84.78 84.91 84.61 84.72 84.32 84.18 84.55 85.57 85.63 85.83 86.27 86.94 87.17 87.35 87.41 87.34 87.30 87.41 87.49 87.34 87.50 87.33
-11°N ||     87.46 87.19 87.51 87.54 86.61 86.58 86.87 87.20 86.99 86.99 86.82 86.75 86.80 86.36 86.61 86.48 86.37 85.96 85.74 85.36 84.94 84.62 84.12 83.68 83.03 82.44 81.59 80.02 77.86 76.16 77.07 79.50 79.75 79.76 79.68 80.28 80.20 79.93 79.48 79.25 79.68 79.99 79.93 80.41 80.82 81.22 81.88 82.07 82.27 82.50 82.38 83.06 86.76 87.44 88.26 88.27 85.20 81.89 81.70 82.75 83.44 83.66 83.97 84.21 84.73 84.60 84.83 86.47 85.65 85.83 88.04 86.80 88.03 87.40 87.14 87.45 87.56 87.41 87.52 87.56 87.27 87.27 87.31 87.22 87.25 87.19 87.37 87.10 87.18 86.97 86.97 87.15 86.57 86.37 86.11 86.10 86.16 85.72 84.36 84.79 85.30 85.38 84.81 84.55 84.43 84.09 84.05 84.14 83.90 83.94 84.41 84.06 84.15 83.85 84.11 84.26 84.20 84.45 84.85 84.63 84.79 85.07 85.02 84.91 84.57 85.43 85.33 85.61 85.30 85.25 84.93 84.07 83.50 83.72 83.66 84.23 83.86 84.32 84.69 84.72 85.18 85.08 84.90 85.01 85.03 84.99 84.86 84.92 84.63 84.61 84.45 84.07 83.67 84.16 84.09 84.36 84.79 84.91 84.63 85.12 84.82 85.37 85.69 85.30 85.54 86.85 85.74 86.24 86.53 87.08 87.25 87.28 87.51 87.45 87.54 87.60 87.61 87.19 87.34 87.06
-9°N ||     86.80 87.06 87.01 87.30 87.53 86.80 87.21 86.98 87.22 87.31 86.96 87.09 86.84 86.74 86.75 86.50 86.50 86.18 85.96 85.51 85.20 84.71 84.33 83.80 83.25 82.58 81.81 81.08 78.21 75.04 75.04 78.52 79.63 79.64 79.70 79.59 79.99 79.77 79.79 79.49 79.60 80.19 81.77 83.36 82.23 81.27 81.83 82.40 82.34 82.75 86.58 87.77 87.74 88.16 86.97 82.36 81.49 83.51 82.11 83.35 83.63 83.79 84.54 84.41 84.92 85.14 86.74 85.72 87.56 86.09 88.06 88.05 88.13 87.89 87.73 87.56 87.28 87.45 87.47 87.77 87.56 87.24 87.36 87.38 87.34 87.34 87.50 87.16 87.19 87.17 87.34 86.80 86.79 86.70 86.36 86.01 86.11 85.82 85.12 85.01 85.35 85.11 84.68 84.86 84.82 84.38 84.08 84.46 85.71 86.11 84.17 84.53 84.30 84.41 84.36 84.21 84.23 84.33 84.61 84.68 84.68 84.45 84.68 84.47 84.43 84.55 84.85 85.24 85.30 85.28 84.89 84.45 83.53 84.38 84.38 83.77 84.66 84.94 84.31 84.79 85.15 85.20 85.37 85.14 85.15 84.91 84.82 85.28 85.16 84.72 83.91 84.15 83.68 84.46 84.91 84.74 84.97 85.44 84.98 85.23 85.75 86.83 87.16 86.62 86.56 87.16 87.13 86.98 87.20 87.24 87.36 87.47 87.56 87.75 87.68 87.67 87.06 85.22 87.31 87.19
-7°N ||     87.25 87.20 87.09 87.09 87.72 87.60 87.34 87.38 87.61 87.47 87.39 87.17 87.02 86.97 86.97 87.03 86.94 86.51 86.16 85.79 85.38 84.93 84.53 83.94 83.39 82.88 82.26 81.72 78.78 76.08 76.72 78.01 79.33 79.56 79.73 79.92 79.51 79.52 79.91 79.50 82.67 82.97 80.41 84.27 83.52 83.75 83.98 86.55 85.72 85.19 83.62 82.05 84.96 88.05 86.93 87.06 87.30 84.20 83.17 83.82 83.97 84.00 84.34 84.54 85.93 87.23 87.19 87.11 85.24 85.46 87.22 88.07 88.05 87.91 88.00 87.89 87.72 87.36 87.33 87.46 87.52 87.44 87.48 87.31 87.38 87.28 87.18 87.08 87.01 87.12 87.05 87.15 86.79 86.69 86.66 86.73 86.74 86.08 85.47 85.66 84.68 84.63 84.80 84.87 84.13 84.63 84.79 84.46 84.44 84.49 84.71 84.68 84.84 84.09 84.19 84.21 84.20 84.76 84.82 84.61 84.22 84.03 84.13 83.89 84.33 84.88 84.62 84.79 85.27 85.27 85.13 84.99 83.91 83.81 84.24 84.50 84.53 84.64 84.49 84.89 85.21 85.15 85.49 85.44 85.38 85.44 85.57 85.59 85.55 85.86 83.70 83.55 83.72 84.45 83.99 85.35 86.81 86.09 86.21 86.16 86.84 87.12 87.06 86.92 87.37 87.54 87.41 87.52 87.54 87.52 87.54 87.54 87.61 87.71 87.77 87.78 87.60 87.44 87.42 87.26
-5°N ||     87.31 87.40 87.47 87.44 87.28 87.74 87.71 87.70 87.75 87.52 87.38 86.98 87.11 87.27 87.41 87.49 87.48 87.22 86.33 86.30 85.77 85.34 84.87 84.28 83.78 83.24 82.73 81.91 80.83 79.36 78.21 78.42 79.33 79.46 79.81 80.04 80.01 80.95 80.26 79.67 79.98 80.27 80.68 84.98 83.12 85.45 83.19 84.11 83.08 82.31 81.89 85.05 86.29 86.82 86.13 82.40 82.76 83.93 86.90 86.36 84.23 84.40 84.53 84.59 85.38 84.95 85.82 85.26 85.36 85.70 86.40 87.06 87.74 86.93 86.90 87.79 87.92 87.83 87.14 87.29 87.72 87.60 87.57 87.48 87.42 87.29 87.14 87.15 87.27 87.18 87.08 87.00 87.09 86.62 86.67 86.82 86.74 86.70 86.29 86.41 85.46 84.43 84.63 84.83 85.19 84.86 84.73 84.65 84.78 84.59 85.22 85.31 85.13 84.32 84.14 84.21 83.96 84.19 83.93 84.52 84.19 84.54 84.26 84.27 84.53 84.31 84.97 84.53 85.13 85.19 85.01 84.42 84.54 83.98 84.48 84.65 85.02 84.90 85.02 85.16 85.04 85.32 85.91 85.98 85.75 85.70 86.52 86.17 85.62 85.35 84.71 84.24 85.11 84.99 84.88 85.50 87.39 86.87 87.90 87.37 87.21 87.03 86.98 87.42 87.42 87.64 87.65 87.61 87.60 87.65 87.67 87.66 87.75 87.74 87.74 87.77 87.78 87.69 87.57 87.44
-3°N ||     87.45 87.42 87.56 87.58 87.49 87.84 87.84 87.79 87.63 87.69 87.21 86.61 87.31 87.73 87.70 87.77 87.12 86.37 87.21 86.81 86.44 85.73 85.56 84.91 84.24 83.68 83.18 82.33 81.70 80.51 79.61 79.45 79.19 79.16 79.90 80.29 80.59 80.74 80.77 80.37 80.18 80.71 81.06 81.88 82.17 82.22 82.82 82.85 82.68 82.38 82.13 81.92 82.40 84.76 84.16 82.92 83.52 84.05 84.41 87.60 84.21 84.98 84.94 85.22 85.35 85.49 86.68 85.88 86.06 86.48 86.75 86.96 88.05 87.33 87.24 87.72 87.57 87.67 87.42 87.46 87.57 87.57 87.73 87.60 87.46 87.37 87.44 87.31 87.29 87.25 87.19 87.07 86.97 86.92 86.77 86.72 86.19 86.71 86.70 86.75 85.75 85.09 84.85 85.03 85.35 84.83 84.97 85.18 85.10 85.11 85.38 85.38 85.06 84.72 84.52 84.05 83.75 85.06 84.82 84.58 84.48 84.60 84.40 84.81 84.21 84.57 84.31 85.04 85.10 85.35 84.86 85.02 84.89 84.74 85.18 86.01 84.79 85.53 85.36 85.05 85.34 85.43 86.31 86.32 85.83 86.69 86.47 85.92 85.55 85.22 84.61 84.83 84.71 84.93 85.19 86.21 87.29 87.43 87.43 87.19 87.50 87.44 87.42 87.37 87.50 87.66 87.58 87.44 87.73 87.75 87.74 87.78 87.80 87.81 87.81 87.81 87.79 87.76 87.63 87.60
-1°N ||     87.64 87.60 87.63 87.71 87.74 87.84 87.85 87.77 87.73 87.45 87.08 86.43 87.49 87.72 87.83 87.57 87.21 87.45 87.37 86.87 86.69 86.36 86.01 85.44 84.82 84.01 83.39 82.72 82.08 81.41 80.46 79.93 78.69 77.37 80.08 80.48 80.73 80.97 81.12 81.14 81.18 81.96 82.30 82.59 82.84 83.38 83.70 83.92 84.18 84.40 83.82 85.19 87.62 82.93 83.06 83.35 84.20 84.55 84.66 86.03 85.03 85.32 85.36 85.34 85.61 85.74 85.72 86.60 86.81 86.84 87.43 87.03 87.95 87.97 87.53 87.54 87.45 87.48 87.52 87.62 87.80 87.75 87.69 87.51 87.54 87.51 87.43 87.31 87.22 87.19 87.23 87.31 87.09 87.03 86.83 86.73 86.06 86.68 86.67 86.73 85.79 85.56 85.35 85.11 85.37 85.28 85.22 85.42 85.48 85.55 85.71 85.68 84.91 84.65 84.62 84.28 83.97 85.10 84.86 84.82 84.85 84.41 84.49 84.26 84.64 84.71 84.90 85.06 85.72 85.54 85.14 84.60 85.11 85.24 85.97 85.93 85.64 86.62 85.44 85.24 85.49 85.67 86.42 86.48 86.55 86.76 86.62 85.48 85.80 85.24 85.10 85.21 86.00 86.08 86.52 87.40 87.60 87.68 87.57 87.55 87.72 87.65 87.52 87.50 87.67 87.61 87.42 87.61 87.73 87.77 87.78 87.79 87.79 87.82 87.82 87.82 87.77 87.78 87.72 87.66
1°N ||     87.68 87.60 87.71 87.80 87.77 87.81 87.85 87.90 87.74 87.56 87.17 87.18 87.64 87.82 87.83 87.73 87.64 87.55 86.81 87.24 86.91 86.91 86.07 85.20 84.61 84.44 83.78 82.91 82.16 81.90 81.51 81.00 79.04 76.74 77.56 80.73 80.88 81.00 81.30 81.60 81.98 82.29 82.51 82.82 83.21 83.72 84.05 84.43 85.02 85.47 83.92 82.88 82.69 83.08 83.39 84.00 84.48 84.95 85.03 85.55 85.26 85.52 86.30 85.51 85.67 85.84 85.68 87.09 86.37 86.74 87.13 87.85 88.16 88.14 87.32 87.45 87.47 87.52 87.31 87.84 87.36 87.82 87.61 87.47 87.58 87.58 87.44 87.29 87.35 87.22 87.20 87.28 87.13 87.12 87.06 86.80 86.70 86.28 86.32 86.08 86.04 86.12 85.83 86.05 85.45 85.19 85.26 85.87 85.68 85.64 85.63 85.15 85.32 85.15 84.70 84.50 84.87 84.85 84.53 85.00 84.78 84.60 84.69 84.71 84.69 84.81 85.01 85.29 85.35 85.59 86.13 85.89 86.47 86.43 86.51 86.46 86.09 86.03 86.28 85.91 86.45 86.54 86.88 86.85 86.93 86.56 85.85 85.77 85.85 85.48 85.78 86.28 87.08 87.31 87.36 87.43 87.61 87.69 87.65 87.72 87.67 87.67 87.61 87.70 87.69 87.62 87.53 87.70 87.75 87.76 87.78 87.80 87.80 87.81 87.82 87.82 87.82 87.80 87.78 87.74
3°N ||     87.82 87.80 87.81 87.84 87.87 87.88 87.87 87.85 87.82 87.57 87.46 87.51 87.84 87.88 87.87 87.81 87.76 87.28 87.09 87.44 87.29 86.55 85.79 84.98 84.27 85.07 84.28 82.35 82.17 82.28 82.15 82.29 81.82 78.78 80.09 81.00 80.78 80.90 81.36 81.79 82.18 82.39 82.57 82.55 83.62 84.07 84.59 84.95 85.33 86.14 86.21 84.53 83.89 84.13 84.54 84.92 85.17 85.30 85.40 85.77 85.69 85.54 85.22 86.38 86.54 86.05 86.23 86.77 86.86 87.11 87.24 87.39 88.00 88.04 87.91 87.78 87.85 87.79 87.71 87.72 87.47 87.43 87.62 87.53 87.47 87.60 87.40 87.23 87.30 87.30 87.36 87.28 87.22 87.13 87.04 86.84 86.79 86.51 86.67 86.45 86.43 86.44 86.43 86.14 86.13 85.43 85.76 86.25 86.69 85.59 85.75 85.44 85.00 84.96 84.81 85.28 85.05 85.05 84.71 85.04 84.85 84.68 84.65 84.78 84.79 84.87 85.14 85.31 85.61 85.76 86.78 87.18 87.37 87.44 87.69 87.45 86.68 86.54 86.32 86.67 86.71 86.92 87.05 86.92 86.84 86.28 86.22 86.02 85.85 85.48 86.54 87.41 87.35 87.23 87.30 87.59 87.65 87.70 87.72 87.75 87.65 87.74 87.71 87.73 87.72 87.65 87.69 87.74 87.75 87.76 87.77 87.79 87.80 87.80 87.80 87.81 87.82 87.83 87.83 87.83
5°N ||     87.82 87.85 87.91 87.85 87.89 87.90 87.88 87.88 87.85 87.74 87.68 87.64 87.88 87.91 87.91 87.88 87.63 87.13 87.61 87.54 87.15 86.02 85.29 84.81 85.13 85.26 85.00 83.70 82.27 82.19 82.40 82.82 83.07 82.75 81.89 81.31 80.62 80.45 81.48 82.04 82.42 82.63 82.73 82.50 83.82 84.65 85.07 85.39 85.85 86.57 86.87 85.05 85.02 85.36 85.59 85.82 85.76 85.81 85.88 86.09 86.46 85.91 85.46 85.66 85.99 86.55 86.81 86.94 87.00 87.29 87.55 87.91 87.57 87.78 88.03 87.93 87.77 87.56 87.48 87.49 87.39 87.55 87.46 87.52 87.62 87.51 87.48 87.28 87.34 87.29 87.24 87.26 87.04 86.99 86.95 86.92 86.88 86.90 86.74 86.48 86.46 86.45 86.34 86.43 86.32 86.27 86.35 86.22 86.33 85.40 85.60 84.74 84.95 84.83 85.06 84.89 84.93 85.09 85.01 85.00 84.85 84.71 84.59 84.64 85.26 84.96 85.12 85.45 85.84 86.40 87.14 87.98 88.02 88.02 88.01 87.96 87.82 87.32 87.12 87.02 87.00 87.22 87.10 86.86 86.89 86.42 86.20 86.24 85.63 85.74 87.40 87.34 87.45 87.47 87.54 87.57 87.68 87.71 87.74 87.75 87.73 87.72 87.74 87.74 87.74 87.74 87.74 87.73 87.75 87.76 87.76 87.78 87.79 87.80 87.80 87.81 87.82 87.83 87.83 87.84
7°N ||     87.84 87.85 87.87 87.87 87.89 87.90 87.90 87.89 87.88 87.82 87.74 87.83 87.92 87.94 87.94 87.89 87.58 87.75 87.72 87.55 86.86 86.18 86.30 85.97 85.77 85.70 85.30 84.42 81.89 82.04 82.39 83.19 83.47 83.22 82.59 81.73 79.75 79.73 81.93 82.38 82.65 82.82 82.94 83.20 84.39 84.82 85.18 85.60 86.03 86.50 86.91 86.97 85.77 85.73 85.72 85.77 85.95 86.14 86.31 86.45 86.52 86.26 85.69 86.24 86.72 86.82 87.08 87.17 87.23 87.41 87.62 87.93 88.05 87.94 88.02 87.61 87.57 87.52 87.75 87.77 87.72 87.52 87.56 87.58 87.51 87.38 87.38 87.27 87.35 87.21 87.28 87.22 87.19 87.24 86.94 86.85 86.75 86.90 86.64 86.32 86.32 86.39 86.51 86.33 86.27 86.52 85.97 86.71 86.34 86.41 85.85 85.36 85.23 84.69 84.81 84.93 84.83 85.01 85.02 85.05 84.81 84.87 84.62 85.20 85.66 84.86 85.14 85.56 86.40 87.36 87.96 88.04 88.03 88.03 88.03 88.01 88.00 87.89 87.37 87.34 87.39 87.27 87.00 87.06 86.44 86.04 86.19 86.61 86.28 86.25 87.32 87.51 87.56 87.61 87.63 87.62 87.72 87.75 87.73 87.75 87.76 87.73 87.74 87.74 87.75 87.75 87.74 87.74 87.73 87.74 87.74 87.72 87.77 87.79 87.78 87.81 87.83 87.83 87.84 87.85
9°N ||     87.86 87.88 87.83 87.85 87.90 87.90 87.90 87.90 87.92 87.84 87.78 87.90 87.95 87.96 87.95 87.84 87.76 87.84 87.70 87.32 87.21 86.96 86.85 86.64 86.37 85.99 85.60 84.56 82.42 82.33 82.89 83.74 83.73 83.94 83.48 82.14 79.18 77.60 81.24 82.66 82.81 83.03 83.25 83.64 84.30 84.83 85.26 85.72 86.07 86.55 86.92 87.00 86.78 86.03 85.94 85.96 86.12 86.31 86.46 86.65 86.82 86.70 86.47 86.54 86.76 87.13 87.42 87.45 87.49 87.66 87.92 87.95 87.93 88.04 87.73 87.71 87.74 87.69 87.78 87.58 87.58 87.54 87.50 87.56 87.59 87.50 87.44 87.53 87.44 87.45 87.31 87.25 87.13 87.19 87.05 87.25 86.89 86.76 86.68 86.71 86.64 86.19 85.91 85.82 86.42 86.61 86.68 86.14 86.05 85.86 85.79 85.79 85.58 85.78 85.40 85.09 84.94 84.99 84.99 84.69 84.90 84.82 84.49 85.97 85.00 84.86 85.30 85.87 86.78 87.72 88.00 88.06 88.06 88.06 88.04 88.03 88.01 87.97 87.84 87.67 87.54 87.48 87.00 86.73 86.70 86.59 87.00 87.20 87.05 87.07 87.45 87.62 87.67 87.61 87.72 87.76 87.73 87.73 87.70 87.71 87.81 87.68 87.67 87.69 87.73 87.75 87.71 87.72 87.69 87.69 87.69 87.76 87.77 87.79 87.77 87.81 87.83 87.84 87.85 87.85
11°N ||     87.87 87.87 87.87 87.87 87.92 87.92 87.93 87.92 87.95 87.93 87.91 87.97 87.98 87.97 87.96 87.95 87.85 87.86 87.70 87.46 87.34 87.22 86.97 86.68 86.34 86.04 85.49 84.54 83.73 84.04 83.98 83.97 83.99 84.01 84.12 83.99 79.77 74.88 76.24 82.62 82.96 83.20 83.48 83.86 84.30 84.89 85.43 85.82 86.25 86.55 86.86 87.03 86.99 86.28 86.15 86.13 86.28 86.47 86.58 86.74 86.88 86.59 86.48 86.89 87.17 87.36 87.60 87.69 87.76 87.72 88.03 87.99 87.71 88.05 87.92 87.69 87.96 87.64 87.57 87.65 87.56 87.52 87.44 87.41 87.50 87.53 87.58 87.53 87.48 87.41 87.32 87.27 87.28 87.28 87.33 87.05 87.17 86.75 86.83 86.90 86.77 86.71 86.34 85.87 86.59 86.49 87.26 86.43 86.89 85.78 86.05 85.98 85.92 86.14 85.77 85.21 84.93 85.21 85.45 84.86 85.06 84.94 84.70 84.57 84.75 85.22 85.65 86.25 87.21 87.82 88.05 88.07 88.08 88.06 88.03 88.03 88.00 87.99 87.90 87.74 87.65 87.07 87.25 87.10 86.89 87.26 87.47 87.56 87.55 87.58 87.66 87.73 87.79 87.80 87.75 87.78 87.75 87.76 87.69 87.65 87.59 87.51 87.54 87.57 87.61 87.64 87.65 87.65 87.66 87.74 87.45 87.71 87.76 87.76 87.76 87.83 87.84 87.83 87.71 87.84
13°N ||     87.85 87.89 87.79 87.78 87.92 87.91 87.94 87.95 87.96 87.97 87.98 88.00 88.00 87.99 87.98 87.95 87.92 87.84 87.43 87.47 87.39 87.12 86.91 86.73 86.31 85.91 85.54 85.09 84.28 84.27 84.14 84.13 84.12 84.23 84.42 84.58 83.81 76.59 77.65 81.76 82.74 83.41 83.79 84.07 81.24 85.18 85.63 85.98 86.34 86.55 86.91 87.01 87.04 86.39 86.29 86.36 86.50 86.63 86.72 86.82 86.86 86.92 87.05 86.94 87.32 87.64 87.74 87.81 87.84 87.99 88.02 87.99 87.84 87.80 87.75 87.94 87.79 87.74 87.56 87.41 87.41 87.51 87.45 87.50 87.49 87.49 88.02 87.51 87.79 87.43 87.28 87.32 87.32 87.42 87.36 87.01 87.03 87.08 87.16 87.19 87.13 86.64 86.47 86.56 86.69 86.83 86.68 86.92 87.28 86.36 86.33 86.65 86.19 86.09 85.92 85.69 85.42 85.56 85.72 85.65 85.48 85.09 84.98 85.01 85.11 85.36 85.87 86.63 87.43 87.84 88.06 88.07 88.06 88.05 88.03 88.03 88.01 88.00 87.93 87.80 87.73 87.43 87.51 87.55 87.54 87.58 87.57 87.73 87.67 87.76 87.79 87.81 87.85 87.88 87.89 87.83 87.82 87.75 87.63 87.44 87.18 87.03 87.24 87.25 87.40 87.49 87.52 87.60 87.59 87.60 87.62 87.53 87.75 87.75 87.78 87.78 87.83 87.81 87.49 87.71
15°N ||     87.86 87.90 87.90 87.94 87.93 87.91 87.96 87.98 87.99 88.00 88.01 88.03 88.03 88.02 88.02 87.98 87.85 87.72 87.49 87.49 86.95 83.61 79.33 78.78 81.00 85.76 85.40 85.26 84.97 84.45 84.36 84.24 84.26 84.34 84.44 84.54 84.55 83.27 81.35 81.71 82.96 83.61 84.04 84.32 84.81 85.51 85.79 86.11 86.36 86.54 86.84 87.01 87.08 86.48 86.49 86.47 86.59 86.74 86.83 86.85 86.92 86.92 86.86 87.18 87.67 87.77 87.83 87.87 87.88 87.98 88.04 88.01 87.93 87.86 87.95 87.84 87.78 87.75 87.69 87.65 87.66 87.54 87.19 87.88 87.55 87.50 87.54 87.49 87.50 87.50 87.73 87.53 87.36 87.31 87.24 87.18 87.22 87.27 87.31 87.39 87.25 87.24 86.82 86.74 86.84 86.87 86.68 87.32 87.09 86.11 86.42 86.47 86.54 86.59 86.04 85.96 85.71 85.53 85.63 85.65 85.42 85.54 85.33 85.39 85.54 85.72 86.13 86.99 87.64 88.04 88.05 88.04 88.06 88.04 88.03 88.02 88.00 87.99 87.94 87.84 87.77 87.73 87.68 87.66 87.64 87.66 87.69 87.74 87.81 87.83 87.86 87.89 87.89 87.91 87.91 87.90 87.84 87.73 87.51 87.21 86.90 86.68 86.43 86.68 86.88 87.28 87.42 87.50 87.51 87.55 87.58 87.60 87.68 87.74 87.75 87.77 87.79 87.85 87.69 88.00
17°N ||     87.89 87.92 87.93 87.95 87.84 87.95 87.96 87.98 88.01 88.02 88.03 88.05 88.06 88.05 88.06 87.90 87.79 87.76 87.61 87.61 86.28 78.49 75.18 74.18 76.66 83.25 85.34 85.29 85.55 84.99 84.67 84.38 84.31 84.38 84.46 84.57 84.58 84.35 83.23 83.10 83.59 83.83 84.13 84.42 84.90 85.55 85.93 86.23 86.45 86.63 86.77 87.09 87.03 86.29 86.34 86.63 86.69 86.79 86.84 86.89 86.96 87.07 87.24 87.59 87.71 87.84 87.89 87.94 87.99 88.00 87.97 88.01 87.99 87.95 87.97 87.89 87.79 87.81 87.77 87.64 87.57 87.39 87.56 87.71 87.49 87.53 87.54 87.96 87.51 87.60 87.53 87.49 87.30 87.29 87.37 87.44 87.38 87.40 87.39 87.48 87.47 87.37 87.10 87.00 87.23 87.20 87.21 87.16 86.61 86.34 86.55 86.59 86.42 86.24 86.17 86.07 85.80 85.12 85.52 85.66 85.71 85.69 85.62 85.69 85.77 85.96 86.78 87.13 87.69 88.00 88.04 88.05 88.04 88.03 88.02 88.02 88.01 87.98 87.94 87.90 87.84 87.86 87.81 87.81 87.80 87.84 87.85 87.87 87.89 87.91 87.93 87.93 87.93 87.95 87.94 87.94 87.89 87.72 87.51 86.99 86.57 86.12 85.80 85.82 86.24 87.08 87.33 87.38 87.38 87.46 87.54 87.62 87.69 87.73 87.72 87.77 87.86 87.86 87.83 87.89
19°N ||     87.89 87.93 87.95 87.97 87.98 87.96 87.97 87.99 88.02 88.04 88.06 88.07 88.08 88.08 88.09 87.93 87.81 87.70 87.34 87.51 86.78 78.61 75.26 74.52 76.30 83.29 85.65 85.81 85.85 85.68 85.04 84.53 84.25 84.18 84.20 84.48 84.64 84.61 84.11 83.94 84.03 84.10 84.20 84.41 84.75 85.35 86.03 86.31 86.56 86.65 86.77 87.13 86.89 86.96 86.28 86.51 86.70 86.77 86.88 86.90 87.03 87.08 87.40 87.71 87.83 87.90 87.97 87.99 88.04 88.04 88.07 88.04 88.03 88.01 87.99 87.89 87.85 87.86 87.94 87.69 87.60 87.53 87.55 87.61 87.94 87.45 87.51 87.39 87.50 87.55 87.56 87.56 87.69 87.46 87.44 87.50 87.45 87.45 87.44 87.48 87.49 87.27 87.77 87.27 87.40 87.03 86.84 87.15 86.83 86.74 86.58 86.44 86.20 86.14 86.17 86.45 85.64 85.87 85.61 85.98 86.18 86.40 85.73 85.78 85.88 86.11 86.68 86.50 87.47 87.81 87.96 88.03 88.02 88.01 88.01 88.00 87.99 87.98 87.96 87.94 87.94 87.93 87.96 87.93 87.94 87.93 87.95 87.95 87.96 87.97 87.98 87.97 88.00 87.99 87.99 87.96 87.91 87.72 87.35 86.75 85.94 85.45 85.31 85.62 85.68 84.74 87.07 87.22 87.31 87.40 87.51 87.61 87.69 87.74 87.75 87.83 87.72 87.89 87.87 87.91
21°N ||     87.98 87.96 87.95 87.99 88.02 88.02 88.01 88.03 88.06 88.07 88.09 88.09 88.10 88.11 88.11 87.93 87.81 87.50 87.37 87.58 87.38 80.44 78.30 77.49 79.17 85.14 86.19 86.19 86.08 85.78 85.32 84.74 84.24 83.98 83.79 83.69 84.59 84.61 84.43 84.27 84.23 84.25 84.31 84.45 84.74 85.32 86.15 86.30 86.45 86.63 86.64 86.95 87.16 87.24 86.42 86.51 86.57 86.72 86.78 86.95 87.07 87.11 87.57 87.73 87.84 88.00 88.02 88.03 88.06 88.07 88.07 88.06 88.03 88.03 88.01 87.93 87.91 87.92 87.82 87.69 87.65 87.72 87.66 87.60 87.44 87.53 87.64 87.52 87.55 87.59 87.54 87.54 87.49 87.46 87.56 87.52 87.47 87.49 87.48 87.48 87.51 87.33 87.17 87.42 87.06 87.20 87.34 86.44 86.85 87.18 86.40 86.18 86.15 86.25 86.27 86.47 85.97 85.98 84.96 86.29 86.36 86.31 85.51 85.72 86.05 86.11 86.62 86.42 86.92 87.38 87.78 87.83 87.93 87.95 87.95 87.99 87.99 87.98 87.98 87.98 87.98 88.00 88.00 88.00 88.00 88.00 88.01 88.02 88.02 88.01 88.02 88.01 88.02 88.00 88.01 88.01 87.97 87.75 87.27 86.33 85.31 85.08 84.97 84.95 85.48 86.20 86.80 87.03 87.19 87.37 87.52 87.61 87.68 87.72 87.79 87.81 87.70 87.90 87.90 87.93
23°N ||     87.97 87.99 88.00 88.02 88.03 88.05 88.06 88.08 88.09 88.10 88.11 88.11 88.12 88.12 88.12 87.95 87.75 87.43 87.58 87.69 87.70 85.80 83.67 82.74 85.69 86.93 86.54 86.43 86.22 85.69 85.21 84.76 84.34 83.87 83.60 83.51 84.30 84.62 84.54 84.27 84.26 84.04 84.32 84.51 84.55 85.53 85.83 86.13 86.27 86.46 86.58 86.72 86.94 87.20 86.97 86.67 87.33 87.77 87.66 87.23 87.12 86.96 87.59 87.74 87.86 88.00 88.04 88.06 88.08 88.09 88.07 88.09 88.03 88.11 88.05 88.00 87.98 87.99 87.97 87.83 87.70 87.55 87.43 87.57 87.50 87.52 87.55 87.58 87.57 87.48 87.60 87.62 87.58 87.53 87.62 87.64 87.71 87.37 87.59 87.57 87.49 87.36 87.20 87.36 87.37 87.32 87.32 87.10 86.82 87.00 86.70 86.37 86.38 86.17 86.15 86.21 86.36 85.96 85.18 86.20 86.34 86.10 87.08 86.71 86.02 85.96 86.29 86.54 86.66 87.11 87.41 87.60 87.73 87.82 87.90 87.96 87.98 87.99 88.01 88.01 88.01 88.05 88.03 88.05 88.06 88.07 88.08 88.07 88.10 88.08 88.09 88.08 88.07 88.07 88.08 88.06 88.04 87.81 87.22 86.20 85.46 84.98 84.78 83.11 83.97 85.53 86.47 86.92 87.22 87.37 87.52 87.62 87.71 87.76 87.83 87.79 87.88 87.90 87.83 87.96
25°N ||     87.99 88.00 88.00 88.04 88.07 88.07 88.09 88.09 88.10 88.11 88.12 88.12 88.12 88.12 88.13 87.97 87.69 87.55 87.58 87.49 87.71 87.64 87.64 87.63 87.41 87.08 86.34 86.56 86.04 85.50 84.97 84.64 84.17 83.77 83.53 83.03 83.09 84.52 84.60 84.26 84.36 84.27 84.38 83.60 84.87 85.57 85.96 86.10 86.20 86.31 86.14 86.53 86.57 87.30 86.55 86.62 86.70 86.64 87.40 87.83 87.86 87.35 87.66 87.92 87.99 88.05 88.07 88.08 88.09 88.10 88.10 88.09 88.08 88.06 88.01 88.03 88.02 88.04 88.07 87.91 87.84 87.64 87.59 87.67 87.65 87.61 87.64 87.61 87.63 87.52 87.59 87.70 87.61 87.62 87.63 87.71 87.67 87.60 87.54 87.59 87.34 87.37 87.46 87.38 87.25 87.53 87.45 87.05 87.27 87.17 86.75 86.97 86.89 86.82 87.17 86.29 86.53 85.63 85.93 85.34 85.77 85.69 85.73 86.01 86.05 86.18 86.09 86.03 86.74 86.51 87.32 87.60 87.59 87.75 87.91 87.98 88.00 88.04 88.05 88.06 88.08 88.08 88.10 88.12 88.14 88.17 88.18 88.19 88.19 88.17 88.15 88.15 88.15 88.14 88.12 88.10 88.06 88.02 87.54 86.65 85.38 84.93 83.15 77.45 82.88 85.37 86.50 86.99 87.20 87.39 87.59 87.60 87.73 87.79 87.87 87.88 87.91 87.90 87.96 87.97
27°N ||     88.03 88.04 88.05 88.04 88.09 88.07 88.11 88.12 88.12 88.12 88.12 88.12 88.12 88.13 88.13 88.01 87.74 87.56 87.59 87.56 87.53 87.58 87.19 87.34 87.36 87.19 86.94 86.22 85.76 85.35 84.83 84.46 84.09 83.69 83.05 82.97 83.28 84.69 84.90 84.46 84.63 84.60 84.64 83.59 84.50 85.54 85.87 86.02 86.11 85.95 85.72 85.86 86.63 86.96 87.27 87.43 87.34 87.57 87.64 87.86 87.66 87.21 87.99 88.02 88.05 88.06 88.06 88.08 88.11 88.11 88.07 88.10 88.10 88.08 88.03 88.09 88.05 88.06 88.08 88.08 87.91 87.84 87.78 87.75 87.76 87.68 87.62 87.58 87.63 87.63 87.65 87.67 87.63 87.61 87.65 87.58 87.68 87.64 87.48 87.35 87.66 87.28 87.45 87.46 87.02 87.63 86.68 87.15 87.28 87.07 87.04 87.12 87.07 86.96 86.88 87.01 86.85 87.36 86.48 86.11 86.40 87.05 86.00 86.31 86.41 85.76 85.47 86.36 86.95 86.61 87.38 87.53 87.71 87.87 87.97 88.02 88.06 88.06 88.08 88.10 88.12 88.15 88.17 88.21 88.25 88.26 88.27 88.26 88.26 88.23 88.22 88.22 88.19 88.16 88.13 88.11 88.08 88.03 87.87 86.88 85.83 85.13 84.25 83.55 84.30 86.13 86.87 87.14 87.29 87.45 87.50 87.72 87.78 87.83 87.89 87.93 87.93 87.94 87.98 88.01
29°N ||     88.06 88.07 88.09 88.10 88.12 88.12 88.13 88.13 88.14 88.13 88.13 88.14 88.14 88.10 88.14 88.12 87.96 87.67 87.49 87.51 87.52 87.53 87.16 87.08 87.48 87.28 86.57 86.10 85.65 85.17 84.74 84.35 84.08 83.66 82.51 82.86 83.81 84.71 84.84 84.63 84.94 84.99 84.95 85.07 85.31 85.57 85.90 86.08 86.07 85.62 85.74 86.04 86.08 86.99 87.08 87.19 87.21 87.53 87.60 87.73 87.71 87.84 87.96 87.90 87.83 88.02 88.04 88.07 88.10 88.12 88.10 88.12 88.11 88.13 88.12 88.11 88.08 88.09 88.11 88.12 88.11 87.94 87.88 87.82 87.84 87.72 87.66 88.22 87.67 87.64 87.69 87.77 87.68 87.68 87.57 87.61 87.68 87.66 87.52 87.50 87.41 87.47 87.45 87.48 87.28 87.14 86.87 87.05 87.10 86.85 87.09 87.04 87.26 87.49 87.44 87.43 87.08 86.53 86.43 86.36 86.62 86.31 86.14 86.29 85.99 86.52 87.26 87.52 87.49 87.59 87.67 87.75 87.92 87.96 88.01 88.06 88.08 88.11 88.14 88.17 88.20 88.23 88.28 88.32 88.34 88.39 88.37 88.31 88.34 88.30 88.28 88.25 88.22 88.18 88.15 88.14 88.11 88.08 87.97 87.54 86.84 86.14 85.46 85.41 86.00 86.93 87.17 87.28 87.38 87.49 87.67 87.75 87.83 87.89 87.94 87.97 87.98 87.99 88.03 88.05
31°N ||     88.12 88.10 88.13 88.13 88.13 88.13 88.14 88.15 88.15 88.15 88.14 88.15 88.15 88.15 88.14 88.13 88.04 87.90 87.82 87.80 87.72 87.66 87.47 87.46 87.59 86.74 86.38 86.00 85.44 85.08 84.66 84.54 83.99 83.70 83.22 83.26 83.85 84.77 84.81 84.81 85.04 85.16 85.33 85.34 85.49 85.68 85.88 86.11 86.00 85.38 86.02 86.17 86.25 86.53 86.67 86.84 87.08 87.15 87.30 87.69 87.52 87.81 87.86 87.91 87.98 87.99 88.03 88.06 88.07 88.12 88.12 88.12 88.14 88.16 88.15 88.17 88.11 88.13 88.14 88.12 88.12 88.09 87.99 88.06 87.93 87.85 87.74 87.64 87.71 87.75 87.77 87.72 87.68 87.63 87.81 87.71 87.63 87.53 87.48 87.62 87.40 87.43 87.53 87.52 87.34 87.31 86.99 86.99 87.14 86.98 86.92 86.88 87.27 87.42 87.36 87.35 86.96 86.58 86.78 86.81 86.74 87.25 86.41 86.25 86.75 86.56 86.98 87.61 87.55 87.66 87.77 87.91 87.94 88.00 88.04 88.08 88.12 88.16 88.22 88.26 88.29 88.33 88.50 88.41 88.46 88.49 88.47 88.43 88.40 88.35 88.30 88.27 88.32 88.21 88.21 88.18 88.15 88.12 88.04 87.93 87.59 87.32 87.12 87.07 86.82 86.42 87.40 87.41 87.48 87.56 87.36 88.03 87.91 87.70 88.00 87.91 88.03 88.04 88.05 88.10
33°N ||     88.15 88.03 88.13 88.14 88.15 88.15 88.15 88.16 88.15 88.16 88.16 88.16 88.16 88.16 88.17 88.16 88.15 88.05 87.89 87.64 87.70 87.70 87.73 87.68 87.10 86.54 86.24 85.84 85.56 84.87 84.51 84.20 83.77 83.39 83.08 83.18 83.76 84.64 84.97 85.07 85.24 85.40 85.47 85.56 85.44 85.66 85.65 85.51 85.49 85.65 86.02 86.30 86.36 86.28 86.60 86.96 87.12 87.19 87.16 87.23 87.21 87.23 87.57 87.90 87.91 88.03 88.05 88.07 88.08 88.11 88.14 88.18 88.18 88.18 88.17 88.21 88.19 88.19 88.19 88.14 88.17 88.17 88.11 88.04 87.97 87.88 87.80 87.73 87.82 87.75 87.74 87.60 87.71 87.71 87.71 87.63 87.66 87.52 87.62 87.64 87.34 87.30 87.45 87.22 87.65 87.09 87.15 86.92 87.13 86.68 86.47 86.71 87.12 87.25 87.15 86.89 86.87 87.02 86.81 87.26 87.17 87.25 87.20 86.71 86.99 87.38 87.43 87.64 87.73 87.85 87.89 87.96 88.00 88.04 88.08 88.12 88.17 88.24 88.29 88.32 88.39 88.43 88.48 88.53 88.61 88.52 88.48 88.47 88.44 88.31 88.34 88.32 88.28 88.24 88.19 88.23 88.22 88.18 88.14 88.10 88.04 87.97 87.92 87.82 87.59 87.21 87.70 87.61 87.57 87.67 87.70 87.90 87.97 88.00 88.04 88.06 88.07 88.10 88.12 88.14
35°N ||     88.18 88.17 88.17 88.16 88.16 88.16 88.17 88.16 88.16 88.17 88.17 88.17 88.17 88.17 88.18 88.16 88.17 88.15 88.03 87.12 87.58 87.67 87.60 87.25 86.34 86.53 86.21 85.81 85.30 84.68 84.13 83.53 82.96 82.69 82.51 82.44 82.85 83.49 84.59 85.26 85.47 85.56 85.63 85.60 84.88 85.11 85.79 86.00 85.71 85.59 86.01 85.90 85.73 85.93 86.43 86.95 87.15 87.27 87.28 87.32 87.34 87.31 87.56 87.89 88.01 88.04 88.06 88.06 88.09 88.12 88.13 88.20 88.18 88.21 88.22 88.25 88.24 88.27 88.24 88.21 88.20 88.18 88.18 88.03 87.99 87.92 87.89 87.86 87.81 87.83 87.66 87.68 87.70 87.78 87.85 87.61 87.63 87.58 87.65 87.57 87.55 87.52 87.50 87.46 87.42 87.20 87.04 87.46 87.00 86.53 87.17 86.64 86.70 86.60 86.48 86.41 86.68 86.86 86.97 87.42 87.46 87.40 87.71 87.63 87.55 87.69 87.70 87.74 87.83 87.89 87.95 88.00 88.02 88.07 88.10 88.16 88.21 88.29 88.35 88.42 88.45 88.49 88.59 88.64 88.68 88.65 88.58 88.57 88.47 88.45 88.39 88.28 88.32 88.27 88.26 88.25 88.23 88.20 88.19 88.16 88.14 88.09 88.07 88.05 88.00 87.97 87.90 87.79 87.73 87.75 87.76 87.87 87.88 88.02 88.05 88.07 88.10 88.15 88.18 88.19
37°N ||     88.22 88.18 88.18 88.16 88.18 88.17 88.18 88.18 88.17 88.17 88.18 88.18 88.18 88.17 88.16 88.16 88.15 88.13 88.12 87.62 87.60 87.54 87.36 87.07 86.54 86.58 86.24 85.85 85.38 84.39 83.33 82.59 81.88 81.45 81.43 81.77 82.13 82.24 83.20 84.47 85.38 85.76 85.81 85.77 85.66 85.49 85.65 85.83 85.99 86.36 85.71 85.56 85.41 85.22 85.87 86.59 87.12 87.23 87.26 87.25 87.32 87.28 87.69 87.92 88.00 88.04 88.06 88.08 88.09 88.14 88.15 88.18 88.20 88.24 88.25 88.29 88.32 88.31 88.30 88.26 88.28 88.26 88.23 88.21 88.15 88.11 88.09 88.05 87.97 88.06 87.81 87.76 87.69 87.67 87.74 87.68 87.70 87.78 87.62 87.72 87.65 87.74 87.59 87.78 87.65 87.61 87.37 87.24 87.10 86.80 86.65 86.54 86.53 86.31 86.32 86.32 86.51 87.08 87.73 87.62 87.52 87.41 87.54 87.46 87.70 87.75 87.78 87.79 87.90 87.94 87.99 88.04 88.07 88.09 88.16 88.22 88.25 88.33 88.40 88.51 88.55 88.64 88.71 88.72 88.74 88.75 88.71 88.63 88.61 88.52 88.48 88.43 88.40 88.33 88.38 88.36 88.29 88.23 88.23 88.18 88.14 88.12 88.06 88.04 87.99 87.98 87.93 87.87 87.83 87.83 87.81 87.90 87.87 88.05 88.07 88.09 88.14 88.16 88.19 88.19
39°N ||     88.20 88.19 88.20 88.19 88.10 88.19 88.19 88.14 88.19 88.18 88.17 88.18 88.16 88.16 88.15 88.14 88.14 88.15 88.10 87.99 87.37 87.30 87.42 87.13 87.12 86.67 86.41 86.06 85.20 83.80 82.51 81.43 80.75 80.66 80.33 80.56 81.72 81.93 82.35 83.54 84.98 85.79 85.95 85.90 85.61 85.72 85.54 84.66 85.77 85.85 85.82 85.64 85.25 84.95 85.33 86.11 86.82 87.07 87.19 87.17 87.47 87.50 87.53 87.82 88.01 88.05 88.06 88.07 88.11 88.14 88.18 88.22 88.23 88.28 88.31 88.34 88.36 88.38 88.38 88.44 88.31 88.31 88.30 88.28 88.24 88.13 88.16 88.10 88.02 88.00 87.96 87.86 87.85 87.83 87.82 87.74 87.68 87.66 87.80 87.74 87.76 88.02 87.76 87.58 87.85 87.52 87.45 87.40 87.29 87.30 87.05 86.65 87.46 86.46 86.50 86.89 86.69 86.94 87.68 87.71 87.72 87.72 87.73 87.78 87.79 87.82 87.85 87.90 87.93 87.98 88.02 88.07 88.08 88.15 88.19 88.25 88.30 88.35 88.47 88.50 88.70 88.77 88.79 88.79 88.78 88.79 88.73 88.71 88.65 88.69 88.57 88.54 88.46 88.44 88.41 88.39 88.35 88.26 88.19 88.20 88.15 88.13 88.09 88.04 88.00 87.99 87.96 87.93 87.91 87.89 87.88 87.79 87.48 88.07 88.08 88.09 88.14 88.18 88.20 88.19
41°N ||     88.20 88.21 88.21 88.21 88.20 88.19 88.18 88.19 88.18 88.18 88.18 88.18 88.17 88.18 88.15 88.16 88.14 88.09 88.06 87.99 87.87 87.75 87.59 87.45 87.23 86.95 86.72 86.15 85.13 83.59 82.16 81.30 80.99 80.91 80.22 80.58 81.57 82.11 82.67 83.90 85.17 85.89 85.98 85.94 85.23 85.82 85.63 85.25 85.59 85.48 85.50 85.35 85.34 85.49 85.76 85.98 86.56 87.05 87.07 87.02 87.29 87.51 87.53 87.77 87.97 88.07 88.09 88.07 88.12 88.16 88.19 88.24 88.27 88.31 88.36 88.41 88.44 88.45 88.45 88.44 88.42 88.41 88.36 88.45 88.44 88.28 88.21 88.19 88.12 88.13 88.01 88.10 88.03 87.96 87.98 87.86 87.79 87.92 87.72 87.81 88.05 88.05 88.04 87.68 87.80 87.38 87.24 87.55 87.58 87.47 87.32 87.44 87.82 87.70 87.20 87.37 87.76 87.22 87.75 87.71 87.74 87.74 87.84 87.86 87.89 87.86 87.91 87.92 87.98 88.03 88.05 88.07 88.11 88.15 88.24 88.29 88.36 88.41 88.58 88.65 88.71 88.82 88.83 88.82 88.80 88.77 88.78 88.76 88.73 88.66 88.62 88.63 88.62 88.54 88.48 88.41 88.35 88.32 88.27 88.22 88.17 88.12 88.09 88.06 88.01 88.01 88.00 87.97 87.97 87.93 87.73 87.83 87.73 88.04 88.08 88.12 88.13 88.18 88.18 88.20
43°N ||     88.20 88.22 88.22 88.21 88.20 88.20 88.20 88.19 88.19 88.19 88.18 88.20 88.19 88.19 88.16 88.15 88.12 88.08 88.01 87.92 87.83 87.74 87.63 87.51 87.35 87.19 86.91 86.59 85.77 84.59 83.21 82.14 81.64 81.48 81.37 81.50 82.06 82.44 84.24 85.45 86.12 86.32 86.14 86.09 86.12 85.56 85.88 85.14 85.53 85.58 85.48 85.64 84.96 85.56 86.22 86.08 86.30 86.86 87.12 87.38 87.36 87.40 87.53 87.78 87.97 88.08 88.12 88.13 88.16 88.19 88.25 88.28 88.35 88.39 88.60 88.45 88.50 88.47 88.51 88.52 88.49 88.48 88.41 88.42 88.45 88.33 88.30 88.22 88.20 88.21 88.17 88.14 88.14 88.10 88.04 87.95 87.90 87.86 87.99 88.03 88.07 88.05 87.89 88.02 87.89 88.01 87.96 88.00 87.41 87.35 87.19 87.78 87.30 87.12 87.81 87.83 87.78 87.73 87.74 87.81 87.82 87.83 87.94 88.02 87.92 87.92 87.94 88.00 88.04 88.06 88.04 88.11 88.11 88.17 88.24 88.33 88.40 88.42 88.57 88.68 88.77 88.82 88.78 88.69 88.81 88.77 88.74 88.69 88.79 88.60 88.62 88.61 88.56 88.53 88.54 88.46 88.39 88.36 88.25 88.22 88.17 88.12 88.07 88.06 88.04 88.02 88.00 88.01 88.00 87.96 87.89 87.82 87.67 88.02 88.11 88.12 88.17 88.18 88.20 88.22
45°N ||     88.24 88.24 88.22 88.22 88.22 88.21 88.21 88.19 88.19 88.20 88.20 88.18 88.18 88.17 88.16 88.13 88.09 88.04 87.97 87.90 87.81 87.73 87.65 87.57 87.50 87.40 87.25 87.01 86.52 85.71 85.07 84.57 84.40 82.82 82.15 81.97 82.61 84.04 85.09 85.93 86.36 86.53 86.52 86.62 86.77 86.92 86.98 86.73 85.92 85.45 84.98 85.47 86.22 86.16 86.17 86.45 87.13 86.97 87.13 87.44 87.53 87.68 87.76 87.87 87.98 88.10 88.11 88.16 88.20 88.24 88.27 88.35 88.40 88.46 88.46 88.55 88.55 88.56 88.62 88.62 88.53 88.55 88.52 88.50 88.46 88.42 88.33 88.35 88.30 88.23 88.22 88.25 88.18 88.14 88.14 88.11 88.03 87.98 88.07 88.07 87.97 87.90 87.84 88.04 87.91 88.01 88.02 88.03 87.85 87.74 87.48 87.82 87.74 87.69 87.84 87.76 87.70 87.82 87.84 87.87 87.86 87.92 87.94 87.98 87.98 88.00 88.01 88.02 88.05 88.07 88.09 88.10 88.17 88.20 88.30 88.37 88.45 88.55 88.59 88.68 88.75 88.83 88.82 88.82 88.80 88.73 88.75 88.76 88.73 88.72 88.65 88.68 88.64 88.51 88.55 88.52 88.44 88.33 88.23 88.19 88.17 88.10 88.07 88.06 88.05 88.04 88.04 88.04 88.03 88.02 87.99 87.92 87.78 88.06 88.07 88.09 88.15 88.20 88.21 88.23
47°N ||     88.24 88.24 88.24 88.22 88.22 88.22 88.21 88.21 88.19 88.21 88.20 88.19 88.19 88.17 88.13 88.12 88.06 88.01 87.96 87.90 87.81 87.77 87.71 87.67 87.61 87.55 87.44 87.37 87.21 86.95 86.66 86.53 86.54 86.49 85.44 85.21 85.88 86.21 86.27 86.32 86.50 86.60 86.58 86.65 86.85 87.02 87.04 87.00 85.89 85.54 86.08 86.52 87.14 86.84 86.96 87.39 87.18 87.60 87.18 87.41 87.59 87.74 87.87 87.98 88.07 88.12 88.16 88.18 88.25 88.27 88.34 88.40 88.43 88.49 88.52 88.51 88.46 88.38 88.61 88.62 88.59 88.63 88.57 88.56 88.51 88.48 88.46 88.43 88.38 88.33 88.29 88.28 88.26 88.24 88.17 88.18 88.13 88.10 88.10 88.11 88.08 88.07 88.12 88.05 87.98 88.04 87.95 87.96 88.02 87.90 87.82 87.89 87.89 87.93 87.94 87.73 87.84 87.88 87.90 87.94 87.95 87.97 88.01 87.98 88.03 88.03 88.03 88.04 88.07 88.08 88.13 88.15 88.19 88.23 88.48 88.51 88.46 88.52 88.60 88.67 88.75 88.82 88.82 88.79 88.79 88.77 88.74 88.74 88.68 88.74 88.71 88.69 88.61 88.61 88.60 88.50 88.40 88.31 88.26 88.07 88.10 88.15 88.10 88.09 88.08 88.07 88.07 88.06 88.06 88.06 88.05 88.01 88.03 88.05 88.08 88.13 88.15 88.19 88.21 88.24
49°N ||     88.25 88.24 88.24 88.22 88.23 88.23 88.22 88.22 88.21 88.21 88.21 88.19 88.19 88.15 88.12 88.08 88.03 88.00 87.96 87.91 87.86 87.83 87.78 87.73 87.66 87.61 87.58 87.53 87.49 87.42 87.35 87.28 87.21 87.14 87.03 87.07 87.10 87.06 86.83 86.67 86.64 86.78 86.75 86.52 86.69 86.88 86.91 86.91 87.36 86.20 87.76 87.86 87.91 87.77 87.76 87.42 87.45 87.47 87.70 87.50 87.74 87.85 87.98 88.06 88.08 88.16 88.21 88.26 88.27 88.35 88.37 88.42 88.48 88.50 88.53 88.54 88.57 88.63 88.66 88.66 88.66 88.62 88.62 88.59 88.57 88.53 88.53 88.45 88.42 88.40 88.36 88.32 88.26 88.24 88.21 88.22 88.18 88.18 88.18 88.16 88.10 88.14 88.06 88.09 89.28 88.26 87.98 88.06 88.03 87.96 87.93 87.96 87.94 87.93 87.89 87.97 87.95 87.97 87.99 87.98 87.98 88.00 88.03 88.03 88.02 88.04 88.04 88.06 88.08 88.10 88.14 88.18 88.22 88.28 88.42 88.48 88.45 88.55 88.55 88.66 88.71 88.76 88.79 88.79 88.76 88.77 88.75 88.75 88.71 88.64 88.73 88.66 88.59 88.54 88.54 88.42 88.36 88.29 88.27 88.11 88.06 88.17 88.13 88.12 88.11 88.10 88.11 88.10 88.08 88.09 88.08 88.09 87.98 88.04 88.16 88.15 88.15 88.22 88.26 88.23
51°N ||     88.25 88.25 88.24 88.24 88.25 88.25 88.22 88.21 88.22 88.22 88.20 88.18 88.16 88.13 88.10 88.06 88.02 87.98 87.95 87.91 87.83 87.84 87.81 87.75 87.73 87.69 87.65 87.62 87.58 87.55 87.50 87.44 87.37 87.33 87.33 87.34 87.26 87.21 87.06 86.91 86.83 86.86 86.90 86.96 86.89 87.07 87.28 87.49 87.74 87.81 87.87 87.91 87.96 87.98 87.99 87.87 87.60 87.54 87.65 87.84 87.91 88.00 88.06 88.15 88.15 88.20 88.24 88.29 88.34 88.38 88.46 88.52 88.56 88.57 88.60 88.62 88.64 88.59 88.76 88.81 88.67 88.66 88.68 88.52 88.62 88.58 88.50 88.48 88.51 88.45 88.43 88.39 88.34 88.30 88.27 88.25 88.23 88.17 88.24 88.18 88.18 88.17 88.07 88.86 89.38 88.13 87.92 88.06 88.04 88.01 88.01 88.00 88.00 88.01 88.03 88.00 88.01 88.01 88.03 88.03 88.03 88.04 88.03 88.03 88.05 88.05 88.04 88.07 88.08 88.10 88.13 88.18 88.23 88.28 88.34 88.35 88.47 88.51 88.60 88.65 88.69 88.73 88.80 88.78 88.79 88.78 88.73 88.77 88.75 88.71 88.68 88.62 88.61 88.49 88.38 88.40 88.34 88.30 88.27 88.24 88.21 88.19 88.17 88.14 88.14 88.14 88.12 88.13 88.11 88.11 88.10 88.11 88.09 88.15 88.15 88.13 88.16 88.22 88.26 88.26
53°N ||     88.25 88.24 88.26 88.26 88.26 88.25 88.24 88.22 88.21 88.19 88.19 88.18 88.14 88.12 88.08 88.03 87.97 87.98 87.96 87.93 87.90 87.88 87.84 87.81 87.78 87.75 87.71 87.67 87.66 87.61 87.58 87.56 87.51 87.49 87.49 87.48 87.47 87.39 87.26 87.15 87.07 87.05 87.10 87.17 87.30 87.46 87.55 87.67 87.77 87.85 87.92 87.95 87.98 88.00 88.02 88.04 87.84 87.89 87.78 87.99 88.12 88.15 88.18 88.20 88.23 88.26 88.33 88.37 88.42 88.46 88.55 88.59 88.61 88.63 88.66 88.70 88.71 88.69 88.74 88.71 88.67 88.71 88.67 88.70 88.64 88.72 88.68 88.57 88.55 88.47 88.48 88.44 88.38 88.35 88.30 88.27 88.28 88.41 88.23 88.22 88.18 88.18 88.14 88.11 88.04 88.04 88.03 88.09 88.06 88.07 88.05 88.05 88.04 88.05 88.05 88.04 88.06 88.08 88.05 88.07 88.06 88.05 88.03 88.04 88.05 88.04 88.04 88.07 88.08 88.09 88.14 88.18 88.22 88.26 88.26 88.32 88.37 88.46 88.48 88.53 88.55 88.61 88.63 88.69 88.71 88.72 88.68 88.68 88.61 88.61 88.62 88.61 88.50 88.42 88.38 88.33 88.35 88.30 88.28 88.25 88.23 88.20 88.18 88.17 88.16 88.15 88.16 88.15 88.10 88.12 88.11 88.14 88.13 88.13 88.15 88.19 88.23 88.23 88.26 88.27
55°N ||     88.28 88.27 88.26 88.23 88.24 88.21 88.22 88.23 88.21 88.20 88.19 88.16 88.15 88.11 88.10 88.04 88.60 87.96 87.97 87.96 87.93 87.91 87.89 87.87 87.83 87.80 87.77 87.73 87.70 87.68 87.65 87.65 87.62 87.62 87.61 87.62 87.58 87.54 87.50 87.43 87.35 87.35 87.30 87.34 87.43 87.56 87.67 87.88 87.90 87.95 87.97 87.98 88.08 88.02 88.04 88.08 88.10 88.12 88.16 88.19 88.22 88.25 88.30 88.32 88.36 88.41 88.43 88.48 88.51 88.56 88.62 88.65 88.67 88.70 88.73 88.70 88.72 88.73 88.75 88.80 88.69 88.70 88.72 88.69 88.74 88.67 88.59 88.59 88.52 88.52 88.50 88.48 88.43 88.37 88.31 88.30 88.29 88.28 88.26 88.23 88.22 88.20 88.16 88.16 88.15 88.12 88.10 88.10 88.11 88.09 88.09 88.09 88.08 88.09 88.08 88.10 88.12 88.11 88.11 88.10 88.07 88.06 88.05 88.04 88.03 88.03 88.07 88.08 88.09 88.10 88.13 88.17 88.20 88.21 88.25 88.29 88.33 88.38 88.39 88.43 88.46 88.50 88.52 88.57 88.59 88.56 88.57 88.57 88.46 88.47 88.51 88.46 88.44 88.37 88.34 88.36 88.29 88.31 88.30 88.24 88.22 88.21 88.20 88.20 88.17 88.18 88.16 88.14 88.13 88.15 88.15 88.12 88.13 88.13 88.17 88.29 88.24 88.26 88.28 88.30
57°N ||     88.29 88.29 88.27 88.26 88.27 88.24 88.22 88.21 88.21 88.21 88.18 88.16 88.16 88.12 88.10 88.09 88.00 88.01 87.99 87.98 87.96 87.95 87.92 87.90 87.89 87.86 87.83 87.80 87.80 87.77 87.75 87.74 87.72 87.73 87.72 87.71 87.70 87.68 87.66 87.59 87.56 87.53 87.51 87.53 87.59 87.69 87.78 87.84 87.92 87.96 87.98 88.00 88.02 88.05 88.08 88.11 88.14 88.18 88.22 88.26 88.33 88.36 88.38 88.41 88.45 88.47 88.51 88.55 88.58 88.64 88.65 88.93 88.74 88.74 88.75 88.78 88.77 88.74 88.75 88.74 88.73 88.79 88.68 88.69 88.43 89.17 88.61 88.58 88.56 88.52 88.53 88.46 88.43 88.40 88.38 88.33 88.32 88.29 88.27 88.22 88.22 88.21 88.17 88.14 88.13 88.13 88.13 88.11 88.13 88.12 88.11 88.13 88.14 88.14 88.14 88.15 88.16 88.14 88.13 88.09 88.08 88.08 88.07 88.06 88.06 88.06 88.05 88.07 88.09 88.10 88.13 88.14 88.18 88.18 88.20 88.23 88.28 88.30 88.32 88.31 88.37 88.36 88.42 88.47 88.48 88.46 88.45 88.47 88.45 88.41 88.44 88.41 88.42 88.41 88.34 88.36 88.32 88.33 88.31 88.27 88.25 88.25 88.22 88.21 88.20 88.18 88.18 88.17 88.14 88.16 88.16 88.15 88.19 88.17 88.18 88.22 88.26 88.26 88.27 88.28
59°N ||     88.28 88.29 88.28 88.25 88.27 88.27 88.21 88.24 88.24 88.24 88.22 88.19 88.17 88.15 88.12 88.09 88.09 88.06 88.04 88.02 88.00 87.98 87.96 87.94 87.93 87.92 87.91 87.89 87.88 87.86 87.85 87.83 87.81 87.82 87.84 87.82 87.81 87.81 87.78 87.73 87.71 87.70 87.70 87.75 87.78 87.85 87.89 87.92 87.96 87.99 88.01 88.05 88.06 88.09 88.12 88.14 88.18 88.22 88.26 88.32 88.42 88.38 88.49 88.52 88.53 88.56 88.60 88.63 88.65 88.65 88.70 88.70 88.72 88.76 88.77 88.77 88.75 88.79 88.81 88.79 88.74 88.72 88.72 88.68 88.67 88.65 88.63 88.62 88.59 88.52 88.47 88.49 88.43 88.43 88.33 88.36 88.34 88.31 88.26 88.25 88.22 88.21 88.20 88.19 88.19 88.17 88.14 88.14 88.15 88.15 88.17 88.18 88.17 88.17 88.15 88.17 88.17 88.17 88.13 88.12 88.11 88.10 88.07 88.07 88.06 88.06 88.05 88.07 88.08 88.09 88.11 88.11 88.15 88.19 88.18 88.16 88.21 88.23 88.22 88.27 88.30 88.27 88.32 88.35 88.35 88.33 88.36 88.36 88.36 88.36 88.36 88.38 88.37 88.34 88.34 88.35 88.34 88.31 88.31 88.28 88.29 88.26 88.24 88.22 88.21 88.19 88.16 88.16 88.15 88.17 88.18 88.19 88.20 88.20 88.21 88.23 88.25 88.30 88.24 88.27
61°N ||     88.28 88.28 88.28 88.28 88.27 88.29 88.26 88.24 88.26 88.22 88.21 88.21 88.19 88.16 88.14 88.12 88.11 88.09 88.07 88.05 88.03 88.02 88.01 87.99 87.98 87.97 87.96 87.95 87.94 87.94 87.93 87.92 87.93 87.92 87.92 87.91 87.90 87.90 87.89 87.96 87.88 87.88 87.88 87.89 87.90 87.92 87.94 87.97 88.01 88.03 88.04 88.09 88.12 88.15 88.18 88.22 88.25 88.29 88.33 88.36 88.44 88.52 88.56 88.59 88.63 88.87 88.59 88.69 88.71 88.71 88.76 88.70 88.74 88.81 88.85 88.83 88.80 88.81 88.76 88.78 88.74 88.74 88.71 88.71 88.67 88.65 88.61 88.59 88.55 88.52 88.48 88.46 88.44 88.40 88.40 88.39 88.33 88.30 88.29 88.26 88.25 88.23 88.20 88.20 88.19 88.20 88.17 88.18 88.18 88.19 88.19 88.19 88.20 88.20 88.18 88.19 88.18 88.18 88.17 88.13 88.14 88.13 88.07 88.09 88.08 88.07 88.06 88.05 88.06 88.08 88.08 88.09 88.11 88.03 88.11 88.16 88.17 88.16 88.20 88.22 88.24 88.20 88.27 88.28 88.29 88.26 88.28 88.28 88.30 88.31 88.30 88.32 88.30 88.29 88.31 88.31 88.30 88.29 88.29 88.28 88.26 88.27 88.25 88.24 88.23 88.18 88.21 88.20 88.18 88.19 88.18 88.21 88.22 88.21 88.24 88.24 88.24 88.27 88.26 88.25
63°N ||     88.30 88.27 88.27 88.67 88.28 88.29 88.29 88.28 88.27 88.26 88.24 88.22 88.21 88.18 88.17 88.16 88.15 88.13 88.10 88.07 88.03 88.06 88.05 88.04 88.03 88.03 88.01 88.01 88.01 88.00 87.99 87.98 87.98 87.97 87.96 87.95 87.95 87.95 87.95 87.95 87.94 87.95 87.95 87.96 87.98 87.99 88.01 88.02 88.06 88.08 88.12 88.15 88.19 88.23 88.28 88.30 88.33 88.38 88.44 88.45 88.50 88.56 88.62 88.68 88.67 88.68 88.76 88.74 88.73 88.73 88.76 88.74 88.77 88.77 88.79 88.81 88.78 88.74 88.73 88.75 88.73 88.72 88.67 88.64 88.61 88.50 88.52 88.51 88.50 88.48 88.47 88.43 88.38 88.36 88.38 88.30 88.28 88.29 88.27 88.26 88.25 88.23 88.21 88.21 88.21 88.21 88.20 88.21 88.21 88.20 88.21 88.21 88.22 88.21 88.20 88.19 88.19 88.17 88.19 88.17 88.15 88.14 88.14 88.12 88.10 88.09 88.07 88.07 88.06 88.06 88.07 88.08 88.09 88.09 88.11 88.13 88.15 88.15 88.17 88.14 88.20 88.16 88.21 88.23 88.21 88.24 88.24 88.25 88.26 88.26 88.26 88.26 88.29 88.29 88.29 88.28 88.28 88.27 88.28 88.28 88.27 88.26 88.26 88.25 88.22 88.23 88.23 88.24 88.19 88.21 88.22 88.23 88.21 88.24 88.26 88.27 88.26 88.28 88.28 88.29
65°N ||     88.30 88.33 88.30 88.33 88.32 88.31 88.30 88.31 88.25 88.27 88.25 88.25 88.25 88.24 88.32 88.20 88.19 88.17 88.14 88.16 88.14 88.12 88.11 88.10 88.09 88.09 88.06 88.07 88.06 88.06 88.05 88.04 88.03 88.02 88.01 88.00 88.00 88.00 87.99 87.99 87.99 88.00 88.01 88.02 88.04 88.06 88.07 88.10 88.12 88.14 88.17 88.18 88.24 88.30 88.35 88.42 88.49 88.56 88.59 88.61 88.62 88.67 88.70 88.68 88.74 88.75 88.76 88.71 88.74 88.76 88.71 88.72 88.76 88.76 88.76 88.77 88.76 88.72 88.72 88.71 88.71 88.67 88.64 88.50 89.18 90.44 88.31 88.44 88.48 88.44 88.45 88.39 88.40 88.34 88.33 88.31 88.29 88.28 88.28 88.27 88.24 88.24 88.23 88.20 88.22 88.20 88.19 88.20 88.20 88.20 88.21 88.21 88.22 88.21 88.18 88.18 88.21 88.19 88.18 88.19 88.18 88.17 88.16 88.12 88.12 88.09 88.09 88.08 88.08 88.05 88.07 88.07 88.07 88.08 88.09 88.09 88.11 88.12 88.11 88.13 88.15 88.15 88.17 88.18 88.17 88.20 88.20 88.21 88.20 88.21 88.23 88.23 88.24 88.25 88.21 88.26 88.25 88.27 88.27 88.27 88.25 88.24 88.27 88.27 88.24 88.27 88.27 88.23 88.26 88.24 88.27 88.27 88.26 88.26 88.26 88.28 88.26 88.26 88.33 88.24
67°N ||     88.34 88.34 88.36 88.34 88.33 88.37 88.36 88.33 88.34 88.32 88.28 88.29 88.30 88.27 88.27 88.25 88.25 88.24 88.23 88.22 88.18 88.19 88.16 88.15 88.15 88.12 88.14 88.13 88.11 88.10 88.10 88.08 88.08 88.06 88.12 88.04 88.04 88.04 88.03 88.04 88.04 88.05 88.07 88.08 88.09 88.11 88.14 88.17 88.19 88.22 88.27 88.31 88.36 88.44 88.51 88.59 88.67 88.73 88.79 88.85 88.86 88.84 88.79 88.77 88.76 88.76 88.73 88.75 88.78 88.75 88.76 88.75 88.73 88.76 88.75 88.72 88.70 88.64 88.71 88.68 88.66 88.63 88.55 88.52 88.52 88.45 88.44 88.45 88.43 88.44 88.40 88.37 88.36 88.33 88.32 88.29 88.28 88.27 88.26 88.23 88.22 88.23 88.22 88.20 88.20 88.20 88.20 88.19 88.18 88.16 88.18 88.21 88.22 88.21 88.20 88.20 88.18 88.19 88.19 88.19 88.18 88.16 88.16 88.15 88.13 88.12 88.12 88.09 88.08 88.08 88.06 88.05 88.06 88.06 88.05 88.08 88.08 88.09 88.04 88.10 88.12 88.14 88.14 88.14 88.14 88.15 88.12 88.17 88.17 88.18 88.18 88.21 88.21 88.22 88.23 88.23 88.24 88.24 88.25 88.26 88.23 88.24 88.24 88.26 88.26 88.26 88.28 88.29 88.29 88.28 88.29 88.28 88.30 88.30 88.27 88.29 88.29 88.33 88.32 88.33
69°N ||     88.32 88.38 88.38 88.36 88.38 88.38 88.37 88.38 88.34 88.40 88.35 88.34 88.34 88.34 88.30 88.28 88.27 88.30 88.30 88.28 88.28 88.27 88.26 88.25 88.22 88.21 88.14 88.19 88.19 88.15 88.18 88.14 88.14 88.12 88.10 88.08 88.09 88.09 88.09 88.09 88.09 88.11 88.13 88.15 88.16 88.19 88.24 88.28 88.33 88.37 88.41 88.45 88.48 88.54 88.58 88.64 88.68 88.70 88.75 88.77 88.77 88.77 88.76 88.75 88.72 88.73 88.74 88.74 88.71 88.74 88.74 88.71 88.74 88.73 88.66 88.69 88.67 88.63 88.63 88.60 88.57 88.55 88.56 88.51 88.46 88.46 88.40 88.38 88.37 88.35 88.35 88.33 88.31 88.30 88.30 88.26 88.26 88.26 88.25 88.24 88.24 88.23 88.22 88.20 88.21 88.22 88.21 88.20 88.20 88.21 88.16 88.17 88.20 88.19 88.20 88.19 88.18 88.19 88.19 88.17 88.16 88.16 88.16 88.15 88.13 88.12 88.12 88.12 88.11 88.10 88.09 88.07 88.07 88.06 88.05 88.04 88.05 88.07 88.09 88.08 88.09 88.10 88.11 88.11 88.11 88.12 88.13 88.14 88.14 88.14 88.16 88.15 88.17 88.19 88.21 88.22 88.21 88.23 88.27 88.26 88.25 88.25 88.25 88.27 88.27 88.29 88.29 88.31 88.30 88.29 88.29 88.32 88.33 88.34 88.38 88.36 88.34 88.36 88.34 88.33
71°N ||     88.40 88.43 88.45 88.41 88.39 88.42 88.73 88.37 88.41 88.42 88.37 88.39 88.40 88.37 88.41 88.42 88.41 88.38 88.43 88.33 88.30 88.34 88.34 88.32 88.29 88.27 88.25 88.23 88.24 88.21 88.21 88.22 88.22 88.18 88.20 88.20 88.18 88.18 88.18 88.19 88.17 88.21 88.22 88.23 88.26 88.28 88.31 88.35 88.39 88.44 88.49 88.52 88.53 88.52 88.55 88.56 88.58 88.60 88.62 88.62 88.60 88.63 88.63 88.64 88.70 88.66 88.67 88.68 88.72 88.68 88.69 88.67 88.66 88.67 88.63 88.60 88.59 88.60 88.57 88.53 88.51 88.50 88.48 88.44 88.41 88.40 88.38 88.37 88.35 88.32 88.29 88.27 88.28 88.29 88.26 88.26 88.25 88.24 88.24 88.23 88.21 88.20 88.19 88.19 88.20 88.21 88.20 88.19 88.19 88.19 88.20 88.19 88.18 88.19 88.17 88.19 88.17 88.17 88.15 88.17 88.14 88.16 88.15 88.13 88.13 88.13 88.13 88.12 88.11 88.10 88.09 88.10 88.09 88.08 88.07 88.07 88.06 88.06 88.05 88.05 88.04 88.04 88.05 88.06 88.07 88.08 88.10 88.11 88.13 88.13 88.14 88.14 88.15 88.16 88.18 88.17 88.21 88.23 88.24 88.25 88.26 88.24 88.27 88.28 88.29 88.31 88.30 88.31 88.28 88.33 88.33 88.32 88.30 88.34 88.36 88.37 88.41 88.35 88.39 88.38
73°N ||     88.46 88.49 88.49 88.47 88.44 88.50 88.51 88.49 88.49 88.51 88.55 88.50 88.51 88.46 88.56 88.48 88.47 88.46 88.42 88.42 88.43 88.34 88.33 88.36 88.32 88.36 88.32 88.46 88.37 88.34 88.36 88.30 88.28 88.27 88.24 88.26 88.24 88.25 88.26 88.28 88.29 88.30 88.31 88.32 88.35 88.37 88.38 88.41 88.43 88.46 88.50 88.56 88.54 88.54 88.54 88.53 88.51 88.50 88.48 88.50 88.51 88.53 88.55 88.54 88.55 88.58 88.59 88.57 88.57 88.58 88.61 88.63 88.62 88.56 88.59 88.59 88.59 88.54 88.50 88.45 88.45 88.43 88.40 88.38 88.39 88.38 88.35 88.33 88.32 88.31 88.29 88.25 88.25 88.25 88.25 88.22 88.22 88.22 88.21 88.22 88.20 88.20 88.19 88.17 88.19 88.19 88.17 88.17 88.17 88.16 88.17 88.17 88.18 88.18 88.17 88.18 88.19 88.17 88.15 88.14 88.15 88.17 88.16 88.14 88.13 88.13 88.12 88.13 88.11 88.11 88.10 88.09 88.10 88.09 88.09 88.09 88.08 88.07 88.07 88.08 88.08 88.09 88.09 88.10 88.10 88.11 88.12 88.12 88.13 88.14 88.14 88.15 88.15 88.17 88.17 88.17 88.20 88.22 88.23 88.22 88.26 88.26 88.25 88.28 88.30 88.32 88.30 88.32 88.35 88.36 88.24 88.94 88.29 88.07 88.36 88.39 88.45 88.44 88.37 88.42
75°N ||     88.46 88.51 88.48 88.50 88.51 88.56 88.49 88.54 88.55 88.54 88.57 88.53 88.54 88.58 88.53 88.56 88.56 88.47 88.51 88.53 88.50 88.54 88.56 88.60 88.52 88.43 88.44 88.44 88.34 88.36 88.37 88.35 88.39 88.41 88.43 88.36 88.34 88.34 88.31 88.35 88.34 88.35 88.39 88.38 88.38 88.36 88.39 88.41 88.43 88.47 88.50 88.51 88.50 88.51 88.51 88.56 88.49 88.48 88.49 88.50 88.53 88.55 88.56 88.56 88.55 88.54 88.52 88.52 88.54 88.49 88.54 88.54 88.53 88.53 88.51 88.52 88.49 88.48 88.43 88.43 88.40 88.39 88.36 88.42 88.34 88.32 88.30 88.28 88.28 88.28 88.26 88.26 88.25 88.23 88.23 88.23 88.25 88.20 88.19 88.19 88.18 88.18 88.18 88.17 88.17 88.18 88.18 88.17 88.16 88.17 88.17 88.16 88.17 88.17 88.17 88.17 88.16 88.17 88.15 88.15 88.15 88.15 88.13 88.16 88.16 88.15 88.13 88.12 88.12 88.11 88.12 88.12 88.12 88.11 88.10 88.10 88.10 88.10 88.10 88.10 88.10 88.11 88.12 88.10 88.11 88.12 88.13 88.14 88.13 88.13 88.14 88.15 88.16 88.17 88.18 88.18 88.19 88.21 88.23 88.24 88.24 88.27 88.27 88.29 88.30 88.30 88.31 88.32 88.33 88.35 88.36 88.38 88.37 88.47 88.48 88.49 88.50 88.50 88.48 88.44
77°N ||     88.55 88.49 88.38 88.34 88.40 88.53 88.48 88.33 88.33 88.51 88.55 88.55 88.57 88.55 88.54 88.46 88.39 88.43 88.34 88.45 88.36 88.41 88.61 88.74 88.53 88.45 88.43 88.49 88.45 88.44 88.43 88.42 88.45 88.40 88.29 88.39 88.35 88.38 88.36 88.35 88.40 88.39 88.35 88.35 88.38 88.41 88.42 88.44 88.45 88.46 88.47 88.49 88.43 88.51 88.52 88.54 88.55 88.54 88.54 88.53 88.55 88.31 88.30 88.42 88.48 88.46 88.45 88.46 88.43 88.42 88.44 88.45 88.44 88.44 88.42 88.42 88.40 88.40 88.41 88.40 88.37 88.33 88.33 88.32 88.31 88.30 88.26 88.26 88.28 88.26 88.27 88.25 88.23 88.21 88.21 88.22 88.22 88.21 88.20 88.19 88.19 88.19 88.18 88.19 88.18 88.17 88.17 88.17 88.17 88.17 88.17 88.17 88.16 88.15 88.15 88.15 88.16 88.15 88.15 88.13 88.14 88.15 88.15 88.15 88.15 88.15 88.15 88.14 88.14 88.13 88.14 88.13 88.12 88.11 88.06 88.10 88.12 88.12 88.13 88.13 88.12 88.12 88.12 88.12 88.13 88.13 88.14 88.13 88.14 88.13 88.15 88.16 88.16 88.17 88.18 88.19 88.20 88.21 88.20 88.22 88.23 88.25 88.27 88.29 88.30 88.30 88.31 88.34 88.34 88.33 88.37 88.35 88.37 88.41 88.39 88.48 88.53 88.52 88.49 88.52
79°N ||     88.41 88.37 88.36 88.40 88.41 88.39 88.37 88.37 88.39 88.38 88.39 88.32 88.42 88.40 88.41 88.45 88.45 88.48 88.47 88.44 88.43 88.48 88.47 88.48 88.50 88.52 88.47 88.37 88.40 88.35 88.37 88.38 88.39 88.39 88.38 88.40 88.38 88.41 88.40 88.39 88.39 88.40 88.40 88.37 88.35 88.35 88.36 88.38 88.39 88.42 88.45 88.43 88.45 88.46 88.48 88.48 88.46 88.48 88.50 88.50 88.51 88.52 88.51 88.52 88.49 88.49 88.51 88.48 88.44 88.41 88.38 88.36 88.33 88.34 88.34 88.29 88.28 88.29 88.31 88.32 88.29 88.30 88.26 88.15 88.21 88.29 88.05 88.09 88.22 87.97 88.04 88.14 88.09 88.01 88.12 87.98 88.01 88.13 88.09 88.02 88.05 88.06 88.08 88.15 88.16 88.15 88.16 88.16 88.17 88.16 88.16 88.16 88.16 88.16 88.15 88.15 88.15 88.15 88.15 88.11 88.24 88.11 88.14 88.14 88.14 88.14 88.14 88.13 88.14 88.14 88.14 88.14 88.14 88.14 88.14 88.14 88.15 88.15 88.14 88.15 88.14 88.14 88.12 88.13 88.13 88.12 88.11 88.11 88.12 88.14 88.14 88.14 88.16 88.17 88.17 88.19 88.19 88.21 88.20 88.21 88.22 88.24 88.25 88.27 88.28 88.30 88.29 88.29 88.30 88.34 88.34 88.35 88.35 88.38 88.39 88.37 88.37 88.43 88.43 88.42
81°N ||     88.14 88.15 88.15 88.17 88.15 88.16 88.16 88.16 88.16 88.17 88.17 88.18 88.18 88.19 88.20 88.20 88.20 88.21 88.21 88.21 88.22 88.22 88.23 88.24 88.24 88.26 88.28 88.31 88.30 88.33 88.35 88.31 88.31 88.37 88.23 88.23 88.18 88.24 88.11 88.13 88.19 88.21 88.31 88.31 88.31 88.34 88.35 88.35 88.28 88.27 88.15 88.14 88.10 88.14 88.26 88.18 88.20 88.19 88.17 88.19 88.32 88.26 88.28 88.28 88.29 88.31 88.34 88.24 88.20 88.13 88.13 88.15 88.04 88.09 88.05 88.00 87.96 87.99 87.95 87.91 87.90 87.85 87.85 87.82 87.82 87.83 87.78 87.77 87.78 87.75 87.77 87.80 87.73 87.73 87.80 87.75 87.75 87.70 87.70 87.72 87.80 87.83 87.82 87.82 87.82 87.83 87.77 87.93 87.95 88.08 88.07 87.96 88.01 88.12 88.06 88.08 88.03 88.06 88.11 88.00 88.01 88.00 88.01 88.02 88.07 88.13 88.04 88.06 88.06 88.06 88.07 88.07 88.07 88.08 88.08 88.09 88.11 88.13 88.15 88.15 88.15 88.16 88.16 88.15 88.16 88.15 88.15 88.16 88.17 88.18 88.18 88.19 88.19 88.20 88.20 88.20 88.20 88.21 88.22 88.21 88.21 88.22 88.23 88.23 88.23 88.23 88.22 88.22 88.22 88.20 88.18 88.19 88.18 88.18 88.18 88.17 88.16 88.15 88.15 88.14
83°N ||     88.06 88.06 88.06 88.06 88.06 88.06 88.06 88.06 88.07 88.07 88.07 88.08 88.08 88.09 88.09 88.10 88.11 88.11 88.12 88.12 88.13 88.13 88.13 88.13 88.13 88.11 88.15 88.14 88.13 88.01 87.98 87.95 87.99 88.01 87.94 87.98 87.93 87.94 87.94 87.91 87.89 87.91 87.87 87.84 87.84 87.88 87.87 87.86 87.88 87.89 87.92 87.95 87.99 88.01 87.93 87.95 87.91 87.89 87.88 87.91 87.89 88.01 88.00 88.15 88.19 88.22 88.26 88.28 88.28 88.20 88.14 88.07 88.01 87.97 87.95 87.92 87.90 87.87 87.86 87.84 87.83 87.82 87.81 87.80 87.78 87.76 87.75 87.74 87.73 87.73 87.73 87.73 87.72 87.72 87.71 87.70 87.69 87.68 87.68 87.67 87.67 87.66 87.65 87.64 87.63 87.63 87.63 87.62 87.63 87.67 87.72 87.77 87.77 87.79 87.75 87.78 87.83 87.84 87.82 87.80 87.79 87.80 87.85 87.82 87.83 87.80 87.83 87.84 87.82 87.83 87.80 87.81 87.84 87.88 87.86 87.85 87.87 87.84 87.86 87.86 87.89 87.95 87.97 87.99 88.08 88.07 88.13 88.17 88.18 88.17 88.16 88.16 88.16 88.16 88.18 88.18 88.18 88.18 88.16 88.16 88.15 88.15 88.15 88.14 88.13 88.13 88.12 88.11 88.11 88.11 88.10 88.10 88.09 88.09 88.08 88.08 88.07 88.07 88.06 88.06
85°N ||     88.09 88.07 88.09 88.12 88.14 88.19 87.93 87.91 87.96 88.00 87.89 87.95 87.91 87.90 87.90 87.95 87.82 87.77 87.76 87.76 87.76 87.82 87.92 87.86 87.85 87.89 87.96 87.90 87.88 87.94 87.91 87.71 87.73 87.80 87.73 87.70 87.70 87.69 87.70 87.71 87.70 87.74 87.71 87.69 87.70 87.68 87.65 87.66 87.66 87.70 87.70 87.69 87.71 87.77 87.76 87.73 87.73 87.74 87.76 87.77 87.77 87.76 87.80 87.78 87.77 87.76 87.82 87.82 87.89 87.93 87.95 88.01 87.97 87.96 87.96 87.98 88.02 88.06 88.08 88.08 88.09 88.09 88.01 87.94 87.86 87.85 87.86 87.88 87.90 87.95 88.04 88.04 87.79 87.74 87.73 87.75 87.73 87.72 87.69 87.67 87.66 87.69 87.66 87.64 87.63 87.62 87.62 87.61 87.61 87.60 87.60 87.60 87.61 87.61 87.62 87.62 87.63 87.64 87.64 87.64 87.65 87.66 87.66 87.66 87.65 87.65 87.65 87.66 87.66 87.66 87.66 87.66 87.66 87.66 87.67 87.67 87.70 87.70 87.69 87.74 87.69 87.69 87.69 87.77 87.79 87.80 87.83 87.90 87.84 87.79 87.82 87.79 87.86 87.88 87.92 87.96 87.88 87.92 87.95 87.97 87.96 87.91 87.94 88.02 87.99 88.00 88.04 88.13 88.07 88.14 88.09 88.05 88.02 87.99 88.02 88.06 88.09 88.03 88.04 88.05
87°N ||     87.58 87.62 87.61 87.61 87.64 87.61 87.62 87.60 87.55 87.54 87.54 87.54 87.56 87.57 87.55 87.52 87.52 87.52 87.51 87.51 87.52 87.55 87.54 87.47 87.48 87.47 87.49 87.50 87.51 87.51 87.52 87.48 87.45 87.47 87.45 87.41 87.39 87.38 87.38 87.38 87.41 87.39 87.43 87.42 87.40 87.35 87.34 87.33 87.34 87.36 87.36 87.36 87.37 87.38 87.42 87.46 87.47 87.48 87.50 87.50 87.48 87.46 87.46 87.45 87.45 87.44 87.44 87.44 87.45 87.47 87.54 87.62 87.63 87.62 87.62 87.59 87.63 87.61 87.60 87.62 87.59 87.57 87.56 87.56 87.58 87.56 87.57 87.62 87.58 87.61 87.55 87.52 87.54 87.51 87.49 87.48 87.50 87.49 87.51 87.51 87.49 87.45 87.46 87.48 87.48 87.44 87.43 87.42 87.41 87.40 87.40 87.42 87.40 87.41 87.41 87.43 87.43 87.45 87.44 87.50 87.42 87.43 87.44 87.46 87.51 87.53 87.48 87.47 87.50 87.50 87.53 87.49 87.43 87.43 87.43 87.43 87.44 87.45 87.49 87.49 87.49 87.50 87.51 87.50 87.52 87.52 87.53 87.52 87.50 87.46 87.49 87.46 87.51 87.49 87.45 87.45 87.46 87.57 87.53 87.56 87.52 87.60 87.60 87.63 87.63 87.64 87.61 87.59 87.60 87.60 87.60 87.62 87.64 87.64 87.65 87.66 87.63 87.63 87.66 87.62
89°N ||     87.28 87.27 87.27 87.29 87.29 87.23 87.23 87.20 87.20 87.20 87.20 87.19 87.19 87.19 87.19 87.18 87.18 87.17 87.18 87.17 87.17 87.17 87.18 87.17 87.17 87.18 87.17 87.15 87.14 87.12 87.12 87.11 87.10 87.09 87.09 87.08 87.08 87.07 87.07 87.07 87.07 87.07 87.06 87.06 87.06 87.06 87.06 87.06 87.06 87.06 87.07 87.07 87.08 87.10 87.11 87.12 87.13 87.14 87.15 87.15 87.15 87.16 87.16 87.16 87.17 87.18 87.19 87.19 87.19 87.19 87.20 87.20 87.21 87.22 87.22 87.23 87.24 87.24 87.25 87.26 87.25 87.25 87.25 87.26 87.25 87.26 87.26 87.26 87.26 87.26 87.26 87.27 87.29 87.28 87.27 87.25 87.24 87.26 87.29 87.30 87.28 87.25 87.25 87.24 87.24 87.23 87.23 87.22 87.21 87.21 87.21 87.20 87.20 87.20 87.19 87.19 87.19 87.19 87.18 87.18 87.18 87.19 87.18 87.19 87.20 87.19 87.19 87.18 87.18 87.17 87.17 87.17 87.17 87.16 87.15 87.15 87.14 87.13 87.12 87.12 87.11 87.11 87.11 87.11 87.11 87.11 87.11 87.12 87.12 87.12 87.13 87.14 87.14 87.15 87.17 87.17 87.19 87.20 87.19 87.18 87.18 87.18 87.19 87.19 87.18 87.19 87.19 87.19 87.20 87.20 87.21 87.22 87.22 87.23 87.24 87.24 87.25 87.26 87.26 87.27
