Mars Surface Radiation Result (absorbed dose in thin silicon slab) (1E-6 Gy/day).

The first row gives the longitude
The first column for each row (starting from the 2nd row) gives the latitude
The rest values of each row gives the dose rate at different longitudes (given in the first row)

179°W  177°W  175°W  173°W  171°W  169°W  167°W  165°W  163°W  161°W  159°W  157°W  155°W  153°W  151°W  149°W  147°W  145°W  143°W  141°W  139°W  137°W  135°W  133°W  131°W  129°W  127°W  125°W  123°W  121°W  119°W  117°W  115°W  113°W  111°W  109°W  107°W  105°W  103°W  101°W  99°W  97°W  95°W  93°W  91°W  89°W  87°W  85°W  83°W  81°W  79°W  77°W  75°W  73°W  71°W  69°W  67°W  65°W  63°W  61°W  59°W  57°W  55°W  53°W  51°W  49°W  47°W  45°W  43°W  41°W  39°W  37°W  35°W  33°W  31°W  29°W  27°W  25°W  23°W  21°W  19°W  17°W  15°W  13°W  11°W  9°W  7°W  5°W  3°W  1°W  1°E  3°E  5°E  7°E  9°E  11°E  13°E  15°E  17°E  19°E  21°E  23°E  25°E  27°E  29°E  31°E  33°E  35°E  37°E  39°E  41°E  43°E  45°E  47°E  49°E  51°E  53°E  55°E  57°E  59°E  61°E  63°E  65°E  67°E  69°E  71°E  73°E  75°E  77°E  79°E  81°E  83°E  85°E  87°E  89°E  91°E  93°E  95°E  97°E  99°E  101°E  103°E  105°E  107°E  109°E  111°E  113°E  115°E  117°E  119°E  121°E  123°E  125°E  127°E  129°E  131°E  133°E  135°E  137°E  139°E  141°E  143°E  145°E  147°E  149°E  151°E  153°E  155°E  157°E  159°E  161°E  163°E  165°E  167°E  169°E  171°E  173°E  175°E  177°E  179°E  
--------------------------------------------------------------------------------------------------------------
89°S ||     84.81 84.86 84.91 84.92 84.92 84.91 84.91 84.92 84.96 85.00 85.15 85.20 85.17 85.23 85.43 85.53 85.57 85.65 85.66 85.55 85.48 85.63 85.65 85.61 85.55 85.53 85.47 85.48 85.57 85.54 85.63 85.74 85.68 85.61 85.71 85.64 85.55 85.49 85.40 85.34 85.29 85.22 85.16 85.14 85.12 85.12 85.11 85.12 85.11 85.10 85.08 85.07 85.04 85.03 85.03 85.03 84.96 84.93 84.91 84.91 84.89 84.88 84.88 84.84 84.86 84.89 84.90 84.78 84.73 84.74 84.69 84.67 84.67 84.67 84.63 84.61 84.59 84.58 84.57 84.58 84.56 84.58 84.58 84.57 84.58 84.59 84.59 84.58 84.57 84.58 84.59 84.62 84.63 84.64 84.64 84.65 84.64 84.65 84.66 84.65 84.63 84.63 84.62 84.61 84.62 84.63 84.64 84.65 84.65 84.66 84.67 84.65 84.62 84.64 84.69 84.72 84.71 84.70 84.71 84.73 84.75 84.76 84.77 84.79 84.82 84.85 84.86 84.88 84.91 84.92 84.94 84.94 84.95 84.97 84.97 85.00 85.00 85.00 85.00 85.01 84.96 84.97 84.95 84.92 84.93 84.93 84.92 84.90 84.86 84.83 84.83 84.81 84.81 84.77 84.75 84.73 84.72 84.70 84.70 84.71 84.70 84.69 84.68 84.67 84.66 84.66 84.67 84.68 84.69 84.70 84.72 84.74 84.74 84.75 84.76 84.77 84.79 84.79 84.80 84.81
87°S ||     86.75 86.84 86.87 87.01 86.97 87.04 86.94 86.92 86.89 86.80 86.79 86.78 86.67 86.54 86.49 86.47 86.49 86.50 86.49 86.45 86.44 86.49 86.63 86.67 86.64 86.58 86.59 86.48 86.56 86.39 86.65 86.67 86.50 86.48 86.47 86.48 86.44 86.40 86.43 86.41 86.36 86.41 86.37 86.35 86.31 86.29 86.29 86.22 86.18 86.12 85.98 86.14 85.95 85.68 85.71 85.65 85.54 85.41 85.35 85.33 85.49 85.01 85.08 84.83 84.77 84.75 84.70 84.67 84.65 84.62 84.56 84.51 84.57 84.56 84.30 84.25 84.18 84.10 84.06 84.22 83.94 83.77 83.75 83.67 83.64 83.65 83.67 83.70 83.73 83.75 83.79 83.79 83.80 83.80 83.81 84.19 84.10 84.27 84.14 84.33 84.33 84.33 84.41 84.42 84.46 84.55 84.61 84.76 84.85 84.90 84.76 84.75 84.79 84.81 84.83 84.83 84.88 84.91 84.98 84.99 85.05 85.11 85.12 85.17 85.24 85.23 85.24 85.31 85.39 85.37 85.44 85.45 85.46 85.52 85.65 85.79 85.88 86.03 85.96 85.77 85.63 85.58 85.56 85.53 85.48 85.49 85.43 85.18 85.14 85.13 85.12 85.14 85.18 85.17 85.16 85.17 85.23 85.34 85.43 85.42 85.50 85.57 85.66 85.70 85.82 85.92 86.02 86.08 86.23 86.28 86.47 86.48 86.50 86.49 86.58 86.46 86.19 86.33 86.73 86.96
85°S ||     86.14 86.15 86.18 86.18 86.20 86.19 86.21 86.25 86.25 86.24 86.24 86.25 86.26 86.34 86.27 86.20 86.21 86.32 86.31 86.31 86.31 86.33 86.36 86.37 86.35 86.35 86.40 86.51 86.57 86.72 87.09 87.12 87.10 87.09 87.14 86.96 87.19 87.07 87.01 86.94 87.18 87.49 87.43 87.45 87.21 87.17 87.06 86.95 86.85 86.76 86.79 86.67 86.65 86.62 86.88 86.97 86.67 86.49 86.54 86.92 86.74 85.81 85.68 85.72 85.84 85.92 85.77 85.86 85.84 85.44 85.58 85.46 85.17 85.10 85.16 84.90 85.21 85.47 85.75 85.41 85.24 85.16 85.23 85.24 85.33 85.19 85.12 84.99 84.98 85.09 84.98 85.01 85.12 85.09 85.09 85.10 85.12 85.17 85.20 85.30 85.27 85.39 85.69 85.99 85.91 85.86 85.83 85.85 85.81 85.87 85.97 86.03 86.08 86.16 85.92 85.98 86.10 86.13 86.05 85.96 85.95 85.98 86.02 86.12 86.23 86.32 86.32 86.25 86.26 86.19 86.14 86.11 86.06 86.07 86.10 86.21 86.80 88.04 88.50 88.20 87.49 87.17 87.05 87.09 86.60 86.35 86.24 86.12 86.18 86.25 86.12 86.15 86.21 86.36 86.53 86.60 86.63 86.65 86.61 86.61 86.59 86.42 86.26 86.19 86.15 86.26 86.33 86.42 86.57 86.77 86.50 86.57 86.53 86.48 86.40 86.36 86.32 86.30 86.18 86.14
83°S ||     86.25 86.28 86.30 86.32 86.32 86.32 86.34 86.36 86.38 86.40 86.42 86.44 86.48 86.50 86.48 86.49 86.51 86.55 86.58 86.60 86.63 86.67 86.70 86.74 86.79 86.85 86.90 86.97 87.09 87.22 87.14 86.97 86.94 86.87 86.99 87.12 87.10 87.05 87.12 87.19 86.91 86.92 86.94 86.95 86.98 87.01 86.98 87.54 87.67 87.75 87.65 87.67 87.58 87.58 87.61 87.56 87.50 87.82 87.93 87.92 87.40 87.78 87.67 87.54 87.91 87.58 87.60 87.56 88.02 87.63 87.97 88.26 88.48 88.50 88.31 88.12 88.16 88.14 88.13 88.25 88.21 88.17 87.98 88.01 88.03 87.93 87.85 87.83 87.89 87.88 87.57 87.57 87.68 88.12 87.61 87.51 87.40 87.35 87.38 87.22 87.45 86.88 87.05 86.76 87.21 87.48 87.54 87.27 87.14 87.18 87.23 87.38 87.66 87.76 87.86 87.83 87.36 87.38 87.30 87.29 87.21 87.20 86.84 86.75 86.83 86.89 86.89 86.73 86.72 86.88 86.80 86.81 86.99 87.01 87.23 87.88 88.81 88.71 88.75 88.73 88.75 87.39 87.26 87.32 87.28 87.43 87.38 87.30 87.27 87.26 87.20 87.07 86.95 86.89 86.83 86.68 86.61 86.66 86.99 87.39 87.95 88.27 87.77 87.16 86.34 86.34 86.02 85.95 85.92 85.91 86.03 86.26 86.82 86.82 86.51 86.29 86.20 86.17 86.19 86.23
81°S ||     86.61 86.68 86.68 86.84 86.56 86.64 86.69 86.74 86.79 86.86 86.92 87.00 87.18 87.22 86.98 86.97 87.00 87.05 87.12 87.17 87.22 87.27 87.29 87.33 87.37 87.42 87.50 87.53 87.56 87.60 87.65 87.83 87.79 87.82 87.95 87.89 87.64 87.69 87.65 87.68 87.90 87.72 87.36 87.42 87.24 87.09 87.16 87.36 87.42 87.29 87.47 87.36 87.62 88.61 88.24 88.49 88.82 88.24 88.79 88.66 88.27 88.42 88.51 88.47 88.47 88.41 88.48 88.49 88.39 88.28 88.41 88.22 88.00 88.03 88.06 88.09 88.02 88.03 88.00 88.03 88.55 87.93 87.73 87.68 87.65 87.68 87.66 87.67 87.64 87.63 87.62 87.64 87.52 87.33 87.11 86.78 86.10 85.39 86.24 86.38 86.88 87.25 87.19 87.32 87.67 87.90 88.07 88.34 88.30 88.16 87.90 88.26 88.40 88.56 88.54 88.64 88.68 88.78 88.75 88.74 88.71 88.76 88.68 88.59 88.57 88.63 88.13 88.17 88.26 88.35 88.42 88.70 88.77 88.89 88.94 88.91 88.87 88.09 87.12 86.89 86.84 86.80 86.78 86.98 87.08 87.11 87.04 87.21 87.32 87.43 87.58 87.69 87.82 87.56 87.69 87.96 88.14 87.75 87.59 87.64 88.21 87.98 87.62 87.62 87.79 87.73 88.23 87.48 86.62 86.27 86.28 86.45 86.63 86.91 87.26 86.52 86.65 86.65 86.44 86.51
79°S ||     86.99 87.04 87.05 87.18 87.16 87.11 87.11 87.15 87.17 87.39 87.24 87.34 87.40 87.43 87.52 87.66 87.53 87.77 87.43 87.72 87.59 87.63 87.59 88.13 88.64 87.44 87.95 88.53 88.28 88.40 88.32 88.32 88.29 88.31 88.36 88.39 88.39 88.37 88.25 88.21 88.22 87.94 88.67 88.81 87.67 87.89 87.88 87.72 87.67 88.01 88.30 87.93 88.78 88.53 88.61 88.87 89.20 87.70 88.47 87.86 88.74 88.45 87.72 88.24 88.26 88.63 88.68 88.59 88.56 88.52 88.47 88.50 88.48 88.49 88.46 88.42 88.46 88.51 88.47 88.21 88.33 88.53 88.20 88.16 88.19 88.44 88.04 88.25 88.06 88.10 88.16 88.03 87.96 87.63 86.74 86.75 86.31 86.81 87.41 87.74 87.64 87.95 88.00 88.09 88.18 88.44 88.22 88.37 88.07 88.39 87.88 88.23 88.04 88.04 87.63 87.51 88.36 88.56 88.89 88.95 89.01 88.99 89.02 89.00 89.05 89.00 88.95 89.01 88.99 89.04 88.95 88.93 89.03 89.00 89.01 89.01 89.10 89.12 89.03 89.03 89.03 89.09 88.69 88.21 88.46 87.80 87.24 87.24 87.25 87.14 87.22 87.34 87.82 89.22 89.02 87.92 87.68 88.34 86.99 87.03 87.75 87.11 86.78 86.63 86.56 86.68 86.54 87.00 86.73 86.69 86.70 86.77 86.93 86.60 86.51 86.65 86.76 86.88 86.89 86.90
77°S ||     87.90 87.58 87.49 87.46 87.36 87.67 87.62 88.02 87.97 88.01 87.97 87.99 88.39 88.16 88.10 88.16 88.27 88.25 88.40 88.24 88.17 88.22 88.15 88.27 88.19 88.34 88.57 88.66 88.47 88.59 88.56 88.59 88.59 88.59 88.58 88.60 88.55 88.58 88.55 88.55 88.54 88.56 88.47 88.31 88.23 87.98 87.40 88.20 87.29 87.59 88.51 88.27 88.07 87.46 87.63 87.88 88.09 88.06 88.21 88.16 88.50 88.72 88.51 88.60 88.82 88.85 88.82 88.86 88.87 88.82 88.78 88.77 88.71 88.73 88.69 88.69 88.65 88.53 88.29 88.32 88.24 88.08 88.01 87.84 88.11 88.33 88.17 88.21 87.98 88.12 88.15 88.08 87.69 87.51 87.37 87.18 86.65 86.22 87.46 88.77 89.21 89.42 89.43 88.01 88.32 88.16 88.20 88.41 88.10 88.48 88.17 88.12 88.06 88.57 89.01 88.78 88.12 87.96 87.47 87.20 87.08 86.64 86.48 87.10 87.83 88.39 88.74 88.70 88.58 88.33 87.66 88.42 88.64 87.79 88.46 88.71 89.08 88.96 88.67 88.55 88.15 88.16 87.89 88.45 89.18 89.13 88.93 88.79 87.98 88.02 88.10 87.21 88.00 88.38 88.39 87.43 87.04 87.15 86.90 86.96 87.07 86.89 86.88 87.17 87.03 86.97 87.12 87.24 87.30 87.27 87.16 87.27 87.52 87.15 87.17 87.25 87.48 87.67 87.78 87.56
75°S ||     88.16 88.28 88.01 88.17 87.96 87.95 88.09 88.90 88.34 88.23 89.33 89.69 88.46 88.63 88.65 88.78 88.52 88.66 88.65 88.44 88.44 88.71 88.71 88.89 88.71 88.79 88.84 88.86 88.83 88.79 88.79 88.76 88.81 88.76 88.26 88.68 88.68 88.66 88.63 88.62 88.55 88.49 88.50 88.51 88.56 88.63 88.53 88.43 88.22 88.09 88.22 87.63 87.45 87.86 88.46 88.56 88.47 88.85 89.03 89.06 89.10 89.08 89.03 88.97 88.93 88.93 88.89 88.64 88.86 88.74 88.59 88.42 88.39 88.21 88.15 88.23 88.12 88.33 88.13 88.17 88.25 88.30 88.41 88.19 88.58 88.31 88.30 88.48 88.28 88.29 88.19 87.85 87.71 88.06 88.22 88.24 88.24 88.25 88.33 88.18 87.99 88.12 88.12 88.06 88.40 88.46 88.47 88.28 88.25 88.13 88.04 87.86 87.36 87.62 87.77 87.17 87.60 87.43 87.17 87.35 87.07 86.98 87.77 88.17 87.99 87.98 89.23 87.49 87.69 87.69 87.82 88.39 88.25 88.09 88.02 87.81 88.18 87.08 86.70 86.28 86.19 86.83 89.37 89.18 89.33 87.90 88.68 87.97 88.86 89.24 89.07 88.98 88.90 88.93 89.08 87.82 86.67 86.64 86.62 86.64 86.61 86.79 87.54 87.40 87.62 86.93 87.00 87.21 87.29 87.28 87.36 87.36 87.40 87.67 87.69 87.78 87.93 87.88 87.94 88.01
73°S ||     89.47 88.14 88.89 88.88 88.74 88.39 89.25 88.89 88.92 88.90 88.39 88.00 89.18 88.36 88.72 88.93 88.87 88.85 88.76 88.61 88.42 88.02 89.22 87.79 88.07 89.05 88.74 88.71 88.75 88.81 88.84 88.83 88.94 88.52 88.44 88.06 88.31 88.74 88.60 88.66 88.66 88.70 88.58 88.64 88.68 88.68 88.69 88.40 89.08 90.16 90.15 90.33 90.26 88.41 89.01 89.02 89.22 89.27 89.29 89.32 89.32 89.30 89.22 89.11 89.16 88.69 88.87 89.09 89.12 89.13 89.07 88.76 88.51 88.67 88.51 88.38 88.29 88.43 88.69 88.26 88.27 88.27 88.32 88.69 88.49 88.78 88.95 88.89 88.75 88.81 88.41 88.37 87.95 88.39 88.36 88.49 88.69 88.72 88.71 88.67 88.72 88.73 88.84 88.77 88.67 88.58 88.76 88.22 88.15 87.97 87.46 87.06 87.35 87.86 88.36 88.02 88.24 88.09 88.21 87.78 87.93 87.47 87.23 87.15 87.54 87.51 87.88 87.88 88.18 88.14 88.09 88.24 88.30 88.44 88.57 88.60 88.59 88.76 88.36 87.94 88.43 86.81 86.97 87.68 87.81 87.88 87.98 88.29 89.14 88.74 88.47 87.51 88.43 88.95 89.33 89.52 88.83 87.65 86.66 87.14 86.87 87.22 87.80 87.91 87.10 87.43 87.94 88.11 87.94 88.37 89.31 89.01 88.54 88.38 88.40 88.34 88.54 88.31 88.38 89.35
71°S ||     89.26 89.30 89.42 89.49 89.58 89.79 89.96 89.86 89.88 89.92 89.93 89.12 88.37 88.04 87.32 87.33 88.09 88.26 89.52 88.50 88.58 88.38 88.15 88.24 90.37 88.92 88.90 88.92 88.79 88.53 88.64 88.52 88.50 88.72 88.62 88.57 88.47 88.84 88.65 88.67 88.82 88.62 88.78 88.67 88.72 88.76 88.43 88.21 88.28 89.36 90.17 89.99 90.39 88.16 89.18 89.35 89.40 89.47 89.38 89.41 89.50 89.11 88.96 89.10 89.24 89.32 89.40 89.16 89.18 88.13 88.48 88.72 88.55 88.76 88.41 88.66 88.47 87.94 87.72 87.57 87.45 88.57 88.50 88.47 88.69 88.71 88.88 88.64 88.95 88.76 89.37 89.23 88.74 88.85 88.84 88.64 88.56 87.84 88.53 88.85 89.03 88.70 88.76 88.76 88.73 88.79 88.39 87.41 87.76 88.12 88.15 88.27 88.27 88.47 88.49 88.37 88.67 88.44 88.58 88.68 88.57 88.81 88.85 88.60 88.83 88.37 87.62 87.84 89.30 89.32 88.12 88.38 88.19 86.94 87.88 88.12 88.24 87.75 87.36 87.75 88.25 87.53 88.51 88.65 88.98 89.01 88.96 88.61 88.62 88.85 89.19 89.07 89.37 89.12 90.10 90.35 90.26 89.82 89.37 89.06 89.38 89.16 88.91 89.33 89.56 89.47 89.47 89.26 89.08 89.68 89.14 89.52 89.39 89.44 88.80 88.79 88.86 88.98 88.55 89.21
69°S ||     88.56 88.65 89.08 89.38 88.84 90.56 90.34 89.90 90.09 90.06 90.01 89.75 89.03 89.18 88.70 88.96 87.60 87.82 88.30 88.82 89.25 88.97 88.66 88.54 88.35 89.13 88.82 89.01 88.56 89.29 88.17 88.27 88.15 88.46 88.49 88.58 88.88 88.89 89.01 89.01 89.11 89.01 88.97 89.04 89.04 89.77 88.80 89.16 89.17 89.13 89.17 89.32 89.33 89.46 89.48 89.40 89.43 89.46 89.20 89.20 88.96 89.43 89.37 89.56 89.39 89.12 88.40 88.42 88.46 88.46 88.43 88.62 88.58 88.82 88.95 89.23 89.05 88.37 87.77 88.08 88.24 88.80 88.82 88.31 88.26 87.99 88.07 88.01 88.32 88.65 88.67 88.83 87.82 88.88 88.98 88.89 89.07 89.07 89.04 89.10 89.04 89.00 89.09 88.99 88.71 88.34 87.51 88.81 89.04 88.89 88.67 88.45 88.58 88.43 88.60 88.01 87.93 88.57 89.03 89.27 89.50 89.31 89.35 89.45 89.43 89.31 88.81 88.27 87.92 88.01 88.67 88.55 88.53 88.57 89.69 88.36 86.89 87.32 87.50 87.64 87.87 87.83 87.36 87.49 88.10 88.64 88.79 88.48 89.07 89.17 89.17 89.27 88.67 86.72 89.15 90.14 89.93 87.42 90.17 90.04 89.95 89.67 89.59 89.49 89.17 88.83 88.54 88.66 87.78 87.48 88.61 89.37 89.29 89.07 88.88 88.66 88.51 88.40 88.70 88.72
67°S ||     90.34 88.54 88.26 89.13 89.13 89.23 89.24 89.97 89.97 90.11 90.17 90.17 89.98 89.83 89.39 89.05 88.70 88.20 88.12 87.81 87.80 87.48 87.85 87.87 88.29 88.22 88.08 88.00 88.64 87.75 87.77 87.84 88.48 90.24 88.29 88.54 88.53 89.44 88.97 89.01 89.13 89.12 89.07 89.08 89.10 89.15 89.10 89.23 89.23 89.16 89.20 89.31 89.35 89.35 89.24 89.43 89.61 89.45 89.54 89.42 88.76 89.21 89.49 89.48 89.18 88.95 90.99 90.96 90.43 88.46 88.68 88.78 88.84 89.07 89.26 88.82 88.43 87.83 87.90 87.53 87.90 87.95 88.44 88.34 88.71 88.57 88.70 88.72 88.70 88.69 88.75 88.94 88.84 89.02 88.96 89.11 88.97 88.92 88.95 88.73 88.78 87.95 87.73 87.77 87.38 87.98 89.49 90.10 89.98 89.44 89.32 88.81 88.86 88.44 88.63 88.47 88.92 89.09 89.41 89.44 89.39 89.37 89.44 89.41 89.30 89.60 89.57 89.75 89.76 89.21 88.40 87.71 88.42 88.68 87.79 87.59 87.47 87.04 87.70 86.84 87.13 87.55 87.54 88.65 88.27 88.20 87.63 88.02 88.55 88.94 89.32 89.49 89.13 89.35 89.52 89.59 89.65 89.63 89.23 89.44 89.38 89.49 89.26 88.99 89.31 89.24 89.24 89.22 89.14 88.63 89.43 89.14 89.08 88.84 88.27 88.93 88.05 88.02 88.16 88.79
65°S ||     88.73 88.27 87.90 88.42 88.44 89.48 89.58 90.08 89.96 90.04 90.02 90.16 90.18 90.18 90.07 89.85 89.69 89.62 89.52 89.15 88.56 88.40 88.49 88.22 88.64 88.53 88.14 89.08 88.90 88.23 87.97 88.34 88.06 88.34 88.55 88.70 88.71 88.79 88.81 89.07 89.10 89.22 89.25 89.26 89.36 89.40 89.35 89.33 89.35 89.33 89.20 89.08 88.95 89.06 89.21 89.38 89.39 89.41 89.26 88.20 89.51 89.61 89.81 90.05 89.20 89.61 89.58 89.62 88.87 88.78 89.07 88.93 89.02 89.19 89.46 89.30 88.69 88.46 88.02 87.64 87.68 88.06 89.13 88.47 88.69 88.73 88.72 88.62 88.31 88.77 88.76 88.81 88.75 88.97 88.73 89.00 89.32 89.11 88.78 88.88 88.59 88.64 88.50 88.38 87.93 88.31 88.10 88.38 88.49 88.35 88.31 88.14 88.24 88.92 89.25 89.89 89.82 89.56 89.33 89.19 89.20 89.43 89.65 89.58 89.75 89.65 89.59 89.66 89.65 89.88 88.64 88.62 88.56 88.43 90.33 87.89 87.87 88.03 88.60 87.21 87.18 87.23 87.82 87.87 87.93 87.43 87.29 88.77 88.46 87.98 88.98 88.76 88.68 89.36 89.34 87.55 88.28 88.52 89.27 88.88 88.15 88.36 89.33 88.87 89.22 89.58 89.36 89.45 89.36 89.30 88.86 88.74 88.53 87.80 88.97 89.25 88.70 88.50 88.09 88.01
63°S ||     88.76 88.72 89.21 88.37 88.02 88.55 89.21 89.34 89.66 89.55 89.91 89.71 90.14 89.98 90.01 89.83 89.93 89.97 89.90 89.32 88.67 88.64 88.31 88.44 88.33 88.50 88.52 88.30 88.24 88.35 88.27 88.44 88.73 88.74 88.68 88.40 88.18 88.61 89.09 88.73 89.28 88.86 88.61 89.11 89.17 89.13 88.87 89.25 89.14 89.11 88.85 88.95 89.27 89.72 89.27 88.38 88.96 89.74 89.54 89.60 89.51 89.47 89.64 89.92 90.38 90.04 89.09 90.12 88.94 89.64 89.30 89.02 89.09 88.93 89.07 89.70 89.88 89.71 89.63 89.14 88.90 88.41 88.55 88.53 88.56 88.63 88.79 88.79 88.80 88.73 88.70 88.72 88.87 88.79 88.85 88.59 88.76 88.85 88.65 88.99 89.04 88.67 88.77 89.05 88.88 88.59 88.34 88.05 88.09 87.79 88.39 88.50 88.88 89.60 90.14 90.21 90.23 89.90 89.63 89.54 89.48 89.41 89.49 89.53 89.83 89.91 89.74 89.68 89.73 89.83 89.60 88.82 88.68 89.05 88.54 88.02 87.75 87.98 87.75 86.79 88.98 87.55 88.37 88.25 88.20 87.83 87.68 87.52 87.25 87.62 87.97 88.46 88.26 88.44 88.91 89.35 89.68 89.72 89.36 89.21 88.57 88.69 88.95 88.98 88.90 87.85 87.75 88.15 88.73 89.08 89.23 89.31 89.07 89.43 89.39 88.25 88.85 89.01 88.96 89.32
61°S ||     89.65 88.49 87.98 88.71 89.09 89.33 89.29 88.45 88.60 88.86 88.30 88.59 89.32 88.61 90.72 88.72 89.20 89.11 89.85 89.45 89.35 89.29 89.33 88.53 88.32 88.07 89.41 88.96 88.30 88.42 88.99 89.39 89.42 89.26 89.25 88.87 88.39 88.64 88.55 88.53 89.07 88.17 88.69 89.11 88.72 87.54 89.37 89.59 89.65 89.57 89.53 89.72 89.67 89.20 88.64 89.92 89.92 89.62 89.92 89.89 89.78 89.52 89.68 89.75 90.08 90.50 90.12 89.29 90.29 90.33 90.08 89.68 88.52 89.55 89.85 89.18 89.05 89.18 89.04 88.72 87.67 87.68 88.53 88.87 88.56 88.47 88.31 88.68 88.82 88.78 88.87 88.76 88.79 89.02 88.89 88.96 88.89 88.66 88.84 89.00 89.11 88.92 88.82 88.82 88.12 88.85 88.72 88.76 88.78 88.91 89.03 89.10 89.22 89.46 89.80 89.87 89.18 89.11 89.21 88.93 90.65 89.90 88.99 89.30 89.54 89.63 89.90 90.02 89.57 89.96 90.45 90.11 87.26 89.83 89.65 89.42 88.06 88.33 88.30 88.82 87.84 87.79 87.72 87.84 87.91 87.79 87.81 87.56 87.86 87.65 87.85 87.80 87.94 88.13 88.22 89.50 90.26 90.17 90.16 89.98 89.73 89.39 89.12 88.87 88.83 88.43 87.93 88.22 88.31 87.17 88.08 88.98 89.15 88.81 87.61 88.05 88.29 89.39 89.46 89.42
59°S ||     89.74 89.12 88.91 89.28 89.29 89.05 87.60 88.41 88.65 88.39 88.98 88.38 88.68 87.76 88.94 89.47 89.07 89.21 88.86 89.23 89.43 89.45 89.07 88.90 87.93 88.44 88.67 88.75 89.26 88.42 88.69 89.50 89.61 89.21 89.58 89.25 88.60 88.00 87.86 88.07 88.42 89.10 89.48 89.43 89.33 88.90 89.55 89.75 89.99 89.97 89.99 89.99 90.06 90.10 89.74 89.48 89.63 89.39 89.79 89.94 89.52 89.09 90.09 89.91 89.04 90.42 89.00 89.76 90.20 88.27 88.75 89.83 90.70 89.45 90.18 89.27 89.34 88.93 88.67 88.75 88.06 88.18 88.54 88.25 88.32 88.85 88.63 88.56 89.03 87.56 88.65 88.95 89.05 88.92 89.53 88.68 88.58 88.61 89.91 88.54 88.44 88.97 88.78 88.80 88.89 88.95 88.91 88.82 88.80 89.19 89.28 89.54 89.63 89.63 89.39 88.88 88.92 89.06 88.65 88.16 88.22 88.22 89.05 89.57 90.09 90.23 90.34 90.22 90.35 90.60 90.26 90.22 89.83 89.59 89.77 89.47 88.95 87.70 87.15 87.50 89.86 89.64 87.24 87.26 88.83 87.60 87.74 87.02 87.69 88.06 87.45 87.53 88.16 88.97 89.35 89.62 89.87 89.79 89.93 89.92 89.89 89.79 89.64 89.45 88.94 88.58 88.19 88.11 88.35 88.13 89.34 87.47 88.33 88.56 88.21 88.96 89.24 89.00 89.35 89.54
57°S ||     89.49 89.55 89.78 90.10 89.55 88.12 88.57 88.38 87.92 87.99 88.11 89.99 88.06 88.20 87.79 87.87 88.62 89.17 88.65 88.50 89.92 88.56 88.60 88.58 87.76 88.48 88.78 88.76 88.72 87.83 87.26 89.48 89.21 89.33 89.30 89.00 89.18 88.47 88.26 88.34 88.11 88.76 89.02 89.18 89.29 88.97 88.45 88.37 89.36 89.96 90.01 90.09 89.90 89.88 89.59 88.84 88.59 88.60 88.30 88.12 88.88 90.59 89.33 88.61 90.27 90.77 90.51 89.40 91.39 87.02 90.97 89.41 88.67 89.52 89.04 90.19 90.50 90.11 89.68 90.64 90.69 89.52 88.63 88.72 89.01 88.67 88.74 88.44 88.37 88.75 88.83 88.93 88.59 88.23 88.24 88.16 88.18 88.29 88.78 88.28 87.98 88.15 88.14 88.22 88.18 88.90 88.95 89.17 89.36 89.52 89.67 89.84 90.01 90.11 89.93 89.54 89.68 89.68 89.89 89.51 89.38 89.63 90.21 90.63 90.89 90.86 90.89 90.87 90.87 91.05 90.59 90.45 90.16 90.42 90.32 90.22 90.15 89.56 87.55 88.72 89.82 90.23 87.82 88.03 88.63 88.44 88.02 87.78 87.74 88.10 88.59 88.78 88.97 88.69 89.26 88.97 89.56 88.92 88.00 88.27 89.66 89.80 89.72 89.36 88.87 88.54 88.25 88.23 88.34 88.25 87.92 87.79 88.31 88.40 89.49 88.33 88.33 88.45 88.80 89.41
55°S ||     89.57 89.61 89.76 89.85 89.14 89.07 88.97 88.50 88.30 88.85 88.80 88.68 88.48 88.60 88.21 88.47 89.09 88.98 88.99 88.92 88.34 87.60 87.59 89.78 87.55 88.48 88.86 88.88 88.87 88.56 88.30 89.29 89.27 89.14 89.38 88.93 88.63 88.34 87.90 87.78 87.89 87.77 87.71 87.94 88.78 88.46 88.27 88.68 89.31 89.63 89.94 89.98 90.01 89.42 89.03 87.93 88.32 87.82 88.17 90.17 88.78 90.76 90.96 90.33 88.91 91.57 91.50 91.58 91.47 91.47 91.47 91.02 88.57 89.10 90.49 89.64 89.27 90.21 90.00 89.89 89.27 88.89 89.05 89.02 88.90 88.71 88.73 88.43 88.57 88.22 88.50 88.71 88.99 88.61 88.72 89.26 90.14 88.72 88.66 88.78 88.74 88.65 88.00 88.19 87.98 88.27 89.12 89.24 89.52 89.77 89.96 90.11 90.37 90.58 90.55 90.73 90.84 90.95 90.98 91.15 91.28 91.35 91.38 91.41 91.47 91.37 91.29 91.28 91.44 91.13 90.94 90.84 90.66 90.36 90.60 90.50 88.79 89.68 89.51 89.12 88.91 88.70 88.82 88.88 87.74 88.17 88.31 88.31 88.68 89.03 89.42 89.43 90.27 89.84 88.99 89.19 89.43 88.00 88.21 89.77 89.43 89.18 88.98 89.03 88.60 88.45 88.63 88.84 89.12 88.87 88.85 88.17 89.01 88.57 88.31 88.40 88.68 89.15 89.18 89.48
53°S ||     89.63 89.18 89.26 89.98 90.21 88.43 89.26 89.40 89.38 89.14 89.30 88.72 88.49 88.88 88.86 88.86 88.55 88.98 88.86 88.98 88.83 88.08 87.72 88.92 88.43 88.74 89.97 88.71 88.93 88.73 89.11 88.97 88.98 89.32 89.07 89.05 89.00 88.10 87.77 87.72 87.60 87.75 88.27 88.51 88.76 88.93 89.12 89.07 90.05 90.75 88.70 88.79 89.13 88.86 89.02 89.60 89.38 88.53 88.40 89.44 88.90 90.86 90.96 91.07 91.74 91.61 91.49 91.49 91.50 91.51 91.50 91.43 91.23 90.93 89.95 89.72 90.05 90.41 89.50 89.77 89.99 89.78 89.60 89.37 89.08 90.12 89.29 88.77 88.93 88.98 88.61 88.53 88.39 88.91 88.29 88.11 88.47 88.58 88.69 88.53 88.71 88.82 88.31 87.51 88.90 88.64 88.85 89.25 89.41 89.52 90.09 90.32 90.66 90.89 90.98 91.14 91.32 91.38 91.57 91.98 92.45 92.87 93.08 93.16 93.20 92.71 92.54 92.61 92.62 92.53 91.79 91.19 91.21 91.32 90.56 90.77 90.82 90.50 89.22 89.22 89.39 88.84 88.94 88.54 88.74 89.52 88.63 88.62 88.71 88.47 88.77 89.21 89.64 89.87 90.53 89.51 89.35 87.80 89.80 89.38 89.55 89.59 89.59 89.19 88.90 88.83 88.48 88.86 88.21 88.85 89.09 88.37 87.78 87.78 88.40 89.06 89.15 89.27 89.55 89.62
51°S ||     89.50 89.31 88.94 89.03 89.69 89.51 89.40 88.52 89.61 89.04 88.64 88.94 88.76 89.04 88.86 88.74 88.85 88.13 88.69 88.78 88.55 88.15 87.66 87.48 87.16 88.44 88.09 88.52 88.86 88.87 88.75 88.97 88.64 88.57 88.75 88.46 88.48 88.34 88.03 87.24 87.21 87.05 87.43 88.52 88.75 88.97 89.10 88.71 90.13 90.57 88.63 88.59 88.08 87.78 88.92 90.02 90.24 90.20 89.10 88.42 88.45 88.70 90.99 91.41 91.56 91.45 91.54 91.49 91.49 91.49 91.49 91.54 91.23 91.25 91.33 91.49 90.07 90.14 89.69 89.71 89.89 89.76 89.27 89.04 88.77 89.44 88.56 88.67 88.93 88.89 88.84 88.90 89.03 89.11 88.78 88.34 88.47 88.56 88.64 88.21 88.87 88.51 88.17 88.66 88.51 88.71 89.10 89.44 89.73 89.79 90.47 90.66 90.74 91.07 91.22 91.39 91.57 91.99 92.60 93.41 93.70 94.16 94.33 94.59 94.56 94.58 94.35 94.35 94.20 93.96 94.34 93.72 91.65 91.58 91.23 90.96 90.23 88.80 88.03 89.77 89.38 88.68 89.78 88.64 88.02 88.29 88.67 89.30 89.02 89.13 89.56 89.60 89.45 89.33 88.65 89.34 89.40 89.58 89.46 89.49 89.41 88.89 89.04 89.46 89.40 89.16 88.59 89.40 88.95 89.33 88.91 88.47 88.96 88.30 88.42 88.76 88.93 89.19 89.30 89.47
49°S ||     88.52 88.79 88.63 89.08 89.97 90.21 90.36 89.39 89.39 88.32 88.80 88.30 88.29 88.12 88.44 88.24 88.17 88.21 87.46 87.73 88.06 88.35 87.55 87.40 88.06 87.84 88.23 88.84 88.82 88.81 88.61 88.87 88.49 87.23 87.22 87.40 87.71 87.71 87.75 87.24 87.06 87.14 87.31 88.20 88.59 88.82 88.86 88.86 88.79 88.67 88.47 88.12 87.62 87.41 87.68 88.16 89.34 89.43 88.67 88.45 90.47 90.77 90.93 91.13 91.44 91.64 91.50 91.52 91.49 91.57 91.58 91.44 91.32 90.42 90.79 89.82 89.79 90.16 89.65 89.80 89.80 89.70 89.37 88.96 88.99 88.48 88.63 90.24 89.45 88.94 88.72 88.87 89.54 89.56 88.90 88.64 87.93 89.09 88.30 88.28 88.23 88.24 88.55 88.95 89.06 88.65 88.60 89.49 89.74 90.14 89.72 90.45 91.01 91.28 91.57 92.01 92.64 93.07 93.75 94.20 94.93 95.40 94.93 94.89 93.84 94.43 94.54 94.67 94.51 94.46 94.49 94.53 94.26 93.70 92.32 91.55 90.90 90.14 90.53 89.98 90.26 89.49 88.38 88.97 89.15 88.15 88.87 88.63 89.18 89.35 88.62 89.15 89.13 89.08 88.94 89.43 89.18 88.95 88.58 88.61 87.36 88.19 89.00 88.87 88.51 89.12 89.56 89.91 89.19 89.88 89.76 89.41 89.34 88.80 88.33 87.90 88.11 88.36 88.76 88.95
47°S ||     88.30 88.84 88.56 88.52 89.29 89.94 89.16 88.58 89.15 88.67 88.33 88.46 87.41 88.82 87.61 87.85 87.02 87.25 88.05 87.82 88.34 87.68 88.05 88.39 88.34 88.84 88.15 88.53 88.74 88.71 88.73 88.72 88.80 87.91 87.71 87.86 88.16 88.22 88.20 87.89 87.46 87.33 87.70 87.82 87.69 88.36 88.38 88.49 88.26 88.31 87.95 87.77 87.39 87.39 87.32 87.67 88.01 87.99 88.57 89.11 88.06 90.11 89.66 90.86 90.87 91.51 91.62 91.60 91.57 91.62 91.59 91.49 91.39 90.54 90.85 90.80 89.83 89.74 89.48 88.86 89.62 89.33 89.20 89.14 88.75 88.80 88.51 88.79 89.16 89.01 89.12 89.13 89.75 89.06 88.79 88.00 88.34 88.18 88.54 89.17 88.33 87.91 88.16 88.53 89.56 89.58 89.07 89.45 90.00 89.90 89.70 90.15 90.87 91.01 92.61 93.86 94.34 95.19 95.69 94.86 94.36 94.67 95.07 94.95 94.48 94.14 93.89 94.32 94.52 94.40 94.42 94.21 94.23 94.14 93.54 92.50 91.68 91.18 90.78 90.56 90.43 90.27 89.59 89.04 89.71 89.67 89.03 89.45 89.37 89.37 89.39 88.71 88.53 88.95 88.50 88.81 88.88 88.24 87.86 88.59 89.44 89.58 88.52 88.43 89.00 89.63 89.46 89.68 89.91 89.78 89.71 89.63 88.65 88.68 88.34 88.96 88.58 88.41 88.83 88.69
45°S ||     88.87 88.96 88.79 88.85 89.15 89.10 89.24 89.27 89.40 88.46 88.19 88.77 88.21 87.99 88.08 88.09 89.15 88.01 88.43 88.56 88.31 88.62 89.34 88.19 88.59 88.88 88.66 88.52 88.53 88.49 88.34 88.44 88.36 88.14 88.14 88.10 88.13 88.17 88.28 88.30 87.94 87.83 88.02 87.92 87.90 88.12 88.12 87.90 87.72 87.52 87.43 87.42 87.37 86.88 86.70 87.84 88.30 88.46 88.91 89.24 89.66 89.61 90.13 90.32 90.29 91.26 91.42 92.27 92.15 91.74 91.65 91.54 91.19 91.00 90.75 90.92 89.62 89.54 89.49 90.54 89.05 89.29 88.95 88.88 88.79 88.67 88.66 89.23 89.21 89.08 88.93 89.02 89.30 88.99 88.73 88.85 88.40 88.43 88.37 89.20 87.47 88.18 88.39 88.48 89.19 88.46 89.16 89.46 89.74 89.79 89.94 89.84 90.89 91.61 93.92 94.46 95.55 95.69 94.98 95.42 95.18 95.46 95.26 95.23 94.96 95.37 95.51 94.46 94.29 94.82 94.41 94.29 94.29 94.15 93.52 93.18 92.03 91.34 90.97 90.75 90.44 90.59 88.37 89.74 89.76 89.43 89.57 89.22 89.03 89.44 89.05 88.82 89.14 88.78 88.87 88.48 88.23 88.31 87.76 87.00 88.30 88.07 88.65 89.65 89.79 89.67 89.06 89.85 89.21 89.29 89.64 89.51 88.65 88.69 88.82 87.85 87.90 88.54 88.77 88.66
43°S ||     89.51 88.59 89.65 89.19 89.49 89.08 89.21 89.16 88.90 88.62 88.18 88.27 88.04 87.83 88.19 88.23 88.64 88.74 88.58 88.54 87.99 88.25 88.46 88.48 88.16 88.55 88.66 88.66 87.93 88.25 88.10 88.39 88.43 87.96 88.03 88.02 88.06 88.18 88.38 88.49 87.85 87.58 86.55 86.62 87.47 87.88 87.72 87.47 87.51 87.23 87.11 87.12 87.02 87.12 87.17 87.95 88.06 88.28 88.38 88.83 88.83 88.96 89.52 88.95 90.66 90.54 91.11 91.20 91.28 91.33 91.26 91.24 90.73 91.01 90.84 89.80 89.65 89.86 89.68 89.81 89.50 90.93 88.95 89.17 88.97 88.96 88.79 89.30 89.24 88.93 88.82 89.03 89.08 88.96 88.91 88.61 88.88 88.57 88.96 88.37 88.28 88.41 88.23 87.78 87.85 88.26 89.05 89.97 89.33 89.63 89.77 89.93 91.05 92.35 94.28 95.26 95.23 94.92 95.19 95.62 95.35 95.32 95.00 95.39 95.29 94.52 94.69 94.60 94.89 94.58 94.38 94.34 94.11 93.76 92.73 92.62 92.07 91.45 90.91 90.96 90.76 90.81 90.45 90.35 90.06 89.84 89.56 89.32 89.34 90.10 89.63 89.44 89.36 88.91 88.85 88.50 88.17 88.16 88.23 88.26 88.02 88.14 88.92 89.85 90.07 90.03 89.79 89.65 89.20 89.45 89.41 89.57 88.04 88.91 88.95 89.79 88.58 88.86 89.21 89.15
41°S ||     89.72 89.60 89.64 90.07 89.83 88.97 89.09 88.98 89.67 90.12 90.83 90.64 89.22 88.29 88.58 88.45 87.95 88.24 87.91 88.30 87.91 88.53 88.47 88.46 88.24 87.33 87.90 88.11 88.36 87.86 87.73 88.01 87.81 87.82 87.58 87.90 87.98 88.17 88.21 86.06 85.74 85.57 83.85 83.61 83.69 85.89 85.89 85.90 86.67 87.03 86.74 87.15 86.88 87.07 87.03 87.10 87.21 87.75 88.74 88.55 88.18 87.59 89.11 89.88 89.83 90.51 90.50 90.81 91.13 91.17 91.12 90.75 91.00 90.32 90.39 90.37 90.11 91.05 90.00 89.47 89.71 89.55 89.13 89.13 88.91 88.91 89.08 89.41 89.39 89.20 88.89 89.14 88.79 88.84 88.97 88.38 88.20 88.76 88.68 88.53 88.15 88.25 87.70 87.45 89.23 88.41 88.83 89.50 89.52 89.55 89.85 90.20 91.03 92.40 93.91 95.29 95.29 94.51 95.43 95.46 95.44 95.22 95.51 95.66 95.16 94.52 94.89 94.98 94.72 94.89 94.62 94.29 93.54 92.92 92.62 92.36 91.78 91.40 91.24 90.99 91.11 90.16 89.90 90.21 89.05 89.13 89.59 89.71 89.78 89.72 89.60 89.60 89.60 88.84 88.68 88.61 88.34 88.82 88.74 88.49 88.42 88.36 89.07 89.53 89.70 89.57 89.68 89.57 88.71 89.21 89.21 88.36 88.26 89.07 88.98 89.11 89.15 89.40 89.63 89.23
39°S ||     89.54 89.69 89.34 88.89 89.90 88.88 89.38 89.22 88.39 88.89 90.35 90.34 88.67 88.31 88.97 88.64 88.93 88.40 88.67 88.74 88.93 88.10 88.96 88.95 88.64 88.64 88.39 88.08 88.24 88.11 87.97 86.06 87.16 87.59 87.59 87.78 87.93 87.90 87.15 86.98 86.38 85.12 84.80 84.88 85.24 85.37 85.27 85.52 84.95 86.02 86.74 86.78 86.81 86.92 87.09 87.13 87.39 87.74 87.84 88.39 88.42 88.60 88.11 88.38 89.28 88.67 89.97 91.02 90.93 90.86 90.92 90.90 90.50 90.30 90.46 90.31 90.20 89.94 89.74 89.76 89.68 89.69 89.50 89.24 89.19 88.90 89.31 89.65 89.24 89.16 89.43 89.48 89.36 88.83 89.09 88.62 88.63 88.58 88.53 89.03 88.23 88.45 88.02 88.14 88.04 87.99 88.81 89.30 89.60 89.66 89.67 90.44 91.09 91.64 93.67 95.40 95.71 95.55 95.01 95.35 95.69 95.51 95.63 95.67 95.29 94.90 95.30 94.99 95.12 94.69 94.39 93.79 93.07 92.70 92.20 91.92 91.75 91.61 91.21 90.67 90.53 89.87 89.78 89.67 89.63 89.88 90.05 89.82 88.96 89.65 89.72 89.84 89.52 89.30 88.88 89.17 88.88 88.54 89.20 89.01 88.67 88.52 88.56 88.82 89.21 89.37 89.88 89.65 89.30 89.26 89.39 89.16 89.56 89.44 89.47 89.13 89.30 89.57 89.76 89.91
37°S ||     89.92 89.69 89.68 89.23 90.48 90.13 89.61 88.66 88.08 87.41 87.11 88.12 87.98 88.94 89.41 89.37 89.37 89.37 89.17 89.05 89.03 89.00 88.63 88.86 88.48 88.08 88.17 87.68 87.55 88.12 87.99 87.04 87.20 86.59 87.31 86.40 86.99 85.11 85.23 86.94 85.06 84.32 85.56 85.59 85.50 85.46 85.66 86.35 85.75 85.73 85.52 86.12 86.73 87.24 87.26 87.39 87.29 87.90 88.04 87.87 87.86 88.70 88.69 89.12 89.68 89.68 90.16 90.38 88.73 90.62 90.25 90.35 90.41 90.53 90.37 90.18 90.03 90.00 90.01 89.73 89.43 89.25 88.90 90.47 89.28 89.02 89.04 88.91 89.55 89.17 89.33 89.49 89.43 89.17 88.64 88.97 88.54 88.45 88.92 88.87 88.18 88.13 87.97 88.16 88.37 88.34 90.02 88.90 89.50 89.78 89.87 90.00 90.58 91.47 92.44 94.89 95.74 96.09 96.45 95.40 95.47 95.50 94.96 95.62 95.04 95.13 94.91 95.02 94.95 94.81 94.59 93.48 92.59 92.25 91.83 91.65 91.43 91.23 90.99 90.73 89.99 90.07 89.46 89.48 89.31 89.47 89.82 89.85 89.81 89.65 89.85 89.67 89.56 89.48 89.29 89.32 89.59 89.34 89.22 88.43 88.81 88.76 88.26 88.24 89.02 89.25 89.85 89.34 89.38 89.54 89.72 89.68 89.65 89.62 89.38 89.18 89.95 90.11 89.95 90.39
35°S ||     89.90 90.48 89.70 88.86 89.55 88.80 88.71 88.90 88.20 87.41 87.27 88.14 88.92 89.12 89.31 89.21 89.36 87.79 89.07 89.00 88.92 88.69 88.69 88.47 87.93 88.19 87.99 87.84 87.29 87.44 87.12 86.98 87.08 86.80 86.93 87.10 86.40 85.01 85.11 85.06 84.54 85.53 86.23 86.12 85.81 86.07 85.89 85.97 86.24 86.29 86.11 85.28 86.05 87.10 87.45 87.68 87.68 87.72 87.75 87.87 88.08 88.28 88.27 89.48 89.43 88.77 89.05 89.53 89.44 90.33 90.22 90.38 90.11 89.75 89.89 90.08 90.08 90.05 90.27 89.90 89.47 89.11 89.33 89.12 89.22 88.83 88.73 88.88 89.04 89.14 89.17 89.39 89.28 88.79 88.80 88.77 89.04 89.34 88.54 88.38 88.42 87.79 87.93 88.35 88.54 88.48 88.57 89.00 89.68 89.50 89.47 89.72 90.14 90.46 91.39 92.46 95.31 95.77 96.20 96.30 95.44 95.39 96.13 96.09 94.98 95.10 95.01 94.86 94.94 94.72 93.82 92.14 91.73 91.63 91.52 91.39 91.44 91.22 91.19 91.15 90.24 89.84 88.90 89.43 89.16 89.33 89.51 89.61 89.77 89.87 89.69 89.45 88.73 88.75 88.83 89.18 88.84 88.61 88.99 89.24 88.97 88.61 89.10 89.34 89.13 89.14 88.96 89.24 89.20 88.68 89.78 89.85 89.50 89.42 89.62 89.73 90.34 90.15 89.72 89.02
33°S ||     89.97 90.08 88.85 88.66 88.87 87.94 88.37 87.42 87.45 88.05 87.99 88.27 88.99 89.17 89.54 89.09 89.38 89.41 89.01 89.00 88.20 88.70 88.62 88.59 88.25 87.97 87.98 87.77 87.54 87.25 87.08 86.28 86.65 86.43 86.11 86.29 85.64 84.71 84.55 83.91 84.14 85.57 86.41 86.04 86.75 86.13 87.00 87.08 86.83 86.87 86.26 85.36 84.61 86.18 87.07 87.66 87.64 87.73 87.79 87.79 88.21 88.68 88.57 89.42 89.53 89.61 89.57 89.56 89.48 89.30 89.55 90.14 90.08 89.74 90.18 89.74 90.24 89.96 89.89 89.99 89.72 89.47 89.72 89.31 89.23 89.07 89.00 88.87 88.88 88.99 89.04 88.68 88.92 89.12 88.85 88.99 88.73 89.01 88.67 88.10 88.27 88.07 87.81 88.05 88.32 88.45 88.47 88.38 89.12 89.47 89.29 89.24 89.01 89.44 90.19 91.27 93.21 94.71 95.46 95.96 95.94 96.31 95.17 94.93 95.17 95.15 94.83 94.78 93.81 92.79 92.29 91.55 91.31 91.27 91.25 91.24 91.33 91.26 91.08 91.01 90.63 89.86 89.43 89.29 89.11 89.05 89.26 89.21 89.35 89.52 89.48 89.18 89.01 88.79 88.21 88.10 88.23 88.17 88.91 88.45 88.84 89.15 88.64 88.95 88.81 88.74 89.16 89.32 89.58 89.09 89.32 89.85 88.98 89.55 89.57 89.76 89.93 89.70 89.34 89.32
31°S ||     89.87 89.07 88.91 88.81 88.12 88.20 87.65 88.10 88.25 88.09 88.29 88.33 88.77 89.08 89.39 89.38 89.38 88.87 88.69 89.01 88.56 88.62 88.53 88.45 88.23 88.17 87.94 87.73 87.41 87.08 86.79 86.62 86.57 85.99 85.83 86.36 85.54 84.52 84.65 83.89 84.81 85.60 85.98 86.56 86.80 87.02 87.05 87.27 87.27 87.39 86.46 85.36 85.75 85.86 86.01 85.98 87.32 87.92 87.91 88.26 88.71 89.12 89.39 89.46 89.65 89.59 89.68 89.83 89.74 89.68 89.79 90.64 89.72 89.45 89.67 89.64 89.74 89.85 90.05 90.01 90.08 89.96 89.68 89.68 89.51 89.09 88.78 88.62 88.84 88.89 88.89 88.98 88.68 88.93 89.00 88.88 88.96 88.82 88.77 88.31 88.27 88.78 88.43 88.23 88.53 88.72 88.82 88.50 89.17 89.44 89.70 89.25 89.68 89.59 90.45 90.46 91.24 91.50 91.81 94.20 95.05 95.67 94.71 95.02 94.81 94.92 94.47 93.86 91.76 91.31 91.56 91.44 91.20 91.18 91.14 90.91 90.87 91.06 91.02 90.78 90.68 89.46 89.49 89.17 89.33 88.84 89.00 88.97 89.00 89.10 89.24 89.01 88.78 88.78 88.39 88.31 89.00 88.10 87.92 87.73 88.94 89.32 89.76 89.08 89.29 89.48 89.63 89.52 89.55 89.40 89.22 89.51 89.12 89.43 89.41 89.22 89.42 89.59 89.55 89.49
29°S ||     89.85 89.04 87.63 88.79 88.09 87.92 88.50 88.04 88.37 88.18 88.18 88.43 89.04 89.27 89.38 89.32 89.28 88.13 89.10 89.05 88.83 88.53 88.52 88.38 88.29 88.11 87.93 87.62 87.28 86.99 86.72 86.39 86.19 86.13 86.09 85.34 85.38 84.92 83.62 82.79 84.72 85.74 86.17 86.48 86.82 87.11 87.30 87.44 87.54 87.54 87.50 87.35 86.66 86.68 86.59 85.89 86.19 86.70 87.87 88.20 88.77 89.47 89.61 89.57 89.97 89.62 89.45 89.59 89.84 89.80 89.98 90.30 89.98 89.57 89.83 90.14 89.88 89.84 90.22 90.14 90.08 90.09 89.81 89.93 89.26 89.22 89.06 88.80 88.67 88.87 88.98 89.00 89.13 89.04 88.99 88.90 88.93 88.43 88.81 88.42 88.94 89.01 88.68 88.69 88.97 89.09 89.18 89.07 88.46 89.35 89.04 89.64 89.81 89.94 89.21 89.54 90.79 90.66 91.17 91.17 91.47 91.47 92.15 93.69 92.70 92.90 91.82 92.18 91.30 91.11 90.92 90.65 90.93 91.06 90.93 90.61 90.76 90.72 90.64 90.09 90.02 89.66 89.35 89.19 89.14 88.97 88.94 89.03 89.03 89.08 89.12 88.89 88.86 88.37 88.62 88.16 87.66 87.93 88.75 87.65 88.70 89.20 89.39 88.87 89.44 88.56 89.38 89.59 89.31 89.16 89.36 89.21 88.98 89.11 89.21 89.42 89.23 89.41 89.56 89.75
27°S ||     89.45 88.98 88.93 88.88 88.22 88.08 88.70 87.76 88.23 88.60 88.49 88.93 88.85 89.03 89.39 89.13 89.40 88.49 89.08 88.45 88.48 88.50 88.37 88.34 88.13 88.00 87.85 87.71 87.24 86.91 86.56 86.24 85.86 85.86 85.69 85.85 86.05 84.72 84.46 83.00 84.96 85.78 86.15 86.56 86.91 87.21 87.43 87.58 87.67 87.84 87.82 87.90 87.64 87.02 87.03 87.14 87.44 87.43 87.36 87.37 87.16 88.82 89.65 89.69 89.64 89.66 89.78 89.99 89.74 89.63 89.67 90.33 90.42 90.65 90.17 89.76 90.09 90.11 90.34 90.32 90.29 90.27 90.13 89.83 89.68 89.39 89.45 89.47 89.04 88.90 88.85 89.08 89.09 88.65 88.81 88.95 88.97 88.66 88.64 88.63 88.93 89.20 88.61 88.95 89.15 89.02 89.36 88.65 88.22 88.51 89.21 89.24 89.57 89.36 89.30 89.42 89.44 90.72 90.66 90.85 90.97 90.93 91.16 91.21 91.24 91.35 91.55 91.34 91.30 91.06 90.68 90.85 90.92 90.74 90.34 90.54 88.32 90.61 90.59 88.87 89.45 89.07 88.96 88.96 88.99 89.01 89.01 89.03 88.93 88.89 88.86 88.59 88.08 87.96 87.82 88.13 88.79 87.75 87.84 88.54 88.17 88.68 89.21 89.19 89.67 88.71 89.45 89.20 89.41 89.57 89.47 89.27 88.81 88.57 88.61 89.05 89.05 89.13 89.55 89.61
25°S ||     89.59 88.77 89.17 88.86 88.80 88.73 88.89 89.29 88.68 89.05 88.85 89.51 89.51 89.40 89.53 89.27 89.33 88.87 88.47 88.96 88.58 88.39 88.33 88.19 88.04 87.82 87.67 87.49 87.11 86.64 86.30 86.00 85.74 85.56 85.49 84.85 85.22 85.58 84.45 84.77 85.20 85.72 86.21 86.57 86.80 87.08 87.27 87.52 87.68 87.70 87.89 87.95 87.66 87.27 86.39 87.11 87.44 87.62 87.64 87.50 86.79 88.08 89.37 89.44 89.59 89.61 89.60 89.01 89.28 89.44 89.52 89.56 90.15 90.82 90.99 90.28 90.43 90.52 90.72 90.43 90.43 90.32 90.59 90.18 90.43 89.69 89.78 89.79 89.74 89.00 89.38 89.23 89.51 88.56 89.02 88.97 88.97 88.49 88.13 88.89 88.93 88.79 88.88 88.93 88.77 88.36 88.86 88.14 87.91 88.29 88.62 88.74 89.15 88.98 89.58 90.13 89.71 90.38 90.63 90.80 90.93 90.82 90.73 91.13 90.88 91.26 91.17 90.71 90.59 90.39 90.57 90.27 90.24 90.50 90.24 89.38 89.26 89.63 88.64 89.12 88.96 88.73 88.56 88.62 88.73 88.81 89.17 88.87 88.82 88.68 88.62 88.40 88.00 87.59 87.75 88.04 88.48 87.99 87.46 87.92 87.82 88.27 88.74 89.21 88.82 88.86 89.36 88.85 89.19 89.40 89.35 88.90 88.55 89.22 89.24 89.02 89.17 89.62 89.91 89.51
23°S ||     89.53 89.49 88.90 88.91 88.81 88.94 89.18 89.38 89.56 89.63 89.61 89.56 89.79 89.88 89.54 89.71 88.22 88.59 89.04 88.59 88.58 88.28 88.27 88.15 87.96 87.66 87.42 87.08 86.70 86.32 85.98 85.60 85.40 85.29 85.34 85.27 84.49 84.85 84.39 84.65 85.14 85.69 86.04 86.31 86.57 86.80 87.06 87.30 87.57 87.73 88.04 88.01 88.00 87.64 86.88 87.07 87.40 87.43 87.40 87.05 86.39 88.29 89.19 89.26 88.94 89.16 89.45 89.05 89.45 89.42 89.23 89.75 89.93 90.54 90.72 90.85 90.35 90.52 90.38 90.58 90.57 90.47 90.50 90.76 90.35 89.95 90.07 90.20 90.02 88.80 89.49 89.24 89.56 89.61 89.61 89.06 88.95 90.18 88.92 88.43 88.61 88.38 88.16 87.99 88.31 88.76 87.96 87.90 87.59 88.21 88.49 88.99 88.86 88.48 88.45 88.75 89.40 89.68 90.00 90.24 90.68 90.43 90.69 90.90 90.91 91.13 90.84 90.41 90.39 90.20 89.78 89.84 90.03 90.15 89.23 88.63 87.94 88.14 88.56 88.88 88.64 88.42 88.08 88.25 88.59 88.71 88.79 88.90 88.61 88.55 88.47 88.40 88.61 88.45 88.54 87.96 88.48 87.99 87.60 87.95 87.56 88.44 88.69 88.97 88.98 89.18 89.07 89.25 89.14 89.79 89.16 90.16 89.12 89.21 89.28 89.21 89.01 89.73 90.11 89.50
21°S ||     89.25 89.36 88.90 88.91 88.88 88.90 89.28 90.05 89.72 89.60 89.45 89.50 89.62 89.44 89.58 89.69 89.25 88.84 88.88 88.63 88.44 88.23 88.17 88.00 87.80 87.57 87.17 86.70 86.19 85.77 85.47 85.13 84.92 84.89 85.02 84.56 84.72 84.06 84.20 84.68 85.05 85.46 85.71 85.98 86.28 86.50 86.82 87.06 87.32 87.55 87.70 87.91 87.96 87.56 87.07 87.37 86.98 87.27 86.97 86.64 86.72 87.08 89.04 89.02 89.12 88.96 89.35 89.48 89.42 89.46 89.63 89.60 89.86 90.17 90.73 90.97 90.70 90.55 90.69 90.75 90.65 90.60 90.54 90.74 90.62 90.76 90.22 90.25 90.01 89.57 89.40 89.57 89.74 89.81 89.34 89.17 88.98 88.60 88.55 88.73 88.84 88.95 87.91 88.29 88.57 88.46 88.70 87.69 87.60 88.06 88.57 88.14 88.67 88.65 88.74 89.04 89.19 89.67 89.75 90.24 90.41 90.58 90.18 90.72 90.46 90.34 90.34 89.28 89.77 89.77 89.61 89.42 89.92 89.24 88.76 88.50 87.33 87.47 88.35 88.20 88.43 88.41 88.02 87.69 88.61 88.74 88.77 88.81 88.82 88.56 88.29 88.03 87.75 88.06 88.85 88.07 88.26 88.19 87.68 88.42 88.29 88.49 88.35 88.35 88.99 89.16 89.42 89.18 88.89 89.73 89.89 89.52 89.58 89.87 89.75 89.18 88.78 89.35 89.36 89.09
19°S ||     88.42 88.76 88.77 88.57 88.99 89.29 89.69 90.45 90.41 89.99 89.83 89.51 89.63 89.61 89.81 89.59 89.34 89.20 88.69 88.62 88.42 88.17 88.00 87.73 87.54 87.27 86.89 86.22 85.41 84.98 84.71 84.58 84.45 84.56 84.76 83.32 84.44 83.97 84.10 84.38 84.56 84.91 85.19 85.47 85.83 86.17 86.52 86.79 87.12 87.33 87.48 87.59 87.75 87.69 87.27 86.86 86.84 86.83 86.97 86.86 86.52 87.91 88.77 88.71 88.93 89.12 89.52 89.57 89.64 89.41 89.58 89.81 90.14 90.58 91.10 91.11 91.07 90.59 90.74 90.80 90.93 90.73 90.63 90.60 90.83 90.84 90.46 90.14 90.16 90.24 90.00 89.81 89.86 89.74 89.27 89.40 88.98 88.85 89.11 88.32 88.73 88.82 88.11 88.51 88.05 88.41 87.69 87.50 88.03 88.05 87.86 88.25 88.23 88.45 88.59 88.79 88.83 88.77 88.85 89.90 90.13 90.14 90.25 90.24 89.99 89.98 89.48 89.48 89.57 89.44 89.36 88.81 88.61 88.92 88.57 88.24 87.76 87.60 88.03 88.25 88.55 88.59 88.81 88.80 88.65 88.70 88.74 88.76 88.62 88.51 88.75 88.19 87.79 87.89 88.33 88.48 88.36 88.57 88.03 88.47 88.59 88.38 88.27 88.19 88.79 88.81 88.68 88.61 89.34 89.80 90.11 90.27 90.36 90.59 90.24 90.29 90.11 89.79 89.87 88.50
17°S ||     88.48 88.46 88.63 89.02 89.05 89.33 90.12 90.29 90.28 90.17 89.99 89.66 89.75 89.05 89.72 90.20 89.43 89.41 88.99 88.56 88.38 88.16 87.75 87.44 87.23 86.93 86.45 85.40 84.54 84.01 83.93 84.00 84.17 84.32 84.02 83.44 83.80 83.99 83.86 83.76 83.87 84.26 84.64 84.93 85.41 85.80 86.17 86.45 86.79 87.08 87.21 87.43 87.45 87.54 87.18 86.80 86.30 86.33 86.86 86.75 86.52 88.04 88.73 88.13 88.59 90.80 91.41 90.79 89.52 89.70 89.22 89.74 90.06 90.42 91.10 91.07 91.09 90.58 90.82 90.66 90.84 90.77 90.78 90.77 90.81 90.76 90.59 90.58 90.47 90.27 89.84 89.90 89.91 89.74 89.48 89.47 89.03 89.09 88.71 89.42 88.86 88.58 88.14 88.13 88.11 88.04 88.16 87.64 88.16 88.14 88.30 88.10 87.90 87.89 88.22 88.29 88.49 89.15 89.24 88.73 89.30 89.18 89.41 89.43 89.33 89.81 89.69 89.67 89.55 89.38 88.78 88.88 87.75 88.12 88.26 88.08 87.50 87.52 88.08 88.34 88.65 88.69 88.82 88.93 88.72 88.68 88.65 88.58 88.54 88.28 88.43 88.33 87.97 88.10 87.96 88.05 88.32 88.56 88.33 88.91 88.57 88.53 88.29 88.10 89.14 88.16 88.49 88.77 89.38 90.07 90.25 90.46 90.46 90.63 90.76 90.38 90.41 90.10 90.37 89.62
15°S ||     89.94 88.50 89.47 89.18 89.56 89.79 90.67 90.59 90.10 90.19 90.17 89.70 89.48 89.55 89.75 90.14 88.56 89.48 89.76 88.69 88.45 88.11 87.79 87.47 87.06 86.55 85.73 84.39 83.05 82.64 83.06 83.60 83.76 84.01 84.15 84.09 84.26 84.29 83.65 83.33 83.31 83.85 84.19 84.51 84.99 85.54 85.93 86.23 86.44 86.60 86.62 87.03 87.23 87.25 86.93 86.81 86.43 87.43 86.70 87.60 88.05 90.54 91.15 91.32 91.54 91.45 91.32 91.51 91.50 89.86 89.72 90.31 90.22 90.36 90.93 90.92 91.03 90.90 90.79 90.74 90.78 90.79 90.75 90.86 90.74 90.69 90.70 90.56 90.45 90.36 90.42 90.20 90.05 89.68 89.49 89.51 89.38 89.14 88.58 89.12 88.41 88.53 88.37 88.01 88.13 87.85 87.99 87.96 87.80 87.88 88.32 87.81 87.63 87.61 87.70 87.37 88.30 89.12 89.16 89.19 88.71 89.21 89.18 89.06 89.35 89.55 89.51 89.74 89.12 88.73 88.52 87.63 87.53 87.58 87.87 87.73 87.48 87.66 87.71 88.16 88.49 88.74 88.69 88.72 88.85 88.73 88.52 88.62 88.30 88.50 88.29 88.53 87.89 87.59 88.56 88.76 88.07 88.74 88.79 88.52 88.59 88.47 88.10 88.34 88.82 88.97 88.83 88.86 89.15 90.29 90.56 91.00 90.85 90.77 90.35 90.88 90.56 91.03 89.57 89.76
13°S ||     90.11 90.01 89.66 89.33 89.59 90.06 90.48 90.77 90.63 90.74 90.50 90.01 89.86 90.05 90.02 90.11 89.56 89.50 89.33 88.94 88.60 88.18 87.83 87.47 86.95 86.31 85.36 83.51 81.43 80.99 82.14 83.17 83.50 83.59 83.67 84.32 84.10 84.06 83.50 83.25 83.29 84.44 83.75 84.22 84.74 85.23 85.71 86.01 86.25 86.42 86.47 87.22 86.64 87.99 91.13 90.52 90.59 88.60 91.38 91.70 90.43 88.11 88.02 88.28 90.68 91.24 90.88 90.85 89.09 91.38 89.88 90.10 90.37 90.57 90.66 90.88 90.85 91.03 91.12 90.85 90.81 90.82 90.80 90.79 90.64 90.69 90.79 90.62 90.43 90.64 90.51 90.41 90.20 89.90 90.24 89.73 89.51 89.22 89.05 89.05 89.00 88.69 88.28 88.07 87.86 88.36 87.91 87.88 87.75 87.67 87.70 87.86 87.45 87.84 87.73 87.97 87.99 88.82 89.02 88.87 88.94 89.20 89.04 89.03 88.72 89.22 89.29 89.32 89.08 88.85 87.80 87.54 87.23 87.76 87.63 87.84 87.43 87.60 88.29 88.32 88.84 88.72 88.86 88.77 88.84 88.77 88.39 88.22 88.17 88.24 88.20 87.97 88.38 87.90 88.80 88.78 88.25 88.26 88.63 88.75 88.46 88.57 88.18 88.04 88.40 89.39 89.44 89.63 90.04 90.62 90.80 90.95 90.99 90.94 90.91 91.00 91.05 90.94 91.05 90.92
11°S ||     91.03 90.81 91.06 91.08 90.32 90.30 90.54 90.81 90.64 90.64 90.51 90.44 90.49 90.09 90.32 90.19 90.09 89.72 89.51 89.13 88.72 88.41 87.90 87.46 86.80 86.20 85.33 83.71 81.49 79.73 80.67 83.15 83.40 83.42 83.34 83.95 83.88 83.60 83.16 82.94 83.38 83.71 83.66 84.15 84.58 84.99 85.67 85.88 86.08 86.31 86.20 86.89 90.42 91.00 91.76 91.75 88.86 85.71 85.52 86.59 87.28 87.49 87.80 88.04 88.54 88.42 88.64 90.15 89.41 89.60 91.49 90.46 91.48 90.97 90.76 91.00 91.10 90.98 91.07 91.10 90.87 90.87 90.90 90.83 90.85 90.81 90.94 90.73 90.79 90.61 90.60 90.76 90.25 90.07 89.83 89.82 89.87 89.46 88.15 88.56 89.05 89.12 88.57 88.31 88.20 87.86 87.82 87.90 87.67 87.71 88.17 87.83 87.93 87.63 87.89 88.04 87.97 88.22 88.62 88.40 88.55 88.83 88.78 88.68 88.35 89.18 89.10 89.37 89.09 89.05 88.74 87.90 87.33 87.55 87.49 88.05 87.69 88.15 88.51 88.54 88.99 88.90 88.74 88.84 88.87 88.84 88.70 88.77 88.48 88.46 88.30 87.93 87.53 88.02 87.95 88.22 88.64 88.75 88.49 88.96 88.67 89.21 89.50 89.14 89.36 90.54 89.55 90.01 90.27 90.73 90.87 90.90 91.07 91.03 91.09 91.14 91.14 90.82 90.94 90.71
9°S ||     90.50 90.71 90.67 90.90 91.07 90.49 90.83 90.64 90.83 90.91 90.62 90.73 90.52 90.43 90.44 90.22 90.21 89.92 89.71 89.28 88.98 88.49 88.11 87.58 87.02 86.34 85.54 84.78 81.85 78.57 78.56 82.15 83.28 83.29 83.36 83.25 83.65 83.44 83.48 83.17 83.30 83.91 85.53 87.14 86.01 85.05 85.62 86.20 86.15 86.57 90.18 91.25 91.23 91.61 90.56 86.19 85.30 87.30 85.93 87.19 87.47 87.63 88.35 88.24 88.73 88.95 90.36 89.47 91.09 89.81 91.51 91.50 91.58 91.36 91.23 91.10 90.88 91.02 91.03 91.26 91.10 90.85 90.94 90.95 90.92 90.92 91.04 90.78 90.79 90.77 90.92 90.46 90.46 90.37 90.07 89.74 89.84 89.56 88.89 88.78 89.10 88.86 88.45 88.63 88.58 88.15 87.85 88.22 89.44 89.82 87.95 88.29 88.08 88.18 88.13 87.99 88.01 88.10 88.38 88.45 88.44 88.23 88.45 88.25 88.21 88.34 88.64 89.02 89.08 89.08 88.70 88.27 87.36 88.21 88.21 87.61 88.49 88.76 88.14 88.62 88.98 89.03 89.19 88.98 88.99 88.77 88.68 89.11 89.00 88.57 87.78 88.01 87.54 88.31 88.76 88.59 88.82 89.27 88.83 89.07 89.57 90.53 90.80 90.35 90.30 90.80 90.78 90.65 90.83 90.86 90.96 91.04 91.11 91.25 91.20 91.19 90.69 89.05 90.91 90.81
7°S ||     90.87 90.83 90.74 90.73 91.22 91.13 90.93 90.96 91.14 91.03 90.97 90.80 90.67 90.63 90.62 90.67 90.60 90.22 89.90 89.55 89.15 88.71 88.32 87.73 87.17 86.65 86.00 85.44 82.44 79.65 80.31 81.64 82.98 83.22 83.38 83.59 83.17 83.19 83.60 83.19 86.40 86.72 84.15 88.04 87.30 87.48 87.76 90.20 89.35 88.89 87.41 85.87 88.74 91.54 90.57 90.68 90.89 88.00 87.01 87.66 87.80 87.84 88.17 88.36 89.66 90.81 90.74 90.70 89.06 89.27 90.80 91.52 91.50 91.37 91.46 91.35 91.23 90.94 90.92 91.02 91.06 91.01 91.04 90.90 90.95 90.88 90.79 90.71 90.65 90.74 90.68 90.76 90.45 90.37 90.34 90.40 90.40 89.81 89.23 89.40 88.46 88.40 88.56 88.64 87.90 88.40 88.56 88.23 88.22 88.26 88.49 88.46 88.61 87.87 87.97 87.99 87.98 88.53 88.59 88.39 88.00 87.81 87.92 87.68 88.12 88.67 88.42 88.60 89.07 89.07 88.94 88.80 87.75 87.65 88.08 88.33 88.36 88.47 88.33 88.73 89.04 88.98 89.31 89.27 89.21 89.27 89.40 89.41 89.37 89.66 87.57 87.41 87.59 88.31 87.86 89.18 90.52 89.87 90.00 89.95 90.55 90.77 90.73 90.61 90.97 91.09 91.00 91.08 91.10 91.08 91.10 91.09 91.15 91.22 91.27 91.27 91.14 91.01 91.00 90.88
5°S ||     90.91 90.98 91.04 91.01 90.89 91.23 91.21 91.21 91.25 91.07 90.96 90.64 90.75 90.87 90.99 91.05 91.04 90.83 90.06 90.03 89.54 89.12 88.66 88.07 87.57 87.02 86.48 85.64 84.53 83.03 81.84 82.05 82.98 83.12 83.46 83.71 83.69 84.65 83.96 83.37 83.70 84.00 84.42 88.74 86.91 89.20 86.96 87.89 86.88 86.12 85.69 88.84 89.93 90.46 89.83 86.23 86.60 87.76 90.55 90.00 88.07 88.23 88.36 88.42 89.18 88.77 89.60 89.06 89.17 89.49 90.13 90.69 91.24 90.60 90.57 91.29 91.38 91.31 90.77 90.89 91.22 91.13 91.10 91.03 90.99 90.88 90.76 90.77 90.86 90.79 90.70 90.63 90.70 90.30 90.35 90.48 90.41 90.37 90.00 90.11 89.22 88.21 88.41 88.60 88.95 88.63 88.51 88.43 88.56 88.37 88.99 89.07 88.90 88.10 87.92 87.99 87.74 87.97 87.71 88.30 87.98 88.32 88.05 88.06 88.32 88.12 88.76 88.34 88.93 89.00 88.83 88.25 88.38 87.83 88.31 88.49 88.85 88.74 88.85 89.00 88.88 89.16 89.71 89.78 89.56 89.52 90.26 89.95 89.44 89.18 88.56 88.10 88.95 88.84 88.74 89.34 90.98 90.57 91.39 90.96 90.84 90.70 90.65 91.01 91.01 91.17 91.18 91.15 91.14 91.18 91.19 91.19 91.25 91.25 91.24 91.26 91.27 91.20 91.12 91.01
3°S ||     91.03 91.00 91.10 91.12 91.05 91.31 91.31 91.28 91.16 91.20 90.83 90.33 90.89 91.23 91.21 91.26 90.75 90.11 90.82 90.49 90.16 89.50 89.34 88.70 88.03 87.46 86.94 86.07 85.42 84.20 83.29 83.11 82.84 82.82 83.56 83.97 84.28 84.45 84.49 84.09 83.90 84.45 84.82 85.67 85.96 86.01 86.63 86.67 86.49 86.19 85.94 85.73 86.22 88.51 87.94 86.75 87.36 87.89 88.25 91.13 88.05 88.81 88.77 89.02 89.16 89.29 90.35 89.66 89.83 90.21 90.45 90.62 91.50 90.92 90.85 91.22 91.10 91.18 90.99 91.02 91.11 91.11 91.23 91.12 91.02 90.94 91.00 90.89 90.88 90.84 90.79 90.69 90.61 90.56 90.44 90.39 89.91 90.38 90.37 90.42 89.49 88.85 88.63 88.81 89.11 88.61 88.74 88.95 88.87 88.88 89.14 89.15 88.83 88.50 88.31 87.84 87.54 88.82 88.59 88.36 88.26 88.38 88.19 88.59 88.02 88.38 88.13 88.85 88.91 89.16 88.68 88.84 88.73 88.58 89.01 89.78 88.63 89.35 89.19 88.89 89.18 89.26 90.08 90.09 89.64 90.42 90.23 89.73 89.38 89.06 88.47 88.69 88.57 88.78 89.04 89.99 90.89 91.02 91.01 90.83 91.07 91.02 91.01 90.97 91.07 91.19 91.13 91.02 91.24 91.26 91.25 91.27 91.29 91.30 91.30 91.30 91.28 91.25 91.16 91.13
1°S ||     91.16 91.14 91.16 91.21 91.24 91.32 91.32 91.26 91.23 91.02 90.72 90.17 91.04 91.22 91.30 91.11 90.82 91.02 90.95 90.54 90.38 90.09 89.76 89.22 88.61 87.80 87.17 86.48 85.82 85.13 84.15 83.62 82.35 80.99 83.76 84.17 84.43 84.69 84.84 84.88 84.93 85.74 86.09 86.39 86.65 87.20 87.52 87.74 88.01 88.22 87.60 88.99 91.14 86.77 86.89 87.19 88.04 88.39 88.50 89.78 88.85 89.14 89.17 89.15 89.41 89.53 89.51 90.29 90.48 90.52 91.01 90.68 91.42 91.44 91.08 91.09 91.01 91.04 91.07 91.14 91.29 91.24 91.20 91.05 91.08 91.06 90.99 90.89 90.82 90.79 90.83 90.89 90.71 90.66 90.49 90.41 89.79 90.36 90.35 90.40 89.54 89.32 89.11 88.89 89.13 89.05 88.99 89.18 89.24 89.31 89.46 89.43 88.69 88.44 88.41 88.06 87.75 88.87 88.64 88.60 88.63 88.20 88.28 88.07 88.45 88.51 88.71 88.87 89.51 89.34 88.97 88.43 88.94 89.07 89.75 89.72 89.46 90.34 89.27 89.08 89.32 89.50 90.18 90.24 90.30 90.47 90.36 89.30 89.61 89.09 88.95 89.06 89.80 89.88 90.27 91.00 91.14 91.20 91.12 91.11 91.24 91.19 91.09 91.07 91.19 91.15 91.01 91.15 91.24 91.26 91.27 91.28 91.28 91.30 91.30 91.30 91.27 91.27 91.22 91.18
1°N ||     91.19 91.14 91.21 91.29 91.26 91.29 91.33 91.38 91.24 91.10 90.80 90.81 91.16 91.30 91.31 91.23 91.16 91.09 90.49 90.85 90.57 90.57 89.82 88.99 88.41 88.24 87.57 86.67 85.90 85.64 85.23 84.72 82.71 80.34 81.19 84.44 84.59 84.72 85.03 85.36 85.75 86.07 86.31 86.63 87.03 87.54 87.88 88.25 88.84 89.25 87.75 86.70 86.52 86.91 87.23 87.85 88.32 88.79 88.87 89.36 89.08 89.33 90.06 89.33 89.48 89.63 89.48 90.70 90.12 90.44 90.77 91.34 91.63 91.62 90.91 91.01 91.03 91.07 90.90 91.31 90.94 91.30 91.14 91.03 91.11 91.11 91.00 90.88 90.92 90.82 90.80 90.86 90.75 90.73 90.69 90.46 90.38 90.00 90.04 89.82 89.78 89.85 89.58 89.76 89.21 88.97 89.03 89.62 89.44 89.40 89.38 88.93 89.09 88.93 88.48 88.29 88.64 88.63 88.32 88.77 88.56 88.39 88.48 88.51 88.50 88.62 88.82 89.10 89.16 89.40 89.90 89.69 90.22 90.18 90.24 90.21 89.87 89.82 90.06 89.72 90.21 90.29 90.57 90.56 90.62 90.30 89.66 89.59 89.67 89.32 89.60 90.05 90.73 90.93 90.96 91.02 91.15 91.21 91.18 91.23 91.19 91.19 91.15 91.22 91.21 91.16 91.09 91.22 91.25 91.26 91.28 91.29 91.29 91.30 91.30 91.30 91.30 91.29 91.27 91.24
3°N ||     91.30 91.28 91.29 91.32 91.34 91.35 91.34 91.33 91.30 91.11 91.03 91.06 91.32 91.35 91.34 91.29 91.25 90.88 90.72 91.01 90.89 90.26 89.57 88.78 88.08 88.87 88.08 86.12 85.93 86.03 85.90 86.03 85.56 82.45 83.80 84.72 84.50 84.62 85.10 85.55 85.95 86.18 86.38 86.36 87.44 87.90 88.42 88.77 89.14 89.89 89.96 88.36 87.73 87.97 88.38 88.75 89.00 89.13 89.22 89.57 89.49 89.35 89.05 90.13 90.27 89.83 90.00 90.47 90.54 90.75 90.86 90.98 91.46 91.50 91.38 91.28 91.33 91.27 91.21 91.22 91.03 91.00 91.14 91.08 91.03 91.12 90.97 90.83 90.89 90.89 90.93 90.87 90.82 90.75 90.67 90.50 90.46 90.21 90.35 90.16 90.14 90.15 90.14 89.87 89.87 89.20 89.52 89.97 90.37 89.35 89.51 89.20 88.78 88.74 88.59 89.05 88.83 88.83 88.50 88.81 88.63 88.47 88.44 88.58 88.60 88.69 88.96 89.13 89.42 89.57 90.49 90.82 90.97 91.02 91.21 91.02 90.41 90.29 90.10 90.40 90.44 90.61 90.72 90.61 90.55 90.06 90.00 89.82 89.66 89.32 90.28 91.01 90.96 90.87 90.91 91.14 91.18 91.22 91.23 91.25 91.18 91.25 91.23 91.24 91.23 91.18 91.21 91.24 91.25 91.26 91.26 91.28 91.29 91.29 91.29 91.30 91.30 91.31 91.31 91.31
5°N ||     91.30 91.32 91.39 91.33 91.36 91.36 91.35 91.34 91.32 91.24 91.19 91.16 91.35 91.38 91.38 91.35 91.16 90.76 91.14 91.08 90.77 89.78 89.08 88.62 88.93 89.06 88.80 87.49 86.04 85.95 86.16 86.58 86.84 86.51 85.65 85.05 84.34 84.17 85.23 85.81 86.21 86.43 86.54 86.31 87.65 88.48 88.90 89.20 89.64 90.29 90.55 88.87 88.85 89.18 89.41 89.61 89.57 89.62 89.68 89.87 90.20 89.71 89.28 89.46 89.78 90.29 90.50 90.61 90.66 90.90 91.10 91.40 91.11 91.29 91.49 91.39 91.26 91.10 91.04 91.04 90.97 91.09 91.02 91.07 91.14 91.05 91.03 90.87 90.92 90.87 90.84 90.85 90.67 90.63 90.59 90.57 90.54 90.55 90.42 90.19 90.17 90.16 90.06 90.14 90.04 90.00 90.07 89.95 90.05 89.18 89.36 88.53 88.74 88.62 88.84 88.67 88.71 88.87 88.79 88.78 88.64 88.51 88.39 88.45 89.06 88.78 88.94 89.26 89.64 90.16 90.78 91.45 91.49 91.49 91.48 91.43 91.34 90.93 90.77 90.69 90.68 90.85 90.76 90.56 90.59 90.19 89.99 90.02 89.46 89.56 90.99 90.95 91.03 91.05 91.10 91.12 91.20 91.23 91.25 91.25 91.24 91.23 91.25 91.25 91.25 91.25 91.25 91.24 91.25 91.26 91.26 91.27 91.28 91.28 91.29 91.30 91.30 91.31 91.31 91.32
7°N ||     91.32 91.33 91.34 91.34 91.36 91.37 91.36 91.36 91.35 91.30 91.24 91.31 91.38 91.40 91.40 91.36 91.12 91.24 91.22 91.10 90.54 89.92 90.04 89.73 89.54 89.48 89.09 88.22 85.65 85.81 86.16 86.97 87.25 87.00 86.37 85.48 83.46 83.44 85.68 86.16 86.44 86.63 86.75 87.02 88.22 88.65 89.00 89.40 89.81 90.24 90.58 90.64 89.57 89.53 89.53 89.57 89.75 89.92 90.08 90.20 90.26 90.03 89.50 90.01 90.43 90.51 90.74 90.81 90.86 90.99 91.15 91.41 91.52 91.42 91.48 91.14 91.11 91.07 91.25 91.27 91.22 91.07 91.09 91.11 91.06 90.95 90.95 90.86 90.93 90.81 90.87 90.82 90.79 90.83 90.58 90.51 90.42 90.55 90.33 90.05 90.05 90.11 90.22 90.05 90.00 90.23 89.73 90.39 90.06 90.12 89.59 89.13 89.01 88.48 88.60 88.72 88.62 88.79 88.80 88.84 88.60 88.66 88.42 89.00 89.44 88.68 88.96 89.37 90.16 90.96 91.43 91.52 91.51 91.50 91.50 91.48 91.47 91.36 90.97 90.95 90.99 90.90 90.68 90.73 90.20 89.84 89.98 90.35 90.07 90.03 90.93 91.08 91.11 91.15 91.17 91.16 91.24 91.25 91.24 91.25 91.26 91.24 91.25 91.24 91.25 91.25 91.24 91.24 91.24 91.24 91.25 91.23 91.27 91.28 91.27 91.30 91.31 91.31 91.32 91.32
9°N ||     91.33 91.36 91.31 91.33 91.37 91.37 91.37 91.36 91.38 91.32 91.27 91.37 91.41 91.42 91.41 91.32 91.25 91.31 91.21 90.92 90.82 90.62 90.52 90.34 90.10 89.74 89.38 88.36 86.20 86.10 86.68 87.54 87.53 87.74 87.28 85.92 82.88 81.25 85.00 86.44 86.61 86.84 87.08 87.47 88.14 88.66 89.08 89.52 89.84 90.28 90.60 90.66 90.47 89.82 89.74 89.75 89.90 90.08 90.21 90.38 90.52 90.42 90.21 90.27 90.47 90.78 91.00 91.03 91.06 91.19 91.40 91.43 91.40 91.50 91.23 91.22 91.24 91.20 91.27 91.11 91.12 91.08 91.05 91.10 91.12 91.05 91.01 91.07 91.00 91.01 90.89 90.85 90.75 90.80 90.69 90.84 90.54 90.43 90.37 90.39 90.32 89.93 89.67 89.58 90.14 90.31 90.37 89.89 89.80 89.62 89.55 89.56 89.35 89.55 89.19 88.88 88.73 88.78 88.78 88.48 88.70 88.62 88.31 89.74 88.81 88.68 89.11 89.67 90.49 91.24 91.47 91.53 91.54 91.53 91.51 91.50 91.48 91.44 91.33 91.19 91.10 91.05 90.68 90.45 90.43 90.34 90.68 90.84 90.73 90.73 91.04 91.16 91.20 91.15 91.23 91.26 91.24 91.24 91.22 91.22 91.31 91.20 91.19 91.21 91.24 91.25 91.22 91.23 91.20 91.21 91.21 91.26 91.26 91.28 91.27 91.30 91.31 91.32 91.32 91.32
11°N ||     91.35 91.34 91.34 91.34 91.38 91.38 91.39 91.39 91.41 91.40 91.37 91.43 91.44 91.43 91.42 91.41 91.32 91.33 91.21 91.03 90.93 90.83 90.62 90.37 90.06 89.78 89.26 88.33 87.53 87.84 87.78 87.77 87.80 87.82 87.94 87.80 83.49 78.38 79.81 86.42 86.77 87.02 87.31 87.70 88.14 88.72 89.25 89.61 90.01 90.28 90.54 90.69 90.65 90.05 89.93 89.91 90.05 90.22 90.32 90.45 90.57 90.33 90.23 90.57 90.81 90.96 91.14 91.21 91.26 91.23 91.50 91.46 91.22 91.52 91.43 91.20 91.42 91.16 91.11 91.17 91.10 91.07 91.01 90.98 91.05 91.08 91.11 91.08 91.03 90.97 90.90 90.86 90.88 90.87 90.91 90.69 90.78 90.44 90.51 90.56 90.45 90.40 90.06 89.63 90.30 90.21 90.86 90.15 90.55 89.55 89.80 89.75 89.68 89.89 89.54 89.00 88.73 89.00 89.24 88.66 88.86 88.75 88.52 88.39 88.57 89.04 89.46 90.02 90.84 91.31 91.53 91.55 91.56 91.53 91.51 91.50 91.47 91.46 91.37 91.25 91.18 90.73 90.88 90.76 90.58 90.89 91.05 91.12 91.11 91.13 91.19 91.24 91.29 91.29 91.26 91.28 91.26 91.26 91.21 91.18 91.13 91.07 91.10 91.11 91.15 91.17 91.17 91.17 91.18 91.25 91.02 91.22 91.26 91.26 91.26 91.31 91.32 91.31 91.22 91.32
13°N ||     91.33 91.36 91.28 91.27 91.38 91.38 91.40 91.41 91.42 91.43 91.45 91.46 91.46 91.45 91.44 91.41 91.38 91.31 91.00 91.04 90.97 90.75 90.56 90.40 90.02 89.65 89.29 88.87 88.07 88.07 87.95 87.94 87.94 88.05 88.25 88.41 87.64 80.17 81.29 85.57 86.57 87.25 87.63 87.91 85.01 89.01 89.43 89.76 90.09 90.28 90.58 90.67 90.69 90.14 90.06 90.12 90.25 90.36 90.43 90.52 90.55 90.61 90.70 90.62 90.93 91.17 91.25 91.30 91.32 91.46 91.49 91.46 91.32 91.29 91.25 91.41 91.28 91.24 91.11 90.99 90.99 91.06 91.02 91.05 91.05 91.05 91.47 91.06 91.27 91.00 90.88 90.91 90.91 90.99 90.93 90.66 90.67 90.72 90.78 90.80 90.76 90.34 90.19 90.28 90.39 90.51 90.37 90.58 90.89 90.09 90.07 90.36 89.94 89.84 89.69 89.47 89.21 89.34 89.50 89.43 89.26 88.89 88.79 88.82 88.92 89.17 89.66 90.36 91.02 91.33 91.54 91.54 91.54 91.52 91.50 91.50 91.48 91.46 91.40 91.29 91.24 91.02 91.08 91.11 91.10 91.14 91.13 91.24 91.20 91.27 91.29 91.30 91.34 91.36 91.37 91.32 91.31 91.25 91.16 91.02 90.82 90.69 90.86 90.87 90.99 91.05 91.08 91.14 91.13 91.14 91.15 91.09 91.25 91.25 91.27 91.28 91.31 91.30 91.05 91.22
15°N ||     91.34 91.37 91.37 91.41 91.40 91.38 91.42 91.44 91.45 91.46 91.47 91.50 91.49 91.48 91.48 91.44 91.32 91.23 91.05 91.06 90.61 87.40 83.02 82.46 84.74 89.50 89.15 89.04 88.77 88.26 88.17 88.05 88.08 88.16 88.27 88.38 88.39 87.12 85.14 85.51 86.79 87.45 87.89 88.16 88.65 89.33 89.59 89.89 90.11 90.27 90.53 90.67 90.73 90.22 90.23 90.22 90.32 90.45 90.53 90.55 90.61 90.60 90.55 90.82 91.19 91.27 91.31 91.34 91.35 91.45 91.51 91.48 91.40 91.34 91.42 91.32 91.29 91.24 91.20 91.17 91.18 91.08 90.81 91.35 91.09 91.06 91.08 91.05 91.05 91.05 91.23 91.07 90.94 90.90 90.84 90.80 90.83 90.87 90.90 90.97 90.85 90.85 90.50 90.43 90.52 90.54 90.38 90.91 90.73 89.87 90.15 90.20 90.26 90.30 89.81 89.73 89.49 89.32 89.42 89.43 89.22 89.33 89.13 89.20 89.34 89.52 89.91 90.66 91.17 91.52 91.53 91.51 91.54 91.52 91.50 91.49 91.48 91.46 91.41 91.33 91.27 91.24 91.20 91.19 91.18 91.19 91.22 91.25 91.31 91.32 91.35 91.37 91.37 91.39 91.39 91.38 91.32 91.24 91.08 90.84 90.59 90.40 90.18 90.40 90.57 90.89 91.00 91.06 91.07 91.10 91.12 91.13 91.19 91.24 91.25 91.26 91.28 91.33 91.20 91.46
17°N ||     91.36 91.39 91.39 91.42 91.32 91.42 91.42 91.44 91.47 91.48 91.50 91.51 91.52 91.52 91.53 91.37 91.28 91.25 91.15 91.15 90.00 82.15 78.68 77.64 80.24 86.99 89.10 89.06 89.33 88.79 88.48 88.20 88.13 88.20 88.29 88.40 88.42 88.20 87.07 86.94 87.43 87.68 87.97 88.27 88.73 89.37 89.73 90.00 90.19 90.35 90.47 90.74 90.69 90.05 90.10 90.35 90.41 90.50 90.54 90.58 90.64 90.73 90.86 91.13 91.22 91.32 91.36 91.41 91.46 91.47 91.44 91.48 91.46 91.42 91.43 91.36 91.28 91.29 91.26 91.16 91.11 90.97 91.10 91.22 91.04 91.07 91.08 91.42 91.06 91.13 91.08 91.04 90.89 90.89 90.95 91.01 90.96 90.97 90.97 91.04 91.03 90.96 90.73 90.65 90.84 90.82 90.82 90.79 90.32 90.08 90.27 90.30 90.15 89.99 89.93 89.83 89.58 88.93 89.32 89.45 89.50 89.48 89.42 89.49 89.56 89.75 90.48 90.78 91.21 91.48 91.52 91.52 91.51 91.50 91.50 91.50 91.48 91.45 91.42 91.38 91.33 91.34 91.31 91.31 91.30 91.33 91.34 91.36 91.38 91.39 91.41 91.40 91.41 91.43 91.42 91.41 91.37 91.23 91.08 90.67 90.30 89.90 89.60 89.61 90.00 90.72 90.93 90.97 90.96 91.03 91.09 91.15 91.20 91.24 91.23 91.27 91.34 91.33 91.31 91.37
19°N ||     91.36 91.39 91.42 91.43 91.44 91.42 91.43 91.46 91.49 91.50 91.52 91.54 91.55 91.55 91.56 91.39 91.29 91.21 90.93 91.07 90.47 82.26 78.76 77.98 79.85 87.08 89.42 89.57 89.63 89.47 88.85 88.34 88.07 88.00 88.02 88.31 88.48 88.45 87.96 87.78 87.87 87.95 88.05 88.26 88.59 89.17 89.82 90.07 90.29 90.37 90.47 90.77 90.57 90.63 90.05 90.25 90.42 90.48 90.57 90.59 90.70 90.74 90.99 91.22 91.31 91.37 91.44 91.46 91.51 91.51 91.54 91.51 91.50 91.48 91.46 91.36 91.33 91.34 91.41 91.20 91.14 91.08 91.09 91.14 91.40 91.02 91.06 90.97 91.06 91.09 91.10 91.10 91.20 91.02 91.01 91.05 91.02 91.02 91.01 91.04 91.05 90.87 91.26 90.88 90.98 90.67 90.52 90.78 90.51 90.43 90.30 90.18 89.95 89.90 89.93 90.19 89.43 89.64 89.40 89.76 89.94 90.14 89.52 89.58 89.66 89.88 90.39 90.23 91.04 91.30 91.43 91.50 91.49 91.49 91.48 91.47 91.47 91.46 91.44 91.42 91.41 91.41 91.43 91.41 91.41 91.41 91.43 91.43 91.44 91.45 91.46 91.45 91.48 91.47 91.46 91.43 91.39 91.23 90.95 90.46 89.74 89.27 89.12 89.42 89.47 88.55 90.71 90.84 90.91 90.98 91.06 91.14 91.20 91.24 91.25 91.31 91.22 91.36 91.35 91.37
21°N ||     91.44 91.42 91.41 91.46 91.48 91.48 91.47 91.49 91.52 91.53 91.56 91.56 91.57 91.58 91.58 91.39 91.29 91.06 90.95 91.12 90.97 84.16 81.94 81.10 82.85 88.93 89.95 89.95 89.85 89.57 89.12 88.56 88.05 87.80 87.61 87.52 88.42 88.45 88.27 88.12 88.07 88.09 88.15 88.30 88.58 89.14 89.91 90.06 90.20 90.35 90.35 90.62 90.79 90.86 90.16 90.26 90.31 90.44 90.49 90.63 90.73 90.76 91.12 91.24 91.33 91.47 91.49 91.51 91.53 91.54 91.55 91.54 91.50 91.51 91.48 91.40 91.38 91.39 91.31 91.21 91.17 91.23 91.18 91.14 91.02 91.08 91.17 91.07 91.10 91.13 91.09 91.09 91.04 91.03 91.10 91.07 91.03 91.05 91.04 91.04 91.06 90.92 90.79 90.99 90.70 90.82 90.92 90.17 90.53 90.80 90.13 89.93 89.91 90.00 90.02 90.20 89.74 89.76 88.77 90.04 90.11 90.06 89.31 89.51 89.82 89.88 90.34 90.16 90.60 90.98 91.28 91.32 91.40 91.43 91.43 91.46 91.46 91.46 91.46 91.45 91.46 91.48 91.48 91.48 91.49 91.48 91.50 91.50 91.50 91.49 91.51 91.50 91.51 91.48 91.49 91.49 91.45 91.26 90.89 90.09 89.13 88.90 88.80 88.77 89.28 89.95 90.48 90.68 90.82 90.95 91.07 91.14 91.19 91.23 91.28 91.29 91.21 91.37 91.37 91.39
23°N ||     91.43 91.45 91.46 91.48 91.49 91.51 91.53 91.55 91.56 91.57 91.58 91.58 91.59 91.59 91.59 91.41 91.25 91.00 91.12 91.20 91.21 89.44 87.36 86.49 89.46 90.60 90.27 90.16 89.98 89.47 89.01 88.57 88.15 87.68 87.42 87.33 88.13 88.46 88.38 88.11 88.10 87.88 88.17 88.36 88.40 89.35 89.63 89.91 90.03 90.20 90.31 90.43 90.62 90.83 90.64 90.38 90.93 91.27 91.19 90.85 90.77 90.63 91.14 91.25 91.34 91.47 91.52 91.54 91.56 91.57 91.55 91.57 91.50 91.62 91.53 91.47 91.45 91.46 91.44 91.31 91.21 91.10 91.01 91.11 91.06 91.07 91.09 91.12 91.11 91.04 91.13 91.14 91.12 91.08 91.15 91.16 91.21 90.96 91.12 91.11 91.05 90.95 90.82 90.95 90.96 90.92 90.91 90.74 90.50 90.65 90.40 90.11 90.11 89.93 89.90 89.97 90.10 89.74 88.99 89.96 90.09 89.86 90.73 90.41 89.79 89.74 90.04 90.27 90.38 90.76 91.00 91.14 91.24 91.31 91.38 91.43 91.46 91.47 91.49 91.49 91.50 91.53 91.51 91.54 91.56 91.57 91.58 91.57 91.60 91.58 91.58 91.57 91.56 91.56 91.57 91.54 91.52 91.30 90.86 89.98 89.28 88.81 88.61 86.93 87.79 89.33 90.20 90.59 90.84 90.96 91.07 91.15 91.21 91.26 91.31 91.28 91.35 91.37 91.32 91.42
25°N ||     91.45 91.46 91.46 91.51 91.53 91.54 91.55 91.56 91.57 91.58 91.59 91.59 91.59 91.60 91.60 91.43 91.20 91.09 91.12 91.05 91.22 91.17 91.17 91.16 90.99 90.72 90.08 90.28 89.81 89.30 88.78 88.46 87.99 87.59 87.35 86.85 86.90 88.35 88.44 88.10 88.20 88.11 88.22 87.44 88.71 89.38 89.75 89.88 89.96 90.06 89.91 90.25 90.28 90.90 90.28 90.34 90.41 90.36 90.99 91.32 91.35 90.95 91.19 91.39 91.47 91.53 91.56 91.56 91.58 91.59 91.59 91.58 91.56 91.54 91.48 91.51 91.50 91.52 91.55 91.39 91.32 91.17 91.13 91.19 91.18 91.14 91.17 91.15 91.16 91.08 91.13 91.21 91.14 91.15 91.15 91.22 91.18 91.13 91.09 91.13 90.93 90.95 91.03 90.96 90.86 91.08 91.02 90.69 90.88 90.79 90.44 90.63 90.56 90.49 90.80 90.04 90.25 89.42 89.70 89.15 89.56 89.48 89.51 89.78 89.82 89.94 89.86 89.79 90.44 90.24 90.93 91.15 91.14 91.26 91.39 91.45 91.48 91.52 91.53 91.54 91.57 91.58 91.60 91.62 91.66 91.69 91.72 91.73 91.72 91.69 91.67 91.66 91.66 91.64 91.62 91.60 91.55 91.50 91.10 90.37 89.20 88.76 86.97 81.03 86.69 89.17 90.23 90.65 90.82 90.98 91.13 91.13 91.23 91.28 91.34 91.35 91.37 91.37 91.42 91.43
27°N ||     91.49 91.50 91.51 91.51 91.56 91.54 91.58 91.59 91.59 91.59 91.60 91.60 91.60 91.60 91.60 91.47 91.24 91.10 91.13 91.10 91.08 91.12 90.81 90.93 90.95 90.81 90.61 89.98 89.54 89.15 88.64 88.27 87.91 87.51 86.86 86.78 87.10 88.52 88.73 88.30 88.47 88.44 88.48 87.43 88.34 89.35 89.67 89.80 89.88 89.73 89.51 89.64 90.34 90.63 90.88 91.01 90.94 91.12 91.17 91.34 91.19 90.83 91.46 91.49 91.53 91.54 91.54 91.57 91.60 91.60 91.55 91.59 91.59 91.57 91.51 91.58 91.53 91.55 91.57 91.56 91.38 91.33 91.28 91.25 91.26 91.20 91.15 91.12 91.16 91.16 91.17 91.19 91.16 91.14 91.17 91.12 91.19 91.16 91.04 90.94 91.18 90.88 91.02 91.03 90.67 91.15 90.37 90.77 90.88 90.71 90.68 90.75 90.71 90.62 90.55 90.66 90.52 90.95 90.20 89.87 90.13 90.70 89.77 90.06 90.13 89.54 89.26 90.09 90.61 90.33 90.97 91.09 91.23 91.36 91.45 91.50 91.55 91.55 91.57 91.60 91.62 91.66 91.69 91.77 91.84 91.86 91.89 91.86 91.86 91.81 91.78 91.78 91.73 91.68 91.64 91.61 91.57 91.52 91.36 90.57 89.63 88.95 88.08 87.37 88.12 89.90 90.55 90.78 90.89 91.02 91.05 91.22 91.27 91.31 91.36 91.39 91.39 91.41 91.44 91.47
29°N ||     91.53 91.54 91.56 91.57 91.59 91.59 91.60 91.61 91.62 91.61 91.61 91.62 91.62 91.57 91.62 91.60 91.43 91.19 91.05 91.06 91.07 91.08 90.79 90.72 91.04 90.88 90.29 89.85 89.43 88.97 88.55 88.17 87.90 87.48 86.31 86.67 87.64 88.54 88.67 88.47 88.77 88.83 88.78 88.90 89.13 89.38 89.70 89.86 89.85 89.42 89.52 89.81 89.84 90.65 90.73 90.82 90.83 91.09 91.14 91.24 91.22 91.32 91.43 91.38 91.32 91.50 91.52 91.55 91.59 91.61 91.60 91.62 91.61 91.62 91.61 91.60 91.57 91.59 91.60 91.61 91.60 91.41 91.36 91.31 91.33 91.23 91.18 91.76 91.19 91.17 91.21 91.26 91.20 91.19 91.11 91.14 91.19 91.18 91.07 91.06 90.98 91.03 91.01 91.04 90.88 90.77 90.54 90.70 90.74 90.52 90.73 90.69 90.87 91.05 91.02 91.00 90.72 90.26 90.16 90.10 90.33 90.05 89.89 90.04 89.74 90.23 90.87 91.07 91.05 91.13 91.19 91.26 91.40 91.44 91.48 91.55 91.57 91.60 91.65 91.69 91.75 91.82 91.91 91.97 92.01 92.08 92.05 91.96 92.01 91.93 91.91 91.84 91.78 91.70 91.67 91.64 91.60 91.57 91.45 91.11 90.55 89.92 89.28 89.23 89.79 90.62 90.81 90.90 90.97 91.05 91.19 91.25 91.31 91.36 91.40 91.43 91.44 91.45 91.49 91.51
31°N ||     91.59 91.57 91.60 91.61 91.61 91.61 91.62 91.64 91.64 91.63 91.63 91.63 91.64 91.63 91.63 91.62 91.51 91.37 91.30 91.28 91.22 91.18 91.03 91.03 91.13 90.43 90.11 89.77 89.23 88.88 88.48 88.36 87.81 87.52 87.03 87.08 87.67 88.60 88.64 88.64 88.87 88.99 89.15 89.16 89.31 89.49 89.68 89.89 89.79 89.18 89.80 89.93 90.00 90.26 90.38 90.52 90.73 90.79 90.90 91.21 91.07 91.30 91.34 91.39 91.45 91.46 91.51 91.54 91.55 91.61 91.62 91.62 91.64 91.67 91.65 91.69 91.61 91.63 91.65 91.62 91.62 91.58 91.47 91.56 91.41 91.34 91.24 91.17 91.22 91.25 91.26 91.23 91.19 91.16 91.30 91.22 91.16 91.08 91.04 91.15 90.98 91.00 91.08 91.07 90.92 90.90 90.64 90.64 90.76 90.63 90.59 90.55 90.88 91.00 90.95 90.95 90.62 90.29 90.47 90.49 90.43 90.86 90.14 89.99 90.43 90.27 90.63 91.14 91.10 91.19 91.27 91.38 91.41 91.48 91.53 91.57 91.62 91.67 91.78 91.86 91.92 92.00 92.21 92.10 92.17 92.21 92.19 92.14 92.10 92.03 91.94 91.89 91.94 91.76 91.76 91.71 91.66 91.62 91.52 91.41 91.14 90.94 90.78 90.74 90.49 90.13 91.00 91.00 91.05 91.11 90.94 91.50 91.38 91.20 91.46 91.38 91.50 91.51 91.52 91.57
33°N ||     91.63 91.50 91.61 91.61 91.64 91.63 91.63 91.65 91.64 91.65 91.65 91.65 91.65 91.65 91.66 91.65 91.63 91.53 91.36 91.17 91.21 91.21 91.24 91.19 90.73 90.25 89.98 89.62 89.35 88.67 88.32 88.02 87.59 87.20 86.89 86.99 87.58 88.46 88.80 88.89 89.06 89.22 89.29 89.37 89.26 89.47 89.46 89.32 89.30 89.45 89.79 90.06 90.10 90.03 90.32 90.63 90.76 90.82 90.80 90.85 90.83 90.85 91.12 91.38 91.38 91.51 91.54 91.55 91.57 91.61 91.64 91.71 91.71 91.71 91.70 91.75 91.72 91.73 91.72 91.65 91.69 91.68 91.61 91.52 91.45 91.36 91.29 91.23 91.31 91.25 91.24 91.14 91.22 91.22 91.22 91.16 91.18 91.07 91.15 91.16 90.93 90.90 91.02 90.83 91.17 90.73 90.77 90.58 90.76 90.37 90.18 90.40 90.76 90.86 90.78 90.56 90.55 90.67 90.50 90.87 90.79 90.86 90.82 90.40 90.64 90.96 91.01 91.17 91.24 91.33 91.37 91.43 91.47 91.52 91.57 91.62 91.69 91.82 91.91 91.97 92.08 92.13 92.20 92.26 92.37 92.25 92.21 92.19 92.14 91.97 92.02 91.98 91.91 91.82 91.74 91.80 91.78 91.70 91.65 91.60 91.53 91.45 91.41 91.32 91.14 90.83 91.22 91.15 91.12 91.19 91.21 91.37 91.44 91.46 91.50 91.53 91.54 91.57 91.60 91.62
35°N ||     91.67 91.65 91.65 91.64 91.65 91.64 91.65 91.65 91.65 91.66 91.67 91.67 91.67 91.66 91.68 91.66 91.67 91.64 91.52 90.75 91.12 91.19 91.14 90.86 90.07 90.24 89.96 89.59 89.09 88.49 87.94 87.34 86.76 86.48 86.29 86.23 86.65 87.30 88.41 89.07 89.28 89.36 89.43 89.41 88.70 88.93 89.59 89.79 89.51 89.39 89.79 89.68 89.51 89.70 90.17 90.62 90.79 90.88 90.90 90.93 90.94 90.91 91.11 91.38 91.48 91.52 91.55 91.55 91.58 91.62 91.63 91.73 91.70 91.76 91.78 91.83 91.82 91.87 91.81 91.76 91.74 91.70 91.71 91.52 91.47 91.39 91.37 91.34 91.30 91.32 91.18 91.20 91.21 91.28 91.33 91.14 91.16 91.12 91.17 91.11 91.10 91.07 91.06 91.02 90.99 90.82 90.68 91.03 90.65 90.24 90.79 90.33 90.40 90.30 90.20 90.13 90.37 90.53 90.63 90.99 91.03 90.98 91.22 91.15 91.09 91.21 91.21 91.24 91.31 91.36 91.42 91.48 91.50 91.56 91.60 91.68 91.77 91.91 92.03 92.12 92.16 92.21 92.34 92.41 92.45 92.42 92.33 92.31 92.19 92.17 92.08 91.90 91.98 91.89 91.87 91.85 91.80 91.74 91.74 91.68 91.65 91.59 91.56 91.54 91.49 91.45 91.38 91.29 91.24 91.25 91.26 91.35 91.36 91.49 91.52 91.54 91.57 91.63 91.66 91.68
37°N ||     91.73 91.66 91.67 91.64 91.67 91.66 91.67 91.67 91.66 91.66 91.67 91.68 91.68 91.67 91.66 91.65 91.64 91.62 91.60 91.15 91.14 91.09 90.95 90.71 90.24 90.30 89.99 89.62 89.17 88.19 87.13 86.36 85.63 85.18 85.17 85.53 85.90 86.01 86.99 88.28 89.19 89.55 89.60 89.57 89.46 89.30 89.45 89.62 89.77 90.12 89.49 89.35 89.20 89.01 89.64 90.31 90.76 90.86 90.88 90.87 90.92 90.89 91.21 91.40 91.48 91.52 91.55 91.57 91.59 91.64 91.66 91.71 91.74 91.83 91.85 91.92 91.98 91.95 91.94 91.87 91.89 91.85 91.80 91.77 91.66 91.61 91.58 91.53 91.45 91.56 91.30 91.26 91.20 91.19 91.25 91.20 91.22 91.28 91.15 91.23 91.17 91.24 91.12 91.28 91.17 91.14 90.95 90.85 90.73 90.47 90.34 90.24 90.24 90.03 90.04 90.04 90.21 90.71 91.23 91.15 91.07 90.98 91.08 91.02 91.21 91.25 91.27 91.28 91.37 91.41 91.46 91.52 91.55 91.59 91.67 91.77 91.84 91.99 92.08 92.23 92.29 92.40 92.49 92.50 92.53 92.54 92.50 92.40 92.37 92.25 92.20 92.14 92.09 91.99 92.07 92.03 91.91 91.80 91.81 91.72 91.65 91.63 91.56 91.53 91.48 91.46 91.41 91.35 91.31 91.31 91.30 91.37 91.35 91.52 91.54 91.57 91.63 91.64 91.67 91.68
39°N ||     91.70 91.68 91.69 91.67 91.58 91.68 91.68 91.62 91.68 91.68 91.67 91.67 91.65 91.66 91.65 91.64 91.64 91.65 91.59 91.47 90.95 90.90 90.99 90.76 90.76 90.38 90.15 89.82 88.99 87.58 86.26 85.14 84.44 84.34 84.00 84.25 85.45 85.68 86.11 87.34 88.79 89.59 89.74 89.69 89.40 89.51 89.33 88.46 89.56 89.63 89.60 89.42 89.03 88.73 89.12 89.87 90.51 90.72 90.82 90.80 91.04 91.06 91.09 91.31 91.49 91.54 91.55 91.57 91.61 91.65 91.71 91.78 91.80 91.90 91.97 92.00 92.03 92.06 92.06 92.13 91.95 91.95 91.92 91.89 91.81 91.63 91.67 91.60 91.49 91.48 91.44 91.34 91.33 91.32 91.30 91.24 91.20 91.18 91.29 91.24 91.26 91.49 91.26 91.12 91.33 91.07 91.01 90.98 90.89 90.90 90.69 90.33 91.03 90.16 90.20 90.55 90.37 90.60 91.20 91.22 91.23 91.22 91.23 91.27 91.28 91.30 91.33 91.38 91.40 91.45 91.50 91.55 91.57 91.65 91.72 91.84 91.93 92.02 92.18 92.22 92.47 92.57 92.60 92.60 92.59 92.60 92.53 92.51 92.43 92.47 92.32 92.28 92.18 92.15 92.11 92.08 92.02 91.87 91.73 91.75 91.67 91.63 91.58 91.53 91.48 91.48 91.44 91.41 91.39 91.37 91.35 91.28 91.03 91.54 91.56 91.57 91.63 91.67 91.69 91.68
41°N ||     91.69 91.70 91.72 91.71 91.69 91.69 91.67 91.68 91.67 91.67 91.67 91.68 91.66 91.67 91.64 91.65 91.63 91.57 91.54 91.46 91.34 91.25 91.13 91.03 90.85 90.62 90.42 89.90 88.91 87.36 85.88 84.99 84.67 84.59 83.86 84.25 85.29 85.85 86.43 87.71 88.99 89.68 89.76 89.72 89.01 89.59 89.41 89.03 89.37 89.26 89.28 89.13 89.12 89.27 89.53 89.74 90.28 90.70 90.72 90.67 90.90 91.08 91.09 91.28 91.45 91.56 91.58 91.57 91.63 91.68 91.73 91.83 91.89 91.96 92.04 92.10 92.13 92.15 92.16 92.14 92.12 92.10 92.04 92.15 92.13 91.89 91.76 91.72 91.62 91.63 91.48 91.59 91.50 91.43 91.45 91.34 91.28 91.39 91.23 91.31 91.53 91.53 91.51 91.19 91.29 90.95 90.83 91.09 91.12 91.03 90.91 91.00 91.34 91.21 90.80 90.94 91.26 90.82 91.25 91.22 91.24 91.24 91.32 91.33 91.36 91.34 91.38 91.39 91.45 91.51 91.54 91.56 91.61 91.66 91.81 91.91 92.04 92.10 92.32 92.42 92.49 92.63 92.64 92.63 92.62 92.58 92.59 92.56 92.52 92.44 92.38 92.40 92.37 92.28 92.19 92.10 92.03 91.97 91.88 91.79 91.69 91.62 91.59 91.55 91.49 91.49 91.47 91.45 91.45 91.41 91.23 91.31 91.23 91.51 91.56 91.60 91.61 91.67 91.67 91.70
43°N ||     91.70 91.73 91.73 91.71 91.70 91.69 91.69 91.68 91.68 91.68 91.67 91.70 91.68 91.69 91.65 91.64 91.61 91.57 91.49 91.39 91.31 91.25 91.16 91.07 90.95 90.82 90.58 90.31 89.53 88.37 86.96 85.85 85.33 85.17 85.06 85.19 85.78 86.18 88.04 89.27 89.91 90.08 89.91 89.85 89.88 89.33 89.64 88.91 89.30 89.34 89.24 89.41 88.73 89.32 89.96 89.83 90.03 90.54 90.76 90.98 90.96 90.99 91.09 91.28 91.45 91.58 91.63 91.64 91.68 91.73 91.85 91.91 92.03 92.08 92.34 92.15 92.22 92.18 92.23 92.24 92.20 92.19 92.09 92.11 92.14 91.97 91.92 91.77 91.73 91.74 91.68 91.64 91.64 91.58 91.52 91.42 91.38 91.34 91.47 91.50 91.55 91.52 91.37 91.49 91.37 91.48 91.43 91.47 90.97 90.93 90.80 91.27 90.88 90.74 91.30 91.31 91.27 91.23 91.24 91.29 91.31 91.31 91.40 91.52 91.39 91.39 91.41 91.47 91.52 91.54 91.52 91.60 91.61 91.69 91.82 91.99 92.09 92.12 92.31 92.45 92.57 92.63 92.59 92.48 92.63 92.58 92.54 92.47 92.60 92.37 92.39 92.37 92.31 92.27 92.27 92.17 92.07 92.03 91.84 91.79 91.69 91.63 91.56 91.54 91.52 91.50 91.47 91.48 91.48 91.43 91.36 91.30 91.18 91.49 91.59 91.60 91.65 91.67 91.70 91.73
45°N ||     91.76 91.76 91.73 91.74 91.73 91.71 91.70 91.68 91.68 91.69 91.69 91.67 91.67 91.66 91.65 91.61 91.57 91.51 91.44 91.37 91.30 91.24 91.17 91.11 91.06 90.98 90.86 90.66 90.24 89.47 88.84 88.34 88.17 86.54 85.84 85.66 86.33 87.82 88.89 89.72 90.13 90.28 90.25 90.34 90.47 90.59 90.64 90.42 89.66 89.20 88.73 89.22 89.96 89.89 89.90 90.16 90.77 90.63 90.77 91.02 91.09 91.20 91.27 91.35 91.46 91.60 91.62 91.68 91.75 91.83 91.88 92.03 92.09 92.17 92.16 92.28 92.28 92.29 92.36 92.36 92.24 92.28 92.24 92.21 92.15 92.10 91.96 92.00 91.93 91.79 91.77 91.83 91.69 91.64 91.63 91.60 91.50 91.45 91.55 91.55 91.44 91.38 91.32 91.51 91.38 91.48 91.50 91.50 91.34 91.24 91.02 91.31 91.24 91.20 91.32 91.26 91.21 91.30 91.32 91.34 91.33 91.39 91.41 91.45 91.45 91.47 91.48 91.49 91.53 91.55 91.58 91.59 91.68 91.74 91.93 92.04 92.16 92.28 92.34 92.46 92.55 92.64 92.63 92.64 92.61 92.53 92.56 92.56 92.53 92.51 92.42 92.46 92.41 92.23 92.29 92.25 92.14 92.00 91.80 91.73 91.68 91.60 91.56 91.54 91.53 91.52 91.52 91.52 91.51 91.49 91.46 91.39 91.27 91.53 91.54 91.57 91.63 91.71 91.72 91.76
47°N ||     91.77 91.76 91.76 91.73 91.72 91.72 91.70 91.70 91.67 91.71 91.70 91.68 91.68 91.65 91.61 91.60 91.53 91.48 91.42 91.37 91.30 91.26 91.22 91.19 91.15 91.10 91.02 90.96 90.83 90.61 90.35 90.24 90.25 90.21 89.20 88.98 89.64 89.96 90.03 90.08 90.25 90.33 90.30 90.36 90.53 90.68 90.68 90.65 89.59 89.27 89.80 90.21 90.77 90.51 90.62 90.98 90.80 91.14 90.80 90.99 91.13 91.24 91.35 91.47 91.56 91.63 91.68 91.72 91.86 91.89 92.01 92.09 92.14 92.21 92.24 92.22 92.16 92.06 92.36 92.37 92.33 92.37 92.30 92.28 92.21 92.18 92.16 92.11 92.04 91.97 91.91 91.88 91.85 91.79 91.67 91.69 91.62 91.59 91.59 91.60 91.56 91.55 91.60 91.53 91.46 91.51 91.42 91.43 91.49 91.38 91.30 91.36 91.37 91.40 91.41 91.23 91.32 91.35 91.37 91.41 91.41 91.43 91.48 91.45 91.50 91.51 91.51 91.52 91.55 91.57 91.63 91.65 91.72 91.80 92.19 92.22 92.17 92.25 92.35 92.44 92.54 92.63 92.63 92.59 92.60 92.57 92.54 92.54 92.46 92.54 92.50 92.47 92.37 92.36 92.35 92.21 92.08 91.95 91.86 91.56 91.60 91.66 91.59 91.58 91.57 91.55 91.56 91.54 91.54 91.54 91.52 91.48 91.50 91.53 91.56 91.62 91.64 91.69 91.72 91.77
49°N ||     91.78 91.77 91.77 91.74 91.75 91.75 91.73 91.73 91.71 91.70 91.71 91.68 91.67 91.63 91.59 91.55 91.50 91.47 91.42 91.38 91.33 91.31 91.27 91.24 91.18 91.14 91.12 91.08 91.05 90.99 90.94 90.88 90.82 90.77 90.68 90.71 90.74 90.72 90.52 90.39 90.36 90.48 90.45 90.23 90.38 90.54 90.57 90.56 90.94 89.89 91.26 91.34 91.39 91.27 91.26 91.00 91.02 91.03 91.22 91.06 91.25 91.34 91.45 91.55 91.59 91.68 91.77 91.87 91.89 92.04 92.05 92.12 92.20 92.22 92.25 92.26 92.30 92.37 92.41 92.41 92.41 92.36 92.35 92.32 92.30 92.25 92.24 92.14 92.10 92.07 92.02 91.95 91.85 91.80 91.75 91.75 91.68 91.69 91.69 91.66 91.58 91.63 91.54 91.60 93.14 91.81 91.45 91.53 91.50 91.43 91.40 91.43 91.41 91.40 91.36 91.43 91.42 91.44 91.46 91.44 91.45 91.47 91.50 91.50 91.50 91.52 91.51 91.54 91.56 91.59 91.65 91.70 91.78 91.89 92.12 92.19 92.15 92.28 92.29 92.42 92.49 92.55 92.60 92.59 92.56 92.57 92.55 92.54 92.49 92.41 92.52 92.43 92.34 92.28 92.27 92.12 92.04 91.91 91.87 91.63 91.54 91.68 91.63 91.62 91.61 91.59 91.60 91.59 91.56 91.58 91.56 91.56 91.44 91.52 91.65 91.64 91.64 91.73 91.81 91.75
51°N ||     91.79 91.79 91.77 91.77 91.78 91.78 91.73 91.71 91.73 91.72 91.69 91.66 91.63 91.61 91.57 91.53 91.48 91.44 91.41 91.38 91.31 91.32 91.29 91.25 91.23 91.20 91.17 91.14 91.11 91.09 91.05 91.01 90.95 90.92 90.92 90.93 90.87 90.83 90.70 90.58 90.51 90.53 90.57 90.62 90.55 90.70 90.88 91.04 91.24 91.30 91.35 91.38 91.43 91.46 91.47 91.36 91.13 91.09 91.17 91.32 91.38 91.48 91.54 91.66 91.67 91.75 91.82 91.93 92.01 92.07 92.17 92.24 92.29 92.30 92.34 92.37 92.38 92.32 92.54 92.59 92.42 92.40 92.44 92.23 92.36 92.30 92.21 92.18 92.21 92.13 92.11 92.05 91.98 91.91 91.86 91.82 91.77 91.68 91.79 91.69 91.68 91.67 91.54 92.61 93.23 91.62 91.39 91.54 91.52 91.48 91.48 91.47 91.47 91.48 91.51 91.47 91.48 91.48 91.50 91.50 91.50 91.51 91.50 91.50 91.52 91.52 91.51 91.54 91.56 91.59 91.63 91.69 91.80 91.88 92.00 92.02 92.17 92.23 92.34 92.40 92.47 92.52 92.60 92.57 92.59 92.58 92.52 92.56 92.54 92.49 92.46 92.37 92.36 92.21 92.06 92.09 92.01 91.93 91.87 91.82 91.75 91.71 91.68 91.65 91.64 91.64 91.61 91.62 91.60 91.59 91.59 91.60 91.57 91.64 91.65 91.62 91.66 91.75 91.82 91.81
53°N ||     91.79 91.77 91.81 91.81 91.80 91.78 91.76 91.73 91.71 91.67 91.68 91.65 91.62 91.58 91.54 91.49 91.43 91.43 91.42 91.39 91.36 91.34 91.31 91.29 91.26 91.24 91.21 91.18 91.17 91.14 91.11 91.10 91.06 91.04 91.05 91.04 91.03 90.97 90.86 90.77 90.70 90.69 90.73 90.78 90.89 91.02 91.09 91.18 91.26 91.33 91.39 91.42 91.45 91.48 91.50 91.52 91.33 91.38 91.28 91.47 91.62 91.66 91.71 91.74 91.80 91.87 91.99 92.06 92.12 92.16 92.29 92.33 92.35 92.38 92.42 92.47 92.47 92.44 92.51 92.48 92.42 92.47 92.43 92.46 92.39 92.48 92.43 92.29 92.27 92.16 92.17 92.11 92.04 92.00 91.91 91.85 91.87 92.03 91.78 91.77 91.68 91.68 91.64 91.59 91.51 91.51 91.51 91.57 91.53 91.55 91.53 91.53 91.51 91.53 91.52 91.52 91.54 91.56 91.53 91.55 91.53 91.52 91.50 91.51 91.52 91.51 91.51 91.54 91.56 91.58 91.64 91.70 91.77 91.85 91.85 91.97 92.05 92.16 92.18 92.25 92.28 92.36 92.37 92.45 92.48 92.49 92.44 92.45 92.36 92.36 92.36 92.35 92.22 92.11 92.06 91.98 92.01 91.93 91.89 91.83 91.78 91.73 91.70 91.68 91.67 91.66 91.66 91.65 91.58 91.61 91.59 91.63 91.62 91.62 91.64 91.69 91.77 91.77 91.82 91.83
55°N ||     91.85 91.84 91.80 91.76 91.77 91.71 91.72 91.73 91.71 91.68 91.67 91.64 91.62 91.58 91.56 91.50 92.24 91.41 91.43 91.41 91.39 91.37 91.35 91.34 91.31 91.28 91.26 91.23 91.20 91.18 91.17 91.16 91.14 91.15 91.13 91.14 91.11 91.09 91.06 91.00 90.93 90.93 90.89 90.92 90.99 91.09 91.19 91.37 91.37 91.42 91.44 91.45 91.60 91.49 91.52 91.56 91.59 91.61 91.68 91.73 91.78 91.83 91.93 91.97 92.04 92.11 92.13 92.19 92.23 92.29 92.37 92.41 92.42 92.47 92.50 92.47 92.49 92.49 92.53 92.59 92.44 92.46 92.49 92.45 92.52 92.42 92.33 92.31 92.23 92.23 92.20 92.17 92.10 92.03 91.93 91.91 91.90 91.88 91.84 91.79 91.75 91.71 91.66 91.67 91.65 91.61 91.59 91.59 91.59 91.57 91.57 91.57 91.55 91.58 91.55 91.58 91.61 91.60 91.59 91.58 91.54 91.53 91.52 91.51 91.50 91.50 91.54 91.56 91.57 91.58 91.63 91.68 91.73 91.75 91.82 91.91 91.98 92.05 92.06 92.11 92.15 92.20 92.23 92.29 92.32 92.28 92.30 92.30 92.15 92.17 92.23 92.15 92.13 92.04 91.99 92.03 91.90 91.95 91.92 91.80 91.76 91.74 91.72 91.72 91.68 91.68 91.67 91.64 91.62 91.64 91.65 91.60 91.62 91.62 91.67 91.85 91.78 91.83 91.86 91.88
57°N ||     91.86 91.86 91.84 91.81 91.83 91.77 91.73 91.71 91.70 91.70 91.66 91.63 91.63 91.59 91.56 91.55 91.45 91.47 91.44 91.44 91.42 91.40 91.38 91.36 91.35 91.33 91.30 91.28 91.28 91.25 91.24 91.23 91.22 91.22 91.21 91.21 91.21 91.19 91.18 91.12 91.10 91.07 91.06 91.07 91.11 91.19 91.27 91.32 91.39 91.42 91.45 91.47 91.49 91.52 91.56 91.60 91.64 91.70 91.77 91.84 91.98 92.02 92.06 92.09 92.15 92.17 92.23 92.28 92.31 92.39 92.40 92.75 92.51 92.51 92.53 92.56 92.55 92.52 92.53 92.51 92.50 92.58 92.44 92.45 92.11 93.04 92.34 92.30 92.29 92.23 92.24 92.15 92.10 92.06 92.04 91.96 91.95 91.89 91.86 91.77 91.77 91.74 91.68 91.64 91.62 91.62 91.62 91.59 91.62 91.61 91.60 91.61 91.64 91.63 91.63 91.64 91.66 91.64 91.62 91.57 91.56 91.56 91.55 91.53 91.53 91.53 91.52 91.54 91.56 91.58 91.62 91.64 91.68 91.69 91.72 91.78 91.88 91.92 91.95 91.93 92.03 92.01 92.10 92.16 92.17 92.15 92.14 92.16 92.14 92.08 92.12 92.09 92.10 92.08 91.99 92.02 91.95 91.97 91.94 91.85 91.81 91.81 91.75 91.73 91.71 91.68 91.68 91.66 91.63 91.66 91.65 91.63 91.70 91.67 91.69 91.74 91.81 91.81 91.84 91.85
59°N ||     91.84 91.86 91.85 91.78 91.82 91.81 91.71 91.76 91.76 91.76 91.72 91.68 91.65 91.62 91.59 91.55 91.55 91.52 91.50 91.48 91.46 91.44 91.41 91.39 91.39 91.38 91.37 91.35 91.34 91.33 91.32 91.30 91.29 91.30 91.31 91.29 91.29 91.29 91.26 91.23 91.21 91.20 91.20 91.24 91.27 91.32 91.35 91.39 91.43 91.45 91.48 91.52 91.53 91.56 91.60 91.64 91.69 91.76 91.84 91.96 92.09 92.03 92.19 92.23 92.24 92.28 92.33 92.37 92.39 92.39 92.46 92.46 92.49 92.54 92.55 92.56 92.52 92.58 92.61 92.58 92.51 92.49 92.50 92.45 92.43 92.41 92.38 92.37 92.32 92.23 92.16 92.19 92.11 92.10 91.97 92.01 91.99 91.94 91.84 91.82 91.77 91.74 91.73 91.70 91.70 91.68 91.63 91.63 91.64 91.65 91.67 91.68 91.68 91.68 91.65 91.67 91.67 91.67 91.62 91.60 91.59 91.58 91.55 91.55 91.53 91.53 91.52 91.54 91.56 91.56 91.59 91.59 91.65 91.71 91.68 91.65 91.74 91.77 91.77 91.86 91.92 91.85 91.94 92.00 92.00 91.96 92.01 92.00 92.01 92.01 92.01 92.03 92.02 91.98 91.98 92.00 91.98 91.92 91.92 91.87 91.88 91.82 91.79 91.75 91.73 91.69 91.64 91.65 91.64 91.66 91.68 91.68 91.71 91.71 91.73 91.75 91.80 91.86 91.78 91.83
61°N ||     91.83 91.84 91.83 91.84 91.82 91.85 91.80 91.77 91.79 91.72 91.69 91.70 91.67 91.64 91.61 91.59 91.57 91.55 91.53 91.51 91.48 91.48 91.46 91.45 91.43 91.43 91.41 91.40 91.39 91.39 91.39 91.38 91.38 91.38 91.38 91.37 91.37 91.37 91.36 91.44 91.35 91.35 91.35 91.36 91.37 91.38 91.40 91.43 91.47 91.50 91.51 91.57 91.61 91.64 91.67 91.74 91.81 91.88 91.95 92.01 92.12 92.22 92.27 92.30 92.36 92.66 92.31 92.45 92.47 92.47 92.53 92.45 92.51 92.61 92.65 92.62 92.60 92.61 92.54 92.56 92.52 92.52 92.48 92.49 92.44 92.41 92.35 92.32 92.27 92.23 92.18 92.15 92.13 92.07 92.06 92.05 91.96 91.91 91.89 91.83 91.81 91.77 91.72 91.72 91.70 91.71 91.67 91.69 91.68 91.71 91.70 91.71 91.72 91.72 91.68 91.71 91.68 91.68 91.67 91.62 91.63 91.62 91.54 91.57 91.56 91.54 91.53 91.52 91.53 91.55 91.55 91.57 91.59 91.50 91.60 91.65 91.66 91.66 91.72 91.76 91.79 91.72 91.84 91.87 91.88 91.82 91.87 91.86 91.90 91.93 91.90 91.93 91.91 91.88 91.92 91.92 91.89 91.88 91.88 91.85 91.82 91.83 91.79 91.77 91.75 91.67 91.71 91.70 91.67 91.69 91.68 91.71 91.73 91.72 91.77 91.78 91.76 91.82 91.81 91.78
63°N ||     91.88 91.81 91.81 92.32 91.82 91.84 91.84 91.83 91.81 91.79 91.77 91.71 91.70 91.67 91.65 91.64 91.62 91.60 91.56 91.53 91.48 91.52 91.51 91.50 91.49 91.48 91.47 91.47 91.47 91.45 91.45 91.44 91.44 91.43 91.42 91.41 91.41 91.41 91.41 91.41 91.40 91.41 91.41 91.42 91.44 91.45 91.47 91.49 91.52 91.55 91.60 91.64 91.69 91.76 91.85 91.89 91.95 92.01 92.09 92.11 92.18 92.26 92.34 92.41 92.40 92.42 92.52 92.50 92.49 92.49 92.53 92.50 92.55 92.55 92.57 92.60 92.57 92.52 92.51 92.53 92.51 92.50 92.44 92.40 92.36 92.22 92.25 92.22 92.21 92.19 92.17 92.11 92.05 92.02 92.04 91.90 91.88 91.89 91.86 91.83 91.81 91.78 91.74 91.74 91.75 91.73 91.73 91.73 91.73 91.72 91.74 91.73 91.76 91.73 91.72 91.71 91.70 91.67 91.70 91.67 91.64 91.63 91.63 91.60 91.58 91.57 91.55 91.54 91.53 91.53 91.53 91.55 91.56 91.57 91.59 91.62 91.63 91.63 91.66 91.63 91.70 91.65 91.73 91.76 91.72 91.79 91.78 91.79 91.82 91.82 91.81 91.82 91.87 91.87 91.87 91.85 91.85 91.83 91.85 91.85 91.83 91.80 91.82 91.80 91.73 91.76 91.76 91.77 91.68 91.71 91.72 91.74 91.70 91.76 91.80 91.82 91.81 91.83 91.84 91.85
65°N ||     91.86 91.92 91.86 91.91 91.90 91.88 91.86 91.87 91.76 91.81 91.78 91.77 91.77 91.75 91.85 91.68 91.67 91.65 91.61 91.63 91.61 91.58 91.58 91.57 91.56 91.55 91.52 91.53 91.52 91.52 91.50 91.49 91.49 91.48 91.47 91.46 91.45 91.46 91.45 91.44 91.45 91.46 91.47 91.48 91.51 91.53 91.54 91.57 91.59 91.62 91.66 91.67 91.77 91.88 91.97 92.06 92.14 92.24 92.27 92.30 92.31 92.39 92.42 92.41 92.48 92.50 92.51 92.45 92.49 92.52 92.45 92.47 92.53 92.53 92.53 92.54 92.54 92.49 92.49 92.48 92.49 92.43 92.39 92.22 93.07 94.67 91.91 92.13 92.18 92.12 92.14 92.06 92.06 91.98 91.96 91.92 91.88 91.87 91.86 91.84 91.80 91.80 91.77 91.72 91.76 91.72 91.71 91.73 91.72 91.72 91.74 91.74 91.76 91.73 91.68 91.69 91.73 91.69 91.68 91.70 91.68 91.66 91.65 91.61 91.60 91.56 91.57 91.55 91.54 91.52 91.54 91.53 91.54 91.54 91.56 91.56 91.58 91.59 91.58 91.61 91.63 91.63 91.66 91.67 91.65 91.70 91.69 91.71 91.70 91.72 91.75 91.76 91.76 91.78 91.72 91.80 91.79 91.83 91.82 91.81 91.78 91.77 91.82 91.81 91.77 91.82 91.81 91.73 91.79 91.75 91.81 91.80 91.79 91.79 91.80 91.84 91.78 91.80 91.89 91.74
67°N ||     91.93 91.92 91.95 91.92 91.91 91.96 91.94 91.90 91.92 91.90 91.82 91.83 91.85 91.79 91.81 91.77 91.76 91.74 91.73 91.72 91.66 91.67 91.63 91.62 91.61 91.58 91.61 91.60 91.58 91.57 91.56 91.54 91.54 91.52 91.62 91.50 91.50 91.49 91.49 91.49 91.50 91.51 91.53 91.54 91.56 91.58 91.62 91.65 91.68 91.74 91.81 91.90 91.97 92.07 92.17 92.26 92.37 92.44 92.52 92.59 92.61 92.59 92.53 92.50 92.50 92.49 92.47 92.49 92.53 92.50 92.51 92.51 92.48 92.52 92.51 92.48 92.45 92.38 92.48 92.44 92.42 92.38 92.28 92.24 92.23 92.15 92.13 92.14 92.11 92.12 92.07 92.02 92.01 91.96 91.94 91.89 91.87 91.85 91.83 91.78 91.75 91.77 91.75 91.71 91.72 91.72 91.72 91.70 91.68 91.66 91.67 91.73 91.75 91.73 91.71 91.72 91.68 91.70 91.70 91.69 91.68 91.65 91.66 91.64 91.62 91.60 91.60 91.57 91.55 91.54 91.53 91.52 91.52 91.52 91.51 91.54 91.54 91.55 91.50 91.57 91.59 91.61 91.62 91.61 91.62 91.63 91.59 91.66 91.66 91.67 91.66 91.71 91.70 91.73 91.74 91.74 91.75 91.76 91.77 91.80 91.73 91.74 91.75 91.78 91.77 91.77 91.83 91.83 91.84 91.81 91.84 91.82 91.86 91.85 91.80 91.83 91.84 91.90 91.89 91.91
69°N ||     91.87 91.96 91.97 91.94 91.96 91.96 91.95 91.96 91.90 91.98 91.93 91.91 91.90 91.91 91.83 91.80 91.79 91.84 91.85 91.80 91.80 91.79 91.77 91.76 91.71 91.69 91.60 91.67 91.67 91.62 91.65 91.60 91.61 91.58 91.55 91.54 91.54 91.54 91.54 91.55 91.55 91.58 91.59 91.62 91.64 91.67 91.75 91.83 91.92 91.98 92.03 92.09 92.12 92.19 92.24 92.32 92.37 92.40 92.46 92.48 92.48 92.49 92.48 92.46 92.43 92.45 92.46 92.47 92.43 92.47 92.47 92.45 92.49 92.47 92.39 92.43 92.41 92.36 92.36 92.33 92.29 92.26 92.28 92.22 92.15 92.15 92.07 92.05 92.03 92.00 92.00 91.96 91.91 91.90 91.90 91.81 91.83 91.82 91.80 91.78 91.77 91.77 91.75 91.71 91.71 91.75 91.73 91.71 91.70 91.72 91.65 91.66 91.70 91.69 91.71 91.70 91.68 91.69 91.69 91.66 91.64 91.65 91.64 91.64 91.61 91.60 91.60 91.59 91.58 91.57 91.55 91.53 91.53 91.52 91.51 91.50 91.51 91.53 91.55 91.54 91.55 91.56 91.57 91.57 91.57 91.58 91.59 91.60 91.61 91.61 91.63 91.62 91.64 91.66 91.69 91.70 91.69 91.72 91.80 91.77 91.75 91.75 91.75 91.79 91.79 91.82 91.83 91.86 91.84 91.83 91.82 91.87 91.88 91.90 91.96 91.93 91.91 91.93 91.91 91.89
71°N ||     91.97 92.01 92.04 91.99 91.96 92.00 92.35 91.93 91.99 91.99 91.92 91.95 91.97 91.94 91.99 92.00 91.99 91.95 92.02 91.89 91.84 91.90 91.90 91.86 91.82 91.79 91.75 91.71 91.74 91.68 91.69 91.70 91.70 91.65 91.68 91.69 91.64 91.64 91.65 91.66 91.64 91.68 91.71 91.73 91.78 91.81 91.87 91.95 92.00 92.06 92.12 92.16 92.16 92.15 92.20 92.21 92.23 92.26 92.28 92.28 92.26 92.30 92.30 92.32 92.40 92.35 92.36 92.38 92.44 92.38 92.40 92.38 92.37 92.39 92.34 92.30 92.30 92.31 92.28 92.24 92.20 92.19 92.16 92.12 92.08 92.06 92.03 92.02 91.99 91.94 91.88 91.84 91.86 91.87 91.82 91.81 91.79 91.78 91.77 91.74 91.71 91.69 91.68 91.68 91.70 91.71 91.70 91.68 91.69 91.68 91.71 91.68 91.67 91.68 91.66 91.68 91.66 91.65 91.63 91.65 91.62 91.64 91.63 91.60 91.61 91.60 91.60 91.60 91.58 91.57 91.56 91.56 91.55 91.54 91.52 91.53 91.52 91.51 91.50 91.50 91.49 91.49 91.50 91.51 91.52 91.54 91.55 91.56 91.59 91.58 91.60 91.60 91.61 91.62 91.64 91.64 91.68 91.70 91.73 91.74 91.76 91.73 91.78 91.79 91.80 91.84 91.83 91.85 91.79 91.87 91.87 91.86 91.83 91.89 91.91 91.93 91.98 91.91 91.96 91.94
73°N ||     92.02 92.06 92.06 92.03 92.00 92.08 92.09 92.06 92.06 92.09 92.13 92.07 92.08 92.02 92.15 92.06 92.04 92.02 91.98 91.98 92.00 91.87 91.87 91.91 91.86 91.92 91.86 92.05 91.94 91.88 91.92 91.84 91.80 91.77 91.73 91.76 91.72 91.74 91.75 91.79 91.82 91.85 91.86 91.88 91.93 91.95 91.97 92.00 92.03 92.06 92.11 92.19 92.16 92.17 92.17 92.16 92.13 92.12 92.09 92.12 92.14 92.16 92.18 92.18 92.20 92.24 92.25 92.23 92.22 92.24 92.29 92.32 92.31 92.24 92.28 92.28 92.28 92.22 92.18 92.12 92.12 92.09 92.05 92.02 92.04 92.02 91.99 91.96 91.92 91.92 91.87 91.79 91.79 91.79 91.78 91.72 91.73 91.72 91.70 91.71 91.69 91.69 91.68 91.64 91.67 91.67 91.65 91.64 91.64 91.63 91.65 91.65 91.67 91.66 91.65 91.67 91.67 91.65 91.63 91.61 91.62 91.64 91.63 91.61 91.60 91.59 91.58 91.59 91.57 91.57 91.56 91.55 91.55 91.54 91.55 91.54 91.53 91.52 91.52 91.52 91.53 91.54 91.54 91.54 91.55 91.56 91.57 91.57 91.58 91.59 91.59 91.61 91.61 91.62 91.62 91.62 91.66 91.68 91.69 91.69 91.74 91.74 91.73 91.77 91.81 91.84 91.81 91.85 91.89 91.91 91.71 92.61 91.78 91.50 91.90 91.94 92.01 92.00 91.92 91.98
75°N ||     92.01 92.07 92.03 92.06 92.06 92.13 92.04 92.10 92.11 92.10 92.14 92.09 92.10 92.16 92.10 92.13 92.13 92.02 92.07 92.09 92.05 92.11 92.14 92.19 92.09 91.98 92.00 92.00 91.86 91.90 91.91 91.88 91.95 91.97 92.01 91.91 91.88 91.89 91.83 91.90 91.88 91.91 91.96 91.95 91.95 91.92 91.96 91.99 92.01 92.07 92.10 92.11 92.11 92.12 92.12 92.19 92.10 92.09 92.10 92.11 92.15 92.18 92.20 92.19 92.19 92.17 92.15 92.15 92.18 92.12 92.19 92.19 92.18 92.18 92.16 92.18 92.14 92.13 92.07 92.08 92.03 92.02 91.98 92.07 91.95 91.91 91.88 91.85 91.84 91.84 91.80 91.79 91.77 91.74 91.74 91.73 91.77 91.69 91.67 91.66 91.66 91.65 91.65 91.64 91.64 91.65 91.65 91.64 91.63 91.65 91.64 91.63 91.64 91.64 91.64 91.64 91.63 91.64 91.62 91.62 91.62 91.61 91.59 91.62 91.62 91.61 91.59 91.58 91.58 91.56 91.58 91.57 91.57 91.56 91.55 91.55 91.55 91.55 91.54 91.55 91.54 91.56 91.56 91.54 91.55 91.57 91.58 91.58 91.57 91.57 91.58 91.60 91.61 91.61 91.63 91.63 91.64 91.67 91.68 91.70 91.70 91.74 91.75 91.79 91.80 91.80 91.80 91.83 91.85 91.88 91.88 91.92 91.89 92.02 92.03 92.05 92.05 92.05 92.03 91.99
77°N ||     92.11 92.03 91.90 91.84 91.92 92.08 92.02 91.81 91.82 92.05 92.11 92.11 92.13 92.10 92.09 92.00 91.90 91.94 91.83 91.99 91.87 91.93 92.19 92.35 92.09 91.98 91.97 92.04 92.00 91.99 91.98 91.98 92.00 91.95 91.79 91.93 91.88 91.92 91.90 91.88 91.96 91.94 91.90 91.90 91.94 91.98 92.00 92.02 92.04 92.05 92.06 92.08 92.00 92.11 92.13 92.15 92.16 92.16 92.15 92.15 92.17 91.83 91.82 92.01 92.08 92.06 92.06 92.07 92.02 92.02 92.05 92.06 92.06 92.06 92.03 92.03 92.01 92.02 92.03 92.02 91.99 91.93 91.92 91.90 91.89 91.86 91.79 91.78 91.82 91.79 91.80 91.77 91.73 91.69 91.68 91.70 91.70 91.69 91.67 91.66 91.66 91.66 91.64 91.67 91.64 91.64 91.64 91.63 91.63 91.63 91.63 91.63 91.62 91.61 91.61 91.61 91.62 91.60 91.61 91.58 91.60 91.60 91.61 91.61 91.61 91.61 91.60 91.60 91.59 91.58 91.59 91.57 91.56 91.55 91.49 91.54 91.56 91.56 91.57 91.57 91.56 91.56 91.56 91.56 91.57 91.56 91.58 91.57 91.58 91.57 91.58 91.60 91.60 91.61 91.62 91.63 91.64 91.65 91.64 91.67 91.68 91.70 91.74 91.77 91.78 91.79 91.81 91.85 91.86 91.84 91.89 91.85 91.88 91.93 91.92 92.03 92.09 92.08 92.03 92.07
79°N ||     91.92 91.86 91.86 91.91 91.92 91.90 91.88 91.87 91.89 91.88 91.89 91.81 91.94 91.91 91.93 91.98 91.98 92.00 92.00 91.96 91.95 92.02 92.00 92.02 92.05 92.07 92.02 91.89 91.93 91.87 91.89 91.91 91.93 91.93 91.91 91.94 91.91 91.96 91.95 91.94 91.94 91.96 91.95 91.92 91.89 91.90 91.92 91.93 91.95 91.99 92.03 92.00 92.02 92.04 92.06 92.06 92.04 92.07 92.10 92.09 92.12 92.13 92.12 92.12 92.09 92.09 92.13 92.09 92.03 92.00 91.96 91.94 91.90 91.91 91.91 91.83 91.81 91.82 91.88 91.88 91.82 91.85 91.78 91.62 91.69 91.83 91.49 91.55 91.71 91.40 91.48 91.60 91.53 91.45 91.56 91.41 91.45 91.58 91.53 91.46 91.49 91.50 91.53 91.61 91.62 91.60 91.61 91.62 91.62 91.62 91.62 91.62 91.61 91.61 91.60 91.61 91.60 91.60 91.60 91.55 91.74 91.55 91.59 91.59 91.58 91.59 91.58 91.58 91.58 91.58 91.58 91.59 91.58 91.58 91.58 91.58 91.59 91.59 91.58 91.58 91.58 91.57 91.56 91.56 91.57 91.55 91.53 91.54 91.55 91.56 91.57 91.57 91.59 91.61 91.61 91.63 91.62 91.64 91.64 91.65 91.66 91.68 91.69 91.73 91.74 91.77 91.76 91.76 91.78 91.84 91.84 91.86 91.87 91.89 91.90 91.88 91.88 91.95 91.95 91.94
81°N ||     91.56 91.56 91.57 91.58 91.57 91.57 91.58 91.57 91.58 91.58 91.59 91.60 91.60 91.61 91.62 91.62 91.63 91.63 91.63 91.64 91.64 91.65 91.66 91.67 91.68 91.70 91.74 91.79 91.79 91.82 91.87 91.81 91.82 91.91 91.69 91.70 91.62 91.71 91.53 91.57 91.65 91.68 91.82 91.82 91.83 91.86 91.90 91.88 91.78 91.76 91.59 91.58 91.53 91.58 91.75 91.65 91.70 91.68 91.66 91.68 91.84 91.74 91.77 91.77 91.80 91.83 91.88 91.71 91.65 91.58 91.58 91.61 91.47 91.53 91.49 91.43 91.39 91.42 91.38 91.34 91.33 91.28 91.29 91.26 91.26 91.27 91.22 91.22 91.22 91.20 91.21 91.24 91.17 91.18 91.24 91.19 91.20 91.15 91.15 91.16 91.24 91.26 91.26 91.26 91.25 91.27 91.22 91.37 91.39 91.52 91.50 91.39 91.44 91.57 91.50 91.52 91.47 91.49 91.55 91.43 91.44 91.42 91.44 91.45 91.50 91.58 91.47 91.49 91.49 91.49 91.50 91.50 91.50 91.50 91.51 91.51 91.53 91.56 91.58 91.58 91.59 91.59 91.59 91.58 91.59 91.58 91.58 91.59 91.59 91.61 91.61 91.62 91.63 91.63 91.63 91.63 91.63 91.64 91.65 91.64 91.64 91.65 91.66 91.66 91.66 91.66 91.66 91.65 91.65 91.62 91.60 91.61 91.61 91.60 91.60 91.59 91.58 91.56 91.56 91.56
83°N ||     91.47 91.47 91.47 91.47 91.47 91.47 91.47 91.47 91.47 91.48 91.48 91.49 91.49 91.50 91.50 91.51 91.52 91.52 91.54 91.54 91.55 91.55 91.55 91.55 91.54 91.53 91.57 91.56 91.56 91.42 91.40 91.36 91.41 91.43 91.36 91.40 91.35 91.35 91.35 91.34 91.31 91.33 91.29 91.27 91.27 91.30 91.30 91.29 91.30 91.32 91.34 91.37 91.41 91.43 91.35 91.37 91.34 91.31 91.31 91.33 91.31 91.44 91.42 91.58 91.65 91.68 91.74 91.79 91.78 91.66 91.58 91.50 91.44 91.40 91.38 91.35 91.33 91.31 91.29 91.28 91.27 91.26 91.24 91.24 91.22 91.21 91.20 91.18 91.18 91.18 91.18 91.17 91.17 91.16 91.15 91.15 91.14 91.13 91.12 91.12 91.11 91.10 91.09 91.09 91.08 91.07 91.07 91.07 91.08 91.11 91.16 91.21 91.20 91.22 91.19 91.22 91.26 91.27 91.25 91.23 91.22 91.23 91.28 91.25 91.26 91.23 91.26 91.27 91.25 91.26 91.23 91.24 91.26 91.30 91.29 91.28 91.29 91.26 91.28 91.28 91.31 91.37 91.39 91.41 91.49 91.48 91.55 91.59 91.60 91.59 91.59 91.58 91.58 91.59 91.60 91.61 91.60 91.60 91.58 91.58 91.57 91.57 91.56 91.56 91.55 91.54 91.53 91.53 91.52 91.52 91.51 91.51 91.50 91.50 91.49 91.49 91.48 91.47 91.47 91.47
85°N ||     91.51 91.48 91.50 91.54 91.56 91.63 91.35 91.32 91.37 91.42 91.30 91.36 91.33 91.31 91.32 91.37 91.24 91.19 91.18 91.19 91.19 91.24 91.34 91.28 91.27 91.30 91.37 91.32 91.30 91.36 91.33 91.14 91.16 91.23 91.16 91.13 91.13 91.13 91.13 91.14 91.14 91.17 91.15 91.12 91.13 91.11 91.09 91.09 91.09 91.13 91.14 91.13 91.14 91.20 91.19 91.16 91.17 91.18 91.19 91.20 91.21 91.20 91.23 91.21 91.20 91.20 91.25 91.25 91.32 91.36 91.39 91.45 91.40 91.39 91.39 91.42 91.46 91.54 91.57 91.57 91.57 91.54 91.44 91.37 91.29 91.28 91.30 91.31 91.33 91.38 91.51 91.52 91.22 91.18 91.17 91.19 91.17 91.16 91.13 91.11 91.11 91.13 91.10 91.08 91.07 91.07 91.06 91.05 91.05 91.04 91.04 91.04 91.04 91.05 91.05 91.06 91.07 91.07 91.08 91.08 91.08 91.09 91.10 91.09 91.09 91.09 91.09 91.09 91.09 91.09 91.09 91.09 91.09 91.09 91.10 91.10 91.13 91.12 91.12 91.16 91.11 91.12 91.12 91.20 91.21 91.22 91.25 91.31 91.25 91.21 91.24 91.21 91.28 91.29 91.33 91.38 91.30 91.33 91.36 91.38 91.37 91.33 91.35 91.43 91.40 91.42 91.46 91.55 91.49 91.57 91.50 91.45 91.43 91.40 91.43 91.47 91.50 91.44 91.45 91.46
87°N ||     91.01 91.05 91.03 91.04 91.07 91.03 91.04 91.02 90.97 90.96 90.96 90.97 90.99 91.00 90.98 90.95 90.94 90.95 90.94 90.94 90.94 90.97 90.97 90.89 90.90 90.89 90.92 90.92 90.94 90.94 90.95 90.91 90.88 90.89 90.87 90.83 90.80 90.80 90.79 90.80 90.83 90.82 90.86 90.84 90.82 90.76 90.75 90.74 90.76 90.78 90.78 90.78 90.79 90.80 90.84 90.89 90.89 90.91 90.93 90.93 90.91 90.89 90.89 90.88 90.87 90.87 90.86 90.87 90.88 90.90 90.98 91.05 91.06 91.05 91.06 91.03 91.07 91.04 91.03 91.06 91.03 91.01 91.00 91.00 91.02 90.99 91.01 91.05 91.01 91.05 90.99 90.96 90.98 90.95 90.92 90.92 90.93 90.93 90.95 90.94 90.92 90.88 90.88 90.91 90.91 90.87 90.86 90.85 90.83 90.83 90.82 90.84 90.82 90.83 90.84 90.85 90.86 90.87 90.86 90.92 90.84 90.85 90.86 90.88 90.93 90.96 90.90 90.89 90.92 90.92 90.95 90.91 90.85 90.85 90.85 90.84 90.85 90.86 90.90 90.91 90.91 90.92 90.93 90.92 90.94 90.94 90.95 90.93 90.91 90.88 90.91 90.88 90.92 90.91 90.86 90.86 90.88 90.99 90.95 90.98 90.94 91.02 91.02 91.06 91.06 91.06 91.03 91.01 91.02 91.02 91.02 91.04 91.06 91.06 91.07 91.08 91.05 91.05 91.08 91.04
89°N ||     90.68 90.66 90.67 90.68 90.69 90.63 90.62 90.59 90.59 90.59 90.59 90.58 90.58 90.58 90.58 90.57 90.57 90.56 90.56 90.56 90.55 90.56 90.57 90.56 90.56 90.56 90.55 90.53 90.52 90.51 90.50 90.49 90.48 90.47 90.47 90.46 90.46 90.45 90.45 90.44 90.44 90.44 90.43 90.43 90.43 90.43 90.43 90.43 90.43 90.43 90.44 90.45 90.46 90.48 90.49 90.51 90.52 90.53 90.54 90.54 90.53 90.55 90.55 90.56 90.56 90.57 90.58 90.58 90.58 90.59 90.59 90.59 90.60 90.61 90.62 90.63 90.64 90.64 90.66 90.66 90.66 90.65 90.65 90.66 90.65 90.67 90.67 90.66 90.66 90.66 90.66 90.67 90.69 90.69 90.67 90.65 90.64 90.66 90.70 90.71 90.69 90.65 90.65 90.64 90.64 90.63 90.62 90.61 90.61 90.60 90.60 90.59 90.59 90.58 90.58 90.57 90.57 90.57 90.57 90.57 90.57 90.57 90.57 90.57 90.58 90.57 90.57 90.56 90.55 90.55 90.55 90.55 90.54 90.54 90.53 90.52 90.51 90.50 90.49 90.48 90.48 90.48 90.48 90.48 90.48 90.47 90.48 90.48 90.48 90.49 90.50 90.51 90.52 90.53 90.54 90.55 90.56 90.58 90.57 90.55 90.55 90.56 90.57 90.57 90.56 90.57 90.57 90.57 90.58 90.58 90.60 90.60 90.61 90.62 90.63 90.63 90.64 90.65 90.65 90.66
