Mars Surface Radiation Result (absorbed dose in thin silicon slab) (1E-6 Gy/day).
Column 1 is East longitude (°)
Line 1 is North latitude (°)

-179  -177  -175  -173  -171  -169  -167  -165  -163  -161  -159  -157  -155  -153  -151  -149  -147  -145  -143  -141  -139  -137  -135  -133  -131  -129  -127  -125  -123  -121  -119  -117  -115  -113  -111  -109  -107  -105  -103  -101  -99  -97  -95  -93  -91  -89  -87  -85  -83  -81  -79  -77  -75  -73  -71  -69  -67  -65  -63  -61  -59  -57  -55  -53  -51  -49  -47  -45  -43  -41  -39  -37  -35  -33  -31  -29  -27  -25  -23  -21  -19  -17  -15  -13  -11  -9  -7  -5  -3  -1  1  3  5  7  9  11  13  15  17  19  21  23  25  27  29  31  33  35  37  39  41  43  45  47  49  51  53  55  57  59  61  63  65  67  69  71  73  75  77  79  81  83  85  87  89  91  93  95  97  99  101  103  105  107  109  111  113  115  117  119  121  123  125  127  129  131  133  135  137  139  141  143  145  147  149  151  153  155  157  159  161  163  165  167  169  171  173  175  177  179  
--------------------------------------------------------------------------------------------------
-89°N ||     74.04 74.07 74.11 74.12 74.12 74.11 74.11 74.13 74.17 74.20 74.33 74.38 74.35 74.40 74.57 74.66 74.70 74.76 74.77 74.67 74.62 74.75 74.77 74.73 74.69 74.67 74.62 74.63 74.71 74.68 74.76 74.86 74.81 74.75 74.84 74.77 74.68 74.62 74.56 74.52 74.48 74.41 74.36 74.34 74.32 74.32 74.31 74.32 74.31 74.29 74.27 74.27 74.24 74.23 74.22 74.22 74.15 74.13 74.11 74.10 74.08 74.06 74.05 74.02 74.04 74.07 74.08 73.98 73.94 73.95 73.89 73.87 73.87 73.87 73.84 73.82 73.80 73.79 73.78 73.78 73.77 73.78 73.78 73.77 73.78 73.79 73.78 73.78 73.77 73.78 73.79 73.82 73.84 73.84 73.85 73.86 73.85 73.86 73.87 73.88 73.86 73.86 73.85 73.84 73.85 73.86 73.87 73.88 73.89 73.89 73.90 73.89 73.86 73.88 73.92 73.94 73.94 73.93 73.94 73.96 73.97 73.98 73.99 74.02 74.05 74.07 74.08 74.10 74.12 74.14 74.15 74.16 74.17 74.18 74.19 74.22 74.23 74.23 74.23 74.23 74.19 74.19 74.17 74.14 74.15 74.14 74.14 74.12 74.09 74.07 74.06 74.05 74.04 74.01 73.99 73.98 73.97 73.95 73.95 73.96 73.95 73.95 73.95 73.94 73.94 73.94 73.94 73.94 73.95 73.95 73.95 73.96 73.96 73.96 73.96 73.99 74.01 74.02 74.03 74.04
-87°N ||     75.82 75.87 75.88 75.99 75.97 76.03 75.94 75.94 75.92 75.85 75.85 75.84 75.74 75.62 75.56 75.54 75.56 75.56 75.56 75.52 75.52 75.58 75.70 75.75 75.73 75.69 75.70 75.62 75.70 75.56 75.78 75.80 75.66 75.64 75.63 75.60 75.55 75.49 75.54 75.56 75.53 75.57 75.53 75.50 75.46 75.43 75.42 75.36 75.32 75.27 75.14 75.28 75.11 74.87 74.89 74.83 74.72 74.61 74.55 74.52 74.65 74.21 74.25 74.03 73.97 73.96 73.92 73.90 73.89 73.86 73.78 73.71 73.76 73.75 73.53 73.48 73.42 73.35 73.31 73.44 73.19 73.04 73.02 72.94 72.92 72.92 72.94 72.96 72.99 73.01 73.05 73.06 73.09 73.10 73.11 73.44 73.36 73.51 73.42 73.62 73.62 73.62 73.68 73.69 73.73 73.80 73.86 74.00 74.08 74.13 74.02 74.01 74.04 74.06 74.08 74.08 74.12 74.15 74.21 74.22 74.28 74.33 74.34 74.39 74.46 74.45 74.47 74.53 74.60 74.59 74.65 74.66 74.68 74.73 74.85 74.99 75.09 75.23 75.15 74.98 74.85 74.80 74.76 74.73 74.67 74.66 74.62 74.40 74.38 74.36 74.35 74.36 74.39 74.39 74.38 74.39 74.46 74.56 74.64 74.63 74.71 74.78 74.87 74.91 75.03 75.12 75.20 75.23 75.34 75.36 75.50 75.50 75.52 75.50 75.60 75.53 75.33 75.47 75.82 76.02
-85°N ||     75.29 75.28 75.29 75.29 75.30 75.30 75.32 75.37 75.38 75.38 75.39 75.40 75.41 75.47 75.40 75.33 75.34 75.44 75.43 75.44 75.45 75.47 75.50 75.52 75.52 75.53 75.57 75.68 75.74 75.88 76.21 76.25 76.23 76.23 76.27 76.09 76.26 76.13 76.10 76.08 76.30 76.55 76.49 76.50 76.29 76.25 76.14 76.05 75.97 75.89 75.92 75.82 75.80 75.77 75.99 76.06 75.80 75.63 75.69 76.05 75.89 75.05 74.92 74.95 75.06 75.14 75.01 75.10 75.09 74.72 74.81 74.69 74.43 74.36 74.41 74.19 74.46 74.69 74.92 74.60 74.44 74.36 74.41 74.41 74.49 74.36 74.30 74.18 74.17 74.27 74.17 74.20 74.31 74.31 74.31 74.31 74.32 74.37 74.43 74.54 74.52 74.62 74.88 75.14 75.08 75.04 75.03 75.05 75.03 75.08 75.17 75.23 75.28 75.36 75.16 75.21 75.32 75.34 75.26 75.17 75.15 75.18 75.22 75.31 75.41 75.49 75.50 75.44 75.44 75.40 75.36 75.33 75.30 75.32 75.36 75.48 76.02 77.13 77.54 77.26 76.61 76.30 76.16 76.18 75.73 75.49 75.40 75.29 75.34 75.39 75.28 75.29 75.34 75.46 75.62 75.69 75.73 75.76 75.74 75.75 75.73 75.56 75.41 75.35 75.33 75.42 75.48 75.53 75.64 75.82 75.60 75.64 75.59 75.52 75.46 75.45 75.45 75.45 75.35 75.30
-83°N ||     75.32 75.34 75.35 75.37 75.38 75.39 75.40 75.42 75.45 75.47 75.50 75.53 75.57 75.59 75.58 75.59 75.60 75.64 75.67 75.70 75.73 75.76 75.80 75.84 75.89 75.95 76.00 76.06 76.16 76.29 76.24 76.10 76.09 76.05 76.17 76.26 76.23 76.17 76.25 76.32 76.09 76.07 76.07 76.07 76.10 76.13 76.11 76.62 76.74 76.83 76.76 76.78 76.70 76.70 76.71 76.68 76.62 76.91 77.04 77.09 76.65 76.98 76.87 76.76 77.13 76.85 76.88 76.85 77.24 76.88 77.17 77.41 77.60 77.60 77.41 77.26 77.31 77.30 77.26 77.34 77.29 77.24 77.07 77.09 77.11 77.02 76.94 76.91 76.95 76.94 76.66 76.66 76.77 77.17 76.70 76.61 76.49 76.45 76.49 76.37 76.58 76.08 76.24 75.99 76.40 76.65 76.71 76.48 76.37 76.39 76.41 76.55 76.84 76.96 77.07 77.05 76.62 76.63 76.53 76.49 76.41 76.40 76.09 76.00 76.06 76.12 76.11 75.97 75.96 76.11 76.05 76.07 76.25 76.28 76.50 77.11 77.97 77.90 77.93 77.91 77.91 76.63 76.46 76.50 76.45 76.56 76.51 76.43 76.40 76.38 76.32 76.19 76.07 76.00 75.96 75.84 75.79 75.86 76.17 76.55 77.02 77.25 76.75 76.18 75.44 75.44 75.15 75.08 75.06 75.10 75.27 75.47 75.90 75.83 75.53 75.34 75.26 75.24 75.26 75.29
-81°N ||     75.61 75.68 75.69 75.84 75.59 75.67 75.71 75.76 75.82 75.88 75.94 76.02 76.19 76.24 76.03 76.04 76.09 76.16 76.19 76.22 76.25 76.30 76.32 76.36 76.40 76.46 76.53 76.57 76.60 76.65 76.70 76.88 76.86 76.90 77.03 76.97 76.74 76.77 76.75 76.79 76.97 76.80 76.47 76.51 76.35 76.21 76.28 76.47 76.54 76.45 76.62 76.54 76.78 77.69 77.38 77.58 77.86 77.32 77.86 77.80 77.47 77.59 77.65 77.63 77.67 77.66 77.73 77.74 77.64 77.54 77.64 77.46 77.26 77.28 77.30 77.33 77.28 77.30 77.24 77.25 77.71 77.14 76.97 76.92 76.89 76.91 76.89 76.89 76.86 76.84 76.82 76.84 76.72 76.53 76.33 76.03 75.42 74.80 75.56 75.70 76.16 76.49 76.45 76.58 76.90 77.13 77.27 77.52 77.48 77.34 77.10 77.43 77.58 77.74 77.74 77.84 77.88 77.97 77.93 77.91 77.88 77.94 77.87 77.78 77.76 77.82 77.35 77.38 77.46 77.54 77.62 77.88 77.96 78.08 78.14 78.13 78.11 77.42 76.56 76.36 76.29 76.21 76.15 76.30 76.36 76.36 76.28 76.42 76.50 76.59 76.73 76.82 76.93 76.67 76.80 77.05 77.23 76.88 76.73 76.78 77.29 77.02 76.64 76.62 76.77 76.71 77.14 76.44 75.66 75.39 75.45 75.60 75.71 75.91 76.20 75.53 75.64 75.64 75.46 75.52
-79°N ||     75.97 76.02 76.04 76.16 76.14 76.11 76.11 76.15 76.17 76.37 76.24 76.34 76.41 76.44 76.53 76.71 76.65 76.92 76.55 76.75 76.59 76.63 76.60 77.11 77.59 76.48 76.97 77.53 77.31 77.44 77.36 77.36 77.33 77.36 77.42 77.44 77.45 77.43 77.32 77.28 77.29 77.03 77.69 77.80 76.75 76.93 76.92 76.79 76.75 77.09 77.38 77.04 77.87 77.68 77.80 78.00 78.26 76.87 77.59 77.08 77.88 77.59 76.92 77.40 77.46 77.84 77.90 77.83 77.80 77.75 77.70 77.73 77.71 77.73 77.70 77.67 77.71 77.76 77.70 77.45 77.55 77.74 77.45 77.41 77.43 77.66 77.28 77.48 77.31 77.34 77.39 77.24 77.15 76.83 76.02 76.02 75.62 76.08 76.63 76.95 76.89 77.17 77.22 77.32 77.42 77.68 77.47 77.58 77.30 77.60 77.15 77.47 77.29 77.29 76.93 76.83 77.61 77.80 78.12 78.20 78.26 78.25 78.28 78.26 78.31 78.27 78.21 78.27 78.24 78.29 78.22 78.20 78.30 78.27 78.28 78.30 78.39 78.41 78.33 78.33 78.32 78.36 77.98 77.50 77.69 77.05 76.51 76.49 76.47 76.37 76.45 76.56 76.99 78.30 78.10 77.07 76.86 77.45 76.18 76.19 76.82 76.24 75.93 75.80 75.72 75.83 75.67 76.05 75.76 75.73 75.75 75.80 75.93 75.62 75.53 75.65 75.75 75.86 75.87 75.89
-77°N ||     76.83 76.55 76.47 76.45 76.35 76.64 76.60 76.97 76.92 76.98 76.97 77.02 77.39 77.17 77.11 77.20 77.33 77.35 77.44 77.24 77.15 77.21 77.15 77.27 77.19 77.34 77.56 77.67 77.50 77.63 77.59 77.62 77.62 77.61 77.60 77.62 77.59 77.62 77.60 77.60 77.58 77.60 77.51 77.35 77.28 77.04 76.51 77.24 76.42 76.69 77.53 77.31 77.18 76.68 76.88 77.09 77.27 77.22 77.38 77.37 77.69 77.87 77.67 77.75 77.99 78.05 78.04 78.08 78.09 78.04 77.99 77.97 77.91 77.93 77.89 77.90 77.88 77.78 77.55 77.56 77.49 77.35 77.29 77.13 77.38 77.57 77.42 77.46 77.26 77.38 77.39 77.31 76.93 76.76 76.62 76.45 75.98 75.62 76.74 77.96 78.38 78.58 78.59 77.28 77.58 77.46 77.48 77.66 77.36 77.71 77.43 77.38 77.29 77.75 78.15 77.95 77.36 77.23 76.81 76.59 76.49 76.12 75.99 76.52 77.16 77.65 77.97 77.96 77.86 77.65 77.06 77.77 77.98 77.20 77.80 78.02 78.35 78.23 77.94 77.81 77.45 77.50 77.30 77.77 78.41 78.31 78.10 77.94 77.18 77.22 77.30 76.49 77.21 77.55 77.54 76.62 76.22 76.29 76.04 76.07 76.15 75.99 75.98 76.24 76.11 76.05 76.17 76.26 76.29 76.26 76.16 76.26 76.49 76.15 76.18 76.23 76.44 76.61 76.71 76.52
-75°N ||     77.11 77.23 76.99 77.14 76.94 76.92 77.05 77.85 77.30 77.24 78.36 78.79 77.55 77.68 77.67 77.80 77.55 77.67 77.66 77.44 77.44 77.71 77.72 77.90 77.72 77.80 77.85 77.88 77.85 77.81 77.81 77.78 77.81 77.75 77.27 77.67 77.69 77.69 77.65 77.65 77.58 77.52 77.53 77.54 77.60 77.67 77.58 77.47 77.26 77.13 77.24 76.68 76.56 76.97 77.57 77.67 77.61 77.99 78.18 78.23 78.28 78.26 78.20 78.15 78.13 78.13 78.11 77.89 78.12 77.99 77.82 77.64 77.59 77.41 77.34 77.45 77.37 77.59 77.40 77.42 77.49 77.54 77.65 77.44 77.80 77.55 77.55 77.72 77.54 77.54 77.42 77.11 76.97 77.29 77.45 77.49 77.51 77.53 77.60 77.46 77.29 77.39 77.38 77.34 77.68 77.76 77.76 77.59 77.55 77.42 77.31 77.12 76.63 76.84 76.96 76.44 76.84 76.71 76.49 76.66 76.42 76.37 77.11 77.41 77.20 77.16 78.36 76.79 77.01 77.03 77.17 77.70 77.60 77.47 77.39 77.17 77.47 76.43 76.04 75.61 75.56 76.24 78.69 78.48 78.58 77.20 77.90 77.23 78.04 78.41 78.25 78.18 78.09 78.12 78.23 76.94 75.81 75.73 75.71 75.71 75.68 75.83 76.51 76.38 76.58 75.94 76.01 76.20 76.29 76.29 76.37 76.39 76.44 76.70 76.72 76.79 76.91 76.85 76.91 76.97
-73°N ||     78.43 77.14 77.87 77.87 77.73 77.39 78.24 77.88 77.92 77.92 77.46 77.11 78.29 77.38 77.69 77.90 77.85 77.84 77.76 77.61 77.44 77.05 78.22 76.83 77.10 78.06 77.76 77.73 77.76 77.82 77.85 77.83 77.94 77.52 77.45 77.09 77.34 77.76 77.62 77.68 77.68 77.72 77.61 77.67 77.71 77.71 77.72 77.43 78.09 79.20 79.18 79.38 79.33 77.50 78.09 78.12 78.33 78.40 78.44 78.47 78.49 78.46 78.38 78.28 78.34 77.91 78.09 78.32 78.35 78.35 78.28 77.96 77.72 77.87 77.71 77.59 77.51 77.65 77.88 77.47 77.49 77.51 77.56 77.93 77.74 78.02 78.19 78.15 78.02 78.08 77.69 77.64 77.26 77.67 77.64 77.76 77.96 77.99 77.99 77.97 78.01 78.01 78.10 78.05 77.97 77.91 78.05 77.53 77.44 77.28 76.82 76.44 76.69 77.14 77.60 77.29 77.51 77.39 77.51 77.13 77.28 76.88 76.68 76.57 76.89 76.82 77.21 77.26 77.59 77.54 77.49 77.60 77.64 77.75 77.85 77.86 77.82 77.96 77.56 77.14 77.63 76.21 76.42 77.07 77.16 77.21 77.28 77.56 78.40 77.97 77.71 76.83 77.69 78.17 78.52 78.65 77.93 76.78 75.85 76.28 76.01 76.32 76.84 76.95 76.19 76.49 76.97 77.12 76.96 77.38 78.32 78.02 77.56 77.41 77.42 77.35 77.53 77.30 77.36 78.31
-71°N ||     78.24 78.31 78.45 78.54 78.63 78.86 79.05 78.95 78.97 79.00 79.00 78.14 77.37 77.00 76.28 76.31 77.05 77.24 78.54 77.52 77.60 77.39 77.14 77.23 79.48 77.94 77.90 77.93 77.80 77.54 77.64 77.51 77.50 77.73 77.63 77.59 77.50 77.86 77.66 77.68 77.83 77.64 77.81 77.70 77.75 77.78 77.45 77.24 77.30 78.40 79.27 79.11 79.56 77.28 78.27 78.45 78.53 78.61 78.53 78.56 78.64 78.25 78.10 78.24 78.40 78.51 78.61 78.37 78.40 77.41 77.73 77.95 77.79 77.98 77.65 77.88 77.68 77.16 76.94 76.78 76.69 77.79 77.75 77.74 77.97 77.99 78.17 77.95 78.27 78.08 78.69 78.55 78.07 78.18 78.16 77.96 77.86 77.20 77.86 78.19 78.36 78.03 78.08 78.09 78.07 78.13 77.72 76.77 77.06 77.43 77.49 77.61 77.62 77.81 77.84 77.74 78.02 77.82 77.96 78.05 77.97 78.20 78.23 77.99 78.23 77.77 77.13 77.39 78.79 78.76 77.60 77.78 77.54 76.33 77.15 77.37 77.48 77.02 76.65 77.01 77.52 76.86 77.82 77.95 78.27 78.30 78.24 77.88 77.87 78.09 78.42 78.30 78.60 78.37 79.37 79.63 79.52 79.04 78.58 78.24 78.55 78.30 78.03 78.44 78.68 78.59 78.57 78.34 78.15 78.79 78.23 78.61 78.46 78.49 77.83 77.82 77.89 78.00 77.55 78.22
-69°N ||     77.56 77.65 78.07 78.38 77.87 79.74 79.50 78.99 79.21 79.17 79.11 78.83 78.06 78.19 77.70 77.98 76.62 76.82 77.30 77.79 78.22 77.93 77.64 77.56 77.34 78.16 77.82 78.01 77.55 78.31 77.14 77.23 77.12 77.44 77.49 77.60 77.91 77.94 78.05 78.04 78.14 78.03 78.00 78.06 78.07 78.88 77.82 78.18 78.18 78.16 78.22 78.39 78.40 78.54 78.57 78.50 78.55 78.59 78.33 78.33 78.10 78.56 78.51 78.71 78.54 78.29 77.61 77.67 77.77 77.77 77.71 77.88 77.85 78.09 78.23 78.48 78.29 77.60 77.04 77.34 77.50 78.05 78.09 77.60 77.58 77.34 77.43 77.39 77.69 78.01 78.05 78.20 77.25 78.25 78.34 78.24 78.40 78.40 78.38 78.44 78.38 78.33 78.41 78.31 78.05 77.71 76.94 78.17 78.40 78.26 78.05 77.83 77.94 77.80 77.95 77.43 77.38 77.99 78.44 78.68 78.91 78.74 78.78 78.89 78.87 78.76 78.34 77.88 77.58 77.58 78.10 77.92 77.86 77.87 78.94 77.65 76.25 76.64 76.79 76.91 77.12 77.12 76.70 76.83 77.40 77.92 78.05 77.74 78.31 78.40 78.39 78.50 77.92 76.08 78.38 79.39 79.15 76.70 79.40 79.27 79.16 78.84 78.73 78.62 78.30 77.97 77.68 77.80 76.93 76.64 77.71 78.47 78.35 78.10 77.92 77.74 77.63 77.52 77.76 77.74
-67°N ||     79.46 77.53 77.22 78.08 78.12 78.25 78.30 79.11 79.08 79.25 79.32 79.32 79.10 78.93 78.46 78.09 77.71 77.19 77.09 76.77 76.75 76.46 76.82 76.86 77.28 77.25 77.11 77.01 77.64 76.71 76.72 76.79 77.46 79.29 77.28 77.56 77.59 78.59 78.03 78.06 78.17 78.15 78.10 78.12 78.13 78.18 78.13 78.27 78.28 78.21 78.26 78.38 78.42 78.42 78.32 78.52 78.72 78.56 78.65 78.53 77.87 78.34 78.64 78.63 78.33 78.10 80.39 80.39 79.79 77.82 77.99 78.04 78.13 78.38 78.59 78.14 77.74 77.14 77.23 76.90 77.25 77.28 77.74 77.64 78.02 77.91 78.06 78.09 78.08 78.08 78.14 78.34 78.24 78.42 78.35 78.50 78.36 78.30 78.33 78.10 78.14 77.33 77.10 77.15 76.78 77.36 78.87 79.52 79.45 78.89 78.73 78.20 78.23 77.82 78.00 77.89 78.33 78.52 78.85 78.90 78.87 78.86 78.94 78.93 78.84 79.14 79.13 79.32 79.36 78.72 77.82 77.09 77.76 78.00 77.14 76.94 76.81 76.39 76.98 76.15 76.42 76.85 76.87 77.92 77.54 77.46 76.91 77.27 77.78 78.17 78.54 78.75 78.35 78.58 78.74 78.79 78.84 78.84 78.43 78.67 78.60 78.66 78.40 78.12 78.45 78.38 78.38 78.36 78.28 77.75 78.52 78.21 78.12 77.87 77.33 78.08 77.28 77.25 77.30 77.85
-65°N ||     77.72 77.26 76.89 77.40 77.45 78.52 78.68 79.25 79.10 79.19 79.17 79.33 79.35 79.35 79.23 78.97 78.79 78.71 78.58 78.17 77.56 77.41 77.50 77.24 77.67 77.57 77.19 78.15 77.92 77.22 76.97 77.32 77.07 77.35 77.58 77.73 77.76 77.85 77.87 78.12 78.14 78.26 78.30 78.30 78.40 78.43 78.39 78.37 78.40 78.38 78.24 78.13 78.03 78.18 78.36 78.53 78.53 78.54 78.38 77.34 78.72 78.76 78.99 79.27 78.38 78.82 78.86 78.94 78.16 78.08 78.36 78.22 78.32 78.51 78.79 78.64 78.06 77.85 77.42 77.06 77.09 77.44 78.48 77.83 78.05 78.11 78.10 78.02 77.73 78.19 78.20 78.25 78.19 78.40 78.18 78.45 78.76 78.55 78.23 78.32 78.03 78.06 77.91 77.78 77.34 77.69 77.52 77.82 77.94 77.79 77.74 77.58 77.70 78.37 78.70 79.35 79.30 79.05 78.83 78.70 78.71 78.94 79.16 79.12 79.30 79.23 79.19 79.27 79.27 79.42 78.14 78.06 78.00 77.87 79.77 77.30 77.24 77.38 77.95 76.61 76.56 76.57 77.11 77.15 77.20 76.71 76.54 77.95 77.61 77.21 78.29 78.09 77.96 78.59 78.54 76.80 77.49 77.72 78.46 78.08 77.36 77.54 78.49 77.99 78.31 78.65 78.44 78.56 78.49 78.43 77.99 77.86 77.65 76.92 78.08 78.37 77.84 77.64 77.18 77.05
-63°N ||     77.74 77.71 78.24 77.38 77.05 77.60 78.28 78.45 78.80 78.69 79.07 78.85 79.38 79.16 79.20 79.01 79.12 79.17 79.07 78.42 77.74 77.71 77.38 77.51 77.40 77.58 77.59 77.36 77.29 77.39 77.31 77.49 77.78 77.80 77.75 77.46 77.24 77.66 78.15 77.79 78.35 77.92 77.67 78.16 78.22 78.18 77.91 78.30 78.19 78.17 77.88 77.99 78.43 78.95 78.53 77.59 78.14 78.89 78.68 78.74 78.65 78.63 78.82 79.14 79.67 79.32 78.36 79.42 78.19 78.91 78.59 78.34 78.41 78.25 78.40 79.07 79.30 79.16 79.06 78.55 78.30 77.83 77.96 77.94 77.98 78.05 78.21 78.22 78.24 78.19 78.17 78.20 78.34 78.26 78.32 78.09 78.28 78.37 78.17 78.49 78.53 78.17 78.26 78.49 78.30 77.99 77.74 77.45 77.48 77.21 77.80 77.94 78.36 79.10 79.66 79.75 79.78 79.45 79.17 79.05 78.99 78.94 79.03 79.09 79.41 79.52 79.37 79.32 79.37 79.43 79.16 78.38 78.23 78.59 78.06 77.49 77.16 77.37 77.18 76.30 78.41 76.91 77.62 77.50 77.45 77.08 76.87 76.64 76.33 76.85 77.36 77.88 77.58 77.66 78.10 78.56 78.92 78.96 78.56 78.40 77.73 77.85 78.12 78.08 77.94 76.82 76.76 77.21 77.84 78.23 78.41 78.50 78.24 78.60 78.55 77.37 77.94 78.07 77.99 78.40
-61°N ||     78.78 77.55 76.99 77.75 78.17 78.45 78.43 77.54 77.71 78.00 77.41 77.72 78.50 77.72 80.13 77.84 78.36 78.29 79.10 78.61 78.50 78.44 78.49 77.65 77.44 77.18 78.63 78.08 77.41 77.53 78.12 78.54 78.58 78.43 78.43 78.04 77.52 77.78 77.67 77.63 78.20 77.28 77.82 78.27 77.84 76.65 78.51 78.74 78.79 78.70 78.65 78.85 78.82 78.34 77.81 79.13 79.12 78.78 79.12 79.08 78.98 78.72 78.92 79.02 79.43 79.94 79.54 78.68 79.71 79.75 79.47 79.06 77.89 78.96 79.28 78.61 78.49 78.65 78.47 78.11 77.05 77.09 77.95 78.31 78.01 77.91 77.76 78.16 78.32 78.28 78.37 78.27 78.30 78.53 78.40 78.49 78.43 78.21 78.38 78.53 78.64 78.44 78.34 78.32 77.61 78.32 78.19 78.21 78.23 78.37 78.51 78.59 78.73 78.99 79.35 79.45 78.78 78.70 78.76 78.44 80.21 79.44 78.55 78.90 79.18 79.30 79.58 79.70 79.26 79.64 80.12 79.77 76.86 79.48 79.26 78.94 77.42 77.67 77.65 78.22 77.16 77.05 76.93 77.05 77.13 77.00 76.99 76.70 76.99 76.87 77.19 77.15 77.23 77.36 77.42 78.78 79.64 79.52 79.50 79.29 79.00 78.64 78.34 78.03 77.94 77.48 76.98 77.31 77.42 76.24 77.18 78.13 78.31 77.95 76.70 77.15 77.38 78.54 78.60 78.55
-59°N ||     79.00 78.28 78.03 78.44 78.47 78.22 76.64 77.51 77.78 77.50 78.18 77.51 77.82 76.79 78.07 78.71 78.24 78.43 78.03 78.46 78.66 78.70 78.30 78.11 77.07 77.60 77.85 77.93 78.48 77.59 77.88 78.77 78.89 78.46 78.88 78.52 77.83 77.20 77.01 77.20 77.56 78.32 78.74 78.69 78.58 78.11 78.80 79.00 79.26 79.22 79.23 79.23 79.30 79.35 78.94 78.65 78.83 78.57 79.01 79.19 78.73 78.31 79.51 79.30 78.44 79.95 78.52 79.27 79.73 77.73 78.17 79.30 80.26 78.90 79.70 78.74 78.81 78.39 78.08 78.13 77.41 77.58 77.98 77.69 77.77 78.33 78.11 78.07 78.59 77.07 78.18 78.50 78.61 78.46 79.12 78.23 78.13 78.17 79.53 78.10 77.99 78.53 78.33 78.36 78.45 78.51 78.47 78.36 78.32 78.74 78.84 79.12 79.20 79.20 78.96 78.46 78.52 78.66 78.18 77.61 77.67 77.72 78.62 79.21 79.79 79.96 80.08 79.96 80.10 80.37 80.03 79.99 79.57 79.31 79.46 79.06 78.39 76.94 76.32 76.69 79.34 79.09 76.36 76.38 78.15 76.76 76.92 76.12 76.85 77.31 76.69 76.78 77.43 78.30 78.69 78.99 79.26 79.16 79.33 79.32 79.28 79.17 78.99 78.75 78.16 77.73 77.29 77.21 77.48 77.21 78.55 76.46 77.41 77.68 77.29 78.14 78.46 78.18 78.57 78.78
-57°N ||     78.77 78.83 79.11 79.52 78.86 77.20 77.73 77.52 76.99 77.08 77.23 79.49 77.17 77.32 76.83 76.93 77.81 78.47 77.87 77.71 79.37 77.79 77.85 77.82 76.88 77.71 78.05 78.02 77.98 76.95 76.33 78.85 78.54 78.69 78.66 78.33 78.54 77.73 77.48 77.57 77.30 78.04 78.33 78.51 78.63 78.25 77.63 77.53 78.64 79.32 79.36 79.44 79.23 79.20 78.88 78.04 77.75 77.77 77.42 77.21 78.07 80.10 78.61 77.87 79.80 80.38 80.11 78.93 81.32 76.41 80.67 78.92 78.08 79.01 78.47 79.77 80.14 79.70 79.22 80.30 80.36 79.06 78.09 78.20 78.54 78.16 78.26 77.94 77.88 78.32 78.41 78.53 78.14 77.75 77.76 77.68 77.71 77.84 78.39 77.83 77.50 77.70 77.69 77.76 77.72 78.51 78.55 78.78 78.98 79.15 79.31 79.48 79.67 79.78 79.59 79.19 79.36 79.36 79.57 79.15 79.00 79.30 79.94 80.40 80.69 80.67 80.71 80.69 80.69 80.95 80.38 80.22 79.91 80.19 80.06 79.93 79.83 79.12 76.72 78.11 79.43 79.92 77.01 77.26 77.98 77.74 77.23 76.92 76.87 77.31 77.89 78.12 78.32 77.97 78.63 78.28 78.99 78.20 77.11 77.43 79.07 79.25 79.14 78.71 78.11 77.72 77.37 77.36 77.49 77.38 76.99 76.83 77.44 77.55 78.85 77.45 77.44 77.57 77.97 78.68
-55°N ||     78.93 78.99 79.18 79.31 78.44 78.38 78.28 77.71 77.49 78.18 78.13 77.99 77.74 77.87 77.38 77.71 78.47 78.33 78.36 78.29 77.59 76.71 76.71 79.40 76.67 77.80 78.26 78.26 78.24 77.86 77.53 78.73 78.71 78.55 78.85 78.32 77.96 77.63 77.11 76.99 77.12 76.96 76.87 77.12 78.13 77.71 77.46 77.91 78.64 79.01 79.38 79.42 79.47 78.77 78.34 77.01 77.46 76.87 77.28 79.70 77.99 80.40 80.64 79.84 78.19 81.72 81.59 81.81 81.56 81.57 81.61 80.85 77.97 78.52 80.14 79.15 78.75 79.87 79.64 79.52 78.80 78.37 78.58 78.55 78.42 78.21 78.25 77.91 78.10 77.70 78.04 78.31 78.65 78.20 78.33 78.99 80.00 78.36 78.31 78.45 78.42 78.32 77.53 77.75 77.49 77.83 78.81 78.93 79.22 79.48 79.68 79.84 80.12 80.35 80.32 80.53 80.66 80.79 80.84 81.11 81.41 81.58 81.63 81.76 81.97 81.60 81.39 81.35 81.92 81.08 80.79 80.66 80.46 80.10 80.39 80.29 78.20 79.33 79.13 78.63 78.38 78.13 78.28 78.34 76.89 77.42 77.58 77.58 78.03 78.45 78.93 78.92 79.96 79.43 78.34 78.59 78.90 77.07 77.33 79.29 78.85 78.54 78.27 78.35 77.81 77.63 77.86 78.14 78.50 78.19 78.18 77.32 78.38 77.82 77.47 77.57 77.89 78.46 78.47 78.83
-53°N ||     79.08 78.51 78.65 79.61 79.92 77.65 78.74 78.92 78.88 78.58 78.82 78.08 77.78 78.28 78.25 78.25 77.87 78.42 78.27 78.43 78.26 77.35 76.93 78.46 77.83 78.22 79.75 78.13 78.39 78.11 78.59 78.40 78.42 78.85 78.55 78.53 78.48 77.35 76.99 77.00 76.86 77.03 77.66 77.92 78.19 78.36 78.55 78.41 79.60 80.48 77.95 78.11 78.54 78.19 78.38 79.10 78.78 77.68 77.52 78.85 78.17 80.59 80.68 80.82 82.35 81.96 81.61 81.62 81.68 81.72 81.72 81.52 81.07 80.63 79.35 79.13 79.61 80.11 79.00 79.37 79.67 79.43 79.23 78.95 78.58 79.87 78.86 78.25 78.49 78.58 78.14 78.05 77.87 78.52 77.75 77.57 78.05 78.21 78.36 78.18 78.41 78.52 77.87 76.88 78.62 78.30 78.53 78.97 79.11 79.20 79.84 80.07 80.45 80.71 80.82 81.04 81.47 81.64 82.37 83.39 84.25 84.93 85.22 85.35 85.43 84.70 84.44 84.57 84.61 84.50 83.06 81.11 81.15 81.44 80.31 80.61 80.69 80.32 78.70 78.71 78.96 78.25 78.39 77.84 78.10 79.14 77.95 77.94 78.08 77.72 78.09 78.67 79.25 79.56 80.37 79.08 78.87 76.80 79.42 78.84 79.06 79.11 79.11 78.59 78.21 78.14 77.69 78.22 77.37 78.23 78.56 77.61 76.83 76.83 77.62 78.46 78.53 78.66 79.00 79.07
-51°N ||     78.98 78.76 78.30 78.45 79.33 79.11 78.97 77.80 79.22 78.49 78.01 78.43 78.20 78.55 78.31 78.17 78.32 77.40 78.12 78.23 77.96 77.49 76.92 76.71 76.28 77.91 77.44 77.95 78.36 78.36 78.20 78.47 78.06 77.98 78.24 77.87 77.90 77.71 77.40 76.46 76.45 76.22 76.67 78.02 78.26 78.50 78.60 78.02 79.78 80.33 77.94 77.98 77.32 76.93 78.37 79.71 79.96 79.87 78.46 77.60 77.64 77.87 80.75 81.53 81.96 81.51 81.76 81.64 81.64 81.65 81.66 81.79 81.06 81.11 81.31 81.91 79.59 79.75 79.20 79.27 79.54 79.40 78.81 78.51 78.15 79.00 77.88 78.08 78.47 78.45 78.41 78.50 78.66 78.77 78.36 77.85 78.04 78.19 78.32 77.79 78.62 78.14 77.67 78.31 78.14 78.41 78.85 79.23 79.54 79.55 80.29 80.49 80.56 80.95 81.19 81.68 82.41 83.47 84.56 85.75 86.13 86.66 86.83 86.88 87.05 87.10 86.91 86.93 86.79 86.57 86.99 86.36 82.57 82.52 81.52 80.83 79.92 78.05 77.08 79.42 78.91 77.99 79.50 77.96 77.10 77.45 77.99 78.88 78.50 78.63 79.19 79.23 79.05 78.90 77.99 78.91 78.98 79.20 79.04 79.05 78.94 78.23 78.43 79.01 78.94 78.61 77.85 78.97 78.38 78.92 78.35 77.77 78.42 77.54 77.69 78.10 78.29 78.62 78.73 78.93
-49°N ||     77.76 78.13 77.95 78.52 79.64 79.94 80.12 78.92 78.94 77.61 78.27 77.68 77.66 77.45 77.85 77.60 77.52 77.58 76.65 76.96 77.39 77.78 76.82 76.65 77.46 77.17 77.64 78.39 78.34 78.32 78.07 78.41 77.96 76.42 76.43 76.66 77.03 77.02 77.12 76.52 76.31 76.39 76.58 77.66 78.12 78.36 78.39 78.36 78.25 78.10 77.88 77.48 76.86 76.59 76.92 77.46 78.92 78.99 78.00 77.68 80.18 80.50 80.67 80.93 81.58 82.12 81.67 81.72 81.64 81.89 81.94 81.54 81.25 79.91 80.48 79.19 79.20 79.72 79.10 79.33 79.37 79.27 78.89 78.39 78.45 77.82 78.04 80.06 79.09 78.50 78.23 78.45 79.28 79.31 78.53 78.22 77.37 78.81 77.86 77.87 77.81 77.80 78.16 78.66 78.78 78.27 78.18 79.26 79.53 79.95 79.43 80.25 80.89 81.32 82.35 83.47 84.57 85.26 86.15 86.65 87.29 87.52 87.31 87.29 86.29 86.98 87.08 87.19 87.07 87.04 87.08 87.11 86.91 86.28 84.03 82.41 80.72 79.76 80.31 79.64 80.05 79.11 77.69 78.46 78.67 77.27 78.27 77.95 78.71 78.93 77.93 78.64 78.63 78.57 78.38 79.04 78.72 78.42 77.91 77.94 76.28 77.38 78.46 78.25 77.74 78.52 79.12 79.57 78.64 79.57 79.42 78.98 78.90 78.19 77.59 77.02 77.28 77.59 78.09 78.32
-47°N ||     77.56 78.23 77.88 77.82 78.77 79.56 78.59 77.90 78.64 78.09 77.71 77.90 76.65 78.36 76.88 77.17 76.19 76.47 77.41 77.13 77.76 76.99 77.47 77.89 77.82 78.43 77.58 78.03 78.28 78.24 78.27 78.27 78.39 77.34 77.12 77.30 77.66 77.73 77.73 77.36 76.84 76.68 77.11 77.24 77.07 77.87 77.89 78.01 77.74 77.80 77.35 77.14 76.68 76.66 76.58 76.97 77.35 77.29 77.94 78.53 77.18 79.68 79.06 80.56 80.53 81.75 82.06 82.00 81.90 82.05 81.97 81.65 81.42 80.09 80.54 80.48 79.25 79.17 78.86 78.12 79.12 78.78 78.66 78.61 78.15 78.24 77.91 78.27 78.72 78.56 78.71 78.74 79.51 78.70 78.38 77.44 77.86 77.68 78.14 78.91 77.90 77.40 77.70 78.13 79.35 79.37 78.74 79.19 79.82 79.70 79.43 79.91 80.71 80.96 84.45 86.29 86.80 87.43 87.56 87.23 86.78 87.07 87.40 87.33 86.99 86.66 86.39 86.86 87.07 86.95 86.98 86.77 86.81 86.72 86.07 84.56 82.82 81.13 80.59 80.35 80.22 80.08 79.28 78.55 79.40 79.33 78.49 79.05 78.95 78.95 78.97 78.08 77.85 78.40 77.82 78.25 78.35 77.52 77.03 77.96 79.06 79.24 77.85 77.70 78.40 79.19 78.96 79.25 79.54 79.39 79.32 79.22 77.99 78.03 77.61 78.39 77.91 77.70 78.22 78.03
-45°N ||     78.27 78.38 78.18 78.25 78.62 78.56 78.73 78.79 78.97 77.86 77.58 78.31 77.63 77.38 77.48 77.49 78.75 77.39 77.89 78.05 77.76 78.15 79.01 77.65 78.14 78.48 78.22 78.05 78.06 78.01 77.83 77.97 77.89 77.64 77.66 77.62 77.66 77.71 77.85 77.88 77.45 77.32 77.54 77.43 77.40 77.65 77.66 77.39 77.18 76.94 76.83 76.81 76.73 76.14 75.90 77.21 77.72 77.88 78.37 78.73 79.20 79.10 79.70 79.90 79.85 81.14 81.48 83.30 83.00 82.33 82.12 81.82 80.99 80.71 80.39 80.64 79.02 78.95 78.92 80.24 78.44 78.75 78.35 78.29 78.20 78.07 78.07 78.79 78.76 78.62 78.46 78.59 78.92 78.58 78.28 78.43 77.92 77.96 77.91 78.91 76.88 77.71 77.97 78.06 78.90 78.03 78.85 79.19 79.52 79.56 79.72 79.57 80.74 82.34 86.33 86.85 87.56 87.58 87.24 87.52 87.39 87.56 87.42 87.42 87.25 87.55 87.52 86.87 86.82 87.25 86.95 86.85 86.86 86.72 86.02 85.59 83.70 81.57 80.83 80.57 80.22 80.42 77.66 79.40 79.44 79.01 79.20 78.75 78.52 79.04 78.53 78.23 78.65 78.20 78.33 77.84 77.53 77.65 76.96 76.02 77.62 77.29 78.00 79.25 79.41 79.24 78.46 79.46 78.65 78.77 79.22 79.06 78.00 78.06 78.23 77.02 77.09 77.87 78.14 78.01
-43°N ||     79.05 77.95 79.24 78.69 79.05 78.56 78.73 78.68 78.38 78.07 77.58 77.70 77.44 77.20 77.63 77.67 78.16 78.27 78.09 78.06 77.42 77.73 77.99 78.01 77.64 78.11 78.24 78.24 77.38 77.77 77.59 77.94 78.01 77.47 77.56 77.56 77.61 77.75 78.00 78.14 77.40 77.09 75.91 76.00 76.96 77.43 77.24 76.96 77.00 76.67 76.52 76.53 76.38 76.47 76.50 77.37 77.48 77.70 77.79 78.28 78.24 78.37 79.01 78.29 80.32 80.15 80.87 81.01 81.15 81.24 81.10 81.07 80.35 80.73 80.52 79.23 79.08 79.37 79.18 79.36 79.00 80.72 78.37 78.66 78.43 78.42 78.22 78.84 78.79 78.43 78.32 78.57 78.65 78.52 78.47 78.14 78.46 78.11 78.59 77.92 77.83 77.98 77.77 77.25 77.33 77.80 78.71 79.75 79.03 79.36 79.52 79.67 80.95 84.10 86.68 87.45 87.43 87.24 87.41 87.59 87.47 87.50 87.34 87.52 87.50 86.93 87.12 87.06 87.31 87.10 86.90 86.88 86.67 86.27 84.85 84.70 83.74 82.02 80.80 80.83 80.59 80.65 80.24 80.13 79.79 79.52 79.18 78.89 78.92 79.84 79.27 79.03 78.93 78.39 78.32 77.90 77.49 77.47 77.57 77.60 77.29 77.40 78.33 79.49 79.74 79.67 79.38 79.21 78.66 78.97 78.94 79.14 77.27 78.33 78.38 79.40 77.92 78.25 78.69 78.61
-41°N ||     79.30 79.17 79.22 79.75 79.47 78.47 78.62 78.49 79.31 79.83 80.63 80.42 78.82 77.75 78.10 77.96 77.37 77.72 77.35 77.80 77.36 78.07 78.01 78.00 77.76 76.73 77.39 77.63 77.92 77.35 77.21 77.54 77.32 77.34 77.07 77.45 77.55 77.78 77.85 75.41 75.08 74.90 73.07 72.81 72.88 75.24 75.24 75.25 76.10 76.50 76.15 76.60 76.26 76.46 76.39 76.44 76.54 77.14 78.25 78.00 77.53 76.82 78.56 79.44 79.34 80.13 80.10 80.47 80.88 80.94 80.88 80.38 80.71 79.87 79.96 79.96 79.67 80.84 79.57 78.95 79.26 79.08 78.60 78.60 78.35 78.37 78.58 78.97 78.95 78.74 78.40 78.70 78.30 78.37 78.53 77.87 77.67 78.33 78.26 78.10 77.68 77.80 77.18 76.89 78.92 77.97 78.46 79.22 79.24 79.28 79.61 79.99 80.91 84.13 86.19 87.44 87.36 86.88 87.50 87.53 87.50 87.42 87.54 87.60 87.42 86.94 87.26 87.36 87.19 87.32 87.12 86.85 85.99 85.15 84.70 84.27 83.15 81.80 81.26 80.87 81.06 79.90 79.60 79.98 78.56 78.68 79.23 79.37 79.45 79.38 79.23 79.22 79.23 78.32 78.13 78.05 77.71 78.29 78.20 77.88 77.80 77.69 78.54 79.08 79.29 79.11 79.24 79.12 78.08 78.69 78.70 77.68 77.55 78.53 78.41 78.56 78.60 78.91 79.19 78.70
-39°N ||     79.08 79.27 78.87 78.37 79.56 78.39 78.98 78.80 77.85 78.43 80.09 80.09 78.20 77.79 78.55 78.18 78.52 77.91 78.23 78.32 78.54 77.60 78.57 78.57 78.23 78.24 77.97 77.62 77.80 77.66 77.52 75.40 76.62 77.11 77.12 77.35 77.53 77.51 76.68 76.51 75.86 74.48 74.14 74.22 74.60 74.73 74.62 74.89 74.26 75.42 76.20 76.22 76.24 76.33 76.49 76.52 76.78 77.16 77.25 77.85 77.85 78.04 77.44 77.71 78.72 77.99 79.47 80.75 80.61 80.54 80.60 80.59 80.09 79.85 80.06 79.90 79.79 79.50 79.27 79.31 79.22 79.25 79.03 78.74 78.69 78.36 78.86 79.25 78.77 78.69 79.02 79.08 78.96 78.36 78.67 78.15 78.16 78.12 78.08 78.66 77.77 78.03 77.55 77.69 77.57 77.52 78.44 79.00 79.34 79.40 79.40 80.25 80.99 82.60 85.91 87.46 87.54 87.48 87.26 87.44 87.58 87.54 87.58 87.59 87.46 87.22 87.49 87.33 87.44 87.17 86.93 86.31 85.37 84.83 83.99 83.45 83.03 82.44 81.20 80.51 80.35 79.57 79.49 79.35 79.31 79.59 79.76 79.51 78.46 79.30 79.38 79.51 79.15 78.89 78.38 78.74 78.38 77.98 78.76 78.53 78.11 77.91 77.93 78.23 78.70 78.88 79.48 79.22 78.80 78.75 78.91 78.63 79.11 78.96 79.00 78.58 78.78 79.11 79.34 79.52
-37°N ||     79.53 79.28 79.29 78.78 80.21 79.84 79.26 78.19 77.55 76.82 76.47 77.62 77.45 78.53 79.07 79.02 79.02 79.02 78.80 78.67 78.65 78.62 78.20 78.47 78.05 77.62 77.72 77.18 77.05 77.69 77.57 76.53 76.71 76.04 76.84 75.86 76.52 74.49 74.63 76.50 74.46 73.67 74.99 75.02 74.92 74.87 75.09 75.84 75.18 75.14 74.90 75.54 76.19 76.72 76.71 76.83 76.70 77.37 77.51 77.29 77.24 78.17 78.13 78.58 79.20 79.17 79.72 79.97 78.03 80.25 79.79 79.91 80.00 80.15 79.97 79.75 79.60 79.57 79.60 79.28 78.95 78.74 78.34 80.19 78.80 78.51 78.53 78.39 79.14 78.70 78.89 79.10 79.04 78.74 78.15 78.54 78.07 77.98 78.53 78.48 77.72 77.68 77.50 77.73 77.96 77.94 79.80 78.55 79.21 79.54 79.63 79.78 80.40 82.20 84.03 87.05 87.57 87.60 87.46 87.47 87.50 87.52 87.25 87.57 87.29 87.37 87.27 87.35 87.32 87.25 87.07 85.92 84.63 84.07 83.27 82.79 81.96 81.24 80.90 80.59 79.75 79.86 79.15 79.17 78.95 79.13 79.53 79.56 79.50 79.31 79.54 79.33 79.20 79.11 78.88 78.92 79.23 78.94 78.79 77.85 78.28 78.21 77.61 77.57 78.48 78.75 79.44 78.85 78.89 79.08 79.29 79.25 79.21 79.17 78.89 78.66 79.55 79.75 79.56 80.08
-35°N ||     79.52 80.18 79.31 78.38 79.18 78.35 78.27 78.49 77.72 76.85 76.69 77.65 78.52 78.74 78.96 78.85 79.02 77.25 78.69 78.61 78.53 78.28 78.28 78.04 77.45 77.74 77.53 77.38 76.78 76.96 76.63 76.49 76.61 76.30 76.46 76.66 75.92 74.44 74.56 74.51 73.95 75.00 75.74 75.63 75.29 75.57 75.37 75.45 75.73 75.78 75.58 74.66 75.46 76.58 76.95 77.18 77.17 77.18 77.19 77.29 77.50 77.70 77.66 79.01 78.92 78.13 78.44 78.98 78.87 79.91 79.78 79.98 79.65 79.23 79.42 79.65 79.66 79.64 79.91 79.50 79.00 78.59 78.85 78.62 78.75 78.30 78.19 78.36 78.55 78.67 78.72 78.98 78.87 78.32 78.35 78.32 78.63 78.98 78.10 77.95 78.00 77.31 77.48 77.95 78.16 78.11 78.20 78.67 79.41 79.23 79.21 79.48 79.94 80.29 81.69 83.99 87.38 87.57 87.58 87.55 87.47 87.47 87.32 87.51 87.27 87.34 87.32 87.23 87.30 87.17 86.34 83.85 82.79 82.76 82.32 81.76 81.97 81.23 81.17 81.10 80.06 79.62 78.53 79.14 78.81 79.00 79.19 79.30 79.47 79.58 79.36 79.08 78.24 78.27 78.36 78.76 78.36 78.10 78.53 78.83 78.49 78.05 78.60 78.87 78.62 78.63 78.41 78.73 78.68 78.08 79.35 79.44 79.03 78.95 79.18 79.30 80.00 79.79 79.30 78.48
-33°N ||     79.60 79.73 78.36 78.17 78.43 77.42 77.91 76.88 76.91 77.58 77.51 77.82 78.61 78.81 79.21 78.71 79.03 79.07 78.62 78.62 77.74 78.29 78.21 78.18 77.82 77.51 77.53 77.32 77.07 76.77 76.60 75.75 76.17 75.94 75.60 75.81 75.13 74.15 73.99 73.32 73.57 75.06 75.96 75.56 76.33 75.66 76.61 76.69 76.39 76.43 75.76 74.77 73.94 75.61 76.56 77.18 77.14 77.21 77.24 77.21 77.65 78.16 78.01 78.95 79.05 79.12 79.07 79.05 78.94 78.72 79.00 79.69 79.63 79.23 79.76 79.26 79.86 79.54 79.48 79.61 79.30 79.01 79.31 78.84 78.75 78.58 78.51 78.36 78.38 78.50 78.57 78.18 78.47 78.70 78.41 78.58 78.29 78.62 78.25 77.64 77.85 77.65 77.37 77.63 77.94 78.08 78.10 78.01 78.82 79.21 79.03 78.97 78.72 79.20 80.01 81.42 85.18 86.88 87.45 87.59 87.58 87.52 87.26 87.21 87.37 87.37 87.18 87.16 86.20 84.92 84.14 82.43 81.45 81.37 81.31 81.29 81.66 81.39 81.01 80.92 80.50 79.67 79.18 79.02 78.79 78.71 78.93 78.87 79.01 79.19 79.13 78.78 78.58 78.33 77.67 77.54 77.69 77.61 78.46 77.93 78.35 78.69 78.07 78.42 78.26 78.17 78.65 78.83 79.12 78.56 78.83 79.43 78.44 79.09 79.11 79.34 79.53 79.27 78.86 78.85
-31°N ||     79.49 78.61 78.44 78.36 77.61 77.72 77.13 77.64 77.81 77.64 77.85 77.90 78.36 78.70 79.04 79.02 79.02 78.46 78.26 78.61 78.13 78.20 78.11 78.03 77.80 77.73 77.49 77.27 76.92 76.59 76.30 76.14 76.09 75.49 75.33 75.91 75.05 73.98 74.12 73.33 74.30 75.12 75.52 76.13 76.40 76.65 76.67 76.90 76.88 77.00 75.98 74.78 75.17 75.27 75.41 75.36 76.79 77.43 77.38 77.74 78.21 78.65 78.94 79.00 79.20 79.12 79.20 79.37 79.26 79.18 79.30 80.29 79.22 78.92 79.18 79.15 79.28 79.43 79.66 79.62 79.70 79.57 79.25 79.25 79.07 78.59 78.25 78.07 78.32 78.40 78.40 78.52 78.21 78.49 78.58 78.46 78.55 78.42 78.37 77.88 77.85 78.42 78.05 77.84 78.16 78.38 78.49 78.15 78.88 79.18 79.47 78.99 79.47 79.37 80.29 80.29 81.35 82.07 82.80 86.46 87.18 87.55 87.02 87.25 87.12 87.21 86.85 86.26 83.06 81.48 82.51 81.99 81.20 81.18 81.11 80.82 80.77 81.00 80.95 80.67 80.57 79.24 79.28 78.90 79.06 78.49 78.65 78.61 78.62 78.72 78.86 78.59 78.32 78.32 77.88 77.79 78.57 77.54 77.33 77.11 78.48 78.88 79.36 78.57 78.81 79.02 79.19 79.05 79.09 78.91 78.71 79.04 78.60 78.96 78.94 78.72 78.95 79.15 79.12 79.05
-29°N ||     79.47 78.58 77.05 78.35 77.60 77.43 78.08 77.58 77.94 77.73 77.72 78.00 78.66 78.90 79.02 78.96 78.90 77.65 78.70 78.66 78.42 78.10 78.09 77.95 77.86 77.67 77.48 77.15 76.79 76.50 76.23 75.90 75.70 75.66 75.63 74.85 74.90 74.44 73.07 72.21 74.23 75.30 75.74 76.06 76.43 76.75 76.95 77.09 77.19 77.17 77.11 76.92 76.15 76.16 76.04 75.28 75.58 76.09 77.34 77.67 78.28 79.04 79.18 79.11 79.57 79.15 78.95 79.10 79.38 79.34 79.54 79.91 79.54 79.06 79.37 79.73 79.44 79.40 79.85 79.77 79.69 79.70 79.38 79.52 78.77 78.73 78.55 78.27 78.13 78.37 78.51 78.54 78.70 78.62 78.58 78.48 78.53 77.99 78.43 78.01 78.59 78.67 78.32 78.34 78.64 78.79 78.89 78.78 78.13 79.09 78.76 79.41 79.60 79.75 78.97 79.32 80.64 80.51 81.14 81.16 82.01 82.00 83.63 85.87 84.50 84.85 83.10 83.74 81.42 81.06 80.83 80.55 80.86 81.00 80.85 80.52 80.67 80.63 80.55 79.98 79.90 79.50 79.14 78.95 78.87 78.67 78.61 78.69 78.67 78.70 78.73 78.45 78.42 77.86 78.14 77.62 77.06 77.35 78.27 77.04 78.20 78.74 78.94 78.33 78.98 77.98 78.90 79.13 78.81 78.64 78.87 78.70 78.45 78.60 78.72 78.96 78.74 78.95 79.12 79.35
-27°N ||     79.01 78.51 78.48 78.43 77.73 77.59 78.28 77.26 77.77 78.18 78.05 78.53 78.44 78.63 79.02 78.73 79.02 78.04 78.68 78.00 78.04 78.07 77.93 77.91 77.68 77.55 77.39 77.25 76.75 76.42 76.07 75.75 75.37 75.38 75.22 75.41 75.63 74.24 73.96 72.45 74.49 75.35 75.73 76.16 76.53 76.86 77.09 77.24 77.34 77.50 77.46 77.52 77.22 76.54 76.52 76.62 76.93 76.90 76.79 76.77 76.51 78.32 79.23 79.25 79.19 79.21 79.33 79.57 79.28 79.14 79.19 79.95 80.06 80.32 79.75 79.29 79.67 79.70 79.97 79.95 79.91 79.88 79.73 79.39 79.22 78.90 78.97 79.00 78.53 78.39 78.36 78.62 78.65 78.18 78.37 78.54 78.57 78.24 78.24 78.23 78.57 78.87 78.24 78.62 78.84 78.71 79.08 78.33 77.87 78.19 78.95 78.99 79.34 79.13 79.07 79.20 79.22 80.57 80.51 80.72 80.86 80.87 81.12 81.19 81.26 81.56 82.18 81.63 81.42 81.01 80.58 80.79 80.84 80.67 80.25 80.46 78.03 80.53 80.50 78.65 79.30 78.85 78.72 78.70 78.72 78.71 78.69 78.69 78.55 78.48 78.42 78.11 77.54 77.41 77.25 77.58 78.31 77.15 77.26 78.03 77.61 78.16 78.73 78.70 79.23 78.14 78.97 78.68 78.92 79.10 78.98 78.77 78.25 78.00 78.04 78.53 78.53 78.63 79.10 79.18
-25°N ||     79.15 78.27 78.72 78.40 78.35 78.29 78.48 78.91 78.24 78.64 78.42 79.14 79.13 79.01 79.14 78.87 78.94 78.45 78.02 78.56 78.15 77.96 77.90 77.74 77.59 77.36 77.20 77.02 76.61 76.14 75.80 75.51 75.25 75.08 75.03 74.36 74.77 75.16 73.96 74.31 74.75 75.30 75.81 76.19 76.43 76.73 76.92 77.18 77.34 77.35 77.53 77.57 77.24 76.81 75.84 76.60 76.93 77.10 77.10 76.93 76.14 77.52 78.91 78.98 79.14 79.15 79.14 78.47 78.76 78.94 79.02 79.06 79.73 80.51 80.72 79.87 80.05 80.16 80.39 80.05 80.05 79.92 80.24 79.76 80.04 79.20 79.31 79.33 79.28 78.49 78.93 78.78 79.10 78.08 78.59 78.56 78.57 78.06 77.69 78.51 78.56 78.41 78.52 78.59 78.43 78.00 78.55 77.79 77.56 77.96 78.33 78.45 78.90 78.73 79.37 79.95 79.53 80.23 80.49 80.67 80.81 80.69 80.61 81.08 80.77 81.32 81.13 80.61 80.48 80.29 80.48 80.18 80.16 80.42 80.17 79.26 79.13 79.54 78.43 78.97 78.77 78.49 78.28 78.33 78.43 78.50 78.86 78.50 78.41 78.24 78.15 77.89 77.46 77.01 77.18 77.49 77.96 77.42 76.83 77.33 77.22 77.69 78.20 78.72 78.28 78.31 78.87 78.29 78.67 78.90 78.84 78.34 77.96 78.70 78.74 78.50 78.66 79.17 79.50 79.07
-23°N ||     79.09 79.06 78.42 78.45 78.36 78.51 78.77 78.99 79.18 79.26 79.23 79.17 79.43 79.52 79.14 79.34 77.74 78.15 78.64 78.16 78.15 77.84 77.83 77.71 77.51 77.20 76.95 76.60 76.20 75.82 75.49 75.11 74.92 74.81 74.88 74.82 74.01 74.40 73.92 74.19 74.70 75.29 75.65 75.92 76.19 76.44 76.70 76.95 77.24 77.39 77.70 77.64 77.61 77.21 76.38 76.56 76.89 76.90 76.85 76.46 75.73 77.75 78.71 78.78 78.42 78.65 78.96 78.51 78.95 78.91 78.69 79.28 79.47 80.17 80.37 80.54 79.95 80.13 79.98 80.21 80.20 80.07 80.10 80.40 79.93 79.48 79.62 79.76 79.58 78.25 79.03 78.78 79.14 79.21 79.22 78.64 78.53 79.87 78.52 78.00 78.21 77.98 77.75 77.59 77.93 78.43 77.59 77.54 77.22 77.89 78.19 78.72 78.59 78.19 78.16 78.49 79.19 79.50 79.83 80.09 80.55 80.29 80.56 80.78 80.79 81.06 80.74 80.29 80.28 80.10 79.66 79.73 79.94 80.07 79.10 78.44 77.67 77.89 78.35 78.70 78.41 78.15 77.75 77.90 78.26 78.36 78.43 78.52 78.17 78.09 77.98 77.89 78.12 77.94 78.03 77.39 77.95 77.41 76.99 77.37 76.93 77.88 78.15 78.45 78.45 78.66 78.54 78.74 78.60 79.32 78.61 79.72 78.57 78.67 78.75 78.68 78.47 79.27 79.70 79.04
-21°N ||     78.76 78.91 78.43 78.45 78.42 78.45 78.86 79.69 79.33 79.20 79.03 79.09 79.23 79.02 79.18 79.30 78.84 78.41 78.46 78.21 78.00 77.79 77.73 77.55 77.35 77.11 76.69 76.21 75.68 75.27 74.97 74.63 74.43 74.41 74.56 74.09 74.27 73.58 73.73 74.24 74.63 75.05 75.31 75.58 75.89 76.12 76.45 76.70 76.97 77.20 77.34 77.54 77.57 77.12 76.58 76.89 76.45 76.75 76.40 76.03 76.09 76.45 78.55 78.51 78.61 78.43 78.85 78.99 78.91 78.95 79.13 79.10 79.39 79.73 80.38 80.67 80.33 80.15 80.32 80.38 80.27 80.20 80.13 80.36 80.22 80.38 79.76 79.80 79.55 79.08 78.92 79.12 79.32 79.41 78.91 78.75 78.56 78.16 78.11 78.31 78.45 78.57 77.49 77.90 78.20 78.10 78.37 77.32 77.24 77.73 78.28 77.83 78.39 78.37 78.47 78.80 78.97 79.48 79.58 80.09 80.27 80.44 80.01 80.61 80.33 80.20 80.23 79.10 79.63 79.64 79.50 79.30 79.83 79.12 78.60 78.30 77.01 77.17 78.12 77.95 78.18 78.13 77.68 77.29 78.27 78.39 78.39 78.41 78.39 78.08 77.78 77.48 77.18 77.51 78.36 77.50 77.70 77.62 77.07 77.86 77.71 77.93 77.78 77.76 78.46 78.64 78.92 78.66 78.33 79.24 79.40 78.99 79.05 79.37 79.25 78.63 78.20 78.83 78.86 78.58
-19°N ||     77.86 78.24 78.28 78.08 78.54 78.86 79.29 80.11 80.06 79.60 79.43 79.09 79.23 79.20 79.43 79.19 78.93 78.78 78.25 78.19 77.99 77.73 77.56 77.28 77.10 76.82 76.43 75.73 74.90 74.47 74.20 74.08 73.95 74.07 74.30 72.81 73.98 73.49 73.64 73.93 74.12 74.48 74.77 75.06 75.42 75.77 76.14 76.41 76.75 76.97 77.10 77.21 77.35 77.27 76.79 76.34 76.31 76.27 76.40 76.27 75.89 77.34 78.25 78.18 78.40 78.60 79.03 79.07 79.14 78.88 79.07 79.32 79.68 80.18 80.82 80.84 80.78 80.18 80.37 80.42 80.61 80.34 80.22 80.18 80.45 80.48 80.01 79.67 79.70 79.80 79.56 79.36 79.43 79.31 78.83 78.97 78.54 78.41 78.70 77.87 78.32 78.43 77.69 78.12 77.65 78.05 77.30 77.10 77.68 77.71 77.51 77.93 77.92 78.15 78.30 78.53 78.57 78.51 78.59 79.73 79.97 79.99 80.11 80.10 79.84 79.84 79.30 79.31 79.42 79.28 79.21 78.61 78.40 78.75 78.37 78.02 77.49 77.31 77.77 78.00 78.30 78.31 78.52 78.48 78.29 78.32 78.33 78.33 78.16 78.02 78.27 77.66 77.22 77.33 77.79 77.94 77.80 78.02 77.44 77.90 78.02 77.80 77.68 77.58 78.23 78.25 78.10 78.02 78.82 79.30 79.63 79.80 79.90 80.16 79.77 79.83 79.64 79.29 79.40 77.93
-17°N ||     77.92 77.92 78.12 78.55 78.59 78.89 79.74 79.93 79.91 79.79 79.59 79.24 79.34 78.60 79.32 79.84 79.02 79.01 78.57 78.13 77.96 77.73 77.31 76.99 76.78 76.47 75.98 74.90 74.02 73.49 73.41 73.50 73.68 73.84 73.54 72.94 73.32 73.53 73.40 73.29 73.41 73.80 74.20 74.49 74.98 75.39 75.77 76.06 76.41 76.70 76.82 77.03 77.03 77.09 76.68 76.27 75.74 75.75 76.29 76.15 75.89 77.48 78.20 77.54 78.02 80.57 81.35 80.47 78.99 79.18 78.66 79.23 79.58 79.99 80.82 80.77 80.80 80.16 80.45 80.24 80.45 80.37 80.38 80.37 80.42 80.36 80.15 80.15 80.04 79.82 79.37 79.45 79.46 79.30 79.03 79.04 78.58 78.65 78.26 79.02 78.44 78.16 77.71 77.72 77.71 77.65 77.78 77.25 77.81 77.79 77.97 77.76 77.56 77.55 77.90 77.98 78.19 78.91 79.01 78.46 79.08 78.96 79.22 79.24 79.13 79.65 79.52 79.50 79.36 79.20 78.55 78.67 77.46 77.87 78.03 77.84 77.20 77.22 77.81 78.08 78.39 78.40 78.51 78.60 78.34 78.27 78.21 78.12 78.05 77.76 77.92 77.80 77.42 77.55 77.40 77.49 77.76 78.01 77.75 78.36 77.99 77.94 77.69 77.48 78.60 77.54 77.89 78.19 78.84 79.60 79.78 80.01 80.01 80.20 80.35 79.91 79.94 79.61 79.93 79.12
-15°N ||     79.47 77.94 79.00 78.70 79.12 79.37 80.34 80.24 79.70 79.79 79.78 79.28 79.05 79.13 79.35 79.77 78.11 79.08 79.39 78.27 78.03 77.68 77.36 77.03 76.61 76.10 75.24 73.87 72.51 72.10 72.54 73.09 73.27 73.53 73.67 73.62 73.80 73.84 73.17 72.85 72.82 73.38 73.72 74.04 74.54 75.11 75.51 75.81 76.02 76.18 76.18 76.58 76.77 76.75 76.39 76.25 75.84 76.87 76.09 77.03 77.49 80.29 81.07 81.34 81.64 81.44 81.18 81.53 81.49 79.35 79.19 79.84 79.74 79.89 80.57 80.56 80.70 80.53 80.38 80.32 80.37 80.38 80.33 80.47 80.33 80.26 80.27 80.11 80.00 79.91 79.99 79.76 79.60 79.21 79.03 79.06 78.94 78.69 78.12 78.69 77.96 78.10 77.95 77.58 77.72 77.42 77.59 77.56 77.41 77.50 77.97 77.44 77.25 77.23 77.34 76.98 77.97 78.86 78.91 78.95 78.43 78.97 78.95 78.82 79.13 79.35 79.29 79.54 78.88 78.46 78.25 77.29 77.20 77.27 77.59 77.43 77.16 77.35 77.40 77.87 78.20 78.43 78.35 78.35 78.46 78.31 78.06 78.15 77.79 78.00 77.76 78.01 77.33 77.01 78.04 78.23 77.48 78.19 78.24 77.94 78.00 77.87 77.48 77.72 78.24 78.39 78.24 78.27 78.57 79.82 80.12 80.67 80.46 80.35 79.87 80.49 80.12 80.69 79.04 79.26
-13°N ||     79.64 79.54 79.19 78.85 79.13 79.65 80.10 80.43 80.27 80.39 80.12 79.60 79.45 79.66 79.63 79.73 79.15 79.10 78.93 78.54 78.19 77.76 77.40 77.03 76.51 75.85 74.87 72.98 70.90 70.47 71.62 72.66 73.00 73.10 73.18 73.86 73.62 73.59 73.01 72.75 72.80 73.99 73.26 73.74 74.26 74.76 75.26 75.57 75.81 75.97 76.01 76.76 76.13 77.51 80.91 80.24 80.31 78.13 81.46 81.90 80.28 77.54 77.44 77.72 80.51 81.05 80.56 80.53 78.52 81.26 79.41 79.58 79.89 80.12 80.22 80.50 80.45 80.68 80.80 80.44 80.40 80.40 80.38 80.37 80.19 80.25 80.38 80.18 79.96 80.22 80.08 79.97 79.75 79.44 79.82 79.28 79.06 78.77 78.59 78.61 78.57 78.26 77.84 77.62 77.41 77.95 77.48 77.46 77.34 77.26 77.30 77.48 77.05 77.46 77.34 77.60 77.63 78.52 78.73 78.58 78.65 78.94 78.78 78.77 78.43 78.97 79.04 79.06 78.81 78.57 77.45 77.19 76.87 77.44 77.31 77.54 77.09 77.28 77.99 78.02 78.54 78.39 78.50 78.38 78.43 78.32 77.91 77.72 77.64 77.71 77.66 77.42 77.85 77.34 78.29 78.25 77.68 77.68 78.05 78.17 77.85 77.97 77.54 77.40 77.77 78.82 78.88 79.08 79.53 80.18 80.40 80.57 80.63 80.56 80.52 80.63 80.72 80.56 80.72 80.56
-11°N ||     80.70 80.44 80.76 80.79 79.91 79.89 80.16 80.47 80.28 80.28 80.13 80.06 80.11 79.70 79.94 79.81 79.71 79.32 79.11 78.73 78.32 78.00 77.47 77.02 76.35 75.73 74.83 73.18 70.96 69.26 70.17 72.64 72.90 72.91 72.83 73.47 73.39 73.11 72.66 72.43 72.87 73.21 73.15 73.65 74.08 74.50 75.20 75.40 75.61 75.84 75.70 76.40 80.09 80.72 81.99 82.00 78.58 75.12 74.90 75.97 76.68 76.90 77.22 77.46 77.98 77.84 78.06 79.71 78.87 79.05 81.44 80.04 81.42 80.59 80.33 80.69 80.78 80.60 80.72 80.75 80.45 80.46 80.50 80.41 80.44 80.39 80.56 80.30 80.38 80.17 80.17 80.36 79.80 79.62 79.37 79.37 79.43 79.00 77.64 78.08 78.61 78.70 78.13 77.86 77.75 77.40 77.37 77.46 77.23 77.28 77.77 77.42 77.52 77.22 77.49 77.66 77.59 77.85 78.27 78.04 78.21 78.52 78.47 78.37 78.01 78.91 78.81 79.08 78.78 78.73 78.41 77.54 76.95 77.19 77.14 77.72 77.34 77.83 78.20 78.22 78.68 78.55 78.34 78.43 78.44 78.38 78.22 78.27 77.96 77.94 77.77 77.37 76.95 77.46 77.38 77.64 78.08 78.18 77.89 78.39 78.07 78.63 78.93 78.54 78.78 80.08 78.98 79.48 79.77 80.30 80.47 80.50 80.72 80.67 80.76 80.83 80.83 80.42 80.57 80.31
-9°N ||     80.06 80.32 80.27 80.56 80.77 80.09 80.48 80.27 80.49 80.58 80.25 80.37 80.14 80.05 80.07 79.84 79.83 79.54 79.32 78.88 78.58 78.08 77.69 77.15 76.57 75.87 75.04 74.26 71.31 68.17 68.17 71.63 72.77 72.78 72.85 72.74 73.15 72.93 72.96 72.65 72.78 73.39 75.06 76.72 75.54 74.54 75.12 75.72 75.66 76.08 79.95 81.08 81.03 81.78 80.31 75.62 74.72 76.79 75.34 76.62 76.89 77.05 77.82 77.67 78.19 78.40 80.00 78.96 80.85 79.31 81.49 81.45 81.58 81.18 80.99 80.78 80.46 80.64 80.66 80.99 80.75 80.42 80.54 80.56 80.52 80.53 80.69 80.35 80.38 80.37 80.54 80.02 80.02 79.94 79.61 79.28 79.38 79.10 78.40 78.30 78.65 78.40 77.98 78.17 78.13 77.68 77.38 77.78 79.06 79.46 77.51 77.88 77.66 77.77 77.73 77.58 77.61 77.71 78.00 78.07 78.07 77.85 78.09 77.88 77.84 77.98 78.29 78.69 78.74 78.73 78.34 77.89 76.95 77.85 77.86 77.23 78.16 78.44 77.78 78.27 78.63 78.65 78.79 78.55 78.54 78.29 78.18 78.63 78.50 78.05 77.22 77.46 76.96 77.76 78.22 78.03 78.26 78.72 78.24 78.49 79.01 80.07 80.38 79.85 79.79 80.38 80.35 80.20 80.41 80.46 80.58 80.68 80.78 81.02 80.91 80.90 80.30 78.47 80.54 80.42
-7°N ||     80.49 80.45 80.35 80.35 80.98 80.86 80.60 80.64 80.88 80.73 80.65 80.45 80.31 80.26 80.26 80.32 80.25 79.84 79.52 79.16 78.76 78.31 77.90 77.29 76.72 76.17 75.50 74.91 71.87 69.18 69.82 71.11 72.44 72.69 72.86 73.07 72.65 72.66 73.07 72.66 75.96 76.27 73.62 77.64 76.86 77.06 77.33 79.89 79.11 78.51 76.95 75.34 78.30 81.66 80.22 80.41 80.71 77.50 76.44 77.10 77.23 77.26 77.60 77.80 79.20 80.54 80.48 80.36 78.47 78.68 80.48 81.49 81.43 81.20 81.34 81.16 80.96 80.53 80.50 80.64 80.70 80.62 80.66 80.49 80.56 80.47 80.36 80.26 80.20 80.31 80.25 80.36 80.01 79.93 79.90 79.98 79.99 79.35 78.75 78.94 77.96 77.91 78.09 78.17 77.40 77.93 78.11 77.77 77.76 77.82 78.05 78.03 78.20 77.43 77.54 77.56 77.55 78.13 78.18 77.97 77.56 77.38 77.49 77.25 77.72 78.29 78.03 78.20 78.69 78.69 78.56 78.42 77.33 77.23 77.69 77.95 77.99 78.10 77.94 78.36 78.66 78.58 78.90 78.83 78.76 78.81 78.93 78.93 78.89 79.19 76.99 76.83 77.00 77.75 77.26 78.64 80.08 79.36 79.48 79.41 80.07 80.34 80.28 80.14 80.58 80.75 80.62 80.73 80.76 80.73 80.76 80.75 80.83 80.94 81.02 81.03 80.83 80.66 80.64 80.49
-5°N ||     80.54 80.63 80.71 80.69 80.53 81.00 80.97 80.96 81.03 80.78 80.64 80.27 80.39 80.54 80.67 80.75 80.75 80.50 79.67 79.66 79.15 78.72 78.24 77.63 77.12 76.55 75.99 75.10 73.95 72.45 71.29 71.50 72.43 72.57 72.93 73.18 73.16 74.13 73.42 72.82 73.15 73.44 73.87 78.34 76.42 78.80 76.47 77.43 76.38 75.60 75.16 78.41 79.59 80.14 79.43 75.66 76.03 77.24 80.20 79.68 77.50 77.66 77.79 77.84 78.65 78.20 79.08 78.49 78.59 78.92 79.61 80.26 81.03 80.11 80.07 81.05 81.19 81.06 80.31 80.46 80.93 80.79 80.75 80.66 80.60 80.47 80.32 80.34 80.46 80.37 80.27 80.20 80.30 79.86 79.91 80.06 79.98 79.95 79.56 79.68 78.75 77.69 77.91 78.12 78.49 78.16 78.04 77.96 78.10 77.91 78.56 78.65 78.47 77.65 77.46 77.53 77.28 77.51 77.24 77.85 77.51 77.87 77.59 77.61 77.89 77.68 78.35 77.90 78.51 78.58 78.41 77.81 77.95 77.38 77.89 78.08 78.46 78.34 78.46 78.61 78.47 78.74 79.29 79.35 79.11 79.05 79.84 79.50 78.95 78.68 78.03 77.54 78.42 78.29 78.17 78.79 80.63 80.11 81.22 80.59 80.43 80.24 80.19 80.62 80.63 80.86 80.86 80.82 80.82 80.87 80.90 80.89 80.99 80.98 80.98 81.01 81.02 80.92 80.79 80.67
-3°N ||     80.68 80.65 80.80 80.82 80.74 81.13 81.13 81.07 80.89 80.96 80.47 79.92 80.59 81.01 80.98 81.05 80.40 79.71 80.49 80.13 79.79 79.10 78.94 78.28 77.58 76.99 76.45 75.53 74.85 73.61 72.70 72.53 72.28 72.26 73.01 73.43 73.74 73.90 73.94 73.52 73.33 73.88 74.25 75.11 75.40 75.45 76.08 76.12 75.94 75.63 75.39 75.17 75.66 78.05 77.45 76.19 76.82 77.36 77.71 80.86 77.47 78.25 78.20 78.47 78.61 78.74 79.91 79.11 79.29 79.70 79.96 80.15 81.41 80.50 80.41 80.94 80.77 80.87 80.59 80.64 80.76 80.76 80.94 80.79 80.64 80.55 80.62 80.49 80.48 80.43 80.38 80.27 80.18 80.14 80.01 79.96 79.45 79.96 79.96 80.01 79.03 78.36 78.13 78.32 78.65 78.12 78.27 78.49 78.42 78.43 78.71 78.71 78.39 78.05 77.85 77.36 77.05 78.38 78.13 77.88 77.78 77.91 77.71 78.14 77.54 77.92 77.65 78.40 78.46 78.71 78.22 78.38 78.27 78.12 78.57 79.38 78.19 78.94 78.78 78.47 78.75 78.83 79.67 79.67 79.19 80.01 79.80 79.26 78.88 78.54 77.92 78.14 78.01 78.22 78.47 79.48 80.53 80.65 80.64 80.39 80.70 80.64 80.61 80.57 80.70 80.87 80.79 80.64 80.96 80.99 80.97 81.02 81.04 81.06 81.06 81.07 81.04 81.00 80.85 80.82
-1°N ||     80.87 80.83 80.87 80.96 81.00 81.14 81.14 81.04 80.99 80.70 80.35 79.75 80.74 80.98 81.12 80.83 80.48 80.71 80.64 80.17 80.01 79.71 79.37 78.81 78.17 77.33 76.67 75.95 75.26 74.54 73.56 73.02 71.77 70.46 73.20 73.61 73.87 74.13 74.28 74.31 74.35 75.17 75.52 75.83 76.08 76.65 76.97 77.20 77.47 77.69 77.08 78.51 80.92 76.21 76.34 76.63 77.50 77.86 77.95 79.30 78.29 78.58 78.61 78.58 78.86 78.98 78.95 79.83 80.03 80.04 80.70 80.21 81.26 81.29 80.71 80.72 80.62 80.65 80.69 80.81 81.04 80.96 80.90 80.69 80.72 80.70 80.61 80.49 80.41 80.38 80.42 80.51 80.30 80.25 80.06 79.97 79.32 79.94 79.92 79.98 79.07 78.84 78.62 78.39 78.65 78.57 78.51 78.72 78.79 78.87 79.03 79.00 78.23 77.97 77.94 77.58 77.26 78.40 78.16 78.11 78.14 77.70 77.78 77.56 77.95 78.03 78.23 78.39 79.05 78.87 78.48 77.93 78.45 78.59 79.30 79.28 79.01 79.95 78.82 78.63 78.87 79.05 79.76 79.82 79.88 80.06 79.93 78.81 79.13 78.57 78.41 78.51 79.29 79.36 79.78 80.62 80.82 80.90 80.78 80.76 80.94 80.86 80.71 80.70 80.88 80.81 80.61 80.81 80.95 81.00 81.02 81.03 81.04 81.07 81.08 81.07 81.01 81.02 80.95 80.89
1°N ||     80.91 80.84 80.95 81.07 81.03 81.08 81.14 81.26 81.01 80.80 80.43 80.44 80.91 81.12 81.12 80.99 80.89 80.80 80.10 80.51 80.20 80.20 79.41 78.55 77.95 77.78 77.08 76.14 75.34 75.06 74.64 74.11 72.12 69.84 70.66 73.86 74.02 74.14 74.45 74.77 75.17 75.49 75.72 76.05 76.45 76.97 77.32 77.70 78.30 78.74 77.18 76.12 75.93 76.33 76.66 77.29 77.77 78.25 78.31 78.82 78.51 78.77 79.55 78.75 78.90 79.07 78.89 80.31 79.57 79.93 80.31 81.14 81.58 81.56 80.48 80.61 80.63 80.69 80.48 81.07 80.53 81.05 80.80 80.65 80.79 80.77 80.63 80.47 80.53 80.41 80.39 80.48 80.34 80.33 80.28 80.04 79.95 79.54 79.59 79.35 79.32 79.39 79.11 79.31 78.73 78.47 78.55 79.17 78.98 78.95 78.94 78.47 78.64 78.47 78.01 77.80 78.17 78.14 77.81 78.28 78.05 77.88 77.97 78.00 77.99 78.11 78.31 78.60 78.66 78.90 79.42 79.19 79.75 79.71 79.78 79.75 79.41 79.36 79.61 79.26 79.78 79.87 80.17 80.15 80.22 79.87 79.18 79.10 79.18 78.79 79.08 79.56 80.33 80.54 80.58 80.64 80.82 80.91 80.86 80.93 80.87 80.87 80.81 80.91 80.89 80.82 80.73 80.92 80.97 80.99 81.02 81.04 81.04 81.06 81.07 81.07 81.08 81.05 81.02 80.98
3°N ||     81.09 81.05 81.08 81.12 81.16 81.19 81.17 81.14 81.10 80.81 80.71 80.75 81.13 81.18 81.17 81.09 81.03 80.53 80.36 80.69 80.55 79.86 79.13 78.31 77.59 78.42 77.60 75.56 75.36 75.46 75.32 75.44 74.96 71.87 73.20 74.12 73.90 74.02 74.50 74.95 75.35 75.58 75.77 75.75 76.85 77.31 77.85 78.21 78.59 79.38 79.45 77.78 77.14 77.39 77.81 78.20 78.45 78.58 78.66 79.02 78.93 78.77 78.45 79.61 79.75 79.26 79.44 79.97 80.04 80.29 80.41 80.56 81.30 81.36 81.18 81.01 81.09 81.00 80.91 80.92 80.65 80.61 80.81 80.72 80.65 80.80 80.59 80.41 80.49 80.49 80.55 80.48 80.43 80.35 80.26 80.07 80.04 79.77 79.92 79.71 79.70 79.71 79.69 79.41 79.41 78.71 79.04 79.53 79.96 78.89 79.07 78.75 78.31 78.27 78.11 78.58 78.35 78.34 77.99 78.31 78.11 77.95 77.92 78.06 78.08 78.16 78.43 78.61 78.90 79.05 80.02 80.40 80.59 80.66 80.92 80.67 79.95 79.82 79.63 79.96 80.00 80.20 80.32 80.20 80.13 79.60 79.53 79.33 79.16 78.78 79.81 80.64 80.57 80.45 80.51 80.80 80.86 80.91 80.93 80.96 80.84 80.95 80.91 80.94 80.93 80.86 80.89 80.95 80.97 80.99 81.00 81.03 81.04 81.05 81.05 81.06 81.07 81.08 81.09 81.10
5°N ||     81.08 81.12 81.24 81.13 81.20 81.20 81.18 81.17 81.14 81.00 80.92 80.88 81.18 81.23 81.23 81.18 80.88 80.38 80.85 80.78 80.40 79.34 78.61 78.13 78.46 78.60 78.33 76.97 75.47 75.37 75.58 75.99 76.25 75.91 75.02 74.43 73.72 73.55 74.61 75.20 75.60 75.81 75.93 75.69 77.05 77.90 78.32 78.64 79.09 79.79 80.07 78.28 78.26 78.61 78.85 79.06 79.01 79.06 79.12 79.32 79.67 79.13 78.67 78.86 79.19 79.75 79.99 80.11 80.17 80.46 80.73 81.19 80.74 81.02 81.34 81.18 80.98 80.73 80.65 80.66 80.57 80.73 80.64 80.71 80.82 80.69 80.67 80.46 80.52 80.48 80.44 80.46 80.25 80.21 80.18 80.16 80.12 80.14 79.99 79.75 79.73 79.72 79.60 79.69 79.58 79.54 79.62 79.50 79.61 78.70 78.91 78.04 78.26 78.14 78.36 78.18 78.21 78.38 78.28 78.27 78.11 77.98 77.86 77.92 78.54 78.24 78.40 78.73 79.11 79.65 80.36 81.28 81.33 81.34 81.32 81.25 81.10 80.54 80.35 80.27 80.25 80.46 80.36 80.13 80.17 79.72 79.50 79.53 78.93 79.03 80.62 80.55 80.65 80.68 80.74 80.77 80.88 80.92 80.95 80.95 80.94 80.92 80.94 80.94 80.95 80.95 80.95 80.95 80.97 80.98 80.98 81.01 81.02 81.03 81.04 81.06 81.07 81.08 81.09 81.11
7°N ||     81.10 81.12 81.15 81.16 81.19 81.20 81.20 81.20 81.17 81.09 80.99 81.11 81.23 81.27 81.28 81.19 80.81 81.00 80.97 80.79 80.13 79.48 79.60 79.28 79.08 79.02 78.62 77.72 75.08 75.23 75.57 76.39 76.66 76.39 75.73 74.85 72.84 72.83 75.06 75.54 75.83 76.01 76.13 76.41 77.62 78.06 78.42 78.84 79.26 79.71 80.09 80.15 78.99 78.95 78.94 78.99 79.17 79.36 79.52 79.65 79.72 79.46 78.89 79.43 79.90 80.00 80.25 80.34 80.39 80.57 80.79 81.20 81.37 81.21 81.32 80.78 80.73 80.68 80.95 80.99 80.92 80.70 80.74 80.77 80.70 80.56 80.56 80.45 80.53 80.40 80.47 80.42 80.40 80.46 80.16 80.08 79.99 80.14 79.89 79.59 79.59 79.65 79.76 79.59 79.53 79.77 79.24 79.96 79.61 79.68 79.14 78.66 78.53 77.98 78.10 78.22 78.10 78.28 78.28 78.31 78.06 78.13 77.88 78.47 78.92 78.13 78.41 78.82 79.64 80.55 81.24 81.37 81.35 81.35 81.35 81.32 81.30 81.15 80.58 80.56 80.61 80.50 80.25 80.31 79.72 79.34 79.48 79.87 79.56 79.51 80.53 80.72 80.76 80.81 80.84 80.82 80.93 80.95 80.93 80.95 80.96 80.93 80.94 80.94 80.95 80.95 80.95 80.95 80.95 80.95 80.96 80.94 81.00 81.02 81.02 81.06 81.08 81.09 81.10 81.11
9°N ||     81.12 81.17 81.10 81.12 81.20 81.20 81.20 81.19 81.23 81.12 81.03 81.21 81.28 81.30 81.29 81.12 81.01 81.11 80.95 80.56 80.44 80.21 80.10 79.91 79.65 79.28 78.90 77.86 75.63 75.53 76.11 76.97 76.94 77.14 76.65 75.29 72.28 70.71 74.38 75.83 76.00 76.22 76.46 76.86 77.53 78.06 78.49 78.94 79.28 79.75 80.10 80.17 79.95 79.23 79.14 79.16 79.31 79.50 79.64 79.83 79.99 79.87 79.65 79.72 79.93 80.29 80.57 80.61 80.65 80.84 81.18 81.22 81.18 81.34 80.91 80.89 80.93 80.88 81.00 80.75 80.76 80.72 80.68 80.74 80.78 80.68 80.62 80.72 80.63 80.64 80.50 80.45 80.34 80.40 80.28 80.47 80.13 80.00 79.94 79.96 79.89 79.45 79.18 79.08 79.67 79.86 79.92 79.41 79.33 79.14 79.08 79.08 78.87 79.07 78.69 78.36 78.20 78.25 78.24 77.93 78.15 78.06 77.75 79.22 78.26 78.12 78.56 79.13 79.99 80.93 81.29 81.38 81.39 81.38 81.36 81.34 81.32 81.26 81.08 80.88 80.74 80.71 80.23 79.98 79.95 79.85 80.23 80.41 80.27 80.28 80.65 80.81 80.89 80.80 80.92 80.97 80.93 80.93 80.89 80.90 81.04 80.87 80.85 80.88 80.93 80.95 80.90 80.92 80.89 80.90 80.90 80.99 80.99 81.02 81.00 81.05 81.07 81.09 81.10 81.10
11°N ||     81.14 81.14 81.14 81.14 81.21 81.22 81.24 81.23 81.28 81.25 81.21 81.31 81.32 81.31 81.30 81.27 81.13 81.14 80.94 80.69 80.56 80.46 80.21 79.94 79.61 79.32 78.78 77.82 77.00 77.32 77.24 77.21 77.23 77.23 77.33 77.20 72.90 68.03 69.37 75.82 76.16 76.41 76.70 77.08 77.53 78.11 78.66 79.04 79.45 79.74 80.03 80.19 80.15 79.47 79.33 79.31 79.46 79.65 79.75 79.90 80.03 79.76 79.65 80.05 80.32 80.51 80.76 80.86 80.94 80.89 81.32 81.25 80.88 81.35 81.20 80.86 81.22 80.80 80.74 80.83 80.73 80.69 80.61 80.58 80.68 80.71 80.77 80.72 80.67 80.60 80.51 80.47 80.48 80.48 80.54 80.27 80.40 80.00 80.07 80.14 80.01 79.95 79.59 79.12 79.83 79.73 80.47 79.68 80.12 79.05 79.32 79.26 79.20 79.41 79.04 78.47 78.18 78.45 78.69 78.09 78.29 78.18 77.94 77.81 78.00 78.47 78.90 79.48 80.39 81.03 81.37 81.40 81.42 81.39 81.35 81.35 81.31 81.28 81.16 80.96 80.86 80.28 80.46 80.31 80.11 80.47 80.67 80.75 80.74 80.77 80.85 80.93 81.00 81.01 80.96 80.99 80.95 80.95 80.87 80.82 80.76 80.68 80.71 80.74 80.79 80.82 80.83 80.83 80.85 80.97 80.64 80.92 80.98 80.98 80.98 81.07 81.08 81.07 80.93 81.09
13°N ||     81.10 81.15 81.02 81.02 81.20 81.20 81.24 81.27 81.28 81.30 81.32 81.35 81.35 81.34 81.33 81.28 81.23 81.11 80.66 80.70 80.62 80.35 80.15 79.98 79.57 79.18 78.81 78.38 77.55 77.55 77.41 77.38 77.37 77.47 77.66 77.84 77.06 69.70 70.76 74.96 75.97 76.65 77.02 77.29 74.40 78.40 78.84 79.18 79.53 79.73 80.07 80.17 80.19 79.56 79.46 79.53 79.66 79.78 79.87 79.96 80.00 80.07 80.19 80.09 80.46 80.80 80.91 81.00 81.04 81.25 81.29 81.26 81.04 81.00 80.93 81.19 80.98 80.93 80.73 80.57 80.57 80.68 80.62 80.67 80.66 80.66 81.32 80.68 81.01 80.61 80.47 80.51 80.52 80.63 80.57 80.23 80.25 80.31 80.38 80.41 80.35 79.87 79.71 79.80 79.91 80.05 79.90 80.14 80.49 79.60 79.58 79.90 79.44 79.34 79.17 78.94 78.66 78.79 78.94 78.86 78.69 78.30 78.20 78.23 78.33 78.59 79.10 79.84 80.60 81.06 81.37 81.39 81.39 81.37 81.35 81.34 81.32 81.29 81.20 81.02 80.93 80.63 80.70 80.74 80.73 80.77 80.76 80.92 80.86 80.96 80.99 81.02 81.08 81.11 81.12 81.05 81.02 80.93 80.79 80.59 80.33 80.18 80.39 80.41 80.56 80.65 80.69 80.78 80.77 80.79 80.81 80.72 80.96 80.96 81.00 81.01 81.06 81.05 80.69 80.94
15°N ||     81.10 81.16 81.17 81.24 81.22 81.19 81.26 81.31 81.32 81.34 81.36 81.40 81.39 81.38 81.38 81.31 81.12 80.96 80.72 80.72 80.20 76.87 72.51 71.96 74.20 79.04 78.68 78.55 78.26 77.73 77.63 77.50 77.52 77.59 77.68 77.79 77.82 76.52 74.54 74.91 76.19 76.85 77.28 77.55 78.04 78.73 79.00 79.32 79.55 79.72 80.01 80.17 80.23 79.65 79.64 79.63 79.74 79.88 79.97 79.99 80.06 80.05 80.00 80.32 80.83 80.95 81.02 81.07 81.08 81.23 81.31 81.27 81.16 81.07 81.19 81.04 80.99 80.93 80.86 80.82 80.85 80.70 80.34 81.11 80.72 80.67 80.71 80.66 80.67 80.68 80.94 80.72 80.55 80.51 80.45 80.39 80.42 80.47 80.52 80.59 80.46 80.45 80.04 79.96 80.05 80.07 79.90 80.51 80.30 79.35 79.65 79.70 79.77 79.81 79.27 79.18 78.92 78.74 78.83 78.84 78.61 78.73 78.52 78.59 78.75 78.93 79.34 80.17 80.81 81.34 81.36 81.34 81.38 81.36 81.34 81.32 81.30 81.28 81.21 81.07 80.98 80.93 80.87 80.85 80.83 80.84 80.88 80.93 81.02 81.04 81.08 81.12 81.12 81.14 81.15 81.14 81.04 80.91 80.66 80.35 80.05 79.84 79.60 79.85 80.05 80.44 80.58 80.67 80.68 80.73 80.76 80.78 80.87 80.94 80.96 80.98 81.01 81.09 80.89 81.31
17°N ||     81.13 81.18 81.20 81.24 81.09 81.24 81.26 81.29 81.34 81.35 81.38 81.41 81.43 81.42 81.44 81.18 81.03 81.00 80.84 80.85 79.56 71.67 68.37 67.40 69.84 76.50 78.63 78.57 78.84 78.27 77.94 77.65 77.56 77.62 77.70 77.81 77.83 77.60 76.46 76.33 76.83 77.07 77.36 77.65 78.12 78.77 79.14 79.43 79.64 79.81 79.94 80.24 80.18 79.45 79.50 79.77 79.82 79.92 79.97 80.02 80.09 80.20 80.37 80.73 80.87 81.03 81.09 81.16 81.24 81.26 81.21 81.27 81.24 81.18 81.21 81.10 80.97 81.00 80.96 80.80 80.73 80.54 80.73 80.92 80.64 80.69 80.70 81.23 80.68 80.79 80.71 80.68 80.49 80.48 80.57 80.64 80.58 80.59 80.59 80.68 80.66 80.57 80.29 80.20 80.42 80.39 80.39 80.35 79.82 79.57 79.77 79.80 79.63 79.45 79.38 79.26 78.99 78.30 78.69 78.82 78.87 78.85 78.79 78.86 78.95 79.15 79.95 80.29 80.87 81.28 81.34 81.35 81.34 81.33 81.32 81.32 81.30 81.25 81.21 81.14 81.06 81.08 81.02 81.02 81.00 81.05 81.06 81.09 81.12 81.14 81.16 81.16 81.17 81.19 81.18 81.17 81.11 80.89 80.65 80.13 79.71 79.28 78.97 78.99 79.42 80.24 80.49 80.54 80.54 80.62 80.71 80.80 80.87 80.93 80.92 80.98 81.10 81.09 81.06 81.15
19°N ||     81.13 81.18 81.23 81.25 81.26 81.24 81.25 81.30 81.35 81.37 81.40 81.44 81.45 81.46 81.47 81.22 81.05 80.92 80.55 80.73 80.03 71.79 68.46 67.73 69.48 76.55 78.93 79.08 79.13 78.96 78.32 77.79 77.50 77.41 77.42 77.71 77.87 77.84 77.35 77.17 77.26 77.33 77.43 77.64 77.98 78.57 79.25 79.52 79.75 79.83 79.94 80.27 80.03 80.10 79.44 79.65 79.83 79.90 80.01 80.02 80.16 80.20 80.53 80.86 81.01 81.10 81.21 81.24 81.30 81.31 81.35 81.31 81.30 81.26 81.24 81.09 81.05 81.07 81.18 80.86 80.76 80.68 80.72 80.78 81.18 80.60 80.67 80.55 80.67 80.71 80.73 80.74 80.89 80.65 80.63 80.68 80.64 80.64 80.63 80.67 80.68 80.46 80.99 80.46 80.58 80.21 80.03 80.33 80.02 79.94 79.78 79.65 79.40 79.34 79.36 79.63 78.81 79.02 78.76 79.12 79.31 79.53 78.87 78.93 79.03 79.27 79.84 79.68 80.63 81.02 81.22 81.32 81.30 81.30 81.30 81.28 81.27 81.26 81.22 81.19 81.18 81.17 81.20 81.17 81.17 81.16 81.19 81.19 81.20 81.22 81.24 81.22 81.26 81.24 81.24 81.19 81.13 80.88 80.48 79.88 79.09 78.61 78.48 78.80 78.87 77.94 80.24 80.38 80.47 80.56 80.67 80.78 80.87 80.93 80.95 81.04 80.91 81.12 81.11 81.15
21°N ||     81.25 81.22 81.21 81.28 81.31 81.31 81.31 81.34 81.39 81.40 81.44 81.45 81.47 81.48 81.48 81.21 81.04 80.70 80.57 80.79 80.59 73.65 71.49 70.68 72.37 78.40 79.45 79.44 79.33 79.04 78.58 78.01 77.48 77.21 77.00 76.90 77.80 77.82 77.64 77.49 77.45 77.47 77.54 77.69 77.98 78.55 79.36 79.50 79.65 79.81 79.81 80.10 80.30 80.38 79.56 79.65 79.70 79.85 79.90 80.06 80.18 80.23 80.70 80.88 81.03 81.24 81.27 81.29 81.33 81.34 81.34 81.34 81.28 81.29 81.26 81.15 81.13 81.14 81.01 80.86 80.82 80.91 80.83 80.76 80.59 80.70 80.82 80.68 80.71 80.76 80.71 80.71 80.66 80.64 80.74 80.70 80.65 80.67 80.66 80.66 80.70 80.50 80.35 80.59 80.24 80.37 80.51 79.63 80.03 80.35 79.59 79.37 79.34 79.42 79.44 79.63 79.11 79.12 78.09 79.40 79.47 79.41 78.62 78.84 79.19 79.26 79.77 79.60 80.09 80.54 80.97 81.04 81.17 81.21 81.21 81.26 81.25 81.25 81.25 81.23 81.24 81.26 81.25 81.25 81.26 81.25 81.27 81.28 81.28 81.26 81.28 81.27 81.28 81.25 81.26 81.26 81.20 80.91 80.39 79.46 78.45 78.24 78.15 78.14 78.68 79.40 79.98 80.20 80.36 80.53 80.68 80.78 80.85 80.90 80.99 81.01 80.89 81.14 81.14 81.17
23°N ||     81.23 81.25 81.27 81.30 81.32 81.35 81.37 81.40 81.42 81.43 81.45 81.46 81.47 81.48 81.48 81.22 80.97 80.63 80.78 80.90 80.91 79.01 76.88 75.97 78.93 80.14 79.77 79.66 79.46 78.94 78.46 78.01 77.57 77.09 76.81 76.72 77.51 77.83 77.75 77.49 77.49 77.27 77.56 77.75 77.80 78.77 79.06 79.35 79.48 79.66 79.76 79.88 80.09 80.34 80.10 79.80 80.45 80.93 80.81 80.35 80.24 80.07 80.72 80.89 81.05 81.23 81.30 81.32 81.35 81.37 81.35 81.37 81.28 81.39 81.31 81.23 81.21 81.23 81.20 81.02 80.86 80.70 80.57 80.72 80.64 80.67 80.70 80.73 80.72 80.63 80.76 80.79 80.75 80.70 80.80 80.82 80.90 80.55 80.77 80.75 80.66 80.53 80.37 80.53 80.53 80.48 80.48 80.27 79.99 80.16 79.87 79.55 79.55 79.34 79.30 79.35 79.49 79.08 78.29 79.30 79.43 79.19 80.16 79.80 79.13 79.09 79.43 79.69 79.82 80.27 80.57 80.77 80.91 81.02 81.13 81.21 81.24 81.26 81.27 81.28 81.28 81.32 81.29 81.33 81.34 81.35 81.36 81.35 81.38 81.36 81.36 81.35 81.34 81.34 81.35 81.32 81.29 80.97 80.34 79.33 78.61 78.15 77.97 76.30 77.18 78.75 79.67 80.10 80.38 80.53 80.68 80.79 80.88 80.95 81.04 80.98 81.09 81.13 81.04 81.21
25°N ||     81.25 81.26 81.26 81.32 81.36 81.37 81.39 81.40 81.41 81.43 81.45 81.46 81.47 81.47 81.48 81.24 80.89 80.74 80.78 80.68 80.92 80.84 80.83 80.82 80.59 80.26 79.56 79.77 79.28 78.75 78.22 77.88 77.40 76.99 76.74 76.24 76.29 77.73 77.81 77.48 77.59 77.50 77.62 76.84 78.12 78.81 79.19 79.33 79.42 79.52 79.34 79.70 79.73 80.44 79.70 79.76 79.83 79.77 80.52 81.00 81.05 80.47 80.80 81.12 81.22 81.31 81.34 81.35 81.37 81.38 81.38 81.36 81.35 81.32 81.24 81.27 81.27 81.29 81.33 81.12 81.03 80.79 80.74 80.83 80.82 80.75 80.79 80.76 80.78 80.67 80.75 80.87 80.78 80.79 80.80 80.91 80.84 80.77 80.71 80.76 80.50 80.53 80.62 80.53 80.41 80.69 80.61 80.20 80.42 80.31 79.91 80.12 80.03 79.96 80.30 79.42 79.64 78.75 79.03 78.43 78.85 78.76 78.81 79.10 79.15 79.29 79.22 79.19 79.89 79.68 80.47 80.77 80.76 80.93 81.13 81.22 81.25 81.31 81.32 81.33 81.36 81.37 81.39 81.41 81.45 81.48 81.50 81.50 81.49 81.47 81.45 81.43 81.44 81.42 81.40 81.37 81.31 81.25 80.67 79.77 78.53 78.11 76.34 70.66 76.10 78.61 79.71 80.17 80.37 80.56 80.76 80.76 80.90 80.98 81.07 81.09 81.13 81.12 81.20 81.22
27°N ||     81.29 81.31 81.32 81.32 81.38 81.36 81.41 81.43 81.43 81.44 81.45 81.45 81.46 81.46 81.47 81.30 80.94 80.74 80.78 80.75 80.71 80.76 80.37 80.51 80.53 80.36 80.13 79.44 78.99 78.59 78.06 77.68 77.32 76.91 76.27 76.19 76.49 77.92 78.12 77.70 77.86 77.85 77.89 76.86 77.77 78.79 79.12 79.25 79.34 79.18 78.94 79.07 79.80 80.11 80.40 80.57 80.47 80.71 80.78 81.04 80.81 80.33 81.21 81.25 81.29 81.31 81.31 81.34 81.38 81.38 81.32 81.36 81.36 81.34 81.27 81.34 81.29 81.31 81.34 81.34 81.11 81.02 80.95 80.91 80.93 80.83 80.76 80.72 80.77 80.78 80.80 80.83 80.79 80.77 80.81 80.74 80.85 80.81 80.64 80.51 80.84 80.44 80.60 80.61 80.17 80.79 79.84 80.30 80.42 80.21 80.17 80.25 80.19 80.09 80.00 80.12 79.96 80.46 79.57 79.19 79.47 80.12 79.07 79.39 79.50 78.88 78.62 79.49 80.09 79.77 80.52 80.68 80.88 81.08 81.21 81.28 81.34 81.34 81.36 81.39 81.41 81.46 81.48 81.54 81.60 81.61 81.63 81.60 81.59 81.55 81.53 81.53 81.49 81.45 81.41 81.37 81.33 81.27 81.05 79.99 78.98 78.31 77.45 76.77 77.53 79.35 80.06 80.32 80.45 80.61 80.66 80.89 80.96 81.02 81.10 81.15 81.15 81.17 81.22 81.26
29°N ||     81.33 81.35 81.37 81.39 81.41 81.41 81.43 81.44 81.45 81.44 81.45 81.46 81.46 81.41 81.47 81.46 81.23 80.87 80.67 80.69 80.70 80.71 80.35 80.26 80.65 80.44 79.77 79.31 78.87 78.39 77.96 77.56 77.29 76.88 75.73 76.09 77.05 77.95 78.08 77.88 78.19 78.25 78.21 78.33 78.57 78.83 79.15 79.32 79.30 78.86 78.96 79.25 79.28 80.14 80.23 80.33 80.34 80.66 80.74 80.88 80.85 81.00 81.16 81.09 81.00 81.25 81.28 81.32 81.36 81.38 81.36 81.39 81.37 81.38 81.37 81.36 81.33 81.34 81.37 81.39 81.38 81.15 81.07 80.99 81.02 80.87 80.80 81.55 80.82 80.78 80.85 80.94 80.84 80.84 80.72 80.77 80.84 80.83 80.67 80.66 80.56 80.62 80.59 80.62 80.42 80.28 80.01 80.19 80.24 79.99 80.22 80.17 80.38 80.61 80.56 80.53 80.18 79.63 79.52 79.44 79.69 79.38 79.20 79.37 79.08 79.62 80.36 80.63 80.61 80.73 80.81 80.92 81.13 81.19 81.25 81.33 81.36 81.39 81.44 81.48 81.53 81.58 81.66 81.71 81.74 81.80 81.77 81.69 81.72 81.66 81.63 81.56 81.52 81.47 81.43 81.41 81.36 81.32 81.18 80.67 79.97 79.30 78.65 78.61 79.21 80.11 80.35 80.45 80.54 80.65 80.84 80.93 81.03 81.10 81.16 81.21 81.22 81.23 81.29 81.32
31°N ||     81.40 81.38 81.41 81.42 81.42 81.43 81.44 81.46 81.46 81.45 81.45 81.47 81.47 81.47 81.47 81.47 81.34 81.14 81.03 81.00 80.91 80.84 80.64 80.63 80.76 79.92 79.58 79.22 78.67 78.30 77.88 77.75 77.21 76.93 76.45 76.51 77.10 78.03 78.07 78.07 78.30 78.43 78.59 78.61 78.76 78.94 79.14 79.36 79.25 78.64 79.25 79.38 79.45 79.71 79.84 79.99 80.21 80.28 80.42 80.83 80.66 80.97 81.03 81.10 81.19 81.20 81.26 81.29 81.31 81.37 81.38 81.37 81.39 81.41 81.39 81.43 81.36 81.38 81.40 81.38 81.38 81.35 81.21 81.30 81.14 81.03 80.89 80.78 80.86 80.91 80.93 80.88 80.83 80.78 80.99 80.87 80.78 80.68 80.63 80.77 80.55 80.58 80.67 80.66 80.48 80.44 80.12 80.13 80.27 80.11 80.06 80.02 80.39 80.54 80.48 80.47 80.07 79.69 79.88 79.90 79.82 80.34 79.49 79.34 79.84 79.66 80.10 80.73 80.68 80.81 80.94 81.11 81.15 81.24 81.30 81.35 81.40 81.46 81.54 81.61 81.66 81.73 81.93 81.83 81.89 81.92 81.89 81.84 81.81 81.74 81.65 81.61 81.66 81.51 81.50 81.47 81.42 81.38 81.28 81.13 80.72 80.45 80.26 80.22 80.00 79.62 80.57 80.58 80.64 80.73 80.52 81.30 81.13 80.86 81.24 81.13 81.29 81.30 81.32 81.38
33°N ||     81.44 81.27 81.41 81.42 81.44 81.44 81.44 81.46 81.45 81.46 81.46 81.48 81.48 81.48 81.51 81.50 81.49 81.36 81.12 80.82 80.89 80.88 80.91 80.85 80.27 79.73 79.44 79.06 78.78 78.08 77.72 77.41 76.99 76.63 76.33 76.44 77.03 77.91 78.25 78.34 78.51 78.67 78.75 78.83 78.72 78.93 78.93 78.78 78.76 78.91 79.25 79.51 79.56 79.48 79.78 80.11 80.26 80.33 80.29 80.35 80.32 80.34 80.69 81.08 81.09 81.25 81.28 81.30 81.31 81.35 81.39 81.44 81.44 81.43 81.42 81.46 81.44 81.45 81.45 81.40 81.44 81.44 81.37 81.27 81.18 81.07 80.96 80.87 80.99 80.91 80.89 80.74 80.87 80.86 80.87 80.78 80.81 80.66 80.77 80.80 80.48 80.44 80.59 80.36 80.79 80.22 80.28 80.06 80.26 79.83 79.62 79.86 80.25 80.37 80.27 80.02 80.00 80.14 79.93 80.37 80.27 80.35 80.29 79.80 80.09 80.48 80.54 80.77 80.88 81.03 81.08 81.18 81.23 81.29 81.34 81.40 81.47 81.56 81.65 81.70 81.80 81.85 81.91 81.96 82.06 81.95 81.91 81.89 81.85 81.69 81.73 81.68 81.62 81.55 81.49 81.53 81.51 81.46 81.41 81.36 81.28 81.18 81.13 81.01 80.78 80.39 80.88 80.77 80.74 80.84 80.88 81.11 81.21 81.24 81.29 81.33 81.34 81.38 81.40 81.43
35°N ||     81.48 81.46 81.46 81.44 81.45 81.45 81.46 81.46 81.46 81.47 81.48 81.48 81.49 81.49 81.51 81.49 81.52 81.49 81.33 80.31 80.75 80.85 80.77 80.41 79.55 79.72 79.41 79.02 78.51 77.90 77.35 76.75 76.21 75.96 75.79 75.75 76.17 76.82 77.91 78.55 78.76 78.84 78.90 78.88 78.19 78.42 79.06 79.26 78.98 78.85 79.24 79.13 78.97 79.15 79.62 80.11 80.29 80.40 80.41 80.44 80.46 80.42 80.68 81.07 81.22 81.26 81.29 81.29 81.32 81.35 81.37 81.44 81.42 81.46 81.47 81.50 81.50 81.53 81.50 81.47 81.46 81.44 81.45 81.26 81.20 81.11 81.07 81.03 80.97 81.00 80.80 80.83 80.85 80.95 81.03 80.76 80.79 80.72 80.81 80.72 80.70 80.67 80.64 80.59 80.56 80.33 80.18 80.60 80.14 79.69 80.30 79.80 79.86 79.76 79.65 79.58 79.83 80.00 80.10 80.54 80.58 80.51 80.85 80.75 80.66 80.83 80.84 80.89 81.00 81.08 81.16 81.23 81.27 81.33 81.37 81.45 81.52 81.64 81.74 81.83 81.86 81.91 82.02 82.09 82.12 82.10 82.02 81.99 81.88 81.86 81.78 81.63 81.68 81.60 81.59 81.57 81.54 81.50 81.49 81.45 81.42 81.35 81.33 81.31 81.25 81.21 81.12 80.98 80.91 80.94 80.94 81.08 81.10 81.28 81.31 81.34 81.38 81.44 81.47 81.49
37°N ||     81.52 81.47 81.47 81.44 81.47 81.46 81.47 81.47 81.46 81.47 81.48 81.48 81.49 81.48 81.48 81.48 81.47 81.45 81.44 80.79 80.78 80.71 80.52 80.24 79.74 79.77 79.44 79.05 78.58 77.62 76.58 75.85 75.17 74.77 74.77 75.12 75.49 75.62 76.56 77.81 78.69 79.04 79.09 79.05 78.95 78.79 78.94 79.10 79.24 79.59 78.96 78.81 78.66 78.48 79.09 79.77 80.26 80.37 80.39 80.37 80.44 80.39 80.82 81.11 81.21 81.25 81.28 81.30 81.32 81.37 81.38 81.42 81.44 81.49 81.50 81.54 81.59 81.58 81.58 81.53 81.55 81.53 81.50 81.49 81.41 81.36 81.34 81.28 81.18 81.30 80.97 80.92 80.84 80.82 80.91 80.84 80.87 80.96 80.76 80.89 80.80 80.90 80.73 80.95 80.79 80.75 80.50 80.37 80.24 79.95 79.82 79.72 79.71 79.50 79.52 79.51 79.69 80.23 80.89 80.76 80.66 80.53 80.66 80.58 80.84 80.90 80.93 80.95 81.09 81.14 81.21 81.28 81.32 81.36 81.45 81.52 81.56 81.70 81.78 81.91 81.97 82.06 82.15 82.16 82.18 82.20 82.15 82.06 82.03 81.93 81.88 81.83 81.79 81.70 81.77 81.74 81.63 81.54 81.54 81.48 81.43 81.40 81.33 81.30 81.24 81.22 81.15 81.08 81.02 81.03 81.01 81.11 81.08 81.32 81.34 81.37 81.44 81.45 81.48 81.49
39°N ||     81.50 81.48 81.49 81.47 81.36 81.48 81.48 81.41 81.48 81.48 81.47 81.48 81.46 81.47 81.46 81.46 81.46 81.48 81.41 81.26 80.55 80.47 80.60 80.30 80.28 79.85 79.60 79.26 78.42 77.05 75.80 74.75 74.11 74.03 73.72 73.96 75.10 75.33 75.75 76.93 78.31 79.09 79.23 79.19 78.91 79.02 78.84 78.00 79.05 79.11 79.07 78.89 78.51 78.22 78.59 79.32 79.97 80.21 80.32 80.30 80.59 80.62 80.65 80.97 81.22 81.27 81.29 81.30 81.34 81.38 81.42 81.46 81.47 81.53 81.57 81.60 81.63 81.65 81.66 81.73 81.59 81.60 81.58 81.56 81.51 81.37 81.42 81.35 81.24 81.22 81.17 81.04 81.03 81.01 80.99 80.90 80.84 80.81 80.98 80.91 80.94 81.26 80.94 80.73 81.03 80.66 80.58 80.54 80.43 80.44 80.21 79.83 80.62 79.66 79.70 80.07 79.88 80.12 80.85 80.87 80.88 80.87 80.88 80.94 80.95 80.98 81.03 81.10 81.13 81.20 81.26 81.32 81.34 81.42 81.48 81.56 81.64 81.71 81.86 81.89 82.11 82.20 82.23 82.23 82.22 82.24 82.17 82.15 82.08 82.12 81.99 81.95 81.86 81.84 81.81 81.78 81.73 81.59 81.49 81.51 81.45 81.41 81.36 81.31 81.25 81.25 81.20 81.16 81.14 81.11 81.09 80.98 80.65 81.34 81.36 81.37 81.44 81.48 81.50 81.48
41°N ||     81.49 81.50 81.51 81.50 81.49 81.48 81.47 81.48 81.47 81.47 81.47 81.48 81.47 81.48 81.45 81.47 81.45 81.38 81.34 81.25 81.08 80.93 80.75 80.61 80.38 80.12 79.90 79.34 78.36 76.87 75.49 74.66 74.37 74.30 73.63 74.00 74.98 75.52 76.08 77.29 78.51 79.18 79.27 79.22 78.56 79.11 78.93 78.56 78.88 78.77 78.78 78.62 78.61 78.75 78.99 79.20 79.74 80.19 80.20 80.16 80.42 80.64 80.65 80.93 81.17 81.30 81.32 81.29 81.36 81.40 81.43 81.49 81.52 81.56 81.62 81.68 81.71 81.72 81.73 81.73 81.72 81.71 81.66 81.76 81.75 81.56 81.48 81.46 81.37 81.38 81.22 81.35 81.26 81.17 81.20 81.04 80.96 81.12 80.88 81.00 81.30 81.30 81.28 80.84 80.97 80.52 80.40 80.69 80.73 80.62 80.47 80.59 81.05 80.87 80.37 80.54 80.94 80.39 80.92 80.88 80.91 80.90 81.02 81.04 81.08 81.05 81.11 81.13 81.21 81.27 81.30 81.32 81.38 81.43 81.54 81.62 81.72 81.78 81.97 82.05 82.11 82.23 82.25 82.24 82.23 82.20 82.22 82.19 82.16 82.08 82.03 82.05 82.03 81.96 81.88 81.81 81.74 81.69 81.61 81.54 81.47 81.41 81.37 81.33 81.27 81.27 81.25 81.22 81.22 81.17 80.91 81.03 80.92 81.30 81.36 81.41 81.42 81.48 81.47 81.50
43°N ||     81.50 81.52 81.52 81.50 81.50 81.49 81.48 81.48 81.47 81.48 81.47 81.50 81.48 81.49 81.46 81.45 81.42 81.37 81.28 81.14 81.03 80.92 80.79 80.67 80.51 80.34 80.08 79.77 78.99 77.86 76.53 75.50 75.03 74.88 74.78 74.92 75.47 75.85 77.59 78.76 79.39 79.57 79.41 79.36 79.39 78.87 79.17 78.47 78.83 78.87 78.76 78.91 78.27 78.82 79.43 79.30 79.50 80.02 80.25 80.51 80.49 80.53 80.66 80.93 81.16 81.31 81.36 81.37 81.40 81.44 81.50 81.54 81.62 81.66 81.87 81.72 81.77 81.74 81.79 81.80 81.78 81.78 81.70 81.72 81.75 81.62 81.58 81.48 81.46 81.47 81.43 81.41 81.40 81.35 81.28 81.16 81.10 81.05 81.22 81.27 81.33 81.30 81.10 81.26 81.09 81.24 81.18 81.23 80.56 80.51 80.37 80.96 80.48 80.31 81.01 81.03 80.96 80.91 80.92 80.99 81.01 81.01 81.15 81.26 81.13 81.13 81.15 81.24 81.29 81.31 81.29 81.37 81.38 81.46 81.54 81.67 81.76 81.79 81.95 82.07 82.16 82.22 82.19 82.10 82.23 82.19 82.16 82.10 82.21 82.01 82.04 82.02 81.97 81.94 81.95 81.86 81.78 81.75 81.58 81.54 81.47 81.41 81.34 81.33 81.30 81.28 81.25 81.27 81.26 81.20 81.11 81.02 80.85 81.28 81.40 81.40 81.47 81.48 81.50 81.52
45°N ||     81.54 81.54 81.52 81.52 81.51 81.50 81.50 81.48 81.47 81.49 81.49 81.47 81.47 81.46 81.46 81.42 81.37 81.30 81.21 81.12 81.01 80.91 80.81 80.73 80.65 80.55 80.40 80.17 79.71 78.94 78.33 77.85 77.68 76.18 75.55 75.40 76.01 77.39 78.39 79.19 79.60 79.76 79.75 79.85 79.98 80.11 80.17 79.94 79.20 78.76 78.32 78.76 79.45 79.39 79.39 79.65 80.27 80.12 80.27 80.57 80.66 80.82 80.91 81.04 81.18 81.34 81.36 81.41 81.45 81.50 81.53 81.63 81.67 81.73 81.73 81.83 81.82 81.83 81.89 81.90 81.81 81.84 81.81 81.80 81.76 81.72 81.62 81.65 81.59 81.51 81.50 81.54 81.45 81.41 81.40 81.38 81.26 81.20 81.32 81.32 81.19 81.11 81.03 81.28 81.11 81.25 81.27 81.27 81.06 80.92 80.67 81.02 80.93 80.87 81.04 80.95 80.88 81.02 81.04 81.07 81.06 81.13 81.17 81.22 81.22 81.24 81.26 81.26 81.31 81.33 81.36 81.37 81.45 81.49 81.63 81.72 81.81 81.92 81.96 82.06 82.14 82.22 82.21 82.22 82.20 82.13 82.16 82.16 82.14 82.12 82.05 82.09 82.05 81.91 81.96 81.93 81.84 81.72 81.55 81.50 81.47 81.39 81.34 81.33 81.32 81.31 81.31 81.31 81.30 81.29 81.25 81.15 80.97 81.33 81.34 81.37 81.44 81.51 81.51 81.54
47°N ||     81.54 81.54 81.53 81.51 81.51 81.50 81.49 81.50 81.47 81.50 81.50 81.48 81.48 81.45 81.41 81.40 81.32 81.26 81.19 81.11 81.01 80.95 80.89 80.84 80.77 80.70 80.59 80.52 80.36 80.10 79.83 79.70 79.70 79.65 78.67 78.46 79.09 79.39 79.48 79.54 79.72 79.82 79.81 79.88 80.06 80.21 80.22 80.19 79.18 78.87 79.35 79.73 80.30 80.02 80.12 80.52 80.32 80.76 80.32 80.54 80.72 80.89 81.04 81.19 81.30 81.37 81.41 81.44 81.52 81.54 81.63 81.69 81.72 81.77 81.80 81.79 81.74 81.66 81.90 81.91 81.88 81.92 81.87 81.86 81.81 81.78 81.77 81.74 81.69 81.64 81.59 81.57 81.56 81.53 81.45 81.46 81.41 81.37 81.37 81.39 81.35 81.32 81.39 81.30 81.22 81.29 81.17 81.19 81.26 81.12 81.02 81.10 81.11 81.16 81.17 80.92 81.05 81.09 81.12 81.17 81.18 81.21 81.26 81.22 81.29 81.29 81.29 81.30 81.34 81.35 81.41 81.43 81.49 81.53 81.85 81.87 81.82 81.89 81.97 82.04 82.12 82.20 82.20 82.17 82.17 82.15 82.13 82.13 82.07 82.14 82.11 82.09 82.01 82.01 82.00 81.89 81.78 81.67 81.60 81.34 81.38 81.45 81.38 81.38 81.36 81.35 81.35 81.33 81.34 81.34 81.33 81.28 81.30 81.33 81.36 81.43 81.44 81.50 81.51 81.54
49°N ||     81.55 81.54 81.54 81.52 81.53 81.52 81.51 81.51 81.50 81.50 81.51 81.48 81.47 81.43 81.39 81.35 81.29 81.25 81.19 81.12 81.05 81.02 80.96 80.91 80.83 80.77 80.73 80.68 80.63 80.56 80.49 80.41 80.33 80.26 80.16 80.19 80.22 80.18 79.99 79.86 79.85 79.98 79.97 79.77 79.92 80.09 80.12 80.12 80.52 79.48 80.93 81.04 81.10 80.93 80.91 80.56 80.59 80.60 80.86 80.64 80.89 81.03 81.18 81.29 81.32 81.42 81.48 81.54 81.55 81.67 81.67 81.73 81.79 81.80 81.82 81.83 81.86 81.92 81.96 81.95 81.96 81.92 81.92 81.90 81.88 81.85 81.84 81.77 81.74 81.72 81.69 81.64 81.56 81.53 81.51 81.51 81.46 81.47 81.47 81.45 81.37 81.42 81.32 81.36 82.67 81.55 81.22 81.32 81.29 81.20 81.16 81.20 81.18 81.17 81.11 81.21 81.19 81.22 81.24 81.23 81.23 81.25 81.29 81.29 81.28 81.31 81.30 81.33 81.35 81.38 81.43 81.48 81.53 81.60 81.79 81.84 81.81 81.91 81.92 82.03 82.08 82.13 82.17 82.16 82.14 82.15 82.13 82.13 82.09 82.02 82.12 82.05 81.98 81.93 81.93 81.80 81.74 81.64 81.60 81.39 81.32 81.47 81.42 81.41 81.41 81.39 81.40 81.39 81.36 81.38 81.36 81.37 81.23 81.31 81.46 81.45 81.44 81.52 81.58 81.53
51°N ||     81.55 81.55 81.54 81.54 81.54 81.54 81.51 81.50 81.51 81.50 81.49 81.46 81.44 81.41 81.37 81.32 81.27 81.21 81.17 81.12 81.03 81.04 80.99 80.93 80.90 80.85 80.81 80.77 80.72 80.69 80.64 80.57 80.50 80.45 80.45 80.46 80.38 80.34 80.20 80.08 80.03 80.06 80.11 80.17 80.11 80.27 80.46 80.65 80.91 80.99 81.05 81.10 81.16 81.19 81.19 81.05 80.74 80.68 80.79 81.00 81.09 81.21 81.29 81.40 81.41 81.47 81.52 81.59 81.66 81.71 81.78 81.84 81.88 81.88 81.91 81.93 81.95 81.90 82.07 82.12 81.98 81.97 82.00 81.84 81.94 81.90 81.83 81.82 81.85 81.79 81.77 81.73 81.68 81.63 81.59 81.56 81.53 81.47 81.55 81.48 81.47 81.47 81.33 82.23 82.74 81.41 81.15 81.33 81.31 81.27 81.27 81.26 81.26 81.28 81.31 81.27 81.28 81.27 81.30 81.31 81.30 81.32 81.30 81.30 81.32 81.32 81.31 81.34 81.36 81.39 81.42 81.48 81.55 81.61 81.70 81.72 81.84 81.88 81.97 82.02 82.06 82.10 82.16 82.15 82.16 82.15 82.10 82.13 82.12 82.08 82.06 81.99 81.98 81.87 81.74 81.77 81.71 81.64 81.59 81.56 81.51 81.49 81.47 81.44 81.43 81.44 81.41 81.43 81.40 81.40 81.39 81.41 81.38 81.45 81.46 81.42 81.46 81.53 81.57 81.57
53°N ||     81.55 81.54 81.56 81.56 81.55 81.55 81.53 81.51 81.50 81.47 81.48 81.46 81.42 81.39 81.34 81.28 81.20 81.20 81.18 81.14 81.11 81.08 81.03 81.00 80.96 80.92 80.88 80.83 80.81 80.76 80.72 80.70 80.65 80.62 80.62 80.61 80.59 80.52 80.40 80.31 80.25 80.25 80.30 80.36 80.48 80.63 80.72 80.84 80.94 81.04 81.11 81.15 81.18 81.22 81.24 81.26 81.02 81.08 80.95 81.21 81.37 81.41 81.45 81.47 81.51 81.56 81.66 81.71 81.77 81.80 81.90 81.93 81.95 81.97 82.00 82.03 82.04 82.02 82.07 82.05 82.01 82.05 82.02 82.05 82.00 82.07 82.03 81.93 81.91 81.83 81.84 81.80 81.74 81.72 81.65 81.60 81.62 81.75 81.55 81.54 81.48 81.48 81.44 81.40 81.30 81.31 81.30 81.38 81.34 81.36 81.34 81.34 81.32 81.34 81.34 81.33 81.35 81.37 81.34 81.36 81.34 81.33 81.30 81.32 81.33 81.31 81.31 81.35 81.37 81.38 81.44 81.49 81.54 81.59 81.59 81.68 81.75 81.84 81.85 81.91 81.93 81.99 82.00 82.05 82.07 82.08 82.04 82.05 81.97 81.98 81.98 81.97 81.87 81.78 81.74 81.68 81.71 81.64 81.61 81.56 81.53 81.50 81.48 81.47 81.46 81.45 81.46 81.45 81.38 81.41 81.40 81.44 81.43 81.43 81.45 81.50 81.54 81.55 81.57 81.58
55°N ||     81.60 81.59 81.56 81.53 81.54 81.50 81.51 81.52 81.50 81.48 81.47 81.44 81.42 81.38 81.36 81.29 81.93 81.18 81.20 81.18 81.15 81.11 81.09 81.07 81.02 80.98 80.95 80.90 80.86 80.84 80.81 80.80 80.76 80.77 80.75 80.76 80.71 80.68 80.65 80.58 80.51 80.52 80.48 80.52 80.61 80.73 80.85 81.09 81.10 81.17 81.19 81.20 81.31 81.24 81.27 81.31 81.35 81.36 81.42 81.46 81.50 81.53 81.61 81.64 81.71 81.76 81.79 81.84 81.87 81.92 81.99 82.02 82.03 82.07 82.09 82.06 82.08 82.09 82.12 82.17 82.06 82.08 82.10 82.07 82.13 82.06 81.98 81.97 81.91 81.91 81.89 81.87 81.82 81.76 81.68 81.66 81.66 81.64 81.61 81.56 81.54 81.52 81.48 81.48 81.46 81.42 81.40 81.41 81.41 81.39 81.39 81.39 81.38 81.40 81.38 81.41 81.44 81.43 81.42 81.41 81.37 81.36 81.34 81.33 81.31 81.31 81.36 81.38 81.38 81.40 81.44 81.49 81.52 81.53 81.58 81.65 81.71 81.76 81.77 81.81 81.84 81.88 81.89 81.94 81.96 81.93 81.94 81.94 81.82 81.83 81.88 81.82 81.80 81.73 81.69 81.72 81.62 81.66 81.63 81.55 81.52 81.51 81.50 81.50 81.47 81.48 81.46 81.44 81.43 81.45 81.45 81.41 81.42 81.42 81.47 81.59 81.55 81.58 81.61 81.62
57°N ||     81.61 81.61 81.59 81.57 81.58 81.54 81.52 81.51 81.50 81.50 81.46 81.43 81.43 81.39 81.36 81.35 81.24 81.25 81.22 81.21 81.19 81.17 81.14 81.11 81.09 81.06 81.02 80.98 80.98 80.94 80.92 80.90 80.88 80.89 80.87 80.87 80.86 80.84 80.82 80.75 80.73 80.70 80.69 80.71 80.77 80.87 80.97 81.05 81.14 81.18 81.21 81.24 81.26 81.29 81.33 81.37 81.41 81.46 81.51 81.55 81.66 81.70 81.74 81.77 81.82 81.85 81.90 81.94 81.97 82.03 82.04 82.32 82.13 82.14 82.14 82.17 82.17 82.14 82.16 82.15 82.14 82.21 82.10 82.12 81.84 82.58 82.03 82.01 81.99 81.95 81.96 81.89 81.85 81.82 81.80 81.74 81.73 81.68 81.64 81.57 81.57 81.55 81.50 81.47 81.45 81.45 81.45 81.43 81.46 81.45 81.43 81.46 81.48 81.47 81.47 81.49 81.50 81.48 81.46 81.41 81.39 81.40 81.38 81.36 81.36 81.36 81.35 81.37 81.39 81.40 81.45 81.46 81.50 81.50 81.53 81.57 81.65 81.68 81.70 81.68 81.76 81.75 81.81 81.86 81.87 81.85 81.83 81.85 81.83 81.78 81.81 81.78 81.79 81.78 81.70 81.72 81.67 81.69 81.66 81.59 81.56 81.56 81.53 81.51 81.50 81.48 81.48 81.47 81.43 81.46 81.46 81.44 81.50 81.48 81.48 81.53 81.58 81.57 81.60 81.60
59°N ||     81.61 81.62 81.61 81.56 81.59 81.58 81.51 81.54 81.54 81.54 81.51 81.48 81.45 81.43 81.39 81.35 81.35 81.32 81.29 81.27 81.24 81.22 81.18 81.16 81.15 81.14 81.12 81.10 81.08 81.06 81.04 81.01 80.99 81.00 81.02 80.99 80.99 80.99 80.95 80.91 80.89 80.88 80.88 80.94 80.98 81.06 81.10 81.15 81.20 81.24 81.26 81.31 81.32 81.35 81.39 81.43 81.47 81.52 81.58 81.67 81.79 81.75 81.88 81.91 81.93 81.96 82.02 82.05 82.07 82.07 82.13 82.13 82.15 82.19 82.20 82.21 82.19 82.23 82.26 82.25 82.20 82.19 82.19 82.16 82.14 82.13 82.11 82.10 82.06 81.99 81.94 81.96 81.89 81.89 81.78 81.81 81.79 81.75 81.66 81.64 81.60 81.58 81.56 81.55 81.54 81.53 81.49 81.49 81.49 81.51 81.53 81.54 81.54 81.54 81.51 81.53 81.53 81.53 81.48 81.46 81.45 81.43 81.39 81.40 81.37 81.38 81.36 81.38 81.40 81.40 81.43 81.43 81.49 81.54 81.52 81.49 81.55 81.58 81.57 81.64 81.69 81.63 81.71 81.76 81.75 81.72 81.75 81.75 81.75 81.75 81.74 81.76 81.75 81.72 81.71 81.73 81.71 81.67 81.66 81.62 81.64 81.58 81.56 81.53 81.52 81.50 81.46 81.46 81.45 81.47 81.49 81.50 81.52 81.51 81.53 81.54 81.58 81.63 81.56 81.60
61°N ||     81.62 81.62 81.61 81.62 81.61 81.63 81.58 81.56 81.57 81.53 81.51 81.51 81.49 81.45 81.43 81.41 81.38 81.36 81.34 81.31 81.28 81.27 81.26 81.24 81.22 81.21 81.19 81.17 81.16 81.16 81.15 81.13 81.14 81.14 81.12 81.11 81.11 81.11 81.10 81.18 81.09 81.09 81.09 81.11 81.13 81.16 81.18 81.22 81.27 81.30 81.32 81.38 81.42 81.46 81.49 81.54 81.59 81.65 81.71 81.76 81.85 81.94 81.98 82.02 82.07 82.31 82.04 82.15 82.17 82.18 82.23 82.17 82.22 82.29 82.33 82.31 82.30 82.31 82.26 82.29 82.26 82.27 82.24 82.25 82.21 82.19 82.14 82.12 82.08 82.04 82.00 81.98 81.96 81.91 81.91 81.90 81.81 81.77 81.75 81.70 81.68 81.64 81.60 81.60 81.58 81.59 81.55 81.57 81.57 81.59 81.59 81.60 81.61 81.60 81.57 81.59 81.57 81.57 81.55 81.49 81.51 81.50 81.40 81.43 81.42 81.41 81.39 81.38 81.39 81.41 81.41 81.43 81.44 81.34 81.45 81.50 81.52 81.51 81.56 81.59 81.62 81.56 81.66 81.68 81.69 81.63 81.67 81.66 81.69 81.71 81.69 81.71 81.69 81.67 81.70 81.70 81.67 81.66 81.67 81.63 81.61 81.62 81.58 81.57 81.56 81.50 81.53 81.52 81.49 81.51 81.50 81.53 81.54 81.54 81.57 81.58 81.56 81.61 81.60 81.58
63°N ||     81.68 81.62 81.62 82.03 81.63 81.64 81.64 81.63 81.61 81.59 81.57 81.53 81.52 81.49 81.48 81.47 81.44 81.43 81.39 81.35 81.29 81.34 81.32 81.31 81.29 81.28 81.27 81.27 81.26 81.25 81.24 81.22 81.22 81.20 81.19 81.18 81.18 81.18 81.18 81.18 81.18 81.19 81.20 81.22 81.24 81.26 81.29 81.31 81.35 81.39 81.44 81.48 81.53 81.58 81.66 81.70 81.75 81.80 81.87 81.89 81.95 82.02 82.08 82.14 82.15 82.17 82.25 82.24 82.23 82.24 82.27 82.25 82.29 82.30 82.31 82.35 82.33 82.29 82.29 82.32 82.31 82.31 82.26 82.23 82.20 82.08 82.11 82.09 82.09 82.07 82.05 82.00 81.95 81.92 81.94 81.82 81.80 81.80 81.78 81.74 81.73 81.70 81.67 81.66 81.67 81.66 81.65 81.66 81.65 81.64 81.67 81.66 81.68 81.65 81.64 81.63 81.62 81.59 81.61 81.58 81.55 81.53 81.52 81.49 81.47 81.45 81.43 81.42 81.41 81.41 81.41 81.43 81.44 81.45 81.47 81.49 81.51 81.51 81.54 81.50 81.57 81.52 81.59 81.62 81.58 81.64 81.63 81.64 81.66 81.66 81.65 81.65 81.69 81.69 81.69 81.67 81.67 81.65 81.67 81.67 81.65 81.63 81.64 81.62 81.57 81.59 81.59 81.59 81.52 81.55 81.56 81.57 81.54 81.59 81.62 81.64 81.62 81.64 81.65 81.66
65°N ||     81.70 81.75 81.70 81.74 81.73 81.71 81.69 81.70 81.60 81.63 81.61 81.60 81.60 81.58 81.66 81.52 81.51 81.49 81.46 81.47 81.45 81.42 81.41 81.40 81.39 81.38 81.35 81.36 81.35 81.34 81.32 81.31 81.30 81.29 81.27 81.26 81.26 81.26 81.25 81.25 81.26 81.27 81.29 81.31 81.34 81.37 81.39 81.43 81.45 81.49 81.53 81.54 81.64 81.74 81.81 81.89 81.96 82.04 82.07 82.09 82.11 82.17 82.20 82.20 82.26 82.28 82.29 82.25 82.29 82.32 82.27 82.28 82.33 82.34 82.34 82.36 82.36 82.33 82.34 82.34 82.36 82.32 82.29 82.15 82.81 84.08 81.86 82.08 82.12 82.08 82.09 82.02 82.02 81.95 81.94 81.90 81.86 81.84 81.84 81.82 81.78 81.77 81.75 81.70 81.74 81.69 81.68 81.70 81.70 81.69 81.72 81.72 81.73 81.70 81.65 81.65 81.70 81.65 81.63 81.66 81.64 81.60 81.58 81.53 81.52 81.47 81.48 81.46 81.45 81.42 81.44 81.43 81.43 81.44 81.47 81.46 81.48 81.49 81.48 81.51 81.53 81.53 81.56 81.57 81.54 81.59 81.59 81.60 81.60 81.61 81.63 81.64 81.64 81.66 81.60 81.67 81.66 81.69 81.68 81.68 81.65 81.64 81.68 81.67 81.63 81.68 81.67 81.60 81.65 81.62 81.67 81.66 81.64 81.65 81.65 81.68 81.64 81.65 81.72 81.60
67°N ||     81.79 81.78 81.80 81.79 81.77 81.82 81.79 81.76 81.77 81.75 81.68 81.69 81.70 81.65 81.66 81.62 81.62 81.60 81.58 81.57 81.52 81.53 81.49 81.48 81.47 81.44 81.46 81.45 81.43 81.42 81.41 81.38 81.38 81.36 81.45 81.33 81.33 81.33 81.33 81.34 81.35 81.36 81.39 81.41 81.43 81.47 81.50 81.55 81.58 81.64 81.71 81.79 81.86 81.95 82.03 82.11 82.20 82.26 82.32 82.38 82.40 82.39 82.35 82.33 82.33 82.33 82.31 82.34 82.37 82.35 82.37 82.37 82.35 82.39 82.39 82.37 82.36 82.31 82.40 82.38 82.36 82.34 82.26 82.23 82.23 82.16 82.14 82.15 82.13 82.14 82.09 82.05 82.04 81.99 81.97 81.93 81.91 81.89 81.87 81.82 81.79 81.81 81.79 81.75 81.76 81.75 81.76 81.73 81.71 81.67 81.70 81.75 81.77 81.75 81.73 81.73 81.68 81.71 81.70 81.69 81.67 81.62 81.63 81.60 81.57 81.55 81.54 81.50 81.48 81.47 81.46 81.44 81.44 81.44 81.42 81.46 81.47 81.48 81.41 81.49 81.51 81.54 81.54 81.53 81.54 81.55 81.50 81.58 81.58 81.59 81.59 81.64 81.63 81.65 81.66 81.66 81.67 81.68 81.69 81.71 81.65 81.66 81.67 81.69 81.69 81.68 81.73 81.73 81.74 81.71 81.74 81.71 81.75 81.74 81.69 81.71 81.72 81.78 81.76 81.78
69°N ||     81.79 81.87 81.87 81.85 81.86 81.86 81.85 81.86 81.80 81.87 81.82 81.81 81.79 81.80 81.73 81.69 81.69 81.73 81.74 81.69 81.69 81.68 81.66 81.65 81.60 81.59 81.48 81.56 81.55 81.50 81.54 81.48 81.49 81.46 81.43 81.42 81.42 81.42 81.43 81.44 81.44 81.48 81.50 81.53 81.56 81.61 81.69 81.77 81.85 81.91 81.96 82.01 82.04 82.10 82.15 82.21 82.26 82.28 82.34 82.36 82.36 82.37 82.36 82.36 82.34 82.36 82.37 82.38 82.36 82.39 82.40 82.38 82.42 82.41 82.35 82.39 82.38 82.35 82.36 82.34 82.31 82.30 82.32 82.28 82.21 82.22 82.15 82.13 82.12 82.09 82.09 82.06 82.01 82.00 82.00 81.92 81.93 81.93 81.90 81.89 81.87 81.87 81.85 81.81 81.81 81.84 81.82 81.80 81.79 81.81 81.72 81.73 81.77 81.77 81.78 81.76 81.74 81.75 81.74 81.69 81.67 81.68 81.66 81.65 81.60 81.59 81.58 81.57 81.55 81.53 81.52 81.49 81.49 81.47 81.45 81.44 81.45 81.48 81.50 81.49 81.50 81.50 81.52 81.52 81.52 81.52 81.54 81.55 81.55 81.55 81.58 81.57 81.59 81.63 81.66 81.68 81.67 81.69 81.76 81.73 81.71 81.71 81.71 81.75 81.75 81.77 81.78 81.80 81.79 81.77 81.77 81.81 81.82 81.83 81.88 81.86 81.84 81.85 81.83 81.81
71°N ||     81.93 81.96 81.99 81.94 81.92 81.95 82.20 81.89 81.93 81.93 81.87 81.89 81.90 81.87 81.91 81.92 81.91 81.88 81.93 81.82 81.77 81.83 81.82 81.79 81.75 81.73 81.69 81.66 81.67 81.62 81.63 81.64 81.64 81.58 81.62 81.63 81.58 81.58 81.59 81.61 81.59 81.66 81.69 81.71 81.77 81.80 81.86 81.93 81.98 82.04 82.09 82.13 82.13 82.13 82.17 82.18 82.20 82.23 82.25 82.26 82.24 82.28 82.28 82.30 82.38 82.34 82.35 82.37 82.42 82.39 82.41 82.39 82.38 82.41 82.37 82.34 82.35 82.37 82.35 82.32 82.30 82.30 82.28 82.24 82.21 82.20 82.17 82.17 82.14 82.09 82.04 82.00 82.03 82.03 81.99 81.98 81.96 81.95 81.93 81.91 81.88 81.85 81.84 81.83 81.85 81.86 81.85 81.82 81.83 81.82 81.84 81.81 81.80 81.80 81.77 81.79 81.76 81.75 81.70 81.74 81.68 81.71 81.69 81.64 81.64 81.64 81.62 81.62 81.60 81.57 81.55 81.55 81.54 81.53 81.50 81.51 81.49 81.48 81.47 81.46 81.45 81.45 81.46 81.47 81.49 81.50 81.52 81.53 81.56 81.56 81.59 81.59 81.59 81.60 81.64 81.63 81.69 81.72 81.75 81.76 81.77 81.74 81.79 81.80 81.82 81.85 81.83 81.85 81.79 81.87 81.87 81.86 81.82 81.88 81.89 81.91 81.95 81.88 81.92 81.91
73°N ||     82.04 82.07 82.07 82.04 82.01 82.08 82.08 82.06 82.05 82.08 82.11 82.06 82.06 82.00 82.11 82.03 82.02 82.00 81.97 81.96 81.98 81.86 81.87 81.90 81.85 81.90 81.85 82.02 81.92 81.87 81.90 81.83 81.80 81.78 81.74 81.77 81.74 81.76 81.78 81.82 81.84 81.88 81.90 81.92 81.96 81.99 82.01 82.04 82.07 82.10 82.15 82.22 82.20 82.20 82.20 82.20 82.18 82.18 82.16 82.19 82.21 82.23 82.25 82.25 82.28 82.31 82.33 82.32 82.32 82.34 82.38 82.41 82.40 82.35 82.38 82.39 82.39 82.35 82.32 82.27 82.28 82.25 82.23 82.21 82.22 82.21 82.18 82.15 82.12 82.12 82.08 82.00 82.00 82.00 81.99 81.94 81.94 81.94 81.92 81.93 81.91 81.90 81.88 81.82 81.86 81.87 81.84 81.82 81.81 81.79 81.82 81.82 81.84 81.83 81.80 81.82 81.83 81.79 81.75 81.72 81.74 81.76 81.74 81.70 81.68 81.67 81.65 81.66 81.62 81.61 81.59 81.57 81.58 81.56 81.56 81.55 81.54 81.52 81.52 81.53 81.53 81.54 81.55 81.55 81.56 81.57 81.58 81.58 81.60 81.61 81.60 81.63 81.64 81.66 81.66 81.66 81.72 81.75 81.76 81.75 81.81 81.81 81.79 81.84 81.88 81.90 81.87 81.91 81.94 81.96 81.75 82.50 81.84 81.47 81.95 81.98 82.04 82.02 81.95 82.00
75°N ||     82.08 82.14 82.10 82.12 82.13 82.18 82.10 82.15 82.16 82.15 82.18 82.13 82.13 82.18 82.13 82.16 82.15 82.06 82.10 82.12 82.09 82.14 82.17 82.21 82.12 82.03 82.05 82.05 81.92 81.96 81.97 81.94 82.01 82.03 82.06 81.98 81.96 81.97 81.92 81.98 81.97 82.00 82.05 82.05 82.05 82.02 82.07 82.09 82.12 82.17 82.20 82.21 82.21 82.22 82.23 82.29 82.22 82.21 82.23 82.24 82.28 82.31 82.33 82.34 82.34 82.32 82.31 82.32 82.34 82.30 82.36 82.36 82.36 82.36 82.35 82.37 82.33 82.33 82.28 82.29 82.25 82.25 82.21 82.29 82.19 82.16 82.13 82.10 82.10 82.10 82.06 82.05 82.03 82.00 82.01 81.99 82.03 81.94 81.92 81.91 81.90 81.90 81.89 81.87 81.88 81.88 81.88 81.86 81.83 81.86 81.84 81.82 81.85 81.84 81.83 81.82 81.81 81.82 81.78 81.78 81.77 81.76 81.72 81.76 81.76 81.74 81.69 81.68 81.68 81.64 81.67 81.65 81.65 81.64 81.60 81.61 81.60 81.60 81.60 81.60 81.59 81.61 81.62 81.58 81.60 81.63 81.64 81.65 81.63 81.63 81.65 81.67 81.68 81.70 81.71 81.72 81.74 81.78 81.80 81.82 81.83 81.86 81.87 81.91 81.92 81.92 81.92 81.94 81.97 81.99 81.99 82.02 82.00 82.11 82.12 82.13 82.14 82.13 82.11 82.07
77°N ||     82.21 82.15 82.02 81.97 82.04 82.18 82.13 81.94 81.95 82.15 82.20 82.20 82.21 82.19 82.18 82.10 81.98 82.01 81.93 82.09 81.99 82.05 82.27 82.41 82.19 82.09 82.08 82.15 82.11 82.10 82.09 82.09 82.12 82.07 81.92 82.06 82.02 82.06 82.04 82.02 82.10 82.09 82.05 82.05 82.10 82.14 82.16 82.18 82.20 82.21 82.23 82.25 82.19 82.29 82.30 82.33 82.34 82.34 82.34 82.35 82.37 82.04 82.05 82.24 82.31 82.30 82.30 82.31 82.27 82.27 82.31 82.32 82.32 82.32 82.30 82.30 82.29 82.30 82.32 82.30 82.28 82.23 82.22 82.20 82.20 82.17 82.11 82.10 82.14 82.11 82.12 82.09 82.05 82.01 82.00 82.02 82.02 82.01 81.98 81.96 81.95 81.95 81.93 81.96 81.92 81.91 81.91 81.90 81.89 81.88 81.88 81.87 81.85 81.82 81.82 81.81 81.84 81.80 81.80 81.76 81.77 81.79 81.79 81.79 81.78 81.78 81.77 81.75 81.74 81.71 81.72 81.70 81.68 81.65 81.55 81.62 81.66 81.67 81.68 81.67 81.65 81.66 81.66 81.65 81.66 81.66 81.68 81.67 81.68 81.66 81.69 81.71 81.71 81.73 81.76 81.77 81.79 81.80 81.78 81.82 81.83 81.86 81.91 81.94 81.95 81.95 81.97 82.01 82.01 82.00 82.04 82.01 82.03 82.07 82.06 82.16 82.21 82.20 82.15 82.19
79°N ||     82.09 82.03 82.03 82.08 82.09 82.07 82.05 82.05 82.06 82.05 82.06 81.98 82.10 82.08 82.09 82.14 82.14 82.17 82.17 82.13 82.12 82.18 82.17 82.19 82.21 82.23 82.18 82.07 82.10 82.05 82.07 82.09 82.11 82.12 82.10 82.13 82.10 82.15 82.14 82.14 82.14 82.16 82.16 82.14 82.11 82.12 82.14 82.16 82.18 82.22 82.26 82.25 82.27 82.29 82.31 82.32 82.30 82.33 82.37 82.37 82.39 82.41 82.40 82.41 82.38 82.39 82.42 82.39 82.34 82.32 82.29 82.27 82.23 82.25 82.25 82.17 82.15 82.17 82.23 82.24 82.19 82.22 82.14 81.91 82.04 82.21 81.69 81.78 82.07 81.51 81.67 81.91 81.78 81.61 81.84 81.54 81.61 81.88 81.77 81.64 81.69 81.71 81.75 81.92 81.93 81.90 81.92 81.92 81.92 81.90 81.90 81.89 81.88 81.87 81.85 81.86 81.84 81.84 81.83 81.74 81.98 81.73 81.80 81.79 81.77 81.79 81.77 81.76 81.76 81.76 81.76 81.76 81.75 81.75 81.75 81.75 81.75 81.75 81.73 81.74 81.73 81.71 81.69 81.70 81.70 81.67 81.64 81.65 81.67 81.70 81.71 81.70 81.74 81.77 81.77 81.81 81.79 81.82 81.82 81.83 81.85 81.88 81.90 81.94 81.95 81.98 81.96 81.96 81.98 82.04 82.04 82.05 82.05 82.07 82.08 82.06 82.06 82.13 82.12 82.10
81°N ||     81.69 81.70 81.71 81.74 81.71 81.71 81.73 81.72 81.73 81.74 81.75 81.76 81.77 81.78 81.80 81.81 81.82 81.83 81.83 81.84 81.84 81.86 81.87 81.89 81.90 81.93 81.97 82.02 82.02 82.05 82.09 82.04 82.05 82.14 81.90 81.91 81.82 81.94 81.67 81.73 81.83 81.88 82.08 82.09 82.10 82.14 82.18 82.16 82.07 82.05 81.81 81.80 81.72 81.81 82.05 81.89 81.89 81.88 81.86 81.90 82.18 82.09 82.12 82.12 82.16 82.19 82.24 82.06 81.99 81.85 81.86 81.87 81.65 81.76 81.68 81.56 81.49 81.55 81.48 81.41 81.40 81.32 81.33 81.29 81.29 81.31 81.24 81.23 81.24 81.21 81.23 81.27 81.18 81.18 81.27 81.21 81.21 81.16 81.16 81.17 81.27 81.30 81.30 81.29 81.30 81.33 81.23 81.51 81.51 81.75 81.72 81.49 81.56 81.82 81.67 81.71 81.61 81.65 81.76 81.53 81.55 81.51 81.54 81.55 81.65 81.79 81.58 81.61 81.62 81.61 81.63 81.62 81.62 81.63 81.64 81.65 81.69 81.74 81.78 81.78 81.78 81.78 81.78 81.77 81.78 81.76 81.77 81.78 81.79 81.82 81.82 81.83 81.84 81.85 81.85 81.84 81.84 81.86 81.87 81.85 81.86 81.87 81.88 81.89 81.89 81.89 81.87 81.86 81.85 81.82 81.78 81.79 81.78 81.77 81.77 81.75 81.72 81.70 81.70 81.69
83°N ||     81.55 81.55 81.55 81.55 81.55 81.55 81.55 81.56 81.56 81.57 81.58 81.60 81.60 81.61 81.62 81.64 81.66 81.66 81.70 81.70 81.71 81.72 81.72 81.72 81.71 81.68 81.75 81.73 81.73 81.49 81.46 81.40 81.47 81.51 81.40 81.47 81.38 81.39 81.40 81.37 81.33 81.37 81.31 81.27 81.27 81.32 81.32 81.30 81.33 81.35 81.40 81.44 81.52 81.55 81.42 81.45 81.39 81.35 81.35 81.39 81.36 81.59 81.56 81.89 81.98 82.06 82.14 82.19 82.18 82.01 81.88 81.72 81.60 81.52 81.49 81.43 81.40 81.36 81.34 81.32 81.31 81.29 81.28 81.26 81.24 81.23 81.22 81.20 81.19 81.19 81.19 81.19 81.19 81.18 81.17 81.16 81.15 81.14 81.14 81.13 81.13 81.12 81.11 81.10 81.10 81.09 81.09 81.08 81.08 81.12 81.17 81.22 81.21 81.23 81.18 81.22 81.28 81.30 81.26 81.23 81.21 81.22 81.30 81.24 81.26 81.23 81.26 81.27 81.24 81.26 81.21 81.22 81.26 81.31 81.29 81.28 81.30 81.25 81.28 81.29 81.33 81.43 81.45 81.49 81.63 81.61 81.74 81.82 81.84 81.82 81.81 81.80 81.80 81.81 81.83 81.84 81.83 81.83 81.79 81.78 81.77 81.76 81.75 81.74 81.72 81.71 81.69 81.68 81.67 81.66 81.64 81.64 81.62 81.61 81.60 81.59 81.57 81.56 81.55 81.55
85°N ||     81.65 81.59 81.64 81.71 81.74 81.85 81.40 81.35 81.45 81.52 81.31 81.41 81.35 81.32 81.37 81.43 81.23 81.17 81.16 81.16 81.16 81.23 81.37 81.29 81.29 81.33 81.43 81.35 81.34 81.41 81.40 81.12 81.14 81.23 81.15 81.12 81.11 81.11 81.12 81.13 81.12 81.16 81.14 81.12 81.13 81.11 81.09 81.09 81.09 81.13 81.14 81.13 81.15 81.21 81.20 81.17 81.17 81.18 81.20 81.22 81.23 81.21 81.25 81.22 81.21 81.21 81.29 81.29 81.41 81.49 81.55 81.64 81.54 81.53 81.53 81.60 81.67 81.76 81.80 81.80 81.82 81.78 81.61 81.49 81.37 81.35 81.37 81.39 81.44 81.54 81.76 81.78 81.26 81.20 81.19 81.22 81.20 81.18 81.15 81.13 81.12 81.15 81.12 81.10 81.10 81.09 81.08 81.07 81.07 81.06 81.05 81.05 81.06 81.06 81.06 81.07 81.07 81.08 81.08 81.07 81.08 81.09 81.09 81.08 81.08 81.08 81.08 81.08 81.08 81.08 81.08 81.08 81.07 81.08 81.09 81.09 81.11 81.11 81.10 81.16 81.10 81.10 81.10 81.20 81.21 81.22 81.25 81.34 81.25 81.20 81.24 81.20 81.29 81.31 81.38 81.44 81.31 81.37 81.42 81.44 81.43 81.36 81.40 81.53 81.48 81.51 81.58 81.73 81.62 81.76 81.64 81.55 81.51 81.47 81.52 81.58 81.64 81.53 81.54 81.57
87°N ||     81.01 81.04 81.02 81.03 81.05 81.03 81.04 81.03 80.99 80.98 80.98 80.98 81.00 81.01 80.99 80.97 80.97 80.97 80.97 80.97 80.97 81.00 80.99 80.94 80.94 80.94 80.95 80.96 80.97 80.97 80.98 80.95 80.93 80.95 80.93 80.91 80.89 80.89 80.89 80.89 80.91 80.90 80.93 80.92 80.91 80.88 80.87 80.87 80.88 80.89 80.89 80.89 80.90 80.90 80.93 80.96 80.96 80.97 80.98 80.98 80.97 80.96 80.95 80.95 80.95 80.94 80.94 80.94 80.95 80.96 81.02 81.09 81.11 81.08 81.08 81.06 81.09 81.06 81.06 81.08 81.05 81.03 81.03 81.03 81.04 81.02 81.04 81.07 81.04 81.06 81.02 81.00 81.02 81.00 80.98 80.97 80.98 80.98 80.99 80.99 80.97 80.95 80.95 80.97 80.97 80.94 80.94 80.93 80.92 80.91 80.91 80.92 80.91 80.91 80.92 80.92 80.93 80.94 80.93 80.97 80.91 80.92 80.93 80.94 80.97 80.99 80.95 80.94 80.96 80.96 80.98 80.95 80.92 80.92 80.92 80.91 80.91 80.93 80.95 80.96 80.96 80.96 80.97 80.96 80.98 80.98 80.98 80.97 80.95 80.93 80.95 80.93 80.96 80.95 80.92 80.92 80.93 81.00 80.97 81.00 80.97 81.02 81.02 81.05 81.05 81.05 81.03 81.02 81.03 81.03 81.02 81.04 81.06 81.06 81.06 81.06 81.04 81.05 81.07 81.04
89°N ||     80.82 80.81 80.82 80.83 80.83 80.80 80.79 80.78 80.78 80.78 80.78 80.78 80.78 80.78 80.78 80.77 80.77 80.77 80.77 80.77 80.77 80.77 80.78 80.77 80.77 80.77 80.77 80.76 80.75 80.74 80.74 80.74 80.73 80.73 80.73 80.72 80.72 80.72 80.72 80.72 80.72 80.72 80.71 80.71 80.71 80.71 80.71 80.71 80.71 80.71 80.72 80.72 80.73 80.73 80.74 80.75 80.75 80.76 80.76 80.76 80.76 80.77 80.77 80.77 80.77 80.78 80.78 80.78 80.78 80.79 80.79 80.79 80.79 80.80 80.80 80.81 80.81 80.81 80.82 80.82 80.82 80.82 80.82 80.82 80.82 80.83 80.83 80.82 80.82 80.82 80.82 80.83 80.84 80.84 80.83 80.82 80.81 80.82 80.84 80.85 80.84 80.82 80.82 80.81 80.81 80.81 80.80 80.80 80.79 80.79 80.79 80.79 80.78 80.78 80.78 80.77 80.77 80.77 80.77 80.77 80.77 80.77 80.77 80.77 80.77 80.77 80.77 80.77 80.76 80.76 80.76 80.76 80.76 80.75 80.75 80.74 80.74 80.73 80.73 80.73 80.73 80.72 80.72 80.73 80.73 80.72 80.73 80.73 80.73 80.73 80.74 80.74 80.74 80.75 80.76 80.76 80.77 80.77 80.77 80.76 80.76 80.76 80.77 80.77 80.76 80.77 80.77 80.77 80.77 80.77 80.78 80.78 80.79 80.79 80.79 80.80 80.80 80.81 80.81 80.81
