Mars Surface Radiation Result (absorbed dose in thin silicon slab) (1E-6 Gy/day).

The first row gives the longitude
The first column for each row (starting from the 2nd row) gives the latitude
The rest values of each row gives the dose rate at different longitudes (given in the first row)

179°W  177°W  175°W  173°W  171°W  169°W  167°W  165°W  163°W  161°W  159°W  157°W  155°W  153°W  151°W  149°W  147°W  145°W  143°W  141°W  139°W  137°W  135°W  133°W  131°W  129°W  127°W  125°W  123°W  121°W  119°W  117°W  115°W  113°W  111°W  109°W  107°W  105°W  103°W  101°W  99°W  97°W  95°W  93°W  91°W  89°W  87°W  85°W  83°W  81°W  79°W  77°W  75°W  73°W  71°W  69°W  67°W  65°W  63°W  61°W  59°W  57°W  55°W  53°W  51°W  49°W  47°W  45°W  43°W  41°W  39°W  37°W  35°W  33°W  31°W  29°W  27°W  25°W  23°W  21°W  19°W  17°W  15°W  13°W  11°W  9°W  7°W  5°W  3°W  1°W  1°E  3°E  5°E  7°E  9°E  11°E  13°E  15°E  17°E  19°E  21°E  23°E  25°E  27°E  29°E  31°E  33°E  35°E  37°E  39°E  41°E  43°E  45°E  47°E  49°E  51°E  53°E  55°E  57°E  59°E  61°E  63°E  65°E  67°E  69°E  71°E  73°E  75°E  77°E  79°E  81°E  83°E  85°E  87°E  89°E  91°E  93°E  95°E  97°E  99°E  101°E  103°E  105°E  107°E  109°E  111°E  113°E  115°E  117°E  119°E  121°E  123°E  125°E  127°E  129°E  131°E  133°E  135°E  137°E  139°E  141°E  143°E  145°E  147°E  149°E  151°E  153°E  155°E  157°E  159°E  161°E  163°E  165°E  167°E  169°E  171°E  173°E  175°E  177°E  179°E  
--------------------------------------------------------------------------------------------------------------
89°S ||     70.79 70.84 70.89 70.90 70.90 70.89 70.88 70.90 70.93 70.97 71.11 71.16 71.13 71.19 71.38 71.48 71.52 71.59 71.61 71.50 71.44 71.58 71.59 71.55 71.49 71.47 71.41 71.42 71.50 71.47 71.56 71.66 71.61 71.54 71.64 71.57 71.49 71.43 71.35 71.29 71.24 71.17 71.11 71.09 71.07 71.07 71.07 71.08 71.07 71.06 71.04 71.04 71.01 71.00 71.00 71.00 70.93 70.91 70.89 70.89 70.88 70.87 70.87 70.84 70.86 70.89 70.90 70.78 70.73 70.74 70.69 70.69 70.68 70.69 70.65 70.62 70.61 70.60 70.59 70.60 70.59 70.61 70.61 70.60 70.61 70.62 70.62 70.61 70.61 70.61 70.62 70.65 70.66 70.66 70.66 70.67 70.66 70.67 70.67 70.66 70.64 70.64 70.63 70.62 70.64 70.64 70.64 70.65 70.66 70.66 70.67 70.65 70.62 70.64 70.69 70.72 70.70 70.70 70.71 70.73 70.74 70.75 70.76 70.78 70.81 70.84 70.84 70.86 70.89 70.90 70.91 70.92 70.93 70.94 70.95 70.97 70.97 70.97 70.97 70.98 70.93 70.94 70.92 70.89 70.91 70.91 70.90 70.87 70.84 70.81 70.81 70.80 70.79 70.75 70.73 70.72 70.70 70.68 70.68 70.68 70.68 70.67 70.66 70.64 70.63 70.63 70.64 70.65 70.67 70.68 70.70 70.72 70.73 70.74 70.75 70.76 70.77 70.77 70.77 70.79
87°S ||     72.59 72.68 72.72 72.85 72.82 72.88 72.78 72.76 72.73 72.64 72.63 72.62 72.52 72.40 72.35 72.34 72.36 72.37 72.36 72.31 72.30 72.35 72.47 72.50 72.47 72.42 72.41 72.31 72.38 72.22 72.46 72.48 72.32 72.31 72.30 72.31 72.29 72.26 72.28 72.25 72.20 72.25 72.21 72.19 72.16 72.15 72.15 72.09 72.05 72.00 71.87 72.02 71.84 71.59 71.62 71.57 71.46 71.34 71.29 71.27 71.43 70.97 71.05 70.82 70.76 70.75 70.69 70.66 70.64 70.62 70.57 70.54 70.60 70.59 70.34 70.29 70.22 70.14 70.11 70.27 70.00 69.83 69.82 69.74 69.72 69.73 69.75 69.78 69.81 69.83 69.86 69.86 69.86 69.85 69.85 70.24 70.15 70.31 70.17 70.35 70.34 70.35 70.43 70.44 70.48 70.56 70.62 70.77 70.85 70.90 70.75 70.74 70.78 70.80 70.82 70.81 70.86 70.90 70.97 70.97 71.03 71.09 71.09 71.14 71.21 71.19 71.20 71.27 71.34 71.31 71.38 71.39 71.40 71.46 71.58 71.71 71.79 71.93 71.86 71.68 71.55 71.51 71.49 71.47 71.43 71.44 71.39 71.14 71.10 71.09 71.09 71.10 71.14 71.14 71.12 71.13 71.18 71.29 71.37 71.36 71.43 71.49 71.57 71.60 71.71 71.80 71.91 71.97 72.13 72.18 72.37 72.38 72.41 72.39 72.47 72.34 72.06 72.19 72.57 72.78
85°S ||     72.00 72.02 72.05 72.06 72.07 72.06 72.07 72.11 72.11 72.09 72.09 72.09 72.11 72.18 72.12 72.05 72.06 72.17 72.16 72.15 72.15 72.16 72.18 72.19 72.17 72.17 72.20 72.30 72.36 72.50 72.84 72.86 72.84 72.84 72.88 72.73 72.95 72.85 72.78 72.71 72.93 73.22 73.17 73.19 72.98 72.95 72.84 72.74 72.65 72.56 72.59 72.48 72.47 72.44 72.69 72.78 72.50 72.33 72.37 72.73 72.57 71.69 71.57 71.62 71.73 71.81 71.65 71.74 71.72 71.35 71.49 71.40 71.13 71.06 71.11 70.87 71.17 71.42 71.70 71.37 71.22 71.15 71.22 71.23 71.32 71.19 71.12 71.00 70.99 71.11 70.99 71.01 71.11 71.08 71.08 71.09 71.12 71.16 71.18 71.26 71.23 71.35 71.64 71.93 71.85 71.80 71.77 71.78 71.74 71.80 71.89 71.94 71.99 72.05 71.83 71.88 72.00 72.02 71.95 71.87 71.86 71.89 71.93 72.02 72.13 72.21 72.21 72.14 72.14 72.08 72.03 71.99 71.95 71.95 71.98 72.07 72.62 73.75 74.16 73.89 73.26 72.97 72.86 72.91 72.46 72.24 72.13 72.02 72.07 72.14 72.02 72.05 72.11 72.25 72.41 72.47 72.49 72.50 72.46 72.46 72.44 72.28 72.13 72.06 72.02 72.12 72.20 72.28 72.43 72.61 72.36 72.42 72.40 72.36 72.28 72.23 72.17 72.15 72.04 72.00
83°S ||     72.13 72.15 72.17 72.18 72.18 72.19 72.20 72.21 72.22 72.24 72.26 72.28 72.30 72.32 72.31 72.31 72.33 72.36 72.39 72.41 72.44 72.47 72.50 72.53 72.57 72.63 72.67 72.73 72.84 72.97 72.88 72.72 72.68 72.62 72.72 72.85 72.84 72.80 72.86 72.92 72.66 72.67 72.70 72.72 72.75 72.78 72.75 73.27 73.38 73.45 73.36 73.37 73.30 73.30 73.33 73.29 73.23 73.53 73.61 73.59 73.11 73.46 73.37 73.24 73.58 73.26 73.28 73.25 73.67 73.32 73.64 73.91 74.11 74.14 73.97 73.80 73.83 73.81 73.81 73.93 73.90 73.86 73.69 73.73 73.75 73.66 73.59 73.57 73.64 73.63 73.35 73.34 73.45 73.84 73.38 73.30 73.20 73.15 73.17 73.02 73.24 72.70 72.86 72.59 73.00 73.25 73.30 73.05 72.93 72.96 73.02 73.16 73.41 73.49 73.57 73.54 73.11 73.13 73.07 73.06 72.99 72.98 72.65 72.57 72.63 72.70 72.69 72.55 72.54 72.68 72.61 72.61 72.78 72.79 72.98 73.57 74.39 74.30 74.33 74.30 74.33 73.12 73.02 73.08 73.05 73.19 73.16 73.08 73.05 73.05 72.99 72.87 72.76 72.71 72.66 72.50 72.43 72.47 72.77 73.13 73.64 73.96 73.52 72.96 72.21 72.21 71.91 71.84 71.82 71.78 71.87 72.08 72.63 72.65 72.38 72.17 72.08 72.05 72.07 72.10
81°S ||     72.45 72.52 72.51 72.66 72.39 72.46 72.51 72.55 72.60 72.66 72.71 72.78 72.95 72.98 72.76 72.73 72.75 72.79 72.86 72.92 72.97 73.01 73.02 73.06 73.09 73.14 73.21 73.23 73.25 73.29 73.33 73.49 73.45 73.47 73.58 73.53 73.31 73.35 73.32 73.35 73.54 73.39 73.06 73.13 72.96 72.82 72.89 73.07 73.12 73.01 73.17 73.06 73.30 74.20 73.85 74.08 74.39 73.88 74.35 74.23 73.87 74.01 74.10 74.06 74.05 73.99 74.04 74.06 73.97 73.88 74.00 73.83 73.64 73.67 73.70 73.72 73.65 73.65 73.63 73.68 74.14 73.59 73.41 73.36 73.34 73.37 73.36 73.37 73.35 73.34 73.33 73.36 73.25 73.08 72.88 72.58 71.94 71.25 72.07 72.19 72.67 73.01 72.95 73.07 73.38 73.59 73.74 73.99 73.96 73.83 73.60 73.92 74.04 74.17 74.15 74.24 74.27 74.36 74.34 74.33 74.31 74.35 74.28 74.20 74.18 74.23 73.79 73.83 73.91 73.99 74.05 74.29 74.35 74.45 74.49 74.45 74.41 73.71 72.82 72.61 72.57 72.54 72.54 72.73 72.83 72.87 72.81 72.97 73.08 73.17 73.31 73.41 73.53 73.29 73.41 73.65 73.80 73.45 73.30 73.34 73.86 73.66 73.37 73.37 73.52 73.46 73.93 73.25 72.47 72.11 72.10 72.26 72.45 72.73 73.07 72.37 72.50 72.50 72.30 72.36
79°S ||     72.78 72.83 72.83 72.95 72.92 72.88 72.88 72.92 72.93 73.13 72.99 73.07 73.13 73.15 73.23 73.33 73.19 73.38 73.10 73.39 73.28 73.32 73.28 73.77 74.22 73.13 73.59 74.10 73.87 73.97 73.90 73.90 73.87 73.89 73.94 73.96 73.96 73.94 73.84 73.79 73.80 73.56 74.21 74.34 73.32 73.53 73.52 73.38 73.33 73.63 73.88 73.56 74.31 74.09 74.14 74.39 74.68 73.36 74.04 73.48 74.28 74.03 73.37 73.85 73.85 74.18 74.21 74.14 74.11 74.07 74.03 74.06 74.04 74.05 74.02 73.99 74.02 74.06 74.03 73.81 73.92 74.09 73.80 73.76 73.79 74.02 73.66 73.86 73.68 73.72 73.79 73.67 73.63 73.34 72.52 72.53 72.12 72.60 73.15 73.44 73.35 73.63 73.68 73.75 73.82 74.05 73.86 74.00 73.73 74.02 73.56 73.87 73.70 73.70 73.32 73.21 73.98 74.16 74.44 74.49 74.54 74.52 74.55 74.52 74.57 74.53 74.49 74.54 74.52 74.56 74.49 74.46 74.55 74.52 74.52 74.52 74.59 74.61 74.53 74.53 74.53 74.59 74.24 73.82 74.06 73.47 72.96 72.98 73.00 72.89 72.95 73.07 73.50 74.72 74.55 73.58 73.36 73.96 72.74 72.79 73.45 72.87 72.56 72.41 72.34 72.46 72.33 72.78 72.55 72.51 72.52 72.59 72.73 72.43 72.35 72.48 72.59 72.69 72.70 72.71
77°S ||     73.59 73.29 73.21 73.18 73.09 73.37 73.32 73.69 73.63 73.66 73.61 73.62 73.98 73.78 73.73 73.77 73.84 73.82 73.97 73.84 73.78 73.82 73.76 73.86 73.79 73.92 74.12 74.19 74.02 74.13 74.09 74.12 74.13 74.12 74.12 74.13 74.09 74.11 74.09 74.09 74.07 74.10 74.02 73.87 73.81 73.58 73.05 73.77 72.95 73.23 74.06 73.86 73.66 73.09 73.23 73.47 73.67 73.64 73.78 73.72 74.03 74.24 74.06 74.13 74.32 74.34 74.31 74.35 74.35 74.31 74.28 74.27 74.22 74.24 74.21 74.20 74.16 74.06 73.84 73.88 73.81 73.66 73.60 73.44 73.70 73.90 73.76 73.79 73.59 73.72 73.75 73.70 73.35 73.20 73.08 72.90 72.40 72.00 73.16 74.33 74.72 74.89 74.89 73.65 73.92 73.77 73.81 74.01 73.73 74.08 73.80 73.76 73.71 74.18 74.56 74.36 73.77 73.61 73.16 72.91 72.79 72.38 72.22 72.81 73.48 74.00 74.31 74.27 74.15 73.93 73.31 73.98 74.16 73.42 74.03 74.25 74.58 74.48 74.23 74.12 73.77 73.76 73.49 74.00 74.67 74.63 74.47 74.35 73.63 73.67 73.74 72.91 73.64 73.97 73.98 73.13 72.78 72.89 72.67 72.73 72.83 72.66 72.65 72.91 72.78 72.73 72.88 73.00 73.06 73.03 72.92 73.02 73.25 72.90 72.93 73.00 73.21 73.38 73.48 73.29
75°S ||     73.79 73.89 73.64 73.79 73.60 73.60 73.72 74.42 73.94 73.83 74.77 75.05 73.98 74.16 74.18 74.30 74.07 74.19 74.19 74.00 74.00 74.23 74.22 74.37 74.21 74.28 74.33 74.35 74.31 74.28 74.28 74.26 74.30 74.27 73.83 74.19 74.19 74.17 74.13 74.13 74.07 74.01 74.02 74.03 74.07 74.13 74.04 73.96 73.77 73.66 73.78 73.26 73.09 73.44 73.98 74.06 73.98 74.32 74.47 74.50 74.53 74.51 74.46 74.41 74.38 74.37 74.33 74.11 74.30 74.19 74.07 73.93 73.91 73.75 73.70 73.77 73.67 73.84 73.67 73.71 73.79 73.84 73.94 73.75 74.10 73.86 73.86 74.02 73.84 73.85 73.77 73.48 73.35 73.67 73.82 73.83 73.83 73.83 73.91 73.77 73.61 73.73 73.74 73.67 73.96 74.01 74.02 73.86 73.84 73.74 73.66 73.51 73.07 73.32 73.48 72.91 73.30 73.14 72.90 73.06 72.78 72.69 73.42 73.80 73.67 73.64 74.75 73.20 73.36 73.35 73.47 73.97 73.84 73.69 73.62 73.44 73.79 72.80 72.46 72.07 71.98 72.54 74.79 74.64 74.78 73.53 74.23 73.60 74.40 74.73 74.57 74.49 74.41 74.43 74.57 73.48 72.46 72.44 72.43 72.44 72.42 72.59 73.27 73.15 73.34 72.71 72.78 72.97 73.04 73.02 73.08 73.07 73.10 73.34 73.35 73.44 73.59 73.54 73.60 73.66
73°S ||     74.90 73.74 74.40 74.38 74.27 73.95 74.70 74.39 74.41 74.39 73.93 73.57 74.58 73.93 74.26 74.44 74.38 74.36 74.28 74.13 73.96 73.60 74.65 73.39 73.63 74.50 74.23 74.20 74.23 74.28 74.31 74.31 74.40 74.03 73.96 73.62 73.84 74.22 74.09 74.15 74.15 74.18 74.07 74.12 74.16 74.15 74.17 73.91 74.51 75.42 75.41 75.56 75.51 73.91 74.44 74.44 74.61 74.65 74.67 74.69 74.70 74.67 74.61 74.51 74.55 74.13 74.28 74.48 74.50 74.51 74.46 74.19 73.98 74.12 73.99 73.87 73.79 73.92 74.15 73.78 73.79 73.79 73.83 74.16 73.99 74.25 74.39 74.34 74.22 74.28 73.93 73.90 73.53 73.93 73.91 74.02 74.20 74.22 74.21 74.18 74.22 74.24 74.34 74.27 74.17 74.09 74.26 73.79 73.74 73.58 73.11 72.74 73.03 73.51 73.96 73.65 73.84 73.71 73.81 73.42 73.56 73.13 72.90 72.84 73.22 73.20 73.52 73.50 73.75 73.72 73.69 73.82 73.89 74.01 74.13 74.17 74.16 74.31 73.97 73.60 74.02 72.52 72.64 73.30 73.42 73.49 73.59 73.87 74.59 74.27 74.03 73.14 73.96 74.43 74.76 74.94 74.35 73.31 72.40 72.85 72.60 72.92 73.46 73.54 72.81 73.11 73.58 73.73 73.57 73.95 74.77 74.50 74.09 73.94 73.96 73.91 74.09 73.90 73.96 74.80
71°S ||     74.71 74.74 74.83 74.89 74.95 75.12 75.26 75.18 75.20 75.23 75.24 74.56 73.92 73.64 73.01 73.01 73.69 73.83 74.90 74.02 74.08 73.91 73.71 73.79 75.61 74.38 74.36 74.38 74.25 74.03 74.12 74.02 74.00 74.20 74.10 74.05 73.97 74.29 74.12 74.14 74.27 74.09 74.23 74.13 74.18 74.22 73.92 73.73 73.80 74.73 75.41 75.25 75.60 73.65 74.56 74.70 74.75 74.80 74.72 74.74 74.82 74.48 74.36 74.48 74.59 74.66 74.72 74.50 74.52 73.58 73.90 74.13 73.97 74.16 73.85 74.08 73.93 73.46 73.27 73.14 73.03 74.03 73.97 73.94 74.13 74.15 74.30 74.08 74.36 74.19 74.73 74.62 74.18 74.29 74.28 74.12 74.06 73.41 74.02 74.31 74.46 74.17 74.23 74.24 74.20 74.25 73.92 73.05 73.39 73.71 73.72 73.82 73.83 74.01 74.03 73.92 74.19 73.98 74.11 74.19 74.09 74.31 74.33 74.12 74.30 73.92 73.22 73.41 74.69 74.72 73.68 73.93 73.77 72.64 73.53 73.75 73.86 73.39 73.05 73.40 73.80 73.16 74.04 74.18 74.46 74.48 74.45 74.13 74.15 74.35 74.65 74.54 74.79 74.57 75.38 75.58 75.51 75.15 74.76 74.50 74.78 74.60 74.37 74.74 74.93 74.85 74.85 74.68 74.53 75.03 74.57 74.90 74.79 74.83 74.28 74.28 74.34 74.45 74.08 74.65
69°S ||     74.07 74.16 74.54 74.79 74.31 75.75 75.57 75.20 75.36 75.33 75.28 75.07 74.46 74.60 74.19 74.39 73.21 73.42 73.83 74.30 74.68 74.43 74.15 74.02 73.87 74.54 74.28 74.45 74.06 74.68 73.72 73.81 73.69 73.96 73.98 74.05 74.31 74.31 74.42 74.43 74.50 74.42 74.38 74.44 74.44 75.06 74.23 74.54 74.55 74.52 74.55 74.67 74.68 74.79 74.81 74.73 74.76 74.77 74.55 74.55 74.34 74.75 74.70 74.86 74.71 74.48 73.82 73.82 73.84 73.84 73.82 74.01 73.97 74.18 74.29 74.55 74.40 73.81 73.26 73.55 73.70 74.20 74.21 73.76 73.72 73.47 73.54 73.49 73.77 74.07 74.09 74.23 73.30 74.29 74.38 74.31 74.47 74.48 74.45 74.50 74.46 74.43 74.52 74.43 74.18 73.85 73.09 74.26 74.46 74.34 74.15 73.96 74.08 73.96 74.11 73.57 73.50 74.08 74.48 74.69 74.88 74.72 74.75 74.84 74.81 74.71 74.26 73.76 73.43 73.54 74.16 74.08 74.08 74.11 75.08 73.90 72.58 72.99 73.14 73.29 73.49 73.43 72.99 73.11 73.66 74.15 74.28 74.00 74.52 74.61 74.61 74.70 74.16 72.36 74.57 75.40 75.23 73.00 75.41 75.31 75.23 75.01 74.95 74.85 74.57 74.26 74.01 74.11 73.33 73.05 74.08 74.75 74.69 74.50 74.33 74.11 73.96 73.86 74.15 74.20
67°S ||     75.57 74.04 73.81 74.58 74.57 74.64 74.64 75.26 75.24 75.36 75.40 75.39 75.24 75.11 74.75 74.46 74.17 73.72 73.66 73.40 73.39 73.09 73.43 73.44 73.80 73.73 73.60 73.54 74.11 73.34 73.36 73.42 73.97 75.48 73.80 74.00 73.98 74.75 74.36 74.40 74.51 74.50 74.45 74.46 74.47 74.52 74.47 74.58 74.58 74.51 74.55 74.64 74.68 74.67 74.58 74.74 74.90 74.75 74.83 74.73 74.14 74.54 74.77 74.77 74.51 74.31 76.12 76.07 75.54 73.79 74.02 74.13 74.17 74.37 74.53 74.14 73.81 73.27 73.33 72.98 73.32 73.39 73.85 73.77 74.10 73.96 74.08 74.10 74.08 74.08 74.13 74.31 74.22 74.38 74.33 74.47 74.35 74.31 74.35 74.16 74.21 73.48 73.29 73.33 72.96 73.52 74.84 75.33 75.22 74.77 74.69 74.25 74.31 73.96 74.12 73.99 74.37 74.51 74.79 74.81 74.77 74.74 74.81 74.78 74.68 74.93 74.89 75.03 75.04 74.60 73.93 73.32 73.97 74.19 73.39 73.21 73.09 72.69 73.30 72.53 72.79 73.16 73.14 74.13 73.80 73.73 73.21 73.57 74.05 74.40 74.72 74.85 74.54 74.74 74.88 74.94 74.99 74.95 74.61 74.78 74.73 74.83 74.65 74.40 74.67 74.60 74.61 74.59 74.51 74.07 74.78 74.54 74.49 74.28 73.75 74.30 73.47 73.44 73.61 74.23
65°S ||     74.17 73.77 73.44 73.91 73.92 74.82 74.90 75.32 75.21 75.27 75.25 75.37 75.38 75.39 75.29 75.11 74.98 74.92 74.85 74.54 74.02 73.88 73.96 73.72 74.08 73.98 73.63 74.45 74.31 73.73 73.51 73.84 73.58 73.82 74.00 74.12 74.13 74.19 74.21 74.44 74.46 74.56 74.59 74.59 74.68 74.72 74.67 74.65 74.67 74.65 74.54 74.44 74.30 74.38 74.50 74.66 74.67 74.69 74.56 73.62 74.77 74.87 75.04 75.24 74.50 74.85 74.84 74.84 74.17 74.09 74.36 74.24 74.32 74.47 74.70 74.55 74.00 73.79 73.39 73.05 73.09 73.45 74.43 73.85 74.04 74.08 74.07 73.98 73.70 74.12 74.11 74.16 74.11 74.31 74.10 74.34 74.62 74.43 74.15 74.25 74.00 74.05 73.93 73.83 73.44 73.80 73.60 73.85 73.93 73.82 73.80 73.65 73.74 74.34 74.64 75.17 75.11 74.89 74.70 74.58 74.59 74.79 74.98 74.91 75.05 74.96 74.90 74.96 74.94 75.15 74.11 74.09 74.04 73.92 75.55 73.44 73.42 73.56 74.06 72.81 72.78 72.82 73.37 73.41 73.46 73.00 72.88 74.21 73.93 73.50 74.35 74.17 74.11 74.71 74.70 73.09 73.74 73.95 74.61 74.26 73.60 73.79 74.65 74.27 74.57 74.90 74.71 74.77 74.69 74.63 74.24 74.13 73.94 73.29 74.33 74.56 74.06 73.89 73.55 73.50
63°S ||     74.17 74.14 74.54 73.83 73.51 73.98 74.56 74.65 74.92 74.84 75.14 74.97 75.35 75.19 75.21 75.05 75.13 75.16 75.12 74.63 74.06 74.04 73.76 73.88 73.77 73.93 73.95 73.76 73.71 73.81 73.73 73.89 74.14 74.14 74.08 73.83 73.64 74.02 74.44 74.12 74.60 74.23 74.00 74.44 74.50 74.46 74.23 74.57 74.47 74.44 74.21 74.30 74.54 74.92 74.50 73.72 74.26 74.96 74.79 74.85 74.76 74.73 74.87 75.10 75.50 75.19 74.36 75.27 74.23 74.85 74.55 74.29 74.35 74.22 74.34 74.88 75.02 74.85 74.79 74.37 74.17 73.73 73.86 73.85 73.88 73.95 74.11 74.10 74.11 74.05 74.02 74.04 74.19 74.12 74.18 73.94 74.08 74.16 73.99 74.30 74.35 74.03 74.13 74.39 74.27 74.02 73.81 73.56 73.60 73.34 73.87 73.97 74.30 74.90 75.35 75.41 75.42 75.15 74.94 74.86 74.82 74.77 74.83 74.86 75.10 75.17 75.02 74.96 75.00 75.09 74.90 74.23 74.10 74.41 73.97 73.52 73.29 73.49 73.26 72.36 74.34 73.09 73.83 73.71 73.67 73.33 73.22 73.08 72.86 73.14 73.40 73.85 73.69 73.87 74.29 74.66 74.94 74.96 74.65 74.52 73.96 74.06 74.28 74.34 74.29 73.39 73.28 73.62 74.11 74.41 74.52 74.58 74.37 74.68 74.65 73.66 74.20 74.35 74.32 74.62
61°S ||     74.86 73.88 73.47 74.07 74.39 74.59 74.55 73.86 73.97 74.19 73.73 73.98 74.57 73.99 75.77 74.07 74.48 74.41 75.03 74.70 74.62 74.57 74.60 73.92 73.73 73.52 74.66 74.30 73.74 73.84 74.33 74.67 74.69 74.55 74.53 74.20 73.79 74.00 73.92 73.90 74.36 73.59 74.04 74.40 74.07 73.03 74.63 74.82 74.87 74.80 74.77 74.93 74.88 74.46 73.96 75.07 75.08 74.83 75.09 75.06 74.96 74.74 74.86 74.92 75.19 75.56 75.22 74.49 75.36 75.40 75.18 74.84 73.82 74.72 74.97 74.38 74.26 74.36 74.24 73.97 73.05 73.07 73.81 74.12 73.85 73.78 73.64 73.96 74.09 74.05 74.13 74.05 74.08 74.29 74.17 74.23 74.17 73.97 74.13 74.27 74.37 74.22 74.15 74.15 73.56 74.21 74.11 74.15 74.18 74.30 74.42 74.48 74.57 74.77 75.06 75.11 74.54 74.49 74.57 74.35 75.76 75.15 74.41 74.66 74.86 74.92 75.14 75.23 74.85 75.17 75.57 75.28 72.89 75.05 74.89 74.68 73.55 73.76 73.72 74.13 73.32 73.28 73.23 73.32 73.38 73.27 73.30 73.10 73.36 73.18 73.34 73.29 73.43 73.60 73.67 74.74 75.37 75.28 75.27 75.12 74.91 74.62 74.39 74.19 74.17 73.84 73.42 73.64 73.71 72.73 73.49 74.24 74.39 74.11 73.10 73.49 73.70 74.64 74.70 74.68
59°S ||     74.85 74.34 74.17 74.46 74.47 74.28 73.12 73.76 73.96 73.75 74.23 73.76 74.00 73.26 74.22 74.66 74.33 74.46 74.16 74.47 74.63 74.64 74.33 74.18 73.38 73.80 74.00 74.07 74.49 73.81 74.03 74.70 74.79 74.45 74.74 74.46 73.92 73.41 73.29 73.47 73.76 74.33 74.65 74.61 74.53 74.18 74.73 74.90 75.11 75.10 75.11 75.11 75.17 75.20 74.89 74.68 74.81 74.61 74.94 75.07 74.71 74.35 75.24 75.04 74.26 75.46 74.21 74.86 75.24 73.58 74.01 74.94 75.70 74.60 75.21 74.42 74.48 74.13 73.91 73.97 73.39 73.49 73.79 73.55 73.61 74.06 73.88 73.82 74.22 72.98 73.91 74.17 74.26 74.15 74.66 73.96 73.87 73.90 74.99 73.85 73.78 74.23 74.08 74.10 74.18 74.24 74.22 74.16 74.15 74.49 74.58 74.81 74.89 74.90 74.72 74.31 74.34 74.46 74.13 73.74 73.79 73.80 74.47 74.88 75.29 75.40 75.48 75.38 75.48 75.68 75.38 75.33 75.01 74.81 74.93 74.66 74.22 73.21 72.75 73.02 74.90 74.72 72.78 72.80 74.06 73.06 73.18 72.61 73.15 73.48 73.01 73.09 73.59 74.24 74.54 74.77 74.98 74.91 75.02 75.00 74.97 74.88 74.74 74.58 74.16 73.86 73.55 73.49 73.68 73.51 74.46 72.97 73.67 73.86 73.58 74.20 74.44 74.25 74.53 74.69
57°S ||     74.62 74.66 74.83 75.09 74.65 73.54 73.88 73.73 73.38 73.43 73.52 74.98 73.49 73.63 73.32 73.37 73.95 74.38 73.96 73.83 74.95 73.87 73.91 73.89 73.24 73.82 74.06 74.05 74.02 73.31 72.85 74.64 74.41 74.49 74.45 74.21 74.34 73.77 73.59 73.65 73.47 74.00 74.21 74.35 74.44 74.18 73.77 73.73 74.55 75.04 75.08 75.15 74.98 74.95 74.70 74.09 73.89 73.90 73.67 73.54 74.18 75.62 74.58 73.98 75.38 75.77 75.56 74.63 76.55 72.64 75.97 74.62 74.00 74.65 74.23 75.16 75.43 75.10 74.74 75.53 75.56 74.58 73.86 73.93 74.16 73.90 73.95 73.70 73.64 73.95 74.03 74.13 73.85 73.57 73.58 73.52 73.54 73.63 74.02 73.63 73.39 73.53 73.52 73.60 73.59 74.17 74.22 74.41 74.59 74.74 74.88 75.03 75.18 75.27 75.14 74.86 74.99 75.00 75.16 74.90 74.81 75.01 75.43 75.75 75.97 75.94 75.97 75.95 75.96 76.14 75.66 75.52 75.29 75.49 75.38 75.29 75.21 74.73 73.14 74.05 74.89 75.22 73.29 73.44 73.89 73.72 73.40 73.21 73.18 73.50 73.91 74.07 74.20 73.98 74.43 74.20 74.68 74.17 73.45 73.67 74.75 74.85 74.76 74.47 74.07 73.80 73.58 73.58 73.67 73.59 73.32 73.21 73.63 73.70 74.56 73.68 73.70 73.82 74.09 74.56
55°S ||     74.66 74.68 74.79 74.86 74.30 74.24 74.16 73.80 73.65 74.07 74.02 73.92 73.79 73.91 73.63 73.82 74.29 74.19 74.17 74.10 73.63 73.06 73.06 74.78 73.04 73.78 74.07 74.09 74.09 73.85 73.65 74.43 74.40 74.28 74.45 74.09 73.85 73.62 73.26 73.15 73.25 73.16 73.12 73.31 73.98 73.72 73.58 73.93 74.46 74.73 74.98 75.01 75.02 74.52 74.20 73.31 73.61 73.22 73.53 75.16 74.07 75.73 75.94 75.40 74.26 76.71 76.67 76.76 76.63 76.63 76.62 76.05 73.96 74.33 75.41 74.73 74.42 75.16 74.97 74.86 74.35 74.05 74.17 74.14 74.05 73.90 73.91 73.67 73.77 73.51 73.74 73.92 74.14 73.84 73.92 74.36 75.05 73.93 73.90 73.99 73.96 73.89 73.37 73.54 73.40 73.64 74.32 74.44 74.68 74.90 75.08 75.22 75.44 75.62 75.62 75.78 75.89 76.00 76.05 76.26 76.45 76.55 76.60 76.65 76.73 76.59 76.46 76.45 76.71 76.23 75.98 75.86 75.70 75.44 75.61 75.52 74.19 74.85 74.70 74.37 74.19 74.01 74.09 74.11 73.17 73.50 73.61 73.62 73.92 74.21 74.54 74.55 75.25 74.84 74.16 74.33 74.53 73.41 73.59 74.81 74.54 74.34 74.16 74.18 73.83 73.69 73.84 74.02 74.25 74.04 74.01 73.48 74.13 73.80 73.61 73.71 73.95 74.33 74.35 74.59
53°S ||     74.71 74.34 74.40 74.99 75.17 73.71 74.39 74.50 74.49 74.30 74.43 73.95 73.78 74.11 74.10 74.10 73.84 74.19 74.08 74.16 74.03 73.43 73.13 74.12 73.72 73.98 74.99 73.96 74.15 73.98 74.30 74.18 74.18 74.46 74.24 74.22 74.18 73.43 73.14 73.10 72.99 73.13 73.56 73.76 73.97 74.11 74.28 74.25 75.08 75.70 73.96 74.03 74.31 74.07 74.19 74.68 74.49 73.80 73.70 74.57 74.13 75.82 75.93 76.07 77.00 76.84 76.69 76.69 76.70 76.71 76.69 76.58 76.25 75.87 74.99 74.80 75.05 75.35 74.58 74.80 74.97 74.79 74.64 74.45 74.22 75.08 74.40 73.97 74.10 74.14 73.85 73.79 73.68 74.11 73.60 73.46 73.75 73.84 73.93 73.81 73.96 74.05 73.64 73.00 74.13 73.94 74.12 74.45 74.60 74.71 75.19 75.39 75.69 75.91 76.02 76.22 76.49 76.61 76.93 77.44 77.92 78.32 78.50 78.57 78.61 78.17 78.02 78.08 78.09 77.97 77.19 76.27 76.28 76.44 75.60 75.78 75.81 75.51 74.46 74.44 74.58 74.12 74.19 73.84 73.99 74.63 73.89 73.88 73.96 73.76 74.01 74.37 74.71 74.89 75.45 74.59 74.47 73.21 74.85 74.51 74.64 74.67 74.66 74.33 74.09 74.03 73.74 74.06 73.53 74.04 74.23 73.64 73.17 73.17 73.68 74.23 74.31 74.42 74.64 74.70
51°S ||     74.61 74.45 74.14 74.21 74.76 74.60 74.51 73.78 74.69 74.21 73.89 74.14 74.00 74.23 74.08 73.98 74.08 73.46 73.93 74.01 73.81 73.48 73.06 72.91 72.64 73.74 73.44 73.81 74.09 74.11 74.00 74.18 73.91 73.84 74.00 73.75 73.76 73.63 73.37 72.68 72.65 72.51 72.84 73.78 73.97 74.16 74.27 73.94 75.16 75.54 73.87 73.84 73.40 73.15 74.12 75.05 75.24 75.21 74.29 73.71 73.73 73.95 75.97 76.59 76.81 76.64 76.78 76.71 76.70 76.69 76.68 76.73 76.27 76.30 76.44 76.67 75.08 75.13 74.75 74.77 74.92 74.81 74.40 74.21 73.99 74.56 73.82 73.91 74.13 74.10 74.06 74.11 74.22 74.30 74.02 73.65 73.76 73.84 73.91 73.55 74.10 73.82 73.54 73.95 73.83 74.00 74.33 74.62 74.87 74.93 75.51 75.69 75.77 76.12 76.34 76.63 76.94 77.50 78.13 78.89 79.16 79.57 79.72 79.94 79.92 79.93 79.73 79.74 79.60 79.39 79.72 79.14 76.99 76.90 76.38 75.98 75.31 74.09 73.41 74.90 74.57 73.97 74.90 73.92 73.39 73.62 73.94 74.47 74.23 74.32 74.67 74.70 74.57 74.46 73.89 74.47 74.52 74.67 74.58 74.60 74.54 74.11 74.23 74.59 74.54 74.33 73.85 74.52 74.14 74.46 74.10 73.74 74.15 73.60 73.71 73.99 74.13 74.36 74.44 74.59
49°S ||     73.78 74.01 73.88 74.25 74.99 75.20 75.33 74.51 74.51 73.60 74.02 73.60 73.58 73.45 73.72 73.55 73.48 73.52 72.88 73.11 73.39 73.64 72.95 72.83 73.40 73.21 73.55 74.07 74.05 74.05 73.87 74.09 73.77 72.68 72.67 72.82 73.09 73.08 73.12 72.66 72.51 72.57 72.72 73.50 73.83 74.02 74.06 74.06 74.00 73.89 73.72 73.41 72.99 72.81 73.05 73.46 74.48 74.55 73.91 73.72 75.47 75.74 75.92 76.16 76.65 76.95 76.75 76.76 76.72 76.82 76.83 76.63 76.43 75.40 75.81 74.88 74.87 75.18 74.72 74.85 74.85 74.76 74.49 74.14 74.18 73.75 73.88 75.24 74.57 74.15 73.96 74.09 74.65 74.67 74.12 73.90 73.31 74.29 73.62 73.62 73.58 73.59 73.85 74.20 74.29 73.95 73.91 74.66 74.87 75.22 74.89 75.51 76.05 76.42 76.92 77.50 78.15 78.58 79.21 79.62 80.26 80.67 80.27 80.23 79.30 79.83 79.93 80.04 79.91 79.86 79.89 79.91 79.66 79.12 77.74 76.86 75.91 75.23 75.55 75.07 75.31 74.65 73.69 74.20 74.35 73.48 74.11 73.89 74.36 74.50 73.87 74.31 74.30 74.26 74.13 74.54 74.33 74.14 73.83 73.86 72.79 73.51 74.20 74.08 73.78 74.30 74.67 74.96 74.35 74.93 74.82 74.53 74.48 74.02 73.63 73.26 73.44 73.65 73.99 74.15
47°S ||     73.59 74.05 73.81 73.77 74.42 74.97 74.31 73.82 74.30 73.90 73.61 73.72 72.82 74.03 72.99 73.20 72.48 72.69 73.37 73.18 73.62 73.06 73.38 73.67 73.63 74.06 73.47 73.80 73.98 73.95 73.96 73.96 74.02 73.26 73.08 73.21 73.47 73.51 73.49 73.22 72.84 72.73 73.05 73.15 73.04 73.62 73.63 73.72 73.53 73.57 73.25 73.10 72.78 72.78 72.72 73.03 73.33 73.31 73.82 74.28 73.37 75.14 74.76 75.86 75.85 76.78 76.94 76.91 76.86 76.92 76.88 76.72 76.56 75.54 75.81 75.75 74.88 74.80 74.58 74.05 74.70 74.45 74.35 74.29 73.96 74.01 73.77 74.01 74.32 74.20 74.30 74.30 74.83 74.25 74.02 73.36 73.65 73.51 73.83 74.36 73.65 73.30 73.52 73.84 74.70 74.73 74.30 74.63 75.08 75.02 74.87 75.25 75.89 76.14 78.10 79.31 79.76 80.52 80.96 80.22 79.77 80.04 80.41 80.30 79.89 79.58 79.36 79.75 79.94 79.83 79.85 79.66 79.68 79.59 79.03 78.01 77.06 76.24 75.78 75.57 75.44 75.30 74.72 74.25 74.82 74.79 74.23 74.59 74.52 74.51 74.52 73.94 73.78 74.14 73.75 74.02 74.08 73.53 73.20 73.84 74.57 74.69 73.79 73.71 74.20 74.73 74.58 74.77 74.96 74.85 74.79 74.72 73.89 73.91 73.63 74.15 73.83 73.69 74.05 73.92
45°S ||     74.08 74.15 74.00 74.05 74.31 74.26 74.38 74.40 74.51 73.71 73.48 73.99 73.50 73.31 73.39 73.40 74.31 73.33 73.69 73.80 73.58 73.86 74.47 73.48 73.83 74.08 73.90 73.78 73.79 73.75 73.61 73.71 73.63 73.44 73.44 73.40 73.43 73.46 73.55 73.56 73.24 73.15 73.31 73.23 73.21 73.39 73.40 73.20 73.04 72.87 72.79 72.78 72.74 72.32 72.16 73.17 73.57 73.71 74.10 74.38 74.74 74.71 75.16 75.33 75.36 76.36 76.63 77.70 77.54 77.12 76.98 76.82 76.24 75.98 75.71 75.88 74.70 74.63 74.59 75.50 74.21 74.42 74.12 74.07 74.00 73.89 73.89 74.38 74.36 74.25 74.13 74.21 74.44 74.18 73.97 74.07 73.70 73.72 73.67 74.38 72.91 73.52 73.70 73.78 74.39 73.77 74.37 74.62 74.87 74.92 75.05 74.98 75.91 76.89 79.36 79.86 80.84 80.96 80.32 80.71 80.50 80.75 80.57 80.55 80.32 80.69 80.82 79.88 79.73 80.21 79.84 79.73 79.73 79.60 79.01 78.68 77.52 76.51 75.98 75.74 75.45 75.59 73.65 74.84 74.86 74.57 74.69 74.38 74.22 74.57 74.23 74.02 74.30 73.99 74.07 73.73 73.51 73.59 73.11 72.45 73.58 73.39 73.90 74.75 74.87 74.76 74.24 74.91 74.37 74.44 74.73 74.62 73.89 73.92 74.03 73.20 73.25 73.80 73.99 73.90
43°S ||     74.62 73.83 74.74 74.34 74.60 74.24 74.35 74.31 74.08 73.84 73.46 73.54 73.35 73.16 73.48 73.51 73.87 73.95 73.81 73.78 73.30 73.52 73.71 73.72 73.45 73.79 73.89 73.89 73.25 73.53 73.39 73.65 73.68 73.27 73.34 73.33 73.35 73.45 73.63 73.71 73.15 72.92 72.01 72.07 72.81 73.17 73.03 72.81 72.84 72.60 72.50 72.51 72.43 72.52 72.56 73.25 73.35 73.54 73.64 74.02 74.02 74.14 74.63 74.14 75.65 75.54 76.13 76.26 76.39 76.48 76.35 76.32 75.72 75.99 75.81 74.85 74.73 74.90 74.75 74.86 74.59 75.88 74.12 74.32 74.15 74.14 73.99 74.43 74.39 74.12 74.03 74.20 74.25 74.15 74.11 73.86 74.09 73.83 74.17 73.66 73.59 73.70 73.55 73.17 73.23 73.58 74.27 75.06 74.51 74.78 74.91 75.05 76.09 77.84 79.69 80.58 80.55 80.27 80.51 80.89 80.64 80.63 80.35 80.69 80.61 79.93 80.09 80.01 80.28 80.00 79.82 79.78 79.57 79.24 78.25 78.13 77.56 76.71 75.97 75.96 75.74 75.80 75.45 75.37 75.11 74.92 74.67 74.47 74.48 75.13 74.73 74.57 74.49 74.10 74.04 73.75 73.46 73.45 73.52 73.55 73.34 73.45 74.12 74.92 75.11 75.07 74.86 74.74 74.36 74.57 74.54 74.68 73.35 74.11 74.15 74.87 73.83 74.06 74.37 74.31
41°S ||     74.80 74.70 74.73 75.10 74.88 74.15 74.25 74.15 74.75 75.15 75.80 75.60 74.36 73.56 73.81 73.70 73.26 73.51 73.23 73.56 73.22 73.76 73.71 73.70 73.51 72.71 73.21 73.39 73.62 73.17 73.05 73.30 73.13 73.14 72.92 73.20 73.27 73.44 73.47 71.54 71.26 71.10 69.53 69.31 69.38 71.40 71.40 71.41 72.09 72.42 72.16 72.52 72.29 72.46 72.43 72.50 72.59 73.08 73.93 73.77 73.45 72.94 74.26 74.94 74.90 75.52 75.50 75.80 76.16 76.21 76.15 75.74 75.99 75.32 75.37 75.35 75.12 76.03 75.02 74.56 74.77 74.63 74.27 74.27 74.08 74.09 74.24 74.51 74.50 74.34 74.08 74.29 73.99 74.04 74.15 73.65 73.50 73.99 73.92 73.79 73.47 73.55 73.09 72.86 74.41 73.70 74.07 74.65 74.67 74.71 74.97 75.27 76.06 77.89 79.34 80.60 80.60 79.89 80.72 80.75 80.73 80.53 80.80 80.94 80.49 79.92 80.26 80.35 80.12 80.29 80.04 79.74 79.03 78.43 78.14 77.87 77.24 76.63 76.34 75.99 76.16 75.20 74.98 75.24 74.23 74.30 74.70 74.80 74.86 74.81 74.71 74.70 74.70 74.04 73.90 73.84 73.60 74.02 73.96 73.74 73.68 73.63 74.25 74.64 74.79 74.67 74.77 74.68 73.93 74.37 74.37 73.63 73.54 74.25 74.17 74.28 74.31 74.53 74.73 74.38
39°S ||     74.64 74.77 74.47 74.08 74.95 74.07 74.50 74.36 73.64 74.07 75.34 75.34 73.88 73.56 74.14 73.86 74.11 73.64 73.89 73.95 74.11 73.38 74.13 74.13 73.85 73.85 73.63 73.36 73.50 73.38 73.26 71.54 72.53 72.92 72.92 73.08 73.22 73.18 72.51 72.36 71.82 70.69 70.39 70.47 70.80 70.91 70.83 71.06 70.54 71.51 72.16 72.19 72.23 72.33 72.48 72.53 72.75 73.07 73.15 73.63 73.66 73.82 73.40 73.64 74.42 73.89 75.03 76.02 75.91 75.87 75.90 75.89 75.48 75.29 75.43 75.30 75.20 74.97 74.80 74.81 74.73 74.75 74.58 74.36 74.31 74.07 74.43 74.72 74.36 74.30 74.53 74.58 74.48 74.02 74.25 73.85 73.86 73.82 73.78 74.21 73.52 73.72 73.34 73.45 73.37 73.33 74.04 74.48 74.74 74.79 74.81 75.48 76.13 77.03 79.13 80.71 80.98 80.84 80.35 80.65 80.96 80.80 80.91 80.95 80.62 80.26 80.64 80.36 80.49 80.10 79.82 79.27 78.58 78.22 77.71 77.40 77.17 76.92 76.29 75.68 75.53 74.95 74.86 74.77 74.74 74.95 75.12 74.90 74.14 74.75 74.80 74.91 74.63 74.44 74.07 74.33 74.07 73.78 74.36 74.19 73.90 73.77 73.80 74.03 74.37 74.50 74.94 74.75 74.45 74.41 74.52 74.32 74.67 74.57 74.59 74.30 74.44 74.68 74.84 74.97
37°S ||     74.98 74.78 74.77 74.37 75.46 75.15 74.70 73.87 73.36 72.77 72.50 73.40 73.28 74.12 74.53 74.49 74.49 74.49 74.31 74.21 74.20 74.17 73.84 74.04 73.71 73.36 73.43 72.99 72.88 73.38 73.26 72.42 72.56 72.00 72.65 71.83 72.36 70.65 70.76 72.31 70.61 69.93 71.07 71.11 71.02 70.98 71.17 71.80 71.26 71.24 71.06 71.60 72.16 72.61 72.63 72.75 72.67 73.21 73.33 73.18 73.18 73.91 73.91 74.28 74.77 74.78 75.21 75.39 73.95 75.62 75.26 75.35 75.40 75.51 75.36 75.18 75.05 75.02 75.02 74.78 74.52 74.36 74.06 75.43 74.39 74.17 74.18 74.07 74.63 74.30 74.44 74.59 74.54 74.31 73.85 74.14 73.78 73.70 74.11 74.07 73.47 73.43 73.29 73.46 73.65 73.63 75.09 74.13 74.65 74.90 74.98 75.10 75.60 76.79 77.91 80.25 81.02 81.34 81.66 80.70 80.77 80.79 80.31 80.91 80.39 80.47 80.27 80.38 80.32 80.20 80.00 78.97 78.10 77.75 77.30 77.04 76.68 76.32 76.02 75.72 75.06 75.12 74.59 74.61 74.45 74.59 74.89 74.92 74.88 74.74 74.92 74.76 74.66 74.60 74.43 74.46 74.69 74.47 74.37 73.68 74.01 73.98 73.54 73.52 74.20 74.40 74.92 74.48 74.51 74.65 74.81 74.78 74.75 74.72 74.52 74.35 75.01 75.15 75.01 75.39
35°S ||     74.96 75.47 74.78 74.05 74.65 74.00 73.92 74.08 73.46 72.76 72.64 73.41 74.10 74.27 74.44 74.36 74.49 73.10 74.24 74.17 74.10 73.90 73.89 73.70 73.21 73.44 73.26 73.13 72.64 72.77 72.48 72.35 72.44 72.18 72.30 72.45 71.82 70.55 70.64 70.60 70.12 71.04 71.67 71.58 71.30 71.54 71.38 71.46 71.70 71.75 71.59 70.84 71.54 72.49 72.81 73.01 73.02 73.05 73.08 73.19 73.37 73.56 73.55 74.60 74.56 73.98 74.23 74.64 74.56 75.34 75.25 75.42 75.13 74.81 74.94 75.10 75.09 75.06 75.26 74.93 74.56 74.24 74.43 74.25 74.35 74.01 73.92 74.05 74.18 74.27 74.30 74.50 74.41 73.98 74.00 73.97 74.21 74.47 73.78 73.64 73.67 73.12 73.24 73.61 73.79 73.74 73.82 74.20 74.80 74.65 74.63 74.85 75.22 75.49 76.61 77.92 80.65 81.06 81.45 81.53 80.74 80.70 81.38 81.34 80.33 80.44 80.37 80.23 80.31 80.12 79.29 77.62 77.08 77.02 76.82 76.60 76.69 76.30 76.25 76.20 75.31 74.92 74.10 74.56 74.32 74.47 74.62 74.71 74.85 74.94 74.78 74.57 73.94 73.96 74.03 74.33 74.03 73.84 74.17 74.39 74.15 73.84 74.27 74.49 74.30 74.31 74.15 74.39 74.36 73.90 74.87 74.93 74.62 74.56 74.73 74.82 75.35 75.19 74.81 74.20
33°S ||     75.03 75.12 74.05 73.88 74.06 73.24 73.62 72.78 72.80 73.33 73.28 73.53 74.16 74.32 74.65 74.25 74.50 74.54 74.17 74.17 73.46 73.90 73.83 73.80 73.50 73.24 73.25 73.07 72.85 72.59 72.44 71.70 72.04 71.84 71.55 71.70 71.11 70.26 70.12 69.53 69.75 71.07 71.84 71.50 72.15 71.59 72.38 72.46 72.23 72.27 71.73 70.92 70.22 71.67 72.48 73.00 72.99 73.07 73.12 73.12 73.49 73.91 73.81 74.56 74.65 74.72 74.69 74.68 74.60 74.44 74.65 75.17 75.12 74.80 75.20 74.80 75.24 74.99 74.92 75.02 74.78 74.56 74.78 74.42 74.35 74.22 74.16 74.04 74.05 74.14 74.19 73.88 74.09 74.27 74.03 74.16 73.93 74.18 73.88 73.38 73.54 73.36 73.13 73.34 73.59 73.70 73.72 73.65 74.30 74.61 74.47 74.42 74.22 74.60 75.24 76.42 78.70 80.10 80.78 81.23 81.20 81.55 80.50 80.28 80.50 80.49 80.20 80.15 79.26 78.29 77.79 76.89 76.45 76.40 76.36 76.34 76.51 76.39 76.10 76.03 75.63 74.93 74.56 74.44 74.28 74.22 74.40 74.37 74.49 74.63 74.60 74.34 74.19 73.99 73.48 73.38 73.50 73.44 74.10 73.70 74.04 74.32 73.87 74.14 74.02 73.95 74.33 74.47 74.69 74.27 74.47 74.93 74.18 74.67 74.69 74.85 75.00 74.79 74.48 74.47
31°S ||     74.95 74.25 74.10 74.02 73.40 73.47 72.98 73.39 73.51 73.37 73.55 73.59 73.97 74.25 74.52 74.51 74.51 74.05 73.89 74.18 73.78 73.83 73.75 73.68 73.48 73.42 73.22 73.02 72.73 72.43 72.17 72.01 71.96 71.43 71.28 71.76 71.01 70.07 70.20 69.51 70.37 71.09 71.45 71.98 72.19 72.40 72.43 72.63 72.63 72.74 71.91 70.92 71.27 71.38 71.52 71.49 72.70 73.24 73.23 73.55 73.94 74.30 74.54 74.60 74.76 74.71 74.78 74.91 74.83 74.77 74.87 75.62 74.80 74.56 74.75 74.72 74.80 74.90 75.07 75.04 75.11 75.01 74.76 74.75 74.61 74.24 73.97 73.83 74.02 74.07 74.06 74.15 73.89 74.10 74.17 74.07 74.13 74.02 73.97 73.56 73.53 73.98 73.68 73.50 73.76 73.93 74.02 73.74 74.34 74.58 74.82 74.42 74.80 74.72 75.49 75.49 76.38 76.80 77.19 79.64 80.41 80.97 80.08 80.36 80.17 80.28 79.86 79.30 77.19 76.46 76.89 76.68 76.27 76.25 76.19 75.91 75.86 76.09 76.04 75.77 75.68 74.58 74.62 74.33 74.47 74.04 74.18 74.16 74.18 74.27 74.39 74.19 73.99 73.99 73.65 73.58 74.19 73.38 73.22 73.06 74.13 74.46 74.85 74.26 74.44 74.61 74.74 74.64 74.67 74.54 74.39 74.64 74.30 74.57 74.56 74.39 74.56 74.71 74.68 74.62
29°S ||     74.94 74.23 72.98 74.00 73.38 73.23 73.74 73.33 73.62 73.45 73.45 73.68 74.21 74.41 74.51 74.46 74.42 73.40 74.26 74.22 74.02 73.75 73.74 73.62 73.53 73.37 73.21 72.92 72.61 72.35 72.10 71.80 71.61 71.56 71.52 70.83 70.86 70.44 69.24 68.46 70.27 71.22 71.62 71.91 72.22 72.49 72.66 72.78 72.88 72.89 72.85 72.73 72.10 72.12 72.04 71.41 71.69 72.15 73.20 73.49 74.00 74.61 74.73 74.69 75.07 74.74 74.59 74.71 74.92 74.89 75.04 75.32 75.03 74.66 74.89 75.16 74.93 74.90 75.24 75.17 75.11 75.12 74.88 74.99 74.40 74.37 74.23 73.99 73.88 74.06 74.15 74.16 74.28 74.21 74.16 74.08 74.11 73.66 74.01 73.66 74.13 74.18 73.89 73.90 74.14 74.25 74.33 74.24 73.69 74.50 74.23 74.76 74.92 75.03 74.39 74.68 75.79 75.68 76.25 76.26 76.73 76.73 77.58 79.12 78.15 78.35 77.24 77.62 76.44 76.15 75.92 75.65 75.95 76.08 75.93 75.61 75.75 75.72 75.64 75.14 75.08 74.76 74.49 74.35 74.31 74.16 74.13 74.21 74.21 74.26 74.30 74.09 74.07 73.63 73.85 73.45 73.00 73.23 73.96 72.99 73.92 74.36 74.54 74.07 74.58 73.80 74.53 74.71 74.47 74.34 74.52 74.39 74.18 74.30 74.39 74.57 74.40 74.55 74.68 74.85
27°S ||     74.60 74.18 74.14 74.08 73.50 73.37 73.92 73.09 73.50 73.84 73.74 74.13 74.06 74.21 74.53 74.30 74.53 73.72 74.24 73.68 73.71 73.73 73.61 73.58 73.39 73.28 73.13 73.01 72.57 72.27 71.95 71.66 71.30 71.30 71.15 71.29 71.47 70.25 70.02 68.66 70.49 71.26 71.60 71.98 72.30 72.57 72.77 72.91 73.00 73.16 73.15 73.22 72.99 72.43 72.44 72.54 72.82 72.81 72.74 72.75 72.56 74.04 74.77 74.80 74.76 74.78 74.88 75.07 74.84 74.74 74.77 75.37 75.46 75.65 75.20 74.84 75.13 75.14 75.35 75.33 75.31 75.29 75.17 74.91 74.78 74.53 74.58 74.60 74.21 74.09 74.04 74.24 74.25 73.86 74.00 74.13 74.14 73.87 73.86 73.84 74.11 74.35 73.83 74.13 74.30 74.18 74.48 73.85 73.47 73.74 74.37 74.40 74.69 74.51 74.46 74.56 74.58 75.72 75.66 75.85 75.99 75.98 76.22 76.28 76.33 76.52 76.80 76.51 76.44 76.09 75.67 75.89 75.93 75.76 75.36 75.55 73.58 75.61 75.59 74.07 74.58 74.24 74.16 74.15 74.18 74.19 74.20 74.22 74.13 74.10 74.07 73.83 73.38 73.27 73.15 73.42 74.01 73.08 73.17 73.78 73.46 73.91 74.38 74.36 74.78 73.94 74.59 74.37 74.56 74.71 74.62 74.45 74.04 73.83 73.87 74.25 74.25 74.32 74.68 74.74
25°S ||     74.72 74.01 74.35 74.08 74.02 73.96 74.10 74.45 73.91 74.24 74.06 74.65 74.64 74.54 74.65 74.43 74.48 74.06 73.70 74.14 73.80 73.63 73.58 73.45 73.31 73.11 72.97 72.81 72.45 72.03 71.71 71.43 71.19 71.02 70.96 70.36 70.71 71.03 70.00 70.31 70.71 71.20 71.66 71.99 72.20 72.46 72.63 72.86 73.01 73.03 73.21 73.26 73.01 72.66 71.86 72.52 72.82 72.98 73.00 72.87 72.23 73.39 74.53 74.59 74.72 74.73 74.73 74.21 74.44 74.58 74.64 74.68 75.20 75.82 76.00 75.30 75.44 75.52 75.72 75.44 75.45 75.35 75.63 75.23 75.46 74.80 74.88 74.89 74.84 74.19 74.52 74.38 74.63 73.78 74.19 74.14 74.15 73.72 73.40 74.07 74.11 73.98 74.06 74.10 73.96 73.59 74.04 73.39 73.18 73.53 73.84 73.95 74.32 74.17 74.71 75.19 74.82 75.41 75.63 75.80 75.93 75.81 75.73 76.18 75.88 76.37 76.22 75.72 75.60 75.41 75.58 75.30 75.27 75.51 75.28 74.52 74.41 74.73 73.86 74.29 74.15 73.95 73.80 73.85 73.95 74.03 74.35 74.09 74.04 73.92 73.87 73.67 73.32 72.95 73.09 73.35 73.74 73.31 72.82 73.24 73.15 73.55 73.97 74.38 74.04 74.08 74.52 74.07 74.38 74.57 74.53 74.13 73.82 74.41 74.43 74.23 74.36 74.75 75.00 74.66
23°S ||     74.68 74.64 74.12 74.13 74.04 74.16 74.36 74.54 74.69 74.76 74.74 74.70 74.90 74.97 74.67 74.82 73.50 73.82 74.22 73.81 73.80 73.53 73.52 73.41 73.24 72.96 72.75 72.43 72.07 71.72 71.40 71.06 70.87 70.76 70.81 70.75 70.03 70.36 69.94 70.19 70.65 71.17 71.50 71.75 71.99 72.21 72.44 72.67 72.92 73.07 73.34 73.32 73.31 72.99 72.31 72.48 72.78 72.81 72.78 72.47 71.86 73.58 74.37 74.44 74.15 74.34 74.60 74.24 74.60 74.57 74.39 74.85 75.00 75.55 75.72 75.86 75.38 75.53 75.41 75.59 75.59 75.49 75.52 75.78 75.39 75.04 75.15 75.25 75.10 74.01 74.62 74.39 74.67 74.72 74.71 74.23 74.13 75.22 74.09 73.66 73.82 73.61 73.41 73.26 73.54 73.94 73.22 73.17 72.89 73.46 73.72 74.17 74.06 73.72 73.69 73.97 74.54 74.79 75.07 75.27 75.68 75.45 75.69 75.89 75.90 76.17 75.84 75.43 75.40 75.24 74.87 74.93 75.10 75.20 74.38 73.85 73.24 73.41 73.79 74.08 73.86 73.68 73.38 73.53 73.83 73.94 74.02 74.12 73.87 73.82 73.75 73.68 73.87 73.73 73.80 73.29 73.75 73.31 72.96 73.27 72.92 73.70 73.93 74.18 74.19 74.36 74.27 74.43 74.33 74.91 74.36 75.24 74.33 74.41 74.48 74.41 74.24 74.86 75.19 74.66
21°S ||     74.44 74.54 74.13 74.14 74.11 74.12 74.45 75.13 74.85 74.74 74.61 74.65 74.76 74.59 74.71 74.81 74.42 74.05 74.08 73.86 73.67 73.49 73.43 73.28 73.09 72.88 72.51 72.07 71.60 71.22 70.93 70.61 70.42 70.39 70.51 70.08 70.23 69.62 69.76 70.22 70.56 70.95 71.19 71.45 71.73 71.93 72.23 72.45 72.69 72.90 73.04 73.23 73.28 72.92 72.48 72.75 72.40 72.67 72.39 72.09 72.16 72.49 74.24 74.22 74.31 74.17 74.51 74.63 74.58 74.61 74.75 74.73 74.96 75.22 75.75 76.00 75.71 75.57 75.71 75.76 75.67 75.62 75.57 75.76 75.65 75.78 75.28 75.30 75.09 74.70 74.54 74.69 74.84 74.90 74.48 74.33 74.16 73.82 73.76 73.93 74.03 74.12 73.18 73.52 73.77 73.67 73.89 72.98 72.90 73.32 73.78 73.40 73.88 73.86 73.95 74.21 74.35 74.78 74.84 75.27 75.43 75.58 75.23 75.74 75.47 75.37 75.40 74.44 74.86 74.87 74.73 74.56 75.00 74.40 73.98 73.73 72.69 72.81 73.60 73.47 73.68 73.67 73.33 73.04 73.86 73.98 74.01 74.05 74.06 73.83 73.59 73.36 73.11 73.38 74.09 73.39 73.56 73.50 73.04 73.70 73.58 73.76 73.64 73.63 74.21 74.35 74.58 74.38 74.12 74.87 75.01 74.69 74.74 75.00 74.90 74.39 74.04 74.54 74.55 74.31
19°S ||     73.72 74.01 74.02 73.84 74.21 74.47 74.82 75.50 75.46 75.09 74.95 74.67 74.77 74.75 74.93 74.72 74.50 74.37 73.91 73.84 73.66 73.43 73.28 73.03 72.86 72.61 72.25 71.63 70.88 70.48 70.22 70.09 69.97 70.07 70.26 68.92 69.96 69.53 69.66 69.92 70.10 70.44 70.71 70.97 71.30 71.63 71.96 72.21 72.50 72.70 72.84 72.95 73.09 73.04 72.66 72.29 72.27 72.26 72.39 72.29 71.98 73.23 74.00 73.95 74.15 74.32 74.67 74.71 74.77 74.57 74.72 74.92 75.20 75.60 76.15 76.17 76.11 75.61 75.78 75.82 75.99 75.76 75.66 75.63 75.86 75.89 75.50 75.21 75.23 75.29 75.08 74.90 74.95 74.84 74.42 74.53 74.15 74.04 74.27 73.56 73.93 74.01 73.36 73.72 73.30 73.63 72.98 72.80 73.28 73.31 73.14 73.49 73.48 73.68 73.81 73.99 74.03 73.98 74.04 74.97 75.17 75.18 75.28 75.27 75.06 75.05 74.61 74.61 74.70 74.59 74.52 74.03 73.85 74.12 73.80 73.51 73.07 72.94 73.32 73.52 73.80 73.83 74.04 74.04 73.90 73.96 73.99 74.02 73.90 73.79 74.01 73.50 73.14 73.24 73.63 73.76 73.65 73.84 73.36 73.75 73.85 73.67 73.57 73.49 74.03 74.05 73.94 73.87 74.53 74.94 75.21 75.35 75.43 75.64 75.33 75.37 75.21 74.93 75.00 73.79
17°S ||     73.78 73.75 73.89 74.24 74.27 74.52 75.20 75.36 75.35 75.25 75.09 74.81 74.88 74.26 74.85 75.26 74.58 74.56 74.18 73.79 73.63 73.43 73.05 72.77 72.57 72.29 71.84 70.87 70.06 69.57 69.48 69.55 69.70 69.84 69.56 69.02 69.36 69.54 69.43 69.34 69.45 69.82 70.19 70.46 70.92 71.29 71.63 71.90 72.21 72.48 72.60 72.80 72.82 72.90 72.58 72.24 71.78 71.80 72.29 72.19 71.98 73.35 73.97 73.43 73.85 75.99 76.69 75.88 74.67 74.83 74.41 74.86 75.15 75.47 76.16 76.12 76.15 75.62 75.86 75.69 75.87 75.80 75.81 75.80 75.84 75.79 75.62 75.61 75.52 75.32 74.94 74.99 74.99 74.84 74.61 74.60 74.21 74.26 73.92 74.54 74.04 73.79 73.39 73.38 73.36 73.30 73.40 72.93 73.40 73.38 73.53 73.36 73.18 73.17 73.47 73.54 73.71 74.31 74.39 73.93 74.44 74.33 74.54 74.56 74.48 74.90 74.80 74.79 74.68 74.54 74.00 74.09 73.08 73.42 73.54 73.37 72.85 72.86 73.37 73.60 73.89 73.93 74.06 74.16 73.97 73.94 73.92 73.86 73.83 73.59 73.73 73.64 73.31 73.43 73.30 73.38 73.62 73.84 73.63 74.15 73.85 73.81 73.60 73.42 74.35 73.48 73.78 74.03 74.57 75.18 75.34 75.52 75.53 75.69 75.81 75.46 75.48 75.21 75.44 74.79
15°S ||     75.06 73.79 74.65 74.39 74.72 74.92 75.73 75.64 75.20 75.27 75.26 74.85 74.65 74.71 74.88 75.22 73.81 74.63 74.87 73.91 73.69 73.38 73.09 72.79 72.41 71.94 71.17 69.93 68.66 68.27 68.66 69.16 69.31 69.54 69.67 69.62 69.78 69.81 69.22 68.94 68.92 69.44 69.76 70.07 70.53 71.04 71.41 71.69 71.88 72.03 72.06 72.44 72.63 72.64 72.35 72.24 71.89 72.80 72.14 72.96 73.35 75.72 76.37 76.63 76.93 76.77 76.52 76.88 76.86 74.97 74.85 75.37 75.29 75.41 75.97 75.95 76.08 75.94 75.82 75.77 75.82 75.83 75.78 75.91 75.78 75.72 75.73 75.59 75.49 75.41 75.46 75.26 75.12 74.79 74.63 74.64 74.52 74.30 73.80 74.28 73.64 73.75 73.60 73.27 73.38 73.12 73.25 73.22 73.08 73.16 73.55 73.09 72.93 72.92 73.01 72.70 73.54 74.29 74.32 74.35 73.92 74.36 74.33 74.23 74.49 74.67 74.64 74.85 74.31 73.96 73.78 72.97 72.89 72.93 73.19 73.06 72.83 72.99 73.05 73.45 73.75 73.98 73.95 73.98 74.10 74.00 73.81 73.90 73.62 73.79 73.61 73.82 73.24 72.97 73.84 74.02 73.40 74.00 74.05 73.81 73.87 73.76 73.43 73.65 74.08 74.21 74.08 74.12 74.37 75.38 75.62 76.09 75.91 75.82 75.45 75.93 75.63 76.10 74.75 74.91
13°S ||     75.22 75.12 74.82 74.53 74.75 75.17 75.53 75.81 75.67 75.78 75.55 75.12 74.99 75.15 75.12 75.20 74.71 74.66 74.50 74.15 73.83 73.45 73.13 72.79 72.31 71.72 70.83 69.10 67.12 66.69 67.79 68.75 69.06 69.15 69.22 69.83 69.62 69.59 69.08 68.85 68.90 69.98 69.35 69.80 70.28 70.75 71.20 71.49 71.70 71.87 71.92 72.61 72.09 73.30 76.25 75.69 75.75 73.86 76.76 77.13 75.73 73.42 73.33 73.57 75.96 76.40 75.95 75.94 74.30 76.65 75.08 75.19 75.43 75.61 75.69 75.93 75.89 76.08 76.20 75.89 75.85 75.86 75.83 75.83 75.67 75.72 75.82 75.66 75.48 75.68 75.54 75.45 75.25 75.00 75.29 74.84 74.64 74.38 74.22 74.23 74.18 73.89 73.52 73.33 73.14 73.59 73.18 73.15 73.04 72.97 73.00 73.15 72.77 73.13 73.02 73.24 73.26 74.01 74.19 74.06 74.12 74.35 74.21 74.21 73.93 74.38 74.45 74.48 74.28 74.08 73.13 72.90 72.62 73.09 72.98 73.17 72.79 72.95 73.57 73.61 74.07 73.97 74.10 74.03 74.10 74.04 73.70 73.55 73.50 73.56 73.53 73.32 73.69 73.26 74.06 74.05 73.57 73.58 73.91 74.02 73.76 73.86 73.51 73.39 73.71 74.59 74.63 74.80 75.16 75.67 75.86 76.01 76.06 76.00 75.96 76.06 76.13 75.99 76.12 75.98
11°S ||     76.10 75.86 76.14 76.16 75.40 75.37 75.59 75.86 75.69 75.69 75.56 75.50 75.54 75.19 75.39 75.27 75.18 74.85 74.66 74.32 73.95 73.66 73.19 72.78 72.17 71.61 70.80 69.28 67.18 65.46 66.37 68.73 68.96 68.98 68.90 69.48 69.42 69.17 68.76 68.56 68.98 69.30 69.26 69.74 70.14 70.53 71.17 71.36 71.55 71.77 71.67 72.31 75.49 76.07 77.30 77.31 74.26 71.23 71.05 72.03 72.66 72.86 73.14 73.36 73.81 73.70 73.90 75.25 74.58 74.75 76.86 75.61 76.85 76.02 75.80 76.15 76.20 76.04 76.14 76.17 75.91 75.91 75.95 75.87 75.89 75.84 75.98 75.76 75.82 75.64 75.63 75.78 75.31 75.15 74.93 74.92 74.96 74.59 73.41 73.79 74.23 74.29 73.79 73.55 73.44 73.13 73.10 73.18 72.97 73.01 73.42 73.12 73.20 72.94 73.17 73.31 73.25 73.47 73.83 73.63 73.77 74.03 73.98 73.90 73.60 74.35 74.28 74.52 74.28 74.25 73.98 73.23 72.71 72.91 72.86 73.36 73.03 73.45 73.78 73.81 74.22 74.14 74.00 74.10 74.13 74.10 73.98 74.04 73.79 73.76 73.62 73.28 72.92 73.36 73.30 73.55 73.93 74.03 73.79 74.21 73.96 74.44 74.69 74.37 74.57 75.61 74.73 75.14 75.37 75.79 75.92 75.96 76.15 76.10 76.18 76.24 76.25 75.87 75.99 75.76
9°S ||     75.56 75.76 75.72 75.97 76.15 75.55 75.88 75.69 75.88 75.96 75.68 75.77 75.58 75.49 75.50 75.30 75.29 75.03 74.84 74.45 74.18 73.74 73.39 72.90 72.37 71.74 70.99 70.27 67.51 64.29 64.28 67.79 68.85 68.86 68.92 68.83 69.21 69.02 69.06 68.78 68.91 69.48 70.99 72.49 71.46 70.59 71.12 71.66 71.61 72.00 75.41 76.41 76.36 77.12 75.77 71.67 70.85 72.66 71.43 72.59 72.84 72.98 73.64 73.53 73.98 74.17 75.50 74.65 76.24 74.97 76.91 76.90 77.06 76.61 76.43 76.22 75.92 76.08 76.10 76.43 76.18 75.89 75.99 76.00 75.96 75.97 76.10 75.81 75.83 75.82 75.96 75.50 75.49 75.42 75.14 74.86 74.94 74.69 74.09 73.99 74.28 74.05 73.68 73.84 73.80 73.40 73.13 73.47 74.56 74.91 73.22 73.54 73.35 73.44 73.40 73.26 73.29 73.37 73.62 73.68 73.68 73.49 73.69 73.51 73.48 73.60 73.87 74.22 74.28 74.29 73.95 73.57 72.75 73.51 73.51 72.97 73.76 74.00 73.46 73.89 74.21 74.26 74.41 74.23 74.24 74.04 73.96 74.35 74.25 73.86 73.15 73.36 72.93 73.63 74.03 73.89 74.10 74.49 74.11 74.32 74.76 75.61 75.86 75.44 75.40 75.86 75.83 75.71 75.89 75.93 76.02 76.12 76.20 76.46 76.34 76.31 75.81 74.29 75.97 75.86
7°S ||     75.92 75.88 75.79 75.78 76.36 76.23 75.99 76.02 76.25 76.11 76.03 75.85 75.72 75.68 75.67 75.72 75.64 75.30 75.01 74.70 74.34 73.94 73.58 73.03 72.52 72.03 71.42 70.88 68.07 65.38 66.04 67.31 68.56 68.79 68.94 69.14 68.76 68.78 69.17 68.80 71.77 72.09 69.72 73.31 72.63 72.79 73.07 75.29 74.67 74.11 72.76 71.36 73.98 76.98 75.64 75.83 76.09 73.31 72.43 73.02 73.15 73.18 73.47 73.65 74.82 75.97 75.95 75.81 74.28 74.47 75.97 76.93 76.88 76.64 76.81 76.60 76.41 75.99 75.97 76.09 76.14 76.06 76.10 75.95 76.00 75.92 75.83 75.74 75.68 75.77 75.70 75.79 75.49 75.41 75.39 75.44 75.44 74.91 74.39 74.55 73.70 73.64 73.79 73.85 73.18 73.63 73.78 73.49 73.47 73.51 73.72 73.69 73.83 73.16 73.25 73.27 73.26 73.76 73.81 73.63 73.28 73.11 73.21 73.00 73.40 73.90 73.69 73.85 74.27 74.28 74.17 74.05 73.10 73.01 73.40 73.62 73.66 73.76 73.63 73.99 74.27 74.23 74.53 74.49 74.44 74.50 74.60 74.62 74.58 74.83 72.96 72.81 72.98 73.63 73.22 74.42 75.59 75.03 75.14 75.10 75.62 75.84 75.79 75.68 76.04 76.19 76.07 76.18 76.19 76.17 76.19 76.18 76.26 76.37 76.45 76.46 76.25 76.10 76.06 75.93
5°S ||     75.97 76.04 76.11 76.08 75.93 76.39 76.35 76.34 76.41 76.16 76.02 75.69 75.80 75.92 76.04 76.12 76.11 75.87 75.15 75.13 74.68 74.31 73.89 73.35 72.88 72.37 71.87 71.07 70.03 68.63 67.51 67.70 68.57 68.70 69.02 69.25 69.24 70.14 69.51 68.97 69.29 69.58 69.98 73.95 72.30 74.37 72.33 73.19 72.28 71.59 71.20 74.06 75.08 75.57 74.96 71.71 72.05 73.11 75.63 75.26 73.39 73.53 73.65 73.70 74.38 74.02 74.75 74.28 74.38 74.67 75.23 75.77 76.49 75.65 75.62 76.52 76.66 76.51 75.81 75.93 76.38 76.22 76.18 76.09 76.04 75.92 75.79 75.80 75.90 75.82 75.73 75.66 75.73 75.36 75.40 75.51 75.45 75.41 75.09 75.18 74.38 73.47 73.65 73.82 74.14 73.85 73.74 73.67 73.78 73.62 74.18 74.25 74.10 73.37 73.21 73.27 73.04 73.25 73.01 73.55 73.26 73.57 73.33 73.35 73.59 73.41 73.99 73.62 74.15 74.22 74.08 73.56 73.67 73.17 73.62 73.77 74.10 74.00 74.11 74.24 74.14 74.39 74.88 74.94 74.75 74.71 75.36 75.09 74.64 74.42 73.86 73.44 74.21 74.11 74.02 74.56 76.07 75.65 76.72 76.08 75.93 75.77 75.74 76.09 76.09 76.30 76.31 76.26 76.26 76.31 76.34 76.32 76.42 76.41 76.41 76.44 76.45 76.34 76.21 76.08
3°S ||     76.09 76.06 76.19 76.21 76.13 76.53 76.53 76.46 76.27 76.34 75.88 75.41 76.00 76.39 76.35 76.42 75.80 75.20 75.86 75.54 75.24 74.65 74.50 73.93 73.31 72.79 72.30 71.48 70.86 69.73 68.87 68.70 68.45 68.42 69.11 69.50 69.80 69.96 70.01 69.65 69.49 70.01 70.36 71.15 71.42 71.48 72.05 72.09 71.93 71.65 71.43 71.23 71.69 73.76 73.26 72.19 72.75 73.23 73.56 76.23 73.38 74.06 74.02 74.25 74.38 74.49 75.44 74.82 74.97 75.30 75.51 75.67 76.89 75.97 75.90 76.40 76.23 76.32 76.05 76.09 76.19 76.19 76.38 76.22 76.07 75.99 76.05 75.93 75.92 75.87 75.82 75.72 75.64 75.60 75.48 75.44 75.01 75.43 75.42 75.46 74.63 74.06 73.85 74.01 74.29 73.83 73.96 74.14 74.07 74.08 74.32 74.32 74.03 73.73 73.56 73.13 72.86 74.03 73.81 73.60 73.52 73.63 73.46 73.83 73.32 73.65 73.43 74.08 74.15 74.37 73.95 74.09 73.99 73.86 74.25 74.93 73.91 74.55 74.42 74.15 74.41 74.49 75.21 75.21 74.82 75.50 75.33 74.90 74.59 74.31 73.78 73.97 73.87 74.06 74.29 75.13 76.02 76.10 76.12 75.90 76.17 76.11 76.09 76.05 76.16 76.32 76.24 76.10 76.41 76.44 76.42 76.47 76.49 76.51 76.50 76.51 76.47 76.42 76.27 76.23
1°S ||     76.28 76.24 76.26 76.35 76.39 76.54 76.55 76.44 76.38 76.09 75.77 75.27 76.13 76.36 76.51 76.20 75.87 76.08 76.00 75.58 75.44 75.18 74.89 74.40 73.84 73.10 72.51 71.86 71.24 70.60 69.69 69.18 67.99 66.69 69.31 69.70 69.94 70.19 70.35 70.40 70.45 71.21 71.54 71.82 72.06 72.58 72.87 73.08 73.32 73.51 72.94 74.21 76.29 72.20 72.32 72.59 73.36 73.69 73.78 74.92 74.10 74.36 74.38 74.37 74.60 74.71 74.69 75.43 75.57 75.58 76.21 75.73 76.76 76.80 76.16 76.16 76.07 76.10 76.14 76.26 76.49 76.40 76.33 76.12 76.15 76.12 76.04 75.93 75.86 75.82 75.86 75.92 75.74 75.69 75.52 75.45 74.90 75.41 75.40 75.44 74.68 74.48 74.29 74.09 74.31 74.23 74.18 74.36 74.41 74.47 74.61 74.58 73.91 73.68 73.65 73.34 73.06 74.07 73.86 73.83 73.86 73.47 73.55 73.36 73.71 73.78 73.96 74.11 74.68 74.54 74.21 73.72 74.19 74.30 74.91 74.89 74.66 75.44 74.49 74.33 74.54 74.70 75.29 75.34 75.40 75.55 75.45 74.52 74.80 74.34 74.21 74.31 74.97 75.03 75.37 76.08 76.26 76.35 76.24 76.22 76.40 76.33 76.18 76.17 76.34 76.27 76.08 76.26 76.40 76.45 76.47 76.48 76.48 76.51 76.52 76.51 76.44 76.45 76.37 76.31
1°N ||     76.32 76.25 76.35 76.48 76.43 76.49 76.56 76.68 76.40 76.19 75.85 75.86 76.30 76.52 76.52 76.38 76.26 76.17 75.54 75.89 75.62 75.61 74.94 74.19 73.67 73.51 72.89 72.05 71.33 71.08 70.70 70.22 68.34 66.05 66.89 69.96 70.11 70.23 70.53 70.84 71.22 71.52 71.75 72.05 72.42 72.90 73.21 73.55 74.08 74.45 73.09 72.13 71.97 72.34 72.63 73.20 73.63 74.05 74.12 74.55 74.30 74.53 75.17 74.53 74.66 74.80 74.66 75.83 75.23 75.51 75.82 76.64 77.18 77.14 75.96 76.08 76.09 76.14 75.96 76.53 75.99 76.49 76.23 76.08 76.22 76.19 76.05 75.91 75.97 75.85 75.83 75.89 75.77 75.76 75.72 75.50 75.43 75.09 75.12 74.93 74.89 74.95 74.71 74.88 74.39 74.17 74.22 74.75 74.59 74.56 74.54 74.13 74.27 74.12 73.72 73.54 73.87 73.85 73.57 73.98 73.79 73.64 73.73 73.77 73.76 73.87 74.06 74.32 74.38 74.60 75.04 74.86 75.32 75.29 75.34 75.32 75.02 74.98 75.19 74.89 75.32 75.39 75.65 75.63 75.69 75.40 74.84 74.78 74.85 74.54 74.79 75.19 75.82 76.00 76.04 76.10 76.27 76.36 76.32 76.40 76.34 76.34 76.28 76.38 76.36 76.29 76.19 76.37 76.42 76.45 76.47 76.49 76.49 76.50 76.51 76.51 76.52 76.48 76.45 76.40
3°N ||     76.52 76.48 76.50 76.54 76.59 76.61 76.59 76.56 76.51 76.20 76.10 76.14 76.54 76.60 76.58 76.49 76.42 75.93 75.78 76.07 75.94 75.34 74.72 74.01 73.37 74.09 73.37 71.55 71.36 71.45 71.33 71.45 71.01 68.10 69.38 70.24 70.03 70.14 70.59 71.02 71.41 71.63 71.81 71.80 72.81 73.23 73.71 74.03 74.36 75.02 75.08 73.65 73.08 73.30 73.68 74.02 74.24 74.36 74.44 74.75 74.68 74.55 74.28 75.24 75.36 74.98 75.12 75.54 75.60 75.81 75.91 76.03 76.83 76.91 76.69 76.50 76.56 76.46 76.36 76.36 76.11 76.05 76.24 76.14 76.08 76.23 76.02 75.86 75.92 75.92 75.97 75.90 75.85 75.77 75.69 75.53 75.50 75.27 75.40 75.23 75.22 75.23 75.21 74.98 74.97 74.38 74.66 75.07 75.43 74.51 74.66 74.38 74.00 73.96 73.82 74.24 74.04 74.03 73.74 74.02 73.86 73.72 73.70 73.83 73.85 73.94 74.19 74.35 74.62 74.75 75.57 75.89 76.07 76.15 76.38 76.13 75.50 75.39 75.22 75.49 75.52 75.68 75.78 75.68 75.62 75.19 75.14 74.98 74.85 74.54 75.39 76.09 76.03 75.93 75.98 76.25 76.32 76.37 76.39 76.43 76.31 76.43 76.39 76.42 76.40 76.32 76.35 76.41 76.43 76.44 76.45 76.48 76.49 76.49 76.49 76.50 76.51 76.52 76.53 76.54
5°N ||     76.51 76.56 76.70 76.56 76.63 76.64 76.61 76.59 76.55 76.40 76.32 76.27 76.61 76.66 76.66 76.60 76.27 75.80 76.24 76.16 75.82 74.91 74.28 73.86 74.15 74.27 74.03 72.82 71.48 71.39 71.58 71.96 72.20 71.91 71.11 70.55 69.88 69.72 70.71 71.26 71.64 71.85 71.97 71.76 73.00 73.76 74.14 74.41 74.80 75.38 75.61 74.12 74.10 74.40 74.60 74.78 74.75 74.79 74.85 75.02 75.30 74.87 74.49 74.65 74.93 75.38 75.57 75.67 75.72 75.96 76.19 76.73 76.21 76.53 76.90 76.68 76.44 76.19 76.11 76.12 76.02 76.17 76.07 76.13 76.25 76.12 76.09 75.91 75.95 75.91 75.87 75.88 75.70 75.66 75.63 75.61 75.57 75.59 75.47 75.26 75.25 75.24 75.15 75.22 75.13 75.10 75.16 75.05 75.14 74.36 74.53 73.77 73.96 73.86 74.05 73.90 73.93 74.08 74.01 74.00 73.87 73.76 73.66 73.72 74.27 74.02 74.18 74.47 74.81 75.27 75.87 76.84 76.92 76.92 76.89 76.79 76.63 76.00 75.84 75.77 75.74 75.92 75.82 75.63 75.66 75.30 75.13 75.16 74.67 74.76 76.07 76.02 76.11 76.14 76.20 76.23 76.35 76.39 76.42 76.43 76.41 76.40 76.42 76.42 76.42 76.42 76.42 76.41 76.43 76.43 76.43 76.45 76.47 76.48 76.49 76.50 76.52 76.52 76.53 76.55
7°N ||     76.54 76.57 76.59 76.60 76.63 76.64 76.64 76.63 76.60 76.50 76.39 76.53 76.67 76.70 76.71 76.62 76.20 76.40 76.36 76.18 75.59 75.04 75.14 74.87 74.70 74.64 74.29 73.49 71.12 71.27 71.59 72.33 72.59 72.37 71.79 70.96 69.06 69.04 71.14 71.59 71.87 72.04 72.17 72.43 73.53 73.92 74.24 74.60 74.95 75.33 75.64 75.69 74.74 74.71 74.71 74.75 74.91 75.06 75.20 75.30 75.36 75.16 74.69 75.14 75.51 75.59 75.79 75.86 75.91 76.06 76.26 76.76 76.96 76.76 76.87 76.24 76.20 76.15 76.40 76.45 76.36 76.14 76.17 76.20 76.12 76.00 76.00 75.90 75.97 75.85 75.90 75.85 75.82 75.88 75.62 75.55 75.47 75.60 75.39 75.14 75.14 75.20 75.29 75.15 75.10 75.30 74.86 75.45 75.15 75.20 74.73 74.32 74.22 73.73 73.84 73.95 73.85 74.01 74.02 74.05 73.84 73.90 73.69 74.22 74.61 73.94 74.20 74.57 75.27 76.03 76.80 77.00 76.96 76.95 76.94 76.89 76.87 76.65 76.04 76.02 76.06 75.96 75.75 75.79 75.32 75.01 75.13 75.45 75.20 75.17 76.00 76.18 76.22 76.27 76.32 76.29 76.40 76.43 76.41 76.43 76.45 76.41 76.42 76.41 76.43 76.43 76.41 76.41 76.40 76.41 76.41 76.38 76.45 76.47 76.46 76.50 76.53 76.54 76.55 76.56
9°N ||     76.58 76.63 76.54 76.56 76.65 76.64 76.65 76.63 76.67 76.55 76.45 76.64 76.72 76.74 76.73 76.54 76.41 76.53 76.34 75.96 75.86 75.66 75.56 75.40 75.19 74.88 74.55 73.62 71.63 71.54 72.08 72.87 72.86 73.06 72.64 71.38 68.52 66.96 70.51 71.86 72.02 72.25 72.47 72.84 73.45 73.93 74.31 74.70 74.98 75.37 75.65 75.71 75.54 74.96 74.89 74.91 75.04 75.20 75.31 75.46 75.59 75.49 75.32 75.38 75.54 75.83 76.07 76.10 76.14 76.34 76.74 76.78 76.73 76.93 76.38 76.36 76.39 76.34 76.46 76.20 76.20 76.16 76.12 76.17 76.21 76.11 76.06 76.14 76.05 76.06 75.93 75.88 75.78 75.83 75.72 75.89 75.59 75.48 75.43 75.46 75.40 75.03 74.81 74.73 75.22 75.38 75.43 75.00 74.93 74.77 74.71 74.71 74.53 74.70 74.37 74.10 73.97 74.01 74.01 73.74 73.93 73.86 73.58 74.88 74.06 73.95 74.34 74.84 75.57 76.41 76.89 77.03 77.03 77.02 76.97 76.94 76.90 76.81 76.57 76.34 76.20 76.18 75.74 75.54 75.52 75.44 75.75 75.91 75.80 75.80 76.13 76.28 76.38 76.28 76.40 76.45 76.41 76.40 76.37 76.38 76.56 76.34 76.33 76.36 76.40 76.42 76.37 76.39 76.34 76.35 76.35 76.44 76.44 76.47 76.45 76.50 76.53 76.55 76.56 76.56
11°N ||     76.60 76.60 76.60 76.59 76.68 76.68 76.70 76.68 76.74 76.71 76.65 76.77 76.79 76.77 76.75 76.72 76.55 76.56 76.34 76.09 75.97 75.87 75.65 75.42 75.14 74.90 74.43 73.59 72.86 73.15 73.10 73.09 73.12 73.14 73.25 73.12 69.09 64.08 65.53 71.86 72.18 72.42 72.70 73.05 73.46 73.99 74.46 74.78 75.13 75.36 75.60 75.74 75.71 75.17 75.06 75.05 75.17 75.32 75.41 75.53 75.63 75.42 75.33 75.65 75.87 76.02 76.24 76.35 76.44 76.38 76.93 76.84 76.37 76.96 76.79 76.34 76.75 76.27 76.20 76.29 76.18 76.14 76.07 76.03 76.12 76.15 76.21 76.14 76.10 76.05 75.94 75.90 75.91 75.91 75.97 75.72 75.84 75.49 75.55 75.60 75.50 75.46 75.16 74.78 75.37 75.29 75.91 75.24 75.60 74.70 74.93 74.88 74.82 75.01 74.69 74.20 73.97 74.21 74.42 73.91 74.09 73.99 73.78 73.67 73.84 74.27 74.64 75.15 75.90 76.54 77.02 77.06 77.09 77.02 76.95 76.94 76.88 76.84 76.67 76.43 76.32 75.80 75.95 75.83 75.67 75.97 76.15 76.23 76.22 76.25 76.33 76.42 76.50 76.51 76.45 76.48 76.44 76.44 76.35 76.30 76.24 76.16 76.19 76.21 76.26 76.29 76.30 76.29 76.31 76.45 76.10 76.37 76.43 76.43 76.43 76.53 76.54 76.54 76.37 76.56
13°N ||     76.56 76.63 76.47 76.47 76.67 76.66 76.71 76.74 76.76 76.78 76.80 76.83 76.83 76.81 76.80 76.73 76.67 76.53 76.07 76.11 76.02 75.78 75.60 75.45 75.10 74.76 74.45 74.08 73.36 73.37 73.26 73.25 73.25 73.36 73.55 73.70 72.99 65.88 66.99 71.08 72.00 72.64 72.99 73.25 70.54 74.25 74.63 74.91 75.20 75.36 75.64 75.72 75.75 75.24 75.18 75.24 75.34 75.45 75.51 75.59 75.62 75.67 75.77 75.69 75.99 76.30 76.42 76.51 76.56 76.85 76.91 76.86 76.55 76.50 76.42 76.73 76.46 76.40 76.19 76.05 76.04 76.14 76.08 76.12 76.11 76.11 76.84 76.12 76.46 76.05 75.92 75.94 75.95 76.05 76.00 75.70 75.71 75.76 75.82 75.84 75.80 75.40 75.27 75.35 75.45 75.56 75.44 75.64 75.93 75.18 75.17 75.43 75.06 74.97 74.83 74.64 74.41 74.53 74.67 74.60 74.45 74.12 74.03 74.07 74.16 74.39 74.83 75.44 76.10 76.58 77.03 77.05 77.03 77.00 76.95 76.93 76.90 76.86 76.73 76.51 76.41 76.12 76.18 76.22 76.21 76.26 76.24 76.42 76.36 76.46 76.50 76.53 76.61 76.65 76.66 76.56 76.53 76.43 76.28 76.10 75.88 75.75 75.92 75.93 76.05 76.13 76.16 76.24 76.23 76.24 76.26 76.18 76.43 76.42 76.46 76.47 76.53 76.52 76.16 76.42
15°N ||     76.59 76.64 76.65 76.73 76.71 76.67 76.75 76.80 76.81 76.84 76.86 76.90 76.89 76.88 76.87 76.79 76.55 76.37 76.14 76.13 75.67 72.75 68.64 68.11 70.27 74.63 74.32 74.23 73.99 73.54 73.46 73.36 73.39 73.47 73.56 73.67 73.69 72.52 70.68 71.03 72.22 72.83 73.23 73.48 73.92 74.53 74.77 75.03 75.22 75.36 75.59 75.73 75.78 75.32 75.33 75.32 75.41 75.53 75.60 75.62 75.67 75.67 75.62 75.88 76.33 76.46 76.55 76.61 76.62 76.82 76.95 76.90 76.72 76.60 76.75 76.56 76.53 76.41 76.33 76.28 76.34 76.16 75.85 76.60 76.17 76.13 76.16 76.11 76.12 76.12 76.38 76.15 75.99 75.94 75.91 75.84 75.87 75.91 75.95 76.02 75.90 75.90 75.55 75.49 75.57 75.59 75.45 75.97 75.78 74.99 75.24 75.29 75.34 75.38 74.94 74.87 74.66 74.51 74.60 74.61 74.42 74.52 74.34 74.41 74.53 74.70 75.04 75.72 76.30 76.99 77.01 76.96 77.03 76.98 76.94 76.92 76.88 76.86 76.76 76.58 76.47 76.42 76.36 76.34 76.32 76.34 76.38 76.44 76.55 76.58 76.63 76.67 76.67 76.71 76.71 76.69 76.57 76.41 76.17 75.90 75.65 75.48 75.29 75.47 75.63 75.94 76.06 76.14 76.15 76.19 76.22 76.24 76.33 76.40 76.42 76.46 76.48 76.57 76.35 76.84
17°N ||     76.63 76.68 76.70 76.75 76.55 76.74 76.76 76.80 76.86 76.88 76.91 76.95 76.96 76.95 76.97 76.64 76.46 76.42 76.25 76.26 75.13 67.81 64.38 63.28 65.95 72.33 74.27 74.25 74.51 74.03 73.74 73.49 73.43 73.50 73.59 73.69 73.72 73.52 72.47 72.36 72.81 73.04 73.31 73.58 74.00 74.57 74.88 75.12 75.29 75.43 75.54 75.79 75.75 75.17 75.21 75.44 75.49 75.57 75.61 75.65 75.70 75.79 75.93 76.24 76.38 76.56 76.65 76.74 76.85 76.88 76.82 76.89 76.84 76.75 76.79 76.65 76.47 76.50 76.44 76.28 76.20 76.03 76.21 76.43 76.11 76.15 76.16 76.74 76.14 76.24 76.15 76.12 75.95 75.93 76.00 76.07 76.01 76.03 76.02 76.11 76.09 76.01 75.78 75.70 75.89 75.87 75.87 75.83 75.39 75.18 75.35 75.38 75.25 75.11 75.05 74.97 74.74 74.16 74.51 74.63 74.67 74.66 74.60 74.67 74.74 74.90 75.55 75.83 76.36 76.89 76.98 77.00 76.98 76.95 76.93 76.93 76.89 76.83 76.77 76.68 76.59 76.62 76.55 76.54 76.53 76.60 76.62 76.65 76.69 76.72 76.75 76.75 76.76 76.79 76.77 76.77 76.67 76.40 76.17 75.73 75.40 75.04 74.77 74.78 75.12 75.77 75.98 76.02 76.02 76.10 76.17 76.26 76.34 76.39 76.38 76.45 76.59 76.58 76.54 76.66
19°N ||     76.63 76.70 76.75 76.77 76.79 76.75 76.77 76.83 76.89 76.92 76.96 77.01 77.03 77.03 77.05 76.70 76.49 76.35 75.99 76.15 75.54 67.91 64.45 63.64 65.55 72.44 74.58 74.72 74.78 74.64 74.08 73.62 73.37 73.31 73.34 73.61 73.76 73.75 73.29 73.13 73.22 73.29 73.38 73.57 73.87 74.39 74.97 75.19 75.37 75.44 75.54 75.82 75.63 75.69 75.17 75.35 75.50 75.56 75.64 75.66 75.77 75.79 76.07 76.37 76.54 76.67 76.82 76.86 76.97 76.97 77.04 76.97 76.94 76.88 76.84 76.63 76.58 76.59 76.74 76.34 76.24 76.16 76.21 76.25 76.71 76.08 76.14 76.03 76.13 76.17 76.18 76.18 76.33 76.09 76.06 76.12 76.08 76.08 76.07 76.10 76.12 75.92 76.44 75.92 76.03 75.72 75.57 75.82 75.56 75.50 75.38 75.27 75.07 75.03 75.06 75.28 74.61 74.79 74.58 74.90 75.06 75.24 74.70 74.74 74.82 75.02 75.47 75.33 76.13 76.53 76.80 76.95 76.92 76.91 76.90 76.88 76.87 76.85 76.81 76.77 76.76 76.76 76.81 76.76 76.77 76.76 76.81 76.82 76.82 76.86 76.88 76.85 76.92 76.88 76.87 76.80 76.71 76.40 76.02 75.54 74.90 74.48 74.34 74.61 74.65 73.82 75.76 75.88 75.96 76.04 76.14 76.24 76.33 76.39 76.42 76.52 76.38 76.63 76.60 76.66
21°N ||     76.80 76.75 76.74 76.83 76.88 76.87 76.86 76.90 76.98 77.00 77.05 77.07 77.09 77.10 77.10 76.70 76.49 76.13 76.01 76.22 76.03 69.72 67.61 66.79 68.48 74.16 75.07 75.07 74.98 74.73 74.33 73.82 73.36 73.13 72.96 72.87 73.71 73.74 73.58 73.44 73.40 73.42 73.48 73.61 73.87 74.36 75.05 75.17 75.29 75.42 75.43 75.68 75.85 75.93 75.27 75.35 75.40 75.52 75.56 75.69 75.78 75.82 76.22 76.40 76.57 76.88 76.92 76.96 77.03 77.05 77.05 77.03 76.93 76.96 76.89 76.73 76.69 76.70 76.53 76.35 76.32 76.43 76.31 76.24 76.08 76.20 76.32 76.15 76.18 76.22 76.17 76.17 76.11 76.09 76.19 76.14 76.09 76.12 76.11 76.11 76.15 75.97 75.84 76.05 75.75 75.86 76.00 75.25 75.58 75.85 75.23 75.05 75.04 75.11 75.13 75.30 74.89 74.90 74.02 75.15 75.21 75.17 74.51 74.68 74.96 75.01 75.42 75.27 75.66 76.05 76.48 76.56 76.74 76.79 76.79 76.86 76.86 76.86 76.86 76.85 76.86 76.91 76.91 76.92 76.93 76.91 76.96 76.98 76.98 76.95 76.98 76.96 76.98 76.92 76.95 76.94 76.84 76.45 75.96 75.21 74.36 74.15 74.05 74.02 74.48 75.07 75.54 75.72 75.86 76.01 76.15 76.24 76.32 76.37 76.47 76.50 76.37 76.65 76.65 76.70
23°N ||     76.78 76.81 76.83 76.87 76.90 76.95 76.98 77.03 77.06 77.08 77.11 77.12 77.13 77.12 77.13 76.73 76.41 76.06 76.21 76.33 76.34 74.62 72.66 71.88 74.63 75.65 75.35 75.26 75.10 74.65 74.23 73.83 73.45 73.02 72.78 72.70 73.45 73.75 73.67 73.44 73.43 73.23 73.49 73.66 73.69 74.55 74.80 75.04 75.15 75.29 75.39 75.50 75.67 75.89 75.70 75.47 76.00 76.47 76.34 75.94 75.83 75.69 76.25 76.42 76.61 76.87 76.99 77.04 77.10 77.12 77.08 77.13 76.94 77.13 77.01 76.88 76.84 76.85 76.80 76.55 76.37 76.20 76.08 76.21 76.13 76.17 76.19 76.21 76.20 76.11 76.23 76.25 76.21 76.15 76.25 76.27 76.35 76.01 76.21 76.20 76.12 76.00 75.86 76.00 76.01 75.97 75.96 75.79 75.55 75.70 75.46 75.21 75.21 75.05 75.03 75.08 75.20 74.88 74.21 75.08 75.19 75.00 75.78 75.49 74.93 74.88 75.15 75.36 75.45 75.82 76.07 76.26 76.42 76.55 76.69 76.81 76.86 76.89 76.93 76.94 76.96 77.05 76.99 77.08 77.11 77.14 77.17 77.14 77.23 77.17 77.18 77.15 77.13 77.13 77.15 77.08 77.02 76.53 75.92 75.11 74.49 74.06 73.88 72.33 73.13 74.51 75.29 75.64 75.88 76.01 76.15 76.25 76.35 76.43 76.53 76.47 76.61 76.65 76.54 76.76
25°N ||     76.82 76.84 76.84 76.93 77.00 77.00 77.05 77.07 77.08 77.12 77.14 77.14 77.14 77.15 77.15 76.77 76.33 76.17 76.21 76.12 76.36 76.29 76.28 76.27 76.05 75.77 75.19 75.36 74.95 74.49 74.02 73.72 73.30 72.93 72.71 72.25 72.31 73.65 73.73 73.42 73.52 73.44 73.54 72.81 73.98 74.58 74.90 75.02 75.09 75.17 75.03 75.34 75.37 75.97 75.36 75.42 75.49 75.44 76.07 76.59 76.66 76.04 76.34 76.71 76.87 77.03 77.09 77.10 77.14 77.18 77.17 77.14 77.11 77.06 76.92 76.96 76.94 76.99 77.06 76.71 76.57 76.30 76.24 76.33 76.34 76.25 76.29 76.25 76.26 76.16 76.23 76.34 76.24 76.25 76.26 76.40 76.30 76.23 76.17 76.22 75.97 76.00 76.09 76.01 75.92 76.16 76.08 75.74 75.92 75.83 75.50 75.68 75.61 75.57 75.85 75.15 75.34 74.60 74.85 74.35 74.72 74.65 74.68 74.92 74.95 75.06 74.99 74.93 75.51 75.33 75.99 76.28 76.26 76.45 76.72 76.85 76.90 77.01 77.04 77.07 77.14 77.17 77.21 77.28 77.35 77.42 77.47 77.48 77.47 77.43 77.38 77.35 77.36 77.31 77.26 77.20 77.10 76.97 76.21 75.47 74.42 74.02 72.37 66.69 72.10 74.38 75.31 75.70 75.87 76.03 76.23 76.23 76.38 76.46 76.58 76.61 76.66 76.65 76.75 76.78
27°N ||     76.89 76.93 76.95 76.95 77.06 77.03 77.12 77.14 77.14 77.15 77.16 77.16 77.16 77.16 77.16 76.86 76.40 76.19 76.22 76.19 76.16 76.21 75.86 75.99 76.01 75.86 75.67 75.09 74.71 74.35 73.89 73.56 73.23 72.86 72.27 72.19 72.49 73.80 73.99 73.61 73.76 73.74 73.77 72.81 73.65 74.56 74.84 74.95 75.02 74.88 74.68 74.80 75.42 75.69 75.94 76.09 76.02 76.23 76.30 76.61 76.37 75.91 76.87 76.93 77.01 77.06 77.06 77.12 77.19 77.21 77.08 77.17 77.18 77.13 76.98 77.14 77.02 77.07 77.12 77.10 76.69 76.58 76.48 76.43 76.45 76.34 76.26 76.22 76.27 76.27 76.29 76.31 76.27 76.24 76.29 76.21 76.32 76.28 76.11 75.98 76.32 75.93 76.08 76.09 75.71 76.26 75.44 75.83 75.93 75.75 75.73 75.79 75.75 75.68 75.61 75.71 75.59 76.01 75.29 75.00 75.23 75.76 74.91 75.16 75.23 74.70 74.45 75.19 75.68 75.41 76.04 76.19 76.39 76.64 76.83 76.95 77.08 77.09 77.15 77.22 77.27 77.36 77.42 77.55 77.65 77.67 77.71 77.67 77.66 77.60 77.56 77.56 77.47 77.39 77.30 77.24 77.13 77.01 76.65 75.65 74.80 74.19 73.40 72.73 73.42 75.04 75.62 75.83 75.95 76.09 76.13 76.37 76.45 76.52 76.62 76.69 76.70 76.73 76.79 76.85
29°N ||     76.99 77.02 77.06 77.10 77.15 77.14 77.17 77.19 77.20 77.19 77.20 77.21 77.20 77.10 77.20 77.16 76.77 76.33 76.12 76.14 76.15 76.17 75.83 75.76 76.12 75.94 75.36 74.98 74.61 74.19 73.81 73.46 73.22 72.83 71.75 72.09 72.99 73.82 73.94 73.76 74.04 74.09 74.05 74.15 74.36 74.59 74.86 75.00 74.99 74.60 74.70 74.95 74.97 75.71 75.78 75.87 75.89 76.18 76.26 76.41 76.38 76.57 76.80 76.69 76.56 76.96 77.00 77.09 77.18 77.23 77.19 77.26 77.23 77.26 77.24 77.21 77.14 77.17 77.21 77.23 77.20 76.76 76.64 76.54 76.58 76.39 76.31 77.48 76.33 76.28 76.35 76.44 76.33 76.34 76.21 76.25 76.32 76.30 76.14 76.13 76.04 76.11 76.07 76.11 75.93 75.81 75.58 75.74 75.78 75.57 75.77 75.73 75.92 76.13 76.08 76.07 75.77 75.34 75.26 75.20 75.41 75.16 75.02 75.14 74.88 75.32 75.94 76.16 76.13 76.24 76.33 76.46 76.74 76.81 76.92 77.10 77.14 77.23 77.33 77.43 77.52 77.61 77.74 77.83 77.88 77.96 77.93 77.81 77.87 77.77 77.73 77.64 77.55 77.44 77.37 77.32 77.23 77.14 76.85 76.22 75.62 75.06 74.50 74.44 74.94 75.69 75.87 75.96 76.03 76.12 76.33 76.42 76.53 76.62 76.71 76.78 76.80 76.81 76.90 76.95
31°N ||     77.13 77.10 77.17 77.18 77.19 77.19 77.21 77.25 77.26 77.24 77.23 77.25 77.25 77.24 77.23 77.21 76.96 76.66 76.52 76.48 76.37 76.31 76.11 76.10 76.23 75.49 75.21 74.90 74.43 74.11 73.75 73.64 73.14 72.88 72.42 72.47 73.02 73.87 73.91 73.91 74.12 74.23 74.38 74.39 74.52 74.68 74.85 75.04 74.94 74.39 74.94 75.06 75.12 75.34 75.45 75.58 75.78 75.84 75.97 76.36 76.21 76.52 76.61 76.70 76.84 76.86 76.99 77.06 77.09 77.23 77.26 77.26 77.31 77.36 77.33 77.41 77.24 77.28 77.32 77.26 77.24 77.16 76.88 77.08 76.75 76.60 76.41 76.29 76.38 76.42 76.45 76.38 76.32 76.28 76.50 76.36 76.26 76.15 76.11 76.25 76.03 76.06 76.16 76.14 75.98 75.95 75.68 75.69 75.81 75.68 75.63 75.60 75.93 76.06 76.01 76.00 75.67 75.37 75.53 75.56 75.49 75.93 75.23 75.10 75.50 75.35 75.70 76.25 76.19 76.32 76.47 76.70 76.76 76.91 77.03 77.14 77.26 77.38 77.56 77.67 77.75 77.86 78.13 78.00 78.09 78.15 78.11 78.04 77.99 77.90 77.78 77.71 77.77 77.53 77.52 77.44 77.35 77.26 77.03 76.77 76.27 76.01 75.85 75.81 75.59 75.25 76.07 76.08 76.13 76.20 76.01 76.93 76.67 76.34 76.83 76.68 76.91 76.94 76.96 77.08
33°N ||     77.23 76.92 77.18 77.19 77.24 77.23 77.24 77.28 77.26 77.28 77.28 77.30 77.30 77.29 77.32 77.29 77.25 77.01 76.64 76.28 76.36 76.35 76.39 76.32 75.78 75.33 75.09 74.77 74.52 73.92 73.60 73.33 72.93 72.58 72.29 72.38 72.93 73.74 74.05 74.14 74.29 74.44 74.50 74.58 74.47 74.66 74.65 74.52 74.50 74.63 74.94 75.17 75.21 75.14 75.40 75.69 75.81 75.88 75.85 75.91 75.88 75.90 76.22 76.69 76.70 76.98 77.05 77.09 77.13 77.23 77.31 77.44 77.45 77.45 77.42 77.51 77.47 77.48 77.46 77.32 77.41 77.39 77.22 77.00 76.86 76.66 76.50 76.40 76.53 76.44 76.42 76.24 76.37 76.36 76.37 76.26 76.30 76.15 76.26 76.29 75.98 75.94 76.09 75.87 76.28 75.76 75.81 75.62 75.80 75.43 75.26 75.46 75.80 75.91 75.83 75.61 75.60 75.72 75.55 75.92 75.85 75.93 75.87 75.46 75.70 76.03 76.08 76.29 76.40 76.58 76.66 76.80 76.89 77.01 77.13 77.26 77.41 77.61 77.74 77.83 77.97 78.04 78.13 78.20 78.34 78.19 78.14 78.11 78.06 77.84 77.90 77.83 77.75 77.62 77.50 77.59 77.55 77.44 77.33 77.23 77.05 76.86 76.78 76.58 76.37 75.95 76.39 76.27 76.22 76.32 76.36 76.65 76.80 76.84 76.92 76.98 77.02 77.10 77.15 77.20
35°N ||     77.31 77.27 77.27 77.25 77.27 77.26 77.28 77.29 77.28 77.30 77.32 77.32 77.32 77.31 77.35 77.30 77.34 77.27 77.00 75.80 76.21 76.32 76.24 75.91 75.16 75.32 75.07 74.74 74.30 73.75 73.25 72.70 72.16 71.90 71.73 71.66 72.06 72.67 73.69 74.29 74.48 74.56 74.63 74.60 73.96 74.17 74.77 74.94 74.69 74.57 74.93 74.83 74.68 74.85 75.26 75.68 75.84 75.94 75.95 75.99 76.00 75.97 76.21 76.68 76.92 77.01 77.08 77.09 77.17 77.25 77.29 77.48 77.43 77.53 77.55 77.63 77.61 77.68 77.60 77.52 77.49 77.43 77.44 77.00 76.88 76.72 76.66 76.60 76.51 76.56 76.31 76.33 76.35 76.49 76.57 76.25 76.29 76.21 76.29 76.20 76.19 76.15 76.13 76.08 76.05 75.85 75.72 76.10 75.69 75.31 75.83 75.40 75.45 75.37 75.27 75.22 75.43 75.58 75.67 76.06 76.09 76.04 76.37 76.27 76.18 76.36 76.36 76.41 76.54 76.65 76.77 76.89 76.96 77.11 77.21 77.39 77.54 77.74 77.89 78.02 78.07 78.14 78.30 78.39 78.45 78.41 78.30 78.28 78.12 78.09 77.98 77.73 77.84 77.71 77.68 77.66 77.59 77.50 77.49 77.40 77.34 77.20 77.15 77.09 76.94 76.86 76.71 76.50 76.41 76.43 76.44 76.61 76.64 76.91 76.96 77.02 77.10 77.22 77.29 77.33
37°N ||     77.40 77.30 77.32 77.26 77.32 77.30 77.32 77.32 77.30 77.32 77.34 77.35 77.35 77.33 77.31 77.30 77.28 77.22 77.19 76.26 76.24 76.18 76.01 75.76 75.33 75.37 75.10 74.77 74.36 73.48 72.49 71.78 71.08 70.66 70.65 70.99 71.34 71.45 72.37 73.57 74.39 74.73 74.77 74.74 74.65 74.50 74.64 74.79 74.92 75.23 74.67 74.53 74.39 74.22 74.79 75.39 75.82 75.91 75.93 75.92 75.98 75.94 76.36 76.74 76.91 77.01 77.08 77.14 77.18 77.31 77.35 77.45 77.50 77.62 77.65 77.74 77.83 77.80 77.78 77.68 77.71 77.65 77.57 77.53 77.34 77.22 77.17 77.04 76.84 77.06 76.52 76.44 76.34 76.32 76.42 76.33 76.39 76.50 76.25 76.41 76.29 76.40 76.22 76.50 76.28 76.25 76.01 75.89 75.77 75.52 75.40 75.31 75.31 75.12 75.13 75.13 75.28 75.75 76.39 76.26 76.16 76.04 76.16 76.09 76.35 76.42 76.46 76.48 76.67 76.75 76.86 77.00 77.09 77.18 77.38 77.54 77.64 77.84 77.97 78.16 78.24 78.38 78.50 78.51 78.54 78.57 78.51 78.39 78.35 78.21 78.13 78.06 77.99 77.86 77.95 77.90 77.74 77.59 77.60 77.47 77.35 77.29 77.13 77.06 76.92 76.87 76.75 76.64 76.55 76.55 76.52 76.66 76.62 76.99 77.02 77.08 77.22 77.25 77.32 77.34
39°N ||     77.36 77.34 77.36 77.32 77.10 77.33 77.34 77.20 77.34 77.34 77.32 77.34 77.30 77.31 77.29 77.27 77.27 77.29 77.16 76.87 76.03 75.95 76.10 75.81 75.80 75.44 75.24 74.95 74.20 72.90 71.67 70.61 69.94 69.85 69.52 69.76 70.91 71.12 71.53 72.70 74.03 74.76 74.89 74.85 74.59 74.69 74.52 73.71 74.72 74.78 74.76 74.59 74.24 73.95 74.31 74.99 75.57 75.77 75.87 75.85 76.12 76.15 76.18 76.54 76.94 77.07 77.10 77.14 77.25 77.34 77.46 77.56 77.58 77.73 77.81 77.86 77.90 77.94 77.94 78.02 77.79 77.79 77.75 77.70 77.59 77.27 77.36 77.20 76.94 76.91 76.82 76.59 76.58 76.55 76.52 76.40 76.33 76.30 76.51 76.41 76.47 76.91 76.47 76.21 76.56 76.15 76.07 76.04 75.93 75.94 75.73 75.39 76.10 75.23 75.27 75.59 75.42 75.63 76.34 76.36 76.37 76.37 76.39 76.45 76.47 76.52 76.57 76.67 76.73 76.84 76.95 77.09 77.13 77.33 77.46 77.64 77.76 77.88 78.10 78.14 78.47 78.59 78.63 78.63 78.62 78.64 78.55 78.52 78.43 78.48 78.29 78.24 78.10 78.07 78.01 77.96 77.88 77.68 77.48 77.51 77.38 77.30 77.18 77.06 76.92 76.91 76.82 76.75 76.71 76.66 76.62 76.47 76.10 77.03 77.07 77.09 77.22 77.32 77.36 77.33
41°N ||     77.36 77.37 77.39 77.38 77.36 77.35 77.32 77.34 77.33 77.32 77.33 77.34 77.32 77.34 77.28 77.30 77.26 77.11 77.04 76.86 76.61 76.42 76.24 76.10 75.90 75.67 75.49 75.02 74.12 72.68 71.30 70.45 70.15 70.07 69.37 69.74 70.74 71.28 71.83 73.03 74.22 74.84 74.91 74.87 74.22 74.75 74.58 74.23 74.54 74.44 74.46 74.32 74.31 74.45 74.68 74.87 75.36 75.75 75.77 75.72 75.96 76.16 76.17 76.48 76.85 77.13 77.18 77.14 77.30 77.41 77.49 77.63 77.71 77.81 77.91 78.00 78.04 78.06 78.07 78.05 78.01 77.98 77.90 78.05 78.02 77.70 77.51 77.45 77.24 77.26 76.90 77.18 76.95 76.79 76.84 76.59 76.48 76.71 76.37 76.55 77.00 77.01 76.96 76.34 76.49 76.01 75.90 76.18 76.21 76.10 75.95 76.07 76.67 76.35 75.85 76.01 76.44 75.87 76.41 76.36 76.40 76.39 76.55 76.58 76.64 76.60 76.69 76.71 76.84 76.97 77.05 77.10 77.22 77.36 77.59 77.74 77.91 77.99 78.28 78.40 78.49 78.66 78.68 78.67 78.66 78.61 78.63 78.59 78.55 78.44 78.37 78.38 78.35 78.23 78.12 78.00 77.90 77.82 77.69 77.57 77.42 77.28 77.20 77.09 76.95 76.94 76.90 76.84 76.83 76.74 76.39 76.52 76.39 76.95 77.07 77.17 77.19 77.31 77.32 77.38
43°N ||     77.37 77.41 77.41 77.39 77.37 77.36 77.35 77.33 77.33 77.34 77.33 77.38 77.35 77.36 77.30 77.28 77.21 77.10 76.91 76.70 76.55 76.42 76.28 76.15 76.01 75.86 75.64 75.38 74.68 73.61 72.30 71.25 70.76 70.61 70.50 70.63 71.20 71.57 73.33 74.47 75.06 75.20 75.04 74.98 75.00 74.50 74.78 74.11 74.47 74.51 74.42 74.57 73.94 74.48 75.07 74.94 75.13 75.60 75.81 76.04 76.02 76.05 76.18 76.49 76.84 77.17 77.29 77.33 77.40 77.50 77.65 77.74 77.90 77.96 78.28 78.06 78.15 78.09 78.16 78.16 78.12 78.10 77.98 78.00 78.03 77.81 77.74 77.53 77.46 77.48 77.37 77.30 77.28 77.16 76.98 76.76 76.67 76.60 76.87 76.93 77.07 77.00 76.67 76.93 76.66 76.89 76.79 76.88 76.03 75.98 75.84 76.45 75.94 75.77 76.52 76.54 76.46 76.39 76.41 76.50 76.52 76.53 76.73 76.95 76.71 76.71 76.73 76.88 76.99 77.04 77.01 77.21 77.23 77.42 77.61 77.84 77.98 78.02 78.27 78.44 78.59 78.67 78.62 78.49 78.67 78.61 78.57 78.48 78.63 78.35 78.38 78.35 78.27 78.22 78.22 78.08 77.95 77.90 77.64 77.57 77.42 77.28 77.12 77.07 77.01 76.96 76.89 76.91 76.90 76.79 76.63 76.52 76.29 76.91 77.16 77.16 77.29 77.32 77.37 77.42
45°N ||     77.46 77.46 77.42 77.42 77.41 77.39 77.37 77.34 77.33 77.36 77.36 77.32 77.32 77.30 77.29 77.21 77.10 76.96 76.80 76.66 76.52 76.40 76.30 76.21 76.14 76.05 75.91 75.71 75.31 74.62 74.04 73.58 73.42 71.89 71.23 71.06 71.70 73.11 74.11 74.89 75.24 75.37 75.35 75.42 75.53 75.65 75.69 75.48 74.79 74.36 73.92 74.38 75.06 75.00 75.00 75.24 75.82 75.68 75.81 76.09 76.18 76.35 76.46 76.63 76.87 77.23 77.28 77.42 77.52 77.63 77.71 77.90 77.98 78.08 78.07 78.23 78.22 78.23 78.32 78.32 78.17 78.21 78.16 78.12 78.05 77.98 77.79 77.84 77.74 77.56 77.52 77.60 77.40 77.29 77.26 77.20 76.95 76.82 77.06 77.07 76.82 76.67 76.55 76.97 76.68 76.90 76.93 76.94 76.64 76.42 76.14 76.52 76.41 76.34 76.55 76.43 76.34 76.52 76.55 76.60 76.58 76.69 76.74 76.83 76.83 76.88 76.90 76.92 77.03 77.09 77.16 77.19 77.39 77.48 77.76 77.92 78.07 78.23 78.30 78.45 78.57 78.69 78.68 78.69 78.66 78.55 78.59 78.60 78.56 78.53 78.42 78.47 78.40 78.17 78.24 78.19 78.04 77.85 77.59 77.48 77.40 77.21 77.11 77.06 77.05 77.01 77.00 76.99 76.98 76.93 76.85 76.70 76.44 77.01 77.03 77.09 77.24 77.40 77.40 77.46
47°N ||     77.47 77.46 77.46 77.41 77.40 77.39 77.37 77.37 77.32 77.39 77.37 77.33 77.34 77.28 77.19 77.16 76.99 76.89 76.77 76.66 76.51 76.44 76.37 76.32 76.26 76.19 76.08 76.02 75.87 75.65 75.41 75.31 75.32 75.29 74.38 74.17 74.78 75.08 75.15 75.20 75.34 75.42 75.38 75.43 75.59 75.72 75.73 75.70 74.71 74.41 74.90 75.28 75.82 75.56 75.66 76.04 75.85 76.33 75.84 76.05 76.24 76.42 76.63 76.88 77.14 77.31 77.41 77.48 77.68 77.72 77.88 77.99 78.04 78.13 78.17 78.15 78.07 77.93 78.31 78.32 78.28 78.32 78.24 78.21 78.12 78.08 78.05 77.99 77.90 77.80 77.71 77.67 77.63 77.55 77.35 77.39 77.25 77.16 77.16 77.19 77.10 77.06 77.19 77.00 76.85 76.97 76.78 76.79 76.90 76.69 76.52 76.64 76.66 76.72 76.74 76.39 76.55 76.61 76.65 76.74 76.75 76.79 76.89 76.83 76.94 76.95 76.96 76.99 77.08 77.12 77.27 77.32 77.46 77.58 78.11 78.15 78.08 78.19 78.32 78.43 78.55 78.67 78.67 78.63 78.63 78.60 78.57 78.56 78.47 78.57 78.52 78.48 78.35 78.33 78.32 78.14 77.97 77.79 77.66 77.10 77.20 77.35 77.20 77.17 77.13 77.09 77.09 77.04 77.05 77.03 77.00 76.90 76.94 77.00 77.07 77.22 77.26 77.37 77.41 77.48
49°N ||     77.50 77.48 77.47 77.42 77.45 77.44 77.41 77.41 77.37 77.37 77.39 77.33 77.31 77.22 77.13 77.05 76.91 76.85 76.76 76.66 76.57 76.52 76.46 76.39 76.30 76.25 76.21 76.16 76.11 76.05 75.99 75.92 75.87 75.81 75.73 75.76 75.79 75.77 75.59 75.46 75.43 75.54 75.51 75.30 75.44 75.58 75.61 75.60 75.99 74.96 76.45 76.61 76.70 76.49 76.45 76.06 76.09 76.10 76.44 76.14 76.42 76.60 76.86 77.09 77.17 77.42 77.55 77.69 77.72 77.92 77.93 78.02 78.12 78.15 78.18 78.19 78.24 78.33 78.38 78.37 78.38 78.32 78.31 78.26 78.23 78.17 78.16 78.02 77.98 77.93 77.86 77.76 77.62 77.55 77.48 77.49 77.37 77.39 77.38 77.33 77.14 77.25 77.03 77.12 79.20 77.42 76.82 77.02 76.95 76.78 76.72 76.78 76.74 76.73 76.63 76.79 76.76 76.80 76.84 76.81 76.82 76.86 76.93 76.92 76.92 76.98 76.96 77.04 77.09 77.18 77.31 77.42 77.55 77.70 78.01 78.10 78.06 78.22 78.23 78.41 78.50 78.57 78.63 78.63 78.58 78.60 78.57 78.57 78.51 78.39 78.54 78.43 78.31 78.22 78.22 78.01 77.91 77.74 77.67 77.17 77.06 77.40 77.28 77.24 77.23 77.19 77.20 77.16 77.10 77.14 77.08 77.10 76.81 76.99 77.30 77.27 77.26 77.44 77.55 77.46
51°N ||     77.51 77.51 77.47 77.47 77.48 77.48 77.40 77.39 77.40 77.38 77.34 77.27 77.22 77.16 77.07 76.98 76.88 76.79 76.72 76.66 76.52 76.54 76.48 76.40 76.38 76.32 76.28 76.24 76.20 76.17 76.12 76.06 76.00 75.96 75.97 75.98 75.92 75.88 75.75 75.63 75.57 75.58 75.62 75.66 75.58 75.73 75.91 76.11 76.40 76.51 76.61 76.69 76.80 76.86 76.88 76.65 76.23 76.17 76.29 76.56 76.70 76.91 77.08 77.37 77.39 77.52 77.62 77.77 77.88 77.96 78.09 78.18 78.24 78.24 78.30 78.33 78.35 78.26 78.53 78.60 78.38 78.37 78.41 78.15 78.31 78.23 78.11 78.08 78.12 78.01 77.98 77.90 77.80 77.71 77.64 77.58 77.51 77.36 77.51 77.39 77.37 77.36 77.04 78.55 79.25 77.23 76.69 77.02 76.98 76.89 76.89 76.87 76.87 76.89 76.95 76.87 76.90 76.88 76.93 76.95 76.93 76.97 76.93 76.95 76.98 76.99 76.97 77.05 77.11 77.17 77.26 77.41 77.57 77.69 77.85 77.88 78.09 78.16 78.30 78.38 78.46 78.52 78.62 78.60 78.62 78.61 78.53 78.58 78.56 78.49 78.46 78.34 78.33 78.14 77.93 77.97 77.87 77.75 77.67 77.61 77.50 77.45 77.39 77.32 77.29 77.30 77.23 77.25 77.19 77.18 77.16 77.18 77.11 77.28 77.29 77.22 77.30 77.46 77.56 77.55
53°N ||     77.51 77.49 77.53 77.53 77.51 77.49 77.45 77.41 77.38 77.30 77.32 77.27 77.18 77.11 77.01 76.89 76.75 76.77 76.74 76.68 76.63 76.59 76.53 76.48 76.43 76.39 76.35 76.30 76.27 76.23 76.19 76.17 76.12 76.10 76.11 76.10 76.09 76.02 75.91 75.81 75.74 75.73 75.77 75.82 75.93 76.08 76.17 76.30 76.43 76.57 76.69 76.76 76.83 76.89 76.95 77.01 76.57 76.70 76.47 76.90 77.27 77.36 77.45 77.50 77.59 77.69 77.86 77.94 78.03 78.08 78.23 78.29 78.31 78.34 78.39 78.45 78.46 78.42 78.50 78.46 78.39 78.45 78.40 78.44 78.35 78.46 78.40 78.22 78.19 78.05 78.06 77.99 77.88 77.83 77.71 77.63 77.65 77.84 77.53 77.51 77.37 77.37 77.27 77.17 76.95 76.97 76.94 77.11 77.02 77.07 77.01 77.01 76.95 77.00 77.00 76.98 77.03 77.08 77.00 77.06 77.01 76.99 76.92 76.96 76.99 76.96 76.95 77.04 77.09 77.14 77.28 77.41 77.52 77.64 77.63 77.80 77.91 78.06 78.09 78.19 78.22 78.32 78.34 78.44 78.47 78.49 78.43 78.44 78.32 78.32 78.33 78.32 78.14 78.00 77.93 77.83 77.86 77.76 77.69 77.61 77.55 77.47 77.42 77.39 77.36 77.33 77.34 77.32 77.15 77.21 77.17 77.25 77.24 77.24 77.28 77.39 77.50 77.50 77.56 77.57
55°N ||     77.60 77.58 77.52 77.46 77.48 77.37 77.40 77.42 77.37 77.33 77.31 77.23 77.19 77.09 77.05 76.91 78.05 76.73 76.76 76.73 76.68 76.63 76.60 76.57 76.51 76.46 76.41 76.36 76.32 76.29 76.26 76.26 76.23 76.24 76.22 76.24 76.19 76.16 76.12 76.05 75.97 75.97 75.92 75.96 76.04 76.17 76.30 76.70 76.65 76.76 76.80 76.82 77.08 76.91 77.00 77.10 77.19 77.23 77.38 77.47 77.55 77.63 77.77 77.82 77.92 78.00 78.03 78.12 78.16 78.23 78.34 78.38 78.40 78.46 78.49 78.45 78.48 78.48 78.52 78.60 78.42 78.45 78.48 78.42 78.51 78.39 78.27 78.25 78.14 78.15 78.10 78.06 77.97 77.88 77.73 77.71 77.69 77.67 77.61 77.53 77.49 77.43 77.33 77.33 77.30 77.20 77.15 77.15 77.16 77.11 77.11 77.11 77.07 77.13 77.08 77.14 77.20 77.18 77.17 77.14 77.05 77.02 76.98 76.96 76.92 76.94 77.04 77.09 77.10 77.14 77.25 77.37 77.45 77.48 77.60 77.72 77.81 77.91 77.93 77.99 78.05 78.11 78.14 78.23 78.26 78.22 78.24 78.24 78.05 78.07 78.15 78.05 78.02 77.90 77.83 77.88 77.71 77.77 77.73 77.56 77.50 77.48 77.45 77.45 77.37 77.38 77.34 77.28 77.24 77.29 77.30 77.18 77.22 77.22 77.34 77.50 77.51 77.58 77.62 77.65
57°N ||     77.61 77.60 77.57 77.53 77.55 77.47 77.41 77.38 77.37 77.37 77.28 77.21 77.21 77.11 77.05 77.02 76.81 76.83 76.78 76.77 76.73 76.70 76.66 76.62 76.59 76.55 76.50 76.45 76.45 76.40 76.39 76.36 76.35 76.36 76.34 76.34 76.33 76.31 76.29 76.20 76.18 76.13 76.12 76.13 76.19 76.31 76.44 76.55 76.70 76.76 76.82 76.86 76.90 76.98 77.08 77.18 77.29 77.41 77.52 77.62 77.82 77.88 77.93 77.98 78.05 78.08 78.15 78.22 78.26 78.35 78.37 78.79 78.50 78.51 78.52 78.57 78.55 78.51 78.52 78.51 78.49 78.59 78.42 78.44 77.99 79.12 78.29 78.24 78.22 78.14 78.15 78.03 77.97 77.92 77.88 77.78 77.77 77.68 77.63 77.51 77.51 77.47 77.36 77.27 77.23 77.24 77.23 77.16 77.24 77.20 77.17 77.22 77.27 77.26 77.26 77.28 77.32 77.28 77.23 77.12 77.08 77.08 77.05 77.00 77.00 77.02 76.99 77.04 77.10 77.12 77.23 77.27 77.38 77.38 77.44 77.54 77.67 77.73 77.77 77.74 77.88 77.85 77.96 78.06 78.07 78.04 78.02 78.05 78.02 77.95 78.00 77.95 77.96 77.95 77.82 77.86 77.76 77.79 77.75 77.63 77.56 77.57 77.48 77.45 77.42 77.37 77.36 77.33 77.24 77.31 77.30 77.25 77.39 77.33 77.35 77.45 77.55 77.55 77.59 77.60
59°N ||     77.58 77.60 77.58 77.49 77.55 77.53 77.37 77.46 77.45 77.44 77.39 77.32 77.25 77.20 77.11 77.01 77.03 76.94 76.90 76.85 76.81 76.77 76.72 76.68 76.68 76.66 76.64 76.60 76.58 76.55 76.53 76.49 76.48 76.49 76.52 76.49 76.48 76.49 76.43 76.37 76.34 76.32 76.33 76.40 76.44 76.55 76.62 76.69 76.78 76.83 76.88 76.97 77.01 77.09 77.19 77.27 77.38 77.50 77.61 77.77 77.96 77.87 78.10 78.14 78.16 78.21 78.28 78.33 78.36 78.35 78.44 78.44 78.47 78.54 78.56 78.56 78.52 78.59 78.63 78.60 78.51 78.49 78.50 78.44 78.41 78.39 78.35 78.33 78.27 78.14 78.06 78.09 77.98 77.97 77.79 77.84 77.82 77.75 77.61 77.58 77.50 77.47 77.45 77.41 77.40 77.36 77.26 77.26 77.28 77.30 77.36 77.37 77.37 77.37 77.31 77.36 77.36 77.36 77.24 77.19 77.17 77.13 77.05 77.06 77.01 77.01 76.99 77.03 77.07 77.09 77.16 77.16 77.29 77.40 77.38 77.30 77.46 77.51 77.50 77.63 77.72 77.62 77.75 77.83 77.83 77.78 77.84 77.83 77.84 77.84 77.84 77.87 77.85 77.80 77.79 77.82 77.79 77.71 77.71 77.64 77.66 77.57 77.53 77.47 77.43 77.38 77.28 77.29 77.27 77.31 77.34 77.36 77.40 77.39 77.43 77.46 77.53 77.61 77.50 77.57
61°N ||     77.56 77.57 77.55 77.56 77.54 77.58 77.50 77.46 77.49 77.39 77.35 77.35 77.31 77.24 77.17 77.12 77.07 77.02 76.97 76.91 76.87 76.85 76.82 76.80 76.76 76.75 76.72 76.70 76.69 76.68 76.68 76.66 76.67 76.67 76.66 76.64 76.63 76.64 76.62 76.81 76.60 76.60 76.60 76.62 76.64 76.68 76.71 76.77 76.86 76.92 76.95 77.09 77.19 77.27 77.34 77.46 77.55 77.65 77.75 77.83 77.98 78.12 78.18 78.23 78.30 78.67 78.24 78.41 78.44 78.45 78.53 78.43 78.50 78.62 78.67 78.64 78.61 78.63 78.55 78.58 78.53 78.53 78.48 78.49 78.42 78.39 78.32 78.27 78.20 78.14 78.07 78.03 78.01 77.93 77.92 77.91 77.77 77.71 77.68 77.59 77.56 77.51 77.44 77.43 77.41 77.43 77.33 77.38 77.37 77.42 77.41 77.42 77.44 77.43 77.37 77.42 77.37 77.37 77.34 77.22 77.26 77.24 77.02 77.10 77.07 77.04 76.99 76.97 77.00 77.06 77.06 77.10 77.14 76.92 77.16 77.29 77.32 77.31 77.42 77.48 77.53 77.42 77.60 77.64 77.65 77.57 77.64 77.63 77.68 77.72 77.69 77.73 77.69 77.65 77.70 77.71 77.66 77.64 77.65 77.60 77.56 77.58 77.52 77.49 77.46 77.33 77.40 77.38 77.31 77.35 77.33 77.39 77.42 77.41 77.48 77.49 77.46 77.55 77.53 77.48
63°N ||     77.62 77.53 77.52 78.16 77.54 77.56 77.57 77.54 77.52 77.50 77.46 77.38 77.36 77.29 77.27 77.24 77.19 77.15 77.06 76.97 76.87 76.95 76.92 76.89 76.87 76.86 76.83 76.84 76.83 76.81 76.80 76.78 76.77 76.76 76.74 76.73 76.72 76.73 76.73 76.72 76.72 76.73 76.74 76.76 76.80 76.83 76.87 76.89 76.98 77.06 77.18 77.26 77.36 77.47 77.60 77.66 77.74 77.82 77.93 77.96 78.05 78.16 78.26 78.35 78.35 78.37 78.49 78.48 78.46 78.46 78.52 78.48 78.54 78.54 78.57 78.62 78.58 78.52 78.51 78.54 78.52 78.51 78.42 78.37 78.33 78.14 78.17 78.14 78.13 78.09 78.06 77.99 77.90 77.86 77.89 77.69 77.66 77.67 77.64 77.59 77.57 77.52 77.47 77.47 77.47 77.45 77.45 77.46 77.45 77.43 77.47 77.45 77.49 77.45 77.43 77.41 77.40 77.35 77.39 77.34 77.28 77.26 77.25 77.18 77.13 77.10 77.04 77.02 77.00 77.00 77.01 77.05 77.08 77.09 77.14 77.21 77.24 77.25 77.32 77.23 77.39 77.28 77.42 77.48 77.41 77.52 77.51 77.52 77.56 77.57 77.55 77.56 77.63 77.63 77.62 77.59 77.60 77.56 77.59 77.60 77.57 77.53 77.54 77.52 77.43 77.46 77.46 77.47 77.33 77.38 77.40 77.42 77.37 77.46 77.52 77.54 77.52 77.56 77.57 77.58
65°N ||     77.58 77.67 77.59 77.65 77.64 77.61 77.58 77.60 77.44 77.50 77.46 77.46 77.46 77.43 77.55 77.32 77.29 77.25 77.17 77.21 77.17 77.10 77.08 77.06 77.03 77.02 76.95 76.97 76.95 76.94 76.91 76.89 76.88 76.86 76.84 76.81 76.81 76.82 76.80 76.80 76.80 76.82 76.85 76.88 76.93 76.98 77.02 77.09 77.14 77.22 77.30 77.32 77.48 77.64 77.75 77.87 77.98 78.11 78.16 78.19 78.21 78.31 78.35 78.34 78.43 78.46 78.47 78.41 78.45 78.50 78.41 78.43 78.51 78.52 78.52 78.54 78.53 78.48 78.49 78.47 78.48 78.41 78.37 78.13 79.14 81.00 77.68 78.02 78.08 78.01 78.03 77.91 77.92 77.80 77.78 77.72 77.66 77.64 77.63 77.60 77.55 77.54 77.51 77.43 77.49 77.42 77.41 77.44 77.43 77.42 77.47 77.47 77.50 77.44 77.36 77.37 77.45 77.37 77.35 77.40 77.37 77.32 77.30 77.19 77.17 77.07 77.09 77.04 77.03 76.96 77.01 77.00 77.00 77.02 77.08 77.06 77.11 77.14 77.10 77.18 77.24 77.24 77.30 77.32 77.28 77.37 77.37 77.40 77.39 77.41 77.45 77.46 77.47 77.50 77.39 77.51 77.49 77.55 77.53 77.53 77.47 77.46 77.53 77.52 77.46 77.53 77.53 77.41 77.49 77.43 77.52 77.51 77.48 77.49 77.50 77.55 77.48 77.49 77.61 77.41
67°N ||     77.66 77.65 77.69 77.66 77.64 77.71 77.67 77.63 77.66 77.62 77.51 77.53 77.57 77.48 77.50 77.45 77.44 77.41 77.39 77.38 77.27 77.30 77.21 77.18 77.17 77.09 77.16 77.14 77.08 77.06 77.05 76.99 77.00 76.94 77.12 76.89 76.89 76.89 76.88 76.89 76.90 76.93 76.99 77.01 77.05 77.12 77.19 77.28 77.35 77.43 77.53 77.65 77.75 77.88 78.01 78.13 78.26 78.36 78.46 78.55 78.58 78.56 78.49 78.45 78.45 78.44 78.41 78.44 78.49 78.46 78.48 78.48 78.45 78.50 78.49 78.45 78.43 78.34 78.46 78.42 78.39 78.34 78.21 78.17 78.15 78.04 78.02 78.03 77.99 78.00 77.93 77.86 77.85 77.77 77.74 77.67 77.64 77.61 77.58 77.51 77.47 77.50 77.48 77.41 77.42 77.42 77.43 77.40 77.37 77.31 77.35 77.44 77.48 77.44 77.41 77.42 77.35 77.40 77.39 77.38 77.35 77.28 77.31 77.27 77.22 77.18 77.17 77.09 77.04 77.03 76.99 76.95 76.96 76.96 76.92 77.01 77.02 77.04 76.91 77.09 77.13 77.18 77.20 77.17 77.20 77.21 77.12 77.28 77.28 77.31 77.29 77.38 77.37 77.40 77.42 77.42 77.43 77.44 77.45 77.49 77.39 77.41 77.42 77.46 77.45 77.45 77.53 77.53 77.54 77.51 77.55 77.51 77.57 77.56 77.49 77.52 77.54 77.63 77.61 77.64
69°N ||     77.56 77.70 77.70 77.67 77.68 77.69 77.67 77.70 77.61 77.72 77.64 77.63 77.61 77.62 77.52 77.47 77.46 77.53 77.55 77.48 77.48 77.47 77.45 77.42 77.34 77.32 77.12 77.29 77.28 77.17 77.25 77.13 77.15 77.08 77.02 76.98 76.99 76.99 77.00 77.00 77.01 77.08 77.13 77.18 77.23 77.31 77.43 77.55 77.67 77.76 77.83 77.89 77.94 78.03 78.09 78.19 78.26 78.29 78.37 78.40 78.41 78.42 78.40 78.39 78.35 78.38 78.40 78.40 78.36 78.41 78.42 78.39 78.45 78.43 78.33 78.38 78.37 78.30 78.31 78.27 78.22 78.18 78.21 78.14 78.03 78.04 77.93 77.90 77.87 77.83 77.82 77.77 77.70 77.68 77.67 77.55 77.57 77.56 77.53 77.51 77.49 77.48 77.46 77.39 77.41 77.46 77.43 77.40 77.39 77.42 77.28 77.31 77.38 77.38 77.41 77.38 77.35 77.37 77.36 77.30 77.26 77.29 77.27 77.26 77.18 77.17 77.16 77.14 77.11 77.08 77.04 76.99 76.98 76.95 76.91 76.89 76.92 76.97 77.02 77.00 77.03 77.03 77.06 77.07 77.08 77.09 77.11 77.15 77.15 77.15 77.20 77.17 77.22 77.27 77.32 77.35 77.33 77.37 77.48 77.43 77.40 77.40 77.40 77.46 77.46 77.50 77.51 77.55 77.54 77.51 77.50 77.56 77.59 77.61 77.70 77.66 77.63 77.65 77.62 77.59
71°N ||     77.69 77.74 77.78 77.71 77.67 77.73 78.11 77.63 77.71 77.72 77.62 77.66 77.68 77.64 77.71 77.73 77.71 77.66 77.76 77.58 77.51 77.60 77.60 77.56 77.50 77.46 77.41 77.35 77.38 77.29 77.31 77.33 77.33 77.23 77.29 77.30 77.22 77.22 77.23 77.25 77.21 77.32 77.35 77.39 77.46 77.51 77.59 77.70 77.76 77.85 77.92 77.98 77.98 77.97 78.03 78.05 78.07 78.10 78.14 78.14 78.11 78.16 78.16 78.19 78.30 78.24 78.25 78.28 78.36 78.29 78.32 78.29 78.28 78.32 78.26 78.21 78.21 78.24 78.20 78.14 78.10 78.09 78.05 77.99 77.93 77.91 77.87 77.86 77.81 77.73 77.65 77.59 77.62 77.63 77.55 77.55 77.51 77.49 77.47 77.44 77.39 77.36 77.34 77.32 77.37 77.39 77.38 77.34 77.35 77.35 77.39 77.34 77.33 77.34 77.30 77.33 77.29 77.28 77.22 77.27 77.19 77.25 77.23 77.16 77.17 77.16 77.14 77.14 77.11 77.07 77.04 77.05 77.02 77.00 76.95 76.96 76.93 76.91 76.90 76.89 76.87 76.86 76.88 76.90 76.93 76.96 77.01 77.03 77.09 77.08 77.13 77.13 77.13 77.15 77.21 77.19 77.28 77.33 77.36 77.39 77.41 77.35 77.43 77.45 77.46 77.51 77.50 77.52 77.44 77.55 77.55 77.54 77.49 77.58 77.61 77.64 77.71 77.60 77.67 77.65
73°N ||     77.74 77.79 77.79 77.75 77.70 77.81 77.83 77.79 77.79 77.83 77.88 77.80 77.82 77.73 77.90 77.78 77.76 77.74 77.69 77.68 77.71 77.54 77.54 77.60 77.53 77.61 77.53 77.80 77.65 77.58 77.62 77.51 77.46 77.42 77.36 77.41 77.35 77.37 77.40 77.46 77.49 77.53 77.56 77.59 77.65 77.69 77.72 77.75 77.79 77.84 77.91 78.01 77.97 77.98 77.97 77.96 77.93 77.92 77.87 77.92 77.95 77.98 78.00 77.99 78.03 78.08 78.11 78.08 78.07 78.10 78.16 78.21 78.20 78.11 78.16 78.17 78.18 78.10 78.05 77.97 77.97 77.93 77.89 77.85 77.86 77.84 77.80 77.75 77.70 77.69 77.63 77.50 77.50 77.50 77.48 77.39 77.41 77.40 77.37 77.38 77.35 77.34 77.32 77.23 77.30 77.31 77.26 77.25 77.24 77.21 77.26 77.27 77.30 77.29 77.26 77.30 77.31 77.26 77.20 77.17 77.20 77.24 77.22 77.16 77.14 77.13 77.10 77.12 77.06 77.05 77.03 77.00 77.02 76.98 76.99 76.97 76.95 76.93 76.92 76.93 76.94 76.95 76.97 76.98 76.99 77.01 77.02 77.03 77.06 77.08 77.07 77.12 77.12 77.15 77.15 77.15 77.23 77.27 77.29 77.28 77.36 77.36 77.33 77.40 77.46 77.49 77.45 77.50 77.56 77.59 77.28 78.40 77.40 76.85 77.58 77.63 77.73 77.70 77.59 77.68
75°N ||     77.70 77.78 77.73 77.77 77.77 77.87 77.75 77.82 77.83 77.82 77.87 77.80 77.81 77.89 77.81 77.86 77.85 77.71 77.78 77.81 77.76 77.84 77.88 77.95 77.82 77.68 77.70 77.71 77.52 77.58 77.60 77.55 77.65 77.68 77.73 77.60 77.55 77.57 77.49 77.58 77.57 77.60 77.68 77.67 77.66 77.62 77.69 77.73 77.76 77.84 77.88 77.89 77.89 77.90 77.90 78.00 77.88 77.86 77.88 77.89 77.95 77.99 78.01 78.01 78.01 77.98 77.95 77.97 78.00 77.93 78.02 78.02 78.02 78.02 78.00 78.03 77.98 77.97 77.89 77.90 77.84 77.83 77.77 77.89 77.74 77.68 77.63 77.59 77.58 77.57 77.52 77.49 77.46 77.42 77.42 77.39 77.45 77.32 77.29 77.27 77.26 77.25 77.25 77.22 77.23 77.24 77.25 77.22 77.19 77.24 77.21 77.20 77.23 77.23 77.23 77.22 77.20 77.22 77.17 77.17 77.17 77.15 77.11 77.18 77.18 77.16 77.09 77.08 77.08 77.03 77.07 77.05 77.06 77.03 76.98 77.00 76.98 76.98 76.97 76.97 76.96 77.00 77.00 76.94 76.98 77.01 77.04 77.05 77.02 77.03 77.05 77.09 77.10 77.12 77.14 77.15 77.17 77.23 77.25 77.29 77.29 77.34 77.35 77.40 77.42 77.42 77.43 77.46 77.49 77.53 77.54 77.58 77.54 77.72 77.73 77.75 77.76 77.76 77.73 77.67
77°N ||     77.82 77.72 77.54 77.45 77.56 77.78 77.70 77.41 77.43 77.74 77.81 77.81 77.84 77.81 77.80 77.67 77.49 77.53 77.42 77.66 77.50 77.59 77.92 78.15 77.80 77.66 77.65 77.75 77.70 77.68 77.67 77.67 77.71 77.64 77.40 77.62 77.54 77.60 77.57 77.55 77.66 77.64 77.58 77.58 77.64 77.69 77.72 77.75 77.78 77.80 77.81 77.84 77.73 77.88 77.90 77.93 77.95 77.94 77.94 77.94 77.96 77.46 77.47 77.76 77.86 77.83 77.82 77.85 77.78 77.78 77.83 77.84 77.84 77.85 77.81 77.82 77.79 77.80 77.83 77.81 77.76 77.68 77.67 77.64 77.64 77.59 77.49 77.48 77.53 77.49 77.49 77.46 77.40 77.33 77.31 77.34 77.34 77.32 77.29 77.26 77.25 77.25 77.22 77.27 77.21 77.20 77.21 77.20 77.20 77.20 77.20 77.19 77.17 77.13 77.13 77.13 77.17 77.12 77.13 77.07 77.10 77.12 77.13 77.14 77.13 77.14 77.12 77.11 77.08 77.05 77.07 77.04 77.02 76.98 76.84 76.94 77.00 77.00 77.02 77.01 76.98 76.99 76.99 76.99 77.00 76.99 77.02 77.00 77.02 76.99 77.04 77.07 77.07 77.10 77.13 77.14 77.17 77.18 77.16 77.21 77.23 77.28 77.34 77.38 77.39 77.40 77.43 77.49 77.49 77.47 77.53 77.49 77.53 77.59 77.57 77.72 77.80 77.78 77.72 77.78
79°N ||     77.57 77.48 77.48 77.55 77.57 77.53 77.50 77.49 77.52 77.50 77.52 77.40 77.58 77.54 77.57 77.63 77.63 77.67 77.66 77.62 77.60 77.69 77.68 77.70 77.74 77.77 77.71 77.54 77.59 77.51 77.54 77.57 77.59 77.60 77.57 77.61 77.58 77.65 77.63 77.62 77.63 77.65 77.64 77.61 77.56 77.58 77.60 77.63 77.65 77.71 77.76 77.73 77.75 77.78 77.81 77.81 77.78 77.82 77.87 77.86 77.89 77.91 77.89 77.91 77.86 77.86 77.91 77.87 77.79 77.74 77.70 77.67 77.61 77.63 77.64 77.52 77.49 77.52 77.59 77.60 77.52 77.56 77.44 77.14 77.31 77.53 76.87 76.99 77.33 76.66 76.83 77.11 76.95 76.76 77.02 76.68 76.76 77.07 76.96 76.80 76.86 76.89 76.94 77.12 77.15 77.11 77.14 77.15 77.16 77.15 77.15 77.15 77.14 77.14 77.11 77.12 77.11 77.11 77.10 76.98 77.33 76.98 77.08 77.06 77.05 77.07 77.05 77.04 77.05 77.05 77.05 77.06 77.04 77.05 77.04 77.05 77.06 77.06 77.03 77.04 77.03 77.00 76.97 76.98 76.99 76.95 76.90 76.91 76.94 76.98 77.00 76.98 77.04 77.07 77.08 77.13 77.11 77.16 77.15 77.16 77.19 77.23 77.26 77.31 77.32 77.37 77.35 77.34 77.37 77.47 77.46 77.49 77.49 77.53 77.54 77.51 77.51 77.61 77.61 77.59
81°N ||     76.94 76.95 76.96 76.99 76.96 76.96 76.98 76.97 76.97 76.99 77.00 77.02 77.03 77.05 77.07 77.09 77.09 77.11 77.11 77.12 77.13 77.15 77.17 77.20 77.22 77.26 77.32 77.39 77.39 77.45 77.51 77.43 77.44 77.57 77.23 77.23 77.10 77.27 76.91 76.99 77.13 77.18 77.45 77.46 77.47 77.52 77.57 77.55 77.41 77.38 77.04 77.02 76.92 77.03 77.35 77.14 77.17 77.15 77.12 77.16 77.50 77.36 77.41 77.41 77.46 77.50 77.57 77.32 77.21 77.03 77.03 77.09 76.80 76.93 76.84 76.70 76.62 76.69 76.61 76.52 76.51 76.40 76.42 76.36 76.36 76.38 76.29 76.28 76.29 76.24 76.28 76.32 76.21 76.21 76.32 76.24 76.24 76.16 76.16 76.18 76.32 76.37 76.36 76.36 76.36 76.39 76.27 76.60 76.62 76.90 76.87 76.63 76.73 77.02 76.85 76.90 76.78 76.84 76.97 76.71 76.73 76.69 76.73 76.75 76.85 77.03 76.79 76.82 76.83 76.83 76.85 76.84 76.84 76.85 76.86 76.87 76.92 76.97 77.02 77.02 77.03 77.03 77.03 77.01 77.03 77.00 77.01 77.03 77.04 77.08 77.08 77.10 77.11 77.13 77.13 77.12 77.12 77.15 77.16 77.13 77.14 77.16 77.18 77.18 77.18 77.18 77.17 77.15 77.14 77.09 77.04 77.05 77.05 77.04 77.04 77.00 76.98 76.95 76.95 76.94
83°N ||     76.75 76.75 76.75 76.75 76.75 76.75 76.75 76.76 76.76 76.77 76.78 76.79 76.80 76.81 76.82 76.84 76.85 76.86 76.89 76.89 76.91 76.92 76.92 76.92 76.91 76.88 76.97 76.95 76.97 76.67 76.62 76.55 76.65 76.69 76.55 76.63 76.52 76.53 76.53 76.50 76.44 76.49 76.41 76.36 76.36 76.43 76.42 76.40 76.43 76.46 76.51 76.57 76.66 76.69 76.54 76.58 76.50 76.45 76.44 76.49 76.45 76.71 76.68 77.04 77.16 77.26 77.36 77.43 77.42 77.20 77.04 76.84 76.73 76.64 76.61 76.53 76.49 76.45 76.42 76.39 76.37 76.35 76.33 76.31 76.28 76.26 76.24 76.22 76.21 76.20 76.20 76.20 76.19 76.18 76.17 76.15 76.14 76.12 76.12 76.11 76.10 76.08 76.07 76.06 76.05 76.04 76.04 76.03 76.04 76.10 76.18 76.26 76.25 76.28 76.22 76.28 76.36 76.38 76.34 76.30 76.27 76.29 76.39 76.32 76.35 76.30 76.34 76.36 76.32 76.35 76.28 76.30 76.35 76.42 76.39 76.38 76.40 76.34 76.38 76.39 76.44 76.56 76.59 76.64 76.81 76.79 76.92 77.03 77.05 77.03 77.01 77.00 77.00 77.01 77.04 77.06 77.05 77.04 77.00 76.98 76.97 76.96 76.95 76.93 76.91 76.90 76.88 76.87 76.86 76.85 76.84 76.84 76.82 76.81 76.81 76.80 76.78 76.77 76.76 76.75
85°N ||     76.84 76.77 76.83 76.90 76.94 77.09 76.52 76.47 76.56 76.66 76.42 76.54 76.47 76.43 76.47 76.55 76.29 76.21 76.19 76.20 76.20 76.30 76.49 76.38 76.37 76.43 76.57 76.46 76.44 76.54 76.50 76.13 76.16 76.29 76.16 76.11 76.11 76.10 76.11 76.13 76.12 76.18 76.14 76.10 76.12 76.08 76.05 76.05 76.05 76.12 76.13 76.11 76.14 76.24 76.22 76.17 76.18 76.20 76.22 76.24 76.26 76.24 76.29 76.25 76.24 76.23 76.34 76.34 76.48 76.56 76.62 76.75 76.63 76.62 76.61 76.69 76.79 76.92 76.96 76.96 76.98 76.92 76.72 76.58 76.43 76.41 76.43 76.46 76.51 76.61 76.87 76.89 76.29 76.20 76.19 76.22 76.20 76.18 76.13 76.10 76.08 76.12 76.07 76.05 76.03 76.02 76.01 76.00 75.99 75.98 75.98 75.98 75.99 75.99 76.00 76.01 76.02 76.03 76.03 76.03 76.04 76.05 76.06 76.05 76.05 76.05 76.04 76.05 76.05 76.04 76.05 76.04 76.04 76.05 76.06 76.06 76.10 76.10 76.09 76.17 76.08 76.08 76.08 76.23 76.24 76.27 76.32 76.44 76.32 76.24 76.30 76.24 76.37 76.40 76.48 76.57 76.40 76.48 76.54 76.58 76.56 76.47 76.52 76.67 76.62 76.65 76.73 76.93 76.79 76.97 76.83 76.73 76.68 76.62 76.68 76.77 76.82 76.70 76.71 76.74
87°N ||     75.91 75.98 75.95 75.96 76.00 75.96 75.97 75.95 75.87 75.85 75.85 75.86 75.89 75.90 75.87 75.83 75.82 75.83 75.82 75.82 75.83 75.87 75.87 75.76 75.77 75.76 75.79 75.81 75.82 75.83 75.84 75.79 75.74 75.77 75.74 75.69 75.65 75.65 75.64 75.64 75.68 75.67 75.72 75.71 75.67 75.60 75.59 75.58 75.60 75.63 75.63 75.63 75.64 75.65 75.70 75.77 75.78 75.80 75.82 75.82 75.80 75.77 75.77 75.76 75.75 75.74 75.73 75.75 75.76 75.78 75.89 76.02 76.03 76.00 76.01 75.97 76.03 75.98 75.97 76.01 75.96 75.93 75.92 75.92 75.95 75.91 75.94 76.00 75.94 75.99 75.90 75.87 75.89 75.85 75.81 75.80 75.83 75.82 75.85 75.84 75.81 75.76 75.76 75.80 75.80 75.74 75.73 75.71 75.69 75.68 75.68 75.70 75.68 75.69 75.69 75.71 75.72 75.74 75.72 75.81 75.69 75.71 75.73 75.75 75.82 75.86 75.77 75.76 75.80 75.80 75.84 75.79 75.70 75.70 75.70 75.70 75.70 75.72 75.77 75.78 75.79 75.80 75.81 75.79 75.82 75.82 75.84 75.81 75.78 75.73 75.77 75.73 75.79 75.77 75.70 75.71 75.73 75.88 75.82 75.87 75.81 75.93 75.93 75.98 75.98 75.99 75.95 75.92 75.93 75.94 75.93 75.97 76.00 76.00 76.01 76.02 75.98 75.99 76.03 75.97
89°N ||     75.48 75.47 75.48 75.50 75.50 75.42 75.42 75.38 75.38 75.38 75.38 75.37 75.37 75.36 75.36 75.36 75.35 75.34 75.35 75.34 75.34 75.34 75.36 75.35 75.34 75.35 75.34 75.31 75.30 75.28 75.27 75.26 75.25 75.24 75.24 75.23 75.23 75.22 75.22 75.21 75.21 75.21 75.20 75.20 75.20 75.20 75.20 75.19 75.20 75.20 75.21 75.22 75.23 75.25 75.27 75.29 75.30 75.31 75.32 75.32 75.32 75.33 75.34 75.34 75.35 75.36 75.37 75.38 75.37 75.38 75.39 75.39 75.40 75.41 75.42 75.43 75.44 75.44 75.46 75.47 75.46 75.46 75.46 75.47 75.46 75.48 75.48 75.47 75.47 75.47 75.47 75.49 75.51 75.50 75.48 75.46 75.45 75.47 75.52 75.53 75.50 75.46 75.46 75.45 75.44 75.43 75.42 75.41 75.40 75.39 75.39 75.38 75.38 75.37 75.37 75.36 75.36 75.35 75.35 75.35 75.35 75.35 75.34 75.35 75.36 75.35 75.35 75.34 75.33 75.32 75.32 75.32 75.31 75.31 75.29 75.28 75.27 75.26 75.25 75.24 75.24 75.23 75.23 75.23 75.23 75.23 75.23 75.24 75.24 75.25 75.26 75.27 75.28 75.29 75.31 75.32 75.34 75.35 75.34 75.32 75.32 75.33 75.34 75.34 75.33 75.34 75.34 75.35 75.36 75.36 75.38 75.39 75.40 75.41 75.42 75.43 75.44 75.45 75.45 75.47
