Mars Surface Radiation Result (absorbed dose in thin silicon slab) (1E-6 Gy/day).
Column 1 is East longitude (°)
Line 1 is North latitude (°)

-179  -177  -175  -173  -171  -169  -167  -165  -163  -161  -159  -157  -155  -153  -151  -149  -147  -145  -143  -141  -139  -137  -135  -133  -131  -129  -127  -125  -123  -121  -119  -117  -115  -113  -111  -109  -107  -105  -103  -101  -99  -97  -95  -93  -91  -89  -87  -85  -83  -81  -79  -77  -75  -73  -71  -69  -67  -65  -63  -61  -59  -57  -55  -53  -51  -49  -47  -45  -43  -41  -39  -37  -35  -33  -31  -29  -27  -25  -23  -21  -19  -17  -15  -13  -11  -9  -7  -5  -3  -1  1  3  5  7  9  11  13  15  17  19  21  23  25  27  29  31  33  35  37  39  41  43  45  47  49  51  53  55  57  59  61  63  65  67  69  71  73  75  77  79  81  83  85  87  89  91  93  95  97  99  101  103  105  107  109  111  113  115  117  119  121  123  125  127  129  131  133  135  137  139  141  143  145  147  149  151  153  155  157  159  161  163  165  167  169  171  173  175  177  179  
--------------------------------------------------------------------------------------------------
-89°N ||     78.03 78.06 78.10 78.11 78.12 78.11 78.11 78.13 78.16 78.20 78.33 78.38 78.35 78.40 78.58 78.67 78.70 78.76 78.78 78.68 78.62 78.76 78.78 78.74 78.69 78.68 78.62 78.64 78.72 78.69 78.77 78.87 78.82 78.76 78.85 78.78 78.69 78.63 78.56 78.52 78.48 78.41 78.36 78.34 78.32 78.32 78.31 78.31 78.31 78.29 78.27 78.27 78.24 78.23 78.22 78.22 78.16 78.13 78.11 78.11 78.09 78.07 78.06 78.03 78.04 78.07 78.08 77.98 77.94 77.95 77.89 77.87 77.87 77.87 77.84 77.81 77.80 77.79 77.78 77.78 77.77 77.78 77.78 77.77 77.78 77.79 77.78 77.77 77.77 77.77 77.79 77.82 77.83 77.84 77.84 77.85 77.84 77.85 77.87 77.87 77.85 77.85 77.84 77.83 77.84 77.85 77.86 77.87 77.88 77.88 77.89 77.88 77.85 77.87 77.91 77.93 77.93 77.92 77.93 77.95 77.96 77.97 77.98 78.01 78.04 78.06 78.07 78.09 78.11 78.13 78.14 78.15 78.16 78.17 78.18 78.21 78.22 78.22 78.21 78.22 78.18 78.18 78.16 78.13 78.14 78.13 78.13 78.10 78.08 78.05 78.05 78.03 78.03 78.00 77.98 77.96 77.95 77.94 77.94 77.94 77.94 77.94 77.94 77.92 77.92 77.92 77.93 77.93 77.93 77.94 77.94 77.95 77.95 77.95 77.96 77.98 78.00 78.01 78.02 78.03
-87°N ||     79.83 79.89 79.91 80.03 80.00 80.07 79.98 79.97 79.95 79.87 79.87 79.86 79.76 79.64 79.58 79.56 79.58 79.58 79.58 79.54 79.54 79.59 79.72 79.77 79.75 79.71 79.72 79.62 79.70 79.56 79.79 79.81 79.66 79.64 79.63 79.61 79.56 79.51 79.55 79.56 79.53 79.57 79.53 79.50 79.46 79.44 79.43 79.36 79.32 79.27 79.14 79.28 79.10 78.86 78.89 78.83 78.72 78.60 78.54 78.52 78.66 78.21 78.26 78.04 77.98 77.96 77.92 77.89 77.88 77.85 77.77 77.71 77.76 77.75 77.53 77.48 77.42 77.34 77.31 77.44 77.19 77.04 77.02 76.94 76.92 76.93 76.95 76.97 76.99 77.01 77.05 77.06 77.08 77.09 77.10 77.43 77.35 77.50 77.41 77.60 77.60 77.60 77.66 77.67 77.71 77.78 77.84 77.98 78.06 78.11 77.99 77.99 78.02 78.03 78.05 78.05 78.10 78.13 78.19 78.19 78.25 78.30 78.32 78.36 78.43 78.43 78.44 78.51 78.58 78.56 78.62 78.64 78.65 78.70 78.83 78.96 79.06 79.20 79.12 78.95 78.82 78.77 78.74 78.70 78.65 78.65 78.60 78.38 78.35 78.33 78.33 78.34 78.37 78.37 78.36 78.37 78.44 78.54 78.62 78.62 78.69 78.76 78.85 78.89 79.01 79.10 79.18 79.22 79.34 79.37 79.53 79.52 79.54 79.53 79.63 79.54 79.32 79.46 79.83 80.03
-85°N ||     79.29 79.29 79.30 79.30 79.32 79.31 79.34 79.39 79.39 79.39 79.39 79.40 79.42 79.48 79.41 79.35 79.35 79.46 79.45 79.46 79.46 79.48 79.52 79.53 79.53 79.53 79.58 79.68 79.75 79.90 80.23 80.27 80.25 80.25 80.29 80.11 80.29 80.16 80.13 80.09 80.32 80.59 80.53 80.54 80.32 80.28 80.17 80.07 79.98 79.90 79.93 79.82 79.80 79.76 80.00 80.07 79.80 79.63 79.69 80.05 79.88 79.02 78.89 78.92 79.03 79.11 78.98 79.06 79.05 78.68 78.78 78.65 78.39 78.32 78.37 78.15 78.43 78.66 78.89 78.57 78.42 78.34 78.39 78.39 78.48 78.35 78.28 78.16 78.15 78.25 78.15 78.18 78.29 78.28 78.28 78.29 78.30 78.35 78.40 78.51 78.48 78.59 78.85 79.12 79.05 79.01 78.99 79.01 78.98 79.04 79.13 79.19 79.24 79.31 79.11 79.16 79.27 79.29 79.22 79.13 79.11 79.15 79.18 79.27 79.38 79.46 79.47 79.40 79.41 79.36 79.32 79.29 79.25 79.27 79.31 79.42 79.98 81.13 81.56 81.28 80.59 80.28 80.15 80.17 79.71 79.47 79.37 79.26 79.32 79.37 79.25 79.27 79.32 79.46 79.62 79.68 79.72 79.75 79.73 79.73 79.72 79.55 79.40 79.34 79.32 79.41 79.47 79.54 79.66 79.84 79.60 79.66 79.61 79.54 79.48 79.46 79.45 79.45 79.34 79.30
-83°N ||     79.35 79.37 79.39 79.41 79.42 79.42 79.44 79.46 79.49 79.51 79.54 79.57 79.60 79.62 79.61 79.62 79.64 79.67 79.71 79.73 79.76 79.80 79.84 79.88 79.93 79.99 80.04 80.10 80.21 80.34 80.28 80.13 80.11 80.06 80.18 80.28 80.26 80.20 80.28 80.35 80.10 80.09 80.09 80.10 80.12 80.15 80.13 80.66 80.78 80.87 80.78 80.80 80.71 80.71 80.73 80.69 80.63 80.93 81.06 81.09 80.61 80.96 80.85 80.73 81.10 80.80 80.83 80.79 81.22 80.84 81.15 81.41 81.61 81.62 81.42 81.25 81.30 81.29 81.26 81.35 81.30 81.25 81.07 81.10 81.12 81.02 80.94 80.91 80.96 80.94 80.66 80.65 80.76 81.19 80.69 80.59 80.48 80.43 80.47 80.34 80.56 80.03 80.19 79.94 80.35 80.61 80.68 80.43 80.32 80.34 80.37 80.51 80.80 80.92 81.02 81.00 80.56 80.57 80.48 80.44 80.36 80.36 80.03 79.94 80.01 80.06 80.06 79.91 79.91 80.06 79.99 80.01 80.19 80.21 80.43 81.06 81.98 81.89 81.93 81.91 81.91 80.57 80.42 80.46 80.41 80.54 80.49 80.41 80.38 80.37 80.30 80.17 80.06 79.99 79.95 79.82 79.77 79.83 80.15 80.54 81.05 81.31 80.81 80.22 79.45 79.46 79.16 79.09 79.06 79.10 79.24 79.45 79.92 79.87 79.57 79.37 79.29 79.27 79.29 79.32
-81°N ||     79.67 79.74 79.75 79.90 79.65 79.72 79.77 79.82 79.88 79.94 80.01 80.09 80.26 80.31 80.09 80.09 80.14 80.20 80.24 80.28 80.32 80.37 80.39 80.44 80.48 80.53 80.61 80.64 80.68 80.72 80.77 80.95 80.92 80.96 81.09 81.03 80.79 80.83 80.81 80.84 81.03 80.86 80.51 80.56 80.39 80.25 80.32 80.51 80.57 80.47 80.64 80.55 80.79 81.75 81.42 81.64 81.94 81.37 81.93 81.84 81.47 81.61 81.68 81.65 81.68 81.64 81.72 81.72 81.62 81.52 81.63 81.44 81.23 81.25 81.27 81.30 81.25 81.26 81.21 81.23 81.72 81.12 80.94 80.88 80.85 80.87 80.86 80.86 80.83 80.81 80.79 80.81 80.69 80.50 80.29 79.98 79.36 78.72 79.49 79.63 80.09 80.44 80.39 80.52 80.85 81.08 81.24 81.50 81.46 81.32 81.06 81.41 81.56 81.73 81.72 81.82 81.86 81.96 81.92 81.91 81.88 81.93 81.86 81.77 81.74 81.81 81.31 81.35 81.43 81.52 81.59 81.87 81.95 82.07 82.14 82.12 82.09 81.36 80.44 80.23 80.17 80.10 80.05 80.22 80.30 80.30 80.23 80.38 80.47 80.57 80.71 80.81 80.93 80.67 80.80 81.07 81.25 80.89 80.73 80.79 81.33 81.08 80.69 80.68 80.84 80.78 81.24 80.51 79.71 79.41 79.46 79.61 79.74 79.97 80.28 79.58 79.70 79.70 79.51 79.57
-79°N ||     80.04 80.10 80.12 80.24 80.22 80.18 80.19 80.23 80.25 80.46 80.32 80.42 80.49 80.52 80.62 80.79 80.70 80.97 80.60 80.84 80.69 80.73 80.70 81.23 81.74 80.57 81.07 81.66 81.42 81.54 81.46 81.46 81.43 81.46 81.52 81.54 81.55 81.53 81.41 81.37 81.38 81.11 81.81 81.94 80.82 81.02 81.00 80.86 80.82 81.17 81.47 81.09 81.96 81.74 81.84 82.07 82.37 80.89 81.64 81.09 81.93 81.64 80.92 81.43 81.47 81.86 81.92 81.83 81.80 81.76 81.70 81.73 81.71 81.73 81.70 81.66 81.70 81.76 81.70 81.44 81.55 81.75 81.44 81.39 81.42 81.66 81.26 81.47 81.28 81.32 81.37 81.23 81.14 80.81 79.97 79.97 79.56 80.02 80.59 80.92 80.84 81.13 81.19 81.28 81.38 81.65 81.43 81.56 81.26 81.58 81.10 81.43 81.24 81.24 80.86 80.75 81.57 81.77 82.11 82.18 82.25 82.23 82.26 82.24 82.29 82.25 82.19 82.25 82.22 82.28 82.20 82.18 82.28 82.25 82.26 82.28 82.37 82.39 82.31 82.31 82.30 82.36 81.95 81.46 81.67 81.01 80.45 80.44 80.43 80.33 80.41 80.53 80.98 82.38 82.17 81.08 80.86 81.49 80.17 80.19 80.86 80.26 79.95 79.81 79.74 79.86 79.69 80.10 79.82 79.78 79.80 79.86 79.99 79.68 79.59 79.71 79.82 79.93 79.94 79.96
-77°N ||     80.95 80.65 80.57 80.54 80.45 80.75 80.70 81.09 81.04 81.09 81.08 81.12 81.51 81.28 81.22 81.30 81.43 81.44 81.55 81.36 81.28 81.33 81.28 81.40 81.32 81.47 81.71 81.81 81.63 81.76 81.72 81.75 81.75 81.74 81.74 81.76 81.72 81.75 81.72 81.73 81.71 81.73 81.64 81.47 81.40 81.15 80.59 81.36 80.48 80.77 81.66 81.42 81.26 80.71 80.89 81.12 81.31 81.27 81.43 81.40 81.73 81.94 81.73 81.81 82.05 82.10 82.08 82.13 82.13 82.09 82.04 82.02 81.95 81.97 81.93 81.94 81.91 81.80 81.55 81.58 81.49 81.34 81.28 81.11 81.37 81.58 81.42 81.46 81.24 81.37 81.38 81.31 80.91 80.73 80.59 80.41 79.92 79.54 80.70 81.98 82.43 82.64 82.65 81.24 81.55 81.41 81.44 81.64 81.33 81.70 81.39 81.34 81.26 81.75 82.18 81.96 81.32 81.18 80.73 80.49 80.39 80.00 79.86 80.41 81.10 81.61 81.95 81.93 81.82 81.59 80.96 81.72 81.95 81.10 81.74 81.98 82.34 82.22 81.92 81.79 81.40 81.44 81.22 81.74 82.42 82.34 82.12 81.96 81.17 81.21 81.30 80.45 81.21 81.57 81.57 80.62 80.22 80.30 80.06 80.09 80.19 80.02 80.02 80.29 80.16 80.10 80.23 80.33 80.37 80.34 80.24 80.34 80.58 80.23 80.26 80.32 80.54 80.71 80.82 80.62
-75°N ||     81.24 81.36 81.10 81.26 81.06 81.04 81.17 82.02 81.44 81.37 82.52 82.97 81.66 81.81 81.81 81.94 81.68 81.81 81.80 81.58 81.58 81.87 81.87 82.06 81.88 81.96 82.01 82.04 82.01 81.97 81.97 81.94 81.98 81.92 81.42 81.84 81.86 81.84 81.81 81.80 81.73 81.67 81.68 81.70 81.75 81.82 81.73 81.62 81.40 81.26 81.38 80.79 80.65 81.07 81.68 81.78 81.70 82.09 82.29 82.34 82.38 82.36 82.30 82.24 82.21 82.21 82.18 81.94 82.18 82.05 81.87 81.69 81.65 81.46 81.39 81.49 81.41 81.62 81.43 81.45 81.52 81.58 81.69 81.47 81.85 81.57 81.57 81.75 81.56 81.55 81.44 81.10 80.96 81.29 81.45 81.49 81.50 81.51 81.59 81.44 81.26 81.37 81.36 81.32 81.66 81.74 81.74 81.56 81.52 81.39 81.28 81.08 80.59 80.82 80.94 80.39 80.81 80.66 80.43 80.60 80.35 80.28 81.04 81.38 81.17 81.17 82.41 80.73 80.95 80.96 81.09 81.66 81.54 81.39 81.32 81.09 81.43 80.35 79.97 79.55 79.49 80.15 82.69 82.47 82.60 81.16 81.90 81.21 82.06 82.46 82.29 82.21 82.12 82.16 82.29 80.97 79.83 79.77 79.75 79.76 79.73 79.90 80.60 80.47 80.68 80.02 80.09 80.29 80.37 80.37 80.46 80.48 80.52 80.80 80.81 80.89 81.03 80.97 81.03 81.09
-73°N ||     82.62 81.26 82.03 82.02 81.88 81.52 82.42 82.04 82.08 82.07 81.58 81.21 82.48 81.52 81.85 82.08 82.02 82.01 81.92 81.77 81.59 81.19 82.42 80.97 81.24 82.24 81.93 81.90 81.94 82.00 82.03 82.02 82.13 81.69 81.62 81.24 81.50 81.93 81.79 81.86 81.86 81.89 81.78 81.85 81.89 81.89 81.89 81.60 82.30 83.49 83.46 83.68 83.62 81.64 82.26 82.27 82.49 82.55 82.59 82.62 82.63 82.60 82.52 82.41 82.46 82.00 82.19 82.43 82.46 82.47 82.39 82.06 81.81 81.97 81.80 81.67 81.58 81.73 81.97 81.54 81.55 81.56 81.61 81.99 81.79 82.09 82.26 82.21 82.07 82.13 81.71 81.66 81.26 81.69 81.66 81.78 81.98 82.01 82.01 81.98 82.02 82.02 82.12 82.07 81.97 81.90 82.06 81.51 81.42 81.25 80.77 80.38 80.64 81.11 81.59 81.26 81.49 81.35 81.47 81.06 81.22 80.79 80.57 80.47 80.81 80.76 81.14 81.18 81.50 81.46 81.41 81.53 81.59 81.70 81.82 81.83 81.81 81.96 81.55 81.12 81.63 80.13 80.33 81.00 81.10 81.16 81.24 81.55 82.47 81.99 81.71 80.80 81.70 82.21 82.59 82.76 82.01 80.82 79.87 80.32 80.05 80.37 80.92 81.04 80.26 80.57 81.07 81.23 81.06 81.50 82.49 82.17 81.69 81.53 81.55 81.48 81.67 81.44 81.49 82.50
-71°N ||     82.42 82.49 82.63 82.72 82.82 83.06 83.26 83.15 83.18 83.21 83.22 82.33 81.53 81.17 80.44 80.46 81.21 81.40 82.75 81.69 81.77 81.56 81.31 81.40 83.77 82.14 82.09 82.12 81.99 81.73 81.83 81.70 81.69 81.93 81.82 81.77 81.68 82.05 81.85 81.88 82.03 81.83 82.01 81.89 81.94 81.98 81.64 81.42 81.48 82.64 83.55 83.38 83.86 81.42 82.46 82.64 82.71 82.80 82.70 82.73 82.83 82.41 82.25 82.41 82.57 82.67 82.78 82.52 82.54 81.50 81.83 82.07 81.89 82.10 81.75 82.00 81.79 81.25 81.02 80.86 80.76 81.89 81.83 81.81 82.04 82.06 82.24 82.00 82.33 82.13 82.77 82.62 82.10 82.21 82.19 81.98 81.89 81.19 81.87 82.21 82.39 82.04 82.10 82.11 82.09 82.15 81.72 80.74 81.04 81.41 81.46 81.59 81.59 81.79 81.81 81.70 81.99 81.77 81.91 82.01 81.91 82.16 82.19 81.94 82.21 81.70 81.01 81.26 82.74 82.73 81.50 81.71 81.48 80.26 81.12 81.34 81.46 81.00 80.61 80.99 81.53 80.82 81.81 81.93 82.27 82.30 82.24 81.87 81.88 82.12 82.46 82.34 82.66 82.42 83.49 83.80 83.68 83.16 82.68 82.33 82.66 82.41 82.14 82.58 82.83 82.74 82.72 82.49 82.30 82.97 82.38 82.78 82.63 82.67 81.99 81.98 82.05 82.17 81.70 82.41
-69°N ||     81.72 81.81 82.25 82.58 82.03 84.03 83.76 83.21 83.44 83.40 83.34 83.06 82.25 82.39 81.90 82.19 80.78 80.99 81.49 81.99 82.44 82.14 81.84 81.76 81.52 82.37 82.02 82.22 81.75 82.55 81.33 81.43 81.32 81.64 81.69 81.80 82.11 82.14 82.26 82.25 82.36 82.25 82.21 82.28 82.29 83.16 82.03 82.41 82.41 82.38 82.44 82.61 82.62 82.76 82.79 82.71 82.76 82.79 82.52 82.52 82.27 82.77 82.71 82.92 82.74 82.46 81.74 81.79 81.87 81.87 81.82 82.01 81.97 82.22 82.36 82.64 82.45 81.72 81.13 81.43 81.60 82.17 82.21 81.68 81.64 81.38 81.47 81.42 81.73 82.06 82.09 82.24 81.26 82.29 82.38 82.28 82.45 82.45 82.42 82.49 82.42 82.37 82.45 82.35 82.07 81.71 80.90 82.19 82.42 82.27 82.04 81.81 81.92 81.77 81.93 81.37 81.31 81.94 82.41 82.67 82.91 82.71 82.76 82.87 82.85 82.73 82.25 81.74 81.42 81.45 82.05 81.87 81.82 81.86 83.00 81.65 80.20 80.60 80.77 80.89 81.11 81.09 80.67 80.80 81.39 81.93 82.07 81.75 82.36 82.45 82.45 82.56 81.95 80.07 82.45 83.54 83.29 80.72 83.57 83.43 83.32 82.98 82.88 82.77 82.44 82.09 81.80 81.93 81.03 80.74 81.85 82.65 82.53 82.28 82.10 81.90 81.78 81.66 81.92 81.91
-67°N ||     83.74 81.71 81.40 82.29 82.32 82.44 82.48 83.35 83.30 83.48 83.56 83.57 83.34 83.17 82.67 82.29 81.91 81.38 81.28 80.96 80.95 80.65 81.02 81.05 81.48 81.43 81.30 81.20 81.86 80.91 80.92 81.00 81.68 83.58 81.48 81.76 81.78 82.83 82.24 82.27 82.39 82.38 82.33 82.35 82.36 82.42 82.37 82.51 82.52 82.45 82.49 82.61 82.66 82.66 82.55 82.76 82.96 82.79 82.88 82.76 82.06 82.55 82.86 82.85 82.53 82.30 84.76 84.75 84.05 81.92 82.12 82.19 82.27 82.53 82.74 82.27 81.86 81.24 81.33 80.98 81.34 81.36 81.85 81.73 82.12 81.99 82.13 82.16 82.14 82.14 82.19 82.39 82.29 82.47 82.40 82.55 82.40 82.34 82.38 82.14 82.17 81.33 81.10 81.14 80.76 81.35 82.93 83.63 83.54 82.93 82.76 82.20 82.23 81.79 81.98 81.84 82.30 82.50 82.84 82.88 82.84 82.82 82.90 82.89 82.78 83.11 83.09 83.30 83.33 82.66 81.76 81.03 81.73 81.98 81.10 80.90 80.78 80.36 80.97 80.13 80.41 80.84 80.85 81.95 81.56 81.48 80.92 81.29 81.82 82.23 82.62 82.85 82.43 82.67 82.85 82.91 82.96 82.99 82.54 82.78 82.71 82.80 82.54 82.26 82.60 82.53 82.54 82.52 82.44 81.90 82.71 82.39 82.31 82.06 81.50 82.26 81.42 81.39 81.45 82.03
-65°N ||     81.93 81.45 81.08 81.59 81.64 82.74 82.91 83.51 83.33 83.42 83.40 83.58 83.60 83.61 83.48 83.22 83.03 82.95 82.82 82.40 81.77 81.62 81.71 81.44 81.88 81.78 81.38 82.39 82.15 81.43 81.17 81.53 81.27 81.56 81.79 81.94 81.97 82.06 82.09 82.35 82.38 82.50 82.54 82.55 82.66 82.70 82.65 82.63 82.66 82.64 82.50 82.38 82.26 82.41 82.58 82.76 82.76 82.77 82.60 81.53 82.99 83.00 83.24 83.53 82.59 83.05 83.10 83.19 82.32 82.23 82.53 82.37 82.48 82.66 82.96 82.80 82.18 81.96 81.51 81.14 81.17 81.53 82.61 81.92 82.15 82.20 82.18 82.09 81.78 82.25 82.25 82.30 82.23 82.45 82.21 82.49 82.83 82.60 82.26 82.36 82.05 82.09 81.93 81.79 81.33 81.70 81.51 81.81 81.94 81.77 81.71 81.54 81.65 82.36 82.70 83.40 83.33 83.05 82.80 82.66 82.66 82.91 83.14 83.09 83.28 83.19 83.14 83.23 83.22 83.42 82.06 82.00 81.95 81.81 83.88 81.25 81.21 81.37 81.96 80.57 80.54 80.57 81.13 81.18 81.24 80.75 80.60 82.06 81.73 81.28 82.37 82.14 82.03 82.70 82.67 80.86 81.58 81.82 82.60 82.20 81.46 81.66 82.66 82.15 82.50 82.86 82.64 82.75 82.68 82.62 82.17 82.04 81.82 81.08 82.28 82.58 82.03 81.82 81.36 81.23
-63°N ||     81.98 81.94 82.50 81.59 81.24 81.80 82.50 82.67 83.03 82.91 83.31 83.08 83.65 83.41 83.45 83.25 83.36 83.42 83.32 82.66 81.95 81.92 81.58 81.71 81.60 81.78 81.79 81.56 81.50 81.59 81.52 81.70 82.00 82.01 81.96 81.67 81.44 81.88 82.39 82.02 82.60 82.16 81.90 82.41 82.47 82.44 82.16 82.57 82.46 82.43 82.14 82.25 82.70 83.23 82.76 81.78 82.36 83.15 82.94 83.00 82.90 82.87 83.07 83.40 83.96 83.58 82.54 83.69 82.38 83.13 82.77 82.50 82.57 82.40 82.55 83.26 83.49 83.33 83.22 82.69 82.43 81.93 82.06 82.04 82.06 82.13 82.30 82.30 82.31 82.25 82.23 82.25 82.40 82.30 82.37 82.12 82.30 82.40 82.19 82.52 82.57 82.19 82.28 82.54 82.34 82.01 81.75 81.45 81.48 81.19 81.79 81.91 82.34 83.12 83.74 83.83 83.87 83.48 83.17 83.04 82.97 82.91 82.99 83.05 83.39 83.50 83.33 83.27 83.32 83.41 83.13 82.30 82.16 82.54 82.00 81.44 81.13 81.36 81.16 80.26 82.43 80.92 81.69 81.57 81.53 81.15 80.97 80.77 80.47 80.95 81.39 81.92 81.64 81.76 82.23 82.72 83.10 83.14 82.73 82.57 81.88 82.01 82.29 82.28 82.15 81.02 80.95 81.39 82.03 82.42 82.61 82.71 82.45 82.83 82.77 81.56 82.15 82.30 82.22 82.67
-61°N ||     83.05 81.80 81.21 82.00 82.42 82.70 82.67 81.75 81.92 82.22 81.60 81.92 82.75 81.94 84.49 82.06 82.59 82.50 83.37 82.85 82.73 82.67 82.72 81.86 81.64 81.37 82.89 82.31 81.61 81.73 82.33 82.77 82.81 82.64 82.66 82.25 81.72 81.98 81.89 81.86 82.45 81.49 82.04 82.51 82.07 80.85 82.77 83.01 83.07 82.98 82.93 83.15 83.11 82.60 82.04 83.41 83.41 83.05 83.40 83.36 83.25 82.97 83.17 83.27 83.67 84.22 83.77 82.84 83.96 84.02 83.71 83.26 82.03 83.16 83.50 82.77 82.63 82.80 82.62 82.26 81.17 81.19 82.07 82.44 82.11 82.01 81.84 82.25 82.40 82.35 82.44 82.33 82.36 82.60 82.46 82.54 82.47 82.24 82.41 82.58 82.69 82.48 82.37 82.35 81.60 82.35 82.21 82.23 82.24 82.38 82.51 82.59 82.72 82.99 83.39 83.49 82.72 82.63 82.72 82.40 84.41 83.49 82.47 82.82 83.11 83.23 83.54 83.69 83.18 83.63 84.21 83.79 80.70 83.48 83.26 82.97 81.45 81.73 81.71 82.31 81.23 81.14 81.05 81.17 81.25 81.12 81.12 80.84 81.15 80.97 81.23 81.18 81.30 81.46 81.54 82.95 83.88 83.75 83.73 83.51 83.21 82.84 82.53 82.23 82.16 81.70 81.18 81.53 81.63 80.43 81.39 82.38 82.56 82.18 80.90 81.36 81.59 82.79 82.86 82.80
-59°N ||     83.27 82.54 82.30 82.74 82.74 82.48 80.84 81.74 82.02 81.73 82.42 81.73 82.05 81.00 82.32 82.99 82.48 82.66 82.25 82.69 82.90 82.93 82.51 82.32 81.25 81.80 82.06 82.14 82.72 81.78 82.07 82.99 83.12 82.67 83.12 82.73 82.02 81.37 81.20 81.42 81.79 82.56 82.99 82.93 82.82 82.33 83.06 83.27 83.54 83.51 83.53 83.53 83.61 83.67 83.24 82.93 83.11 82.84 83.30 83.48 82.99 82.53 83.82 83.56 82.63 84.21 82.69 83.44 83.95 81.83 82.31 83.53 84.57 83.08 83.94 82.91 82.99 82.54 82.24 82.30 81.56 81.71 82.12 81.80 81.88 82.46 82.22 82.16 82.69 81.10 82.25 82.58 82.69 82.54 83.25 82.28 82.17 82.20 83.66 82.12 82.01 82.58 82.36 82.39 82.48 82.54 82.49 82.37 82.33 82.76 82.85 83.13 83.22 83.22 82.94 82.38 82.42 82.57 82.09 81.52 81.58 81.60 82.52 83.14 83.78 83.96 84.11 83.96 84.14 84.48 84.06 84.02 83.54 83.26 83.48 83.11 82.48 81.03 80.43 80.81 83.55 83.30 80.53 80.54 82.35 80.93 81.08 80.28 81.01 81.44 80.76 80.84 81.53 82.44 82.87 83.18 83.47 83.37 83.55 83.54 83.51 83.40 83.21 82.99 82.39 81.97 81.52 81.44 81.71 81.46 82.86 80.71 81.68 81.93 81.53 82.39 82.71 82.41 82.82 83.04
-57°N ||     83.02 83.09 83.39 83.82 83.13 81.43 81.96 81.74 81.20 81.29 81.44 83.75 81.37 81.52 81.02 81.13 82.01 82.68 82.08 81.92 83.63 82.00 82.04 82.02 81.07 81.90 82.25 82.22 82.17 81.14 80.50 83.06 82.74 82.90 82.88 82.55 82.77 81.93 81.69 81.78 81.51 82.26 82.55 82.74 82.87 82.48 81.86 81.75 82.89 83.60 83.65 83.74 83.52 83.50 83.17 82.31 82.00 82.02 81.66 81.44 82.29 84.43 82.83 82.04 84.06 84.69 84.37 83.12 85.59 80.46 84.98 83.10 82.19 83.18 82.64 84.01 84.42 83.92 83.42 84.62 84.69 83.26 82.22 82.34 82.69 82.29 82.38 82.04 81.97 82.41 82.49 82.61 82.21 81.79 81.80 81.72 81.74 81.86 82.43 81.85 81.51 81.71 81.70 81.77 81.72 82.53 82.57 82.80 83.01 83.18 83.34 83.51 83.71 83.84 83.59 83.11 83.28 83.28 83.51 83.02 82.86 83.17 83.91 84.48 84.86 84.82 84.86 84.84 84.83 85.12 84.49 84.30 83.94 84.30 84.16 84.04 83.95 83.20 80.81 82.20 83.56 84.11 81.15 81.41 82.14 81.92 81.41 81.11 81.06 81.48 82.03 82.26 82.48 82.15 82.84 82.47 83.18 82.38 81.28 81.60 83.28 83.48 83.38 82.95 82.36 81.97 81.62 81.59 81.72 81.62 81.24 81.08 81.70 81.80 83.11 81.68 81.65 81.79 82.19 82.93
-55°N ||     83.18 83.23 83.43 83.57 82.67 82.61 82.50 81.93 81.70 82.37 82.33 82.19 81.93 82.05 81.55 81.88 82.66 82.53 82.56 82.50 81.81 80.93 80.92 83.58 80.87 81.98 82.43 82.44 82.42 82.04 81.72 82.91 82.90 82.75 83.07 82.52 82.16 81.84 81.32 81.19 81.33 81.17 81.08 81.34 82.34 81.94 81.70 82.15 82.88 83.26 83.64 83.68 83.74 83.03 82.61 81.28 81.73 81.15 81.54 83.97 82.22 84.71 84.97 84.12 82.38 85.86 85.78 85.90 85.73 85.74 85.76 85.11 82.15 82.71 84.45 83.41 82.92 84.09 83.85 83.73 82.98 82.53 82.74 82.70 82.57 82.35 82.38 82.03 82.22 81.80 82.12 82.38 82.72 82.26 82.39 83.07 84.15 82.40 82.34 82.48 82.44 82.34 81.56 81.77 81.51 81.83 82.83 82.95 83.26 83.53 83.74 83.90 84.22 84.49 84.44 84.68 84.84 84.98 85.03 85.28 85.47 85.58 85.62 85.67 85.76 85.61 85.49 85.47 85.72 85.24 84.98 84.84 84.60 84.19 84.54 84.42 82.24 83.37 83.17 82.69 82.44 82.20 82.36 82.45 81.10 81.61 81.77 81.78 82.21 82.62 83.09 83.09 84.21 83.64 82.56 82.79 83.09 81.30 81.55 83.49 83.04 82.74 82.49 82.58 82.06 81.90 82.11 82.37 82.72 82.42 82.42 81.58 82.62 82.06 81.72 81.80 82.11 82.68 82.70 83.07
-53°N ||     83.29 82.72 82.85 83.80 84.11 81.87 82.91 83.08 83.05 82.76 82.98 82.26 81.98 82.44 82.41 82.41 82.04 82.58 82.44 82.59 82.42 81.54 81.14 82.56 81.97 82.33 83.85 82.27 82.53 82.27 82.73 82.55 82.57 83.02 82.70 82.68 82.63 81.56 81.20 81.18 81.04 81.21 81.81 82.07 82.35 82.53 82.74 82.64 83.84 84.75 82.18 82.31 82.73 82.40 82.60 83.30 83.01 81.96 81.80 83.06 82.44 84.87 84.98 85.14 86.16 85.93 85.76 85.77 85.79 85.81 85.80 85.70 85.39 84.96 83.64 83.39 83.84 84.35 83.20 83.56 83.85 83.60 83.39 83.10 82.74 84.05 83.02 82.39 82.60 82.68 82.23 82.13 81.96 82.59 81.85 81.65 82.10 82.23 82.37 82.19 82.40 82.53 81.91 80.96 82.60 82.29 82.51 82.96 83.13 83.22 83.91 84.17 84.61 84.90 85.03 85.26 85.53 85.63 85.93 86.54 87.17 87.72 87.97 88.08 88.14 87.51 87.29 87.39 87.41 87.33 86.31 85.32 85.36 85.56 84.45 84.78 84.88 84.45 82.79 82.80 83.03 82.36 82.49 82.00 82.25 83.25 82.13 82.13 82.25 81.93 82.27 82.83 83.39 83.71 84.58 83.23 83.03 81.08 83.58 83.01 83.22 83.28 83.28 82.78 82.43 82.36 81.93 82.42 81.61 82.42 82.74 81.83 81.11 81.11 81.85 82.65 82.72 82.86 83.20 83.28
-51°N ||     83.15 82.93 82.49 82.62 83.46 83.24 83.12 82.01 83.35 82.64 82.18 82.56 82.34 82.67 82.45 82.31 82.45 81.59 82.26 82.37 82.10 81.65 81.10 80.90 80.53 82.01 81.59 82.07 82.46 82.47 82.33 82.58 82.20 82.13 82.34 82.01 82.03 81.87 81.55 80.66 80.64 80.45 80.88 82.12 82.37 82.61 82.74 82.23 83.97 84.53 82.15 82.15 81.54 81.18 82.54 83.85 84.11 84.04 82.67 81.86 81.92 82.18 85.04 85.66 85.87 85.69 85.83 85.76 85.76 85.76 85.77 85.86 85.38 85.42 85.55 85.83 83.84 83.98 83.41 83.46 83.71 83.56 82.96 82.68 82.34 83.17 82.08 82.23 82.57 82.53 82.48 82.56 82.72 82.82 82.42 81.92 82.08 82.20 82.31 81.80 82.59 82.14 81.72 82.30 82.13 82.38 82.82 83.21 83.54 83.56 84.41 84.64 84.72 85.17 85.39 85.64 85.92 86.55 87.34 88.36 88.72 89.28 89.48 89.76 89.77 89.81 89.55 89.56 89.38 89.12 89.60 88.89 86.06 86.00 85.44 85.04 84.06 82.24 81.38 83.50 83.01 82.15 83.57 82.14 81.37 81.69 82.16 82.96 82.62 82.76 83.29 83.34 83.17 83.03 82.19 83.04 83.11 83.32 83.16 83.17 83.07 82.42 82.60 83.14 83.07 82.77 82.07 83.10 82.55 83.04 82.51 81.97 82.57 81.75 81.89 82.28 82.48 82.79 82.90 83.11
-49°N ||     81.98 82.31 82.14 82.68 83.77 84.08 84.29 83.08 83.08 81.82 82.40 81.83 81.81 81.62 81.99 81.76 81.68 81.73 80.88 81.18 81.57 81.90 81.01 80.85 81.59 81.33 81.77 82.47 82.43 82.43 82.20 82.51 82.07 80.65 80.64 80.86 81.19 81.19 81.26 80.70 80.51 80.59 80.78 81.77 82.21 82.46 82.51 82.49 82.40 82.26 82.04 81.65 81.08 80.83 81.13 81.65 83.02 83.11 82.20 81.93 84.37 84.74 84.95 85.23 85.68 85.96 85.76 85.78 85.75 85.86 85.88 85.69 85.51 84.23 84.77 83.51 83.51 83.99 83.35 83.55 83.58 83.46 83.07 82.58 82.62 82.01 82.19 84.16 83.19 82.59 82.34 82.52 83.31 83.34 82.56 82.27 81.46 82.81 81.89 81.88 81.82 81.82 82.17 82.64 82.77 82.28 82.21 83.26 83.54 84.01 83.45 84.36 85.10 85.48 85.93 86.57 87.38 87.93 88.76 89.29 90.15 90.66 90.15 90.11 88.87 89.61 89.74 89.90 89.72 89.66 89.71 89.76 89.48 88.82 87.02 85.94 84.94 83.96 84.46 83.75 84.14 83.18 81.86 82.56 82.77 81.55 82.43 82.14 82.83 83.03 82.14 82.78 82.77 82.72 82.54 83.14 82.83 82.55 82.10 82.13 80.65 81.63 82.58 82.42 81.98 82.71 83.26 83.72 82.83 83.68 83.53 83.10 83.02 82.35 81.80 81.29 81.53 81.81 82.28 82.49
-47°N ||     81.77 82.40 82.07 82.02 82.93 83.71 82.79 82.12 82.79 82.25 81.87 82.02 80.86 82.44 81.07 81.34 80.43 80.69 81.58 81.32 81.90 81.18 81.60 81.98 81.92 82.50 81.70 82.13 82.36 82.33 82.35 82.36 82.45 81.45 81.23 81.40 81.74 81.81 81.80 81.45 80.98 80.84 81.24 81.37 81.23 81.98 82.00 82.12 81.87 81.92 81.50 81.31 80.88 80.86 80.79 81.16 81.52 81.49 82.11 82.71 81.50 83.88 83.32 84.84 84.84 85.77 85.91 85.89 85.85 85.92 85.89 85.75 85.61 84.42 84.84 84.78 83.54 83.45 83.14 82.42 83.33 82.99 82.85 82.78 82.33 82.39 82.07 82.40 82.82 82.66 82.79 82.80 83.54 82.73 82.42 81.53 81.92 81.73 82.16 82.88 81.92 81.45 81.73 82.15 83.34 83.37 82.76 83.20 83.86 83.72 83.45 83.98 84.90 85.11 87.32 88.87 89.44 90.40 90.91 90.03 89.45 89.81 90.29 90.16 89.63 89.22 88.93 89.45 89.70 89.55 89.58 89.33 89.36 89.25 88.55 87.26 86.14 85.33 84.79 84.51 84.34 84.15 83.34 82.66 83.46 83.41 82.64 83.14 83.05 83.05 83.08 82.27 82.07 82.55 82.02 82.40 82.48 81.73 81.29 82.13 83.12 83.29 82.02 81.91 82.57 83.32 83.11 83.39 83.68 83.52 83.44 83.34 82.18 82.21 81.82 82.54 82.08 81.90 82.38 82.21
-45°N ||     82.44 82.54 82.35 82.42 82.78 82.72 82.88 82.93 83.09 82.02 81.73 82.40 81.76 81.52 81.62 81.63 82.84 81.54 82.02 82.17 81.89 82.25 83.08 81.77 82.22 82.55 82.30 82.14 82.15 82.10 81.94 82.06 81.97 81.73 81.73 81.69 81.73 81.78 81.91 81.93 81.54 81.42 81.62 81.52 81.50 81.74 81.75 81.50 81.30 81.08 80.98 80.96 80.89 80.35 80.14 81.37 81.86 82.03 82.52 82.89 83.37 83.30 83.92 84.14 84.14 85.41 85.64 86.71 86.55 86.07 85.95 85.82 85.31 85.04 84.70 84.94 83.29 83.22 83.17 84.47 82.67 82.95 82.55 82.48 82.38 82.25 82.24 82.91 82.87 82.73 82.57 82.68 83.01 82.65 82.36 82.49 81.99 82.02 81.96 82.91 80.97 81.75 81.99 82.09 82.91 82.07 82.86 83.21 83.54 83.58 83.74 83.60 84.93 85.97 88.93 89.55 90.75 90.90 90.14 90.63 90.37 90.68 90.46 90.43 90.14 90.60 90.74 89.57 89.39 90.00 89.54 89.41 89.42 89.26 88.52 88.11 86.65 85.58 85.05 84.75 84.36 84.56 81.93 83.49 83.52 83.12 83.29 82.87 82.67 83.14 82.68 82.41 82.79 82.36 82.47 82.02 81.73 81.83 81.21 80.36 81.81 81.52 82.18 83.35 83.53 83.37 82.64 83.59 82.82 82.93 83.34 83.19 82.18 82.23 82.41 81.27 81.33 82.05 82.31 82.19
-43°N ||     83.19 82.13 83.37 82.84 83.19 82.71 82.87 82.81 82.52 82.21 81.73 81.84 81.59 81.36 81.76 81.80 82.26 82.37 82.20 82.16 81.56 81.84 82.09 82.10 81.75 82.19 82.31 82.31 81.50 81.86 81.69 82.02 82.07 81.57 81.64 81.63 81.67 81.81 82.04 82.17 81.47 81.17 80.08 80.15 81.06 81.50 81.33 81.06 81.10 80.80 80.67 80.67 80.55 80.64 80.68 81.51 81.62 81.86 81.96 82.44 82.43 82.56 83.20 82.53 84.58 84.42 85.18 85.31 85.42 85.51 85.40 85.37 84.66 85.05 84.82 83.50 83.34 83.60 83.40 83.56 83.20 84.98 82.57 82.83 82.60 82.59 82.39 82.98 82.92 82.57 82.45 82.69 82.75 82.61 82.56 82.23 82.54 82.18 82.63 81.97 81.87 82.01 81.81 81.32 81.39 81.85 82.73 83.83 83.04 83.40 83.54 83.73 85.15 87.00 89.32 90.41 90.39 90.05 90.35 90.81 90.53 90.51 90.17 90.58 90.48 89.63 89.84 89.74 90.07 89.73 89.50 89.45 89.20 88.79 87.53 87.40 86.70 85.76 84.99 85.05 84.77 84.84 84.38 84.25 83.90 83.62 83.28 83.00 83.03 83.94 83.38 83.15 83.05 82.53 82.46 82.07 81.69 81.67 81.75 81.77 81.49 81.62 82.49 83.60 83.86 83.82 83.51 83.34 82.81 83.10 83.07 83.26 81.50 82.48 82.53 83.53 82.10 82.42 82.83 82.76
-41°N ||     83.44 83.31 83.35 83.88 83.59 82.60 82.74 82.62 83.42 83.97 84.85 84.61 82.93 81.88 82.20 82.07 81.51 81.84 81.49 81.91 81.49 82.16 82.10 82.09 81.86 80.88 81.49 81.72 82.00 81.45 81.32 81.62 81.41 81.42 81.16 81.51 81.61 81.82 81.88 79.59 79.27 79.09 77.36 77.12 77.19 79.42 79.42 79.43 80.23 80.61 80.30 80.72 80.42 80.61 80.55 80.62 80.72 81.30 82.38 82.16 81.73 81.08 82.74 83.64 83.55 84.39 84.36 84.76 85.20 85.26 85.19 84.69 85.03 84.15 84.23 84.22 83.91 85.13 83.79 83.18 83.45 83.26 82.79 82.79 82.53 82.54 82.75 83.12 83.09 82.88 82.53 82.82 82.42 82.48 82.63 81.97 81.78 82.41 82.32 82.15 81.74 81.85 81.25 80.97 82.94 82.02 82.48 83.25 83.27 83.30 83.65 84.05 85.12 87.05 88.86 90.41 90.40 89.56 90.57 90.62 90.60 90.37 90.68 90.84 90.32 89.62 90.04 90.15 89.87 90.06 89.76 89.40 88.52 87.76 87.40 87.07 86.31 85.68 85.43 85.08 85.25 84.03 83.72 84.09 82.72 82.80 83.33 83.47 83.55 83.48 83.34 83.35 83.34 82.46 82.28 82.20 81.89 82.43 82.33 82.04 81.96 81.87 82.68 83.20 83.41 83.25 83.38 83.26 82.26 82.83 82.84 81.87 81.75 82.67 82.56 82.73 82.75 83.05 83.32 82.85
-39°N ||     83.22 83.40 83.00 82.51 83.68 82.53 83.08 82.91 81.98 82.54 84.24 84.24 82.31 81.91 82.64 82.28 82.60 82.02 82.33 82.40 82.62 81.71 82.65 82.64 82.30 82.30 82.04 81.70 81.87 81.74 81.59 79.59 80.73 81.19 81.20 81.41 81.58 81.55 80.76 80.59 79.96 78.67 78.34 78.42 78.78 78.91 78.80 79.06 78.48 79.57 80.31 80.34 80.37 80.47 80.64 80.68 80.94 81.31 81.41 82.00 82.01 82.20 81.65 81.93 82.93 82.26 83.70 85.05 84.91 84.83 84.91 84.89 84.36 84.11 84.32 84.15 84.02 83.72 83.49 83.51 83.42 83.45 83.23 82.92 82.86 82.54 83.01 83.41 82.93 82.84 83.15 83.21 83.08 82.48 82.79 82.25 82.25 82.20 82.15 82.72 81.83 82.08 81.60 81.73 81.62 81.57 82.47 83.02 83.36 83.42 83.43 84.36 85.20 86.02 88.56 90.49 90.80 90.65 90.11 90.47 90.83 90.65 90.78 90.82 90.44 90.02 90.47 90.14 90.29 89.84 89.50 88.82 87.94 87.50 86.87 86.50 86.24 85.99 85.39 84.68 84.50 83.71 83.58 83.45 83.40 83.68 83.92 83.61 82.61 83.41 83.48 83.63 83.25 83.00 82.51 82.85 82.51 82.13 82.87 82.64 82.25 82.07 82.10 82.39 82.84 83.02 83.61 83.35 82.94 82.89 83.04 82.77 83.24 83.09 83.13 82.73 82.92 83.25 83.47 83.66
-37°N ||     83.67 83.41 83.41 82.89 84.38 83.96 83.35 82.29 81.67 80.96 80.64 81.73 81.57 82.62 83.15 83.10 83.10 83.10 82.88 82.74 82.73 82.70 82.29 82.54 82.14 81.71 81.81 81.28 81.15 81.76 81.63 80.64 80.80 80.17 80.92 79.99 80.60 78.68 78.80 80.56 78.63 77.88 79.13 79.16 79.07 79.02 79.22 79.94 79.32 79.29 79.07 79.68 80.30 80.82 80.83 80.96 80.85 81.49 81.64 81.44 81.42 82.32 82.30 82.75 83.40 83.41 83.95 84.20 82.28 84.51 84.03 84.17 84.25 84.41 84.22 83.98 83.82 83.79 83.81 83.48 83.15 82.93 82.54 84.40 82.98 82.69 82.71 82.56 83.31 82.85 83.04 83.23 83.16 82.86 82.27 82.63 82.17 82.07 82.60 82.54 81.78 81.73 81.56 81.77 81.99 81.97 83.85 82.57 83.24 83.58 83.68 83.85 84.54 85.78 87.05 89.90 90.81 91.16 91.47 90.49 90.58 90.61 90.07 90.75 90.16 90.26 90.03 90.16 90.09 89.95 89.71 88.44 87.35 86.92 86.38 86.09 85.73 85.42 85.10 84.76 83.86 83.94 83.23 83.25 83.04 83.22 83.62 83.65 83.60 83.41 83.65 83.44 83.30 83.21 82.99 83.03 83.33 83.04 82.90 82.00 82.41 82.36 81.79 81.76 82.63 82.89 83.58 82.98 83.02 83.21 83.41 83.37 83.33 83.29 83.02 82.80 83.68 83.88 83.70 84.24
-35°N ||     83.64 84.35 83.42 82.49 83.27 82.44 82.37 82.57 81.81 80.97 80.82 81.75 82.59 82.81 83.03 82.93 83.09 81.38 82.77 82.69 82.61 82.36 82.37 82.13 81.55 81.83 81.62 81.47 80.89 81.05 80.72 80.59 80.70 80.40 80.54 80.73 80.02 78.61 78.71 78.66 78.13 79.12 79.83 79.72 79.40 79.67 79.48 79.56 79.83 79.87 79.69 78.83 79.61 80.68 81.04 81.27 81.27 81.30 81.32 81.44 81.65 81.86 81.83 83.16 83.09 82.34 82.65 83.18 83.08 84.14 84.02 84.25 83.88 83.46 83.64 83.87 83.88 83.85 84.13 83.69 83.19 82.78 83.03 82.80 82.92 82.48 82.37 82.53 82.71 82.82 82.86 83.11 82.99 82.44 82.45 82.41 82.72 83.07 82.17 82.00 82.05 81.37 81.52 81.98 82.19 82.13 82.22 82.68 83.46 83.24 83.22 83.52 84.01 84.39 85.64 87.04 90.34 90.82 91.24 91.33 90.52 90.49 91.16 91.16 90.08 90.20 90.13 89.97 90.07 89.84 88.84 86.78 86.17 86.06 85.86 85.66 85.75 85.40 85.36 85.31 84.19 83.68 82.62 83.21 82.89 83.07 83.27 83.39 83.57 83.68 83.46 83.19 82.37 82.40 82.48 82.86 82.48 82.23 82.64 82.93 82.60 82.19 82.74 83.01 82.75 82.76 82.55 82.86 82.82 82.24 83.49 83.56 83.16 83.07 83.30 83.42 84.16 83.93 83.42 82.62
-33°N ||     83.72 83.85 82.47 82.27 82.51 81.52 81.99 80.99 81.02 81.66 81.60 81.90 82.68 82.88 83.30 82.78 83.10 83.15 82.70 82.69 81.84 82.37 82.28 82.25 81.90 81.60 81.61 81.40 81.16 80.87 80.70 79.88 80.27 80.05 79.72 79.91 79.26 78.33 78.17 77.53 77.76 79.17 80.03 79.64 80.37 79.74 80.64 80.72 80.44 80.48 79.85 78.93 78.16 79.74 80.65 81.26 81.23 81.32 81.36 81.35 81.79 82.29 82.18 83.10 83.21 83.29 83.25 83.23 83.13 82.92 83.21 83.93 83.87 83.45 84.00 83.47 84.08 83.74 83.67 83.80 83.48 83.19 83.50 83.01 82.92 82.75 82.67 82.52 82.53 82.65 82.71 82.32 82.58 82.80 82.51 82.66 82.37 82.68 82.31 81.70 81.90 81.69 81.41 81.67 81.96 82.10 82.12 82.03 82.82 83.21 83.02 82.96 82.72 83.21 84.07 85.47 87.94 89.67 90.49 91.00 90.99 91.34 90.24 90.00 90.26 90.25 89.92 89.87 88.79 87.59 86.97 85.95 85.53 85.49 85.46 85.44 85.59 85.48 85.21 85.13 84.65 83.72 83.22 83.07 82.85 82.78 83.00 82.95 83.10 83.28 83.23 82.89 82.69 82.44 81.81 81.68 81.83 81.75 82.57 82.05 82.47 82.80 82.22 82.56 82.40 82.32 82.79 82.96 83.25 82.70 82.96 83.57 82.57 83.21 83.23 83.45 83.65 83.39 82.98 82.98
-31°N ||     83.60 82.71 82.54 82.44 81.71 81.80 81.23 81.72 81.87 81.71 81.92 81.96 82.43 82.77 83.11 83.10 83.10 82.55 82.35 82.69 82.21 82.28 82.19 82.10 81.88 81.81 81.58 81.36 81.02 80.69 80.40 80.24 80.19 79.61 79.45 80.00 79.17 78.15 78.28 77.53 78.44 79.21 79.59 80.18 80.42 80.66 80.69 80.91 80.90 81.02 80.06 78.94 79.32 79.42 79.56 79.53 80.89 81.52 81.49 81.86 82.33 82.77 83.07 83.14 83.35 83.28 83.37 83.55 83.44 83.37 83.50 84.54 83.43 83.13 83.40 83.35 83.47 83.62 83.85 83.81 83.90 83.77 83.43 83.42 83.23 82.75 82.41 82.23 82.47 82.54 82.54 82.64 82.32 82.59 82.67 82.54 82.62 82.48 82.42 81.93 81.89 82.45 82.08 81.87 82.18 82.39 82.50 82.16 82.89 83.18 83.48 82.98 83.47 83.37 84.39 84.40 85.42 85.80 86.22 89.12 90.06 90.72 89.74 90.08 89.86 89.99 89.50 88.82 86.26 85.55 85.93 85.73 85.37 85.35 85.30 85.00 84.95 85.20 85.15 84.84 84.71 83.27 83.31 82.94 83.12 82.56 82.72 82.69 82.71 82.81 82.95 82.69 82.43 82.44 82.01 81.92 82.67 81.68 81.48 81.27 82.58 82.99 83.50 82.70 82.93 83.15 83.32 83.18 83.22 83.04 82.84 83.16 82.72 83.07 83.05 82.84 83.06 83.26 83.22 83.15
-29°N ||     83.57 82.67 81.18 82.42 81.68 81.52 82.14 81.66 82.00 81.80 81.79 82.07 82.72 82.97 83.10 83.03 82.98 81.76 82.78 82.74 82.51 82.18 82.17 82.03 81.94 81.75 81.56 81.24 80.89 80.60 80.34 80.01 79.81 79.76 79.73 78.98 79.02 78.57 77.28 76.46 78.35 79.37 79.79 80.10 80.45 80.75 80.94 81.08 81.19 81.18 81.13 80.97 80.24 80.26 80.16 79.44 79.74 80.24 81.45 81.79 82.39 83.15 83.31 83.25 83.77 83.31 83.11 83.27 83.56 83.51 83.74 84.13 83.73 83.26 83.56 83.93 83.63 83.59 84.05 83.96 83.87 83.88 83.55 83.69 82.92 82.89 82.70 82.42 82.28 82.50 82.65 82.65 82.80 82.71 82.66 82.56 82.59 82.05 82.47 82.05 82.62 82.69 82.34 82.36 82.66 82.80 82.90 82.78 82.13 83.09 82.75 83.41 83.62 83.77 82.96 83.34 84.81 84.66 85.32 85.33 85.77 85.77 86.71 88.57 87.39 87.65 86.32 86.76 85.52 85.26 85.02 84.69 85.04 85.20 85.03 84.64 84.82 84.77 84.68 84.01 83.93 83.51 83.16 82.97 82.91 82.71 82.67 82.75 82.74 82.79 82.82 82.56 82.52 81.99 82.25 81.76 81.22 81.50 82.39 81.20 82.32 82.85 83.06 82.47 83.10 82.13 83.03 83.26 82.94 82.77 82.99 82.82 82.56 82.71 82.84 83.06 82.85 83.05 83.22 83.45
-27°N ||     83.10 82.60 82.56 82.51 81.81 81.67 82.34 81.35 81.84 82.24 82.12 82.60 82.51 82.70 83.10 82.81 83.11 82.12 82.76 82.09 82.13 82.15 82.01 81.98 81.76 81.63 81.48 81.34 80.85 80.52 80.18 79.86 79.49 79.49 79.33 79.50 79.71 78.38 78.11 76.68 78.60 79.41 79.77 80.18 80.54 80.85 81.07 81.22 81.32 81.49 81.46 81.53 81.26 80.61 80.61 80.72 81.02 81.01 80.92 80.91 80.69 82.44 83.35 83.39 83.33 83.36 83.48 83.75 83.44 83.31 83.36 84.18 84.29 84.56 83.96 83.48 83.87 83.89 84.17 84.15 84.11 84.08 83.91 83.55 83.38 83.05 83.12 83.15 82.66 82.52 82.48 82.73 82.75 82.28 82.45 82.61 82.63 82.30 82.29 82.28 82.60 82.91 82.27 82.65 82.86 82.72 83.10 82.33 81.88 82.20 82.94 82.98 83.34 83.12 83.06 83.19 83.24 84.72 84.65 84.90 85.06 85.02 85.32 85.38 85.43 85.59 85.88 85.58 85.52 85.19 84.72 84.94 85.02 84.81 84.31 84.56 82.05 84.65 84.61 82.65 83.29 82.85 82.73 82.72 82.75 82.75 82.75 82.75 82.63 82.57 82.52 82.22 81.68 81.55 81.40 81.71 82.42 81.31 81.41 82.14 81.74 82.29 82.85 82.83 83.35 82.29 83.10 82.82 83.05 83.22 83.10 82.88 82.37 82.12 82.16 82.64 82.64 82.73 83.21 83.28
-25°N ||     83.26 82.37 82.81 82.48 82.42 82.35 82.54 82.97 82.31 82.70 82.49 83.22 83.21 83.08 83.23 82.95 83.02 82.52 82.10 82.63 82.23 82.03 81.97 81.82 81.67 81.45 81.28 81.11 80.72 80.26 79.92 79.63 79.37 79.20 79.14 78.51 78.88 79.24 78.11 78.42 78.84 79.36 79.84 80.20 80.44 80.72 80.91 81.16 81.32 81.34 81.53 81.58 81.28 80.87 79.96 80.69 81.02 81.20 81.21 81.06 80.33 81.66 83.03 83.11 83.27 83.29 83.28 82.63 82.91 83.10 83.19 83.24 83.94 84.78 85.00 84.09 84.28 84.39 84.64 84.26 84.26 84.12 84.48 83.94 84.26 83.36 83.46 83.48 83.42 82.62 83.05 82.89 83.21 82.17 82.67 82.63 82.63 82.12 81.75 82.55 82.60 82.45 82.55 82.61 82.45 82.02 82.57 81.80 81.57 81.97 82.32 82.44 82.89 82.71 83.37 84.00 83.54 84.32 84.62 84.84 85.01 84.87 84.76 85.28 84.96 85.45 85.33 84.76 84.61 84.37 84.59 84.23 84.19 84.51 84.21 83.23 83.09 83.51 82.41 82.94 82.75 82.49 82.30 82.35 82.46 82.54 82.92 82.57 82.49 82.33 82.25 82.01 81.59 81.16 81.32 81.62 82.09 81.56 81.00 81.48 81.37 81.83 82.33 82.84 82.41 82.45 83.00 82.43 82.80 83.03 82.96 82.47 82.08 82.83 82.85 82.61 82.76 83.27 83.61 83.16
-23°N ||     83.20 83.14 82.51 82.52 82.43 82.58 82.84 83.06 83.26 83.33 83.31 83.25 83.52 83.62 83.23 83.43 81.83 82.23 82.71 82.23 82.23 81.92 81.91 81.79 81.59 81.28 81.04 80.69 80.31 79.94 79.61 79.24 79.05 78.94 79.00 78.93 78.17 78.52 78.06 78.31 78.79 79.34 79.68 79.94 80.20 80.43 80.69 80.94 81.22 81.38 81.69 81.65 81.63 81.25 80.47 80.65 80.99 81.01 80.97 80.61 79.92 81.88 82.83 82.91 82.56 82.79 83.10 82.66 83.11 83.07 82.85 83.45 83.65 84.40 84.63 84.81 84.16 84.36 84.20 84.44 84.43 84.29 84.32 84.66 84.13 83.65 83.79 83.94 83.74 82.39 83.15 82.89 83.24 83.32 83.31 82.72 82.60 83.98 82.60 82.06 82.25 82.02 81.79 81.63 81.96 82.44 81.61 81.56 81.24 81.89 82.18 82.71 82.58 82.18 82.15 82.47 83.18 83.50 83.88 84.16 84.69 84.40 84.71 84.96 84.98 85.26 84.91 84.38 84.35 84.14 83.65 83.73 83.96 84.09 83.05 82.40 81.67 81.88 82.33 82.67 82.40 82.15 81.78 81.94 82.29 82.41 82.49 82.58 82.26 82.18 82.09 82.01 82.23 82.06 82.14 81.53 82.08 81.56 81.14 81.51 81.09 82.01 82.27 82.57 82.58 82.79 82.67 82.87 82.73 83.47 82.75 83.87 82.70 82.79 82.87 82.80 82.58 83.39 83.83 83.14
-21°N ||     82.86 82.99 82.51 82.52 82.49 82.52 82.93 83.79 83.43 83.28 83.11 83.17 83.31 83.11 83.26 83.39 82.92 82.48 82.53 82.28 82.07 81.86 81.80 81.63 81.42 81.19 80.78 80.32 79.81 79.40 79.11 78.78 78.59 78.56 78.69 78.24 78.40 77.75 77.88 78.36 78.71 79.11 79.36 79.61 79.91 80.13 80.45 80.69 80.96 81.18 81.33 81.54 81.59 81.17 80.66 80.97 80.56 80.85 80.54 80.19 80.27 80.62 82.67 82.64 82.75 82.57 82.99 83.14 83.07 83.11 83.31 83.27 83.57 83.93 84.63 84.96 84.58 84.38 84.57 84.64 84.51 84.43 84.36 84.62 84.46 84.63 83.94 83.99 83.71 83.22 83.05 83.24 83.44 83.53 83.01 82.83 82.63 82.23 82.17 82.37 82.49 82.61 81.53 81.93 82.23 82.12 82.39 81.35 81.26 81.74 82.28 81.83 82.38 82.36 82.45 82.78 82.96 83.50 83.59 84.15 84.36 84.56 84.12 84.76 84.43 84.29 84.31 83.08 83.64 83.64 83.46 83.25 83.81 83.06 82.55 82.27 81.03 81.18 82.10 81.94 82.18 82.14 81.71 81.35 82.31 82.43 82.44 82.48 82.47 82.18 81.89 81.61 81.32 81.64 82.47 81.64 81.83 81.76 81.22 81.99 81.85 82.06 81.91 81.90 82.59 82.76 83.05 82.78 82.46 83.38 83.55 83.13 83.19 83.52 83.39 82.75 82.32 82.94 82.97 82.68
-19°N ||     81.97 82.33 82.35 82.16 82.61 82.93 83.38 84.27 84.22 83.71 83.53 83.17 83.31 83.29 83.52 83.28 83.03 82.86 82.33 82.26 82.06 81.80 81.63 81.35 81.17 80.90 80.52 79.85 79.05 78.64 78.38 78.25 78.13 78.24 78.45 77.03 78.13 77.67 77.80 78.07 78.23 78.58 78.85 79.12 79.46 79.80 80.15 80.42 80.75 80.96 81.11 81.22 81.37 81.31 80.86 80.44 80.42 80.40 80.53 80.42 80.07 81.48 82.38 82.31 82.54 82.74 83.18 83.23 83.30 83.04 83.24 83.49 83.88 84.42 85.13 85.14 85.08 84.42 84.63 84.69 84.89 84.60 84.46 84.42 84.72 84.75 84.23 83.85 83.88 83.98 83.71 83.50 83.56 83.43 82.92 83.07 82.62 82.48 82.76 81.94 82.37 82.47 81.73 82.16 81.68 82.07 81.34 81.14 81.69 81.72 81.52 81.93 81.92 82.14 82.29 82.52 82.56 82.51 82.59 83.75 84.02 84.04 84.17 84.16 83.88 83.86 83.29 83.29 83.40 83.25 83.16 82.57 82.36 82.71 82.32 81.98 81.47 81.31 81.76 81.99 82.30 82.31 82.54 82.51 82.33 82.37 82.39 82.41 82.25 82.12 82.37 81.78 81.35 81.46 81.91 82.07 81.93 82.15 81.58 82.03 82.16 81.94 81.82 81.73 82.37 82.38 82.24 82.15 82.95 83.45 83.79 83.98 84.09 84.38 83.94 84.01 83.80 83.42 83.54 82.05
-17°N ||     82.02 82.01 82.20 82.63 82.66 82.97 83.86 84.08 84.04 83.91 83.70 83.33 83.44 82.67 83.41 83.96 83.10 83.08 82.64 82.20 82.02 81.80 81.38 81.07 80.86 80.56 80.08 79.05 78.20 77.70 77.62 77.70 77.87 78.02 77.73 77.15 77.51 77.70 77.57 77.46 77.57 77.94 78.31 78.58 79.05 79.44 79.80 80.08 80.42 80.71 80.83 81.05 81.07 81.14 80.77 80.38 79.88 79.90 80.43 80.31 80.07 81.62 82.33 81.69 82.17 84.78 85.57 84.72 83.16 83.36 82.82 83.42 83.77 84.22 85.12 85.07 85.10 84.40 84.72 84.49 84.73 84.63 84.65 84.63 84.68 84.62 84.38 84.38 84.26 84.00 83.52 83.59 83.60 83.43 83.14 83.14 82.66 82.73 82.33 83.09 82.50 82.21 81.76 81.76 81.75 81.69 81.81 81.28 81.82 81.81 81.98 81.78 81.58 81.56 81.91 81.99 82.19 82.90 83.01 82.46 83.08 82.95 83.22 83.24 83.12 83.65 83.52 83.49 83.35 83.17 82.51 82.64 81.44 81.84 81.99 81.81 81.20 81.22 81.80 82.07 82.38 82.41 82.53 82.63 82.39 82.33 82.28 82.20 82.15 81.87 82.02 81.91 81.54 81.67 81.52 81.62 81.88 82.13 81.89 82.49 82.13 82.08 81.84 81.63 82.73 81.69 82.03 82.33 82.98 83.78 83.95 84.21 84.21 84.43 84.60 84.10 84.14 83.77 84.11 83.24
-15°N ||     83.60 82.04 83.09 82.79 83.21 83.47 84.56 84.43 83.82 83.92 83.91 83.37 83.13 83.21 83.44 83.90 82.18 83.16 83.49 82.33 82.09 81.74 81.43 81.10 80.69 80.19 79.37 78.07 76.77 76.38 76.79 77.32 77.48 77.72 77.86 77.80 77.97 78.00 77.36 77.05 77.02 77.54 77.87 78.17 78.64 79.18 79.56 79.86 80.06 80.22 80.23 80.64 80.83 80.84 80.50 80.38 80.00 81.01 80.26 81.18 81.64 84.45 85.20 85.42 85.71 85.62 85.45 85.68 85.66 83.53 83.37 84.05 83.94 84.11 84.86 84.85 85.00 84.82 84.65 84.58 84.64 84.65 84.60 84.75 84.59 84.51 84.53 84.34 84.21 84.10 84.20 83.93 83.76 83.34 83.14 83.16 83.03 82.77 82.19 82.76 82.02 82.15 81.99 81.63 81.76 81.47 81.63 81.60 81.45 81.53 81.99 81.46 81.28 81.27 81.37 81.03 81.99 82.87 82.91 82.95 82.44 82.97 82.94 82.81 83.14 83.35 83.32 83.56 82.86 82.44 82.22 81.29 81.20 81.26 81.57 81.42 81.16 81.35 81.40 81.86 82.20 82.44 82.38 82.39 82.51 82.37 82.14 82.24 81.89 82.11 81.87 82.13 81.45 81.14 82.15 82.35 81.62 82.32 82.37 82.07 82.14 82.02 81.63 81.87 82.38 82.53 82.38 82.41 82.71 84.01 84.34 84.95 84.73 84.61 84.08 84.76 84.34 84.98 83.18 83.39
-13°N ||     83.80 83.68 83.30 82.94 83.22 83.77 84.27 84.65 84.47 84.61 84.30 83.72 83.55 83.77 83.75 83.86 83.24 83.18 83.01 82.60 82.25 81.82 81.47 81.10 80.59 79.96 79.02 77.21 75.22 74.80 75.90 76.91 77.23 77.32 77.40 78.04 77.81 77.77 77.22 76.97 77.00 78.14 77.44 77.89 78.39 78.86 79.34 79.64 79.87 80.03 80.08 80.82 80.23 81.64 85.17 84.42 84.55 82.33 85.45 85.84 84.39 81.69 81.59 81.86 84.69 85.33 84.83 84.79 82.69 85.50 83.62 83.78 84.11 84.36 84.47 84.78 84.73 84.98 85.11 84.72 84.67 84.68 84.65 84.64 84.43 84.50 84.65 84.42 84.18 84.46 84.29 84.17 83.91 83.58 83.99 83.40 83.16 82.85 82.67 82.68 82.63 82.31 81.89 81.67 81.47 82.00 81.53 81.51 81.38 81.31 81.35 81.51 81.09 81.49 81.38 81.64 81.66 82.53 82.75 82.60 82.67 82.95 82.79 82.77 82.44 82.97 83.04 83.06 82.80 82.55 81.45 81.19 80.88 81.44 81.30 81.52 81.10 81.28 81.99 82.02 82.55 82.41 82.53 82.43 82.49 82.39 81.99 81.81 81.74 81.82 81.77 81.54 81.97 81.46 82.40 82.37 81.81 81.81 82.19 82.31 82.00 82.11 81.70 81.56 81.92 82.97 83.03 83.24 83.70 84.41 84.66 84.86 84.92 84.84 84.79 84.92 85.01 84.84 85.02 84.83
-11°N ||     84.98 84.69 85.05 85.08 84.07 84.04 84.35 84.71 84.48 84.48 84.31 84.23 84.28 83.83 84.09 83.95 83.84 83.42 83.19 82.80 82.38 82.06 81.54 81.10 80.44 79.84 78.99 77.41 75.28 73.63 74.51 76.89 77.13 77.15 77.07 77.67 77.60 77.32 76.89 76.66 77.09 77.40 77.34 77.82 78.23 78.63 79.30 79.50 79.70 79.92 79.81 80.49 84.27 84.99 85.89 85.90 82.71 79.30 79.10 80.15 80.84 81.05 81.37 81.61 82.13 82.00 82.22 83.93 83.06 83.23 85.63 84.27 85.63 84.90 84.60 84.96 85.08 84.91 85.03 85.07 84.74 84.75 84.79 84.69 84.72 84.66 84.85 84.55 84.64 84.40 84.41 84.61 83.98 83.77 83.51 83.49 83.56 83.11 81.72 82.16 82.68 82.76 82.19 81.91 81.80 81.46 81.43 81.52 81.29 81.34 81.82 81.47 81.57 81.27 81.54 81.70 81.63 81.89 82.31 82.08 82.24 82.54 82.49 82.39 82.03 82.93 82.81 83.10 82.79 82.74 82.41 81.54 80.97 81.20 81.14 81.72 81.35 81.82 82.20 82.23 82.69 82.58 82.39 82.49 82.51 82.46 82.31 82.37 82.07 82.04 81.89 81.49 81.08 81.58 81.50 81.77 82.21 82.32 82.03 82.53 82.21 82.78 83.10 82.70 82.94 84.32 83.14 83.66 83.97 84.56 84.74 84.78 85.03 84.96 85.07 85.14 85.14 84.68 84.85 84.54
-9°N ||     84.26 84.55 84.50 84.82 85.06 84.27 84.72 84.47 84.73 84.83 84.45 84.59 84.33 84.22 84.24 83.97 83.97 83.65 83.42 82.96 82.64 82.14 81.76 81.22 80.66 79.98 79.20 78.46 75.62 72.55 72.54 75.92 77.02 77.03 77.10 76.98 77.38 77.16 77.19 76.89 77.01 77.59 79.19 80.79 79.65 78.69 79.24 79.82 79.76 80.18 84.11 85.35 85.31 85.79 84.51 79.77 78.91 80.95 79.52 80.76 81.04 81.20 81.96 81.82 82.33 82.55 84.23 83.15 85.11 83.52 85.65 85.65 85.72 85.46 85.28 85.08 84.75 84.95 84.97 85.31 85.07 84.71 84.84 84.86 84.81 84.82 84.99 84.62 84.65 84.63 84.83 84.23 84.22 84.13 83.76 83.40 83.51 83.21 82.49 82.38 82.72 82.48 82.04 82.23 82.19 81.75 81.44 81.84 83.13 83.54 81.57 81.94 81.71 81.83 81.78 81.63 81.66 81.76 82.05 82.12 82.12 81.90 82.13 81.92 81.88 82.00 82.31 82.71 82.76 82.75 82.35 81.91 80.98 81.85 81.86 81.25 82.16 82.44 81.79 82.28 82.66 82.69 82.85 82.62 82.62 82.37 82.27 82.73 82.61 82.16 81.34 81.58 81.09 81.88 82.34 82.15 82.39 82.86 82.39 82.64 83.17 84.30 84.65 84.07 84.00 84.65 84.62 84.45 84.69 84.74 84.87 84.98 85.08 85.30 85.23 85.21 84.55 82.61 84.81 84.68
-7°N ||     84.75 84.70 84.58 84.58 85.27 85.15 84.86 84.90 85.16 85.01 84.92 84.68 84.52 84.47 84.47 84.54 84.45 83.99 83.63 83.24 82.83 82.37 81.96 81.37 80.81 80.29 79.65 79.10 76.17 73.55 74.17 75.42 76.71 76.95 77.11 77.31 76.90 76.91 77.30 76.90 80.08 80.38 77.81 81.71 80.96 81.21 81.43 84.06 83.24 82.67 81.06 79.47 82.41 85.67 84.44 84.58 84.85 81.64 80.59 81.24 81.37 81.41 81.74 81.94 83.39 84.76 84.73 84.63 82.64 82.85 84.73 85.67 85.63 85.49 85.58 85.45 85.26 84.84 84.81 84.95 85.02 84.93 84.97 84.79 84.86 84.75 84.64 84.52 84.45 84.57 84.49 84.61 84.21 84.11 84.08 84.16 84.17 83.47 82.84 83.04 82.04 81.98 82.16 82.24 81.48 81.99 82.17 81.84 81.83 81.88 82.12 82.09 82.26 81.50 81.60 81.62 81.62 82.19 82.25 82.04 81.64 81.45 81.56 81.31 81.77 82.33 82.07 82.24 82.73 82.73 82.59 82.44 81.35 81.26 81.71 81.97 82.01 82.12 81.97 82.38 82.70 82.63 82.97 82.91 82.85 82.91 83.04 83.05 83.01 83.32 81.12 80.96 81.14 81.88 81.40 82.78 84.30 83.54 83.65 83.59 84.31 84.61 84.54 84.39 84.88 85.07 84.92 85.05 85.07 85.04 85.07 85.06 85.15 85.26 85.33 85.34 85.14 84.95 84.93 84.76
-5°N ||     84.82 84.91 85.00 84.97 84.79 85.30 85.27 85.26 85.32 85.06 84.91 84.48 84.62 84.79 84.95 85.04 85.03 84.74 83.80 83.78 83.23 82.79 82.31 81.71 81.20 80.66 80.13 79.29 78.20 76.74 75.61 75.81 76.72 76.85 77.19 77.43 77.40 78.33 77.64 77.06 77.38 77.66 78.07 82.43 80.53 82.92 80.62 81.56 80.50 79.73 79.31 82.50 83.80 84.33 83.62 79.82 80.18 81.36 84.41 83.87 81.64 81.81 81.94 81.99 82.80 82.36 83.24 82.65 82.76 83.10 83.82 84.53 85.28 84.37 84.33 85.33 85.48 85.38 84.59 84.76 85.25 85.11 85.07 84.97 84.91 84.76 84.59 84.61 84.74 84.64 84.52 84.44 84.54 84.04 84.09 84.25 84.17 84.12 83.69 83.82 82.84 81.78 81.99 82.19 82.56 82.23 82.11 82.03 82.17 81.98 82.63 82.73 82.55 81.72 81.54 81.61 81.36 81.60 81.33 81.93 81.60 81.96 81.67 81.69 81.96 81.74 82.41 81.95 82.56 82.63 82.45 81.85 81.98 81.42 81.93 82.11 82.49 82.37 82.49 82.65 82.51 82.80 83.39 83.46 83.22 83.16 84.01 83.65 83.08 82.80 82.15 81.66 82.55 82.42 82.30 82.93 84.92 84.35 85.48 84.88 84.71 84.50 84.45 84.93 84.94 85.18 85.19 85.14 85.14 85.19 85.21 85.20 85.30 85.30 85.29 85.32 85.33 85.23 85.10 84.96
-3°N ||     84.97 84.94 85.10 85.12 85.03 85.41 85.42 85.36 85.18 85.25 84.72 84.08 84.84 85.30 85.27 85.34 84.64 83.85 84.73 84.31 83.92 83.19 83.02 82.36 81.67 81.10 80.58 79.71 79.07 77.88 76.99 76.82 76.57 76.55 77.28 77.67 77.97 78.12 78.15 77.75 77.57 78.09 78.45 79.28 79.56 79.61 80.22 80.26 80.09 79.79 79.54 79.33 79.81 82.23 81.61 80.33 80.94 81.48 81.83 85.16 81.62 82.40 82.35 82.64 82.76 82.90 84.15 83.29 83.48 83.91 84.19 84.41 85.63 84.81 84.71 85.25 85.08 85.19 84.90 84.96 85.08 85.08 85.26 85.11 84.95 84.84 84.93 84.78 84.76 84.71 84.65 84.51 84.41 84.36 84.20 84.15 83.58 84.14 84.13 84.19 83.13 82.45 82.21 82.40 82.73 82.20 82.35 82.57 82.49 82.51 82.79 82.80 82.47 82.13 81.93 81.45 81.15 82.47 82.23 81.98 81.88 82.00 81.81 82.23 81.62 81.99 81.73 82.47 82.53 82.78 82.28 82.45 82.33 82.18 82.63 83.48 82.24 83.00 82.83 82.52 82.81 82.90 83.80 83.81 83.30 84.19 83.96 83.39 83.01 82.66 82.05 82.26 82.14 82.35 82.61 83.66 84.81 84.95 84.95 84.68 85.02 84.95 84.92 84.87 85.01 85.20 85.11 84.95 85.29 85.31 85.29 85.34 85.36 85.37 85.37 85.38 85.35 85.31 85.16 85.13
-1°N ||     85.18 85.14 85.17 85.26 85.30 85.42 85.43 85.34 85.29 84.98 84.58 83.90 85.02 85.28 85.41 85.12 84.73 84.99 84.91 84.37 84.18 83.84 83.48 82.90 82.26 81.43 80.80 80.11 79.46 78.78 77.83 77.31 76.09 74.80 77.46 77.86 78.10 78.35 78.49 78.52 78.56 79.35 79.69 79.99 80.24 80.79 81.11 81.34 81.61 81.82 81.25 82.64 85.18 80.35 80.48 80.76 81.62 81.98 82.08 83.48 82.44 82.74 82.77 82.75 83.03 83.15 83.13 84.06 84.27 84.29 84.93 84.48 85.51 85.53 85.04 85.05 84.94 84.98 85.01 85.13 85.34 85.29 85.22 85.00 85.04 85.01 84.91 84.78 84.68 84.64 84.69 84.79 84.55 84.48 84.26 84.16 83.45 84.11 84.10 84.16 83.17 82.93 82.71 82.48 82.74 82.65 82.60 82.81 82.88 82.96 83.13 83.10 82.32 82.05 82.03 81.67 81.36 82.50 82.26 82.22 82.25 81.81 81.89 81.66 82.05 82.11 82.31 82.47 83.15 82.96 82.56 82.02 82.53 82.67 83.42 83.38 83.09 84.11 82.90 82.70 82.95 83.14 83.91 83.97 84.05 84.26 84.12 82.93 83.26 82.69 82.54 82.65 83.45 83.53 83.98 84.93 85.14 85.22 85.10 85.08 85.27 85.19 85.04 85.02 85.21 85.14 84.92 85.14 85.27 85.32 85.33 85.35 85.35 85.38 85.39 85.38 85.33 85.33 85.27 85.21
1°N ||     85.23 85.14 85.26 85.37 85.33 85.38 85.43 85.48 85.31 85.10 84.68 84.69 85.20 85.40 85.41 85.29 85.19 85.10 84.30 84.77 84.41 84.41 83.53 82.64 82.04 81.87 81.20 80.30 79.54 79.28 78.88 78.37 76.43 74.19 74.99 78.11 78.25 78.37 78.67 78.98 79.36 79.67 79.90 80.21 80.61 81.12 81.47 81.85 82.45 82.91 81.34 80.28 80.10 80.49 80.80 81.42 81.90 82.38 82.46 82.98 82.67 82.94 83.75 82.93 83.08 83.25 83.08 84.58 83.79 84.18 84.60 85.41 85.74 85.72 84.79 84.93 84.96 85.02 84.79 85.39 84.83 85.37 85.13 84.96 85.09 85.09 84.93 84.76 84.82 84.68 84.66 84.75 84.59 84.58 84.52 84.24 84.13 83.68 83.73 83.48 83.44 83.51 83.21 83.46 82.82 82.57 82.64 83.27 83.08 83.05 83.04 82.56 82.74 82.56 82.10 81.90 82.27 82.25 81.93 82.40 82.17 81.99 82.08 82.11 82.09 82.21 82.41 82.70 82.76 83.01 83.56 83.32 83.91 83.87 83.97 83.91 83.54 83.48 83.75 83.37 83.93 84.03 84.38 84.36 84.44 84.05 83.31 83.24 83.32 82.93 83.23 83.75 84.59 84.83 84.87 84.95 85.15 85.24 85.19 85.26 85.20 85.20 85.14 85.24 85.23 85.15 85.05 85.25 85.29 85.32 85.34 85.36 85.36 85.37 85.38 85.38 85.38 85.36 85.34 85.29
3°N ||     85.39 85.36 85.38 85.41 85.45 85.46 85.45 85.43 85.39 85.11 84.99 85.04 85.42 85.46 85.45 85.39 85.33 84.79 84.60 84.98 84.82 84.03 83.25 82.41 81.70 82.52 81.71 79.75 79.56 79.67 79.53 79.66 79.19 76.18 77.47 78.36 78.15 78.26 78.73 79.16 79.55 79.77 79.96 79.94 81.01 81.47 82.01 82.38 82.76 83.60 83.67 81.95 81.30 81.54 81.95 82.34 82.60 82.73 82.82 83.20 83.11 82.95 82.63 83.82 83.98 83.46 83.65 84.22 84.30 84.58 84.72 84.88 85.57 85.62 85.46 85.32 85.41 85.33 85.24 85.25 84.97 84.92 85.14 85.04 84.97 85.11 84.89 84.69 84.77 84.77 84.84 84.76 84.70 84.60 84.49 84.28 84.23 83.92 84.10 83.86 83.85 83.86 83.84 83.54 83.54 82.81 83.16 83.66 84.14 83.00 83.17 82.85 82.40 82.36 82.21 82.69 82.45 82.45 82.11 82.43 82.24 82.07 82.03 82.17 82.19 82.27 82.54 82.72 83.02 83.18 84.24 84.67 84.88 84.95 85.23 84.96 84.14 84.00 83.78 84.14 84.19 84.41 84.56 84.42 84.34 83.76 83.69 83.48 83.30 82.92 84.02 84.94 84.87 84.74 84.80 85.13 85.19 85.25 85.26 85.29 85.18 85.29 85.25 85.28 85.26 85.19 85.22 85.28 85.30 85.31 85.32 85.35 85.36 85.36 85.36 85.37 85.38 85.39 85.40 85.40
5°N ||     85.38 85.42 85.49 85.42 85.47 85.48 85.46 85.45 85.42 85.30 85.23 85.18 85.46 85.50 85.50 85.46 85.18 84.63 85.16 85.08 84.65 83.47 82.72 82.24 82.57 82.71 82.45 81.11 79.67 79.58 79.79 80.20 80.45 80.12 79.26 78.68 77.98 77.81 78.84 79.41 79.79 80.01 80.11 79.88 81.22 82.06 82.49 82.81 83.28 84.04 84.35 82.47 82.44 82.78 83.02 83.25 83.19 83.24 83.30 83.52 83.90 83.33 82.86 83.06 83.40 83.98 84.25 84.39 84.45 84.77 85.06 85.47 85.08 85.32 85.60 85.49 85.31 85.06 84.97 84.98 84.88 85.06 84.95 85.02 85.14 85.01 84.97 84.75 84.81 84.76 84.71 84.74 84.49 84.44 84.40 84.37 84.33 84.34 84.18 83.90 83.88 83.87 83.75 83.84 83.72 83.68 83.76 83.64 83.76 82.81 83.01 82.13 82.35 82.23 82.47 82.29 82.32 82.49 82.40 82.39 82.24 82.10 81.98 82.03 82.66 82.35 82.52 82.85 83.25 83.83 84.62 85.55 85.59 85.60 85.58 85.53 85.37 84.82 84.61 84.51 84.49 84.73 84.61 84.35 84.39 83.90 83.67 83.70 83.07 83.18 84.92 84.85 84.97 85.00 85.06 85.10 85.22 85.26 85.29 85.29 85.28 85.26 85.28 85.28 85.28 85.28 85.28 85.28 85.30 85.30 85.31 85.33 85.34 85.35 85.36 85.37 85.38 85.39 85.40 85.41
7°N ||     85.40 85.42 85.44 85.45 85.47 85.48 85.48 85.47 85.45 85.39 85.29 85.40 85.50 85.52 85.53 85.47 85.12 85.31 85.28 85.09 84.34 83.62 83.76 83.42 83.21 83.15 82.74 81.85 79.28 79.44 79.78 80.58 80.86 80.60 79.96 79.09 77.13 77.11 79.28 79.74 80.02 80.20 80.32 80.59 81.79 82.23 82.60 83.03 83.47 83.96 84.38 84.45 83.20 83.15 83.14 83.19 83.38 83.57 83.74 83.89 83.96 83.68 83.09 83.66 84.16 84.27 84.55 84.64 84.71 84.90 85.13 85.49 85.63 85.49 85.59 85.12 85.07 85.02 85.29 85.31 85.25 85.02 85.06 85.09 85.01 84.86 84.86 84.74 84.83 84.67 84.75 84.69 84.66 84.72 84.38 84.29 84.18 84.35 84.07 83.73 83.73 83.80 83.93 83.74 83.68 83.94 83.37 84.16 83.76 83.84 83.27 82.77 82.63 82.09 82.21 82.33 82.22 82.40 82.41 82.44 82.19 82.26 82.00 82.60 83.06 82.25 82.53 82.96 83.82 84.85 85.53 85.62 85.61 85.61 85.60 85.58 85.57 85.45 84.87 84.85 84.91 84.78 84.50 84.56 83.90 83.50 83.65 84.08 83.74 83.70 84.83 85.04 85.09 85.15 85.17 85.16 85.27 85.29 85.27 85.30 85.30 85.27 85.28 85.28 85.29 85.29 85.28 85.28 85.28 85.28 85.29 85.26 85.32 85.34 85.34 85.37 85.39 85.40 85.40 85.41
9°N ||     85.42 85.45 85.40 85.42 85.48 85.48 85.48 85.47 85.50 85.42 85.34 85.48 85.53 85.55 85.54 85.41 85.32 85.41 85.26 84.83 84.71 84.45 84.32 84.10 83.83 83.43 83.04 81.99 79.82 79.72 80.29 81.15 81.13 81.33 80.86 79.51 76.57 75.03 78.61 80.02 80.19 80.41 80.64 81.03 81.70 82.24 82.68 83.14 83.50 84.00 84.39 84.48 84.24 83.46 83.37 83.38 83.54 83.74 83.89 84.09 84.27 84.14 83.90 83.97 84.20 84.60 84.91 84.94 84.99 85.18 85.48 85.51 85.48 85.61 85.26 85.24 85.27 85.22 85.32 85.09 85.09 85.04 85.00 85.06 85.10 84.99 84.93 85.04 84.93 84.94 84.79 84.72 84.60 84.66 84.51 84.73 84.34 84.19 84.12 84.15 84.08 83.59 83.30 83.20 83.83 84.04 84.11 83.55 83.46 83.27 83.20 83.21 82.99 83.20 82.81 82.49 82.33 82.38 82.38 82.07 82.28 82.20 81.87 83.38 82.38 82.25 82.69 83.28 84.22 85.26 85.57 85.63 85.64 85.63 85.62 85.60 85.59 85.54 85.40 85.21 85.06 85.00 84.48 84.20 84.17 84.06 84.49 84.70 84.54 84.55 84.97 85.15 85.21 85.14 85.26 85.31 85.27 85.27 85.24 85.25 85.36 85.21 85.19 85.23 85.27 85.29 85.24 85.26 85.22 85.23 85.23 85.31 85.32 85.34 85.32 85.37 85.39 85.40 85.41 85.41
11°N ||     85.44 85.44 85.44 85.44 85.49 85.50 85.51 85.50 85.54 85.52 85.49 85.56 85.57 85.56 85.55 85.53 85.42 85.43 85.25 84.99 84.84 84.72 84.45 84.14 83.78 83.48 82.92 81.96 81.15 81.46 81.40 81.38 81.40 81.41 81.52 81.38 77.17 72.40 73.71 80.00 80.34 80.59 80.87 81.26 81.70 82.29 82.85 83.24 83.69 83.99 84.32 84.51 84.46 83.72 83.57 83.55 83.71 83.90 84.01 84.17 84.32 84.02 83.90 84.34 84.64 84.85 85.11 85.22 85.30 85.25 85.60 85.55 85.24 85.62 85.47 85.21 85.52 85.15 85.08 85.17 85.06 85.01 84.93 84.89 85.00 85.03 85.09 85.03 84.98 84.90 84.79 84.74 84.76 84.76 84.82 84.51 84.65 84.19 84.28 84.35 84.20 84.14 83.75 83.25 84.01 83.91 84.74 83.86 84.34 83.18 83.46 83.40 83.33 83.56 83.18 82.60 82.31 82.60 82.84 82.24 82.44 82.32 82.08 81.95 82.13 82.61 83.05 83.66 84.68 85.37 85.63 85.64 85.65 85.63 85.61 85.61 85.58 85.56 85.47 85.29 85.19 84.55 84.75 84.59 84.36 84.76 84.99 85.08 85.08 85.11 85.19 85.27 85.34 85.35 85.30 85.33 85.30 85.30 85.22 85.17 85.10 85.02 85.05 85.08 85.13 85.16 85.17 85.17 85.19 85.29 84.95 85.25 85.30 85.31 85.31 85.38 85.39 85.39 85.25 85.41
13°N ||     85.41 85.46 85.34 85.33 85.49 85.49 85.52 85.53 85.54 85.56 85.57 85.59 85.59 85.58 85.57 85.54 85.50 85.41 84.95 85.00 84.90 84.61 84.38 84.19 83.74 83.34 82.96 82.52 81.70 81.69 81.56 81.55 81.54 81.64 81.84 82.00 81.22 74.04 75.08 79.16 80.14 80.81 81.19 81.47 78.63 82.59 83.04 83.40 83.77 84.00 84.37 84.49 84.51 83.82 83.72 83.79 83.93 84.06 84.15 84.25 84.29 84.37 84.50 84.39 84.80 85.16 85.27 85.35 85.39 85.55 85.59 85.55 85.38 85.34 85.28 85.50 85.32 85.27 85.07 84.89 84.89 85.01 84.94 84.99 84.98 84.98 85.58 85.00 85.32 84.92 84.75 84.80 84.80 84.92 84.85 84.47 84.48 84.55 84.63 84.66 84.60 84.06 83.88 83.98 84.11 84.27 84.10 84.37 84.77 83.78 83.75 84.09 83.60 83.50 83.33 83.09 82.81 82.94 83.11 83.03 82.86 82.46 82.35 82.38 82.48 82.74 83.27 84.06 84.92 85.39 85.63 85.64 85.64 85.62 85.61 85.60 85.59 85.57 85.50 85.35 85.27 84.95 85.03 85.07 85.06 85.11 85.10 85.27 85.21 85.31 85.34 85.36 85.41 85.44 85.45 85.39 85.37 85.29 85.15 84.93 84.64 84.48 84.71 84.73 84.89 84.99 85.03 85.12 85.10 85.12 85.14 85.05 85.29 85.29 85.33 85.33 85.38 85.36 85.00 85.25
15°N ||     85.41 85.46 85.47 85.52 85.51 85.49 85.53 85.56 85.57 85.58 85.60 85.62 85.62 85.61 85.61 85.56 85.42 85.28 85.02 85.02 84.43 81.00 76.74 76.21 78.39 83.18 82.82 82.69 82.40 81.88 81.79 81.66 81.68 81.76 81.85 81.96 81.97 80.68 78.75 79.11 80.36 81.01 81.45 81.72 82.22 82.93 83.21 83.54 83.80 83.99 84.30 84.48 84.56 83.92 83.92 83.90 84.01 84.17 84.26 84.29 84.36 84.36 84.29 84.64 85.19 85.31 85.37 85.42 85.43 85.54 85.60 85.57 85.48 85.41 85.51 85.38 85.31 85.27 85.20 85.16 85.17 85.03 84.64 85.43 85.05 84.99 85.03 84.98 84.99 84.99 85.26 85.03 84.85 84.79 84.72 84.65 84.69 84.74 84.79 84.88 84.72 84.72 84.25 84.16 84.27 84.30 84.11 84.80 84.56 83.52 83.84 83.89 83.97 84.01 83.44 83.35 83.10 82.91 83.01 83.02 82.79 82.91 82.69 82.76 82.92 83.10 83.53 84.44 85.16 85.61 85.62 85.61 85.63 85.62 85.60 85.59 85.58 85.57 85.51 85.40 85.32 85.27 85.21 85.19 85.17 85.19 85.23 85.28 85.37 85.39 85.42 85.45 85.45 85.47 85.48 85.47 85.39 85.26 85.01 84.67 84.33 84.10 83.84 84.10 84.32 84.76 84.91 85.00 85.01 85.06 85.09 85.11 85.20 85.28 85.29 85.31 85.34 85.41 85.22 85.57
17°N ||     85.45 85.49 85.50 85.53 85.40 85.53 85.54 85.56 85.59 85.60 85.62 85.64 85.65 85.64 85.65 85.47 85.35 85.31 85.15 85.16 83.74 75.92 72.70 71.75 74.14 80.66 82.76 82.71 82.99 82.42 82.09 81.80 81.73 81.79 81.87 81.98 82.00 81.76 80.63 80.50 80.99 81.23 81.53 81.83 82.30 82.97 83.36 83.67 83.89 84.08 84.22 84.56 84.50 83.71 83.76 84.06 84.11 84.22 84.27 84.33 84.40 84.52 84.71 85.09 85.23 85.39 85.44 85.50 85.55 85.57 85.53 85.58 85.55 85.50 85.53 85.43 85.33 85.34 85.30 85.15 85.07 84.86 85.06 85.23 84.97 85.02 85.03 85.52 85.00 85.11 85.03 84.99 84.77 84.77 84.86 84.94 84.87 84.88 84.88 84.98 84.96 84.86 84.55 84.44 84.70 84.66 84.67 84.62 84.02 83.75 83.97 84.01 83.83 83.64 83.57 83.45 83.17 82.48 82.88 83.02 83.07 83.05 82.98 83.06 83.14 83.34 84.20 84.58 85.21 85.57 85.61 85.62 85.61 85.60 85.60 85.60 85.58 85.55 85.51 85.46 85.40 85.42 85.36 85.36 85.35 85.40 85.41 85.43 85.45 85.47 85.49 85.49 85.49 85.51 85.51 85.50 85.45 85.25 85.01 84.43 83.97 83.50 83.18 83.20 83.64 84.53 84.81 84.87 84.86 84.95 85.05 85.14 85.22 85.27 85.26 85.32 85.42 85.41 85.38 85.45
19°N ||     85.45 85.49 85.52 85.54 85.55 85.53 85.54 85.57 85.60 85.62 85.64 85.66 85.67 85.67 85.68 85.50 85.37 85.24 84.84 85.04 84.24 76.03 72.79 72.07 73.79 80.68 83.07 83.24 83.29 83.13 82.47 81.95 81.66 81.58 81.60 81.89 82.05 82.01 81.52 81.34 81.43 81.50 81.60 81.82 82.16 82.76 83.46 83.75 84.00 84.10 84.23 84.60 84.34 84.42 83.70 83.93 84.13 84.20 84.32 84.33 84.48 84.53 84.89 85.23 85.37 85.45 85.53 85.56 85.60 85.61 85.63 85.61 85.60 85.57 85.55 85.43 85.40 85.41 85.50 85.21 85.11 85.02 85.04 85.12 85.49 84.93 85.00 84.86 84.99 85.04 85.06 85.07 85.21 84.95 84.93 84.99 84.95 84.94 84.93 84.97 84.99 84.73 85.30 84.74 84.88 84.47 84.27 84.60 84.25 84.16 83.99 83.85 83.59 83.53 83.56 83.85 83.00 83.23 82.96 83.34 83.54 83.77 83.08 83.14 83.24 83.48 84.09 83.91 84.96 85.36 85.52 85.60 85.59 85.58 85.58 85.57 85.56 85.55 85.53 85.51 85.50 85.50 85.52 85.49 85.50 85.49 85.52 85.52 85.52 85.54 85.55 85.54 85.57 85.56 85.55 85.52 85.47 85.25 84.82 84.16 83.32 82.81 82.67 82.99 83.06 82.11 84.52 84.69 84.79 84.88 85.01 85.13 85.21 85.27 85.29 85.37 85.25 85.45 85.43 85.47
21°N ||     85.55 85.52 85.52 85.56 85.59 85.59 85.58 85.61 85.64 85.65 85.67 85.68 85.69 85.69 85.69 85.50 85.36 85.01 84.87 85.11 84.89 77.84 75.74 74.95 76.60 82.53 83.62 83.63 83.52 83.22 82.75 82.17 81.64 81.38 81.18 81.08 81.98 82.00 81.82 81.67 81.63 81.65 81.71 81.86 82.15 82.73 83.59 83.73 83.90 84.07 84.08 84.41 84.63 84.72 83.84 83.93 83.99 84.15 84.20 84.38 84.51 84.56 85.07 85.25 85.39 85.56 85.58 85.60 85.62 85.63 85.63 85.62 85.59 85.59 85.57 85.49 85.46 85.47 85.36 85.21 85.15 85.24 85.17 85.11 84.92 85.02 85.15 85.01 85.04 85.09 85.04 85.04 84.97 84.95 85.07 85.01 84.96 84.98 84.97 84.97 85.01 84.79 84.62 84.90 84.50 84.65 84.81 83.83 84.27 84.63 83.79 83.57 83.53 83.63 83.66 83.86 83.33 83.34 82.30 83.65 83.73 83.67 82.85 83.07 83.42 83.48 84.02 83.83 84.36 84.87 85.32 85.38 85.49 85.52 85.52 85.56 85.55 85.55 85.55 85.54 85.55 85.57 85.56 85.56 85.57 85.56 85.58 85.59 85.59 85.58 85.59 85.58 85.59 85.57 85.58 85.58 85.53 85.28 84.73 83.71 82.66 82.43 82.33 82.31 82.86 83.60 84.23 84.48 84.66 84.85 85.02 85.12 85.20 85.25 85.33 85.35 85.23 85.46 85.46 85.49
23°N ||     85.54 85.55 85.56 85.59 85.60 85.62 85.63 85.65 85.66 85.67 85.69 85.69 85.70 85.70 85.70 85.52 85.30 84.93 85.10 85.23 85.23 83.26 81.09 80.13 83.10 84.39 83.98 83.86 83.66 83.12 82.63 82.18 81.74 81.27 80.99 80.90 81.69 82.01 81.93 81.67 81.66 81.44 81.73 81.92 81.96 82.96 83.26 83.57 83.71 83.90 84.03 84.16 84.40 84.67 84.42 84.10 84.81 85.31 85.18 84.70 84.57 84.39 85.10 85.27 85.41 85.56 85.60 85.62 85.64 85.65 85.64 85.65 85.59 85.65 85.61 85.55 85.54 85.54 85.52 85.36 85.22 85.04 84.90 85.06 84.98 85.00 85.04 85.08 85.06 84.96 85.10 85.12 85.08 85.02 85.13 85.15 85.23 84.85 85.09 85.07 84.98 84.83 84.65 84.83 84.84 84.79 84.78 84.55 84.23 84.43 84.10 83.76 83.76 83.55 83.52 83.58 83.74 83.31 82.51 83.55 83.69 83.44 84.49 84.10 83.37 83.32 83.67 83.94 84.07 84.57 84.90 85.11 85.27 85.37 85.46 85.52 85.55 85.56 85.58 85.58 85.58 85.62 85.59 85.62 85.63 85.64 85.65 85.64 85.67 85.65 85.65 85.64 85.64 85.64 85.65 85.62 85.60 85.34 84.67 83.57 82.81 82.33 82.14 80.47 81.33 82.91 83.89 84.37 84.69 84.85 85.02 85.13 85.24 85.30 85.38 85.33 85.43 85.46 85.38 85.52
25°N ||     85.56 85.57 85.56 85.61 85.64 85.64 85.66 85.66 85.67 85.68 85.69 85.69 85.70 85.70 85.70 85.54 85.22 85.06 85.10 84.99 85.25 85.17 85.17 85.16 84.90 84.54 83.76 83.99 83.47 82.92 82.39 82.05 81.57 81.17 80.92 80.43 80.48 81.91 81.99 81.65 81.76 81.67 81.78 81.00 82.29 83.00 83.39 83.54 83.64 83.75 83.57 83.96 84.00 84.78 83.97 84.04 84.12 84.06 84.89 85.36 85.40 84.83 85.18 85.47 85.55 85.62 85.64 85.64 85.65 85.66 85.66 85.65 85.64 85.62 85.56 85.59 85.58 85.60 85.62 85.46 85.38 85.15 85.09 85.18 85.16 85.10 85.15 85.11 85.13 85.01 85.09 85.21 85.12 85.13 85.13 85.22 85.18 85.10 85.04 85.09 84.80 84.83 84.94 84.84 84.71 85.02 84.93 84.48 84.73 84.61 84.16 84.39 84.31 84.24 84.61 83.66 83.91 82.97 83.27 82.67 83.10 83.01 83.06 83.35 83.40 83.54 83.46 83.42 84.16 83.92 84.79 85.12 85.10 85.29 85.47 85.54 85.56 85.60 85.61 85.62 85.64 85.65 85.66 85.69 85.71 85.73 85.75 85.75 85.75 85.73 85.72 85.71 85.71 85.70 85.68 85.66 85.62 85.57 85.03 84.05 82.73 82.28 80.50 74.93 80.25 82.76 83.92 84.44 84.67 84.88 85.10 85.11 85.26 85.33 85.42 85.43 85.46 85.46 85.52 85.53
27°N ||     85.59 85.60 85.61 85.61 85.65 85.63 85.67 85.68 85.69 85.69 85.69 85.70 85.70 85.70 85.70 85.58 85.28 85.07 85.11 85.08 85.04 85.09 84.66 84.82 84.84 84.66 84.40 83.64 83.18 82.76 82.24 81.86 81.49 81.09 80.45 80.36 80.67 82.09 82.30 81.86 82.03 82.01 82.05 81.01 81.92 82.97 83.31 83.45 83.55 83.38 83.14 83.28 84.07 84.42 84.74 84.92 84.82 85.08 85.15 85.41 85.18 84.67 85.54 85.58 85.61 85.62 85.62 85.64 85.66 85.67 85.62 85.65 85.66 85.64 85.59 85.64 85.60 85.62 85.64 85.63 85.45 85.37 85.31 85.27 85.29 85.19 85.11 85.07 85.12 85.13 85.15 85.18 85.14 85.11 85.15 85.08 85.19 85.15 84.97 84.81 85.17 84.74 84.93 84.94 84.44 85.13 84.08 84.60 84.73 84.49 84.46 84.55 84.49 84.38 84.28 84.42 84.25 84.81 83.85 83.45 83.75 84.46 83.34 83.66 83.78 83.11 82.83 83.75 84.39 84.02 84.86 85.04 85.24 85.43 85.53 85.58 85.63 85.63 85.65 85.67 85.69 85.72 85.73 85.78 85.81 85.82 85.83 85.82 85.81 85.79 85.78 85.78 85.75 85.72 85.69 85.67 85.63 85.59 85.41 84.29 83.19 82.48 81.60 80.91 81.66 83.53 84.31 84.61 84.76 84.95 85.00 85.25 85.31 85.37 85.44 85.48 85.49 85.50 85.54 85.57
29°N ||     85.63 85.64 85.65 85.66 85.68 85.68 85.69 85.70 85.70 85.70 85.70 85.71 85.70 85.67 85.71 85.69 85.53 85.20 84.99 85.02 85.03 85.03 84.63 84.54 84.98 84.75 84.00 83.51 83.06 82.57 82.14 81.75 81.47 81.05 79.91 80.26 81.21 82.11 82.25 82.04 82.35 82.41 82.36 82.49 82.73 83.00 83.34 83.52 83.51 83.05 83.16 83.46 83.50 84.45 84.54 84.66 84.67 85.03 85.11 85.26 85.23 85.38 85.51 85.45 85.37 85.58 85.60 85.63 85.66 85.67 85.66 85.68 85.67 85.68 85.67 85.66 85.63 85.64 85.66 85.67 85.66 85.48 85.42 85.35 85.38 85.23 85.16 85.77 85.18 85.14 85.20 85.29 85.19 85.18 85.06 85.11 85.19 85.17 85.00 84.99 84.87 84.94 84.92 84.96 84.73 84.57 84.27 84.48 84.53 84.25 84.52 84.47 84.71 84.97 84.91 84.89 84.50 83.91 83.79 83.71 83.99 83.65 83.47 83.65 83.34 83.91 84.71 85.00 84.97 85.09 85.18 85.29 85.47 85.52 85.57 85.63 85.65 85.67 85.71 85.74 85.77 85.80 85.84 85.87 85.89 85.93 85.91 85.87 85.89 85.85 85.84 85.80 85.77 85.73 85.71 85.69 85.66 85.63 85.52 85.03 84.26 83.51 82.82 82.78 83.39 84.37 84.63 84.76 84.86 84.98 85.19 85.29 85.38 85.44 85.49 85.53 85.54 85.55 85.59 85.61
31°N ||     85.68 85.66 85.69 85.69 85.69 85.69 85.70 85.71 85.72 85.71 85.71 85.71 85.72 85.71 85.71 85.70 85.61 85.46 85.36 85.34 85.25 85.19 84.97 84.96 85.11 84.17 83.80 83.42 82.85 82.48 82.06 81.94 81.39 81.10 80.62 80.67 81.25 82.18 82.23 82.22 82.45 82.58 82.75 82.77 82.93 83.11 83.32 83.56 83.44 82.80 83.45 83.60 83.67 83.97 84.11 84.28 84.53 84.61 84.77 85.21 85.02 85.34 85.40 85.46 85.53 85.54 85.59 85.61 85.62 85.67 85.67 85.67 85.69 85.70 85.69 85.72 85.66 85.67 85.69 85.67 85.67 85.64 85.54 85.60 85.47 85.38 85.25 85.14 85.22 85.27 85.29 85.24 85.18 85.13 85.34 85.22 85.13 85.01 84.96 85.11 84.86 84.90 85.01 85.00 84.79 84.76 84.40 84.41 84.57 84.40 84.34 84.29 84.72 84.88 84.82 84.81 84.37 83.96 84.17 84.20 84.12 84.69 83.76 83.61 84.14 83.93 84.41 85.10 85.04 85.18 85.31 85.46 85.49 85.57 85.61 85.64 85.68 85.72 85.78 85.82 85.85 85.89 86.04 85.94 85.98 86.01 85.98 85.95 85.93 85.90 85.85 85.83 85.86 85.76 85.76 85.73 85.70 85.67 85.59 85.47 85.08 84.78 84.56 84.51 84.27 83.85 84.89 84.90 84.97 85.07 84.85 85.60 85.47 85.22 85.56 85.47 85.60 85.61 85.62 85.66
33°N ||     85.71 85.59 85.69 85.69 85.71 85.71 85.71 85.72 85.71 85.72 85.72 85.73 85.73 85.72 85.74 85.73 85.72 85.62 85.45 85.16 85.24 85.23 85.26 85.20 84.56 83.96 83.66 83.25 82.97 82.26 81.90 81.59 81.16 80.79 80.49 80.59 81.17 82.05 82.39 82.49 82.66 82.83 82.90 82.99 82.87 83.09 83.09 82.94 82.92 83.09 83.45 83.74 83.79 83.71 84.04 84.42 84.58 84.66 84.62 84.69 84.66 84.69 85.07 85.45 85.45 85.58 85.61 85.62 85.63 85.66 85.69 85.73 85.73 85.72 85.72 85.74 85.73 85.73 85.73 85.69 85.72 85.71 85.66 85.58 85.51 85.42 85.32 85.24 85.34 85.26 85.25 85.09 85.22 85.22 85.22 85.13 85.16 85.00 85.12 85.14 84.80 84.75 84.92 84.66 85.14 84.52 84.58 84.33 84.56 84.08 83.85 84.11 84.55 84.70 84.58 84.30 84.28 84.44 84.21 84.71 84.60 84.70 84.63 84.09 84.41 84.84 84.90 85.15 85.25 85.39 85.44 85.51 85.55 85.60 85.64 85.68 85.73 85.80 85.84 85.87 85.93 85.96 86.00 86.04 86.12 86.03 86.00 85.98 85.96 85.87 85.89 85.87 85.84 85.79 85.75 85.78 85.77 85.73 85.69 85.65 85.59 85.52 85.47 85.36 85.11 84.68 85.22 85.12 85.07 85.19 85.23 85.45 85.53 85.56 85.60 85.62 85.63 85.66 85.68 85.70
35°N ||     85.74 85.72 85.72 85.71 85.72 85.72 85.72 85.72 85.72 85.73 85.73 85.73 85.73 85.73 85.74 85.73 85.74 85.72 85.60 84.59 85.09 85.19 85.12 84.73 83.76 83.95 83.63 83.22 82.70 82.08 81.52 80.92 80.37 80.11 79.93 79.87 80.29 80.92 82.02 82.69 82.91 82.99 83.06 83.03 82.32 82.55 83.23 83.44 83.14 83.02 83.44 83.33 83.15 83.35 83.86 84.41 84.62 84.74 84.76 84.80 84.82 84.78 85.06 85.44 85.56 85.59 85.61 85.61 85.64 85.66 85.68 85.74 85.72 85.75 85.75 85.78 85.77 85.80 85.77 85.75 85.74 85.72 85.73 85.58 85.54 85.46 85.43 85.39 85.33 85.36 85.16 85.18 85.21 85.29 85.38 85.11 85.13 85.07 85.15 85.06 85.04 85.01 84.98 84.93 84.89 84.64 84.46 84.94 84.42 83.92 84.61 84.04 84.11 84.00 83.88 83.80 84.08 84.28 84.40 84.89 84.93 84.86 85.22 85.12 85.03 85.20 85.21 85.26 85.36 85.43 85.50 85.56 85.58 85.63 85.66 85.72 85.77 85.84 85.90 85.95 85.97 86.01 86.09 86.14 86.17 86.15 86.09 86.07 85.99 85.97 85.92 85.83 85.87 85.82 85.81 85.80 85.78 85.75 85.75 85.71 85.69 85.64 85.62 85.61 85.56 85.53 85.45 85.32 85.26 85.29 85.30 85.42 85.43 85.59 85.61 85.63 85.66 85.70 85.73 85.74
37°N ||     85.77 85.73 85.74 85.71 85.73 85.73 85.73 85.73 85.73 85.73 85.73 85.74 85.74 85.73 85.73 85.72 85.72 85.70 85.69 85.13 85.12 85.05 84.85 84.53 83.98 84.01 83.66 83.26 82.78 81.79 80.74 80.00 79.31 78.90 78.89 79.23 79.59 79.70 80.65 81.91 82.83 83.20 83.25 83.21 83.10 82.94 83.09 83.27 83.43 83.81 83.13 82.99 82.83 82.64 83.29 84.03 84.58 84.70 84.73 84.72 84.79 84.74 85.20 85.47 85.56 85.59 85.61 85.63 85.64 85.68 85.69 85.72 85.73 85.77 85.78 85.81 85.84 85.83 85.83 85.79 85.81 85.79 85.76 85.75 85.69 85.65 85.64 85.59 85.51 85.60 85.33 85.28 85.19 85.18 85.26 85.19 85.21 85.30 85.11 85.23 85.15 85.26 85.08 85.29 85.15 85.10 84.83 84.69 84.53 84.21 84.06 83.94 83.93 83.70 83.72 83.72 83.92 84.52 85.25 85.12 85.01 84.88 85.02 84.93 85.21 85.27 85.30 85.32 85.45 85.49 85.54 85.60 85.63 85.65 85.72 85.77 85.80 85.88 85.92 86.01 86.05 86.13 86.20 86.21 86.23 86.24 86.20 86.13 86.10 86.02 85.98 85.95 85.92 85.87 85.91 85.89 85.84 85.78 85.78 85.74 85.70 85.68 85.62 85.60 85.55 85.53 85.48 85.42 85.37 85.37 85.35 85.45 85.42 85.62 85.63 85.65 85.70 85.71 85.74 85.75
39°N ||     85.75 85.75 85.75 85.74 85.66 85.74 85.74 85.69 85.74 85.74 85.73 85.73 85.72 85.72 85.72 85.71 85.71 85.72 85.67 85.56 84.86 84.78 84.92 84.60 84.58 84.11 83.84 83.48 82.60 81.21 79.94 78.89 78.23 78.14 77.83 78.06 79.19 79.41 79.82 81.00 82.42 83.24 83.40 83.35 83.06 83.17 82.98 82.11 83.21 83.28 83.25 83.07 82.67 82.37 82.75 83.54 84.26 84.52 84.66 84.63 84.96 84.99 85.02 85.35 85.56 85.60 85.61 85.63 85.66 85.69 85.72 85.75 85.76 85.81 85.84 85.85 85.87 85.88 85.88 85.93 85.83 85.83 85.82 85.81 85.77 85.67 85.70 85.65 85.56 85.55 85.50 85.39 85.39 85.36 85.34 85.25 85.19 85.17 85.33 85.26 85.27 85.57 85.28 85.08 85.38 85.01 84.92 84.87 84.75 84.76 84.49 84.07 84.95 83.87 83.91 84.33 84.12 84.38 85.20 85.23 85.24 85.23 85.25 85.30 85.32 85.35 85.39 85.45 85.48 85.54 85.58 85.63 85.64 85.70 85.74 85.80 85.85 85.89 85.97 85.99 86.18 86.25 86.27 86.27 86.27 86.28 86.22 86.20 86.14 86.18 86.07 86.04 85.97 85.95 85.93 85.92 85.89 85.81 85.74 85.76 85.71 85.68 85.64 85.60 85.56 85.55 85.52 85.49 85.47 85.45 85.43 85.33 84.98 85.63 85.65 85.66 85.70 85.74 85.75 85.74
41°N ||     85.75 85.76 85.76 85.76 85.75 85.75 85.74 85.74 85.74 85.73 85.73 85.74 85.73 85.74 85.71 85.72 85.71 85.65 85.63 85.55 85.42 85.28 85.11 84.95 84.70 84.41 84.16 83.57 82.54 81.01 79.61 78.77 78.48 78.40 77.73 78.09 79.06 79.59 80.14 81.36 82.62 83.34 83.43 83.39 82.68 83.27 83.07 82.69 83.03 82.92 82.93 82.77 82.76 82.92 83.18 83.40 83.99 84.50 84.52 84.47 84.77 85.01 85.02 85.30 85.52 85.62 85.64 85.62 85.67 85.71 85.73 85.78 85.80 85.83 85.87 85.90 85.91 85.92 85.93 85.92 85.91 85.90 85.87 85.93 85.93 85.80 85.75 85.73 85.66 85.67 85.55 85.65 85.57 85.50 85.52 85.39 85.32 85.45 85.24 85.34 85.60 85.60 85.59 85.18 85.33 84.85 84.70 85.04 85.08 84.96 84.78 84.92 85.35 85.22 84.66 84.85 85.29 84.69 85.28 85.23 85.27 85.26 85.38 85.40 85.43 85.41 85.46 85.47 85.54 85.59 85.61 85.63 85.67 85.71 85.79 85.83 85.89 85.93 86.06 86.13 86.18 86.29 86.30 86.29 86.28 86.25 86.26 86.24 86.21 86.15 86.11 86.12 86.10 86.04 85.98 85.93 85.89 85.87 85.82 85.77 85.73 85.68 85.65 85.62 85.57 85.57 85.56 85.53 85.53 85.49 85.26 85.37 85.27 85.60 85.64 85.68 85.69 85.73 85.74 85.76
43°N ||     85.75 85.77 85.77 85.76 85.76 85.75 85.75 85.74 85.74 85.74 85.74 85.75 85.74 85.75 85.72 85.71 85.69 85.65 85.58 85.48 85.38 85.28 85.15 85.01 84.84 84.66 84.36 84.03 83.19 82.01 80.65 79.60 79.12 78.97 78.86 78.99 79.54 79.91 81.69 82.89 83.57 83.77 83.59 83.54 83.57 83.01 83.33 82.59 82.98 83.02 82.91 83.08 82.40 82.99 83.65 83.51 83.73 84.31 84.58 84.87 84.84 84.89 85.03 85.31 85.52 85.63 85.67 85.68 85.70 85.73 85.78 85.81 85.87 85.89 86.07 85.92 85.96 85.94 85.96 85.96 85.95 85.94 85.90 85.91 85.92 85.84 85.82 85.75 85.73 85.74 85.71 85.69 85.68 85.64 85.59 85.49 85.45 85.40 85.54 85.58 85.62 85.60 85.43 85.57 85.43 85.56 85.51 85.55 84.88 84.83 84.66 85.31 84.78 84.59 85.35 85.38 85.31 85.26 85.27 85.35 85.36 85.37 85.49 85.56 85.48 85.47 85.49 85.56 85.60 85.62 85.60 85.66 85.67 85.73 85.79 85.87 85.92 85.93 86.05 86.15 86.23 86.28 86.25 86.17 86.28 86.24 86.22 86.17 86.27 86.09 86.11 86.09 86.05 86.03 86.03 85.96 85.91 85.89 85.80 85.78 85.73 85.68 85.63 85.62 85.60 85.58 85.56 85.57 85.56 85.52 85.44 85.37 85.20 85.59 85.67 85.68 85.72 85.73 85.75 85.77
45°N ||     85.79 85.79 85.77 85.77 85.77 85.76 85.76 85.75 85.74 85.75 85.75 85.74 85.74 85.73 85.72 85.69 85.65 85.60 85.53 85.46 85.36 85.27 85.17 85.08 85.00 84.89 84.73 84.47 83.96 83.13 82.50 82.00 81.83 80.28 79.63 79.46 80.08 81.48 82.52 83.37 83.80 83.99 83.97 84.08 84.23 84.39 84.45 84.19 83.38 82.90 82.43 82.91 83.66 83.59 83.60 83.89 84.60 84.42 84.59 84.93 85.03 85.20 85.29 85.41 85.53 85.65 85.67 85.71 85.74 85.78 85.80 85.87 85.90 85.93 85.93 86.00 86.00 86.00 86.05 86.05 85.97 85.99 85.97 85.95 85.93 85.90 85.84 85.86 85.82 85.76 85.76 85.78 85.72 85.69 85.68 85.66 85.57 85.52 85.62 85.61 85.51 85.44 85.37 85.59 85.45 85.56 85.58 85.58 85.38 85.27 84.99 85.36 85.27 85.22 85.38 85.30 85.22 85.37 85.38 85.42 85.40 85.47 85.50 85.54 85.54 85.56 85.57 85.58 85.62 85.63 85.65 85.66 85.72 85.75 85.84 85.89 85.95 86.03 86.07 86.15 86.22 86.28 86.28 86.28 86.26 86.20 86.22 86.23 86.20 86.19 86.13 86.16 86.12 86.00 86.04 86.01 85.95 85.88 85.78 85.75 85.72 85.66 85.63 85.62 85.61 85.60 85.60 85.60 85.60 85.58 85.56 85.48 85.32 85.62 85.63 85.65 85.71 85.76 85.76 85.78
47°N ||     85.79 85.79 85.78 85.77 85.77 85.77 85.76 85.76 85.74 85.76 85.76 85.74 85.74 85.72 85.69 85.68 85.62 85.58 85.52 85.45 85.36 85.31 85.25 85.20 85.13 85.06 84.94 84.87 84.69 84.41 84.10 83.96 83.97 83.92 82.86 82.63 83.29 83.62 83.70 83.76 83.95 84.06 84.03 84.11 84.32 84.50 84.51 84.48 83.35 83.00 83.53 83.97 84.61 84.29 84.42 84.88 84.65 85.12 84.65 84.89 85.10 85.26 85.41 85.54 85.62 85.68 85.71 85.73 85.79 85.81 85.86 85.90 85.92 85.95 85.97 85.96 85.93 85.88 86.05 86.05 86.03 86.06 86.01 86.00 85.96 85.94 85.93 85.91 85.88 85.85 85.82 85.81 85.80 85.77 85.71 85.72 85.68 85.65 85.65 85.66 85.64 85.62 85.67 85.60 85.53 85.59 85.49 85.51 85.57 85.45 85.36 85.44 85.44 85.48 85.50 85.26 85.39 85.43 85.45 85.50 85.50 85.53 85.57 85.54 85.59 85.59 85.60 85.61 85.63 85.64 85.69 85.70 85.75 85.78 85.97 85.99 85.95 86.00 86.07 86.13 86.20 86.27 86.27 86.24 86.25 86.23 86.21 86.20 86.15 86.21 86.18 86.16 86.09 86.09 86.08 85.99 85.92 85.85 85.81 85.63 85.66 85.71 85.66 85.65 85.64 85.63 85.63 85.62 85.62 85.62 85.61 85.58 85.60 85.62 85.64 85.70 85.71 85.75 85.76 85.79
49°N ||     85.80 85.79 85.79 85.77 85.78 85.78 85.77 85.77 85.76 85.76 85.77 85.75 85.74 85.71 85.68 85.65 85.60 85.56 85.52 85.47 85.41 85.37 85.32 85.27 85.19 85.13 85.09 85.04 84.99 84.92 84.84 84.76 84.68 84.60 84.49 84.52 84.55 84.51 84.28 84.12 84.09 84.24 84.21 83.98 84.15 84.35 84.38 84.38 84.85 83.66 85.29 85.41 85.46 85.30 85.28 84.91 84.95 84.96 85.22 85.00 85.27 85.40 85.53 85.61 85.64 85.71 85.75 85.80 85.81 85.88 85.89 85.92 85.96 85.97 85.98 85.99 86.02 86.07 86.10 86.09 86.09 86.06 86.05 86.03 86.02 85.98 85.98 85.93 85.91 85.89 85.87 85.84 85.80 85.77 85.75 85.76 85.72 85.73 85.73 85.71 85.65 85.68 85.61 85.64 86.66 85.78 85.53 85.61 85.59 85.52 85.49 85.52 85.50 85.49 85.44 85.53 85.51 85.53 85.55 85.54 85.54 85.56 85.59 85.59 85.59 85.61 85.60 85.62 85.64 85.67 85.70 85.74 85.78 85.82 85.93 85.97 85.95 86.02 86.03 86.12 86.17 86.21 86.25 86.24 86.22 86.22 86.21 86.20 86.17 86.11 86.19 86.13 86.06 86.02 86.02 85.93 85.89 85.84 85.81 85.66 85.61 85.72 85.69 85.68 85.67 85.66 85.67 85.66 85.64 85.65 85.64 85.65 85.54 85.60 85.72 85.71 85.71 85.77 85.81 85.78
51°N ||     85.80 85.80 85.79 85.79 85.79 85.80 85.77 85.77 85.77 85.77 85.75 85.73 85.71 85.69 85.66 85.63 85.58 85.54 85.51 85.47 85.38 85.39 85.35 85.29 85.26 85.22 85.17 85.14 85.09 85.06 85.00 84.94 84.86 84.81 84.81 84.82 84.73 84.68 84.52 84.36 84.29 84.32 84.37 84.44 84.36 84.55 84.77 84.99 85.27 85.36 85.42 85.46 85.52 85.54 85.54 85.41 85.11 85.05 85.17 85.38 85.45 85.55 85.61 85.70 85.71 85.75 85.78 85.83 85.87 85.90 85.95 85.99 86.02 86.02 86.05 86.07 86.08 86.04 86.19 86.23 86.10 86.10 86.12 85.98 86.06 86.02 85.96 85.95 85.97 85.93 85.92 85.89 85.86 85.83 85.81 85.79 85.77 85.72 85.77 85.73 85.72 85.72 85.62 86.30 86.77 85.68 85.47 85.62 85.60 85.57 85.57 85.56 85.56 85.57 85.60 85.57 85.58 85.57 85.59 85.60 85.59 85.61 85.59 85.60 85.61 85.61 85.60 85.63 85.65 85.67 85.69 85.74 85.79 85.82 85.88 85.89 85.96 85.99 86.07 86.11 86.16 86.19 86.25 86.23 86.24 86.23 86.19 86.22 86.20 86.16 86.14 86.08 86.08 85.98 85.90 85.92 85.88 85.84 85.81 85.79 85.76 85.74 85.72 85.70 85.69 85.70 85.68 85.69 85.67 85.67 85.66 85.67 85.65 85.71 85.71 85.69 85.72 85.77 85.81 85.81
53°N ||     85.80 85.79 85.81 85.81 85.80 85.80 85.79 85.77 85.76 85.74 85.75 85.73 85.70 85.68 85.64 85.60 85.53 85.54 85.52 85.48 85.46 85.43 85.39 85.36 85.32 85.29 85.25 85.20 85.18 85.13 85.09 85.07 85.01 84.99 84.99 84.98 84.96 84.88 84.74 84.62 84.54 84.53 84.59 84.65 84.80 84.97 85.07 85.20 85.31 85.40 85.47 85.51 85.53 85.56 85.58 85.60 85.39 85.44 85.32 85.55 85.67 85.70 85.73 85.75 85.78 85.81 85.87 85.90 85.93 85.95 86.03 86.06 86.07 86.09 86.12 86.15 86.15 86.14 86.18 86.16 86.12 86.15 86.12 86.14 86.09 86.16 86.12 86.03 86.01 85.95 85.95 85.93 85.89 85.88 85.84 85.81 85.82 85.93 85.78 85.77 85.73 85.73 85.69 85.67 85.59 85.60 85.59 85.65 85.62 85.63 85.62 85.62 85.60 85.62 85.61 85.61 85.63 85.64 85.62 85.64 85.62 85.61 85.59 85.61 85.62 85.61 85.60 85.63 85.65 85.66 85.70 85.74 85.78 85.81 85.81 85.87 85.90 85.96 85.97 86.01 86.03 86.08 86.10 86.15 86.17 86.17 86.14 86.14 86.08 86.08 86.08 86.07 85.98 85.93 85.90 85.87 85.88 85.84 85.82 85.80 85.77 85.75 85.73 85.72 85.72 85.71 85.71 85.71 85.66 85.68 85.67 85.70 85.69 85.69 85.71 85.75 85.78 85.79 85.81 85.81
55°N ||     85.83 85.82 85.80 85.78 85.79 85.76 85.77 85.78 85.76 85.75 85.74 85.72 85.70 85.67 85.66 85.61 86.09 85.51 85.54 85.52 85.49 85.46 85.44 85.43 85.38 85.35 85.31 85.27 85.23 85.21 85.18 85.17 85.14 85.14 85.13 85.13 85.09 85.05 85.01 84.93 84.85 84.85 84.80 84.84 84.94 85.08 85.20 85.42 85.45 85.51 85.53 85.54 85.62 85.58 85.60 85.64 85.66 85.67 85.72 85.75 85.77 85.79 85.84 85.86 85.89 85.93 85.94 85.97 86.00 86.04 86.09 86.12 86.13 86.16 86.18 86.16 86.18 86.18 86.20 86.25 86.15 86.16 86.18 86.15 86.19 86.13 86.06 86.05 86.00 86.00 85.98 85.96 85.93 85.90 85.85 85.84 85.83 85.83 85.81 85.78 85.77 85.75 85.72 85.72 85.71 85.68 85.66 85.66 85.67 85.65 85.65 85.65 85.64 85.66 85.64 85.66 85.68 85.68 85.67 85.67 85.64 85.63 85.62 85.61 85.60 85.60 85.63 85.65 85.65 85.67 85.70 85.73 85.76 85.77 85.80 85.84 85.88 85.91 85.91 85.94 85.96 85.99 86.00 86.04 86.06 86.04 86.05 86.05 85.95 85.96 85.99 85.95 85.94 85.90 85.87 85.89 85.83 85.85 85.84 85.78 85.76 85.76 85.75 85.75 85.73 85.73 85.72 85.70 85.69 85.70 85.71 85.68 85.69 85.69 85.73 85.82 85.79 85.81 85.83 85.84
57°N ||     85.83 85.83 85.82 85.81 85.82 85.79 85.78 85.77 85.76 85.76 85.73 85.71 85.71 85.68 85.66 85.65 85.56 85.57 85.55 85.55 85.53 85.51 85.48 85.46 85.44 85.42 85.38 85.35 85.34 85.31 85.29 85.27 85.26 85.26 85.25 85.25 85.23 85.21 85.19 85.11 85.08 85.04 85.03 85.05 85.11 85.23 85.33 85.40 85.49 85.52 85.55 85.57 85.58 85.61 85.64 85.67 85.70 85.74 85.78 85.81 85.87 85.89 85.91 85.93 85.96 85.97 86.01 86.04 86.07 86.12 86.13 86.38 86.20 86.21 86.22 86.24 86.23 86.21 86.22 86.21 86.20 86.25 86.16 86.17 85.95 86.60 86.09 86.06 86.05 86.01 86.02 85.96 85.94 85.92 85.91 85.87 85.87 85.84 85.82 85.78 85.78 85.77 85.73 85.71 85.69 85.69 85.69 85.67 85.70 85.69 85.68 85.69 85.71 85.70 85.70 85.71 85.73 85.71 85.70 85.66 85.65 85.65 85.64 85.63 85.63 85.63 85.62 85.64 85.66 85.67 85.70 85.71 85.74 85.74 85.76 85.79 85.84 85.85 85.87 85.86 85.91 85.90 85.94 85.97 85.98 85.96 85.95 85.96 85.95 85.93 85.94 85.93 85.93 85.92 85.88 85.89 85.86 85.87 85.85 85.82 85.79 85.79 85.77 85.76 85.75 85.73 85.73 85.72 85.69 85.72 85.72 85.70 85.75 85.73 85.74 85.77 85.81 85.81 85.82 85.83
59°N ||     85.83 85.83 85.83 85.80 85.82 85.82 85.77 85.79 85.79 85.79 85.77 85.75 85.73 85.71 85.68 85.65 85.65 85.63 85.61 85.59 85.57 85.55 85.52 85.50 85.50 85.48 85.47 85.45 85.44 85.42 85.40 85.38 85.36 85.37 85.39 85.37 85.36 85.36 85.32 85.27 85.25 85.24 85.24 85.30 85.33 85.40 85.45 85.49 85.53 85.56 85.58 85.61 85.63 85.65 85.68 85.71 85.74 85.78 85.82 85.87 85.94 85.91 86.00 86.02 86.03 86.06 86.10 86.12 86.14 86.14 86.19 86.18 86.20 86.24 86.25 86.25 86.23 86.27 86.29 86.27 86.22 86.21 86.21 86.18 86.16 86.15 86.13 86.12 86.09 86.03 85.98 86.00 85.95 85.95 85.89 85.90 85.89 85.87 85.82 85.81 85.79 85.77 85.77 85.75 85.75 85.74 85.71 85.71 85.71 85.72 85.74 85.75 85.74 85.74 85.73 85.74 85.74 85.74 85.71 85.69 85.68 85.67 85.65 85.65 85.64 85.64 85.63 85.64 85.66 85.66 85.68 85.68 85.72 85.76 85.75 85.73 85.78 85.79 85.79 85.83 85.86 85.83 85.87 85.90 85.90 85.88 85.90 85.90 85.90 85.90 85.90 85.91 85.90 85.88 85.88 85.89 85.88 85.85 85.85 85.83 85.84 85.80 85.79 85.77 85.76 85.74 85.71 85.72 85.71 85.73 85.74 85.74 85.76 85.76 85.77 85.78 85.80 85.83 85.80 85.82
61°N ||     85.83 85.83 85.83 85.83 85.83 85.84 85.82 85.80 85.81 85.78 85.76 85.77 85.75 85.73 85.70 85.69 85.67 85.66 85.64 85.62 85.60 85.59 85.58 85.56 85.55 85.54 85.52 85.51 85.50 85.50 85.50 85.48 85.49 85.49 85.48 85.47 85.46 85.47 85.45 85.52 85.44 85.44 85.44 85.45 85.47 85.49 85.51 85.54 85.58 85.60 85.62 85.66 85.70 85.72 85.75 85.78 85.82 85.85 85.88 85.91 85.97 86.03 86.07 86.09 86.13 86.35 86.10 86.20 86.21 86.21 86.26 86.20 86.24 86.30 86.33 86.32 86.30 86.31 86.26 86.28 86.25 86.25 86.22 86.23 86.19 86.17 86.13 86.11 86.07 86.05 86.01 85.99 85.98 85.95 85.94 85.94 85.89 85.87 85.86 85.83 85.82 85.80 85.78 85.77 85.77 85.77 85.74 85.76 85.75 85.77 85.77 85.77 85.78 85.77 85.75 85.77 85.76 85.76 85.74 85.71 85.72 85.71 85.65 85.67 85.66 85.65 85.64 85.63 85.64 85.66 85.66 85.67 85.69 85.61 85.69 85.73 85.74 85.74 85.77 85.79 85.81 85.77 85.83 85.85 85.85 85.82 85.85 85.84 85.86 85.87 85.86 85.87 85.86 85.85 85.87 85.87 85.85 85.84 85.85 85.83 85.82 85.82 85.80 85.79 85.78 85.74 85.76 85.76 85.74 85.75 85.74 85.76 85.77 85.77 85.79 85.80 85.79 85.82 85.82 85.80
63°N ||     85.86 85.83 85.83 86.17 85.83 85.84 85.84 85.84 85.83 85.82 85.80 85.78 85.77 85.75 85.74 85.73 85.71 85.70 85.67 85.64 85.60 85.63 85.62 85.61 85.60 85.60 85.58 85.58 85.58 85.57 85.56 85.55 85.55 85.54 85.53 85.52 85.52 85.52 85.52 85.51 85.51 85.52 85.52 85.54 85.55 85.57 85.59 85.60 85.63 85.66 85.70 85.73 85.76 85.80 85.84 85.87 85.90 85.93 85.97 85.98 86.03 86.08 86.14 86.19 86.18 86.20 86.26 86.25 86.25 86.24 86.27 86.25 86.28 86.28 86.30 86.32 86.30 86.26 86.26 86.28 86.26 86.26 86.21 86.18 86.16 86.06 86.08 86.06 86.05 86.04 86.03 85.99 85.95 85.94 85.95 85.88 85.87 85.87 85.86 85.84 85.83 85.81 85.80 85.80 85.80 85.79 85.79 85.79 85.79 85.78 85.80 85.79 85.80 85.79 85.79 85.78 85.78 85.76 85.77 85.76 85.74 85.73 85.73 85.70 85.69 85.68 85.66 85.65 85.65 85.65 85.65 85.67 85.68 85.68 85.69 85.72 85.73 85.73 85.75 85.73 85.77 85.74 85.79 85.81 85.78 85.82 85.81 85.82 85.83 85.83 85.83 85.83 85.85 85.85 85.85 85.84 85.84 85.83 85.84 85.84 85.83 85.82 85.82 85.81 85.78 85.80 85.80 85.80 85.75 85.77 85.78 85.79 85.77 85.80 85.82 85.83 85.82 85.83 85.84 85.84
65°N ||     85.86 85.89 85.86 85.89 85.88 85.87 85.86 85.87 85.81 85.83 85.82 85.82 85.82 85.81 85.87 85.77 85.76 85.74 85.72 85.73 85.72 85.69 85.69 85.68 85.67 85.66 85.64 85.65 85.64 85.63 85.62 85.61 85.61 85.60 85.59 85.58 85.57 85.57 85.57 85.56 85.57 85.58 85.59 85.60 85.62 85.64 85.66 85.68 85.70 85.73 85.75 85.76 85.82 85.88 85.92 85.97 86.02 86.09 86.12 86.13 86.14 86.20 86.22 86.21 86.26 86.28 86.28 86.24 86.27 86.29 86.24 86.25 86.29 86.30 86.29 86.30 86.30 86.27 86.27 86.26 86.27 86.23 86.21 86.08 86.71 87.88 85.91 86.02 86.06 86.02 86.03 85.97 85.98 85.93 85.93 85.91 85.88 85.88 85.87 85.86 85.84 85.84 85.83 85.80 85.82 85.80 85.79 85.80 85.80 85.80 85.81 85.81 85.82 85.80 85.78 85.78 85.81 85.78 85.77 85.79 85.78 85.76 85.75 85.72 85.71 85.68 85.69 85.67 85.67 85.65 85.66 85.66 85.66 85.67 85.69 85.68 85.70 85.71 85.70 85.72 85.74 85.74 85.76 85.77 85.75 85.78 85.78 85.79 85.79 85.79 85.81 85.81 85.82 85.83 85.79 85.83 85.83 85.85 85.84 85.84 85.82 85.82 85.84 85.84 85.81 85.84 85.84 85.80 85.82 85.81 85.83 85.83 85.82 85.83 85.83 85.85 85.82 85.83 85.88 85.80
67°N ||     85.91 85.90 85.92 85.91 85.90 85.93 85.92 85.90 85.90 85.89 85.85 85.86 85.87 85.84 85.84 85.83 85.82 85.81 85.80 85.80 85.76 85.77 85.74 85.73 85.73 85.70 85.72 85.71 85.69 85.69 85.68 85.66 85.66 85.64 85.70 85.62 85.62 85.62 85.62 85.62 85.63 85.64 85.66 85.67 85.68 85.70 85.73 85.76 85.78 85.81 85.85 85.90 85.94 85.99 86.06 86.13 86.21 86.26 86.32 86.37 86.39 86.37 86.33 86.30 86.30 86.30 86.28 86.29 86.32 86.30 86.31 86.30 86.28 86.31 86.31 86.28 86.27 86.22 86.29 86.26 86.25 86.22 86.15 86.12 86.12 86.06 86.05 86.05 86.03 86.04 86.01 85.98 85.97 85.94 85.93 85.91 85.90 85.88 85.87 85.85 85.83 85.84 85.83 85.81 85.81 85.81 85.82 85.80 85.79 85.77 85.79 85.82 85.83 85.82 85.81 85.81 85.79 85.80 85.80 85.79 85.78 85.76 85.77 85.75 85.74 85.73 85.72 85.70 85.68 85.68 85.67 85.65 85.66 85.66 85.65 85.68 85.68 85.69 85.64 85.70 85.72 85.73 85.74 85.73 85.74 85.74 85.72 85.77 85.77 85.78 85.77 85.80 85.80 85.81 85.82 85.82 85.82 85.83 85.83 85.85 85.81 85.82 85.82 85.84 85.83 85.83 85.86 85.86 85.86 85.85 85.87 85.85 85.87 85.87 85.84 85.86 85.86 85.89 85.89 85.90
69°N ||     85.89 85.94 85.95 85.93 85.94 85.94 85.94 85.94 85.91 85.96 85.92 85.92 85.91 85.91 85.87 85.85 85.85 85.88 85.88 85.85 85.86 85.85 85.84 85.83 85.80 85.79 85.73 85.78 85.77 85.74 85.76 85.73 85.73 85.71 85.69 85.67 85.68 85.68 85.68 85.68 85.69 85.71 85.72 85.74 85.76 85.79 85.83 85.87 85.92 85.95 85.98 86.02 86.05 86.10 86.14 86.20 86.23 86.25 86.30 86.32 86.32 86.32 86.31 86.30 86.28 86.30 86.30 86.30 86.28 86.31 86.31 86.29 86.32 86.30 86.25 86.27 86.26 86.23 86.23 86.21 86.18 86.16 86.17 86.14 86.08 86.09 86.03 86.01 86.00 85.98 85.98 85.96 85.94 85.93 85.93 85.88 85.89 85.89 85.88 85.87 85.86 85.86 85.85 85.83 85.83 85.85 85.84 85.82 85.82 85.83 85.79 85.79 85.82 85.82 85.82 85.82 85.80 85.81 85.81 85.79 85.77 85.78 85.77 85.77 85.74 85.74 85.74 85.73 85.72 85.71 85.70 85.68 85.68 85.67 85.66 85.65 85.66 85.68 85.69 85.69 85.70 85.70 85.71 85.71 85.72 85.72 85.73 85.74 85.74 85.74 85.76 85.75 85.77 85.79 85.80 85.82 85.81 85.82 85.86 85.85 85.84 85.84 85.84 85.86 85.86 85.87 85.88 85.89 85.89 85.88 85.88 85.90 85.91 85.91 85.95 85.93 85.92 85.93 85.92 85.91
71°N ||     85.97 85.99 86.01 85.98 85.96 85.99 86.28 85.95 85.98 85.98 85.94 85.96 85.96 85.95 85.97 85.98 85.97 85.95 85.99 85.92 85.89 85.92 85.92 85.90 85.88 85.86 85.84 85.82 85.83 85.80 85.81 85.81 85.81 85.78 85.80 85.80 85.77 85.77 85.78 85.79 85.78 85.81 85.82 85.84 85.86 85.88 85.91 85.95 85.98 86.03 86.07 86.10 86.11 86.10 86.13 86.14 86.16 86.18 86.20 86.20 86.18 86.21 86.21 86.23 86.29 86.25 86.25 86.27 86.31 86.27 86.29 86.27 86.26 86.28 86.24 86.21 86.21 86.22 86.20 86.17 86.14 86.14 86.12 86.09 86.06 86.05 86.03 86.02 86.00 85.96 85.94 85.92 85.93 85.93 85.91 85.90 85.89 85.89 85.88 85.87 85.85 85.84 85.83 85.83 85.84 85.84 85.84 85.83 85.83 85.83 85.84 85.82 85.82 85.82 85.81 85.82 85.80 85.80 85.78 85.80 85.77 85.79 85.78 85.76 85.76 85.75 85.75 85.75 85.74 85.72 85.72 85.72 85.71 85.70 85.69 85.69 85.68 85.67 85.67 85.66 85.66 85.66 85.66 85.67 85.68 85.70 85.71 85.72 85.74 85.74 85.75 85.75 85.76 85.76 85.79 85.78 85.81 85.83 85.84 85.85 85.86 85.84 85.87 85.88 85.89 85.90 85.90 85.91 85.88 85.92 85.92 85.92 85.90 85.93 85.94 85.95 85.98 85.94 85.96 85.95
73°N ||     86.04 86.06 86.07 86.04 86.02 86.08 86.08 86.06 86.06 86.08 86.11 86.07 86.07 86.03 86.12 86.05 86.04 86.03 86.00 85.99 86.01 85.93 85.93 85.95 85.92 85.95 85.92 86.04 85.96 85.93 85.95 85.91 85.89 85.87 85.85 85.87 85.85 85.86 85.86 85.89 85.90 85.92 85.93 85.94 85.96 85.98 85.99 86.01 86.03 86.06 86.10 86.15 86.14 86.14 86.14 86.13 86.11 86.11 86.09 86.11 86.12 86.14 86.16 86.15 86.17 86.20 86.21 86.19 86.19 86.20 86.23 86.25 86.25 86.20 86.22 86.22 86.22 86.18 86.15 86.11 86.11 86.09 86.06 86.04 86.05 86.04 86.02 86.00 85.97 85.97 85.95 85.90 85.91 85.91 85.90 85.87 85.88 85.87 85.86 85.87 85.86 85.85 85.84 85.82 85.84 85.84 85.82 85.82 85.81 85.80 85.82 85.82 85.83 85.83 85.82 85.83 85.83 85.81 85.79 85.78 85.79 85.80 85.79 85.77 85.77 85.76 85.75 85.76 85.74 85.74 85.73 85.72 85.72 85.71 85.72 85.71 85.70 85.70 85.69 85.70 85.70 85.71 85.71 85.72 85.72 85.73 85.74 85.74 85.75 85.76 85.75 85.77 85.77 85.78 85.79 85.79 85.82 85.83 85.84 85.84 85.87 85.87 85.86 85.89 85.91 85.93 85.91 85.93 85.95 85.96 85.85 86.49 85.89 85.68 85.96 85.99 86.03 86.02 85.96 86.00
75°N ||     86.06 86.11 86.08 86.10 86.10 86.15 86.08 86.12 86.13 86.13 86.15 86.11 86.12 86.16 86.11 86.14 86.14 86.06 86.10 86.11 86.08 86.12 86.14 86.18 86.10 86.03 86.04 86.04 85.94 85.97 85.97 85.95 85.99 86.01 86.04 85.97 85.95 85.96 85.93 85.96 85.96 85.97 86.01 86.00 86.00 85.98 86.01 86.03 86.05 86.09 86.12 86.12 86.12 86.13 86.13 86.18 86.12 86.11 86.12 86.13 86.16 86.18 86.19 86.19 86.19 86.17 86.16 86.16 86.18 86.14 86.19 86.19 86.19 86.18 86.17 86.18 86.15 86.14 86.10 86.11 86.07 86.07 86.04 86.10 86.02 85.99 85.97 85.95 85.95 85.95 85.93 85.92 85.91 85.90 85.90 85.89 85.91 85.87 85.85 85.85 85.84 85.84 85.84 85.83 85.83 85.84 85.84 85.83 85.81 85.83 85.82 85.81 85.83 85.82 85.82 85.82 85.81 85.82 85.80 85.80 85.80 85.79 85.78 85.80 85.80 85.79 85.77 85.76 85.76 85.75 85.76 85.75 85.76 85.75 85.73 85.74 85.73 85.73 85.73 85.73 85.73 85.74 85.75 85.72 85.74 85.75 85.76 85.77 85.76 85.76 85.77 85.78 85.79 85.79 85.80 85.81 85.82 85.84 85.85 85.86 85.87 85.89 85.89 85.91 85.92 85.92 85.93 85.94 85.95 85.97 85.97 85.99 85.98 86.07 86.08 86.09 86.10 86.09 86.07 86.04
77°N ||     86.15 86.10 86.00 85.96 86.01 86.13 86.08 85.94 85.95 86.11 86.15 86.15 86.16 86.14 86.14 86.06 86.00 86.04 85.96 86.06 85.98 86.02 86.21 86.33 86.14 86.06 86.05 86.10 86.06 86.05 86.04 86.04 86.06 86.02 85.92 86.01 85.97 86.00 85.98 85.98 86.03 86.02 85.98 85.98 86.01 86.05 86.06 86.07 86.09 86.10 86.11 86.13 86.07 86.15 86.16 86.18 86.19 86.19 86.18 86.18 86.20 85.96 85.96 86.08 86.14 86.13 86.12 86.13 86.10 86.09 86.12 86.12 86.12 86.12 86.10 86.10 86.09 86.09 86.10 86.09 86.07 86.02 86.02 86.00 86.00 85.98 85.94 85.93 85.95 85.94 85.94 85.93 85.91 85.89 85.88 85.89 85.89 85.88 85.87 85.86 85.86 85.86 85.85 85.86 85.84 85.84 85.84 85.84 85.83 85.83 85.83 85.83 85.82 85.81 85.81 85.81 85.82 85.80 85.80 85.78 85.79 85.80 85.80 85.80 85.80 85.80 85.80 85.79 85.78 85.77 85.78 85.77 85.76 85.75 85.69 85.74 85.76 85.76 85.77 85.76 85.75 85.76 85.76 85.76 85.76 85.76 85.77 85.77 85.77 85.76 85.78 85.79 85.79 85.80 85.82 85.82 85.83 85.84 85.83 85.85 85.86 85.88 85.90 85.92 85.93 85.93 85.94 85.97 85.97 85.96 85.99 85.97 85.99 86.03 86.01 86.10 86.14 86.13 86.10 86.13
79°N ||     86.03 85.99 85.98 86.02 86.03 86.01 86.00 86.00 86.01 86.01 86.01 85.95 86.04 86.02 86.04 86.07 86.08 86.10 86.09 86.06 86.05 86.10 86.09 86.11 86.12 86.14 86.10 86.00 86.03 85.98 86.00 86.01 86.03 86.03 86.01 86.04 86.02 86.05 86.04 86.04 86.04 86.05 86.05 86.03 86.00 86.01 86.02 86.04 86.05 86.08 86.11 86.09 86.11 86.12 86.14 86.14 86.12 86.15 86.17 86.17 86.19 86.20 86.19 86.20 86.17 86.17 86.20 86.17 86.13 86.10 86.08 86.06 86.03 86.04 86.04 85.98 85.96 85.97 86.01 86.02 85.97 85.99 85.94 85.83 85.89 85.98 85.71 85.76 85.90 85.62 85.71 85.82 85.75 85.67 85.79 85.64 85.67 85.81 85.75 85.68 85.71 85.72 85.75 85.83 85.84 85.82 85.83 85.83 85.84 85.83 85.83 85.83 85.83 85.82 85.81 85.82 85.81 85.81 85.81 85.77 85.90 85.77 85.80 85.80 85.79 85.80 85.79 85.79 85.79 85.79 85.79 85.79 85.79 85.79 85.79 85.79 85.80 85.80 85.79 85.79 85.79 85.78 85.77 85.77 85.78 85.76 85.74 85.75 85.76 85.78 85.78 85.78 85.80 85.81 85.81 85.83 85.83 85.85 85.84 85.85 85.86 85.88 85.89 85.91 85.92 85.93 85.93 85.92 85.94 85.97 85.97 85.99 85.99 86.01 86.02 86.00 86.00 86.06 86.06 86.04
81°N ||     85.78 85.78 85.79 85.80 85.79 85.79 85.80 85.80 85.80 85.80 85.81 85.81 85.82 85.83 85.83 85.84 85.84 85.85 85.85 85.85 85.86 85.86 85.87 85.88 85.88 85.90 85.92 85.95 85.95 85.98 86.00 85.96 85.96 86.03 85.88 85.88 85.83 85.90 85.75 85.78 85.84 85.86 85.96 85.97 85.98 86.00 86.03 86.02 85.95 85.93 85.81 85.80 85.76 85.80 85.93 85.84 85.87 85.85 85.84 85.86 86.00 85.93 85.95 85.95 85.97 85.99 86.03 85.92 85.87 85.80 85.81 85.82 85.71 85.76 85.72 85.66 85.61 85.65 85.60 85.56 85.55 85.50 85.51 85.47 85.47 85.48 85.43 85.43 85.43 85.41 85.43 85.45 85.38 85.39 85.45 85.40 85.41 85.36 85.36 85.37 85.45 85.48 85.47 85.47 85.47 85.49 85.43 85.59 85.61 85.75 85.73 85.62 85.67 85.79 85.72 85.74 85.69 85.72 85.77 85.66 85.67 85.65 85.67 85.67 85.72 85.80 85.69 85.71 85.71 85.71 85.72 85.72 85.72 85.73 85.73 85.74 85.76 85.78 85.80 85.80 85.81 85.81 85.81 85.80 85.81 85.80 85.80 85.81 85.81 85.83 85.83 85.84 85.84 85.85 85.85 85.85 85.85 85.86 85.86 85.85 85.86 85.86 85.87 85.87 85.88 85.87 85.87 85.86 85.86 85.84 85.82 85.83 85.82 85.82 85.82 85.81 85.80 85.79 85.78 85.78
83°N ||     85.70 85.70 85.70 85.70 85.70 85.70 85.70 85.70 85.70 85.71 85.71 85.72 85.72 85.73 85.73 85.74 85.75 85.75 85.77 85.77 85.78 85.78 85.78 85.78 85.77 85.76 85.79 85.78 85.78 85.65 85.62 85.58 85.63 85.66 85.58 85.62 85.57 85.58 85.58 85.55 85.53 85.55 85.51 85.48 85.48 85.52 85.51 85.50 85.52 85.54 85.57 85.60 85.64 85.66 85.58 85.60 85.56 85.53 85.53 85.56 85.53 85.67 85.65 85.82 85.87 85.91 85.95 85.97 85.97 85.88 85.81 85.74 85.68 85.63 85.61 85.57 85.55 85.53 85.51 85.50 85.49 85.47 85.46 85.45 85.43 85.42 85.41 85.40 85.39 85.39 85.39 85.39 85.38 85.38 85.37 85.36 85.35 85.34 85.34 85.33 85.33 85.32 85.31 85.31 85.30 85.29 85.29 85.29 85.29 85.33 85.37 85.42 85.42 85.43 85.40 85.43 85.48 85.49 85.47 85.44 85.43 85.44 85.50 85.46 85.47 85.44 85.47 85.48 85.46 85.47 85.44 85.45 85.48 85.52 85.50 85.49 85.50 85.47 85.49 85.50 85.53 85.59 85.61 85.64 85.73 85.72 85.78 85.82 85.83 85.82 85.82 85.81 85.81 85.82 85.83 85.84 85.83 85.83 85.81 85.81 85.80 85.80 85.79 85.79 85.78 85.77 85.77 85.76 85.76 85.75 85.74 85.74 85.73 85.73 85.73 85.72 85.71 85.71 85.70 85.70
85°N ||     85.74 85.71 85.74 85.77 85.79 85.85 85.57 85.55 85.60 85.64 85.52 85.59 85.55 85.53 85.54 85.59 85.45 85.41 85.40 85.40 85.40 85.46 85.56 85.50 85.49 85.52 85.60 85.54 85.53 85.58 85.56 85.35 85.37 85.44 85.37 85.34 85.34 85.34 85.34 85.35 85.35 85.38 85.36 85.34 85.35 85.33 85.31 85.31 85.31 85.35 85.35 85.34 85.36 85.42 85.41 85.38 85.38 85.39 85.41 85.42 85.43 85.42 85.45 85.43 85.42 85.42 85.47 85.48 85.55 85.59 85.62 85.68 85.63 85.63 85.62 85.65 85.69 85.74 85.77 85.77 85.77 85.76 85.68 85.60 85.52 85.51 85.52 85.54 85.56 85.61 85.72 85.72 85.44 85.39 85.39 85.41 85.39 85.38 85.35 85.33 85.33 85.35 85.32 85.31 85.30 85.29 85.28 85.28 85.27 85.27 85.26 85.27 85.27 85.27 85.28 85.28 85.29 85.29 85.30 85.29 85.30 85.31 85.31 85.31 85.31 85.31 85.30 85.31 85.31 85.30 85.31 85.31 85.30 85.31 85.32 85.32 85.34 85.34 85.34 85.38 85.33 85.33 85.33 85.42 85.43 85.44 85.47 85.54 85.47 85.43 85.46 85.42 85.50 85.52 85.56 85.61 85.52 85.56 85.59 85.61 85.61 85.55 85.58 85.66 85.63 85.65 85.69 85.78 85.72 85.80 85.74 85.69 85.66 85.64 85.67 85.71 85.74 85.67 85.68 85.69
87°N ||     85.23 85.27 85.26 85.26 85.29 85.26 85.27 85.25 85.21 85.20 85.20 85.20 85.22 85.23 85.21 85.18 85.18 85.19 85.18 85.18 85.18 85.21 85.21 85.14 85.15 85.14 85.16 85.17 85.18 85.18 85.19 85.16 85.13 85.14 85.13 85.10 85.08 85.07 85.07 85.07 85.10 85.09 85.12 85.11 85.09 85.05 85.04 85.03 85.05 85.06 85.06 85.06 85.07 85.08 85.11 85.15 85.15 85.17 85.18 85.18 85.16 85.15 85.14 85.14 85.13 85.13 85.13 85.13 85.14 85.15 85.22 85.29 85.30 85.28 85.29 85.26 85.30 85.27 85.26 85.29 85.26 85.24 85.23 85.23 85.25 85.23 85.24 85.28 85.25 85.27 85.22 85.20 85.22 85.19 85.17 85.17 85.18 85.18 85.19 85.19 85.17 85.14 85.14 85.17 85.17 85.13 85.12 85.12 85.10 85.10 85.09 85.11 85.10 85.10 85.10 85.11 85.12 85.13 85.12 85.17 85.10 85.11 85.13 85.14 85.18 85.20 85.15 85.15 85.17 85.17 85.19 85.16 85.11 85.11 85.11 85.11 85.11 85.13 85.16 85.16 85.16 85.17 85.18 85.17 85.19 85.19 85.20 85.18 85.16 85.13 85.16 85.13 85.17 85.16 85.12 85.12 85.13 85.22 85.19 85.22 85.18 85.25 85.25 85.28 85.28 85.29 85.26 85.24 85.25 85.26 85.25 85.27 85.29 85.29 85.29 85.30 85.27 85.28 85.30 85.27
89°N ||     84.98 84.97 84.98 84.99 84.99 84.95 84.94 84.92 84.92 84.92 84.92 84.91 84.91 84.91 84.91 84.91 84.90 84.90 84.90 84.90 84.90 84.90 84.91 84.90 84.90 84.90 84.89 84.88 84.87 84.86 84.86 84.85 84.84 84.84 84.83 84.83 84.83 84.82 84.82 84.82 84.82 84.82 84.81 84.81 84.81 84.81 84.81 84.81 84.81 84.81 84.82 84.82 84.83 84.84 84.85 84.86 84.87 84.88 84.89 84.88 84.88 84.89 84.89 84.90 84.90 84.91 84.92 84.92 84.92 84.92 84.92 84.93 84.93 84.94 84.95 84.95 84.96 84.96 84.97 84.98 84.97 84.97 84.97 84.98 84.97 84.98 84.98 84.97 84.98 84.98 84.97 84.98 85.00 84.99 84.98 84.97 84.96 84.97 85.00 85.01 85.00 84.97 84.97 84.96 84.96 84.95 84.95 84.94 84.94 84.93 84.93 84.93 84.92 84.92 84.92 84.91 84.91 84.91 84.91 84.91 84.91 84.91 84.91 84.91 84.91 84.91 84.91 84.90 84.90 84.89 84.89 84.89 84.89 84.89 84.88 84.87 84.87 84.86 84.85 84.85 84.85 84.84 84.84 84.84 84.84 84.84 84.84 84.85 84.85 84.85 84.86 84.87 84.87 84.88 84.89 84.90 84.91 84.91 84.91 84.90 84.90 84.90 84.91 84.91 84.90 84.91 84.91 84.91 84.91 84.92 84.93 84.93 84.93 84.94 84.95 84.95 84.96 84.96 84.96 84.97
