East longitude (degrees): -179:2:179
North latitude (degrees): -89:2:89

Absorbed dose on Martian Surface (1E-6 Gy/day), 2D array where Absorbed dose(i,j)= value at latitude(i) and longitude(j).
68.34 68.39 68.44 68.45 68.45 68.44 68.43 68.45 68.48 68.51 68.65 68.70 68.68 68.73 68.92 69.02 69.06 69.13 69.15 69.04 68.98 69.12 69.13 69.09 69.03 69.01 68.95 68.96 69.04 69.01 69.09 69.20 69.14 69.08 69.18 69.11 69.03 68.97 68.89 68.83 68.78 68.71 68.66 68.64 68.62 68.62 68.62 68.63 68.62 68.61 68.59 68.58 68.56 68.55 68.55 68.55 68.48 68.46 68.44 68.44 68.43 68.42 68.42 68.39 68.41 68.44 68.45 68.33 68.28 68.30 68.25 68.24 68.24 68.24 68.20 68.18 68.17 68.16 68.15 68.15 68.14 68.16 68.17 68.15 68.17 68.17 68.17 68.16 68.16 68.17 68.18 68.20 68.21 68.21 68.21 68.22 68.21 68.22 68.22 68.22 68.19 68.19 68.18 68.18 68.19 68.19 68.20 68.21 68.21 68.22 68.22 68.21 68.18 68.20 68.24 68.27 68.26 68.25 68.26 68.28 68.30 68.31 68.31 68.33 68.36 68.39 68.39 68.41 68.44 68.45 68.46 68.47 68.48 68.49 68.50 68.52 68.52 68.52 68.52 68.52 68.48 68.49 68.47 68.44 68.46 68.46 68.45 68.42 68.39 68.36 68.36 68.35 68.34 68.31 68.28 68.27 68.25 68.24 68.23 68.24 68.23 68.22 68.21 68.19 68.19 68.18 68.19 68.21 68.22 68.24 68.26 68.28 68.28 68.29 68.30 68.31 68.32 68.32 68.33 68.34
70.11 70.20 70.24 70.37 70.34 70.40 70.30 70.28 70.25 70.16 70.15 70.14 70.04 69.93 69.88 69.86 69.88 69.89 69.88 69.84 69.83 69.87 69.99 70.03 70.00 69.94 69.94 69.83 69.91 69.75 69.98 70.00 69.85 69.83 69.83 69.84 69.82 69.79 69.80 69.78 69.72 69.77 69.74 69.72 69.69 69.68 69.68 69.62 69.58 69.53 69.40 69.55 69.38 69.13 69.16 69.11 69.00 68.89 68.83 68.81 68.97 68.52 68.60 68.37 68.31 68.30 68.25 68.21 68.19 68.17 68.13 68.10 68.16 68.14 67.90 67.85 67.78 67.70 67.68 67.83 67.56 67.40 67.39 67.31 67.29 67.30 67.32 67.35 67.38 67.40 67.43 67.43 67.43 67.42 67.42 67.80 67.71 67.87 67.73 67.91 67.90 67.91 67.99 68.00 68.04 68.12 68.17 68.32 68.40 68.45 68.31 68.30 68.33 68.35 68.37 68.37 68.41 68.45 68.51 68.52 68.58 68.63 68.64 68.69 68.75 68.74 68.74 68.81 68.88 68.86 68.92 68.93 68.94 69.00 69.12 69.24 69.32 69.46 69.39 69.22 69.08 69.05 69.03 69.01 68.97 68.98 68.93 68.68 68.65 68.63 68.63 68.65 68.69 68.68 68.67 68.67 68.73 68.83 68.91 68.90 68.97 69.03 69.11 69.14 69.25 69.33 69.44 69.50 69.66 69.71 69.90 69.91 69.93 69.92 69.99 69.86 69.59 69.71 70.09 70.30
69.53 69.55 69.58 69.59 69.60 69.59 69.60 69.64 69.64 69.62 69.62 69.62 69.64 69.71 69.65 69.58 69.59 69.70 69.68 69.68 69.68 69.69 69.71 69.72 69.70 69.69 69.73 69.83 69.89 70.02 70.35 70.38 70.36 70.36 70.40 70.25 70.46 70.37 70.30 70.23 70.45 70.73 70.68 70.71 70.50 70.46 70.36 70.26 70.17 70.08 70.12 70.00 69.99 69.96 70.21 70.30 70.02 69.85 69.90 70.25 70.09 69.22 69.11 69.15 69.27 69.34 69.19 69.28 69.26 68.89 69.03 68.94 68.67 68.60 68.66 68.42 68.72 68.96 69.24 68.91 68.76 68.70 68.76 68.77 68.87 68.73 68.67 68.54 68.54 68.65 68.54 68.56 68.66 68.63 68.62 68.64 68.66 68.70 68.72 68.81 68.77 68.89 69.18 69.46 69.38 69.33 69.30 69.31 69.27 69.33 69.42 69.48 69.52 69.59 69.36 69.42 69.53 69.55 69.48 69.40 69.39 69.43 69.46 69.55 69.66 69.74 69.74 69.67 69.67 69.61 69.56 69.52 69.48 69.49 69.51 69.60 70.14 71.26 71.66 71.39 70.77 70.49 70.38 70.43 69.99 69.76 69.66 69.55 69.60 69.67 69.55 69.58 69.64 69.78 69.94 69.99 70.01 70.03 69.99 69.98 69.96 69.80 69.66 69.59 69.55 69.65 69.72 69.81 69.95 70.13 69.89 69.95 69.92 69.88 69.81 69.75 69.70 69.68 69.57 69.53
69.66 69.68 69.69 69.71 69.71 69.71 69.72 69.74 69.75 69.77 69.78 69.80 69.83 69.85 69.83 69.84 69.85 69.89 69.92 69.94 69.96 69.99 70.02 70.05 70.10 70.15 70.19 70.25 70.36 70.48 70.40 70.24 70.20 70.14 70.24 70.36 70.36 70.32 70.38 70.43 70.18 70.19 70.22 70.24 70.26 70.30 70.27 70.78 70.89 70.96 70.87 70.88 70.81 70.81 70.84 70.80 70.74 71.04 71.12 71.10 70.62 70.97 70.88 70.75 71.09 70.77 70.79 70.76 71.18 70.83 71.14 71.41 71.61 71.64 71.47 71.30 71.34 71.31 71.31 71.43 71.41 71.37 71.20 71.23 71.25 71.16 71.10 71.08 71.14 71.13 70.86 70.85 70.96 71.34 70.89 70.81 70.71 70.66 70.69 70.54 70.75 70.22 70.38 70.11 70.51 70.76 70.82 70.56 70.44 70.48 70.53 70.67 70.92 70.99 71.07 71.04 70.62 70.64 70.58 70.58 70.51 70.49 70.17 70.09 70.16 70.22 70.21 70.07 70.06 70.20 70.13 70.14 70.30 70.30 70.50 71.08 71.89 71.80 71.83 71.80 71.83 70.63 70.53 70.60 70.57 70.71 70.67 70.59 70.57 70.56 70.51 70.39 70.28 70.23 70.18 70.03 69.96 69.99 70.29 70.65 71.15 71.46 71.03 70.48 69.74 69.74 69.45 69.38 69.36 69.32 69.40 69.61 70.15 70.17 69.90 69.69 69.61 69.58 69.60 69.63
69.97 70.04 70.04 70.18 69.92 69.99 70.03 70.08 70.12 70.18 70.23 70.30 70.47 70.50 70.27 70.25 70.27 70.31 70.37 70.43 70.48 70.52 70.54 70.57 70.61 70.65 70.72 70.75 70.77 70.80 70.84 71.00 70.96 70.98 71.09 71.04 70.82 70.87 70.83 70.86 71.05 70.90 70.58 70.64 70.47 70.34 70.41 70.59 70.64 70.52 70.68 70.58 70.81 71.70 71.36 71.58 71.89 71.38 71.85 71.73 71.38 71.52 71.60 71.56 71.55 71.49 71.55 71.56 71.48 71.38 71.50 71.33 71.15 71.17 71.21 71.22 71.16 71.16 71.14 71.19 71.64 71.10 70.92 70.87 70.85 70.88 70.87 70.88 70.86 70.85 70.84 70.87 70.77 70.59 70.40 70.10 69.47 68.79 69.60 69.72 70.19 70.53 70.47 70.59 70.89 71.10 71.25 71.50 71.46 71.33 71.10 71.43 71.54 71.67 71.66 71.74 71.77 71.86 71.84 71.83 71.81 71.85 71.78 71.70 71.68 71.73 71.30 71.33 71.41 71.49 71.55 71.79 71.85 71.95 71.98 71.95 71.91 71.22 70.34 70.13 70.09 70.06 70.06 70.25 70.35 70.38 70.33 70.49 70.59 70.69 70.83 70.92 71.04 70.81 70.92 71.15 71.31 70.96 70.81 70.85 71.36 71.17 70.88 70.88 71.03 70.97 71.43 70.77 69.99 69.64 69.63 69.78 69.97 70.25 70.58 69.90 70.02 70.02 69.82 69.88
70.30 70.34 70.35 70.46 70.44 70.39 70.39 70.43 70.45 70.65 70.50 70.59 70.64 70.67 70.75 70.85 70.70 70.89 70.61 70.90 70.80 70.83 70.79 71.27 71.72 70.65 71.10 71.60 71.38 71.48 71.40 71.41 71.38 71.39 71.44 71.46 71.47 71.45 71.34 71.30 71.31 71.06 71.71 71.84 70.83 71.04 71.03 70.89 70.84 71.14 71.39 71.07 71.81 71.59 71.65 71.89 72.18 70.87 71.54 70.99 71.78 71.53 70.88 71.36 71.36 71.68 71.71 71.64 71.61 71.58 71.53 71.56 71.54 71.56 71.53 71.49 71.52 71.57 71.53 71.32 71.42 71.60 71.30 71.26 71.30 71.53 71.17 71.36 71.19 71.23 71.29 71.18 71.13 70.85 70.04 70.06 69.65 70.12 70.66 70.95 70.86 71.14 71.18 71.25 71.33 71.55 71.36 71.50 71.24 71.52 71.07 71.38 71.20 71.20 70.83 70.72 71.48 71.66 71.94 71.99 72.04 72.02 72.05 72.02 72.07 72.03 71.98 72.04 72.02 72.06 71.98 71.96 72.05 72.02 72.02 72.02 72.09 72.10 72.03 72.03 72.03 72.09 71.74 71.33 71.56 70.98 70.48 70.50 70.51 70.41 70.47 70.58 71.01 72.22 72.05 71.09 70.87 71.46 70.26 70.31 70.96 70.38 70.08 69.94 69.86 69.98 69.86 70.30 70.07 70.03 70.04 70.11 70.25 69.96 69.87 70.00 70.11 70.21 70.22 70.23
71.10 70.80 70.72 70.69 70.60 70.88 70.84 71.19 71.14 71.17 71.12 71.13 71.48 71.29 71.24 71.27 71.35 71.32 71.47 71.34 71.29 71.33 71.27 71.37 71.29 71.42 71.62 71.69 71.52 71.63 71.59 71.62 71.63 71.63 71.62 71.63 71.59 71.61 71.59 71.59 71.57 71.60 71.52 71.37 71.31 71.09 70.56 71.28 70.47 70.75 71.56 71.36 71.17 70.60 70.75 70.98 71.18 71.15 71.28 71.23 71.54 71.74 71.56 71.63 71.82 71.84 71.81 71.85 71.85 71.81 71.78 71.77 71.72 71.74 71.71 71.70 71.67 71.56 71.35 71.38 71.31 71.17 71.10 70.95 71.20 71.41 71.27 71.30 71.10 71.23 71.26 71.21 70.86 70.72 70.59 70.42 69.93 69.54 70.68 71.83 72.21 72.39 72.39 71.16 71.43 71.27 71.32 71.51 71.24 71.58 71.30 71.26 71.22 71.68 72.06 71.86 71.27 71.12 70.68 70.42 70.31 69.90 69.75 70.33 70.99 71.51 71.81 71.77 71.65 71.43 70.83 71.49 71.67 70.93 71.53 71.75 72.08 71.98 71.73 71.62 71.27 71.26 71.00 71.51 72.17 72.13 71.97 71.85 71.14 71.17 71.24 70.43 71.14 71.48 71.49 70.64 70.30 70.41 70.19 70.25 70.35 70.18 70.17 70.43 70.30 70.25 70.39 70.52 70.58 70.55 70.44 70.54 70.76 70.42 70.44 70.51 70.73 70.90 70.99 70.80
71.30 71.40 71.15 71.29 71.11 71.11 71.23 71.92 71.44 71.34 72.26 72.54 71.49 71.66 71.68 71.80 71.57 71.69 71.69 71.50 71.50 71.73 71.72 71.87 71.71 71.78 71.83 71.85 71.81 71.78 71.78 71.76 71.80 71.77 71.33 71.69 71.69 71.67 71.64 71.63 71.57 71.52 71.53 71.53 71.57 71.63 71.54 71.46 71.27 71.16 71.29 70.77 70.60 70.95 71.48 71.56 71.49 71.82 71.97 72.00 72.03 72.01 71.96 71.91 71.88 71.87 71.83 71.61 71.80 71.70 71.57 71.43 71.41 71.26 71.21 71.28 71.17 71.35 71.18 71.22 71.29 71.34 71.44 71.25 71.60 71.36 71.36 71.52 71.34 71.35 71.28 70.99 70.86 71.18 71.32 71.34 71.33 71.34 71.41 71.28 71.12 71.23 71.24 71.18 71.47 71.52 71.53 71.37 71.34 71.24 71.17 71.02 70.59 70.83 70.98 70.42 70.81 70.65 70.41 70.57 70.30 70.21 70.93 71.31 71.17 71.15 72.24 70.71 70.87 70.86 70.98 71.47 71.35 71.20 71.13 70.95 71.29 70.32 69.98 69.60 69.51 70.06 72.29 72.14 72.28 71.04 71.73 71.10 71.90 72.22 72.07 71.99 71.91 71.93 72.07 70.99 69.98 69.96 69.95 69.97 69.94 70.11 70.78 70.66 70.85 70.23 70.30 70.48 70.56 70.53 70.60 70.59 70.61 70.85 70.86 70.95 71.09 71.05 71.11 71.17
72.40 71.25 71.90 71.88 71.77 71.45 72.20 71.89 71.91 71.89 71.43 71.07 72.09 71.43 71.76 71.94 71.88 71.86 71.78 71.63 71.47 71.11 72.15 70.90 71.14 72.00 71.74 71.71 71.73 71.78 71.81 71.81 71.90 71.53 71.47 71.13 71.35 71.72 71.60 71.65 71.65 71.68 71.58 71.63 71.66 71.66 71.67 71.42 72.01 72.92 72.91 73.06 73.01 71.41 71.94 71.94 72.11 72.15 72.17 72.19 72.19 72.17 72.11 72.01 72.05 71.63 71.78 71.98 72.00 72.00 71.96 71.70 71.48 71.62 71.49 71.37 71.29 71.42 71.66 71.28 71.30 71.30 71.33 71.66 71.49 71.75 71.89 71.84 71.72 71.78 71.43 71.40 71.04 71.43 71.41 71.52 71.70 71.72 71.71 71.68 71.72 71.74 71.84 71.77 71.68 71.60 71.76 71.30 71.24 71.09 70.62 70.26 70.54 71.02 71.47 71.15 71.35 71.21 71.31 70.93 71.06 70.64 70.42 70.36 70.73 70.71 71.03 71.01 71.26 71.22 71.19 71.33 71.39 71.52 71.64 71.67 71.66 71.81 71.48 71.11 71.53 70.04 70.16 70.81 70.93 71.00 71.09 71.37 72.09 71.77 71.53 70.65 71.47 71.93 72.26 72.43 71.85 70.82 69.93 70.37 70.12 70.44 70.97 71.05 70.33 70.63 71.09 71.24 71.08 71.46 72.26 72.00 71.59 71.44 71.46 71.41 71.59 71.40 71.46 72.30
72.20 72.24 72.33 72.38 72.45 72.62 72.76 72.68 72.70 72.72 72.73 72.06 71.42 71.15 70.53 70.52 71.20 71.34 72.40 71.52 71.58 71.42 71.21 71.30 73.11 71.88 71.86 71.88 71.75 71.53 71.62 71.53 71.50 71.70 71.60 71.55 71.47 71.79 71.62 71.64 71.77 71.59 71.73 71.63 71.68 71.72 71.43 71.24 71.30 72.23 72.91 72.75 73.10 71.16 72.06 72.20 72.25 72.30 72.22 72.24 72.32 71.98 71.86 71.98 72.09 72.16 72.21 72.00 72.02 71.09 71.40 71.63 71.48 71.66 71.35 71.58 71.43 70.97 70.78 70.65 70.55 71.54 71.47 71.44 71.63 71.65 71.80 71.58 71.86 71.69 72.23 72.11 71.68 71.79 71.79 71.62 71.56 70.92 71.52 71.81 71.96 71.67 71.73 71.74 71.71 71.75 71.42 70.56 70.90 71.21 71.22 71.32 71.33 71.51 71.53 71.42 71.69 71.48 71.61 71.69 71.60 71.81 71.83 71.62 71.81 71.42 70.73 70.92 72.19 72.22 71.18 71.43 71.28 70.16 71.04 71.25 71.36 70.90 70.56 70.91 71.31 70.68 71.54 71.68 71.96 71.98 71.94 71.64 71.65 71.85 72.15 72.04 72.28 72.06 72.88 73.09 73.01 72.64 72.26 72.00 72.28 72.09 71.87 72.23 72.43 72.35 72.35 72.18 72.03 72.53 72.07 72.39 72.28 72.33 71.78 71.78 71.84 71.95 71.58 72.15
71.57 71.66 72.03 72.29 71.81 73.26 73.07 72.70 72.86 72.82 72.78 72.57 71.96 72.09 71.69 71.90 70.73 70.93 71.33 71.81 72.17 71.93 71.65 71.53 71.37 72.04 71.78 71.95 71.56 72.18 71.22 71.32 71.20 71.46 71.48 71.55 71.81 71.81 71.92 71.92 72.00 71.92 71.88 71.94 71.94 72.56 71.73 72.04 72.05 72.02 72.05 72.17 72.17 72.29 72.30 72.23 72.25 72.27 72.05 72.05 71.84 72.24 72.20 72.36 72.21 71.98 71.33 71.32 71.35 71.34 71.33 71.51 71.47 71.68 71.79 72.05 71.90 71.32 70.77 71.05 71.21 71.70 71.72 71.27 71.23 70.98 71.05 70.99 71.27 71.57 71.59 71.73 70.81 71.79 71.88 71.81 71.97 71.98 71.95 72.00 71.95 71.93 72.02 71.93 71.68 71.35 70.60 71.76 71.96 71.84 71.65 71.46 71.58 71.46 71.61 71.08 71.01 71.58 71.98 72.18 72.38 72.21 72.25 72.33 72.31 72.20 71.76 71.27 70.94 71.05 71.66 71.59 71.58 71.61 72.58 71.41 70.11 70.50 70.65 70.80 70.99 70.94 70.50 70.62 71.16 71.65 71.78 71.51 72.02 72.11 72.11 72.19 71.67 69.88 72.07 72.90 72.73 70.51 72.91 72.80 72.73 72.50 72.44 72.35 72.07 71.76 71.51 71.61 70.84 70.57 71.58 72.24 72.19 72.00 71.83 71.61 71.46 71.36 71.66 71.70
73.07 71.55 71.31 72.08 72.07 72.14 72.14 72.76 72.74 72.85 72.89 72.89 72.73 72.61 72.24 71.96 71.67 71.23 71.17 70.91 70.90 70.60 70.94 70.95 71.30 71.23 71.11 71.05 71.61 70.85 70.88 70.93 71.47 72.98 71.30 71.51 71.48 72.25 71.85 71.90 72.01 71.99 71.95 71.96 71.97 72.02 71.97 72.08 72.08 72.01 72.04 72.14 72.17 72.17 72.08 72.24 72.40 72.25 72.33 72.23 71.64 72.03 72.27 72.26 72.01 71.81 73.64 73.59 73.05 71.30 71.52 71.63 71.68 71.87 72.03 71.64 71.31 70.78 70.84 70.49 70.83 70.90 71.35 71.28 71.60 71.47 71.59 71.60 71.59 71.58 71.63 71.81 71.72 71.88 71.83 71.97 71.85 71.81 71.85 71.66 71.71 70.99 70.80 70.84 70.48 71.03 72.34 72.83 72.71 72.27 72.19 71.76 71.81 71.46 71.63 71.49 71.87 72.01 72.29 72.31 72.26 72.24 72.30 72.28 72.17 72.43 72.39 72.53 72.54 72.10 71.43 70.83 71.47 71.69 70.90 70.72 70.60 70.21 70.82 70.05 70.31 70.68 70.65 71.63 71.31 71.24 70.73 71.08 71.55 71.90 72.21 72.35 72.04 72.23 72.38 72.44 72.49 72.46 72.11 72.27 72.22 72.33 72.15 71.90 72.17 72.10 72.10 72.09 72.01 71.57 72.28 72.03 71.98 71.78 71.25 71.80 70.98 70.95 71.12 71.73
71.67 71.27 70.95 71.41 71.43 72.32 72.40 72.82 72.71 72.77 72.75 72.87 72.88 72.88 72.79 72.61 72.47 72.42 72.35 72.04 71.53 71.39 71.46 71.22 71.59 71.48 71.13 71.95 71.82 71.24 71.02 71.34 71.09 71.32 71.50 71.62 71.63 71.69 71.71 71.94 71.96 72.06 72.09 72.09 72.18 72.21 72.17 72.15 72.16 72.15 72.03 71.94 71.80 71.88 72.00 72.15 72.17 72.19 72.06 71.12 72.28 72.36 72.53 72.74 72.00 72.35 72.34 72.35 71.68 71.59 71.86 71.74 71.82 71.97 72.20 72.05 71.50 71.30 70.90 70.56 70.61 70.96 71.93 71.35 71.54 71.58 71.57 71.48 71.21 71.62 71.62 71.66 71.61 71.81 71.60 71.84 72.12 71.93 71.65 71.75 71.50 71.56 71.43 71.34 70.95 71.31 71.11 71.35 71.44 71.32 71.30 71.16 71.25 71.84 72.13 72.67 72.61 72.39 72.20 72.08 72.09 72.29 72.47 72.41 72.54 72.46 72.40 72.45 72.44 72.65 71.61 71.60 71.55 71.42 73.05 70.95 70.93 71.07 71.56 70.33 70.30 70.34 70.88 70.92 70.97 70.51 70.40 71.71 71.44 71.00 71.85 71.67 71.61 72.21 72.19 70.60 71.25 71.46 72.11 71.76 71.11 71.30 72.15 71.77 72.07 72.40 72.21 72.27 72.18 72.12 71.74 71.63 71.45 70.80 71.83 72.06 71.56 71.40 71.06 71.01
71.67 71.64 72.04 71.33 71.02 71.48 72.06 72.15 72.42 72.33 72.64 72.46 72.85 72.69 72.71 72.55 72.63 72.66 72.61 72.13 71.56 71.54 71.26 71.38 71.28 71.43 71.45 71.26 71.22 71.31 71.24 71.39 71.64 71.64 71.59 71.34 71.14 71.52 71.94 71.62 72.09 71.73 71.51 71.94 72.00 71.96 71.73 72.06 71.96 71.94 71.72 71.80 72.05 72.42 72.00 71.22 71.76 72.45 72.29 72.34 72.26 72.22 72.36 72.60 73.00 72.69 71.86 72.77 71.74 72.35 72.04 71.79 71.85 71.72 71.84 72.38 72.52 72.35 72.29 71.87 71.67 71.24 71.36 71.35 71.39 71.46 71.61 71.61 71.61 71.56 71.53 71.55 71.69 71.62 71.68 71.44 71.58 71.66 71.49 71.80 71.85 71.53 71.63 71.89 71.77 71.52 71.32 71.07 71.11 70.85 71.38 71.48 71.80 72.40 72.85 72.91 72.92 72.65 72.43 72.36 72.32 72.26 72.33 72.35 72.60 72.66 72.52 72.46 72.50 72.59 72.40 71.73 71.60 71.91 71.47 71.02 70.80 71.00 70.77 69.89 71.84 70.60 71.34 71.22 71.18 70.85 70.73 70.60 70.37 70.66 70.91 71.35 71.20 71.37 71.79 72.16 72.43 72.46 72.15 72.02 71.46 71.56 71.78 71.84 71.79 70.90 70.79 71.13 71.62 71.90 72.02 72.08 71.87 72.18 72.15 71.16 71.70 71.85 71.82 72.12
72.36 71.39 70.98 71.58 71.89 72.09 72.05 71.36 71.48 71.69 71.23 71.48 72.07 71.49 73.28 71.57 71.97 71.91 72.53 72.20 72.12 72.07 72.10 71.42 71.24 71.03 72.16 71.80 71.24 71.35 71.83 72.17 72.19 72.05 72.03 71.70 71.29 71.50 71.43 71.41 71.86 71.10 71.54 71.90 71.57 70.55 72.13 72.31 72.36 72.30 72.26 72.43 72.38 71.95 71.46 72.57 72.58 72.33 72.59 72.55 72.46 72.23 72.36 72.42 72.69 73.06 72.71 71.99 72.86 72.90 72.67 72.34 71.32 72.22 72.48 71.88 71.76 71.86 71.74 71.47 70.57 70.59 71.32 71.62 71.36 71.28 71.15 71.47 71.59 71.56 71.64 71.55 71.58 71.79 71.67 71.73 71.67 71.48 71.63 71.78 71.87 71.72 71.65 71.65 71.07 71.71 71.61 71.65 71.68 71.80 71.91 71.98 72.07 72.27 72.55 72.61 72.04 71.98 72.07 71.85 73.27 72.65 71.91 72.15 72.35 72.42 72.64 72.73 72.35 72.67 73.07 72.78 70.41 72.54 72.38 72.18 71.06 71.27 71.23 71.64 70.83 70.79 70.74 70.83 70.89 70.79 70.81 70.62 70.87 70.69 70.85 70.81 70.94 71.10 71.18 72.24 72.87 72.78 72.77 72.62 72.40 72.12 71.89 71.69 71.67 71.35 70.93 71.15 71.21 70.25 71.00 71.74 71.89 71.61 70.62 71.00 71.21 72.13 72.20 72.17
72.34 71.84 71.67 71.96 71.97 71.78 70.63 71.27 71.46 71.26 71.73 71.26 71.50 70.77 71.72 72.17 71.83 71.95 71.66 71.97 72.13 72.14 71.83 71.68 70.89 71.31 71.51 71.57 71.99 71.31 71.53 72.20 72.28 71.95 72.24 71.96 71.42 70.92 70.80 70.97 71.26 71.83 72.14 72.11 72.03 71.68 72.22 72.39 72.60 72.59 72.61 72.61 72.66 72.70 72.39 72.17 72.31 72.11 72.44 72.57 72.21 71.85 72.76 72.54 71.77 72.97 71.73 72.36 72.74 71.09 71.51 72.45 73.21 72.09 72.71 71.92 71.99 71.64 71.41 71.47 70.90 71.00 71.30 71.05 71.12 71.57 71.38 71.33 71.72 70.50 71.41 71.67 71.76 71.65 72.16 71.46 71.38 71.41 72.48 71.36 71.29 71.73 71.58 71.61 71.68 71.74 71.72 71.66 71.65 71.99 72.08 72.30 72.38 72.40 72.22 71.81 71.84 71.96 71.64 71.24 71.30 71.30 71.97 72.38 72.79 72.90 72.98 72.88 72.98 73.18 72.88 72.83 72.51 72.31 72.43 72.16 71.72 70.72 70.27 70.54 72.40 72.22 70.30 70.32 71.56 70.58 70.70 70.13 70.67 70.99 70.53 70.60 71.10 71.74 72.04 72.27 72.47 72.41 72.52 72.50 72.47 72.38 72.24 72.07 71.66 71.37 71.06 71.00 71.19 71.01 71.96 70.49 71.18 71.36 71.09 71.70 71.94 71.75 72.03 72.19
72.12 72.16 72.33 72.58 72.15 71.05 71.38 71.24 70.89 70.94 71.02 72.48 71.00 71.13 70.83 70.88 71.46 71.88 71.46 71.33 72.44 71.38 71.41 71.40 70.75 71.33 71.57 71.55 71.52 70.82 70.37 72.14 71.91 71.99 71.95 71.71 71.84 71.27 71.10 71.16 70.98 71.50 71.72 71.85 71.94 71.68 71.28 71.23 72.04 72.54 72.58 72.65 72.48 72.44 72.20 71.59 71.39 71.40 71.18 71.05 71.68 73.12 72.08 71.49 72.89 73.28 73.07 72.15 74.09 70.17 73.49 72.13 71.50 72.15 71.73 72.65 72.93 72.59 72.24 73.03 73.06 72.08 71.37 71.44 71.67 71.40 71.45 71.21 71.15 71.46 71.54 71.63 71.35 71.08 71.09 71.03 71.05 71.13 71.52 71.13 70.90 71.04 71.03 71.10 71.09 71.67 71.72 71.91 72.09 72.23 72.38 72.52 72.67 72.77 72.64 72.36 72.48 72.49 72.66 72.40 72.31 72.50 72.93 73.25 73.48 73.46 73.48 73.47 73.47 73.67 73.16 73.02 72.79 72.99 72.88 72.79 72.71 72.23 70.65 71.55 72.39 72.71 70.80 70.95 71.40 71.23 70.91 70.72 70.70 71.01 71.41 71.57 71.70 71.48 71.93 71.70 72.17 71.67 70.96 71.18 72.25 72.34 72.26 71.97 71.57 71.30 71.09 71.09 71.18 71.10 70.84 70.73 71.14 71.21 72.06 71.19 71.21 71.32 71.59 72.06
72.15 72.18 72.29 72.36 71.80 71.74 71.66 71.30 71.16 71.57 71.52 71.42 71.30 71.41 71.14 71.33 71.79 71.69 71.67 71.60 71.14 70.57 70.57 72.28 70.55 71.28 71.58 71.59 71.59 71.36 71.16 71.93 71.90 71.78 71.95 71.59 71.35 71.13 70.77 70.67 70.76 70.67 70.63 70.82 71.48 71.22 71.09 71.44 71.96 72.22 72.47 72.51 72.51 72.02 71.70 70.82 71.12 70.73 71.04 72.66 71.58 73.23 73.45 72.91 71.76 74.25 74.22 74.32 74.18 74.18 74.17 73.57 71.48 71.83 72.91 72.24 71.92 72.65 72.46 72.36 71.85 71.55 71.67 71.64 71.55 71.40 71.41 71.18 71.28 71.02 71.25 71.42 71.64 71.35 71.43 71.86 72.54 71.44 71.40 71.49 71.46 71.39 70.88 71.05 70.91 71.15 71.82 71.94 72.18 72.39 72.58 72.72 72.94 73.12 73.12 73.28 73.40 73.52 73.57 73.79 73.99 74.09 74.14 74.20 74.28 74.13 74.00 73.98 74.26 73.75 73.49 73.37 73.21 72.94 73.11 73.02 71.69 72.35 72.20 71.87 71.69 71.52 71.59 71.61 70.68 71.00 71.12 71.13 71.42 71.71 72.04 72.05 72.75 72.34 71.67 71.83 72.03 70.92 71.10 72.31 72.04 71.84 71.66 71.68 71.33 71.20 71.35 71.52 71.75 71.54 71.51 70.99 71.64 71.31 71.12 71.22 71.45 71.83 71.85 72.09
72.21 71.84 71.90 72.49 72.67 71.22 71.89 72.00 71.99 71.80 71.93 71.45 71.28 71.61 71.61 71.60 71.35 71.69 71.58 71.66 71.54 70.94 70.65 71.62 71.23 71.48 72.49 71.47 71.65 71.49 71.80 71.68 71.68 71.96 71.74 71.72 71.68 70.94 70.66 70.61 70.51 70.64 71.07 71.27 71.47 71.62 71.78 71.75 72.58 73.20 71.46 71.53 71.81 71.57 71.69 72.18 71.99 71.30 71.21 72.07 71.64 73.33 73.45 73.59 74.56 74.40 74.24 74.24 74.25 74.26 74.24 74.12 73.78 73.38 72.49 72.29 72.55 72.85 72.08 72.29 72.46 72.29 72.14 71.95 71.72 72.58 71.91 71.48 71.60 71.64 71.36 71.30 71.19 71.61 71.11 70.97 71.26 71.34 71.43 71.31 71.46 71.55 71.15 70.52 71.64 71.44 71.62 71.95 72.09 72.21 72.69 72.89 73.19 73.42 73.54 73.74 74.03 74.16 74.49 75.00 75.48 75.87 76.06 76.13 76.16 75.73 75.58 75.64 75.65 75.53 74.75 73.80 73.81 73.98 73.10 73.29 73.32 73.01 71.96 71.94 72.08 71.62 71.69 71.35 71.50 72.13 71.39 71.38 71.46 71.27 71.51 71.87 72.21 72.39 72.95 72.09 71.97 70.72 72.35 72.01 72.14 72.17 72.16 71.83 71.59 71.53 71.25 71.56 71.04 71.54 71.73 71.15 70.68 70.68 71.19 71.74 71.81 71.92 72.14 72.20
72.11 71.95 71.64 71.71 72.25 72.10 72.01 71.28 72.19 71.72 71.39 71.64 71.50 71.73 71.58 71.49 71.58 70.97 71.44 71.51 71.32 70.98 70.58 70.43 70.16 71.24 70.95 71.31 71.60 71.61 71.51 71.68 71.41 71.35 71.50 71.25 71.27 71.14 70.88 70.20 70.17 70.03 70.36 71.28 71.48 71.67 71.77 71.44 72.66 73.04 71.37 71.34 70.91 70.66 71.62 72.55 72.74 72.71 71.79 71.21 71.24 71.46 73.49 74.13 74.37 74.19 74.33 74.26 74.25 74.24 74.23 74.28 73.80 73.83 73.98 74.22 72.58 72.63 72.24 72.27 72.42 72.31 71.90 71.71 71.49 72.06 71.32 71.41 71.63 71.60 71.56 71.62 71.72 71.80 71.52 71.16 71.27 71.35 71.41 71.06 71.61 71.32 71.05 71.45 71.34 71.51 71.83 72.12 72.36 72.43 73.01 73.19 73.28 73.64 73.87 74.18 74.50 75.06 75.69 76.44 76.72 77.12 77.27 77.49 77.46 77.47 77.28 77.28 77.15 76.94 77.27 76.69 74.54 74.46 73.91 73.50 72.81 71.59 70.93 72.40 72.07 71.47 72.40 71.43 70.90 71.13 71.45 71.97 71.73 71.82 72.17 72.19 72.07 71.96 71.39 71.97 72.02 72.17 72.08 72.10 72.04 71.61 71.73 72.08 72.03 71.83 71.35 72.02 71.64 71.96 71.61 71.25 71.65 71.11 71.21 71.49 71.63 71.86 71.94 72.08
71.29 71.51 71.38 71.75 72.49 72.69 72.82 72.01 72.01 71.11 71.52 71.10 71.09 70.96 71.23 71.05 70.99 71.03 70.40 70.62 70.90 71.14 70.47 70.35 70.91 70.72 71.06 71.57 71.55 71.55 71.38 71.60 71.27 70.21 70.19 70.34 70.60 70.60 70.63 70.18 70.03 70.10 70.24 71.00 71.34 71.52 71.56 71.56 71.50 71.40 71.22 70.92 70.51 70.33 70.57 70.97 71.98 72.05 71.42 71.23 72.97 73.25 73.43 73.69 74.20 74.51 74.30 74.32 74.27 74.38 74.39 74.18 73.96 72.90 73.32 72.38 72.37 72.68 72.22 72.35 72.35 72.26 71.99 71.64 71.68 71.25 71.38 72.74 72.07 71.65 71.46 71.59 72.15 72.17 71.62 71.40 70.82 71.79 71.13 71.12 71.08 71.10 71.36 71.70 71.79 71.45 71.42 72.16 72.36 72.72 72.38 73.01 73.57 73.96 74.48 75.06 75.71 76.14 76.76 77.17 77.81 78.21 77.81 77.77 76.85 77.38 77.47 77.59 77.45 77.41 77.44 77.46 77.20 76.68 75.30 74.41 73.42 72.73 73.05 72.57 72.81 72.15 71.20 71.70 71.85 70.99 71.61 71.39 71.86 72.00 71.37 71.81 71.80 71.76 71.63 72.04 71.83 71.65 71.34 71.37 70.31 71.02 71.70 71.59 71.29 71.80 72.16 72.46 71.85 72.43 72.32 72.03 71.98 71.52 71.13 70.77 70.95 71.16 71.49 71.65
71.10 71.56 71.32 71.28 71.92 72.47 71.81 71.32 71.80 71.40 71.12 71.22 70.34 71.54 70.51 70.71 70.00 70.21 70.88 70.69 71.13 70.57 70.89 71.17 71.14 71.56 70.98 71.30 71.48 71.45 71.46 71.46 71.52 70.77 70.59 70.72 70.97 71.02 71.00 70.73 70.36 70.25 70.56 70.66 70.55 71.13 71.14 71.23 71.04 71.07 70.76 70.62 70.30 70.30 70.24 70.55 70.84 70.82 71.32 71.78 70.88 72.64 72.26 73.37 73.36 74.33 74.50 74.47 74.41 74.48 74.43 74.27 74.10 73.05 73.31 73.25 72.38 72.30 72.08 71.55 72.20 71.95 71.85 71.79 71.47 71.51 71.28 71.52 71.82 71.70 71.80 71.80 72.33 71.75 71.53 70.87 71.16 71.02 71.33 71.86 71.16 70.81 71.03 71.34 72.20 72.22 71.80 72.12 72.58 72.52 72.37 72.75 73.40 73.67 75.66 76.86 77.30 78.06 78.49 77.76 77.32 77.59 77.95 77.84 77.43 77.13 76.91 77.30 77.48 77.37 77.39 77.20 77.22 77.13 76.58 75.56 74.62 73.77 73.29 73.07 72.94 72.80 72.22 71.75 72.31 72.29 71.73 72.09 72.01 72.01 72.02 71.44 71.29 71.64 71.25 71.52 71.58 71.03 70.72 71.35 72.07 72.19 71.29 71.22 71.70 72.22 72.08 72.27 72.46 72.35 72.29 72.22 71.40 71.42 71.13 71.65 71.33 71.20 71.55 71.43
71.58 71.65 71.51 71.55 71.81 71.76 71.88 71.90 72.01 71.22 70.99 71.49 71.01 70.83 70.90 70.91 71.82 70.84 71.20 71.31 71.09 71.36 71.97 70.99 71.34 71.58 71.40 71.28 71.29 71.25 71.12 71.21 71.14 70.95 70.95 70.91 70.94 70.97 71.06 71.07 70.76 70.66 70.83 70.74 70.72 70.90 70.91 70.71 70.55 70.38 70.31 70.30 70.26 69.85 69.69 70.68 71.08 71.22 71.60 71.88 72.24 72.21 72.66 72.83 72.87 73.89 74.18 75.26 75.10 74.68 74.54 74.37 73.76 73.49 73.21 73.39 72.20 72.13 72.08 73.00 71.71 71.92 71.63 71.57 71.50 71.40 71.39 71.88 71.86 71.76 71.63 71.71 71.94 71.68 71.47 71.57 71.20 71.23 71.18 71.88 70.42 71.03 71.21 71.28 71.89 71.28 71.87 72.12 72.37 72.41 72.55 72.48 73.42 74.44 76.91 77.40 78.38 78.50 77.86 78.25 78.04 78.29 78.11 78.09 77.86 78.23 78.36 77.42 77.27 77.75 77.38 77.28 77.28 77.15 76.57 76.23 75.08 74.05 73.49 73.25 72.95 73.09 71.16 72.34 72.36 72.07 72.19 71.88 71.72 72.07 71.73 71.53 71.80 71.49 71.57 71.23 71.02 71.10 70.63 69.97 71.09 70.90 71.40 72.24 72.37 72.26 71.74 72.41 71.87 71.94 72.23 72.12 71.39 71.43 71.54 70.71 70.76 71.30 71.49 71.40
72.12 71.34 72.24 71.84 72.09 71.74 71.85 71.81 71.58 71.35 70.97 71.05 70.86 70.68 70.99 71.02 71.37 71.45 71.32 71.29 70.81 71.03 71.22 71.23 70.96 71.30 71.39 71.39 70.76 71.04 70.90 71.15 71.19 70.78 70.85 70.84 70.86 70.96 71.13 71.22 70.66 70.43 69.54 69.60 70.33 70.69 70.55 70.33 70.36 70.12 70.02 70.03 69.95 70.04 70.09 70.76 70.86 71.05 71.14 71.52 71.52 71.64 72.13 71.64 73.15 73.04 73.65 73.79 73.92 74.01 73.88 73.85 73.23 73.51 73.32 72.35 72.22 72.40 72.25 72.36 72.09 73.39 71.62 71.82 71.65 71.64 71.49 71.93 71.88 71.62 71.53 71.70 71.75 71.65 71.61 71.37 71.60 71.33 71.67 71.17 71.10 71.21 71.06 70.68 70.74 71.09 71.77 72.56 72.01 72.28 72.40 72.55 73.61 75.40 77.23 78.11 78.09 77.81 78.04 78.42 78.18 78.16 77.89 78.23 78.15 77.47 77.63 77.55 77.82 77.54 77.36 77.32 77.12 76.79 75.81 75.69 75.12 74.27 73.49 73.48 73.25 73.31 72.95 72.86 72.61 72.42 72.17 71.96 71.98 72.63 72.23 72.06 71.99 71.60 71.55 71.25 70.97 70.96 71.03 71.06 70.85 70.95 71.62 72.42 72.60 72.57 72.36 72.24 71.86 72.07 72.04 72.18 70.87 71.61 71.65 72.37 71.33 71.57 71.87 71.81
72.30 72.20 72.22 72.60 72.38 71.65 71.75 71.65 72.25 72.65 73.30 73.11 71.86 71.07 71.31 71.21 70.77 71.02 70.74 71.07 70.73 71.27 71.22 71.21 71.02 70.23 70.73 70.90 71.13 70.69 70.57 70.81 70.64 70.65 70.44 70.71 70.78 70.95 70.98 69.08 68.81 68.65 67.11 66.88 66.96 68.94 68.94 68.95 69.62 69.94 69.69 70.04 69.81 69.98 69.96 70.02 70.12 70.59 71.44 71.28 70.96 70.45 71.77 72.44 72.40 73.02 73.00 73.31 73.68 73.74 73.67 73.25 73.50 72.82 72.87 72.85 72.62 73.54 72.52 72.06 72.26 72.13 71.77 71.77 71.58 71.59 71.74 72.01 72.00 71.84 71.58 71.79 71.50 71.54 71.65 71.16 71.01 71.49 71.42 71.30 70.98 71.06 70.60 70.38 71.90 71.21 71.57 72.15 72.17 72.21 72.47 72.76 73.58 75.45 76.89 78.14 78.14 77.44 78.26 78.29 78.27 78.07 78.34 78.48 78.03 77.46 77.80 77.89 77.66 77.83 77.58 77.29 76.59 75.99 75.70 75.43 74.80 74.17 73.87 73.51 73.68 72.70 72.48 72.74 71.73 71.80 72.19 72.30 72.35 72.30 72.20 72.20 72.19 71.54 71.40 71.34 71.11 71.52 71.46 71.24 71.19 71.13 71.75 72.14 72.29 72.17 72.26 72.18 71.43 71.86 71.87 71.14 71.05 71.75 71.67 71.78 71.81 72.03 72.22 71.88
72.14 72.27 71.96 71.58 72.45 71.57 72.00 71.86 71.14 71.57 72.84 72.84 71.39 71.07 71.65 71.36 71.61 71.15 71.39 71.45 71.61 70.89 71.64 71.63 71.35 71.35 71.14 70.87 71.01 70.89 70.77 69.08 70.05 70.43 70.44 70.60 70.73 70.70 70.03 69.88 69.35 68.24 67.95 68.03 68.35 68.46 68.38 68.60 68.10 69.05 69.69 69.72 69.76 69.86 70.01 70.05 70.27 70.58 70.67 71.14 71.17 71.33 70.91 71.15 71.92 71.40 72.52 73.54 73.42 73.38 73.42 73.40 72.99 72.79 72.93 72.80 72.70 72.47 72.29 72.30 72.23 72.25 72.08 71.86 71.81 71.57 71.93 72.22 71.86 71.80 72.03 72.07 71.98 71.53 71.75 71.36 71.37 71.32 71.28 71.71 71.03 71.23 70.85 70.96 70.88 70.84 71.55 71.98 72.24 72.29 72.30 72.98 73.65 74.59 76.68 78.24 78.52 78.37 77.89 78.19 78.49 78.33 78.45 78.48 78.16 77.80 78.18 77.90 78.03 77.64 77.37 76.82 76.13 75.78 75.27 74.96 74.73 74.47 73.82 73.18 73.03 72.45 72.36 72.27 72.23 72.44 72.62 72.39 71.64 72.24 72.30 72.40 72.13 71.94 71.57 71.83 71.57 71.29 71.86 71.69 71.40 71.28 71.30 71.53 71.87 72.00 72.44 72.25 71.95 71.91 72.02 71.82 72.17 72.06 72.09 71.80 71.94 72.18 72.34 72.47
72.47 72.27 72.27 71.87 72.96 72.65 72.19 71.37 70.87 70.29 70.02 70.91 70.79 71.62 72.03 71.99 71.99 71.99 71.81 71.71 71.70 71.67 71.34 71.54 71.22 70.87 70.94 70.51 70.39 70.89 70.78 69.94 70.08 69.54 70.17 69.37 69.89 68.21 68.32 69.83 68.17 67.50 68.62 68.65 68.57 68.53 68.71 69.33 68.80 68.78 68.60 69.14 69.68 70.13 70.16 70.27 70.19 70.72 70.85 70.70 70.69 71.42 71.42 71.78 72.27 72.28 72.71 72.89 71.46 73.13 72.76 72.85 72.90 73.01 72.86 72.68 72.55 72.51 72.52 72.28 72.02 71.86 71.56 72.93 71.89 71.67 71.68 71.57 72.13 71.80 71.94 72.09 72.03 71.81 71.36 71.64 71.28 71.21 71.62 71.57 70.98 70.94 70.80 70.97 71.15 71.13 72.59 71.63 72.15 72.40 72.47 72.60 73.11 74.34 75.47 77.79 78.55 78.87 79.20 78.23 78.30 78.33 77.85 78.45 77.93 78.01 77.81 77.92 77.86 77.74 77.55 76.52 75.66 75.31 74.86 74.60 74.23 73.85 73.53 73.23 72.55 72.62 72.09 72.10 71.95 72.09 72.39 72.42 72.38 72.24 72.42 72.26 72.16 72.09 71.93 71.96 72.19 71.97 71.87 71.19 71.52 71.48 71.05 71.03 71.70 71.90 72.42 71.98 72.01 72.15 72.30 72.27 72.24 72.22 72.02 71.85 72.50 72.64 72.51 72.89
72.46 72.97 72.28 71.56 72.15 71.50 71.42 71.58 70.97 70.28 70.16 70.92 71.60 71.77 71.94 71.86 71.99 70.61 71.74 71.67 71.60 71.40 71.40 71.20 70.73 70.95 70.78 70.65 70.16 70.28 70.00 69.87 69.96 69.71 69.83 69.97 69.35 68.10 68.20 68.16 67.69 68.59 69.21 69.12 68.85 69.08 68.92 69.00 69.23 69.28 69.13 68.39 69.08 70.01 70.33 70.53 70.54 70.56 70.60 70.70 70.88 71.06 71.06 72.10 72.06 71.49 71.73 72.14 72.06 72.84 72.75 72.92 72.63 72.31 72.43 72.59 72.59 72.56 72.76 72.43 72.06 71.74 71.93 71.75 71.84 71.51 71.42 71.55 71.69 71.77 71.80 72.00 71.91 71.48 71.50 71.47 71.71 71.98 71.28 71.15 71.18 70.63 70.76 71.12 71.29 71.25 71.32 71.70 72.30 72.14 72.13 72.35 72.71 72.99 74.16 75.47 78.19 78.59 78.98 79.07 78.27 78.24 78.92 78.88 77.87 77.98 77.91 77.77 77.85 77.66 76.84 75.18 74.64 74.58 74.38 74.15 74.24 73.83 73.78 73.72 72.81 72.42 71.60 72.06 71.82 71.97 72.12 72.21 72.35 72.43 72.28 72.07 71.44 71.46 71.53 71.83 71.54 71.34 71.67 71.89 71.66 71.35 71.78 71.99 71.80 71.81 71.65 71.89 71.86 71.41 72.36 72.42 72.12 72.06 72.23 72.32 72.85 72.68 72.31 71.70
72.53 72.62 71.55 71.38 71.56 70.75 71.12 70.30 70.32 70.84 70.79 71.04 71.67 71.82 72.14 71.75 72.00 72.03 71.68 71.67 70.97 71.41 71.33 71.30 71.01 70.75 70.76 70.58 70.37 70.11 69.96 69.24 69.57 69.37 69.08 69.24 68.66 67.82 67.68 67.10 67.32 68.61 69.38 69.04 69.68 69.13 69.91 69.98 69.76 69.80 69.27 68.47 67.78 69.21 70.00 70.52 70.50 70.58 70.63 70.64 71.00 71.41 71.32 72.06 72.15 72.22 72.19 72.18 72.10 71.94 72.15 72.68 72.62 72.30 72.70 72.30 72.74 72.48 72.42 72.51 72.27 72.06 72.28 71.92 71.85 71.72 71.66 71.55 71.55 71.64 71.69 71.38 71.59 71.77 71.54 71.66 71.44 71.68 71.39 70.89 71.05 70.87 70.64 70.85 71.10 71.21 71.22 71.16 71.80 72.11 71.97 71.92 71.72 72.10 72.74 73.95 76.26 77.65 78.32 78.76 78.74 79.08 78.04 77.82 78.04 78.02 77.74 77.70 76.81 75.85 75.35 74.44 73.99 73.93 73.89 73.88 74.05 73.92 73.62 73.54 73.14 72.43 72.06 71.94 71.78 71.72 71.90 71.86 71.99 72.13 72.10 71.84 71.69 71.49 70.99 70.89 71.01 70.95 71.60 71.21 71.54 71.82 71.37 71.65 71.53 71.46 71.83 71.97 72.19 71.77 71.97 72.43 71.68 72.17 72.18 72.35 72.49 72.29 71.98 71.97
72.45 71.75 71.61 71.52 70.91 70.98 70.50 70.90 71.02 70.88 71.06 71.10 71.47 71.75 72.02 72.00 72.01 71.56 71.40 71.68 71.28 71.34 71.26 71.18 70.99 70.93 70.73 70.54 70.25 69.96 69.69 69.54 69.49 68.97 68.83 69.30 68.56 67.64 67.76 67.08 67.93 68.64 68.99 69.51 69.72 69.93 69.95 70.15 70.15 70.26 69.45 68.47 68.82 68.92 69.06 69.03 70.22 70.75 70.74 71.05 71.44 71.80 72.04 72.10 72.26 72.21 72.28 72.41 72.33 72.27 72.36 73.13 72.30 72.06 72.25 72.21 72.30 72.40 72.57 72.54 72.61 72.51 72.25 72.25 72.11 71.74 71.47 71.33 71.52 71.57 71.57 71.65 71.39 71.61 71.67 71.57 71.63 71.52 71.48 71.07 71.04 71.49 71.18 71.01 71.26 71.43 71.52 71.24 71.84 72.08 72.31 71.92 72.30 72.22 73.00 73.00 73.92 74.35 74.75 77.19 77.95 78.50 77.62 77.90 77.71 77.82 77.41 76.85 74.75 74.00 74.45 74.23 73.80 73.77 73.71 73.42 73.37 73.60 73.56 73.28 73.18 72.08 72.11 71.83 71.97 71.54 71.68 71.66 71.68 71.77 71.89 71.69 71.49 71.50 71.16 71.08 71.69 70.89 70.74 70.57 71.63 71.96 72.35 71.76 71.94 72.11 72.24 72.14 72.17 72.04 71.89 72.14 71.80 72.07 72.06 71.89 72.06 72.21 72.17 72.12
72.44 71.73 70.49 71.51 70.89 70.74 71.25 70.84 71.13 70.96 70.96 71.18 71.71 71.91 72.01 71.96 71.92 70.91 71.76 71.72 71.53 71.26 71.24 71.13 71.04 70.88 70.72 70.44 70.14 69.87 69.63 69.33 69.15 69.10 69.06 68.38 68.41 68.00 66.82 66.05 67.83 68.77 69.15 69.44 69.74 70.01 70.18 70.30 70.40 70.40 70.37 70.25 69.63 69.65 69.57 68.95 69.22 69.67 70.71 71.00 71.50 72.10 72.23 72.19 72.57 72.23 72.09 72.20 72.42 72.38 72.54 72.82 72.53 72.16 72.39 72.66 72.43 72.39 72.74 72.66 72.61 72.62 72.38 72.48 71.90 71.87 71.73 71.50 71.39 71.56 71.66 71.66 71.78 71.71 71.67 71.58 71.61 71.17 71.51 71.17 71.63 71.68 71.39 71.40 71.64 71.75 71.83 71.74 71.20 72.00 71.73 72.26 72.41 72.53 71.89 72.17 73.30 73.19 73.78 73.78 74.28 74.28 75.14 76.67 75.70 75.91 74.80 75.18 73.97 73.67 73.43 73.16 73.46 73.60 73.44 73.11 73.25 73.22 73.15 72.63 72.58 72.26 71.99 71.85 71.81 71.66 71.64 71.71 71.71 71.76 71.80 71.59 71.57 71.14 71.36 70.96 70.51 70.75 71.47 70.50 71.43 71.86 72.04 71.58 72.08 71.31 72.03 72.21 71.97 71.84 72.02 71.89 71.68 71.80 71.89 72.07 71.90 72.05 72.18 72.35
72.09 71.68 71.64 71.59 71.01 70.88 71.43 70.60 71.01 71.34 71.24 71.63 71.56 71.71 72.03 71.80 72.03 71.23 71.74 71.19 71.22 71.23 71.12 71.09 70.90 70.79 70.65 70.52 70.10 69.80 69.48 69.19 68.84 68.84 68.69 68.84 69.01 67.81 67.58 66.25 68.05 68.80 69.13 69.51 69.82 70.09 70.29 70.43 70.52 70.67 70.66 70.73 70.50 69.96 69.96 70.07 70.34 70.33 70.26 70.27 70.08 71.54 72.27 72.30 72.26 72.28 72.37 72.57 72.34 72.24 72.27 72.87 72.96 73.16 72.70 72.34 72.62 72.64 72.85 72.83 72.81 72.79 72.67 72.41 72.28 72.03 72.08 72.10 71.71 71.60 71.55 71.74 71.75 71.36 71.50 71.63 71.64 71.37 71.36 71.35 71.62 71.85 71.33 71.63 71.81 71.68 71.98 71.36 70.98 71.25 71.87 71.90 72.19 72.01 71.96 72.06 72.08 73.23 73.16 73.36 73.50 73.50 73.74 73.81 73.86 74.06 74.34 74.05 73.98 73.61 73.18 73.40 73.44 73.27 72.86 73.05 71.09 73.12 73.09 71.57 72.08 71.74 71.66 71.65 71.68 71.69 71.70 71.72 71.63 71.60 71.57 71.34 70.89 70.79 70.66 70.93 71.51 70.59 70.68 71.29 70.97 71.42 71.88 71.86 72.28 71.44 72.09 71.87 72.06 72.20 72.12 71.95 71.54 71.34 71.37 71.75 71.75 71.82 72.18 72.23
72.22 71.51 71.85 71.58 71.52 71.46 71.61 71.95 71.41 71.74 71.56 72.14 72.14 72.04 72.15 71.93 71.98 71.57 71.21 71.64 71.30 71.14 71.09 70.95 70.82 70.63 70.48 70.32 69.97 69.56 69.24 68.97 68.73 68.57 68.51 67.92 68.26 68.58 67.57 67.87 68.26 68.74 69.19 69.52 69.73 69.99 70.15 70.38 70.52 70.55 70.72 70.77 70.52 70.18 69.39 70.04 70.34 70.50 70.51 70.39 69.76 70.90 72.03 72.09 72.22 72.23 72.23 71.71 71.94 72.08 72.14 72.18 72.70 73.33 73.51 72.80 72.94 73.02 73.23 72.94 72.94 72.85 73.14 72.73 72.96 72.30 72.38 72.38 72.34 71.69 72.02 71.88 72.13 71.29 71.69 71.65 71.65 71.22 70.91 71.58 71.61 71.48 71.57 71.61 71.46 71.09 71.54 70.90 70.70 71.04 71.35 71.45 71.82 71.68 72.20 72.69 72.32 72.91 73.14 73.31 73.44 73.32 73.23 73.70 73.39 73.90 73.75 73.23 73.10 72.90 73.08 72.80 72.77 73.01 72.77 72.02 71.91 72.23 71.36 71.79 71.65 71.45 71.30 71.36 71.46 71.53 71.85 71.59 71.55 71.42 71.37 71.18 70.83 70.47 70.61 70.86 71.24 70.82 70.34 70.75 70.66 71.05 71.47 71.88 71.54 71.58 72.02 71.58 71.88 72.06 72.02 71.63 71.32 71.91 71.93 71.74 71.86 72.25 72.50 72.16
72.18 72.14 71.62 71.63 71.54 71.66 71.86 72.04 72.19 72.26 72.24 72.20 72.40 72.47 72.17 72.32 71.00 71.32 71.72 71.32 71.31 71.04 71.03 70.92 70.75 70.48 70.26 69.95 69.60 69.26 68.95 68.61 68.42 68.31 68.36 68.30 67.59 67.92 67.51 67.75 68.20 68.72 69.04 69.29 69.52 69.74 69.97 70.19 70.43 70.58 70.85 70.83 70.82 70.50 69.84 70.00 70.30 70.33 70.30 69.99 69.39 71.09 71.87 71.94 71.66 71.84 72.09 71.75 72.10 72.07 71.89 72.35 72.50 73.05 73.22 73.37 72.88 73.03 72.91 73.09 73.09 73.00 73.02 73.28 72.89 72.54 72.64 72.75 72.59 71.51 72.12 71.89 72.17 72.22 72.21 71.73 71.63 72.72 71.60 71.16 71.32 71.12 70.92 70.77 71.05 71.45 70.74 70.69 70.41 70.97 71.22 71.67 71.56 71.23 71.20 71.47 72.04 72.28 72.57 72.77 73.19 72.95 73.20 73.40 73.41 73.69 73.35 72.93 72.90 72.74 72.37 72.42 72.60 72.70 71.88 71.35 70.75 70.92 71.29 71.58 71.37 71.18 70.89 71.03 71.34 71.45 71.53 71.62 71.37 71.32 71.26 71.19 71.38 71.23 71.31 70.80 71.26 70.82 70.47 70.79 70.44 71.21 71.43 71.68 71.69 71.86 71.77 71.93 71.83 72.41 71.86 72.74 71.84 71.91 71.97 71.91 71.74 72.36 72.69 72.16
71.94 72.04 71.64 71.64 71.61 71.62 71.95 72.63 72.35 72.24 72.10 72.15 72.26 72.09 72.21 72.31 71.91 71.55 71.58 71.36 71.18 70.99 70.94 70.79 70.61 70.39 70.03 69.60 69.14 68.76 68.48 68.16 67.98 67.95 68.06 67.65 67.80 67.20 67.33 67.78 68.12 68.50 68.74 68.99 69.26 69.47 69.76 69.97 70.21 70.42 70.55 70.74 70.79 70.44 70.00 70.27 69.92 70.19 69.92 69.62 69.69 70.01 71.74 71.72 71.81 71.67 72.01 72.13 72.08 72.11 72.25 72.23 72.45 72.72 73.25 73.51 73.22 73.07 73.21 73.27 73.17 73.12 73.07 73.27 73.15 73.28 72.78 72.80 72.59 72.20 72.04 72.19 72.34 72.40 71.98 71.83 71.66 71.32 71.27 71.43 71.53 71.62 70.70 71.03 71.28 71.18 71.39 70.50 70.42 70.83 71.29 70.91 71.38 71.37 71.45 71.71 71.85 72.28 72.34 72.77 72.92 73.08 72.73 73.25 72.97 72.87 72.91 71.93 72.36 72.36 72.23 72.06 72.50 71.90 71.48 71.24 70.21 70.33 71.11 70.98 71.19 71.17 70.84 70.55 71.37 71.49 71.51 71.56 71.57 71.34 71.10 70.87 70.62 70.89 71.59 70.90 71.06 71.00 70.55 71.20 71.09 71.26 71.14 71.14 71.71 71.85 72.08 71.88 71.62 72.37 72.51 72.19 72.24 72.50 72.40 71.89 71.54 72.04 72.05 71.81
71.22 71.51 71.52 71.34 71.71 71.97 72.32 73.00 72.96 72.58 72.44 72.16 72.27 72.24 72.42 72.22 72.00 71.87 71.41 71.35 71.17 70.94 70.79 70.54 70.38 70.13 69.78 69.17 68.43 68.03 67.78 67.65 67.53 67.63 67.82 66.50 67.53 67.10 67.23 67.49 67.66 67.99 68.26 68.52 68.85 69.16 69.49 69.73 70.03 70.22 70.36 70.47 70.61 70.56 70.18 69.81 69.80 69.79 69.91 69.82 69.51 70.75 71.51 71.46 71.65 71.82 72.17 72.21 72.27 72.07 72.22 72.41 72.70 73.11 73.67 73.69 73.63 73.12 73.29 73.32 73.51 73.26 73.17 73.14 73.37 73.41 73.00 72.71 72.72 72.79 72.58 72.40 72.45 72.33 71.92 72.03 71.66 71.54 71.77 71.07 71.43 71.51 70.87 71.23 70.81 71.14 70.50 70.32 70.79 70.82 70.65 71.00 70.99 71.19 71.31 71.50 71.53 71.48 71.54 72.47 72.67 72.68 72.78 72.77 72.56 72.54 72.11 72.11 72.20 72.08 72.02 71.53 71.35 71.63 71.31 71.02 70.59 70.45 70.83 71.03 71.30 71.34 71.54 71.54 71.41 71.46 71.49 71.52 71.40 71.30 71.51 71.01 70.66 70.75 71.13 71.27 71.16 71.34 70.87 71.26 71.36 71.18 71.08 71.00 71.53 71.55 71.44 71.38 72.03 72.43 72.70 72.85 72.93 73.14 72.82 72.87 72.71 72.43 72.50 71.30
71.28 71.26 71.40 71.74 71.77 72.01 72.70 72.86 72.85 72.75 72.59 72.31 72.38 71.76 72.35 72.76 72.08 72.06 71.68 71.30 71.14 70.94 70.57 70.29 70.09 69.82 69.38 68.42 67.63 67.14 67.06 67.12 67.27 67.41 67.14 66.60 66.94 67.12 67.01 66.92 67.03 67.39 67.75 68.02 68.47 68.83 69.17 69.43 69.73 70.00 70.12 70.32 70.34 70.42 70.10 69.76 69.31 69.34 69.82 69.72 69.51 70.87 71.47 70.94 71.35 73.52 74.24 73.40 72.17 72.33 71.91 72.36 72.64 72.97 73.68 73.64 73.68 73.12 73.38 73.20 73.38 73.30 73.32 73.31 73.35 73.30 73.12 73.11 73.03 72.82 72.44 72.49 72.49 72.34 72.11 72.10 71.71 71.76 71.42 72.04 71.55 71.30 70.90 70.89 70.87 70.81 70.91 70.45 70.91 70.89 71.04 70.87 70.70 70.68 70.98 71.05 71.22 71.81 71.89 71.44 71.94 71.83 72.04 72.06 71.97 72.40 72.30 72.28 72.18 72.04 71.50 71.59 70.60 70.93 71.05 70.89 70.37 70.38 70.88 71.11 71.39 71.43 71.56 71.66 71.48 71.45 71.42 71.37 71.33 71.10 71.24 71.15 70.83 70.94 70.81 70.89 71.13 71.34 71.14 71.65 71.35 71.31 71.11 70.93 71.85 70.98 71.28 71.53 72.06 72.68 72.83 73.03 73.03 73.19 73.31 72.96 72.98 72.71 72.95 72.29
72.56 71.29 72.14 71.89 72.22 72.42 73.24 73.14 72.69 72.77 72.76 72.35 72.15 72.20 72.38 72.72 71.32 72.13 72.37 71.42 71.20 70.89 70.61 70.31 69.94 69.48 68.72 67.49 66.25 65.87 66.25 66.74 66.89 67.12 67.24 67.19 67.35 67.38 66.80 66.52 66.51 67.01 67.33 67.63 68.08 68.59 68.95 69.22 69.41 69.56 69.59 69.96 70.15 70.16 69.88 69.77 69.43 70.32 69.67 70.47 70.86 73.24 73.90 74.17 74.48 74.32 74.07 74.44 74.42 72.47 72.35 72.87 72.79 72.91 73.48 73.47 73.60 73.45 73.33 73.28 73.32 73.34 73.29 73.42 73.28 73.23 73.23 73.09 72.99 72.91 72.96 72.76 72.62 72.29 72.12 72.13 72.02 71.81 71.31 71.78 71.15 71.25 71.11 70.79 70.89 70.63 70.76 70.73 70.60 70.67 71.06 70.61 70.45 70.43 70.52 70.22 71.05 71.79 71.82 71.85 71.42 71.86 71.83 71.73 71.99 72.17 72.14 72.35 71.81 71.46 71.28 70.49 70.40 70.45 70.71 70.57 70.35 70.51 70.56 70.96 71.26 71.48 71.45 71.48 71.60 71.50 71.32 71.41 71.12 71.30 71.11 71.32 70.76 70.49 71.35 71.52 70.91 71.50 71.56 71.32 71.38 71.27 70.94 71.15 71.58 71.71 71.59 71.62 71.87 72.88 73.13 73.61 73.42 73.33 72.95 73.44 73.14 73.62 72.25 72.41
72.72 72.62 72.32 72.03 72.25 72.66 73.03 73.32 73.18 73.29 73.06 72.62 72.49 72.65 72.62 72.70 72.20 72.15 72.00 71.65 71.34 70.96 70.64 70.31 69.84 69.26 68.38 66.68 64.73 64.31 65.39 66.34 66.64 66.73 66.80 67.40 67.20 67.16 66.66 66.44 66.48 67.55 66.93 67.37 67.84 68.30 68.75 69.03 69.24 69.40 69.45 70.13 69.62 70.82 73.78 73.21 73.27 71.38 74.30 74.68 73.26 70.93 70.84 71.08 73.49 73.93 73.46 73.46 71.80 74.20 72.59 72.69 72.93 73.12 73.20 73.45 73.40 73.60 73.72 73.40 73.36 73.37 73.34 73.34 73.18 73.23 73.33 73.16 72.98 73.19 73.04 72.95 72.75 72.49 72.79 72.34 72.14 71.88 71.73 71.73 71.68 71.40 71.03 70.84 70.65 71.10 70.69 70.66 70.55 70.48 70.51 70.66 70.29 70.64 70.54 70.76 70.78 71.52 71.69 71.56 71.62 71.85 71.71 71.71 71.44 71.88 71.95 71.98 71.78 71.58 70.65 70.42 70.14 70.61 70.49 70.68 70.31 70.47 71.08 71.11 71.57 71.48 71.60 71.53 71.60 71.54 71.21 71.06 71.01 71.07 71.03 70.83 71.19 70.77 71.57 71.55 71.08 71.09 71.42 71.53 71.27 71.37 71.02 70.90 71.21 72.08 72.13 72.30 72.66 73.18 73.36 73.52 73.57 73.51 73.48 73.58 73.65 73.51 73.64 73.49
73.62 73.37 73.66 73.68 72.90 72.87 73.10 73.37 73.20 73.20 73.06 73.00 73.04 72.69 72.88 72.77 72.68 72.35 72.15 71.82 71.45 71.16 70.70 70.30 69.70 69.15 68.35 66.86 64.79 63.10 64.00 66.31 66.55 66.56 66.49 67.05 66.99 66.75 66.35 66.15 66.57 66.88 66.84 67.31 67.70 68.09 68.71 68.90 69.09 69.30 69.21 69.84 73.00 73.59 74.86 74.87 71.80 68.77 68.60 69.56 70.18 70.38 70.65 70.87 71.31 71.21 71.40 72.75 72.08 72.25 74.41 73.12 74.41 73.53 73.31 73.67 73.72 73.55 73.66 73.70 73.42 73.42 73.46 73.38 73.40 73.35 73.50 73.27 73.33 73.14 73.14 73.29 72.81 72.65 72.43 72.42 72.46 72.09 70.92 71.29 71.73 71.79 71.30 71.06 70.95 70.65 70.62 70.69 70.48 70.52 70.93 70.63 70.72 70.46 70.69 70.82 70.76 70.98 71.34 71.14 71.28 71.53 71.49 71.40 71.11 71.85 71.78 72.02 71.78 71.75 71.49 70.74 70.23 70.43 70.38 70.87 70.55 70.96 71.29 71.32 71.72 71.65 71.51 71.60 71.63 71.60 71.49 71.54 71.29 71.27 71.13 70.79 70.44 70.87 70.81 71.05 71.43 71.53 71.30 71.72 71.46 71.94 72.19 71.87 72.07 73.11 72.23 72.63 72.87 73.30 73.43 73.47 73.67 73.62 73.71 73.77 73.77 73.38 73.51 73.27
73.06 73.27 73.22 73.48 73.67 73.05 73.39 73.20 73.39 73.47 73.18 73.28 73.08 72.99 73.00 72.80 72.79 72.53 72.34 71.95 71.68 71.24 70.90 70.42 69.90 69.27 68.54 67.83 65.12 61.95 61.94 65.39 66.43 66.44 66.51 66.41 66.79 66.60 66.64 66.37 66.50 67.06 68.54 70.01 69.00 68.14 68.67 69.20 69.15 69.53 72.93 73.94 73.90 74.68 73.30 69.20 68.40 70.19 68.97 70.11 70.36 70.50 71.14 71.04 71.49 71.67 73.01 72.16 73.77 72.48 74.46 74.45 74.62 74.16 73.97 73.74 73.43 73.60 73.62 73.96 73.70 73.40 73.50 73.52 73.48 73.48 73.62 73.32 73.34 73.33 73.47 73.00 72.99 72.92 72.64 72.36 72.43 72.19 71.59 71.49 71.78 71.55 71.18 71.34 71.30 70.91 70.64 70.98 72.06 72.40 70.74 71.04 70.86 70.95 70.91 70.78 70.80 70.88 71.13 71.19 71.18 71.00 71.20 71.02 70.99 71.11 71.38 71.72 71.79 71.79 71.46 71.07 70.26 71.02 71.02 70.49 71.27 71.51 70.97 71.39 71.71 71.76 71.91 71.73 71.74 71.54 71.46 71.85 71.75 71.37 70.66 70.87 70.45 71.14 71.54 71.39 71.60 71.99 71.61 71.82 72.26 73.11 73.37 72.94 72.90 73.37 73.34 73.22 73.40 73.44 73.54 73.64 73.73 74.00 73.87 73.84 73.32 71.79 73.48 73.37
73.43 73.38 73.29 73.29 73.89 73.76 73.50 73.54 73.78 73.63 73.54 73.36 73.22 73.18 73.18 73.22 73.15 72.80 72.51 72.19 71.84 71.44 71.08 70.55 70.04 69.56 68.96 68.43 65.67 63.02 63.67 64.92 66.15 66.37 66.52 66.72 66.35 66.37 66.75 66.39 69.31 69.62 67.30 70.82 70.16 70.32 70.59 72.80 72.21 71.62 70.28 68.90 71.48 74.53 73.15 73.34 73.61 70.83 69.95 70.54 70.66 70.69 70.98 71.16 72.33 73.49 73.48 73.33 71.78 71.97 73.50 74.49 74.44 74.19 74.36 74.15 73.94 73.51 73.48 73.61 73.66 73.58 73.62 73.46 73.51 73.43 73.33 73.24 73.19 73.27 73.21 73.30 72.99 72.91 72.89 72.94 72.94 72.41 71.89 72.05 71.21 71.15 71.29 71.36 70.70 71.14 71.29 71.00 70.98 71.02 71.22 71.20 71.34 70.68 70.77 70.78 70.77 71.26 71.31 71.14 70.79 70.63 70.72 70.52 70.92 71.40 71.19 71.35 71.77 71.78 71.67 71.55 70.61 70.52 70.91 71.13 71.16 71.26 71.14 71.50 71.77 71.73 72.02 71.99 71.94 72.00 72.10 72.11 72.08 72.33 70.47 70.33 70.49 71.14 70.74 71.92 73.09 72.53 72.64 72.59 73.12 73.35 73.29 73.18 73.56 73.72 73.59 73.70 73.72 73.69 73.71 73.71 73.79 73.90 73.99 73.99 73.77 73.62 73.58 73.44
73.48 73.56 73.63 73.59 73.45 73.92 73.88 73.87 73.94 73.68 73.54 73.19 73.31 73.43 73.56 73.64 73.63 73.38 72.65 72.62 72.18 71.81 71.39 70.86 70.40 69.90 69.40 68.62 67.60 66.22 65.12 65.31 66.17 66.28 66.60 66.83 66.82 67.70 67.09 66.55 66.87 67.15 67.54 71.45 69.82 71.88 69.86 70.71 69.81 69.12 68.74 71.57 72.60 73.08 72.47 69.25 69.58 70.62 73.13 72.79 70.90 71.04 71.16 71.21 71.88 71.53 72.25 71.79 71.88 72.17 72.73 73.28 74.03 73.15 73.12 74.06 74.20 74.05 73.32 73.45 73.91 73.74 73.70 73.61 73.56 73.43 73.30 73.31 73.41 73.33 73.23 73.16 73.24 72.86 72.90 73.01 72.95 72.91 72.58 72.67 71.88 70.98 71.16 71.33 71.64 71.35 71.24 71.17 71.29 71.12 71.68 71.75 71.60 70.88 70.72 70.78 70.56 70.76 70.53 71.06 70.77 71.08 70.84 70.86 71.10 70.92 71.49 71.13 71.65 71.72 71.58 71.06 71.18 70.69 71.12 71.28 71.60 71.51 71.61 71.74 71.64 71.89 72.38 72.44 72.25 72.21 72.86 72.59 72.14 71.91 71.36 70.95 71.71 71.61 71.52 72.05 73.59 73.15 74.27 73.60 73.45 73.27 73.25 73.61 73.61 73.83 73.84 73.79 73.79 73.84 73.87 73.85 73.96 73.95 73.95 73.98 73.99 73.87 73.73 73.60
73.61 73.58 73.71 73.74 73.65 74.07 74.08 74.00 73.79 73.87 73.38 72.90 73.52 73.92 73.88 73.96 73.30 72.70 73.37 73.04 72.73 72.15 72.00 71.43 70.82 70.30 69.83 69.02 68.41 67.30 66.46 66.29 66.04 66.02 66.69 67.07 67.37 67.53 67.58 67.22 67.06 67.57 67.91 68.69 68.96 69.02 69.58 69.62 69.46 69.19 68.97 68.78 69.23 71.27 70.78 69.72 70.27 70.75 71.06 73.75 70.89 71.56 71.52 71.75 71.88 71.99 72.95 72.31 72.47 72.80 73.01 73.18 74.45 73.48 73.41 73.93 73.75 73.85 73.56 73.61 73.71 73.71 73.91 73.74 73.59 73.50 73.57 73.44 73.43 73.38 73.33 73.22 73.14 73.10 72.98 72.94 72.51 72.93 72.92 72.96 72.13 71.56 71.36 71.51 71.79 71.34 71.46 71.64 71.58 71.58 71.82 71.82 71.53 71.24 71.07 70.65 70.38 71.53 71.32 71.11 71.03 71.14 70.97 71.34 70.83 71.16 70.94 71.58 71.65 71.87 71.45 71.60 71.50 71.37 71.75 72.43 71.41 72.05 71.92 71.66 71.91 71.99 72.70 72.71 72.32 73.00 72.83 72.40 72.09 71.81 71.29 71.48 71.38 71.57 71.79 72.63 73.54 73.62 73.64 73.41 73.69 73.63 73.61 73.56 73.68 73.85 73.77 73.62 73.95 73.97 73.95 74.01 74.03 74.05 74.04 74.05 74.01 73.96 73.79 73.76
73.80 73.76 73.79 73.88 73.93 74.09 74.09 73.98 73.91 73.61 73.28 72.77 73.65 73.90 74.05 73.73 73.38 73.59 73.52 73.09 72.94 72.68 72.38 71.90 71.35 70.62 70.04 69.40 68.79 68.15 67.26 66.76 65.59 64.31 66.88 67.27 67.51 67.75 67.91 67.95 68.00 68.75 69.07 69.36 69.59 70.10 70.39 70.59 70.83 71.02 70.46 71.71 73.82 69.73 69.84 70.11 70.88 71.19 71.29 72.42 71.61 71.86 71.88 71.87 72.10 72.21 72.19 72.94 73.08 73.08 73.73 73.24 74.30 74.35 73.68 73.69 73.59 73.62 73.66 73.78 74.03 73.93 73.86 73.64 73.67 73.64 73.55 73.44 73.36 73.33 73.36 73.44 73.24 73.19 73.02 72.95 72.40 72.91 72.89 72.94 72.17 71.98 71.79 71.59 71.81 71.73 71.68 71.86 71.91 71.97 72.11 72.08 71.41 71.19 71.16 70.85 70.57 71.57 71.37 71.33 71.36 70.98 71.06 70.87 71.22 71.28 71.46 71.61 72.18 72.04 71.71 71.22 71.69 71.80 72.41 72.38 72.15 72.94 71.99 71.83 72.04 72.20 72.79 72.84 72.90 73.05 72.95 72.02 72.30 71.84 71.71 71.81 72.46 72.53 72.87 73.59 73.79 73.88 73.77 73.75 73.94 73.86 73.71 73.69 73.87 73.80 73.60 73.79 73.94 73.99 74.01 74.02 74.02 74.05 74.06 74.05 73.98 73.99 73.91 73.84
73.86 73.77 73.89 74.02 73.97 74.03 74.10 74.23 73.93 73.71 73.36 73.37 73.83 74.06 74.06 73.91 73.79 73.70 73.05 73.40 73.12 73.12 72.44 71.70 71.17 71.02 70.40 69.58 68.88 68.63 68.25 67.78 65.93 63.68 64.51 67.53 67.67 67.79 68.09 68.39 68.76 69.06 69.28 69.58 69.95 70.42 70.72 71.06 71.58 71.95 70.61 69.66 69.50 69.86 70.15 70.71 71.13 71.55 71.62 72.05 71.80 72.03 72.67 72.03 72.16 72.30 72.16 73.35 72.72 73.01 73.33 74.19 74.74 74.70 73.48 73.59 73.61 73.66 73.48 74.07 73.50 74.03 73.75 73.60 73.74 73.71 73.57 73.43 73.48 73.36 73.34 73.40 73.28 73.27 73.22 73.00 72.93 72.58 72.62 72.42 72.39 72.45 72.21 72.38 71.89 71.67 71.72 72.25 72.09 72.05 72.04 71.63 71.77 71.63 71.23 71.05 71.37 71.36 71.08 71.49 71.29 71.15 71.24 71.27 71.27 71.38 71.56 71.82 71.88 72.10 72.54 72.35 72.82 72.79 72.85 72.82 72.52 72.48 72.68 72.39 72.82 72.89 73.15 73.13 73.19 72.90 72.34 72.28 72.35 72.04 72.29 72.69 73.34 73.51 73.55 73.62 73.80 73.89 73.85 73.93 73.87 73.87 73.81 73.91 73.89 73.82 73.71 73.91 73.96 73.98 74.01 74.03 74.03 74.04 74.05 74.05 74.06 74.02 73.99 73.94
74.06 74.02 74.04 74.08 74.13 74.16 74.14 74.10 74.05 73.72 73.62 73.66 74.08 74.14 74.13 74.03 73.95 73.44 73.29 73.59 73.45 72.84 72.22 71.51 70.88 71.59 70.88 69.09 68.91 68.99 68.87 68.99 68.56 65.70 66.96 67.80 67.60 67.70 68.15 68.57 68.95 69.16 69.35 69.34 70.32 70.74 71.21 71.53 71.86 72.52 72.58 71.16 70.60 70.82 71.18 71.52 71.74 71.86 71.94 72.25 72.17 72.05 71.78 72.74 72.86 72.47 72.62 73.04 73.11 73.32 73.42 73.55 74.39 74.46 74.24 74.04 74.10 73.99 73.90 73.89 73.63 73.57 73.76 73.66 73.60 73.75 73.53 73.37 73.43 73.43 73.48 73.41 73.36 73.28 73.20 73.04 73.00 72.77 72.90 72.73 72.71 72.72 72.71 72.47 72.47 71.88 72.16 72.56 72.93 72.01 72.15 71.88 71.50 71.46 71.33 71.74 71.54 71.54 71.24 71.53 71.36 71.23 71.20 71.34 71.36 71.44 71.69 71.85 72.11 72.25 73.07 73.40 73.59 73.67 73.92 73.65 73.00 72.89 72.72 72.99 73.02 73.19 73.29 73.18 73.12 72.69 72.64 72.48 72.34 72.04 72.89 73.60 73.54 73.44 73.50 73.78 73.85 73.91 73.93 73.97 73.84 73.96 73.92 73.95 73.94 73.85 73.89 73.95 73.97 73.98 73.99 74.02 74.03 74.03 74.03 74.05 74.05 74.06 74.07 74.08
74.06 74.10 74.24 74.10 74.18 74.18 74.15 74.14 74.10 73.94 73.85 73.80 74.15 74.21 74.21 74.15 73.79 73.31 73.76 73.68 73.32 72.41 71.78 71.37 71.65 71.77 71.53 70.34 69.02 68.93 69.12 69.50 69.73 69.44 68.66 68.11 67.45 67.29 68.27 68.81 69.18 69.39 69.50 69.29 70.52 71.27 71.64 71.91 72.30 72.88 73.11 71.62 71.60 71.90 72.10 72.28 72.24 72.29 72.34 72.51 72.80 72.37 71.99 72.15 72.43 72.87 73.08 73.18 73.22 73.47 73.71 74.28 73.73 74.07 74.45 74.23 73.98 73.71 73.63 73.64 73.54 73.69 73.59 73.65 73.78 73.64 73.60 73.42 73.47 73.42 73.38 73.39 73.20 73.16 73.13 73.11 73.08 73.09 72.97 72.76 72.74 72.74 72.65 72.72 72.63 72.59 72.65 72.55 72.64 71.86 72.03 71.28 71.47 71.36 71.56 71.41 71.44 71.58 71.51 71.50 71.37 71.26 71.16 71.22 71.77 71.53 71.68 71.97 72.31 72.77 73.38 74.39 74.47 74.48 74.45 74.34 74.17 73.52 73.34 73.27 73.25 73.43 73.33 73.14 73.17 72.80 72.63 72.66 72.17 72.26 73.59 73.54 73.63 73.66 73.72 73.75 73.88 73.92 73.96 73.97 73.95 73.93 73.96 73.96 73.96 73.95 73.95 73.94 73.97 73.97 73.97 73.99 74.01 74.02 74.03 74.04 74.06 74.07 74.08 74.09
74.08 74.11 74.13 74.14 74.18 74.19 74.18 74.17 74.14 74.05 73.92 74.07 74.22 74.25 74.27 74.17 73.73 73.94 73.90 73.70 73.09 72.53 72.63 72.37 72.20 72.14 71.79 71.00 68.67 68.81 69.12 69.86 70.12 69.89 69.32 68.51 66.64 66.62 68.69 69.13 69.40 69.57 69.70 69.95 71.03 71.42 71.74 72.09 72.45 72.83 73.14 73.20 72.24 72.21 72.21 72.25 72.40 72.55 72.69 72.80 72.86 72.65 72.19 72.63 73.01 73.09 73.30 73.37 73.42 73.58 73.79 74.31 74.51 74.31 74.43 73.77 73.72 73.67 73.94 73.99 73.90 73.66 73.69 73.73 73.64 73.51 73.51 73.41 73.48 73.35 73.41 73.36 73.33 73.39 73.12 73.05 72.97 73.10 72.89 72.64 72.64 72.69 72.79 72.64 72.60 72.80 72.35 72.96 72.65 72.70 72.23 71.82 71.72 71.24 71.35 71.45 71.36 71.52 71.52 71.56 71.35 71.41 71.19 71.72 72.11 71.44 71.70 72.06 72.77 73.55 74.36 74.56 74.52 74.50 74.50 74.45 74.42 74.20 73.56 73.54 73.58 73.47 73.25 73.30 72.81 72.50 72.62 72.95 72.70 72.67 73.52 73.70 73.74 73.80 73.85 73.82 73.94 73.97 73.94 73.97 73.99 73.94 73.96 73.95 73.97 73.96 73.95 73.95 73.94 73.94 73.95 73.92 73.99 74.01 74.00 74.05 74.07 74.08 74.09 74.10
74.12 74.18 74.08 74.11 74.20 74.19 74.19 74.18 74.22 74.09 73.98 74.19 74.27 74.30 74.28 74.08 73.95 74.07 73.87 73.48 73.37 73.16 73.06 72.90 72.69 72.37 72.04 71.13 69.17 69.08 69.61 70.39 70.38 70.57 70.16 68.92 66.11 64.58 68.07 69.39 69.55 69.77 70.00 70.36 70.96 71.43 71.81 72.19 72.48 72.86 73.15 73.22 73.04 72.46 72.39 72.41 72.54 72.69 72.81 72.96 73.09 72.99 72.82 72.88 73.04 73.34 73.59 73.62 73.66 73.87 74.29 74.34 74.28 74.48 73.91 73.89 73.93 73.87 74.00 73.72 73.73 73.68 73.64 73.70 73.73 73.63 73.57 73.66 73.57 73.58 73.44 73.39 73.29 73.34 73.22 73.40 73.10 72.98 72.93 72.96 72.90 72.53 72.31 72.23 72.72 72.88 72.93 72.50 72.43 72.27 72.20 72.20 72.03 72.20 71.87 71.60 71.47 71.51 71.51 71.24 71.44 71.37 71.09 72.37 71.56 71.45 71.84 72.33 73.07 73.95 74.44 74.59 74.59 74.57 74.53 74.49 74.46 74.36 74.12 73.87 73.72 73.70 73.25 73.04 73.02 72.94 73.26 73.42 73.30 73.31 73.65 73.81 73.91 73.80 73.93 73.98 73.95 73.94 73.90 73.91 74.10 73.87 73.86 73.89 73.94 73.96 73.90 73.92 73.87 73.89 73.89 73.97 73.98 74.01 73.99 74.04 74.07 74.09 74.10 74.10
74.15 74.14 74.15 74.14 74.23 74.23 74.25 74.23 74.29 74.26 74.20 74.32 74.34 74.32 74.30 74.27 74.09 74.10 73.87 73.61 73.49 73.38 73.16 72.92 72.64 72.40 71.93 71.10 70.38 70.67 70.61 70.61 70.64 70.66 70.76 70.64 66.68 61.73 63.17 69.39 69.71 69.94 70.22 70.57 70.97 71.49 71.96 72.28 72.63 72.86 73.10 73.24 73.21 72.66 72.56 72.55 72.67 72.82 72.90 73.03 73.14 72.92 72.83 73.16 73.38 73.54 73.77 73.89 73.98 73.92 74.49 74.39 73.90 74.51 74.34 73.87 74.30 73.80 73.72 73.82 73.70 73.66 73.59 73.55 73.64 73.67 73.73 73.67 73.62 73.56 73.45 73.41 73.42 73.42 73.48 73.22 73.35 72.99 73.05 73.11 73.00 72.96 72.66 72.28 72.86 72.79 73.42 72.73 73.10 72.20 72.43 72.38 72.32 72.50 72.19 71.71 71.47 71.71 71.92 71.41 71.59 71.49 71.29 71.18 71.35 71.77 72.14 72.64 73.42 74.08 74.58 74.62 74.65 74.58 74.51 74.50 74.44 74.40 74.22 73.96 73.85 73.31 73.46 73.34 73.17 73.48 73.67 73.75 73.75 73.78 73.86 73.95 74.04 74.05 73.99 74.02 73.98 73.98 73.88 73.83 73.76 73.68 73.71 73.74 73.78 73.82 73.83 73.82 73.84 73.98 73.62 73.90 73.97 73.97 73.97 74.07 74.08 74.08 73.91 74.10
74.11 74.18 74.01 74.01 74.22 74.21 74.26 74.29 74.31 74.33 74.36 74.39 74.38 74.37 74.35 74.28 74.22 74.07 73.58 73.63 73.54 73.29 73.10 72.95 72.59 72.26 71.95 71.58 70.87 70.88 70.77 70.76 70.77 70.87 71.05 71.20 70.51 63.51 64.60 68.62 69.53 70.16 70.51 70.76 68.10 71.75 72.12 72.41 72.70 72.86 73.14 73.23 73.25 72.74 72.67 72.73 72.84 72.95 73.01 73.09 73.12 73.18 73.28 73.19 73.51 73.83 73.95 74.05 74.10 74.41 74.47 74.42 74.10 74.05 73.95 74.28 74.00 73.93 73.72 73.57 73.56 73.67 73.60 73.64 73.63 73.63 74.39 73.64 74.00 73.57 73.43 73.46 73.46 73.57 73.51 73.20 73.21 73.26 73.33 73.35 73.31 72.90 72.77 72.85 72.95 73.06 72.94 73.14 73.44 72.68 72.67 72.93 72.55 72.47 72.33 72.14 71.91 72.02 72.16 72.10 71.95 71.63 71.54 71.57 71.66 71.89 72.33 72.94 73.62 74.13 74.59 74.61 74.59 74.56 74.51 74.49 74.46 74.42 74.29 74.05 73.94 73.64 73.70 73.74 73.73 73.78 73.77 73.96 73.89 74.00 74.04 74.08 74.15 74.20 74.21 74.11 74.08 73.97 73.81 73.61 73.38 73.26 73.43 73.44 73.57 73.65 73.68 73.77 73.75 73.77 73.79 73.70 73.96 73.95 74.00 74.01 74.07 74.06 73.68 73.95
74.13 74.19 74.20 74.28 74.26 74.22 74.30 74.36 74.37 74.39 74.42 74.46 74.45 74.43 74.43 74.34 74.09 73.91 73.66 73.65 73.17 70.27 66.23 65.71 67.83 72.12 71.82 71.73 71.50 71.05 70.97 70.87 70.90 70.98 71.07 71.18 71.20 70.05 68.23 68.58 69.74 70.34 70.75 70.99 71.43 72.03 72.26 72.52 72.72 72.86 73.10 73.23 73.29 72.82 72.83 72.82 72.91 73.03 73.10 73.12 73.17 73.17 73.12 73.39 73.86 74.00 74.09 74.15 74.17 74.37 74.50 74.46 74.27 74.14 74.30 74.10 74.07 73.94 73.86 73.81 73.87 73.68 73.36 74.14 73.69 73.64 73.68 73.63 73.64 73.64 73.91 73.67 73.51 73.46 73.42 73.34 73.38 73.42 73.46 73.53 73.42 73.41 73.05 72.99 73.07 73.09 72.95 73.48 73.28 72.49 72.74 72.78 72.84 72.88 72.44 72.37 72.16 72.01 72.10 72.11 71.92 72.02 71.84 71.91 72.03 72.20 72.54 73.23 73.83 74.55 74.57 74.52 74.59 74.54 74.50 74.48 74.44 74.42 74.31 74.12 74.01 73.96 73.89 73.87 73.85 73.87 73.92 73.98 74.09 74.12 74.17 74.22 74.22 74.26 74.27 74.24 74.11 73.95 73.69 73.41 73.16 72.98 72.78 72.97 73.13 73.46 73.58 73.66 73.67 73.71 73.74 73.76 73.86 73.94 73.96 74.00 74.02 74.11 73.88 74.40
74.18 74.23 74.25 74.30 74.10 74.30 74.31 74.35 74.42 74.43 74.47 74.51 74.52 74.51 74.53 74.19 74.00 73.96 73.78 73.79 72.63 65.41 62.03 60.94 63.59 69.86 71.77 71.75 72.01 71.53 71.25 71.00 70.94 71.01 71.09 71.20 71.23 71.03 70.00 69.88 70.33 70.56 70.82 71.09 71.50 72.07 72.38 72.62 72.79 72.93 73.04 73.29 73.25 72.66 72.71 72.94 72.99 73.07 73.11 73.15 73.21 73.29 73.44 73.77 73.91 74.11 74.20 74.29 74.41 74.44 74.37 74.44 74.40 74.30 74.34 74.19 74.01 74.04 73.98 73.81 73.73 73.54 73.74 73.96 73.63 73.67 73.68 74.30 73.66 73.77 73.67 73.64 73.46 73.44 73.52 73.58 73.53 73.54 73.54 73.63 73.61 73.52 73.28 73.20 73.40 73.37 73.38 73.34 72.89 72.68 72.85 72.88 72.75 72.61 72.55 72.46 72.24 71.66 72.01 72.13 72.17 72.15 72.10 72.16 72.23 72.40 73.06 73.34 73.89 74.44 74.54 74.56 74.54 74.50 74.49 74.49 74.45 74.38 74.32 74.23 74.13 74.16 74.09 74.09 74.08 74.15 74.16 74.20 74.24 74.28 74.30 74.30 74.31 74.35 74.33 74.32 74.22 73.94 73.69 73.23 72.89 72.53 72.27 72.28 72.62 73.28 73.49 73.54 73.54 73.61 73.70 73.79 73.87 73.93 73.92 73.99 74.13 74.13 74.08 74.21
74.18 74.25 74.30 74.32 74.35 74.31 74.32 74.38 74.45 74.48 74.52 74.57 74.59 74.59 74.61 74.25 74.03 73.88 73.50 73.68 73.04 65.51 62.10 61.30 63.19 69.97 72.07 72.22 72.28 72.14 71.59 71.13 70.88 70.82 70.85 71.12 71.27 71.25 70.81 70.65 70.73 70.80 70.89 71.08 71.38 71.89 72.46 72.68 72.87 72.94 73.04 73.32 73.13 73.20 72.67 72.85 73.00 73.06 73.14 73.16 73.27 73.30 73.59 73.91 74.09 74.22 74.37 74.42 74.52 74.53 74.60 74.53 74.50 74.44 74.40 74.18 74.12 74.14 74.29 73.87 73.77 73.69 73.73 73.77 74.26 73.60 73.66 73.54 73.65 73.69 73.70 73.71 73.86 73.60 73.58 73.64 73.60 73.60 73.58 73.62 73.64 73.43 73.98 73.43 73.55 73.23 73.08 73.33 73.06 73.00 72.87 72.77 72.57 72.53 72.55 72.78 72.11 72.29 72.08 72.40 72.56 72.74 72.20 72.24 72.32 72.51 72.97 72.83 73.65 74.07 74.35 74.51 74.48 74.47 74.46 74.43 74.43 74.41 74.36 74.33 74.32 74.31 74.37 74.32 74.33 74.31 74.37 74.37 74.38 74.41 74.44 74.41 74.48 74.44 74.43 74.36 74.26 73.94 73.54 73.04 72.40 71.98 71.84 72.10 72.15 71.33 73.27 73.39 73.47 73.55 73.66 73.77 73.86 73.93 73.95 74.07 73.92 74.17 74.15 74.21
74.36 74.30 74.29 74.38 74.43 74.43 74.42 74.46 74.53 74.55 74.61 74.63 74.65 74.66 74.65 74.25 74.03 73.65 73.52 73.74 73.54 67.29 65.21 64.41 66.07 71.66 72.57 72.57 72.48 72.23 71.83 71.32 70.87 70.64 70.47 70.39 71.22 71.25 71.09 70.95 70.91 70.93 70.99 71.12 71.37 71.86 72.55 72.67 72.79 72.92 72.93 73.18 73.35 73.44 72.77 72.85 72.90 73.02 73.06 73.20 73.29 73.33 73.74 73.94 74.12 74.44 74.48 74.52 74.59 74.61 74.61 74.59 74.49 74.51 74.44 74.28 74.24 74.25 74.07 73.88 73.85 73.97 73.84 73.77 73.60 73.73 73.85 73.67 73.70 73.75 73.69 73.69 73.63 73.61 73.71 73.66 73.61 73.63 73.63 73.63 73.67 73.48 73.35 73.57 73.25 73.37 73.51 72.75 73.08 73.35 72.73 72.55 72.53 72.61 72.63 72.79 72.38 72.40 71.52 72.65 72.71 72.67 72.00 72.18 72.46 72.51 72.92 72.77 73.17 73.56 74.02 74.11 74.29 74.35 74.34 74.42 74.42 74.42 74.42 74.40 74.42 74.47 74.46 74.47 74.49 74.47 74.51 74.54 74.54 74.51 74.54 74.51 74.54 74.48 74.50 74.50 74.39 73.99 73.47 72.71 71.86 71.65 71.55 71.52 71.98 72.57 73.04 73.23 73.37 73.52 73.67 73.77 73.85 73.91 74.01 74.04 73.91 74.20 74.20 74.25
74.34 74.36 74.39 74.43 74.46 74.50 74.54 74.59 74.62 74.64 74.67 74.68 74.69 74.68 74.69 74.28 73.95 73.58 73.74 73.87 73.87 72.14 70.19 69.42 72.13 73.15 72.85 72.76 72.60 72.15 71.73 71.34 70.96 70.54 70.30 70.22 70.96 71.25 71.18 70.95 70.94 70.74 71.00 71.17 71.20 72.05 72.29 72.54 72.64 72.79 72.89 73.00 73.17 73.40 73.21 72.97 73.52 74.01 73.87 73.45 73.34 73.20 73.77 73.96 74.16 74.43 74.55 74.60 74.66 74.68 74.64 74.69 74.50 74.69 74.57 74.44 74.39 74.40 74.36 74.09 73.90 73.72 73.59 73.73 73.65 73.69 73.72 73.74 73.73 73.63 73.76 73.78 73.73 73.68 73.78 73.80 73.88 73.52 73.74 73.72 73.64 73.51 73.37 73.52 73.53 73.48 73.47 73.29 73.05 73.20 72.96 72.70 72.71 72.55 72.52 72.58 72.70 72.38 71.71 72.58 72.69 72.49 73.29 72.99 72.43 72.38 72.65 72.86 72.95 73.32 73.59 73.79 73.95 74.09 74.24 74.36 74.42 74.45 74.48 74.50 74.51 74.61 74.55 74.64 74.67 74.70 74.73 74.70 74.79 74.73 74.74 74.71 74.69 74.69 74.71 74.63 74.58 74.07 73.43 72.61 71.99 71.57 71.38 69.85 70.64 72.01 72.79 73.15 73.39 73.53 73.67 73.78 73.89 73.97 74.07 74.01 74.15 74.20 74.09 74.31
74.38 74.40 74.39 74.49 74.56 74.56 74.61 74.62 74.64 74.67 74.70 74.70 74.70 74.71 74.71 74.32 73.86 73.69 73.74 73.64 73.89 73.82 73.81 73.80 73.57 73.28 72.68 72.86 72.45 71.99 71.52 71.23 70.81 70.45 70.23 69.78 69.83 71.15 71.24 70.93 71.03 70.95 71.05 70.33 71.48 72.08 72.40 72.51 72.59 72.67 72.53 72.84 72.87 73.48 72.86 72.92 72.99 72.94 73.59 74.13 74.20 73.55 73.87 74.26 74.43 74.59 74.65 74.66 74.70 74.73 74.73 74.70 74.67 74.62 74.48 74.52 74.50 74.55 74.62 74.26 74.11 73.83 73.76 73.86 73.87 73.78 73.82 73.78 73.79 73.68 73.75 73.87 73.77 73.78 73.79 73.94 73.83 73.75 73.69 73.74 73.49 73.52 73.61 73.52 73.43 73.68 73.60 73.25 73.43 73.34 73.00 73.18 73.12 73.07 73.36 72.64 72.83 72.10 72.34 71.85 72.22 72.15 72.18 72.42 72.45 72.56 72.49 72.43 73.01 72.83 73.50 73.80 73.79 73.98 74.27 74.41 74.46 74.56 74.60 74.63 74.70 74.73 74.77 74.84 74.91 74.98 75.03 75.04 75.03 74.99 74.94 74.91 74.92 74.87 74.82 74.76 74.66 74.53 73.74 72.97 71.92 71.52 69.89 64.31 69.63 71.88 72.81 73.20 73.38 73.55 73.75 73.76 73.91 74.00 74.13 74.15 74.21 74.20 74.30 74.34
74.45 74.49 74.50 74.51 74.62 74.58 74.68 74.70 74.70 74.71 74.72 74.72 74.72 74.72 74.72 74.41 73.93 73.71 73.75 73.72 73.68 73.74 73.36 73.50 73.52 73.37 73.17 72.59 72.20 71.85 71.40 71.07 70.74 70.38 69.79 69.72 70.01 71.31 71.50 71.12 71.26 71.24 71.28 70.33 71.15 72.06 72.33 72.45 72.52 72.38 72.18 72.30 72.92 73.19 73.45 73.61 73.53 73.75 73.83 74.15 73.91 73.42 74.42 74.49 74.57 74.62 74.62 74.68 74.75 74.77 74.64 74.73 74.74 74.68 74.54 74.70 74.58 74.63 74.68 74.66 74.24 74.12 74.02 73.97 73.99 73.87 73.79 73.75 73.80 73.80 73.82 73.84 73.80 73.77 73.82 73.74 73.85 73.81 73.63 73.50 73.86 73.44 73.60 73.61 73.21 73.79 72.94 73.34 73.44 73.26 73.23 73.30 73.26 73.18 73.11 73.22 73.09 73.52 72.79 72.50 72.73 73.26 72.41 72.66 72.73 72.20 71.95 72.69 73.19 72.91 73.56 73.71 73.92 74.19 74.39 74.51 74.64 74.65 74.71 74.78 74.83 74.92 74.98 75.11 75.21 75.23 75.27 75.23 75.22 75.16 75.12 75.12 75.03 74.96 74.86 74.80 74.69 74.57 74.19 73.15 72.30 71.70 70.91 70.25 70.93 72.54 73.12 73.34 73.46 73.61 73.65 73.90 73.98 74.07 74.17 74.24 74.25 74.28 74.34 74.41
74.55 74.58 74.62 74.66 74.71 74.70 74.73 74.75 74.76 74.75 74.76 74.77 74.76 74.66 74.76 74.72 74.32 73.86 73.64 73.66 73.67 73.69 73.34 73.27 73.64 73.45 72.86 72.48 72.10 71.69 71.32 70.97 70.73 70.35 69.28 69.62 70.51 71.32 71.44 71.26 71.54 71.59 71.55 71.65 71.86 72.08 72.36 72.50 72.49 72.10 72.19 72.44 72.47 73.21 73.29 73.38 73.40 73.71 73.78 73.95 73.92 74.11 74.35 74.24 74.10 74.51 74.56 74.65 74.74 74.79 74.75 74.82 74.79 74.82 74.80 74.77 74.70 74.73 74.77 74.79 74.76 74.31 74.19 74.08 74.12 73.92 73.84 75.04 73.86 73.81 73.88 73.98 73.86 73.87 73.73 73.77 73.85 73.83 73.66 73.65 73.55 73.63 73.59 73.63 73.44 73.32 73.09 73.24 73.29 73.07 73.28 73.24 73.43 73.65 73.60 73.58 73.28 72.84 72.75 72.70 72.91 72.65 72.51 72.64 72.38 72.82 73.45 73.68 73.65 73.77 73.86 74.00 74.29 74.37 74.48 74.66 74.70 74.79 74.89 74.99 75.08 75.17 75.30 75.39 75.44 75.52 75.49 75.37 75.43 75.33 75.29 75.20 75.11 75.00 74.93 74.88 74.79 74.70 74.40 73.74 73.13 72.56 71.99 71.94 72.44 73.19 73.38 73.47 73.55 73.64 73.86 73.95 74.07 74.17 74.26 74.34 74.35 74.37 74.46 74.51
74.69 74.65 74.73 74.74 74.75 74.75 74.77 74.81 74.82 74.80 74.79 74.81 74.81 74.80 74.79 74.77 74.51 74.21 74.06 74.02 73.90 73.84 73.63 73.62 73.76 72.99 72.71 72.40 71.92 71.61 71.25 71.15 70.65 70.39 69.95 69.99 70.53 71.38 71.42 71.41 71.62 71.73 71.88 71.89 72.02 72.18 72.34 72.53 72.44 71.89 72.44 72.55 72.61 72.84 72.95 73.09 73.29 73.35 73.49 73.89 73.74 74.06 74.16 74.25 74.40 74.42 74.55 74.62 74.65 74.79 74.82 74.82 74.87 74.92 74.89 74.97 74.80 74.84 74.88 74.82 74.80 74.72 74.44 74.63 74.30 74.15 73.95 73.82 73.92 73.96 73.98 73.92 73.86 73.81 74.05 73.90 73.79 73.68 73.63 73.77 73.55 73.58 73.68 73.66 73.50 73.47 73.18 73.19 73.31 73.18 73.14 73.11 73.44 73.57 73.52 73.52 73.18 72.87 73.03 73.06 73.00 73.44 72.73 72.60 73.00 72.85 73.21 73.78 73.72 73.86 74.01 74.25 74.31 74.47 74.59 74.70 74.82 74.94 75.12 75.23 75.31 75.42 75.68 75.56 75.65 75.70 75.67 75.60 75.55 75.46 75.34 75.27 75.33 75.09 75.08 75.00 74.91 74.82 74.59 74.33 73.79 73.53 73.36 73.32 73.10 72.75 73.59 73.59 73.65 73.73 73.52 74.48 74.22 73.87 74.39 74.22 74.47 74.50 74.52 74.64
74.79 74.47 74.74 74.75 74.80 74.79 74.80 74.84 74.82 74.84 74.84 74.86 74.86 74.85 74.88 74.85 74.81 74.56 74.19 73.81 73.89 73.88 73.93 73.85 73.29 72.83 72.59 72.26 72.02 71.42 71.11 70.84 70.45 70.10 69.81 69.91 70.45 71.25 71.55 71.64 71.79 71.94 72.00 72.08 71.97 72.16 72.15 72.02 72.00 72.13 72.44 72.67 72.71 72.64 72.90 73.19 73.32 73.39 73.36 73.42 73.39 73.41 73.75 74.24 74.25 74.53 74.61 74.65 74.69 74.79 74.87 75.00 75.01 75.01 74.98 75.07 75.03 75.04 75.02 74.88 74.97 74.95 74.78 74.56 74.41 74.21 74.04 73.93 74.08 73.97 73.95 73.76 73.91 73.90 73.91 73.79 73.83 73.67 73.79 73.82 73.49 73.45 73.60 73.38 73.81 73.27 73.32 73.13 73.30 72.93 72.76 72.96 73.31 73.42 73.33 73.12 73.10 73.23 73.05 73.44 73.36 73.44 73.39 72.96 73.20 73.55 73.60 73.82 73.94 74.13 74.20 74.36 74.44 74.57 74.69 74.82 74.97 75.17 75.30 75.39 75.53 75.60 75.69 75.76 75.90 75.75 75.70 75.67 75.62 75.40 75.46 75.39 75.31 75.18 75.06 75.15 75.11 75.00 74.90 74.79 74.61 74.42 74.33 74.13 73.90 73.47 73.93 73.80 73.75 73.85 73.89 74.20 74.35 74.40 74.48 74.54 74.58 74.65 74.71 74.76
74.88 74.83 74.83 74.81 74.83 74.82 74.84 74.85 74.84 74.86 74.88 74.89 74.88 74.87 74.91 74.86 74.90 74.83 74.55 73.30 73.74 73.85 73.77 73.42 72.66 72.82 72.57 72.24 71.80 71.25 70.77 70.22 69.69 69.43 69.26 69.20 69.59 70.19 71.20 71.79 71.98 72.06 72.12 72.10 71.46 71.67 72.26 72.44 72.18 72.07 72.43 72.33 72.18 72.34 72.76 73.18 73.35 73.45 73.47 73.50 73.52 73.48 73.73 74.23 74.47 74.57 74.64 74.65 74.73 74.81 74.85 75.04 74.99 75.09 75.11 75.19 75.17 75.24 75.16 75.08 75.05 74.99 75.00 74.55 74.43 74.27 74.21 74.15 74.05 74.10 73.84 73.86 73.89 74.03 74.12 73.77 73.82 73.73 73.82 73.72 73.72 73.67 73.65 73.60 73.57 73.36 73.22 73.61 73.19 72.80 73.34 72.90 72.95 72.87 72.77 72.71 72.93 73.08 73.18 73.58 73.61 73.55 73.90 73.79 73.71 73.89 73.89 73.95 74.09 74.20 74.33 74.45 74.52 74.67 74.77 74.95 75.10 75.30 75.45 75.58 75.63 75.70 75.86 75.95 76.00 75.97 75.86 75.83 75.68 75.65 75.54 75.29 75.40 75.27 75.24 75.22 75.15 75.06 75.05 74.96 74.90 74.76 74.71 74.65 74.50 74.42 74.26 74.04 73.94 73.97 73.98 74.15 74.18 74.46 74.52 74.58 74.66 74.78 74.85 74.89
74.96 74.86 74.88 74.82 74.88 74.86 74.88 74.88 74.86 74.88 74.90 74.91 74.91 74.89 74.87 74.86 74.84 74.79 74.75 73.78 73.77 73.70 73.52 73.26 72.83 72.87 72.60 72.27 71.86 70.99 70.01 69.31 68.63 68.21 68.21 68.54 68.89 68.99 69.90 71.08 71.89 72.22 72.27 72.24 72.15 72.00 72.14 72.28 72.42 72.73 72.16 72.03 71.89 71.72 72.28 72.89 73.32 73.42 73.45 73.43 73.50 73.45 73.89 74.29 74.47 74.57 74.64 74.70 74.74 74.87 74.91 75.01 75.06 75.18 75.21 75.30 75.39 75.36 75.34 75.24 75.27 75.21 75.13 75.09 74.90 74.78 74.73 74.60 74.39 74.62 74.06 73.98 73.87 73.85 73.95 73.86 73.92 74.04 73.77 73.95 73.81 73.93 73.74 74.04 73.81 73.78 73.53 73.40 73.28 73.02 72.90 72.81 72.80 72.62 72.63 72.62 72.78 73.26 73.92 73.78 73.68 73.56 73.69 73.61 73.89 73.95 74.00 74.02 74.22 74.30 74.42 74.56 74.65 74.74 74.94 75.10 75.20 75.40 75.53 75.72 75.80 75.94 76.05 76.07 76.10 76.12 76.07 75.94 75.91 75.77 75.69 75.62 75.55 75.42 75.51 75.46 75.30 75.15 75.16 75.03 74.91 74.85 74.69 74.62 74.47 74.43 74.31 74.19 74.10 74.09 74.06 74.20 74.16 74.55 74.58 74.64 74.78 74.81 74.88 74.90
74.93 74.90 74.92 74.88 74.66 74.89 74.90 74.76 74.90 74.90 74.88 74.90 74.86 74.87 74.85 74.83 74.83 74.86 74.72 74.43 73.55 73.47 73.62 73.32 73.31 72.94 72.74 72.45 71.70 70.42 69.20 68.17 67.50 67.41 67.10 67.33 68.46 68.67 69.07 70.22 71.54 72.25 72.39 72.35 72.08 72.18 72.02 71.22 72.22 72.28 72.26 72.09 71.74 71.45 71.81 72.49 73.07 73.28 73.38 73.36 73.64 73.67 73.70 74.09 74.50 74.63 74.66 74.70 74.81 74.90 75.02 75.12 75.14 75.29 75.37 75.42 75.46 75.50 75.50 75.58 75.35 75.35 75.31 75.27 75.15 74.83 74.93 74.76 74.50 74.47 74.37 74.14 74.13 74.09 74.06 73.94 73.86 73.83 74.05 73.95 74.01 74.47 74.01 73.73 74.11 73.67 73.59 73.55 73.44 73.46 73.23 72.89 73.62 72.73 72.77 73.09 72.92 73.14 73.87 73.89 73.91 73.90 73.92 73.99 74.01 74.06 74.12 74.22 74.28 74.40 74.51 74.65 74.69 74.89 75.02 75.20 75.32 75.44 75.66 75.70 76.02 76.14 76.18 76.18 76.18 76.20 76.11 76.08 75.98 76.04 75.85 75.80 75.66 75.63 75.57 75.52 75.44 75.24 75.04 75.08 74.94 74.87 74.74 74.62 74.47 74.46 74.38 74.31 74.26 74.21 74.17 74.01 73.62 74.59 74.63 74.65 74.78 74.88 74.92 74.89
74.92 74.93 74.95 74.94 74.92 74.91 74.88 74.91 74.89 74.88 74.89 74.90 74.88 74.90 74.84 74.86 74.82 74.67 74.60 74.41 74.16 73.96 73.76 73.62 73.41 73.18 72.99 72.52 71.62 70.20 68.84 68.01 67.71 67.64 66.95 67.31 68.29 68.82 69.36 70.55 71.72 72.34 72.41 72.36 71.72 72.25 72.08 71.73 72.04 71.94 71.96 71.82 71.81 71.95 72.18 72.37 72.85 73.26 73.27 73.22 73.47 73.68 73.70 74.02 74.41 74.69 74.74 74.70 74.86 74.97 75.05 75.19 75.27 75.37 75.47 75.56 75.60 75.62 75.63 75.61 75.57 75.54 75.46 75.61 75.58 75.26 75.07 75.01 74.80 74.83 74.45 74.74 74.51 74.34 74.39 74.13 74.02 74.26 73.91 74.10 74.56 74.56 74.51 73.87 74.04 73.53 73.42 73.70 73.73 73.62 73.46 73.59 74.22 73.88 73.36 73.53 73.98 73.38 73.95 73.89 73.93 73.93 74.09 74.12 74.19 74.14 74.24 74.26 74.39 74.53 74.60 74.66 74.78 74.92 75.15 75.30 75.47 75.55 75.83 75.96 76.05 76.22 76.24 76.23 76.21 76.17 76.19 76.15 76.11 76.00 75.93 75.94 75.91 75.79 75.68 75.56 75.46 75.38 75.25 75.13 74.98 74.84 74.76 74.65 74.50 74.50 74.46 74.40 74.39 74.29 73.92 74.07 73.92 74.51 74.63 74.73 74.75 74.87 74.88 74.94
74.93 74.97 74.97 74.95 74.93 74.92 74.91 74.89 74.89 74.90 74.89 74.94 74.91 74.92 74.86 74.84 74.77 74.66 74.46 74.25 74.09 73.95 73.81 73.67 73.52 73.37 73.14 72.88 72.18 71.12 69.82 68.79 68.31 68.16 68.06 68.19 68.74 69.11 70.84 71.97 72.56 72.70 72.53 72.48 72.50 72.00 72.28 71.61 71.97 72.01 71.91 72.06 71.44 71.98 72.57 72.44 72.62 73.10 73.31 73.56 73.53 73.57 73.70 74.03 74.40 74.73 74.85 74.89 74.96 75.06 75.22 75.30 75.46 75.52 75.84 75.62 75.71 75.65 75.72 75.72 75.68 75.66 75.54 75.56 75.59 75.37 75.30 75.09 75.02 75.04 74.93 74.86 74.84 74.72 74.54 74.31 74.22 74.14 74.42 74.49 74.63 74.56 74.22 74.49 74.21 74.45 74.34 74.43 73.55 73.49 73.35 73.99 73.46 73.28 74.06 74.08 74.00 73.92 73.95 74.04 74.06 74.07 74.28 74.50 74.26 74.26 74.29 74.44 74.55 74.60 74.57 74.77 74.79 74.98 75.17 75.40 75.54 75.58 75.83 76.00 76.14 76.22 76.18 76.04 76.23 76.17 76.13 76.04 76.19 75.91 75.94 75.91 75.83 75.77 75.77 75.64 75.51 75.46 75.20 75.13 74.98 74.84 74.68 74.63 74.57 74.52 74.45 74.47 74.46 74.34 74.18 74.06 73.82 74.47 74.72 74.72 74.85 74.88 74.93 74.98
75.02 75.02 74.98 74.98 74.97 74.95 74.93 74.90 74.89 74.92 74.92 74.88 74.88 74.86 74.85 74.77 74.66 74.52 74.36 74.21 74.06 73.94 73.82 73.74 73.66 73.56 73.43 73.21 72.81 72.11 71.55 71.09 70.93 69.42 68.78 68.61 69.23 70.62 71.61 72.38 72.74 72.87 72.84 72.92 73.03 73.15 73.20 72.98 72.28 71.86 71.43 71.88 72.55 72.49 72.50 72.74 73.33 73.18 73.32 73.61 73.71 73.88 74.00 74.18 74.42 74.79 74.84 74.98 75.08 75.19 75.27 75.46 75.54 75.64 75.63 75.79 75.78 75.78 75.88 75.88 75.73 75.77 75.72 75.68 75.61 75.54 75.35 75.40 75.30 75.12 75.08 75.16 74.96 74.85 74.82 74.76 74.51 74.37 74.62 74.62 74.37 74.22 74.09 74.53 74.23 74.46 74.49 74.50 74.18 73.96 73.67 74.07 73.94 73.87 74.09 73.97 73.87 74.06 74.09 74.14 74.12 74.24 74.29 74.38 74.39 74.43 74.46 74.48 74.59 74.65 74.72 74.75 74.95 75.05 75.32 75.47 75.63 75.79 75.86 76.01 76.12 76.24 76.23 76.24 76.21 76.11 76.15 76.15 76.12 76.08 75.98 76.02 75.96 75.73 75.79 75.74 75.60 75.41 75.15 75.04 74.96 74.77 74.67 74.62 74.60 74.57 74.56 74.55 74.54 74.48 74.41 74.25 73.98 74.57 74.59 74.65 74.80 74.96 74.96 75.02
75.03 75.02 75.02 74.97 74.96 74.95 74.93 74.93 74.88 74.95 74.93 74.89 74.90 74.84 74.75 74.72 74.55 74.44 74.32 74.20 74.05 73.98 73.91 73.85 73.78 73.71 73.60 73.53 73.38 73.15 72.91 72.81 72.82 72.79 71.88 71.67 72.28 72.58 72.64 72.69 72.84 72.91 72.88 72.93 73.09 73.23 73.23 73.20 72.21 71.91 72.40 72.78 73.32 73.06 73.16 73.56 73.36 73.87 73.35 73.57 73.76 73.96 74.18 74.44 74.70 74.87 74.97 75.04 75.24 75.28 75.44 75.55 75.60 75.69 75.73 75.71 75.63 75.49 75.87 75.88 75.83 75.88 75.79 75.77 75.68 75.64 75.61 75.55 75.46 75.36 75.27 75.23 75.19 75.11 74.92 74.95 74.81 74.72 74.72 74.75 74.66 74.62 74.75 74.56 74.41 74.53 74.33 74.34 74.46 74.23 74.06 74.19 74.20 74.27 74.29 73.92 74.10 74.16 74.20 74.29 74.30 74.35 74.44 74.38 74.50 74.51 74.52 74.55 74.64 74.68 74.83 74.88 75.02 75.14 75.67 75.71 75.64 75.74 75.88 75.99 76.11 76.23 76.23 76.18 76.19 76.16 76.13 76.12 76.02 76.12 76.08 76.04 75.91 75.89 75.88 75.70 75.53 75.35 75.23 74.66 74.76 74.91 74.76 74.73 74.69 74.65 74.65 74.60 74.61 74.59 74.56 74.45 74.50 74.55 74.63 74.78 74.82 74.93 74.97 75.04
75.06 75.04 75.03 74.98 75.01 75.00 74.97 74.97 74.93 74.93 74.95 74.89 74.87 74.78 74.69 74.61 74.47 74.40 74.32 74.21 74.12 74.07 74.00 73.93 73.83 73.77 73.73 73.68 73.63 73.57 73.50 73.43 73.38 73.32 73.23 73.27 73.30 73.28 73.09 72.96 72.93 73.04 73.01 72.80 72.93 73.09 73.11 73.10 73.51 72.46 73.99 74.16 74.25 74.03 73.99 73.57 73.61 73.62 73.98 73.66 73.95 74.15 74.41 74.65 74.73 74.98 75.11 75.25 75.28 75.48 75.49 75.58 75.68 75.71 75.74 75.75 75.80 75.89 75.94 75.93 75.94 75.87 75.86 75.82 75.79 75.73 75.72 75.58 75.54 75.49 75.42 75.32 75.18 75.11 75.04 75.05 74.93 74.95 74.94 74.89 74.70 74.81 74.59 74.67 76.75 74.98 74.37 74.58 74.50 74.34 74.27 74.33 74.30 74.28 74.18 74.35 74.31 74.35 74.39 74.37 74.38 74.42 74.49 74.48 74.48 74.54 74.52 74.59 74.65 74.74 74.87 74.98 75.11 75.26 75.57 75.66 75.62 75.78 75.79 75.96 76.05 76.13 76.18 76.18 76.14 76.15 76.13 76.12 76.06 75.95 76.10 75.99 75.86 75.78 75.77 75.57 75.47 75.30 75.24 74.73 74.62 74.96 74.84 74.80 74.79 74.75 74.76 74.72 74.66 74.70 74.64 74.66 74.36 74.54 74.86 74.83 74.82 75.00 75.11 75.02
75.07 75.07 75.03 75.03 75.04 75.04 74.96 74.95 74.96 74.94 74.90 74.83 74.78 74.72 74.63 74.53 74.43 74.34 74.28 74.21 74.07 74.08 74.02 73.94 73.91 73.86 73.81 73.77 73.72 73.69 73.64 73.58 73.51 73.48 73.48 73.50 73.43 73.39 73.26 73.13 73.07 73.08 73.12 73.16 73.09 73.24 73.43 73.63 73.94 74.05 74.16 74.24 74.35 74.42 74.44 74.20 73.76 73.69 73.82 74.11 74.25 74.47 74.64 74.93 74.95 75.08 75.18 75.33 75.44 75.52 75.64 75.73 75.79 75.80 75.86 75.89 75.90 75.82 76.09 76.16 75.94 75.92 75.97 75.71 75.86 75.79 75.67 75.64 75.68 75.57 75.54 75.46 75.36 75.27 75.20 75.14 75.07 74.92 75.07 74.95 74.93 74.92 74.60 76.10 76.80 74.79 74.24 74.58 74.54 74.45 74.45 74.43 74.42 74.45 74.51 74.43 74.45 74.44 74.49 74.51 74.49 74.53 74.49 74.50 74.54 74.55 74.52 74.61 74.67 74.73 74.82 74.97 75.13 75.25 75.41 75.44 75.64 75.71 75.86 75.94 76.02 76.08 76.18 76.15 76.18 76.16 76.08 76.14 76.12 76.05 76.01 75.90 75.89 75.70 75.49 75.53 75.43 75.31 75.23 75.17 75.06 75.01 74.95 74.88 74.85 74.86 74.79 74.81 74.75 74.74 74.72 74.74 74.67 74.84 74.85 74.78 74.86 75.02 75.12 75.11
75.07 75.05 75.09 75.09 75.07 75.05 75.01 74.97 74.94 74.86 74.88 74.83 74.74 74.67 74.57 74.44 74.31 74.32 74.29 74.22 74.17 74.13 74.07 74.02 73.97 73.93 73.88 73.83 73.80 73.75 73.71 73.69 73.64 73.62 73.63 73.62 73.61 73.54 73.42 73.32 73.24 73.23 73.27 73.32 73.45 73.60 73.69 73.83 73.97 74.12 74.24 74.32 74.38 74.45 74.50 74.57 74.12 74.25 74.01 74.46 74.83 74.92 75.01 75.06 75.15 75.25 75.42 75.50 75.59 75.64 75.79 75.84 75.87 75.90 75.95 76.01 76.01 75.98 76.05 76.01 75.95 76.01 75.95 75.99 75.90 76.02 75.95 75.78 75.75 75.61 75.62 75.55 75.44 75.39 75.27 75.19 75.21 75.40 75.09 75.07 74.93 74.93 74.83 74.73 74.51 74.52 74.50 74.67 74.58 74.62 74.57 74.57 74.51 74.56 74.56 74.54 74.59 74.64 74.56 74.62 74.57 74.55 74.48 74.52 74.55 74.52 74.51 74.60 74.65 74.70 74.84 74.97 75.08 75.20 75.20 75.36 75.47 75.62 75.65 75.74 75.78 75.88 75.90 75.99 76.03 76.04 75.98 76.00 75.88 75.88 75.89 75.87 75.70 75.56 75.49 75.39 75.42 75.32 75.25 75.17 75.11 75.03 74.98 74.95 74.92 74.89 74.90 74.88 74.71 74.77 74.73 74.81 74.80 74.80 74.84 74.95 75.06 75.06 75.12 75.13
75.16 75.14 75.08 75.02 75.04 74.93 74.96 74.98 74.93 74.89 74.87 74.79 74.75 74.65 74.61 74.46 75.61 74.28 74.31 74.28 74.23 74.18 74.14 74.12 74.05 74.00 73.95 73.89 73.85 73.82 73.79 73.79 73.75 73.77 73.75 73.76 73.72 73.69 73.64 73.57 73.49 73.48 73.43 73.47 73.55 73.69 73.83 74.24 74.20 74.31 74.36 74.37 74.63 74.47 74.56 74.66 74.75 74.79 74.94 75.03 75.11 75.19 75.33 75.38 75.48 75.56 75.59 75.67 75.72 75.79 75.89 75.94 75.96 76.01 76.05 76.01 76.03 76.04 76.08 76.16 75.97 76.00 76.04 75.98 76.07 75.95 75.83 75.81 75.70 75.71 75.66 75.62 75.53 75.44 75.29 75.27 75.25 75.23 75.17 75.10 75.05 74.99 74.89 74.89 74.86 74.76 74.71 74.71 74.72 74.67 74.67 74.67 74.63 74.69 74.63 74.70 74.76 74.74 74.73 74.70 74.61 74.58 74.54 74.52 74.48 74.49 74.59 74.65 74.66 74.70 74.81 74.93 75.02 75.04 75.16 75.28 75.37 75.47 75.49 75.55 75.60 75.67 75.70 75.79 75.82 75.78 75.80 75.80 75.61 75.63 75.71 75.61 75.58 75.46 75.39 75.44 75.27 75.33 75.29 75.12 75.06 75.04 75.01 75.01 74.93 74.94 74.90 74.84 74.80 74.85 74.86 74.74 74.78 74.78 74.90 75.05 75.07 75.14 75.18 75.21
75.17 75.16 75.13 75.09 75.11 75.03 74.97 74.94 74.93 74.93 74.84 74.77 74.77 74.67 74.61 74.58 74.36 74.38 74.33 74.32 74.29 74.25 74.21 74.17 74.13 74.09 74.04 73.99 73.99 73.94 73.92 73.90 73.88 73.89 73.87 73.88 73.86 73.84 73.82 73.73 73.70 73.65 73.63 73.65 73.72 73.85 73.98 74.09 74.25 74.31 74.38 74.42 74.46 74.54 74.64 74.74 74.85 74.97 75.09 75.19 75.38 75.44 75.49 75.54 75.61 75.64 75.71 75.78 75.82 75.91 75.93 76.34 76.06 76.07 76.08 76.12 76.11 76.07 76.08 76.07 76.04 76.15 75.97 75.99 75.55 76.67 75.85 75.80 75.78 75.70 75.71 75.59 75.53 75.48 75.44 75.34 75.33 75.24 75.19 75.07 75.07 75.03 74.92 74.83 74.79 74.80 74.79 74.72 74.80 74.76 74.73 74.78 74.83 74.82 74.82 74.85 74.88 74.84 74.79 74.68 74.64 74.64 74.61 74.56 74.56 74.58 74.55 74.60 74.65 74.68 74.79 74.83 74.94 74.95 75.01 75.10 75.23 75.29 75.33 75.30 75.44 75.41 75.52 75.61 75.63 75.60 75.58 75.60 75.58 75.51 75.56 75.51 75.52 75.51 75.38 75.42 75.32 75.35 75.31 75.19 75.12 75.13 75.04 75.01 74.98 74.93 74.92 74.89 74.80 74.87 74.86 74.81 74.95 74.89 74.91 75.01 75.11 75.11 75.15 75.16
75.14 75.16 75.14 75.05 75.11 75.09 74.93 75.02 75.01 75.01 74.95 74.88 74.81 74.76 74.67 74.57 74.59 74.50 74.45 74.41 74.37 74.32 74.27 74.23 74.22 74.20 74.19 74.15 74.12 74.09 74.07 74.03 74.02 74.03 74.06 74.03 74.03 74.03 73.97 73.91 73.88 73.86 73.86 73.94 73.98 74.09 74.16 74.24 74.33 74.38 74.43 74.52 74.57 74.65 74.75 74.83 74.94 75.06 75.17 75.33 75.52 75.43 75.66 75.70 75.72 75.76 75.84 75.89 75.91 75.91 76.00 75.99 76.03 76.10 76.11 76.12 76.07 76.15 76.19 76.15 76.07 76.05 76.05 75.99 75.97 75.94 75.91 75.88 75.82 75.70 75.62 75.64 75.54 75.53 75.35 75.40 75.38 75.31 75.18 75.14 75.06 75.03 75.01 74.97 74.96 74.92 74.82 74.82 74.84 74.86 74.92 74.93 74.93 74.93 74.87 74.92 74.92 74.92 74.80 74.75 74.73 74.69 74.60 74.62 74.57 74.57 74.54 74.59 74.63 74.65 74.72 74.72 74.85 74.97 74.94 74.86 75.03 75.07 75.06 75.19 75.28 75.18 75.31 75.39 75.39 75.34 75.40 75.39 75.40 75.40 75.40 75.43 75.41 75.36 75.35 75.38 75.35 75.27 75.27 75.20 75.22 75.13 75.09 75.03 74.99 74.94 74.84 74.85 74.83 74.87 74.90 74.92 74.96 74.95 74.99 75.02 75.09 75.17 75.06 75.13
75.12 75.13 75.11 75.12 75.10 75.14 75.06 75.02 75.05 74.96 74.91 74.92 74.87 74.80 74.73 74.68 74.63 74.58 74.53 74.47 74.42 74.41 74.38 74.35 74.32 74.30 74.27 74.25 74.24 74.23 74.23 74.21 74.22 74.22 74.20 74.19 74.18 74.19 74.17 74.36 74.15 74.14 74.15 74.17 74.19 74.23 74.26 74.33 74.41 74.47 74.51 74.65 74.75 74.83 74.90 75.02 75.11 75.21 75.31 75.39 75.54 75.68 75.74 75.79 75.86 76.22 75.79 75.97 76.00 76.00 76.08 75.98 76.06 76.17 76.23 76.20 76.17 76.18 76.10 76.13 76.08 76.08 76.04 76.05 75.98 75.95 75.87 75.83 75.76 75.70 75.63 75.59 75.56 75.49 75.48 75.46 75.33 75.27 75.24 75.15 75.12 75.07 75.00 74.99 74.97 74.99 74.89 74.95 74.93 74.98 74.97 74.98 75.00 74.99 74.93 74.98 74.94 74.93 74.90 74.78 74.82 74.80 74.58 74.66 74.63 74.60 74.55 74.53 74.56 74.62 74.62 74.65 74.70 74.47 74.72 74.85 74.88 74.87 74.98 75.04 75.09 74.98 75.16 75.20 75.21 75.13 75.20 75.19 75.24 75.28 75.25 75.29 75.25 75.21 75.26 75.27 75.22 75.20 75.21 75.16 75.12 75.14 75.08 75.06 75.03 74.89 74.96 74.94 74.87 74.91 74.89 74.95 74.98 74.97 75.04 75.05 75.02 75.11 75.09 75.04
75.18 75.09 75.08 75.71 75.10 75.13 75.13 75.10 75.08 75.06 75.02 74.94 74.92 74.85 74.83 74.80 74.75 74.71 74.62 74.53 74.42 74.51 74.47 74.45 74.43 74.42 74.39 74.39 74.39 74.37 74.36 74.34 74.33 74.31 74.29 74.28 74.27 74.28 74.28 74.27 74.27 74.29 74.29 74.31 74.35 74.38 74.42 74.45 74.54 74.62 74.74 74.82 74.92 75.03 75.16 75.22 75.30 75.38 75.49 75.52 75.61 75.72 75.82 75.91 75.91 75.93 76.05 76.03 76.02 76.02 76.07 76.04 76.10 76.10 76.13 76.17 76.14 76.07 76.06 76.10 76.08 76.06 75.98 75.93 75.89 75.69 75.73 75.70 75.69 75.65 75.62 75.55 75.46 75.42 75.45 75.25 75.22 75.23 75.20 75.15 75.13 75.08 75.03 75.03 75.04 75.01 75.01 75.02 75.01 74.99 75.03 75.01 75.05 75.01 74.99 74.97 74.96 74.91 74.95 74.90 74.84 74.82 74.81 74.74 74.69 74.66 74.60 74.57 74.56 74.56 74.57 74.61 74.64 74.65 74.70 74.77 74.80 74.81 74.88 74.79 74.95 74.84 74.98 75.04 74.97 75.08 75.07 75.08 75.12 75.13 75.11 75.12 75.19 75.19 75.18 75.15 75.16 75.12 75.15 75.16 75.13 75.09 75.10 75.08 74.99 75.02 75.02 75.03 74.89 74.94 74.96 74.98 74.93 75.02 75.08 75.10 75.08 75.12 75.13 75.14
75.14 75.23 75.15 75.21 75.20 75.17 75.14 75.16 75.00 75.06 75.02 75.02 75.02 74.99 75.11 74.88 74.85 74.81 74.73 74.77 74.73 74.66 74.64 74.62 74.59 74.58 74.50 74.53 74.51 74.50 74.47 74.45 74.44 74.42 74.39 74.37 74.37 74.37 74.35 74.35 74.35 74.38 74.41 74.44 74.48 74.54 74.58 74.65 74.70 74.78 74.86 74.88 75.04 75.20 75.31 75.43 75.54 75.67 75.72 75.75 75.77 75.87 75.91 75.89 75.99 76.02 76.03 75.96 76.01 76.05 75.97 75.99 76.06 76.07 76.08 76.09 76.09 76.04 76.04 76.03 76.04 75.97 75.92 75.69 76.69 78.53 75.24 75.58 75.64 75.57 75.59 75.47 75.48 75.36 75.34 75.28 75.22 75.20 75.19 75.16 75.11 75.10 75.07 74.99 75.05 74.98 74.97 75.00 74.99 74.98 75.03 75.03 75.06 75.00 74.92 74.93 75.01 74.93 74.91 74.96 74.93 74.88 74.86 74.75 74.73 74.63 74.65 74.60 74.59 74.52 74.57 74.56 74.56 74.58 74.64 74.62 74.67 74.70 74.66 74.74 74.80 74.80 74.86 74.88 74.84 74.93 74.93 74.96 74.95 74.97 75.01 75.02 75.03 75.06 74.95 75.07 75.05 75.11 75.09 75.09 75.03 75.02 75.09 75.08 75.02 75.09 75.09 74.97 75.05 74.99 75.08 75.07 75.04 75.05 75.06 75.11 75.04 75.05 75.17 74.97
75.22 75.21 75.25 75.22 75.20 75.27 75.23 75.19 75.22 75.18 75.07 75.09 75.13 75.04 75.06 75.01 75.00 74.97 74.95 74.94 74.83 74.86 74.77 74.74 74.73 74.65 74.72 74.69 74.64 74.62 74.61 74.55 74.56 74.50 74.68 74.45 74.45 74.45 74.43 74.44 74.46 74.48 74.54 74.57 74.61 74.68 74.75 74.84 74.91 74.99 75.09 75.21 75.31 75.44 75.57 75.69 75.82 75.91 76.01 76.10 76.14 76.11 76.04 76.00 76.01 76.00 75.97 76.00 76.05 76.01 76.04 76.04 76.01 76.06 76.05 76.01 75.98 75.89 76.02 75.98 75.95 75.90 75.77 75.72 75.71 75.60 75.58 75.59 75.55 75.56 75.49 75.42 75.41 75.33 75.30 75.23 75.20 75.17 75.14 75.07 75.03 75.06 75.04 74.97 74.98 74.98 74.99 74.96 74.93 74.87 74.91 75.00 75.04 75.00 74.97 74.98 74.91 74.96 74.95 74.94 74.91 74.84 74.87 74.83 74.78 74.74 74.73 74.65 74.60 74.59 74.55 74.51 74.51 74.52 74.48 74.57 74.58 74.60 74.46 74.64 74.69 74.74 74.76 74.73 74.76 74.77 74.68 74.84 74.84 74.87 74.86 74.94 74.93 74.96 74.98 74.98 74.99 75.01 75.02 75.05 74.96 74.97 74.98 75.03 75.01 75.01 75.09 75.09 75.10 75.07 75.11 75.07 75.13 75.12 75.05 75.09 75.10 75.19 75.17 75.20
75.12 75.26 75.26 75.23 75.25 75.25 75.23 75.26 75.17 75.28 75.20 75.19 75.17 75.18 75.08 75.03 75.02 75.09 75.11 75.04 75.05 75.03 75.01 74.98 74.90 74.88 74.68 74.85 74.84 74.73 74.81 74.69 74.71 74.64 74.58 74.54 74.55 74.55 74.56 74.56 74.57 74.64 74.69 74.74 74.79 74.87 74.99 75.11 75.23 75.32 75.39 75.45 75.50 75.59 75.65 75.75 75.82 75.85 75.93 75.96 75.96 75.98 75.96 75.95 75.91 75.94 75.95 75.96 75.92 75.97 75.98 75.95 76.01 75.99 75.88 75.94 75.92 75.86 75.86 75.83 75.77 75.74 75.76 75.69 75.59 75.60 75.49 75.46 75.43 75.39 75.38 75.33 75.26 75.24 75.24 75.11 75.13 75.12 75.09 75.07 75.05 75.04 75.02 74.95 74.97 75.02 74.99 74.96 74.95 74.98 74.84 74.87 74.94 74.94 74.97 74.94 74.91 74.93 74.92 74.86 74.82 74.85 74.83 74.82 74.74 74.72 74.72 74.70 74.67 74.64 74.60 74.55 74.54 74.50 74.47 74.45 74.47 74.53 74.58 74.56 74.59 74.59 74.62 74.62 74.64 74.64 74.67 74.71 74.71 74.71 74.76 74.73 74.78 74.84 74.88 74.91 74.89 74.93 75.04 74.99 74.96 74.96 74.96 75.02 75.02 75.06 75.07 75.11 75.10 75.07 75.06 75.13 75.15 75.17 75.26 75.22 75.19 75.21 75.18 75.15
75.25 75.30 75.34 75.27 75.23 75.29 75.67 75.19 75.27 75.28 75.18 75.22 75.24 75.20 75.27 75.29 75.27 75.22 75.32 75.14 75.08 75.17 75.16 75.12 75.06 75.02 74.97 74.91 74.94 74.85 74.87 74.89 74.90 74.79 74.85 74.86 74.78 74.78 74.79 74.81 74.77 74.88 74.91 74.95 75.02 75.07 75.15 75.26 75.32 75.41 75.48 75.54 75.54 75.52 75.59 75.61 75.63 75.66 75.70 75.70 75.67 75.72 75.72 75.75 75.86 75.79 75.81 75.84 75.91 75.85 75.88 75.85 75.84 75.88 75.82 75.76 75.77 75.79 75.76 75.70 75.66 75.65 75.61 75.55 75.49 75.47 75.43 75.42 75.37 75.29 75.21 75.15 75.18 75.19 75.12 75.11 75.07 75.05 75.03 75.00 74.95 74.92 74.90 74.89 74.93 74.95 74.94 74.90 74.92 74.91 74.95 74.90 74.89 74.90 74.86 74.89 74.85 74.84 74.78 74.83 74.75 74.81 74.79 74.72 74.73 74.72 74.70 74.70 74.67 74.63 74.60 74.61 74.58 74.56 74.51 74.52 74.49 74.47 74.46 74.44 74.42 74.42 74.44 74.46 74.49 74.52 74.57 74.59 74.65 74.64 74.69 74.69 74.69 74.71 74.77 74.75 74.84 74.89 74.93 74.95 74.97 74.91 74.99 75.01 75.03 75.07 75.06 75.09 75.00 75.11 75.11 75.10 75.05 75.14 75.17 75.20 75.27 75.17 75.23 75.21
75.30 75.35 75.35 75.31 75.26 75.37 75.39 75.35 75.35 75.39 75.44 75.36 75.38 75.29 75.46 75.34 75.32 75.30 75.25 75.24 75.28 75.10 75.10 75.16 75.09 75.17 75.09 75.36 75.21 75.14 75.18 75.07 75.02 74.98 74.92 74.97 74.91 74.93 74.96 75.02 75.05 75.09 75.12 75.15 75.21 75.25 75.28 75.31 75.35 75.40 75.47 75.57 75.53 75.54 75.53 75.52 75.49 75.48 75.43 75.48 75.51 75.53 75.56 75.55 75.59 75.64 75.66 75.64 75.63 75.66 75.72 75.76 75.75 75.67 75.72 75.73 75.73 75.66 75.61 75.52 75.53 75.49 75.45 75.41 75.42 75.40 75.36 75.31 75.26 75.25 75.19 75.06 75.06 75.06 75.04 74.95 74.97 74.96 74.93 74.94 74.91 74.91 74.88 74.80 74.86 74.87 74.82 74.81 74.80 74.77 74.82 74.83 74.86 74.85 74.83 74.86 74.87 74.82 74.76 74.72 74.76 74.80 74.78 74.72 74.70 74.68 74.66 74.68 74.62 74.61 74.59 74.56 74.58 74.54 74.55 74.53 74.51 74.48 74.48 74.49 74.50 74.51 74.53 74.53 74.55 74.57 74.58 74.59 74.62 74.64 74.63 74.68 74.68 74.71 74.71 74.71 74.79 74.83 74.85 74.84 74.92 74.92 74.89 74.96 75.02 75.06 75.01 75.06 75.12 75.15 74.84 75.95 74.96 74.40 75.14 75.19 75.29 75.26 75.15 75.24
75.26 75.34 75.29 75.33 75.33 75.43 75.31 75.38 75.39 75.38 75.43 75.36 75.37 75.45 75.37 75.42 75.41 75.27 75.34 75.37 75.32 75.40 75.44 75.50 75.38 75.24 75.26 75.27 75.08 75.14 75.16 75.11 75.21 75.24 75.29 75.16 75.11 75.13 75.05 75.15 75.13 75.16 75.24 75.23 75.22 75.18 75.25 75.29 75.32 75.40 75.44 75.45 75.45 75.46 75.46 75.55 75.44 75.42 75.44 75.45 75.51 75.55 75.57 75.57 75.57 75.54 75.51 75.53 75.56 75.49 75.58 75.58 75.58 75.58 75.56 75.59 75.53 75.53 75.45 75.46 75.40 75.39 75.33 75.45 75.30 75.24 75.19 75.15 75.14 75.13 75.08 75.05 75.02 74.98 74.98 74.95 75.01 74.88 74.85 74.83 74.82 74.81 74.81 74.78 74.79 74.80 74.81 74.78 74.75 74.80 74.77 74.76 74.79 74.79 74.79 74.78 74.76 74.78 74.73 74.73 74.73 74.71 74.67 74.74 74.74 74.71 74.65 74.64 74.64 74.59 74.63 74.61 74.61 74.59 74.54 74.56 74.54 74.53 74.53 74.53 74.52 74.56 74.56 74.50 74.54 74.57 74.60 74.61 74.58 74.59 74.61 74.65 74.66 74.68 74.70 74.71 74.73 74.79 74.81 74.85 74.85 74.90 74.91 74.96 74.98 74.98 74.99 75.02 75.05 75.09 75.10 75.14 75.10 75.28 75.29 75.31 75.32 75.32 75.29 75.23
75.38 75.28 75.10 75.01 75.12 75.34 75.26 74.97 74.99 75.30 75.37 75.37 75.40 75.37 75.36 75.23 75.05 75.09 74.98 75.22 75.06 75.15 75.48 75.70 75.36 75.22 75.21 75.31 75.26 75.25 75.23 75.23 75.27 75.20 74.96 75.18 75.10 75.16 75.13 75.11 75.22 75.20 75.14 75.14 75.20 75.26 75.28 75.31 75.34 75.36 75.37 75.40 75.29 75.44 75.46 75.49 75.51 75.50 75.50 75.50 75.52 75.02 75.03 75.32 75.42 75.39 75.38 75.41 75.35 75.34 75.39 75.40 75.40 75.41 75.37 75.38 75.35 75.36 75.39 75.37 75.32 75.24 75.23 75.20 75.20 75.15 75.05 75.04 75.09 75.05 75.06 75.02 74.96 74.89 74.88 74.90 74.90 74.88 74.85 74.82 74.81 74.81 74.78 74.83 74.77 74.76 74.77 74.76 74.76 74.76 74.76 74.75 74.73 74.69 74.69 74.69 74.73 74.68 74.69 74.63 74.66 74.68 74.69 74.70 74.69 74.70 74.68 74.66 74.64 74.61 74.63 74.60 74.57 74.53 74.40 74.50 74.55 74.56 74.58 74.57 74.54 74.55 74.55 74.55 74.56 74.54 74.58 74.56 74.58 74.55 74.60 74.63 74.63 74.66 74.69 74.70 74.73 74.74 74.72 74.77 74.79 74.84 74.90 74.94 74.95 74.96 74.99 75.05 75.06 75.03 75.09 75.05 75.09 75.15 75.13 75.28 75.36 75.34 75.28 75.34
75.13 75.04 75.04 75.11 75.13 75.09 75.06 75.05 75.08 75.06 75.08 74.96 75.14 75.10 75.13 75.19 75.19 75.23 75.22 75.18 75.16 75.25 75.24 75.26 75.30 75.33 75.27 75.10 75.15 75.07 75.10 75.13 75.15 75.16 75.13 75.17 75.14 75.21 75.19 75.18 75.19 75.21 75.20 75.17 75.12 75.14 75.16 75.19 75.21 75.27 75.32 75.29 75.31 75.34 75.37 75.37 75.34 75.38 75.43 75.42 75.45 75.47 75.45 75.47 75.42 75.42 75.47 75.43 75.35 75.30 75.26 75.23 75.17 75.19 75.20 75.08 75.05 75.08 75.15 75.16 75.08 75.12 75.00 74.70 74.87 75.09 74.42 74.54 74.89 74.21 74.38 74.67 74.51 74.31 74.57 74.23 74.31 74.63 74.51 74.35 74.42 74.44 74.50 74.68 74.71 74.67 74.70 74.71 74.72 74.71 74.71 74.71 74.70 74.70 74.67 74.68 74.67 74.67 74.66 74.54 74.89 74.54 74.64 74.62 74.61 74.63 74.61 74.60 74.60 74.61 74.61 74.61 74.60 74.61 74.60 74.60 74.62 74.62 74.59 74.60 74.59 74.56 74.53 74.54 74.55 74.50 74.46 74.47 74.50 74.54 74.56 74.54 74.60 74.63 74.64 74.69 74.67 74.72 74.71 74.72 74.75 74.79 74.82 74.87 74.88 74.93 74.91 74.90 74.93 75.03 75.02 75.05 75.05 75.09 75.11 75.07 75.07 75.17 75.17 75.15
74.50 74.50 74.52 74.55 74.52 74.52 74.53 74.53 74.53 74.55 74.56 74.58 74.59 74.61 74.63 74.64 74.65 74.67 74.67 74.68 74.69 74.71 74.73 74.76 74.78 74.82 74.88 74.96 74.95 75.01 75.07 74.99 75.00 75.13 74.79 74.79 74.66 74.83 74.46 74.54 74.69 74.74 75.01 75.02 75.03 75.08 75.13 75.11 74.97 74.94 74.60 74.57 74.48 74.59 74.91 74.70 74.72 74.70 74.67 74.72 75.06 74.92 74.97 74.97 75.02 75.06 75.13 74.88 74.77 74.59 74.59 74.64 74.36 74.49 74.40 74.25 74.17 74.24 74.15 74.07 74.05 73.94 73.96 73.89 73.89 73.91 73.82 73.81 73.82 73.77 73.80 73.85 73.73 73.73 73.85 73.76 73.77 73.68 73.68 73.70 73.85 73.90 73.89 73.89 73.89 73.93 73.80 74.14 74.17 74.45 74.42 74.18 74.28 74.58 74.41 74.46 74.34 74.39 74.52 74.26 74.28 74.24 74.28 74.30 74.41 74.59 74.34 74.38 74.39 74.38 74.40 74.39 74.39 74.41 74.42 74.43 74.47 74.53 74.58 74.58 74.59 74.59 74.59 74.57 74.59 74.56 74.57 74.59 74.60 74.64 74.64 74.66 74.67 74.69 74.69 74.68 74.68 74.71 74.72 74.69 74.70 74.72 74.74 74.74 74.74 74.74 74.72 74.71 74.70 74.65 74.60 74.61 74.61 74.60 74.59 74.56 74.53 74.51 74.50 74.50
74.30 74.30 74.30 74.30 74.30 74.30 74.30 74.31 74.31 74.32 74.33 74.35 74.35 74.36 74.37 74.39 74.41 74.41 74.45 74.45 74.47 74.47 74.48 74.48 74.47 74.44 74.53 74.51 74.52 74.22 74.17 74.09 74.19 74.24 74.09 74.17 74.06 74.08 74.08 74.04 73.98 74.03 73.94 73.89 73.89 73.96 73.95 73.93 73.96 74.00 74.06 74.12 74.21 74.24 74.08 74.12 74.04 73.99 73.98 74.03 73.99 74.26 74.23 74.60 74.71 74.82 74.92 74.99 74.98 74.76 74.60 74.40 74.28 74.19 74.15 74.08 74.03 73.99 73.95 73.93 73.91 73.88 73.86 73.84 73.81 73.78 73.77 73.74 73.73 73.73 73.73 73.72 73.72 73.70 73.69 73.67 73.66 73.64 73.64 73.63 73.62 73.60 73.59 73.57 73.56 73.55 73.55 73.54 73.56 73.62 73.70 73.79 73.78 73.81 73.74 73.80 73.89 73.92 73.87 73.83 73.80 73.82 73.92 73.85 73.88 73.83 73.87 73.89 73.85 73.88 73.81 73.83 73.88 73.96 73.93 73.91 73.93 73.87 73.91 73.92 73.98 74.10 74.14 74.19 74.36 74.34 74.48 74.58 74.61 74.59 74.57 74.56 74.56 74.57 74.60 74.62 74.61 74.60 74.56 74.54 74.53 74.52 74.50 74.49 74.47 74.46 74.44 74.43 74.42 74.41 74.39 74.39 74.38 74.37 74.36 74.35 74.33 74.32 74.31 74.31
74.39 74.33 74.38 74.46 74.50 74.65 74.06 74.00 74.11 74.20 73.95 74.08 74.00 73.97 74.00 74.09 73.82 73.74 73.72 73.72 73.73 73.83 74.03 73.92 73.91 73.97 74.11 74.00 73.98 74.08 74.04 73.65 73.68 73.82 73.68 73.63 73.63 73.62 73.63 73.65 73.64 73.70 73.66 73.62 73.64 73.60 73.57 73.57 73.57 73.64 73.65 73.63 73.66 73.76 73.75 73.70 73.70 73.72 73.75 73.77 73.78 73.76 73.82 73.78 73.76 73.76 73.87 73.87 74.01 74.10 74.16 74.29 74.18 74.17 74.16 74.24 74.34 74.46 74.51 74.51 74.53 74.48 74.27 74.13 73.97 73.94 73.97 74.00 74.05 74.15 74.42 74.43 73.82 73.73 73.72 73.75 73.72 73.70 73.65 73.61 73.60 73.64 73.59 73.57 73.55 73.54 73.52 73.51 73.51 73.50 73.49 73.49 73.50 73.51 73.51 73.52 73.53 73.54 73.55 73.54 73.56 73.57 73.58 73.57 73.56 73.56 73.56 73.56 73.57 73.56 73.56 73.56 73.56 73.56 73.58 73.58 73.62 73.62 73.61 73.69 73.60 73.60 73.60 73.75 73.77 73.79 73.85 73.98 73.85 73.77 73.83 73.76 73.90 73.93 74.02 74.11 73.94 74.02 74.09 74.12 74.10 74.01 74.06 74.22 74.17 74.19 74.28 74.49 74.34 74.53 74.38 74.28 74.23 74.17 74.23 74.32 74.38 74.25 74.26 74.29
73.43 73.49 73.46 73.48 73.51 73.47 73.48 73.46 73.38 73.36 73.36 73.37 73.40 73.41 73.38 73.34 73.33 73.34 73.33 73.32 73.34 73.38 73.38 73.27 73.27 73.27 73.30 73.31 73.33 73.34 73.35 73.30 73.25 73.27 73.24 73.19 73.15 73.15 73.14 73.15 73.19 73.17 73.23 73.21 73.18 73.10 73.09 73.08 73.10 73.13 73.13 73.13 73.14 73.15 73.21 73.28 73.28 73.31 73.33 73.33 73.31 73.28 73.27 73.26 73.25 73.25 73.24 73.25 73.27 73.29 73.40 73.53 73.55 73.52 73.52 73.48 73.54 73.50 73.48 73.52 73.47 73.44 73.43 73.43 73.46 73.42 73.45 73.52 73.46 73.50 73.41 73.38 73.40 73.36 73.32 73.31 73.33 73.33 73.36 73.35 73.31 73.26 73.27 73.31 73.31 73.25 73.23 73.22 73.20 73.19 73.18 73.21 73.18 73.19 73.20 73.21 73.22 73.24 73.23 73.32 73.20 73.21 73.23 73.26 73.33 73.37 73.28 73.27 73.31 73.31 73.35 73.30 73.21 73.21 73.21 73.20 73.20 73.23 73.28 73.29 73.29 73.30 73.31 73.30 73.33 73.33 73.35 73.32 73.28 73.23 73.28 73.24 73.30 73.27 73.21 73.21 73.23 73.39 73.33 73.38 73.32 73.44 73.44 73.50 73.49 73.51 73.46 73.43 73.44 73.45 73.44 73.49 73.52 73.51 73.52 73.54 73.49 73.51 73.55 73.48
72.98 72.97 72.98 73.00 73.00 72.92 72.92 72.88 72.88 72.88 72.88 72.87 72.87 72.86 72.86 72.86 72.85 72.84 72.85 72.84 72.84 72.84 72.86 72.85 72.84 72.85 72.84 72.81 72.80 72.78 72.77 72.76 72.75 72.74 72.73 72.73 72.72 72.72 72.71 72.71 72.71 72.71 72.70 72.70 72.70 72.69 72.69 72.69 72.69 72.70 72.71 72.72 72.73 72.75 72.76 72.79 72.80 72.81 72.82 72.82 72.82 72.83 72.84 72.84 72.85 72.86 72.87 72.88 72.87 72.88 72.89 72.89 72.90 72.91 72.92 72.93 72.94 72.94 72.96 72.97 72.96 72.96 72.96 72.97 72.96 72.98 72.98 72.97 72.97 72.97 72.97 72.99 73.01 73.00 72.98 72.96 72.95 72.97 73.02 73.03 73.00 72.96 72.96 72.95 72.94 72.93 72.92 72.91 72.90 72.89 72.89 72.88 72.88 72.87 72.86 72.86 72.85 72.85 72.84 72.84 72.85 72.85 72.84 72.85 72.86 72.85 72.85 72.84 72.83 72.82 72.82 72.82 72.81 72.81 72.79 72.78 72.77 72.76 72.75 72.74 72.74 72.73 72.73 72.73 72.73 72.73 72.73 72.74 72.74 72.75 72.76 72.77 72.78 72.79 72.81 72.82 72.83 72.85 72.84 72.82 72.82 72.83 72.84 72.84 72.83 72.84 72.84 72.84 72.86 72.86 72.88 72.89 72.90 72.91 72.92 72.93 72.94 72.95 72.95 72.97
