Mars Surface Radiation Result (absorbed dose in thin silicon slab) (1E-6 Gy/day).

The first row gives the longitude
The first column for each row (starting from the 2nd row) gives the latitude
The rest values of each row gives the dose rate at different longitudes (given in the first row)

179°W  177°W  175°W  173°W  171°W  169°W  167°W  165°W  163°W  161°W  159°W  157°W  155°W  153°W  151°W  149°W  147°W  145°W  143°W  141°W  139°W  137°W  135°W  133°W  131°W  129°W  127°W  125°W  123°W  121°W  119°W  117°W  115°W  113°W  111°W  109°W  107°W  105°W  103°W  101°W  99°W  97°W  95°W  93°W  91°W  89°W  87°W  85°W  83°W  81°W  79°W  77°W  75°W  73°W  71°W  69°W  67°W  65°W  63°W  61°W  59°W  57°W  55°W  53°W  51°W  49°W  47°W  45°W  43°W  41°W  39°W  37°W  35°W  33°W  31°W  29°W  27°W  25°W  23°W  21°W  19°W  17°W  15°W  13°W  11°W  9°W  7°W  5°W  3°W  1°W  1°E  3°E  5°E  7°E  9°E  11°E  13°E  15°E  17°E  19°E  21°E  23°E  25°E  27°E  29°E  31°E  33°E  35°E  37°E  39°E  41°E  43°E  45°E  47°E  49°E  51°E  53°E  55°E  57°E  59°E  61°E  63°E  65°E  67°E  69°E  71°E  73°E  75°E  77°E  79°E  81°E  83°E  85°E  87°E  89°E  91°E  93°E  95°E  97°E  99°E  101°E  103°E  105°E  107°E  109°E  111°E  113°E  115°E  117°E  119°E  121°E  123°E  125°E  127°E  129°E  131°E  133°E  135°E  137°E  139°E  141°E  143°E  145°E  147°E  149°E  151°E  153°E  155°E  157°E  159°E  161°E  163°E  165°E  167°E  169°E  171°E  173°E  175°E  177°E  179°E  
--------------------------------------------------------------------------------------------------------------
89°S ||     88.48 88.52 88.56 88.57 88.57 88.57 88.57 88.58 88.62 88.66 88.79 88.84 88.82 88.87 89.05 89.15 89.19 89.25 89.27 89.16 89.11 89.25 89.27 89.23 89.18 89.16 89.11 89.12 89.20 89.17 89.26 89.37 89.31 89.25 89.34 89.26 89.18 89.11 89.04 88.99 88.95 88.88 88.83 88.80 88.78 88.78 88.77 88.78 88.77 88.76 88.73 88.73 88.70 88.69 88.68 88.68 88.61 88.59 88.56 88.56 88.54 88.52 88.51 88.48 88.50 88.53 88.54 88.43 88.39 88.39 88.33 88.31 88.31 88.31 88.28 88.25 88.24 88.23 88.22 88.22 88.21 88.22 88.22 88.21 88.22 88.23 88.22 88.21 88.21 88.21 88.23 88.26 88.27 88.28 88.29 88.29 88.28 88.30 88.31 88.31 88.30 88.29 88.28 88.28 88.29 88.29 88.30 88.31 88.32 88.33 88.34 88.32 88.30 88.31 88.35 88.38 88.37 88.37 88.38 88.40 88.41 88.42 88.43 88.46 88.49 88.52 88.52 88.55 88.57 88.59 88.60 88.61 88.62 88.63 88.64 88.67 88.68 88.68 88.67 88.68 88.63 88.64 88.62 88.58 88.60 88.59 88.58 88.56 88.53 88.50 88.50 88.49 88.48 88.45 88.42 88.41 88.40 88.39 88.38 88.39 88.39 88.38 88.38 88.37 88.37 88.37 88.37 88.38 88.38 88.38 88.39 88.40 88.40 88.40 88.41 88.43 88.45 88.46 88.47 88.48
87°S ||     90.37 90.44 90.45 90.58 90.55 90.62 90.52 90.52 90.50 90.41 90.41 90.40 90.29 90.17 90.10 90.09 90.10 90.11 90.11 90.07 90.07 90.12 90.26 90.30 90.29 90.24 90.25 90.15 90.24 90.09 90.33 90.35 90.19 90.17 90.16 90.14 90.09 90.03 90.08 90.09 90.05 90.09 90.05 90.02 89.98 89.96 89.95 89.88 89.83 89.78 89.65 89.79 89.61 89.36 89.38 89.32 89.20 89.08 89.02 89.00 89.14 88.67 88.72 88.49 88.43 88.41 88.36 88.34 88.33 88.29 88.21 88.15 88.20 88.19 87.96 87.91 87.84 87.76 87.73 87.86 87.60 87.44 87.42 87.34 87.32 87.32 87.34 87.37 87.39 87.42 87.45 87.47 87.49 87.50 87.51 87.86 87.77 87.93 87.83 88.03 88.03 88.03 88.10 88.11 88.14 88.22 88.28 88.43 88.51 88.57 88.44 88.44 88.47 88.49 88.51 88.50 88.55 88.59 88.65 88.65 88.72 88.77 88.78 88.83 88.91 88.90 88.91 88.98 89.06 89.04 89.11 89.12 89.13 89.19 89.32 89.46 89.56 89.71 89.63 89.45 89.31 89.26 89.22 89.19 89.13 89.13 89.08 88.85 88.82 88.80 88.79 88.80 88.84 88.83 88.83 88.84 88.91 89.01 89.10 89.10 89.18 89.25 89.34 89.38 89.51 89.60 89.69 89.73 89.86 89.89 90.05 90.05 90.07 90.06 90.16 90.07 89.84 89.98 90.37 90.58
85°S ||     89.81 89.80 89.81 89.82 89.83 89.83 89.85 89.90 89.91 89.91 89.91 89.92 89.94 90.00 89.93 89.86 89.87 89.98 89.97 89.98 89.99 90.01 90.04 90.06 90.05 90.06 90.11 90.22 90.29 90.44 90.79 90.83 90.81 90.81 90.85 90.66 90.86 90.72 90.68 90.65 90.89 91.17 91.10 91.11 90.88 90.84 90.73 90.62 90.53 90.44 90.47 90.36 90.34 90.30 90.55 90.63 90.34 90.16 90.22 90.60 90.42 89.52 89.39 89.42 89.54 89.62 89.48 89.57 89.55 89.16 89.27 89.14 88.86 88.79 88.84 88.60 88.90 89.14 89.39 89.05 88.89 88.81 88.86 88.86 88.95 88.81 88.75 88.62 88.61 88.72 88.61 88.64 88.76 88.75 88.75 88.75 88.76 88.81 88.87 88.98 88.96 89.07 89.34 89.62 89.55 89.51 89.49 89.51 89.48 89.54 89.63 89.70 89.75 89.83 89.61 89.67 89.79 89.81 89.73 89.63 89.62 89.65 89.69 89.79 89.90 89.98 89.99 89.92 89.93 89.88 89.83 89.80 89.77 89.78 89.82 89.94 90.52 91.73 92.18 91.88 91.17 90.84 90.70 90.73 90.24 89.99 89.89 89.78 89.83 89.89 89.77 89.79 89.84 89.98 90.15 90.22 90.26 90.29 90.26 90.27 90.25 90.08 89.92 89.86 89.83 89.94 90.00 90.06 90.19 90.38 90.13 90.19 90.14 90.07 90.00 89.98 89.97 89.97 89.86 89.81
83°S ||     89.87 89.89 89.91 89.93 89.94 89.94 89.96 89.98 90.01 90.03 90.06 90.09 90.13 90.15 90.14 90.15 90.17 90.20 90.24 90.27 90.30 90.34 90.38 90.42 90.47 90.54 90.59 90.65 90.77 90.91 90.84 90.68 90.67 90.61 90.74 90.84 90.82 90.76 90.84 90.91 90.65 90.64 90.65 90.65 90.68 90.71 90.68 91.23 91.36 91.45 91.36 91.39 91.30 91.29 91.31 91.27 91.21 91.52 91.65 91.69 91.19 91.55 91.44 91.31 91.70 91.39 91.41 91.38 91.82 91.43 91.75 92.02 92.23 92.24 92.04 91.86 91.91 91.90 91.86 91.96 91.91 91.86 91.66 91.70 91.72 91.61 91.53 91.50 91.55 91.53 91.24 91.23 91.35 91.79 91.27 91.17 91.05 91.00 91.04 90.90 91.13 90.58 90.75 90.48 90.92 91.19 91.26 91.00 90.88 90.90 90.94 91.09 91.39 91.51 91.62 91.60 91.13 91.14 91.05 91.01 90.92 90.92 90.58 90.49 90.55 90.62 90.61 90.46 90.45 90.61 90.54 90.56 90.75 90.77 91.00 91.66 92.61 92.52 92.56 92.54 92.55 91.15 90.99 91.03 90.98 91.11 91.07 90.97 90.94 90.93 90.87 90.73 90.61 90.54 90.49 90.36 90.30 90.37 90.71 91.11 91.64 91.92 91.40 90.78 89.98 89.98 89.67 89.59 89.57 89.60 89.76 89.98 90.47 90.42 90.09 89.89 89.81 89.78 89.80 89.84
81°S ||     90.20 90.28 90.29 90.45 90.18 90.26 90.31 90.36 90.42 90.49 90.55 90.64 90.82 90.87 90.64 90.64 90.69 90.76 90.80 90.84 90.89 90.94 90.96 91.00 91.05 91.10 91.18 91.22 91.26 91.30 91.36 91.55 91.52 91.55 91.69 91.63 91.38 91.42 91.39 91.42 91.63 91.44 91.08 91.14 90.96 90.81 90.88 91.08 91.15 91.04 91.22 91.12 91.38 92.38 92.03 92.26 92.57 91.98 92.56 92.47 92.09 92.23 92.30 92.27 92.30 92.27 92.34 92.35 92.25 92.13 92.25 92.05 91.83 91.85 91.88 91.91 91.85 91.87 91.82 91.83 92.35 91.72 91.53 91.47 91.44 91.46 91.44 91.45 91.41 91.40 91.38 91.40 91.27 91.07 90.85 90.53 89.88 89.20 90.01 90.16 90.65 91.01 90.95 91.09 91.44 91.68 91.84 92.12 92.07 91.92 91.66 92.02 92.18 92.35 92.35 92.45 92.49 92.60 92.55 92.54 92.51 92.56 92.48 92.39 92.37 92.44 91.92 91.95 92.04 92.13 92.21 92.50 92.58 92.71 92.77 92.76 92.73 91.97 91.01 90.79 90.73 90.65 90.61 90.78 90.86 90.87 90.79 90.95 91.04 91.14 91.29 91.39 91.52 91.25 91.39 91.67 91.86 91.48 91.32 91.37 91.94 91.67 91.27 91.26 91.42 91.36 91.84 91.08 90.24 89.93 89.98 90.14 90.28 90.51 90.84 90.11 90.23 90.24 90.03 90.10
79°S ||     90.59 90.65 90.67 90.80 90.78 90.74 90.75 90.79 90.81 91.03 90.89 90.99 91.06 91.10 91.20 91.37 91.28 91.57 91.18 91.43 91.27 91.31 91.28 91.83 92.36 91.14 91.67 92.28 92.03 92.16 92.07 92.08 92.05 92.07 92.13 92.16 92.16 92.15 92.02 91.98 91.99 91.71 92.44 92.57 91.41 91.62 91.60 91.45 91.40 91.77 92.08 91.69 92.59 92.36 92.47 92.71 93.01 91.48 92.26 91.68 92.57 92.26 91.51 92.04 92.08 92.49 92.55 92.46 92.43 92.38 92.33 92.36 92.33 92.35 92.32 92.29 92.32 92.38 92.32 92.06 92.17 92.38 92.05 92.01 92.03 92.28 91.87 92.08 91.89 91.92 91.98 91.83 91.74 91.39 90.52 90.52 90.08 90.57 91.17 91.51 91.43 91.73 91.79 91.89 91.99 92.27 92.04 92.18 91.87 92.20 91.70 92.05 91.85 91.85 91.45 91.34 92.19 92.40 92.75 92.82 92.89 92.87 92.90 92.88 92.94 92.89 92.83 92.89 92.86 92.92 92.84 92.82 92.93 92.90 92.91 92.92 93.02 93.04 92.95 92.95 92.95 93.00 92.58 92.07 92.29 91.61 91.02 91.01 91.00 90.90 90.97 91.10 91.58 93.02 92.81 91.68 91.45 92.10 90.73 90.75 91.45 90.82 90.49 90.35 90.28 90.40 90.23 90.65 90.36 90.32 90.34 90.40 90.54 90.21 90.12 90.25 90.36 90.48 90.49 90.51
77°S ||     91.54 91.23 91.14 91.12 91.02 91.33 91.28 91.69 91.63 91.69 91.68 91.72 92.12 91.89 91.82 91.91 92.04 92.05 92.17 91.97 91.88 91.94 91.88 92.01 91.93 92.08 92.33 92.43 92.25 92.38 92.34 92.38 92.38 92.37 92.36 92.38 92.34 92.37 92.35 92.35 92.33 92.36 92.26 92.09 92.01 91.75 91.16 91.97 91.06 91.36 92.28 92.04 91.87 91.29 91.48 91.72 91.92 91.87 92.04 92.01 92.36 92.58 92.35 92.44 92.69 92.74 92.72 92.77 92.77 92.73 92.68 92.65 92.59 92.61 92.56 92.57 92.54 92.43 92.17 92.19 92.11 91.95 91.88 91.71 91.98 92.20 92.03 92.07 91.85 91.98 91.99 91.92 91.50 91.31 91.17 90.98 90.47 90.07 91.28 92.61 93.07 93.29 93.30 91.85 92.17 92.03 92.06 92.26 91.94 92.32 92.01 91.95 91.87 92.38 92.82 92.59 91.93 91.78 91.32 91.07 90.96 90.55 90.41 90.98 91.70 92.23 92.58 92.56 92.45 92.21 91.55 92.34 92.57 91.70 92.36 92.61 92.99 92.86 92.55 92.41 92.01 92.05 91.82 92.36 93.07 92.99 92.76 92.59 91.77 91.82 91.90 91.02 91.81 92.18 92.18 91.20 90.78 90.87 90.61 90.65 90.75 90.57 90.56 90.85 90.71 90.66 90.79 90.89 90.93 90.91 90.80 90.91 91.16 90.79 90.82 90.88 91.11 91.29 91.41 91.19
75°S ||     91.84 91.97 91.70 91.87 91.66 91.64 91.78 92.65 92.05 91.98 93.17 93.63 92.28 92.43 92.43 92.57 92.30 92.44 92.43 92.20 92.20 92.50 92.50 92.70 92.51 92.59 92.65 92.68 92.64 92.60 92.60 92.57 92.61 92.56 92.03 92.47 92.48 92.47 92.44 92.43 92.36 92.30 92.31 92.32 92.38 92.45 92.35 92.24 92.01 91.87 91.99 91.38 91.23 91.66 92.30 92.41 92.33 92.73 92.93 92.98 93.03 93.01 92.94 92.88 92.85 92.85 92.82 92.58 92.82 92.69 92.50 92.32 92.27 92.07 92.01 92.11 92.02 92.24 92.04 92.06 92.14 92.20 92.31 92.08 92.47 92.19 92.19 92.37 92.18 92.17 92.05 91.70 91.56 91.90 92.07 92.10 92.12 92.13 92.21 92.05 91.86 91.98 91.97 91.92 92.29 92.37 92.37 92.18 92.14 92.00 91.89 91.68 91.16 91.41 91.53 90.96 91.39 91.24 91.00 91.18 90.91 90.84 91.64 91.99 91.77 91.76 93.06 91.31 91.54 91.55 91.69 92.28 92.15 92.00 91.92 91.69 92.04 90.92 90.52 90.07 90.01 90.71 93.35 93.12 93.25 91.76 92.53 91.81 92.70 93.11 92.93 92.85 92.76 92.80 92.94 91.56 90.37 90.31 90.29 90.30 90.27 90.44 91.17 91.04 91.26 90.57 90.64 90.85 90.94 90.94 91.03 91.05 91.10 91.38 91.40 91.48 91.62 91.56 91.62 91.69
73°S ||     93.27 91.87 92.67 92.66 92.51 92.14 93.07 92.68 92.72 92.71 92.20 91.81 93.11 92.13 92.48 92.71 92.65 92.64 92.55 92.40 92.21 91.80 93.06 91.56 91.85 92.89 92.56 92.53 92.57 92.64 92.66 92.65 92.77 92.31 92.24 91.85 92.12 92.57 92.42 92.49 92.48 92.52 92.41 92.47 92.52 92.52 92.53 92.22 92.94 94.15 94.13 94.35 94.29 92.26 92.90 92.91 93.14 93.20 93.24 93.27 93.29 93.25 93.17 93.06 93.11 92.64 92.83 93.08 93.11 93.12 93.04 92.70 92.44 92.60 92.43 92.29 92.20 92.35 92.61 92.15 92.17 92.18 92.23 92.62 92.42 92.72 92.90 92.85 92.71 92.77 92.33 92.29 91.87 92.31 92.28 92.40 92.62 92.65 92.64 92.61 92.66 92.66 92.76 92.70 92.61 92.53 92.70 92.13 92.03 91.86 91.35 90.94 91.22 91.70 92.21 91.87 92.10 91.96 92.08 91.66 91.82 91.38 91.15 91.04 91.40 91.34 91.74 91.78 92.12 92.07 92.02 92.15 92.20 92.33 92.44 92.46 92.44 92.60 92.17 91.72 92.25 90.69 90.89 91.59 91.70 91.76 91.85 92.17 93.10 92.62 92.34 91.39 92.32 92.85 93.24 93.41 92.64 91.41 90.41 90.88 90.60 90.94 91.51 91.64 90.82 91.15 91.67 91.84 91.66 92.12 93.13 92.81 92.32 92.15 92.17 92.09 92.29 92.05 92.11 93.15
71°S ||     93.07 93.14 93.28 93.38 93.48 93.72 93.93 93.82 93.84 93.88 93.89 92.97 92.15 91.77 91.00 91.03 91.82 92.02 93.41 92.31 92.40 92.18 91.92 92.01 94.43 92.77 92.73 92.76 92.62 92.35 92.45 92.33 92.31 92.56 92.45 92.40 92.30 92.69 92.48 92.50 92.67 92.46 92.64 92.52 92.58 92.61 92.26 92.03 92.10 93.29 94.22 94.03 94.52 92.03 93.11 93.30 93.37 93.45 93.36 93.39 93.49 93.06 92.90 93.05 93.22 93.33 93.44 93.17 93.20 92.11 92.46 92.70 92.52 92.74 92.38 92.63 92.42 91.85 91.61 91.45 91.34 92.52 92.45 92.44 92.68 92.70 92.88 92.63 92.97 92.77 93.42 93.27 92.74 92.85 92.83 92.62 92.52 91.79 92.50 92.85 93.04 92.68 92.73 92.75 92.72 92.79 92.34 91.32 91.64 92.03 92.08 92.21 92.21 92.41 92.43 92.32 92.63 92.40 92.54 92.65 92.54 92.79 92.83 92.57 92.84 92.33 91.61 91.87 93.40 93.39 92.12 92.34 92.09 90.82 91.71 91.95 92.07 91.59 91.19 91.58 92.14 91.41 92.43 92.56 92.91 92.94 92.89 92.50 92.51 92.75 93.11 92.98 93.31 93.06 94.16 94.46 94.35 93.83 93.33 92.97 93.31 93.06 92.78 93.23 93.48 93.39 93.38 93.14 92.94 93.63 93.03 93.44 93.28 93.33 92.62 92.61 92.68 92.80 92.32 93.05
69°S ||     92.35 92.44 92.89 93.23 92.67 94.69 94.42 93.87 94.11 94.07 94.00 93.72 92.89 93.04 92.52 92.82 91.36 91.58 92.10 92.63 93.09 92.78 92.47 92.38 92.14 93.02 92.66 92.86 92.37 93.19 91.94 92.04 91.93 92.26 92.31 92.42 92.75 92.78 92.90 92.90 93.00 92.89 92.85 92.93 92.93 93.81 92.67 93.05 93.06 93.03 93.09 93.27 93.27 93.42 93.45 93.36 93.41 93.45 93.17 93.17 92.92 93.42 93.37 93.58 93.40 93.11 92.37 92.42 92.50 92.50 92.45 92.64 92.60 92.86 93.01 93.29 93.09 92.34 91.73 92.04 92.22 92.81 92.84 92.30 92.26 92.00 92.08 92.03 92.35 92.69 92.72 92.88 91.86 92.93 93.03 92.92 93.10 93.09 93.07 93.14 93.07 93.02 93.10 92.99 92.70 92.33 91.49 92.83 93.07 92.91 92.67 92.44 92.55 92.40 92.56 91.98 91.91 92.57 93.06 93.32 93.57 93.37 93.42 93.53 93.51 93.38 92.90 92.37 92.03 92.06 92.68 92.50 92.45 92.49 93.66 92.27 90.75 91.17 91.36 91.48 91.71 91.69 91.25 91.39 92.00 92.56 92.71 92.38 93.00 93.10 93.10 93.21 92.58 90.62 93.09 94.21 93.95 91.30 94.24 94.09 93.99 93.64 93.53 93.42 93.08 92.73 92.42 92.56 91.63 91.32 92.48 93.30 93.18 92.93 92.73 92.53 92.41 92.28 92.55 92.54
67°S ||     94.40 92.34 92.01 92.93 92.96 93.09 93.13 94.01 93.97 94.15 94.23 94.23 94.01 93.83 93.33 92.94 92.54 91.99 91.89 91.56 91.54 91.23 91.61 91.65 92.09 92.05 91.90 91.80 92.48 91.50 91.51 91.59 92.30 94.25 92.10 92.39 92.41 93.47 92.88 92.92 93.04 93.02 92.97 92.99 93.01 93.07 93.01 93.16 93.17 93.10 93.14 93.26 93.31 93.31 93.20 93.41 93.63 93.44 93.54 93.41 92.70 93.20 93.52 93.51 93.18 92.94 95.38 95.37 94.71 92.56 92.76 92.83 92.91 93.18 93.40 92.91 92.49 91.85 91.93 91.57 91.94 91.97 92.47 92.35 92.75 92.62 92.77 92.80 92.78 92.78 92.83 93.04 92.93 93.12 93.05 93.21 93.05 92.99 93.02 92.77 92.81 91.94 91.70 91.74 91.34 91.96 93.59 94.30 94.21 93.59 93.41 92.84 92.87 92.42 92.61 92.47 92.94 93.15 93.50 93.54 93.50 93.48 93.56 93.55 93.44 93.77 93.76 93.96 94.00 93.32 92.38 91.62 92.35 92.61 91.70 91.49 91.36 90.92 91.57 90.69 90.98 91.43 91.44 92.58 92.18 92.10 91.51 91.90 92.45 92.87 93.28 93.50 93.08 93.32 93.51 93.57 93.63 93.64 93.19 93.44 93.37 93.46 93.19 92.90 93.26 93.19 93.19 93.17 93.09 92.53 93.37 93.04 92.96 92.69 92.11 92.90 92.03 92.00 92.07 92.66
65°S ||     92.56 92.07 91.67 92.21 92.26 93.40 93.57 94.16 94.00 94.09 94.07 94.25 94.27 94.28 94.15 93.88 93.69 93.61 93.48 93.05 92.40 92.24 92.33 92.06 92.51 92.40 91.99 93.02 92.79 92.04 91.77 92.15 91.87 92.17 92.41 92.57 92.61 92.70 92.72 93.00 93.02 93.15 93.19 93.20 93.31 93.35 93.30 93.28 93.31 93.29 93.15 93.02 92.91 93.05 93.23 93.41 93.42 93.43 93.26 92.14 93.62 93.66 93.90 94.20 93.24 93.71 93.73 93.82 92.96 92.87 93.18 93.02 93.13 93.32 93.62 93.45 92.82 92.59 92.13 91.74 91.77 92.15 93.26 92.56 92.78 92.84 92.82 92.73 92.41 92.89 92.89 92.94 92.87 93.10 92.85 93.14 93.48 93.25 92.90 93.00 92.68 92.72 92.56 92.42 91.94 92.32 92.13 92.44 92.57 92.40 92.34 92.16 92.27 93.00 93.35 94.07 94.00 93.71 93.46 93.31 93.32 93.57 93.81 93.75 93.95 93.86 93.80 93.89 93.89 94.09 92.70 92.64 92.58 92.44 94.55 91.86 91.82 91.98 92.59 91.15 91.11 91.14 91.73 91.78 91.84 91.33 91.17 92.69 92.35 91.89 93.01 92.77 92.67 93.36 93.32 91.45 92.20 92.45 93.25 92.84 92.08 92.28 93.31 92.79 93.15 93.52 93.30 93.41 93.34 93.27 92.81 92.67 92.45 91.68 92.92 93.24 92.66 92.45 91.97 91.84
63°S ||     92.61 92.57 93.14 92.21 91.85 92.43 93.15 93.32 93.69 93.57 93.98 93.74 94.30 94.08 94.12 93.92 94.03 94.09 93.99 93.31 92.59 92.55 92.20 92.34 92.22 92.41 92.42 92.18 92.11 92.21 92.13 92.32 92.63 92.65 92.59 92.29 92.06 92.51 93.03 92.65 93.25 92.80 92.53 93.06 93.12 93.09 92.80 93.22 93.11 93.08 92.78 92.89 93.34 93.88 93.41 92.40 93.01 93.82 93.60 93.66 93.56 93.53 93.74 94.07 94.63 94.24 93.20 94.35 93.02 93.79 93.43 93.15 93.22 93.05 93.20 93.92 94.15 93.99 93.89 93.34 93.08 92.56 92.70 92.67 92.70 92.77 92.95 92.94 92.96 92.89 92.87 92.89 93.05 92.95 93.02 92.76 92.95 93.04 92.83 93.18 93.22 92.83 92.92 93.19 92.98 92.65 92.37 92.06 92.09 91.79 92.41 92.55 92.98 93.78 94.41 94.50 94.53 94.15 93.83 93.71 93.63 93.57 93.65 93.71 94.06 94.17 93.99 93.93 93.99 94.08 93.79 92.95 92.80 93.19 92.63 92.05 91.73 91.97 91.76 90.82 93.08 91.51 92.31 92.19 92.15 91.75 91.56 91.35 91.04 91.54 92.00 92.55 92.26 92.39 92.88 93.37 93.76 93.80 93.39 93.22 92.51 92.65 92.93 92.92 92.78 91.61 91.54 92.00 92.66 93.07 93.26 93.36 93.10 93.48 93.43 92.18 92.79 92.94 92.86 93.31
61°S ||     93.72 92.41 91.82 92.63 93.07 93.36 93.32 92.38 92.55 92.86 92.22 92.55 93.40 92.57 95.12 92.69 93.24 93.15 94.03 93.51 93.39 93.33 93.38 92.49 92.26 91.98 93.53 92.95 92.23 92.35 92.98 93.42 93.47 93.30 93.31 92.88 92.34 92.62 92.52 92.49 93.09 92.11 92.68 93.16 92.71 91.44 93.43 93.67 93.73 93.64 93.59 93.81 93.77 93.25 92.67 94.08 94.08 93.72 94.07 94.03 93.92 93.63 93.83 93.93 94.34 94.88 94.44 93.50 94.63 94.68 94.38 93.93 92.66 93.81 94.15 93.42 93.29 93.45 93.28 92.91 91.77 91.80 92.71 93.09 92.75 92.64 92.47 92.89 93.05 93.00 93.09 92.98 93.00 93.25 93.11 93.19 93.12 92.88 93.06 93.23 93.34 93.13 93.02 92.99 92.22 93.00 92.85 92.87 92.89 93.02 93.16 93.24 93.38 93.65 94.05 94.15 93.37 93.29 93.37 93.04 95.05 94.15 93.12 93.48 93.78 93.90 94.21 94.35 93.84 94.30 94.87 94.46 91.28 94.15 93.92 93.63 92.06 92.36 92.33 92.95 91.84 91.74 91.64 91.77 91.86 91.72 91.72 91.43 91.75 91.56 91.84 91.79 91.91 92.08 92.15 93.61 94.54 94.42 94.40 94.18 93.88 93.50 93.18 92.87 92.80 92.32 91.79 92.14 92.25 91.00 92.00 93.02 93.22 92.83 91.49 91.97 92.21 93.45 93.52 93.46
59°S ||     93.94 93.19 92.94 93.39 93.40 93.13 91.43 92.36 92.66 92.36 93.07 92.35 92.68 91.60 92.97 93.63 93.13 93.31 92.89 93.34 93.56 93.60 93.16 92.96 91.86 92.43 92.70 92.78 93.37 92.41 92.71 93.65 93.78 93.32 93.77 93.38 92.65 91.98 91.81 92.03 92.42 93.21 93.65 93.59 93.48 92.98 93.72 93.94 94.21 94.18 94.20 94.20 94.28 94.33 93.90 93.59 93.78 93.50 93.96 94.15 93.65 93.18 94.42 94.21 93.26 94.85 93.30 94.10 94.62 92.45 92.95 94.17 95.20 93.74 94.60 93.57 93.65 93.19 92.88 92.95 92.18 92.34 92.75 92.43 92.50 93.10 92.86 92.80 93.35 91.70 92.89 93.24 93.35 93.19 93.90 92.92 92.81 92.84 94.33 92.76 92.64 93.23 93.01 93.04 93.13 93.19 93.14 93.02 92.97 93.41 93.51 93.80 93.89 93.88 93.60 93.02 93.07 93.22 92.72 92.13 92.20 92.22 93.17 93.80 94.45 94.63 94.77 94.63 94.80 95.13 94.72 94.68 94.21 93.92 94.14 93.77 93.12 91.63 91.00 91.40 94.22 93.96 91.10 91.12 92.98 91.52 91.68 90.84 91.61 92.05 91.34 91.43 92.14 93.09 93.52 93.84 94.14 94.04 94.22 94.21 94.18 94.07 93.88 93.65 93.04 92.60 92.14 92.05 92.34 92.07 93.51 91.29 92.30 92.56 92.14 93.03 93.36 93.06 93.47 93.70
57°S ||     93.69 93.76 94.06 94.49 93.79 92.04 92.59 92.36 91.80 91.90 92.05 94.42 91.98 92.14 91.61 91.73 92.64 93.34 92.72 92.55 94.30 92.63 92.68 92.65 91.67 92.53 92.89 92.86 92.81 91.74 91.07 93.72 93.40 93.56 93.54 93.19 93.41 92.56 92.31 92.41 92.13 92.90 93.20 93.39 93.53 93.13 92.49 92.38 93.55 94.27 94.31 94.41 94.19 94.17 93.83 92.95 92.64 92.66 92.28 92.05 92.93 95.05 93.47 92.66 94.66 95.30 94.98 93.71 95.96 91.02 95.55 93.72 92.83 93.84 93.29 94.68 95.07 94.59 94.08 95.26 95.32 93.92 92.87 92.98 93.34 92.93 93.02 92.67 92.60 93.06 93.14 93.26 92.85 92.42 92.43 92.34 92.36 92.49 93.08 92.48 92.13 92.33 92.32 92.40 92.35 93.19 93.22 93.46 93.68 93.85 94.00 94.18 94.38 94.50 94.26 93.78 93.95 93.94 94.18 93.69 93.52 93.84 94.58 95.12 95.46 95.43 95.47 95.44 95.44 95.65 95.13 94.96 94.61 94.94 94.82 94.69 94.61 93.86 91.39 92.83 94.23 94.76 91.75 92.02 92.77 92.55 92.02 91.71 91.66 92.09 92.67 92.90 93.13 92.78 93.49 93.11 93.85 93.02 91.89 92.21 93.95 94.15 94.05 93.61 93.00 92.61 92.24 92.21 92.34 92.24 91.84 91.68 92.32 92.42 93.77 92.30 92.27 92.42 92.83 93.59
55°S ||     93.84 93.89 94.10 94.23 93.32 93.26 93.15 92.56 92.32 93.02 92.97 92.83 92.56 92.68 92.17 92.51 93.31 93.18 93.21 93.15 92.43 91.52 91.51 94.25 91.46 92.61 93.08 93.09 93.07 92.68 92.35 93.57 93.56 93.40 93.72 93.17 92.80 92.46 91.93 91.80 91.94 91.77 91.68 91.95 92.99 92.58 92.33 92.79 93.54 93.92 94.30 94.35 94.41 93.69 93.25 91.89 92.36 91.75 92.16 94.62 92.85 95.32 95.54 94.74 92.99 96.18 96.07 96.17 96.05 96.05 96.06 95.61 92.72 93.34 95.06 94.02 93.58 94.76 94.51 94.40 93.64 93.18 93.39 93.36 93.22 93.00 93.03 92.67 92.86 92.43 92.76 93.03 93.38 92.91 93.04 93.73 94.81 93.05 92.99 93.13 93.09 92.99 92.18 92.40 92.12 92.46 93.48 93.61 93.92 94.19 94.41 94.57 94.88 95.13 95.09 95.31 95.44 95.57 95.60 95.77 95.89 95.96 95.98 96.01 96.07 95.97 95.90 95.89 96.03 95.74 95.55 95.44 95.23 94.84 95.19 95.07 92.87 94.03 93.83 93.34 93.09 92.84 93.01 93.10 91.69 92.23 92.40 92.40 92.86 93.28 93.75 93.76 94.81 94.31 93.21 93.45 93.76 91.91 92.16 94.16 93.70 93.40 93.14 93.23 92.69 92.53 92.75 93.02 93.38 93.06 93.06 92.20 93.27 92.69 92.34 92.43 92.75 93.34 93.35 93.73
53°S ||     93.95 93.38 93.51 94.46 94.77 92.50 93.57 93.75 93.71 93.41 93.64 92.90 92.61 93.09 93.05 93.06 92.68 93.23 93.09 93.24 93.07 92.16 91.73 93.21 92.60 92.98 94.52 92.92 93.18 92.92 93.39 93.20 93.22 93.66 93.35 93.33 93.29 92.18 91.80 91.78 91.64 91.82 92.43 92.71 92.99 93.19 93.39 93.29 94.49 95.37 92.82 92.96 93.38 93.05 93.25 93.97 93.67 92.60 92.43 93.72 93.06 95.48 95.56 95.68 96.39 96.18 96.06 96.06 96.08 96.09 96.09 96.02 95.85 95.54 94.31 94.05 94.51 95.00 93.86 94.23 94.52 94.27 94.06 93.77 93.40 94.71 93.67 93.04 93.26 93.33 92.87 92.77 92.59 93.25 92.47 92.27 92.73 92.87 93.02 92.83 93.05 93.18 92.54 91.55 93.26 92.93 93.17 93.62 93.79 93.89 94.57 94.83 95.24 95.50 95.60 95.77 95.93 95.98 96.19 96.76 97.37 97.93 98.18 98.29 98.35 97.71 97.49 97.59 97.61 97.54 96.54 95.80 95.84 95.94 95.10 95.39 95.48 95.10 93.44 93.45 93.69 93.00 93.14 92.63 92.90 93.91 92.77 92.76 92.89 92.56 92.92 93.49 94.06 94.38 95.21 93.89 93.69 91.68 94.24 93.67 93.89 93.95 93.95 93.44 93.08 93.01 92.56 93.07 92.23 93.07 93.40 92.46 91.71 91.71 92.48 93.30 93.38 93.52 93.86 93.94
51°S ||     93.82 93.59 93.14 93.27 94.12 93.90 93.77 92.65 94.02 93.30 92.82 93.21 92.99 93.32 93.10 92.96 93.10 92.21 92.90 93.01 92.74 92.27 91.70 91.49 91.10 92.65 92.21 92.71 93.11 93.12 92.97 93.24 92.84 92.76 92.99 92.64 92.67 92.49 92.16 91.24 91.22 91.02 91.47 92.76 93.01 93.27 93.39 92.87 94.62 95.17 92.79 92.79 92.16 91.79 93.18 94.51 94.78 94.71 93.32 92.49 92.54 92.80 95.61 96.00 96.14 96.01 96.12 96.06 96.06 96.06 96.07 96.16 95.84 95.87 95.94 96.11 94.51 94.64 94.08 94.13 94.38 94.23 93.62 93.33 92.98 93.82 92.71 92.87 93.23 93.19 93.13 93.22 93.37 93.47 93.06 92.55 92.72 92.84 92.95 92.43 93.24 92.78 92.35 92.95 92.77 93.03 93.47 93.88 94.21 94.23 95.05 95.27 95.35 95.71 95.85 95.99 96.18 96.76 97.54 98.58 98.94 99.51 99.72 99.98 100.01 100.04 99.78 99.79 99.61 99.34 99.84 99.11 96.33 96.26 95.87 95.61 94.70 92.89 91.98 94.16 93.67 92.79 94.22 92.77 91.98 92.31 92.80 93.63 93.28 93.42 93.95 94.01 93.84 93.69 92.83 93.70 93.77 93.98 93.83 93.84 93.74 93.06 93.25 93.80 93.73 93.42 92.71 93.76 93.20 93.70 93.16 92.60 93.22 92.38 92.52 92.93 93.12 93.44 93.56 93.77
49°S ||     92.62 92.96 92.78 93.33 94.44 94.75 94.94 93.74 93.75 92.45 93.05 92.46 92.44 92.24 92.62 92.38 92.30 92.35 91.47 91.78 92.18 92.53 91.60 91.44 92.21 91.93 92.39 93.12 93.08 93.08 92.84 93.16 92.70 91.23 91.22 91.44 91.80 91.79 91.87 91.28 91.09 91.17 91.36 92.40 92.86 93.11 93.16 93.14 93.04 92.90 92.67 92.27 91.67 91.42 91.73 92.27 93.68 93.77 92.84 92.56 95.01 95.36 95.54 95.74 96.01 96.21 96.06 96.08 96.05 96.13 96.15 96.02 95.91 94.89 95.33 94.17 94.16 94.64 94.02 94.22 94.24 94.12 93.73 93.23 93.27 92.64 92.84 94.82 93.85 93.24 92.98 93.17 93.98 94.00 93.21 92.91 92.07 93.46 92.52 92.51 92.44 92.45 92.81 93.30 93.43 92.93 92.85 93.92 94.21 94.67 94.12 95.01 95.66 95.90 96.20 96.78 97.59 98.13 98.98 99.52 100.39 100.89 100.39 100.35 99.09 99.84 99.98 100.13 99.95 99.90 99.94 100.00 99.71 99.04 97.25 96.22 95.52 94.59 95.11 94.42 94.80 93.84 92.48 93.21 93.43 92.17 93.08 92.78 93.48 93.69 92.78 93.44 93.43 93.37 93.19 93.80 93.49 93.20 92.74 92.77 91.23 92.24 93.23 93.07 92.61 93.36 93.93 94.38 93.48 94.35 94.20 93.77 93.68 93.00 92.43 91.90 92.14 92.44 92.92 93.14
47°S ||     92.40 93.04 92.71 92.66 93.59 94.38 93.44 92.76 93.44 92.89 92.50 92.66 91.45 93.09 91.67 91.95 91.00 91.27 92.19 91.93 92.53 91.78 92.21 92.61 92.55 93.14 92.32 92.77 93.01 92.98 93.00 93.00 93.10 92.07 91.83 92.01 92.36 92.44 92.43 92.07 91.57 91.43 91.84 91.98 91.83 92.61 92.63 92.76 92.50 92.55 92.12 91.91 91.47 91.45 91.37 91.76 92.14 92.10 92.75 93.37 92.11 94.55 93.98 95.44 95.45 96.07 96.17 96.16 96.13 96.18 96.15 96.05 95.97 95.03 95.45 95.40 94.21 94.12 93.81 93.07 94.00 93.66 93.51 93.44 92.98 93.04 92.71 93.04 93.48 93.31 93.45 93.46 94.21 93.39 93.07 92.14 92.55 92.36 92.80 93.54 92.55 92.06 92.36 92.79 94.01 94.04 93.42 93.87 94.52 94.39 94.12 94.64 95.50 95.59 97.53 99.09 99.67 100.63 101.14 100.27 99.68 100.05 100.53 100.39 99.86 99.45 99.15 99.68 99.93 99.78 99.81 99.56 99.59 99.47 98.77 97.47 96.39 95.81 95.40 95.15 95.00 94.81 94.00 93.31 94.12 94.08 93.29 93.81 93.71 93.71 93.74 92.92 92.70 93.20 92.66 93.04 93.13 92.35 91.90 92.77 93.79 93.96 92.65 92.54 93.22 93.99 93.78 94.06 94.35 94.19 94.11 94.01 92.82 92.85 92.44 93.19 92.72 92.53 93.03 92.85
45°S ||     93.09 93.19 92.99 93.07 93.43 93.38 93.54 93.59 93.75 92.66 92.36 93.04 92.39 92.14 92.24 92.25 93.49 92.16 92.65 92.81 92.52 92.89 93.74 92.39 92.86 93.20 92.94 92.78 92.79 92.74 92.57 92.70 92.61 92.35 92.36 92.32 92.36 92.40 92.54 92.57 92.15 92.03 92.24 92.14 92.12 92.36 92.37 92.12 91.91 91.68 91.57 91.56 91.48 90.92 90.70 91.98 92.49 92.66 93.17 93.55 94.03 93.96 94.58 94.79 94.73 95.86 95.99 96.92 96.78 96.31 96.20 96.10 95.80 95.61 95.32 95.54 93.96 93.88 93.83 95.11 93.32 93.61 93.21 93.13 93.03 92.89 92.88 93.57 93.53 93.39 93.22 93.34 93.67 93.30 93.00 93.14 92.62 92.66 92.59 93.57 91.56 92.38 92.63 92.72 93.57 92.70 93.52 93.87 94.21 94.25 94.41 94.27 95.52 96.31 99.15 99.78 100.98 101.12 100.37 100.87 100.61 100.92 100.69 100.67 100.37 100.84 100.97 99.80 99.62 100.24 99.77 99.64 99.65 99.48 98.74 98.32 96.86 95.95 95.62 95.37 95.01 95.20 92.54 94.16 94.19 93.79 93.96 93.53 93.32 93.81 93.33 93.06 93.44 93.01 93.12 92.66 92.36 92.46 91.81 90.93 92.43 92.14 92.82 94.02 94.19 94.04 93.30 94.26 93.48 93.59 94.01 93.85 92.82 92.87 93.05 91.87 91.94 92.69 92.95 92.83
43°S ||     93.85 92.77 94.04 93.49 93.85 93.37 93.53 93.47 93.17 92.85 92.35 92.47 92.21 91.97 92.38 92.43 92.91 93.02 92.84 92.80 92.17 92.47 92.72 92.74 92.37 92.83 92.96 92.96 92.12 92.49 92.32 92.65 92.71 92.18 92.26 92.25 92.30 92.44 92.68 92.81 92.08 91.78 90.63 90.71 91.65 92.11 91.94 91.66 91.70 91.38 91.24 91.25 91.12 91.22 91.26 92.13 92.24 92.49 92.59 93.09 93.08 93.22 93.87 93.18 95.20 95.05 95.71 95.81 95.87 95.91 95.85 95.84 95.27 95.62 95.43 94.17 94.01 94.27 94.07 94.23 93.86 95.57 93.22 93.49 93.25 93.24 93.04 93.64 93.58 93.22 93.10 93.34 93.41 93.27 93.21 92.87 93.19 92.82 93.29 92.60 92.50 92.65 92.44 91.93 92.00 92.48 93.39 94.48 93.71 94.06 94.21 94.39 95.68 97.21 99.55 100.65 100.62 100.29 100.59 101.04 100.76 100.75 100.41 100.82 100.72 99.86 100.07 99.97 100.31 99.96 99.73 99.68 99.43 99.01 97.74 97.60 96.90 96.06 95.52 95.62 95.39 95.45 95.03 94.91 94.56 94.29 93.95 93.66 93.69 94.61 94.04 93.81 93.71 93.18 93.11 92.70 92.31 92.29 92.37 92.40 92.11 92.24 93.14 94.27 94.53 94.48 94.18 94.01 93.47 93.77 93.73 93.93 92.11 93.13 93.18 94.20 92.74 93.06 93.49 93.42
41°S ||     94.10 93.97 94.02 94.55 94.26 93.25 93.40 93.27 94.09 94.62 95.46 95.24 93.58 92.51 92.84 92.71 92.13 92.47 92.10 92.54 92.10 92.80 92.74 92.73 92.49 91.47 92.11 92.34 92.63 92.07 91.92 92.24 92.02 92.04 91.76 92.13 92.23 92.45 92.51 90.11 89.78 89.59 87.78 87.53 87.61 89.94 89.94 89.95 90.79 91.19 90.86 91.30 90.99 91.18 91.13 91.20 91.31 91.91 93.02 92.80 92.36 91.67 93.40 94.29 94.22 95.02 95.00 95.37 95.73 95.77 95.71 95.29 95.61 94.80 94.88 94.87 94.58 95.68 94.46 93.84 94.12 93.93 93.45 93.44 93.18 93.20 93.40 93.78 93.76 93.54 93.19 93.48 93.07 93.13 93.28 92.61 92.40 93.05 92.96 92.79 92.36 92.47 91.85 91.57 93.60 92.65 93.13 93.91 93.93 93.96 94.31 94.72 95.67 97.25 99.09 100.65 100.63 99.80 100.81 100.86 100.83 100.61 100.92 101.07 100.56 99.85 100.27 100.39 100.10 100.30 100.00 99.63 98.73 97.97 97.60 97.28 96.53 96.01 95.87 95.64 95.75 94.68 94.38 94.75 93.36 93.46 93.99 94.14 94.22 94.15 94.01 94.01 94.00 93.11 92.92 92.84 92.52 93.08 92.98 92.67 92.60 92.50 93.33 93.87 94.08 93.92 94.04 93.92 92.90 93.49 93.50 92.50 92.38 93.33 93.22 93.37 93.41 93.71 93.99 93.51
39°S ||     93.89 94.07 93.66 93.16 94.35 93.17 93.74 93.56 92.62 93.19 94.89 94.89 92.95 92.54 93.30 92.92 93.26 92.65 92.97 93.05 93.27 92.33 93.30 93.29 92.94 92.94 92.67 92.32 92.50 92.36 92.21 90.12 91.32 91.79 91.80 92.02 92.20 92.17 91.34 91.16 90.51 89.15 88.80 88.89 89.27 89.40 89.30 89.57 88.95 90.10 90.88 90.91 90.94 91.05 91.22 91.26 91.53 91.92 92.02 92.63 92.65 92.84 92.27 92.56 93.58 92.88 94.36 95.62 95.51 95.42 95.50 95.49 95.01 94.77 94.98 94.81 94.69 94.39 94.16 94.18 94.09 94.11 93.89 93.58 93.52 93.19 93.68 94.07 93.59 93.50 93.81 93.87 93.74 93.13 93.43 92.89 92.90 92.84 92.79 93.37 92.45 92.72 92.22 92.36 92.24 92.19 93.12 93.68 94.03 94.09 94.10 95.00 95.73 96.26 98.78 100.72 101.03 100.88 100.35 100.70 101.06 100.89 101.01 101.05 100.68 100.26 100.70 100.38 100.53 100.07 99.73 99.04 98.15 97.70 97.07 96.71 96.47 96.27 95.85 95.29 95.14 94.36 94.25 94.12 94.07 94.35 94.54 94.28 93.26 94.07 94.15 94.29 93.92 93.66 93.16 93.51 93.16 92.77 93.53 93.30 92.89 92.71 92.74 93.04 93.50 93.68 94.28 94.02 93.60 93.55 93.70 93.43 93.90 93.75 93.79 93.39 93.58 93.91 94.14 94.33
37°S ||     94.34 94.07 94.07 93.55 95.03 94.62 94.02 92.93 92.29 91.56 91.21 92.35 92.19 93.27 93.81 93.76 93.77 93.76 93.53 93.40 93.38 93.36 92.93 93.20 92.78 92.33 92.43 91.89 91.75 92.39 92.25 91.22 91.39 90.72 91.51 90.54 91.18 89.17 89.29 91.13 89.11 88.33 89.63 89.67 89.57 89.52 89.74 90.48 89.83 89.80 89.57 90.22 90.86 91.41 91.42 91.55 91.44 92.10 92.26 92.06 92.03 92.96 92.94 93.41 94.06 94.05 94.60 94.86 92.92 95.14 94.70 94.82 94.91 95.05 94.87 94.65 94.49 94.46 94.47 94.15 93.81 93.60 93.19 95.05 93.64 93.34 93.36 93.21 93.97 93.51 93.70 93.90 93.82 93.52 92.91 93.29 92.81 92.70 93.25 93.19 92.40 92.36 92.17 92.39 92.63 92.60 94.52 93.23 93.90 94.24 94.34 94.51 95.17 96.11 97.26 100.13 101.04 101.37 101.66 100.73 100.81 100.85 100.30 100.99 100.39 100.50 100.27 100.40 100.33 100.19 99.95 98.65 97.56 97.13 96.60 96.33 96.04 95.87 95.65 95.38 94.52 94.61 93.89 93.91 93.70 93.88 94.29 94.32 94.27 94.08 94.32 94.10 93.97 93.88 93.65 93.69 94.00 93.70 93.56 92.64 93.06 93.00 92.42 92.39 93.28 93.55 94.25 93.64 93.69 93.87 94.08 94.04 94.00 93.96 93.68 93.46 94.35 94.55 94.37 94.90
35°S ||     94.31 95.00 94.09 93.14 93.93 93.09 93.01 93.22 92.44 91.56 91.41 92.37 93.25 93.47 93.70 93.59 93.76 91.99 93.43 93.35 93.26 93.01 93.01 92.76 92.17 92.45 92.24 92.08 91.48 91.65 91.31 91.16 91.28 90.97 91.12 91.31 90.57 89.09 89.20 89.14 88.59 89.63 90.37 90.26 89.92 90.20 90.00 90.09 90.37 90.42 90.22 89.33 90.13 91.26 91.64 91.88 91.88 91.90 91.93 92.05 92.27 92.49 92.46 93.83 93.76 92.98 93.30 93.85 93.74 94.80 94.68 94.87 94.54 94.12 94.31 94.54 94.55 94.51 94.78 94.36 93.86 93.44 93.70 93.45 93.58 93.13 93.01 93.18 93.36 93.48 93.52 93.78 93.65 93.08 93.10 93.06 93.37 93.72 92.81 92.64 92.69 91.98 92.14 92.61 92.83 92.77 92.86 93.34 94.12 93.91 93.88 94.18 94.67 95.04 95.99 97.27 100.58 101.05 101.45 101.54 100.75 100.72 101.35 101.38 100.32 100.44 100.37 100.21 100.31 100.08 99.06 96.99 96.43 96.30 96.13 96.00 96.07 95.86 95.83 95.80 94.80 94.35 93.27 93.87 93.55 93.74 93.94 94.05 94.24 94.35 94.13 93.85 93.02 93.05 93.13 93.52 93.13 92.87 93.29 93.59 93.26 92.83 93.39 93.67 93.41 93.42 93.20 93.52 93.48 92.88 94.16 94.23 93.82 93.73 93.97 94.09 94.82 94.60 94.09 93.28
33°S ||     94.39 94.52 93.12 92.91 93.16 92.14 92.62 91.59 91.62 92.28 92.21 92.53 93.33 93.54 93.96 93.44 93.77 93.81 93.35 93.35 92.46 93.01 92.93 92.89 92.53 92.22 92.23 92.01 91.76 91.46 91.28 90.42 90.83 90.60 90.26 90.45 89.77 88.80 88.63 87.95 88.19 89.68 90.58 90.17 90.93 90.27 91.22 91.30 91.01 91.05 90.39 89.43 88.62 90.28 91.23 91.86 91.83 91.92 91.97 91.96 92.41 92.93 92.81 93.76 93.88 93.96 93.91 93.90 93.80 93.59 93.88 94.58 94.52 94.12 94.65 94.14 94.74 94.41 94.34 94.47 94.15 93.86 94.16 93.67 93.58 93.40 93.32 93.17 93.18 93.30 93.36 92.96 93.24 93.46 93.16 93.32 93.02 93.34 92.96 92.33 92.53 92.31 92.02 92.29 92.59 92.74 92.75 92.66 93.48 93.87 93.69 93.63 93.37 93.87 94.73 95.89 98.16 99.91 100.73 101.23 101.22 101.54 100.47 100.24 100.50 100.49 100.16 100.11 99.01 97.80 97.18 96.22 95.93 95.90 95.89 95.88 95.97 95.90 95.74 95.68 95.27 94.39 93.89 93.73 93.51 93.44 93.67 93.61 93.77 93.95 93.89 93.55 93.35 93.09 92.44 92.31 92.45 92.38 93.22 92.69 93.12 93.46 92.86 93.21 93.05 92.96 93.44 93.62 93.92 93.36 93.62 94.23 93.22 93.88 93.89 94.12 94.32 94.05 93.64 93.63
31°S ||     94.27 93.36 93.19 93.09 92.33 92.43 91.84 92.34 92.50 92.33 92.55 92.60 93.08 93.43 93.78 93.76 93.76 93.19 92.99 93.35 92.85 92.92 92.83 92.74 92.51 92.44 92.19 91.97 91.62 91.27 90.97 90.80 90.75 90.14 89.97 90.54 89.68 88.61 88.74 87.95 88.91 89.72 90.12 90.74 90.99 91.24 91.27 91.50 91.49 91.61 90.61 89.43 89.83 89.94 90.09 90.05 91.48 92.13 92.10 92.49 92.97 93.43 93.73 93.80 94.02 93.94 94.04 94.22 94.11 94.03 94.17 95.18 94.09 93.79 94.06 94.02 94.14 94.29 94.52 94.48 94.56 94.42 94.09 94.09 93.90 93.40 93.05 92.87 93.12 93.19 93.19 93.30 92.97 93.24 93.33 93.19 93.28 93.13 93.07 92.56 92.52 93.09 92.71 92.50 92.82 93.04 93.15 92.80 93.54 93.85 94.14 93.64 94.14 94.04 95.03 95.04 95.85 96.10 96.48 99.34 100.30 100.96 99.98 100.31 100.10 100.23 99.73 99.05 96.49 95.93 96.19 96.05 95.84 95.83 95.80 95.58 95.54 95.73 95.69 95.44 95.34 93.94 93.97 93.60 93.78 93.21 93.38 93.34 93.37 93.47 93.62 93.35 93.08 93.08 92.64 92.55 93.33 92.30 92.10 91.88 93.23 93.65 94.16 93.36 93.59 93.81 93.98 93.85 93.88 93.70 93.49 93.83 93.37 93.73 93.71 93.50 93.73 93.93 93.89 93.82
29°S ||     94.24 93.33 91.78 93.07 92.31 92.13 92.77 92.27 92.63 92.42 92.42 92.70 93.37 93.63 93.76 93.69 93.64 92.38 93.44 93.40 93.16 92.82 92.81 92.67 92.57 92.37 92.18 91.84 91.48 91.18 90.90 90.56 90.35 90.30 90.26 89.48 89.52 89.05 87.70 86.84 88.82 89.89 90.33 90.65 91.02 91.34 91.54 91.68 91.79 91.78 91.73 91.56 90.80 90.82 90.71 89.97 90.28 90.80 92.06 92.41 93.04 93.82 93.98 93.92 94.40 93.97 93.78 93.93 94.22 94.18 94.40 94.78 94.40 93.92 94.23 94.60 94.30 94.26 94.71 94.62 94.54 94.55 94.22 94.36 93.58 93.55 93.36 93.06 92.92 93.15 93.29 93.31 93.46 93.37 93.31 93.21 93.25 92.69 93.12 92.69 93.27 93.35 92.99 93.01 93.31 93.46 93.56 93.44 92.77 93.75 93.41 94.08 94.29 94.44 93.62 94.00 95.42 95.27 95.80 95.79 96.10 96.07 96.94 98.79 97.61 97.86 96.54 96.98 95.92 95.77 95.59 95.31 95.60 95.73 95.61 95.27 95.43 95.39 95.31 94.68 94.60 94.18 93.82 93.64 93.57 93.37 93.33 93.41 93.40 93.44 93.48 93.21 93.17 92.62 92.89 92.38 91.82 92.11 93.03 91.80 92.96 93.51 93.72 93.12 93.76 92.77 93.69 93.92 93.60 93.43 93.65 93.48 93.21 93.37 93.49 93.72 93.51 93.71 93.89 94.12
27°S ||     93.77 93.25 93.21 93.16 92.44 92.29 92.98 91.95 92.47 92.88 92.76 93.25 93.16 93.35 93.76 93.47 93.77 92.76 93.41 92.72 92.76 92.79 92.65 92.62 92.39 92.25 92.09 91.94 91.44 91.10 90.73 90.41 90.01 90.02 89.85 90.03 90.24 88.85 88.57 87.07 89.08 89.93 90.31 90.74 91.11 91.44 91.67 91.83 91.93 92.10 92.08 92.15 91.86 91.19 91.19 91.30 91.62 91.60 91.51 91.51 91.27 93.08 94.02 94.06 94.00 94.02 94.15 94.41 94.11 93.98 94.03 94.82 94.92 95.18 94.62 94.15 94.54 94.56 94.84 94.81 94.78 94.74 94.58 94.22 94.05 93.71 93.78 93.81 93.32 93.17 93.13 93.38 93.41 92.92 93.10 93.26 93.28 92.94 92.93 92.92 93.26 93.57 92.91 93.30 93.52 93.38 93.76 92.98 92.51 92.84 93.60 93.64 94.01 93.78 93.72 93.86 93.90 95.35 95.28 95.50 95.62 95.55 95.81 95.85 95.87 95.96 96.23 95.96 95.92 95.71 95.34 95.50 95.60 95.40 94.97 95.20 92.68 95.28 95.25 93.30 93.96 93.51 93.39 93.38 93.40 93.41 93.40 93.41 93.28 93.22 93.17 92.86 92.30 92.16 92.01 92.34 93.07 91.91 92.02 92.78 92.37 92.93 93.51 93.48 94.02 92.93 93.76 93.48 93.71 93.89 93.77 93.54 93.02 92.76 92.80 93.29 93.29 93.39 93.87 93.95
25°S ||     93.92 93.01 93.46 93.13 93.07 93.00 93.19 93.63 92.95 93.36 93.14 93.88 93.88 93.75 93.89 93.61 93.68 93.17 92.74 93.29 92.87 92.67 92.61 92.45 92.29 92.06 91.89 91.71 91.30 90.82 90.46 90.16 89.89 89.71 89.65 88.98 89.37 89.75 88.56 88.89 89.33 89.87 90.38 90.76 91.01 91.30 91.50 91.76 91.93 91.95 92.15 92.20 91.88 91.46 90.51 91.27 91.62 91.80 91.82 91.66 90.89 92.28 93.70 93.77 93.94 93.96 93.95 93.28 93.57 93.76 93.85 93.90 94.60 95.39 95.59 94.74 94.93 95.04 95.27 94.92 94.92 94.78 95.10 94.61 94.91 94.02 94.13 94.15 94.09 93.27 93.71 93.55 93.87 92.81 93.33 93.28 93.28 92.76 92.37 93.20 93.25 93.10 93.21 93.27 93.10 92.66 93.22 92.43 92.19 92.60 92.97 93.09 93.55 93.36 94.04 94.66 94.20 94.97 95.25 95.45 95.59 95.47 95.38 95.78 95.54 95.88 95.81 95.36 95.23 95.02 95.21 94.89 94.86 95.15 94.87 93.90 93.76 94.18 93.06 93.60 93.41 93.14 92.94 92.99 93.11 93.19 93.58 93.22 93.14 92.97 92.89 92.64 92.21 91.76 91.93 92.24 92.72 92.18 91.59 92.09 91.98 92.46 92.98 93.50 93.06 93.10 93.66 93.08 93.45 93.69 93.62 93.12 92.72 93.48 93.50 93.26 93.42 93.94 94.28 93.83
23°S ||     93.86 93.81 93.15 93.17 93.08 93.23 93.50 93.72 93.92 94.00 93.98 93.92 94.19 94.29 93.90 94.10 92.46 92.87 93.37 92.88 92.87 92.55 92.54 92.41 92.20 91.89 91.64 91.27 90.87 90.49 90.14 89.76 89.55 89.44 89.50 89.43 88.62 88.99 88.51 88.78 89.28 89.86 90.21 90.49 90.76 91.00 91.27 91.53 91.82 91.99 92.31 92.27 92.25 91.85 91.04 91.23 91.58 91.60 91.56 91.18 90.47 92.51 93.49 93.57 93.21 93.45 93.77 93.32 93.77 93.73 93.51 94.12 94.32 95.05 95.26 95.42 94.82 95.02 94.85 95.09 95.08 94.95 94.97 95.28 94.79 94.32 94.46 94.60 94.41 93.03 93.82 93.55 93.91 93.98 93.98 93.37 93.25 94.65 93.24 92.69 92.89 92.65 92.42 92.25 92.59 93.09 92.23 92.18 91.85 92.52 92.82 93.37 93.23 92.82 92.79 93.12 93.84 94.17 94.54 94.82 95.31 95.04 95.32 95.55 95.57 95.77 95.50 95.02 95.01 94.80 94.32 94.39 94.62 94.75 93.71 93.05 92.29 92.51 92.97 93.33 93.05 92.79 92.41 92.57 92.94 93.06 93.14 93.24 92.90 92.82 92.73 92.64 92.87 92.69 92.78 92.15 92.72 92.17 91.74 92.12 91.69 92.64 92.92 93.23 93.23 93.45 93.32 93.53 93.39 94.13 93.40 94.54 93.35 93.45 93.53 93.45 93.24 94.05 94.50 93.81
21°S ||     93.52 93.65 93.16 93.17 93.14 93.17 93.59 94.46 94.09 93.95 93.78 93.84 93.98 93.77 93.93 94.06 93.58 93.13 93.18 92.92 92.71 92.49 92.43 92.25 92.04 91.79 91.37 90.88 90.35 89.92 89.62 89.27 89.06 89.04 89.18 88.70 88.87 88.19 88.33 88.82 89.20 89.61 89.87 90.14 90.46 90.69 91.02 91.27 91.55 91.79 91.94 92.16 92.21 91.77 91.24 91.56 91.13 91.44 91.11 90.75 90.83 91.20 93.32 93.29 93.40 93.23 93.65 93.80 93.73 93.77 93.97 93.94 94.24 94.59 95.26 95.54 95.22 95.04 95.21 95.27 95.16 95.08 95.01 95.25 95.11 95.26 94.61 94.65 94.38 93.88 93.71 93.90 94.11 94.20 93.67 93.49 93.28 92.87 92.81 93.01 93.14 93.27 92.15 92.56 92.87 92.76 93.03 91.96 91.87 92.36 92.92 92.45 93.03 93.00 93.10 93.44 93.61 94.16 94.25 94.81 95.02 95.20 94.75 95.35 95.08 94.94 94.93 93.75 94.30 94.30 94.13 93.92 94.48 93.72 93.20 92.91 91.63 91.78 92.74 92.57 92.82 92.78 92.33 91.96 92.95 93.08 93.09 93.12 93.12 92.82 92.52 92.23 91.93 92.26 93.12 92.26 92.46 92.38 91.83 92.62 92.48 92.69 92.54 92.53 93.24 93.42 93.71 93.44 93.11 94.05 94.22 93.79 93.85 94.18 94.05 93.40 92.96 93.60 93.63 93.33
19°S ||     92.60 92.98 93.00 92.79 93.26 93.59 94.05 94.92 94.88 94.38 94.20 93.83 93.98 93.95 94.19 93.94 93.68 93.52 92.97 92.90 92.70 92.42 92.25 91.96 91.77 91.49 91.09 90.39 89.55 89.12 88.85 88.72 88.59 88.71 88.93 87.44 88.59 88.10 88.24 88.52 88.70 89.06 89.34 89.62 89.98 90.34 90.71 90.99 91.33 91.56 91.71 91.82 91.99 91.91 91.45 91.01 90.99 90.97 91.11 90.99 90.62 92.09 93.02 92.96 93.19 93.40 93.84 93.90 93.97 93.70 93.90 94.16 94.55 95.07 95.68 95.68 95.64 95.07 95.24 95.32 95.47 95.24 95.10 95.06 95.35 95.35 94.89 94.52 94.54 94.64 94.38 94.17 94.23 94.10 93.58 93.73 93.27 93.13 93.42 92.57 93.01 93.12 92.36 92.80 92.31 92.71 91.95 91.74 92.31 92.35 92.14 92.56 92.55 92.78 92.94 93.17 93.21 93.16 93.24 94.42 94.68 94.70 94.83 94.82 94.54 94.53 93.96 93.96 94.06 93.92 93.83 93.22 93.00 93.36 92.97 92.61 92.09 91.92 92.38 92.62 92.94 92.96 93.19 93.16 92.98 93.02 93.04 93.05 92.89 92.75 93.02 92.40 91.96 92.07 92.54 92.70 92.56 92.79 92.20 92.67 92.80 92.57 92.45 92.35 93.01 93.03 92.88 92.79 93.61 94.12 94.46 94.65 94.75 95.03 94.61 94.68 94.46 94.09 94.20 92.68
17°S ||     92.66 92.65 92.84 93.28 93.31 93.63 94.53 94.74 94.71 94.58 94.37 94.00 94.11 93.33 94.08 94.63 93.76 93.75 93.29 92.84 92.65 92.42 91.99 91.67 91.45 91.13 90.64 89.55 88.66 88.13 88.05 88.14 88.31 88.47 88.17 87.56 87.94 88.14 88.00 87.89 88.00 88.39 88.77 89.06 89.56 89.96 90.34 90.63 90.99 91.29 91.42 91.65 91.66 91.74 91.35 90.95 90.42 90.44 91.00 90.87 90.62 92.24 92.98 92.32 92.81 95.28 95.95 95.30 93.82 94.02 93.48 94.08 94.44 94.87 95.68 95.64 95.66 95.04 95.33 95.14 95.35 95.26 95.28 95.27 95.31 95.25 95.04 95.03 94.91 94.67 94.18 94.26 94.27 94.09 93.80 93.80 93.31 93.39 92.98 93.76 93.15 92.85 92.38 92.39 92.38 92.31 92.44 91.89 92.45 92.43 92.61 92.40 92.19 92.18 92.54 92.62 92.83 93.56 93.67 93.11 93.74 93.61 93.88 93.90 93.79 94.32 94.19 94.16 94.02 93.83 93.16 93.28 92.05 92.46 92.62 92.43 91.80 91.82 92.42 92.70 93.03 93.05 93.18 93.28 93.03 92.97 92.93 92.84 92.78 92.50 92.66 92.54 92.16 92.29 92.14 92.24 92.51 92.77 92.52 93.14 92.76 92.72 92.46 92.25 93.39 92.31 92.67 92.97 93.64 94.44 94.62 94.87 94.87 95.08 95.23 94.76 94.80 94.44 94.77 93.91
15°S ||     94.27 92.68 93.76 93.44 93.87 94.13 95.17 95.08 94.49 94.59 94.57 94.04 93.80 93.88 94.11 94.56 92.82 93.83 94.15 92.98 92.73 92.37 92.04 91.70 91.27 90.75 89.89 88.52 87.16 86.75 87.18 87.73 87.90 88.16 88.30 88.24 88.42 88.45 87.78 87.46 87.42 87.97 88.31 88.63 89.13 89.69 90.09 90.40 90.61 90.78 90.79 91.22 91.42 91.42 91.08 90.95 90.54 91.60 90.82 91.78 92.26 94.99 95.66 95.82 96.04 95.98 95.88 96.01 96.00 94.20 94.04 94.72 94.61 94.77 95.46 95.45 95.58 95.43 95.28 95.22 95.27 95.28 95.23 95.36 95.22 95.15 95.17 95.00 94.87 94.77 94.85 94.60 94.43 94.00 93.80 93.83 93.69 93.43 92.83 93.42 92.65 92.79 92.63 92.25 92.39 92.08 92.25 92.22 92.06 92.15 92.62 92.08 91.89 91.87 91.98 91.62 92.62 93.53 93.57 93.61 93.09 93.64 93.61 93.47 93.80 94.02 93.97 94.22 93.52 93.09 92.86 91.89 91.80 91.86 92.19 92.03 91.76 91.96 92.01 92.49 92.84 93.09 93.02 93.04 93.16 93.02 92.78 92.88 92.52 92.74 92.50 92.76 92.07 91.74 92.79 93.00 92.24 92.96 93.02 92.71 92.78 92.65 92.25 92.50 93.03 93.18 93.02 93.06 93.37 94.67 94.99 95.52 95.35 95.24 94.72 95.38 94.99 95.57 93.84 94.06
13°S ||     94.47 94.35 93.97 93.60 93.89 94.44 94.93 95.28 95.11 95.25 94.95 94.38 94.22 94.44 94.41 94.52 93.90 93.85 93.67 93.25 92.89 92.45 92.08 91.70 91.17 90.50 89.52 87.63 85.54 85.11 86.25 87.30 87.64 87.74 87.82 88.49 88.25 88.21 87.63 87.37 87.40 88.60 87.86 88.34 88.86 89.36 89.86 90.17 90.41 90.59 90.63 91.41 90.79 92.24 95.69 94.97 95.09 92.91 95.84 96.16 94.85 92.31 92.21 92.49 95.14 95.81 95.41 95.36 93.34 95.90 94.22 94.45 94.77 95.02 95.12 95.39 95.36 95.57 95.67 95.35 95.30 95.31 95.28 95.27 95.08 95.15 95.28 95.07 94.84 95.10 94.95 94.83 94.58 94.25 94.65 94.07 93.83 93.51 93.33 93.34 93.29 92.96 92.52 92.30 92.08 92.63 92.14 92.12 91.99 91.91 91.95 92.13 91.69 92.11 91.99 92.26 92.28 93.18 93.40 93.25 93.32 93.61 93.45 93.43 93.09 93.63 93.71 93.72 93.46 93.21 92.06 91.80 91.47 92.05 91.91 92.14 91.70 91.89 92.62 92.65 93.20 93.05 93.18 93.08 93.14 93.04 92.63 92.44 92.37 92.44 92.40 92.16 92.60 92.07 93.05 93.01 92.43 92.44 92.83 92.95 92.63 92.75 92.32 92.17 92.55 93.64 93.69 93.91 94.37 95.06 95.29 95.46 95.52 95.45 95.41 95.52 95.59 95.45 95.59 95.44
11°S ||     95.56 95.31 95.61 95.64 94.73 94.70 95.00 95.33 95.13 95.12 94.96 94.88 94.94 94.49 94.75 94.61 94.50 94.09 93.86 93.46 93.02 92.69 92.16 91.70 91.01 90.38 89.49 87.83 85.60 83.90 84.81 87.28 87.54 87.56 87.48 88.11 88.03 87.74 87.28 87.05 87.49 87.82 87.76 88.26 88.69 89.11 89.81 90.02 90.23 90.47 90.35 91.06 94.91 95.56 96.18 96.17 93.18 89.82 89.60 90.70 91.43 91.65 91.98 92.23 92.77 92.63 92.86 94.57 93.71 93.90 95.98 94.86 95.98 95.50 95.24 95.49 95.63 95.51 95.61 95.64 95.36 95.37 95.41 95.32 95.34 95.29 95.46 95.19 95.28 95.06 95.06 95.25 94.64 94.44 94.17 94.16 94.23 93.77 92.34 92.80 93.33 93.42 92.83 92.55 92.43 92.07 92.04 92.13 91.89 91.94 92.44 92.08 92.18 91.88 92.15 92.32 92.25 92.52 92.95 92.72 92.89 93.19 93.14 93.03 92.66 93.58 93.47 93.76 93.44 93.40 93.06 92.16 91.56 91.80 91.74 92.34 91.95 92.45 92.84 92.87 93.35 93.23 93.04 93.14 93.16 93.11 92.96 93.02 92.71 92.68 92.51 92.10 91.68 92.20 92.12 92.40 92.85 92.96 92.67 93.18 92.86 93.44 93.76 93.36 93.60 94.97 93.80 94.33 94.64 95.20 95.36 95.40 95.60 95.55 95.63 95.69 95.69 95.31 95.45 95.18
9°S ||     94.92 95.19 95.14 95.41 95.63 94.93 95.34 95.12 95.35 95.44 95.09 95.23 94.98 94.88 94.89 94.64 94.64 94.31 94.08 93.62 93.30 92.78 92.38 91.83 91.24 90.53 89.71 88.93 85.96 82.81 82.80 86.27 87.42 87.43 87.50 87.38 87.80 87.57 87.60 87.28 87.41 88.02 89.69 91.37 90.18 89.17 89.75 90.36 90.30 90.73 94.63 95.83 95.80 96.08 95.03 90.31 89.40 91.52 90.04 91.35 91.63 91.80 92.59 92.44 92.98 93.20 94.81 93.79 95.61 94.15 96.00 95.99 96.03 95.89 95.76 95.63 95.37 95.54 95.55 95.80 95.64 95.34 95.45 95.46 95.43 95.42 95.58 95.25 95.27 95.25 95.43 94.89 94.88 94.79 94.43 94.07 94.17 93.88 93.14 93.02 93.38 93.13 92.68 92.88 92.83 92.37 92.06 92.47 93.79 94.21 92.19 92.57 92.34 92.45 92.40 92.25 92.28 92.39 92.69 92.76 92.76 92.53 92.77 92.55 92.51 92.64 92.96 93.36 93.42 93.41 93.00 92.54 91.58 92.48 92.49 91.85 92.80 93.09 92.42 92.93 93.31 93.35 93.51 93.27 93.27 93.02 92.92 93.39 93.26 92.79 91.95 92.19 91.69 92.51 92.99 92.79 93.04 93.52 93.03 93.29 93.83 94.95 95.28 94.73 94.67 95.28 95.25 95.10 95.31 95.36 95.47 95.57 95.65 95.78 95.75 95.74 95.15 93.25 95.42 95.31
7°S ||     95.37 95.33 95.22 95.22 95.78 95.69 95.47 95.49 95.70 95.59 95.51 95.31 95.16 95.11 95.11 95.18 95.09 94.65 94.30 93.91 93.49 93.02 92.60 91.98 91.39 90.85 90.18 89.60 86.54 83.82 84.45 85.75 87.10 87.35 87.52 87.73 87.30 87.31 87.72 87.29 90.63 90.94 88.26 92.33 91.54 91.78 92.03 94.69 93.73 93.27 91.65 90.00 93.05 96.01 95.06 95.16 95.38 92.24 91.16 91.84 91.99 92.02 92.37 92.57 94.02 95.29 95.22 95.19 93.29 93.51 95.27 96.00 95.98 95.90 95.95 95.89 95.75 95.45 95.42 95.54 95.59 95.52 95.56 95.40 95.46 95.37 95.27 95.16 95.09 95.21 95.14 95.24 94.87 94.78 94.75 94.82 94.83 94.14 93.50 93.70 92.68 92.62 92.80 92.88 92.10 92.63 92.81 92.47 92.45 92.51 92.75 92.73 92.90 92.12 92.22 92.24 92.24 92.83 92.89 92.68 92.26 92.06 92.18 91.92 92.39 92.97 92.70 92.88 93.38 93.38 93.24 93.09 91.96 91.86 92.33 92.60 92.64 92.76 92.60 93.03 93.36 93.28 93.63 93.57 93.51 93.57 93.70 93.71 93.67 93.99 91.72 91.55 91.74 92.51 92.01 93.43 94.95 94.20 94.32 94.26 94.97 95.24 95.18 95.04 95.48 95.63 95.52 95.62 95.64 95.62 95.63 95.63 95.70 95.77 95.81 95.82 95.69 95.53 95.52 95.38
5°S ||     95.43 95.51 95.58 95.56 95.40 95.80 95.78 95.77 95.81 95.63 95.50 95.12 95.25 95.40 95.54 95.61 95.60 95.36 94.47 94.45 93.90 93.45 92.96 92.33 91.81 91.24 90.68 89.81 88.66 87.13 85.95 86.16 87.10 87.24 87.60 87.85 87.82 88.80 88.08 87.47 87.80 88.09 88.52 93.07 91.11 93.56 91.18 92.16 91.07 90.27 89.82 93.15 94.39 94.94 94.25 90.36 90.74 91.97 95.04 94.39 92.26 92.43 92.57 92.63 93.46 93.00 93.90 93.31 93.41 93.76 94.49 95.14 95.74 95.03 94.99 95.80 95.90 95.85 95.23 95.38 95.75 95.67 95.64 95.56 95.50 95.38 95.22 95.24 95.35 95.27 95.17 95.09 95.18 94.70 94.76 94.91 94.83 94.78 94.36 94.49 93.50 92.40 92.62 92.83 93.21 92.87 92.74 92.67 92.81 92.62 93.29 93.38 93.20 92.35 92.16 92.23 91.97 92.21 91.94 92.56 92.22 92.59 92.29 92.31 92.59 92.36 93.05 92.59 93.21 93.29 93.10 92.48 92.62 92.03 92.56 92.74 93.14 93.02 93.14 93.30 93.17 93.46 94.06 94.13 93.89 93.83 94.67 94.32 93.74 93.46 92.78 92.28 93.20 93.07 92.95 93.59 95.50 95.00 95.90 95.46 95.32 95.15 95.08 95.52 95.53 95.72 95.72 95.69 95.69 95.73 95.74 95.73 95.80 95.79 95.79 95.81 95.82 95.76 95.66 95.55
3°S ||     95.56 95.53 95.66 95.67 95.60 95.86 95.87 95.84 95.72 95.76 95.34 94.74 95.41 95.80 95.77 95.82 95.27 94.51 95.36 94.97 94.59 93.86 93.68 93.00 92.29 91.69 91.16 90.25 89.57 88.32 87.39 87.22 86.95 86.93 87.69 88.11 88.42 88.58 88.61 88.19 88.00 88.55 88.92 89.79 90.09 90.14 90.78 90.82 90.64 90.33 90.07 89.85 90.35 92.82 92.20 90.90 91.54 92.09 92.46 95.70 92.24 93.04 93.00 93.28 93.42 93.56 94.78 93.96 94.15 94.58 94.85 95.06 95.98 95.42 95.34 95.75 95.62 95.71 95.50 95.54 95.64 95.64 95.77 95.66 95.54 95.45 95.52 95.39 95.38 95.33 95.28 95.16 95.06 95.01 94.86 94.81 94.25 94.80 94.79 94.85 93.79 93.10 92.85 93.05 93.38 92.84 92.99 93.22 93.14 93.16 93.45 93.45 93.11 92.76 92.56 92.06 91.75 93.12 92.87 92.61 92.51 92.64 92.43 92.87 92.24 92.62 92.35 93.11 93.18 93.44 92.93 93.09 92.97 92.82 93.28 94.14 92.88 93.66 93.49 93.17 93.47 93.56 94.47 94.47 93.97 94.85 94.63 94.06 93.67 93.32 92.68 92.91 92.78 93.00 93.27 94.32 95.38 95.54 95.53 95.30 95.59 95.54 95.52 95.48 95.59 95.73 95.67 95.54 95.79 95.80 95.79 95.82 95.83 95.84 95.84 95.84 95.83 95.80 95.71 95.68
1°S ||     95.72 95.69 95.71 95.77 95.80 95.87 95.87 95.82 95.79 95.57 95.21 94.56 95.59 95.78 95.86 95.67 95.35 95.57 95.51 95.02 94.84 94.51 94.14 93.56 92.90 92.05 91.39 90.67 89.99 89.27 88.27 87.72 86.45 85.11 87.89 88.30 88.56 88.81 88.97 88.99 89.03 89.87 90.22 90.53 90.80 91.38 91.71 91.94 92.22 92.45 91.83 93.29 95.69 90.91 91.05 91.35 92.24 92.61 92.72 94.14 93.09 93.40 93.43 93.40 93.69 93.82 93.79 94.68 94.91 94.94 95.47 95.13 95.92 95.92 95.61 95.62 95.53 95.56 95.59 95.68 95.81 95.79 95.74 95.58 95.61 95.59 95.51 95.39 95.31 95.28 95.32 95.40 95.19 95.13 94.92 94.82 94.12 94.77 94.76 94.82 93.84 93.59 93.37 93.13 93.40 93.31 93.25 93.47 93.53 93.62 93.79 93.76 92.96 92.69 92.66 92.30 91.97 93.16 92.91 92.86 92.89 92.43 92.51 92.28 92.68 92.75 92.96 93.12 93.81 93.62 93.21 92.64 93.18 93.32 94.08 94.05 93.76 94.76 93.56 93.36 93.61 93.81 94.57 94.64 94.71 94.92 94.78 93.59 93.93 93.35 93.19 93.30 94.12 94.20 94.64 95.52 95.69 95.75 95.65 95.64 95.78 95.72 95.61 95.60 95.74 95.69 95.52 95.69 95.78 95.81 95.82 95.83 95.83 95.84 95.85 95.84 95.81 95.82 95.78 95.74
1°N ||     95.75 95.69 95.77 95.84 95.82 95.84 95.87 95.90 95.80 95.65 95.30 95.31 95.72 95.86 95.86 95.79 95.73 95.66 94.95 95.39 95.06 95.06 94.20 93.29 92.68 92.50 91.80 90.87 90.07 89.79 89.37 88.84 86.81 84.48 85.30 88.56 88.71 88.84 89.15 89.47 89.88 90.20 90.44 90.77 91.19 91.72 92.08 92.48 93.10 93.56 91.94 90.85 90.65 91.06 91.38 92.03 92.53 93.03 93.11 93.64 93.33 93.60 94.41 93.59 93.75 93.92 93.74 95.16 94.46 94.84 95.23 95.83 96.05 96.04 95.40 95.53 95.55 95.60 95.39 95.85 95.44 95.84 95.68 95.55 95.64 95.65 95.52 95.38 95.43 95.31 95.29 95.37 95.23 95.22 95.16 94.89 94.79 94.35 94.39 94.15 94.10 94.18 93.88 94.11 93.48 93.22 93.29 93.94 93.75 93.71 93.70 93.21 93.39 93.21 92.74 92.53 92.91 92.89 92.56 93.04 92.81 92.63 92.72 92.75 92.73 92.85 93.06 93.36 93.42 93.67 94.23 93.98 94.58 94.54 94.62 94.58 94.20 94.15 94.41 94.04 94.59 94.69 95.03 95.01 95.09 94.71 93.98 93.90 93.98 93.59 93.90 94.41 95.21 95.44 95.47 95.54 95.70 95.76 95.73 95.77 95.73 95.73 95.69 95.76 95.75 95.70 95.62 95.76 95.79 95.81 95.82 95.83 95.83 95.84 95.84 95.84 95.85 95.83 95.82 95.79
3°N ||     95.85 95.83 95.84 95.86 95.88 95.89 95.89 95.87 95.85 95.66 95.58 95.62 95.87 95.89 95.88 95.85 95.82 95.41 95.22 95.57 95.43 94.69 93.91 93.06 92.32 93.17 92.34 90.28 90.09 90.20 90.06 90.20 89.70 86.55 87.90 88.83 88.61 88.73 89.21 89.66 90.08 90.31 90.51 90.49 91.61 92.09 92.64 93.02 93.42 94.26 94.33 92.58 91.91 92.16 92.59 92.98 93.25 93.39 93.48 93.86 93.77 93.61 93.28 94.49 94.64 94.13 94.32 94.88 94.96 95.21 95.34 95.48 95.95 95.97 95.88 95.79 95.86 95.82 95.75 95.77 95.54 95.51 95.69 95.61 95.55 95.65 95.49 95.32 95.39 95.39 95.44 95.38 95.32 95.23 95.14 94.93 94.89 94.59 94.76 94.53 94.51 94.53 94.51 94.21 94.20 93.47 93.82 94.33 94.80 93.66 93.84 93.51 93.05 93.01 92.85 93.34 93.10 93.10 92.74 93.08 92.88 92.71 92.67 92.81 92.83 92.91 93.19 93.37 93.68 93.84 94.89 95.29 95.46 95.52 95.74 95.54 94.81 94.66 94.45 94.80 94.85 95.06 95.20 95.07 95.00 94.43 94.36 94.15 93.97 93.58 94.68 95.53 95.47 95.36 95.42 95.68 95.73 95.76 95.77 95.79 95.72 95.79 95.77 95.78 95.77 95.72 95.75 95.79 95.80 95.81 95.81 95.83 95.83 95.84 95.84 95.84 95.85 95.85 95.85 95.86
5°N ||     95.85 95.87 95.91 95.87 95.90 95.90 95.89 95.89 95.87 95.80 95.75 95.72 95.89 95.91 95.91 95.89 95.72 95.26 95.70 95.64 95.28 94.14 93.37 92.88 93.22 93.37 93.09 91.71 90.20 90.10 90.32 90.76 91.02 90.68 89.77 89.16 88.43 88.26 89.34 89.93 90.33 90.56 90.67 90.42 91.83 92.70 93.14 93.47 93.95 94.70 95.00 93.12 93.08 93.44 93.68 93.91 93.85 93.91 93.97 94.19 94.56 94.00 93.51 93.72 94.07 94.65 94.91 95.04 95.10 95.39 95.63 95.89 95.65 95.79 95.96 95.90 95.80 95.62 95.56 95.56 95.48 95.63 95.54 95.60 95.68 95.59 95.56 95.37 95.42 95.38 95.34 95.36 95.14 95.09 95.05 95.03 94.98 95.00 94.84 94.57 94.55 94.53 94.42 94.51 94.39 94.35 94.43 94.30 94.42 93.46 93.67 92.77 93.00 92.88 93.12 92.93 92.97 93.14 93.05 93.04 92.88 92.74 92.61 92.67 93.31 93.00 93.17 93.51 93.91 94.50 95.24 95.94 95.96 95.96 95.95 95.93 95.83 95.43 95.24 95.15 95.13 95.35 95.25 95.00 95.04 94.57 94.34 94.37 93.74 93.85 95.52 95.46 95.56 95.58 95.63 95.66 95.74 95.77 95.79 95.79 95.78 95.77 95.79 95.79 95.79 95.79 95.79 95.78 95.80 95.80 95.80 95.82 95.82 95.83 95.83 95.84 95.85 95.85 95.86 95.86
7°N ||     95.86 95.87 95.88 95.88 95.90 95.90 95.90 95.90 95.89 95.85 95.79 95.86 95.91 95.92 95.93 95.89 95.67 95.80 95.78 95.65 95.00 94.29 94.42 94.09 93.88 93.81 93.40 92.48 89.80 89.96 90.32 91.16 91.45 91.17 90.50 89.59 87.54 87.51 89.80 90.28 90.57 90.76 90.88 91.16 92.42 92.87 93.25 93.69 94.14 94.62 95.04 95.10 93.86 93.82 93.81 93.85 94.04 94.23 94.41 94.55 94.63 94.35 93.75 94.32 94.82 94.92 95.19 95.28 95.33 95.50 95.69 95.89 95.98 95.90 95.96 95.68 95.64 95.59 95.79 95.80 95.76 95.60 95.63 95.64 95.59 95.47 95.47 95.36 95.44 95.30 95.37 95.32 95.29 95.34 95.04 94.95 94.84 95.00 94.73 94.40 94.40 94.47 94.59 94.41 94.35 94.61 94.04 94.81 94.43 94.51 93.93 93.42 93.29 92.72 92.85 92.98 92.86 93.05 93.05 93.09 92.84 92.90 92.64 93.25 93.72 92.89 93.19 93.62 94.49 95.45 95.93 95.97 95.97 95.97 95.97 95.95 95.95 95.89 95.48 95.45 95.51 95.40 95.14 95.20 94.57 94.17 94.32 94.74 94.41 94.37 95.44 95.62 95.65 95.69 95.70 95.70 95.78 95.79 95.78 95.80 95.80 95.78 95.79 95.78 95.79 95.79 95.79 95.79 95.78 95.79 95.79 95.77 95.81 95.82 95.82 95.84 95.85 95.86 95.86 95.86
9°N ||     95.87 95.88 95.86 95.87 95.90 95.90 95.90 95.90 95.91 95.87 95.82 95.90 95.93 95.93 95.93 95.86 95.81 95.86 95.77 95.44 95.33 95.09 94.97 94.77 94.49 94.10 93.70 92.62 90.36 90.26 90.86 91.75 91.73 91.94 91.44 90.04 86.96 85.35 89.09 90.57 90.74 90.98 91.22 91.63 92.32 92.88 93.33 93.81 94.17 94.67 95.04 95.12 94.90 94.13 94.04 94.05 94.21 94.40 94.56 94.75 94.93 94.80 94.56 94.63 94.86 95.23 95.51 95.54 95.57 95.71 95.89 95.91 95.90 95.97 95.77 95.76 95.78 95.74 95.80 95.65 95.65 95.62 95.58 95.63 95.65 95.57 95.53 95.61 95.53 95.53 95.40 95.35 95.23 95.29 95.16 95.34 94.99 94.85 94.78 94.80 94.73 94.25 93.97 93.87 94.50 94.70 94.77 94.22 94.13 93.94 93.86 93.87 93.65 93.86 93.47 93.14 92.97 93.02 93.02 92.70 92.93 92.84 92.50 94.04 93.03 92.89 93.35 93.94 94.88 95.77 95.95 95.98 95.98 95.98 95.97 95.96 95.96 95.93 95.86 95.74 95.63 95.57 95.13 94.86 94.83 94.73 95.13 95.32 95.18 95.19 95.56 95.70 95.73 95.69 95.77 95.80 95.78 95.78 95.76 95.76 95.82 95.74 95.73 95.75 95.78 95.79 95.76 95.77 95.75 95.75 95.75 95.80 95.81 95.82 95.81 95.84 95.85 95.86 95.86 95.86
11°N ||     95.88 95.88 95.87 95.88 95.91 95.91 95.92 95.91 95.93 95.92 95.90 95.94 95.94 95.94 95.93 95.93 95.87 95.87 95.77 95.57 95.45 95.35 95.10 94.80 94.45 94.15 93.58 92.59 91.75 92.08 92.01 91.99 92.01 92.02 92.13 91.99 87.58 82.66 83.99 90.55 90.91 91.16 91.46 91.86 92.32 92.94 93.51 93.91 94.35 94.66 94.98 95.15 95.11 94.39 94.24 94.22 94.37 94.57 94.67 94.83 94.98 94.69 94.57 94.98 95.27 95.45 95.67 95.74 95.79 95.76 95.96 95.94 95.76 95.97 95.88 95.74 95.92 95.69 95.64 95.70 95.63 95.59 95.52 95.49 95.58 95.61 95.64 95.61 95.56 95.48 95.41 95.37 95.38 95.38 95.42 95.15 95.26 94.85 94.93 95.00 94.86 94.80 94.41 93.92 94.67 94.57 95.36 94.52 94.99 93.84 94.13 94.07 94.00 94.23 93.84 93.25 92.96 93.25 93.50 92.88 93.09 92.97 92.72 92.58 92.77 93.26 93.71 94.33 95.31 95.84 95.98 95.99 95.99 95.98 95.97 95.97 95.95 95.94 95.89 95.79 95.72 95.19 95.37 95.22 95.01 95.38 95.58 95.65 95.64 95.67 95.73 95.78 95.82 95.83 95.80 95.82 95.80 95.80 95.74 95.71 95.66 95.59 95.62 95.64 95.68 95.70 95.71 95.71 95.72 95.78 95.54 95.76 95.80 95.80 95.80 95.85 95.85 95.85 95.76 95.86
13°N ||     95.86 95.89 95.82 95.81 95.90 95.90 95.92 95.93 95.93 95.94 95.95 95.96 95.96 95.95 95.95 95.93 95.91 95.86 95.54 95.58 95.50 95.24 95.03 94.85 94.41 94.01 93.62 93.17 92.32 92.32 92.18 92.16 92.16 92.26 92.46 92.63 91.82 84.33 85.40 89.67 90.70 91.40 91.79 92.08 89.11 93.24 93.71 94.07 94.44 94.66 95.03 95.13 95.15 94.49 94.39 94.46 94.60 94.72 94.81 94.91 94.95 95.02 95.14 95.04 95.42 95.70 95.78 95.83 95.85 95.94 95.96 95.94 95.84 95.82 95.79 95.91 95.81 95.78 95.63 95.49 95.49 95.58 95.53 95.58 95.57 95.57 95.95 95.58 95.80 95.51 95.37 95.41 95.42 95.51 95.44 95.11 95.13 95.19 95.27 95.29 95.23 94.72 94.55 94.64 94.77 94.92 94.76 95.02 95.39 94.44 94.42 94.76 94.27 94.17 93.99 93.75 93.46 93.61 93.77 93.69 93.52 93.11 93.00 93.03 93.13 93.39 93.93 94.72 95.52 95.85 95.98 95.98 95.98 95.98 95.97 95.96 95.96 95.95 95.91 95.83 95.78 95.53 95.60 95.64 95.63 95.66 95.66 95.78 95.74 95.80 95.82 95.84 95.86 95.88 95.88 95.85 95.84 95.79 95.69 95.52 95.28 95.12 95.33 95.35 95.49 95.57 95.60 95.67 95.66 95.68 95.69 95.62 95.79 95.79 95.81 95.82 95.85 95.83 95.57 95.74
15°N ||     95.86 95.89 95.89 95.92 95.91 95.90 95.93 95.94 95.95 95.95 95.96 95.98 95.97 95.97 95.97 95.94 95.87 95.78 95.59 95.60 95.07 91.59 87.13 86.58 88.86 93.85 93.48 93.35 93.05 92.51 92.41 92.28 92.30 92.38 92.48 92.59 92.61 91.26 89.24 89.61 90.92 91.61 92.06 92.35 92.86 93.59 93.88 94.21 94.46 94.65 94.96 95.13 95.20 94.58 94.58 94.57 94.68 94.83 94.92 94.94 95.01 95.01 94.95 95.27 95.72 95.81 95.84 95.87 95.87 95.93 95.97 95.95 95.90 95.86 95.91 95.85 95.79 95.78 95.73 95.70 95.69 95.61 95.27 95.87 95.62 95.58 95.61 95.57 95.58 95.57 95.76 95.60 95.45 95.41 95.32 95.28 95.32 95.36 95.41 95.48 95.34 95.34 94.91 94.83 94.93 94.96 94.77 95.41 95.19 94.18 94.50 94.56 94.63 94.68 94.11 94.02 93.76 93.57 93.67 93.68 93.45 93.57 93.35 93.42 93.58 93.76 94.20 95.09 95.70 95.97 95.98 95.97 95.98 95.97 95.96 95.96 95.95 95.94 95.92 95.86 95.81 95.78 95.74 95.73 95.71 95.73 95.75 95.79 95.84 95.85 95.87 95.88 95.88 95.89 95.90 95.89 95.85 95.77 95.59 95.30 94.99 94.77 94.51 94.76 94.98 95.38 95.51 95.58 95.59 95.63 95.66 95.67 95.73 95.78 95.79 95.80 95.82 95.86 95.74 95.95
17°N ||     95.88 95.90 95.91 95.92 95.86 95.92 95.93 95.94 95.96 95.96 95.97 95.98 95.99 95.99 95.99 95.90 95.83 95.80 95.70 95.70 94.38 86.27 82.96 82.02 84.43 91.23 93.42 93.37 93.65 93.07 92.73 92.43 92.35 92.42 92.50 92.62 92.63 92.39 91.21 91.08 91.59 91.84 92.15 92.45 92.95 93.63 94.03 94.34 94.56 94.74 94.88 95.20 95.14 94.38 94.43 94.72 94.78 94.88 94.93 94.98 95.05 95.16 95.33 95.65 95.76 95.85 95.88 95.91 95.94 95.95 95.93 95.95 95.94 95.91 95.92 95.87 95.81 95.82 95.80 95.70 95.64 95.47 95.61 95.72 95.56 95.60 95.61 95.92 95.57 95.66 95.61 95.57 95.38 95.39 95.47 95.53 95.47 95.49 95.48 95.57 95.55 95.46 95.19 95.09 95.32 95.30 95.30 95.26 94.69 94.42 94.63 94.67 94.49 94.31 94.23 94.12 93.84 93.13 93.54 93.68 93.73 93.71 93.64 93.72 93.81 94.01 94.86 95.22 95.74 95.95 95.97 95.97 95.97 95.96 95.96 95.96 95.95 95.93 95.92 95.89 95.85 95.86 95.84 95.83 95.83 95.85 95.86 95.87 95.89 95.90 95.90 95.90 95.91 95.92 95.91 95.91 95.88 95.77 95.59 95.08 94.64 94.17 93.84 93.86 94.31 95.17 95.42 95.47 95.47 95.54 95.62 95.69 95.74 95.78 95.77 95.81 95.87 95.86 95.85 95.88
19°N ||     95.88 95.91 95.92 95.93 95.94 95.92 95.93 95.95 95.96 95.97 95.98 96.00 96.00 96.00 96.01 95.91 95.84 95.75 95.44 95.61 94.90 86.39 83.04 82.33 84.07 91.26 93.74 93.91 93.96 93.79 93.12 92.58 92.28 92.20 92.22 92.52 92.68 92.65 92.13 91.95 92.04 92.12 92.22 92.44 92.80 93.42 94.13 94.42 94.67 94.76 94.89 95.24 94.99 95.06 94.37 94.60 94.79 94.86 94.97 94.99 95.12 95.17 95.49 95.75 95.84 95.88 95.93 95.94 95.96 95.97 95.98 95.97 95.96 95.95 95.94 95.87 95.85 95.86 95.91 95.74 95.66 95.60 95.60 95.67 95.90 95.52 95.58 95.47 95.57 95.61 95.63 95.63 95.73 95.54 95.52 95.58 95.54 95.54 95.52 95.56 95.57 95.35 95.79 95.36 95.48 95.11 94.92 95.24 94.91 94.82 94.66 94.52 94.26 94.20 94.23 94.52 93.66 93.90 93.62 94.01 94.21 94.44 93.75 93.81 93.91 94.15 94.75 94.57 95.55 95.83 95.92 95.96 95.96 95.95 95.95 95.94 95.94 95.94 95.93 95.91 95.91 95.91 95.92 95.91 95.91 95.90 95.92 95.92 95.92 95.93 95.94 95.93 95.95 95.94 95.94 95.92 95.89 95.76 95.43 94.82 93.98 93.47 93.33 93.65 93.72 92.74 95.17 95.32 95.40 95.49 95.59 95.68 95.74 95.78 95.79 95.84 95.76 95.88 95.87 95.89
21°N ||     95.93 95.92 95.92 95.94 95.96 95.96 95.95 95.97 95.98 95.99 96.00 96.01 96.01 96.01 96.02 95.91 95.83 95.59 95.47 95.66 95.49 88.28 86.08 85.26 86.98 93.18 94.29 94.30 94.19 93.88 93.40 92.81 92.27 91.99 91.79 91.68 92.62 92.64 92.45 92.29 92.25 92.27 92.33 92.49 92.79 93.39 94.25 94.40 94.57 94.74 94.74 95.06 95.26 95.34 94.50 94.60 94.65 94.81 94.86 95.03 95.15 95.19 95.63 95.77 95.85 95.94 95.95 95.96 95.98 95.98 95.98 95.98 95.96 95.96 95.94 95.90 95.89 95.89 95.83 95.74 95.69 95.74 95.71 95.66 95.52 95.58 95.68 95.59 95.62 95.65 95.61 95.61 95.56 95.54 95.63 95.59 95.54 95.57 95.55 95.56 95.58 95.41 95.25 95.50 95.14 95.28 95.41 94.50 94.93 95.26 94.46 94.23 94.20 94.30 94.32 94.53 94.00 94.01 92.94 94.32 94.39 94.33 93.51 93.73 94.08 94.15 94.68 94.49 95.01 95.47 95.81 95.84 95.91 95.92 95.92 95.94 95.94 95.94 95.94 95.93 95.93 95.94 95.94 95.94 95.95 95.94 95.95 95.95 95.95 95.95 95.96 95.95 95.96 95.95 95.95 95.95 95.92 95.79 95.35 94.38 93.32 93.08 92.98 92.95 93.52 94.27 94.89 95.13 95.29 95.46 95.60 95.68 95.73 95.77 95.82 95.83 95.74 95.89 95.89 95.90
23°N ||     95.93 95.94 95.94 95.95 95.96 95.97 95.98 95.99 96.00 96.00 96.01 96.01 96.02 96.02 96.02 95.92 95.80 95.53 95.66 95.75 95.76 93.83 91.64 90.68 93.76 95.04 94.64 94.53 94.33 93.78 93.29 92.82 92.37 91.87 91.59 91.49 92.32 92.65 92.56 92.29 92.28 92.05 92.35 92.55 92.60 93.62 93.92 94.24 94.38 94.57 94.69 94.83 95.05 95.30 95.07 94.75 95.42 95.80 95.71 95.31 95.20 95.04 95.66 95.78 95.86 95.94 95.97 95.97 95.99 95.99 95.98 95.99 95.95 96.00 95.97 95.94 95.93 95.93 95.92 95.83 95.74 95.62 95.50 95.63 95.56 95.57 95.61 95.64 95.63 95.55 95.66 95.67 95.65 95.60 95.68 95.70 95.75 95.46 95.65 95.64 95.56 95.44 95.29 95.44 95.45 95.40 95.40 95.18 94.89 95.08 94.76 94.43 94.43 94.22 94.19 94.25 94.40 93.98 93.16 94.22 94.36 94.11 95.14 94.76 94.04 93.99 94.34 94.61 94.74 95.21 95.50 95.67 95.78 95.84 95.89 95.92 95.94 95.94 95.95 95.95 95.95 95.97 95.96 95.97 95.98 95.99 95.99 95.98 96.00 95.99 95.99 95.99 95.98 95.98 95.99 95.97 95.96 95.82 95.30 94.24 93.47 92.98 92.78 91.04 91.94 93.57 94.56 95.02 95.32 95.46 95.60 95.69 95.76 95.80 95.85 95.81 95.87 95.89 95.84 95.92
25°N ||     95.94 95.94 95.94 95.97 95.98 95.98 95.99 96.00 96.00 96.01 96.02 96.02 96.02 96.02 96.02 95.93 95.75 95.63 95.66 95.58 95.76 95.71 95.71 95.70 95.50 95.18 94.43 94.66 94.14 93.58 93.03 92.69 92.19 91.77 91.51 91.00 91.05 92.54 92.63 92.27 92.38 92.29 92.41 91.60 92.93 93.66 94.06 94.21 94.31 94.41 94.24 94.63 94.66 95.39 94.64 94.70 94.79 94.72 95.48 95.83 95.84 95.42 95.71 95.89 95.94 95.97 95.98 95.98 95.99 96.00 96.00 95.99 95.98 95.97 95.94 95.95 95.95 95.96 95.98 95.89 95.84 95.70 95.65 95.72 95.69 95.66 95.69 95.67 95.68 95.59 95.65 95.74 95.67 95.68 95.68 95.73 95.72 95.66 95.61 95.65 95.41 95.44 95.53 95.45 95.32 95.60 95.53 95.12 95.35 95.25 94.82 95.05 94.96 94.89 95.25 94.33 94.57 93.64 93.94 93.32 93.77 93.67 93.72 94.02 94.07 94.21 94.13 94.08 94.82 94.58 95.41 95.66 95.66 95.79 95.89 95.93 95.94 95.96 95.97 95.98 95.99 95.99 96.00 96.01 96.03 96.04 96.05 96.05 96.05 96.04 96.03 96.03 96.03 96.02 96.01 96.00 95.97 95.95 95.60 94.71 93.39 92.93 91.08 85.24 90.81 93.41 94.59 95.09 95.30 95.49 95.66 95.67 95.77 95.82 95.87 95.87 95.89 95.89 95.92 95.93
27°N ||     95.96 95.97 95.97 95.97 95.99 95.98 96.01 96.01 96.01 96.01 96.02 96.02 96.02 96.02 96.02 95.95 95.78 95.63 95.66 95.64 95.61 95.66 95.29 95.43 95.45 95.29 95.05 94.31 93.84 93.42 92.88 92.49 92.11 91.69 91.02 90.93 91.25 92.73 92.94 92.49 92.66 92.64 92.69 91.60 92.55 93.63 93.97 94.12 94.22 94.05 93.81 93.95 94.73 95.07 95.37 95.52 95.43 95.64 95.70 95.86 95.69 95.28 95.93 95.95 95.97 95.97 95.97 95.98 96.00 96.00 95.98 95.99 95.99 95.98 95.95 95.99 95.96 95.97 95.98 95.98 95.88 95.84 95.80 95.78 95.79 95.73 95.67 95.64 95.68 95.68 95.70 95.72 95.69 95.67 95.70 95.64 95.72 95.69 95.55 95.42 95.70 95.36 95.52 95.53 95.09 95.68 94.74 95.22 95.36 95.14 95.11 95.19 95.14 95.03 94.94 95.07 94.90 95.42 94.51 94.12 94.42 95.10 94.00 94.33 94.44 93.77 93.49 94.41 95.03 94.68 95.46 95.61 95.76 95.87 95.93 95.95 95.98 95.98 95.99 96.00 96.01 96.03 96.04 96.07 96.10 96.10 96.11 96.10 96.10 96.08 96.07 96.07 96.05 96.04 96.02 96.00 95.98 95.96 95.86 94.94 93.85 93.13 92.22 91.50 92.29 94.20 94.96 95.24 95.38 95.54 95.57 95.76 95.81 95.84 95.88 95.90 95.90 95.91 95.93 95.95
29°N ||     95.98 95.98 95.99 96.00 96.01 96.01 96.01 96.02 96.02 96.02 96.02 96.02 96.02 96.00 96.02 96.02 95.92 95.73 95.58 95.59 95.60 95.60 95.26 95.18 95.56 95.37 94.66 94.18 93.72 93.22 92.78 92.37 92.09 91.65 90.46 90.82 91.82 92.75 92.89 92.67 92.99 93.05 93.01 93.14 93.39 93.66 94.01 94.18 94.18 93.71 93.82 94.13 94.17 95.10 95.19 95.29 95.30 95.61 95.67 95.77 95.75 95.84 95.91 95.88 95.84 95.95 95.96 95.98 95.99 96.00 95.99 96.01 96.00 96.01 96.00 95.99 95.98 95.99 96.00 96.00 96.00 95.90 95.87 95.83 95.84 95.75 95.70 96.07 95.72 95.68 95.73 95.79 95.72 95.71 95.62 95.67 95.72 95.71 95.58 95.57 95.48 95.52 95.51 95.55 95.35 95.21 94.93 95.12 95.17 94.91 95.16 95.11 95.33 95.56 95.51 95.49 95.14 94.57 94.46 94.38 94.65 94.32 94.14 94.31 94.00 94.56 95.32 95.58 95.56 95.65 95.72 95.78 95.89 95.92 95.95 95.98 95.99 96.00 96.02 96.04 96.07 96.09 96.12 96.14 96.16 96.18 96.17 96.13 96.15 96.12 96.11 96.09 96.07 96.04 96.03 96.02 96.00 95.98 95.92 95.60 94.91 94.18 93.48 93.44 94.06 95.02 95.27 95.38 95.47 95.57 95.72 95.79 95.84 95.88 95.91 95.93 95.93 95.94 95.96 95.97
31°N ||     96.01 96.00 96.01 96.01 96.02 96.02 96.02 96.03 96.03 96.03 96.03 96.03 96.03 96.03 96.03 96.02 95.97 95.89 95.84 95.82 95.76 95.72 95.55 95.55 95.66 94.83 94.47 94.08 93.51 93.13 92.70 92.57 92.00 91.70 91.19 91.25 91.86 92.82 92.87 92.86 93.10 93.24 93.41 93.42 93.59 93.78 93.99 94.22 94.11 93.46 94.12 94.27 94.34 94.63 94.77 94.94 95.18 95.24 95.38 95.74 95.57 95.82 95.86 95.89 95.93 95.93 95.96 95.97 95.97 96.00 96.01 96.00 96.01 96.02 96.02 96.03 96.00 96.00 96.01 96.00 96.00 95.99 95.93 95.97 95.90 95.84 95.77 95.69 95.74 95.78 95.79 95.76 95.72 95.68 95.82 95.75 95.68 95.59 95.55 95.67 95.47 95.50 95.59 95.58 95.40 95.38 95.05 95.06 95.21 95.05 94.99 94.95 95.34 95.48 95.43 95.42 95.02 94.62 94.83 94.85 94.78 95.30 94.43 94.28 94.79 94.60 95.04 95.66 95.61 95.71 95.80 95.89 95.91 95.94 95.97 95.99 96.01 96.03 96.07 96.10 96.12 96.15 96.28 96.19 96.22 96.25 96.23 96.20 96.19 96.16 96.12 96.11 96.14 96.06 96.06 96.04 96.02 96.00 95.96 95.89 95.64 95.39 95.20 95.16 94.90 94.49 95.49 95.50 95.56 95.64 95.45 95.96 95.89 95.74 95.94 95.89 95.96 95.97 95.97 96.00
33°N ||     96.03 95.96 96.01 96.02 96.03 96.02 96.03 96.03 96.03 96.03 96.03 96.04 96.04 96.04 96.04 96.04 96.03 95.98 95.88 95.70 95.76 95.75 95.77 95.73 95.19 94.63 94.33 93.92 93.63 92.91 92.53 92.21 91.77 91.37 91.06 91.16 91.77 92.69 93.04 93.14 93.32 93.49 93.56 93.65 93.53 93.76 93.76 93.61 93.58 93.75 94.12 94.41 94.46 94.38 94.70 95.07 95.22 95.29 95.26 95.32 95.29 95.32 95.63 95.88 95.88 95.95 95.97 95.97 95.98 96.00 96.01 96.04 96.04 96.04 96.03 96.05 96.04 96.04 96.04 96.01 96.03 96.03 96.00 95.95 95.92 95.87 95.81 95.76 95.82 95.77 95.76 95.65 95.75 95.74 95.74 95.68 95.70 95.58 95.67 95.68 95.41 95.37 95.51 95.29 95.69 95.16 95.21 94.99 95.20 94.74 94.52 94.77 95.19 95.32 95.22 94.96 94.94 95.08 94.87 95.33 95.23 95.31 95.26 94.76 95.05 95.44 95.50 95.69 95.77 95.85 95.88 95.92 95.94 95.96 95.98 96.01 96.04 96.09 96.12 96.14 96.18 96.20 96.24 96.28 96.35 96.27 96.24 96.22 96.20 96.14 96.15 96.14 96.11 96.08 96.05 96.07 96.06 96.04 96.02 95.99 95.96 95.92 95.89 95.83 95.62 95.27 95.75 95.67 95.64 95.72 95.75 95.88 95.93 95.94 95.96 95.97 95.98 96.00 96.01 96.02
35°N ||     96.05 96.03 96.03 96.03 96.03 96.03 96.03 96.03 96.03 96.04 96.04 96.04 96.04 96.04 96.05 96.04 96.05 96.03 95.96 95.22 95.65 95.72 95.67 95.35 94.43 94.62 94.30 93.89 93.35 92.71 92.14 91.51 90.94 90.66 90.47 90.42 90.85 91.51 92.66 93.34 93.57 93.65 93.73 93.70 92.96 93.21 93.90 94.11 93.81 93.68 94.11 93.99 93.82 94.02 94.53 95.06 95.25 95.36 95.38 95.41 95.43 95.39 95.63 95.88 95.94 95.96 95.97 95.97 95.98 96.00 96.01 96.04 96.03 96.05 96.05 96.07 96.07 96.08 96.07 96.05 96.04 96.03 96.04 95.95 95.93 95.89 95.87 95.85 95.81 95.83 95.70 95.72 95.74 95.78 95.85 95.66 95.67 95.63 95.70 95.63 95.61 95.58 95.56 95.52 95.49 95.27 95.11 95.53 95.07 94.59 95.24 94.70 94.77 94.66 94.54 94.47 94.75 94.93 95.05 95.49 95.53 95.46 95.75 95.67 95.60 95.72 95.74 95.77 95.83 95.87 95.91 95.94 95.95 95.98 96.00 96.03 96.07 96.12 96.16 96.20 96.21 96.25 96.33 96.37 96.40 96.38 96.32 96.31 96.23 96.21 96.18 96.11 96.14 96.10 96.10 96.09 96.07 96.05 96.05 96.03 96.01 95.99 95.97 95.97 95.94 95.92 95.88 95.81 95.77 95.79 95.79 95.87 95.87 95.96 95.97 95.98 96.00 96.02 96.04 96.05
37°N ||     96.07 96.04 96.04 96.03 96.04 96.04 96.04 96.04 96.04 96.04 96.04 96.04 96.05 96.04 96.04 96.03 96.03 96.02 96.01 95.68 95.67 95.62 95.45 95.17 94.63 94.68 94.33 93.92 93.43 92.41 91.32 90.55 89.83 89.39 89.38 89.74 90.11 90.24 91.23 92.54 93.48 93.87 93.91 93.88 93.77 93.60 93.76 93.94 94.10 94.47 93.80 93.65 93.49 93.30 93.96 94.69 95.22 95.33 95.35 95.34 95.40 95.36 95.73 95.89 95.94 95.96 95.97 95.98 95.99 96.01 96.02 96.03 96.04 96.07 96.07 96.10 96.12 96.11 96.11 96.08 96.09 96.08 96.06 96.05 96.02 95.99 95.98 95.96 95.92 95.97 95.82 95.78 95.73 95.72 95.77 95.72 95.73 95.79 95.67 95.73 95.70 95.77 95.64 95.78 95.69 95.65 95.43 95.31 95.17 94.87 94.72 94.61 94.60 94.37 94.39 94.39 94.58 95.16 95.77 95.67 95.58 95.48 95.60 95.52 95.74 95.78 95.80 95.81 95.88 95.90 95.93 95.96 95.98 95.99 96.03 96.07 96.09 96.14 96.18 96.25 96.29 96.36 96.43 96.44 96.45 96.46 96.43 96.36 96.34 96.26 96.23 96.20 96.18 96.14 96.17 96.16 96.11 96.07 96.07 96.04 96.02 96.01 95.97 95.96 95.94 95.93 95.90 95.87 95.84 95.84 95.83 95.88 95.87 95.97 95.98 95.99 96.02 96.03 96.05 96.05
39°N ||     96.06 96.05 96.05 96.04 96.00 96.05 96.05 96.02 96.05 96.04 96.04 96.04 96.03 96.03 96.03 96.03 96.03 96.03 96.00 95.94 95.45 95.39 95.49 95.23 95.22 94.77 94.51 94.14 93.26 91.81 90.48 89.38 88.69 88.60 88.27 88.51 89.70 89.93 90.36 91.60 93.07 93.91 94.07 94.02 93.72 93.83 93.64 92.75 93.88 93.95 93.92 93.73 93.33 93.01 93.41 94.20 94.92 95.17 95.29 95.27 95.55 95.57 95.60 95.83 95.94 95.96 95.97 95.98 96.00 96.01 96.04 96.06 96.06 96.09 96.11 96.13 96.13 96.14 96.15 96.19 96.11 96.11 96.10 96.09 96.07 96.00 96.02 95.99 95.94 95.94 95.91 95.85 95.85 95.83 95.82 95.77 95.73 95.71 95.81 95.76 95.76 95.95 95.77 95.64 95.85 95.59 95.52 95.47 95.37 95.38 95.13 94.73 95.54 94.54 94.58 94.98 94.78 95.04 95.73 95.75 95.76 95.75 95.77 95.80 95.81 95.83 95.85 95.88 95.90 95.93 95.95 95.98 95.98 96.02 96.05 96.09 96.12 96.15 96.22 96.24 96.41 96.47 96.50 96.49 96.49 96.50 96.45 96.43 96.38 96.41 96.30 96.28 96.21 96.20 96.19 96.17 96.15 96.10 96.05 96.06 96.03 96.01 95.99 95.96 95.94 95.94 95.92 95.90 95.89 95.88 95.87 95.82 95.56 95.98 95.99 95.99 96.02 96.04 96.05 96.05
41°N ||     96.05 96.06 96.06 96.06 96.05 96.05 96.04 96.05 96.04 96.04 96.04 96.04 96.04 96.04 96.03 96.03 96.02 95.99 95.98 95.94 95.87 95.79 95.66 95.54 95.33 95.06 94.82 94.24 93.19 91.60 90.14 89.26 88.95 88.87 88.16 88.54 89.56 90.12 90.69 91.97 93.28 94.01 94.10 94.05 93.34 93.93 93.74 93.35 93.69 93.58 93.60 93.43 93.42 93.58 93.85 94.07 94.66 95.15 95.17 95.12 95.39 95.59 95.60 95.80 95.92 95.97 95.98 95.98 96.00 96.02 96.04 96.07 96.09 96.11 96.14 96.16 96.17 96.18 96.18 96.18 96.17 96.16 96.14 96.18 96.19 96.09 96.05 96.04 96.00 96.00 95.94 95.99 95.95 95.91 95.92 95.85 95.81 95.88 95.76 95.81 95.96 95.96 95.96 95.71 95.81 95.45 95.30 95.61 95.64 95.55 95.40 95.51 95.80 95.74 95.29 95.45 95.79 95.31 95.78 95.75 95.78 95.77 95.84 95.85 95.87 95.86 95.89 95.90 95.93 95.96 95.97 95.98 96.00 96.03 96.08 96.11 96.16 96.18 96.30 96.36 96.41 96.51 96.52 96.51 96.50 96.47 96.49 96.46 96.44 96.38 96.34 96.35 96.34 96.28 96.22 96.18 96.16 96.13 96.10 96.07 96.04 96.01 95.99 95.97 95.95 95.95 95.94 95.93 95.93 95.90 95.77 95.84 95.77 95.96 95.99 96.01 96.02 96.04 96.04 96.06
43°N ||     96.06 96.07 96.07 96.06 96.06 96.05 96.05 96.05 96.05 96.05 96.04 96.05 96.05 96.05 96.03 96.03 96.01 95.99 95.95 95.90 95.84 95.78 95.70 95.59 95.45 95.29 95.02 94.69 93.85 92.65 91.23 90.13 89.63 89.47 89.36 89.49 90.07 90.46 92.31 93.55 94.24 94.44 94.26 94.21 94.24 93.67 94.00 93.24 93.64 93.68 93.57 93.74 93.05 93.65 94.32 94.18 94.39 94.96 95.21 95.47 95.45 95.49 95.60 95.80 95.92 95.98 96.00 96.01 96.02 96.04 96.08 96.10 96.14 96.15 96.32 96.18 96.20 96.19 96.21 96.21 96.20 96.19 96.16 96.16 96.18 96.12 96.10 96.05 96.04 96.05 96.03 96.01 96.01 95.99 95.96 95.91 95.88 95.86 95.93 95.95 95.98 95.96 95.87 95.95 95.87 95.94 95.91 95.94 95.48 95.44 95.28 95.80 95.38 95.22 95.83 95.84 95.81 95.77 95.78 95.83 95.84 95.84 95.90 95.95 95.90 95.90 95.90 95.94 95.96 95.97 95.96 96.00 96.00 96.04 96.08 96.14 96.18 96.19 96.29 96.38 96.46 96.50 96.48 96.40 96.50 96.47 96.44 96.40 96.49 96.33 96.34 96.33 96.29 96.27 96.27 96.21 96.17 96.16 96.09 96.07 96.04 96.01 95.98 95.97 95.96 95.95 95.94 95.95 95.94 95.92 95.88 95.84 95.73 95.96 96.01 96.01 96.04 96.04 96.05 96.07
45°N ||     96.08 96.08 96.07 96.07 96.07 96.06 96.06 96.05 96.05 96.05 96.05 96.04 96.04 96.04 96.03 96.02 95.99 95.96 95.93 95.89 95.83 95.78 95.71 95.65 95.58 95.49 95.35 95.11 94.63 93.80 93.15 92.63 92.45 90.84 90.16 89.99 90.63 92.10 93.17 94.04 94.47 94.65 94.64 94.74 94.89 95.04 95.10 94.85 94.04 93.56 93.08 93.57 94.33 94.26 94.27 94.56 95.23 95.07 95.23 95.52 95.61 95.73 95.79 95.86 95.92 95.99 96.00 96.03 96.05 96.07 96.09 96.14 96.16 96.19 96.18 96.24 96.24 96.24 96.29 96.29 96.22 96.24 96.21 96.20 96.18 96.16 96.12 96.13 96.10 96.06 96.06 96.08 96.03 96.01 96.01 96.00 95.95 95.92 95.97 95.97 95.92 95.88 95.84 95.96 95.89 95.94 95.95 95.95 95.83 95.77 95.54 95.84 95.78 95.74 95.85 95.80 95.75 95.84 95.85 95.87 95.86 95.89 95.91 95.93 95.93 95.94 95.95 95.95 95.97 95.98 95.99 96.00 96.03 96.05 96.12 96.16 96.20 96.27 96.30 96.38 96.44 96.51 96.50 96.50 96.49 96.43 96.45 96.45 96.43 96.42 96.36 96.39 96.36 96.24 96.28 96.25 96.20 96.14 96.08 96.05 96.04 96.00 95.98 95.97 95.97 95.96 95.96 95.96 95.96 95.95 95.94 95.90 95.81 95.98 95.98 95.99 96.02 96.06 96.06 96.08
47°N ||     96.08 96.08 96.08 96.07 96.06 96.06 96.06 96.06 96.05 96.06 96.06 96.05 96.05 96.04 96.02 96.01 95.97 95.95 95.92 95.89 95.83 95.80 95.76 95.73 95.68 95.63 95.53 95.47 95.32 95.06 94.76 94.63 94.64 94.58 93.52 93.28 93.96 94.29 94.37 94.43 94.61 94.72 94.70 94.77 94.97 95.14 95.15 95.12 94.01 93.66 94.20 94.63 95.25 94.95 95.07 95.48 95.27 95.64 95.28 95.50 95.66 95.77 95.86 95.93 95.98 96.01 96.02 96.04 96.08 96.09 96.13 96.16 96.18 96.20 96.22 96.21 96.19 96.15 96.29 96.29 96.27 96.29 96.25 96.24 96.21 96.19 96.19 96.17 96.14 96.12 96.10 96.09 96.08 96.07 96.03 96.03 96.01 95.99 95.99 96.00 95.98 95.97 96.00 95.96 95.93 95.96 95.90 95.92 95.95 95.88 95.84 95.88 95.88 95.90 95.91 95.77 95.85 95.87 95.89 95.91 95.91 95.92 95.95 95.93 95.96 95.96 95.96 95.97 95.98 95.99 96.01 96.02 96.05 96.07 96.22 96.23 96.20 96.24 96.31 96.37 96.43 96.49 96.50 96.47 96.47 96.45 96.43 96.43 96.38 96.43 96.41 96.39 96.33 96.32 96.32 96.23 96.17 96.13 96.09 95.98 96.00 96.02 96.00 95.99 95.98 95.98 95.98 95.97 95.98 95.97 95.97 95.95 95.96 95.97 95.99 96.02 96.03 96.05 96.06 96.08
49°N ||     96.08 96.08 96.08 96.07 96.08 96.07 96.07 96.07 96.06 96.06 96.06 96.05 96.05 96.03 96.01 95.99 95.96 95.94 95.92 95.89 95.86 95.84 95.81 95.78 95.72 95.68 95.65 95.61 95.57 95.51 95.45 95.38 95.31 95.24 95.13 95.16 95.19 95.16 94.93 94.78 94.75 94.90 94.87 94.64 94.82 95.00 95.04 95.03 95.46 94.33 95.79 95.86 95.89 95.79 95.78 95.51 95.54 95.55 95.72 95.58 95.78 95.85 95.92 95.97 95.98 96.03 96.06 96.09 96.09 96.15 96.15 96.18 96.20 96.22 96.23 96.24 96.26 96.30 96.33 96.33 96.33 96.30 96.29 96.27 96.26 96.23 96.22 96.18 96.17 96.16 96.14 96.12 96.08 96.07 96.05 96.06 96.03 96.04 96.04 96.03 95.99 96.01 95.97 95.99 96.87 96.11 95.93 95.97 95.96 95.92 95.90 95.92 95.91 95.90 95.88 95.92 95.92 95.93 95.94 95.93 95.93 95.94 95.96 95.96 95.96 95.97 95.96 95.98 95.98 96.00 96.02 96.04 96.07 96.10 96.18 96.22 96.20 96.26 96.27 96.35 96.40 96.44 96.47 96.47 96.44 96.45 96.44 96.43 96.40 96.34 96.42 96.36 96.30 96.26 96.26 96.18 96.16 96.11 96.10 96.00 95.97 96.04 96.01 96.01 96.00 96.00 96.00 96.00 95.98 95.99 95.99 95.99 95.93 95.97 96.03 96.03 96.03 96.07 96.09 96.07
51°N ||     96.09 96.09 96.08 96.08 96.08 96.08 96.07 96.06 96.07 96.06 96.05 96.04 96.03 96.02 96.00 95.98 95.95 95.93 95.91 95.89 95.85 95.85 95.83 95.79 95.77 95.74 95.71 95.69 95.65 95.63 95.59 95.53 95.46 95.42 95.42 95.43 95.35 95.31 95.16 95.02 94.95 94.98 95.03 95.09 95.02 95.19 95.39 95.58 95.78 95.83 95.87 95.89 95.92 95.93 95.93 95.86 95.67 95.62 95.71 95.84 95.89 95.94 95.97 96.02 96.02 96.05 96.07 96.11 96.14 96.16 96.20 96.23 96.26 96.26 96.29 96.31 96.32 96.28 96.42 96.45 96.34 96.33 96.35 96.22 96.30 96.26 96.21 96.20 96.22 96.18 96.18 96.16 96.13 96.11 96.09 96.08 96.07 96.03 96.07 96.04 96.04 96.03 95.97 96.54 97.00 96.01 95.90 95.97 95.96 95.95 95.95 95.94 95.94 95.95 95.96 95.94 95.95 95.95 95.96 95.96 95.96 95.97 95.96 95.96 95.97 95.97 95.96 95.98 95.99 96.00 96.02 96.04 96.08 96.10 96.14 96.15 96.21 96.24 96.31 96.35 96.39 96.42 96.47 96.46 96.47 96.46 96.42 96.44 96.43 96.39 96.38 96.32 96.31 96.22 96.16 96.17 96.14 96.12 96.10 96.08 96.06 96.05 96.03 96.02 96.02 96.02 96.01 96.01 96.00 96.00 96.00 96.00 95.99 96.03 96.03 96.02 96.03 96.07 96.09 96.09
53°N ||     96.09 96.08 96.09 96.09 96.09 96.09 96.08 96.07 96.06 96.05 96.05 96.04 96.02 96.01 95.99 95.96 95.93 95.93 95.92 95.90 95.89 95.87 95.85 95.83 95.81 95.79 95.76 95.73 95.72 95.68 95.65 95.64 95.59 95.57 95.58 95.56 95.55 95.48 95.36 95.26 95.18 95.18 95.23 95.29 95.41 95.55 95.63 95.73 95.80 95.86 95.89 95.91 95.93 95.94 95.95 95.96 95.85 95.87 95.81 95.94 96.00 96.02 96.04 96.05 96.07 96.09 96.14 96.16 96.18 96.20 96.27 96.29 96.31 96.32 96.35 96.38 96.38 96.37 96.41 96.39 96.35 96.38 96.35 96.37 96.33 96.39 96.35 96.27 96.25 96.20 96.20 96.18 96.15 96.14 96.11 96.09 96.10 96.20 96.07 96.07 96.04 96.04 96.02 96.00 95.96 95.96 95.96 95.99 95.97 95.98 95.97 95.97 95.96 95.97 95.97 95.97 95.98 95.99 95.97 95.98 95.98 95.97 95.96 95.97 95.97 95.97 95.96 95.98 95.99 96.00 96.02 96.05 96.07 96.09 96.09 96.13 96.16 96.20 96.22 96.26 96.27 96.32 96.33 96.38 96.39 96.40 96.37 96.37 96.31 96.31 96.32 96.31 96.23 96.18 96.16 96.14 96.15 96.12 96.10 96.08 96.07 96.05 96.04 96.04 96.03 96.03 96.03 96.03 96.00 96.01 96.00 96.02 96.02 96.02 96.03 96.05 96.08 96.08 96.09 96.10
55°N ||     96.11 96.10 96.09 96.08 96.08 96.06 96.07 96.07 96.06 96.05 96.05 96.03 96.02 96.00 96.00 95.97 96.34 95.92 95.93 95.92 95.91 95.89 95.88 95.87 95.85 95.83 95.81 95.78 95.75 95.74 95.72 95.71 95.69 95.69 95.68 95.68 95.65 95.62 95.59 95.53 95.45 95.45 95.41 95.45 95.53 95.64 95.74 95.86 95.88 95.92 95.93 95.93 95.98 95.95 95.96 95.98 96.00 96.00 96.03 96.05 96.07 96.08 96.12 96.13 96.16 96.18 96.19 96.22 96.24 96.28 96.33 96.35 96.36 96.39 96.41 96.39 96.41 96.41 96.43 96.47 96.38 96.39 96.41 96.38 96.42 96.36 96.30 96.29 96.24 96.24 96.22 96.21 96.18 96.16 96.12 96.12 96.11 96.11 96.09 96.07 96.06 96.05 96.03 96.03 96.03 96.01 96.00 96.00 96.00 95.99 95.99 95.99 95.99 96.00 95.99 96.00 96.01 96.01 96.01 96.00 95.98 95.98 95.97 95.97 95.96 95.96 95.98 95.99 95.99 96.00 96.02 96.04 96.06 96.06 96.09 96.12 96.14 96.17 96.17 96.19 96.21 96.23 96.24 96.28 96.30 96.28 96.29 96.29 96.20 96.21 96.24 96.20 96.19 96.16 96.14 96.15 96.11 96.13 96.11 96.08 96.06 96.06 96.05 96.05 96.04 96.04 96.03 96.02 96.01 96.02 96.03 96.01 96.01 96.01 96.04 96.13 96.08 96.10 96.11 96.12
57°N ||     96.11 96.11 96.10 96.09 96.10 96.08 96.07 96.06 96.06 96.06 96.04 96.03 96.03 96.01 96.00 95.99 95.94 95.95 95.94 95.93 95.92 95.91 95.90 95.89 95.88 95.87 95.85 95.83 95.82 95.80 95.79 95.78 95.77 95.77 95.76 95.76 95.75 95.74 95.72 95.67 95.65 95.62 95.60 95.62 95.67 95.75 95.81 95.85 95.90 95.92 95.93 95.94 95.95 95.97 95.98 96.00 96.02 96.05 96.07 96.09 96.14 96.15 96.17 96.18 96.21 96.21 96.25 96.28 96.30 96.35 96.36 96.61 96.43 96.43 96.44 96.46 96.46 96.44 96.44 96.44 96.42 96.48 96.39 96.40 96.20 96.83 96.32 96.30 96.29 96.25 96.26 96.21 96.19 96.18 96.17 96.14 96.14 96.11 96.10 96.07 96.07 96.06 96.04 96.02 96.02 96.02 96.02 96.00 96.02 96.01 96.01 96.02 96.03 96.02 96.02 96.03 96.04 96.03 96.02 96.00 95.99 95.99 95.99 95.98 95.98 95.98 95.98 95.99 96.00 96.00 96.02 96.03 96.05 96.05 96.06 96.08 96.11 96.13 96.14 96.13 96.17 96.16 96.19 96.22 96.22 96.21 96.20 96.21 96.20 96.18 96.20 96.18 96.18 96.18 96.15 96.15 96.13 96.14 96.13 96.10 96.08 96.08 96.06 96.06 96.05 96.04 96.04 96.03 96.02 96.03 96.03 96.02 96.05 96.04 96.04 96.07 96.09 96.09 96.10 96.11
59°N ||     96.11 96.11 96.11 96.09 96.10 96.10 96.06 96.08 96.08 96.08 96.07 96.05 96.04 96.03 96.01 95.99 95.99 95.98 95.97 95.96 95.95 95.93 95.92 95.91 95.91 95.90 95.90 95.88 95.88 95.87 95.86 95.84 95.84 95.84 95.85 95.84 95.83 95.83 95.81 95.78 95.77 95.76 95.76 95.80 95.82 95.86 95.88 95.90 95.93 95.94 95.95 95.97 95.98 95.99 96.01 96.03 96.05 96.07 96.10 96.14 96.19 96.17 96.24 96.26 96.27 96.29 96.33 96.36 96.37 96.37 96.42 96.41 96.43 96.47 96.47 96.48 96.45 96.49 96.51 96.49 96.45 96.44 96.44 96.41 96.39 96.38 96.36 96.35 96.32 96.27 96.23 96.24 96.20 96.20 96.15 96.16 96.15 96.14 96.10 96.09 96.08 96.07 96.06 96.05 96.05 96.05 96.03 96.03 96.03 96.04 96.05 96.05 96.05 96.05 96.04 96.05 96.05 96.05 96.02 96.02 96.01 96.00 95.99 95.99 95.98 95.98 95.98 95.99 95.99 96.00 96.01 96.01 96.04 96.06 96.05 96.04 96.07 96.08 96.08 96.11 96.13 96.11 96.14 96.16 96.16 96.15 96.16 96.16 96.16 96.16 96.16 96.17 96.16 96.15 96.15 96.15 96.15 96.13 96.12 96.11 96.11 96.09 96.08 96.07 96.06 96.05 96.03 96.03 96.03 96.04 96.04 96.05 96.06 96.06 96.06 96.07 96.09 96.11 96.08 96.10
61°N ||     96.11 96.11 96.11 96.11 96.11 96.11 96.10 96.09 96.09 96.07 96.06 96.06 96.05 96.04 96.02 96.01 96.00 95.99 95.99 95.97 95.96 95.96 95.95 95.94 95.93 95.93 95.92 95.92 95.91 95.91 95.91 95.90 95.90 95.90 95.90 95.89 95.89 95.89 95.89 95.92 95.88 95.88 95.88 95.88 95.89 95.90 95.91 95.93 95.95 95.96 95.97 96.00 96.02 96.03 96.05 96.08 96.10 96.12 96.15 96.17 96.21 96.27 96.30 96.33 96.36 96.58 96.33 96.42 96.44 96.44 96.48 96.43 96.47 96.53 96.55 96.54 96.52 96.53 96.48 96.50 96.47 96.47 96.45 96.45 96.42 96.40 96.36 96.34 96.31 96.28 96.25 96.23 96.22 96.20 96.19 96.19 96.15 96.14 96.13 96.11 96.10 96.09 96.07 96.07 96.06 96.07 96.05 96.06 96.06 96.07 96.06 96.07 96.07 96.07 96.06 96.07 96.06 96.06 96.05 96.03 96.03 96.03 95.99 96.00 96.00 95.99 95.98 95.98 95.99 96.00 96.00 96.00 96.01 95.97 96.02 96.04 96.05 96.04 96.07 96.08 96.09 96.07 96.11 96.12 96.12 96.10 96.12 96.12 96.13 96.14 96.13 96.14 96.13 96.12 96.13 96.14 96.12 96.12 96.12 96.11 96.10 96.10 96.09 96.08 96.07 96.05 96.06 96.06 96.04 96.05 96.05 96.06 96.07 96.07 96.08 96.09 96.08 96.10 96.10 96.09
63°N ||     96.13 96.11 96.10 96.42 96.11 96.12 96.12 96.11 96.11 96.10 96.09 96.07 96.07 96.05 96.05 96.04 96.03 96.02 96.00 95.99 95.96 95.98 95.98 95.97 95.96 95.96 95.95 95.95 95.95 95.95 95.94 95.94 95.93 95.93 95.93 95.92 95.92 95.92 95.92 95.92 95.92 95.92 95.92 95.93 95.94 95.95 95.96 95.96 95.98 96.00 96.02 96.04 96.06 96.09 96.12 96.14 96.16 96.18 96.22 96.23 96.27 96.32 96.37 96.41 96.41 96.43 96.49 96.48 96.47 96.47 96.50 96.48 96.51 96.51 96.52 96.54 96.52 96.49 96.48 96.50 96.49 96.48 96.44 96.41 96.39 96.29 96.31 96.30 96.29 96.28 96.27 96.23 96.20 96.19 96.20 96.14 96.14 96.14 96.13 96.11 96.11 96.10 96.08 96.08 96.09 96.08 96.08 96.08 96.08 96.08 96.08 96.08 96.09 96.08 96.08 96.07 96.07 96.06 96.07 96.06 96.04 96.04 96.04 96.02 96.01 96.01 96.00 95.99 95.99 95.99 95.99 96.00 96.01 96.01 96.02 96.03 96.04 96.04 96.05 96.04 96.07 96.05 96.08 96.09 96.08 96.10 96.10 96.10 96.11 96.11 96.11 96.11 96.12 96.13 96.12 96.12 96.12 96.11 96.12 96.12 96.11 96.10 96.10 96.10 96.08 96.08 96.08 96.09 96.06 96.07 96.07 96.08 96.06 96.09 96.10 96.11 96.10 96.11 96.11 96.12
65°N ||     96.13 96.15 96.13 96.15 96.15 96.14 96.13 96.14 96.10 96.11 96.10 96.10 96.10 96.09 96.15 96.06 96.06 96.05 96.03 96.04 96.03 96.02 96.01 96.01 96.00 96.00 95.99 95.99 95.99 95.98 95.97 95.97 95.97 95.96 95.96 95.95 95.95 95.95 95.94 95.94 95.94 95.95 95.96 95.96 95.98 95.99 96.00 96.01 96.02 96.04 96.06 96.06 96.10 96.14 96.17 96.21 96.26 96.33 96.35 96.36 96.38 96.43 96.45 96.44 96.49 96.50 96.51 96.47 96.49 96.51 96.47 96.48 96.51 96.52 96.52 96.52 96.52 96.49 96.50 96.49 96.49 96.46 96.43 96.32 96.94 98.09 96.18 96.26 96.30 96.26 96.27 96.22 96.22 96.19 96.18 96.16 96.15 96.14 96.14 96.13 96.12 96.11 96.11 96.09 96.10 96.09 96.08 96.09 96.09 96.08 96.09 96.09 96.10 96.09 96.07 96.07 96.09 96.07 96.07 96.08 96.07 96.06 96.06 96.03 96.03 96.01 96.01 96.00 96.00 95.99 96.00 96.00 96.00 96.00 96.01 96.01 96.02 96.02 96.02 96.03 96.05 96.05 96.06 96.06 96.05 96.07 96.07 96.08 96.08 96.08 96.09 96.10 96.10 96.11 96.08 96.11 96.11 96.12 96.12 96.12 96.10 96.10 96.12 96.11 96.10 96.11 96.11 96.09 96.10 96.09 96.11 96.11 96.10 96.11 96.11 96.12 96.10 96.11 96.15 96.09
67°N ||     96.16 96.16 96.17 96.17 96.16 96.18 96.17 96.16 96.16 96.15 96.12 96.13 96.14 96.11 96.12 96.10 96.10 96.09 96.09 96.08 96.06 96.07 96.05 96.04 96.04 96.02 96.03 96.03 96.02 96.01 96.01 96.00 96.00 95.99 96.03 95.98 95.98 95.97 95.97 95.97 95.98 95.98 96.00 96.00 96.01 96.02 96.04 96.06 96.07 96.10 96.12 96.16 96.19 96.24 96.30 96.36 96.43 96.49 96.54 96.59 96.60 96.59 96.55 96.52 96.52 96.52 96.50 96.52 96.54 96.52 96.53 96.53 96.51 96.53 96.53 96.51 96.49 96.44 96.51 96.49 96.47 96.44 96.38 96.36 96.35 96.30 96.29 96.29 96.27 96.28 96.25 96.22 96.22 96.19 96.18 96.17 96.16 96.15 96.14 96.12 96.11 96.12 96.11 96.09 96.10 96.10 96.10 96.09 96.08 96.07 96.08 96.10 96.11 96.10 96.09 96.09 96.08 96.09 96.09 96.08 96.08 96.06 96.06 96.06 96.05 96.04 96.04 96.02 96.01 96.01 96.00 95.99 96.00 96.00 95.99 96.01 96.01 96.01 95.99 96.02 96.03 96.04 96.05 96.04 96.05 96.05 96.03 96.06 96.06 96.07 96.07 96.09 96.09 96.09 96.10 96.10 96.10 96.11 96.11 96.12 96.10 96.10 96.10 96.11 96.11 96.11 96.13 96.13 96.13 96.12 96.13 96.12 96.14 96.14 96.12 96.13 96.13 96.16 96.15 96.16
69°N ||     96.16 96.19 96.20 96.19 96.19 96.19 96.19 96.20 96.17 96.21 96.18 96.17 96.17 96.17 96.14 96.13 96.12 96.14 96.15 96.13 96.13 96.12 96.12 96.11 96.09 96.08 96.04 96.07 96.07 96.05 96.06 96.04 96.04 96.02 96.01 96.00 96.01 96.01 96.01 96.01 96.01 96.03 96.04 96.05 96.06 96.08 96.11 96.14 96.17 96.20 96.23 96.26 96.29 96.33 96.37 96.42 96.46 96.48 96.52 96.54 96.54 96.54 96.53 96.52 96.50 96.52 96.52 96.53 96.50 96.53 96.53 96.51 96.54 96.53 96.47 96.50 96.49 96.45 96.46 96.44 96.41 96.39 96.40 96.37 96.32 96.32 96.27 96.26 96.25 96.23 96.23 96.21 96.19 96.19 96.18 96.15 96.15 96.15 96.14 96.14 96.13 96.13 96.12 96.11 96.11 96.12 96.11 96.10 96.10 96.11 96.08 96.08 96.10 96.10 96.10 96.10 96.09 96.09 96.09 96.08 96.07 96.07 96.07 96.07 96.05 96.05 96.04 96.04 96.03 96.03 96.02 96.01 96.01 96.00 96.00 95.99 96.00 96.01 96.02 96.02 96.02 96.02 96.03 96.03 96.03 96.03 96.04 96.05 96.05 96.05 96.06 96.05 96.07 96.08 96.09 96.10 96.09 96.10 96.13 96.12 96.11 96.11 96.12 96.13 96.13 96.14 96.14 96.16 96.15 96.14 96.14 96.16 96.16 96.17 96.20 96.18 96.18 96.18 96.17 96.16
71°N ||     96.22 96.24 96.26 96.22 96.21 96.23 96.53 96.20 96.22 96.23 96.19 96.20 96.21 96.20 96.22 96.22 96.22 96.20 96.24 96.17 96.15 96.18 96.17 96.16 96.14 96.13 96.12 96.10 96.11 96.09 96.09 96.09 96.10 96.07 96.09 96.09 96.07 96.07 96.07 96.08 96.07 96.09 96.10 96.11 96.13 96.15 96.17 96.20 96.23 96.27 96.31 96.34 96.34 96.33 96.36 96.38 96.39 96.41 96.43 96.42 96.41 96.44 96.44 96.45 96.51 96.47 96.48 96.49 96.53 96.50 96.51 96.49 96.48 96.50 96.47 96.44 96.44 96.45 96.43 96.40 96.38 96.37 96.35 96.32 96.30 96.29 96.27 96.26 96.24 96.21 96.19 96.17 96.18 96.19 96.17 96.16 96.15 96.15 96.14 96.14 96.12 96.11 96.11 96.10 96.11 96.12 96.12 96.11 96.11 96.11 96.12 96.10 96.10 96.10 96.09 96.10 96.09 96.09 96.07 96.08 96.07 96.08 96.07 96.06 96.06 96.06 96.05 96.05 96.04 96.04 96.03 96.03 96.03 96.02 96.01 96.01 96.01 96.00 96.00 96.00 95.99 95.99 96.00 96.00 96.01 96.02 96.03 96.03 96.05 96.04 96.06 96.06 96.06 96.06 96.08 96.07 96.10 96.11 96.12 96.13 96.13 96.12 96.14 96.15 96.15 96.16 96.16 96.17 96.14 96.18 96.18 96.17 96.16 96.18 96.19 96.20 96.22 96.19 96.21 96.20
73°N ||     96.28 96.30 96.30 96.28 96.26 96.31 96.32 96.30 96.30 96.32 96.34 96.30 96.31 96.27 96.35 96.29 96.28 96.27 96.24 96.24 96.25 96.18 96.18 96.20 96.18 96.20 96.17 96.28 96.21 96.18 96.20 96.16 96.15 96.14 96.12 96.14 96.12 96.13 96.13 96.15 96.16 96.17 96.18 96.19 96.21 96.22 96.24 96.25 96.27 96.30 96.33 96.39 96.37 96.37 96.37 96.36 96.35 96.34 96.32 96.34 96.36 96.37 96.39 96.38 96.40 96.42 96.44 96.42 96.42 96.43 96.46 96.48 96.47 96.43 96.45 96.45 96.45 96.41 96.38 96.34 96.34 96.32 96.30 96.28 96.29 96.28 96.26 96.24 96.22 96.22 96.20 96.16 96.16 96.16 96.16 96.14 96.14 96.14 96.13 96.14 96.13 96.13 96.12 96.10 96.11 96.11 96.10 96.10 96.10 96.09 96.10 96.10 96.11 96.11 96.10 96.11 96.11 96.10 96.08 96.07 96.08 96.09 96.08 96.07 96.06 96.06 96.05 96.06 96.05 96.04 96.04 96.03 96.04 96.03 96.03 96.03 96.02 96.02 96.02 96.02 96.02 96.03 96.03 96.03 96.04 96.04 96.04 96.05 96.05 96.06 96.05 96.07 96.07 96.07 96.08 96.08 96.10 96.11 96.12 96.11 96.14 96.14 96.13 96.15 96.17 96.18 96.17 96.18 96.20 96.21 96.12 96.73 96.15 96.01 96.21 96.23 96.27 96.26 96.21 96.25
75°N ||     96.30 96.34 96.31 96.33 96.33 96.38 96.32 96.35 96.36 96.36 96.38 96.34 96.35 96.39 96.35 96.37 96.37 96.30 96.33 96.34 96.32 96.36 96.37 96.41 96.34 96.27 96.28 96.27 96.19 96.21 96.22 96.20 96.24 96.25 96.28 96.22 96.20 96.21 96.18 96.21 96.20 96.22 96.25 96.24 96.24 96.22 96.25 96.27 96.29 96.33 96.35 96.36 96.35 96.36 96.36 96.41 96.35 96.34 96.35 96.36 96.39 96.41 96.42 96.42 96.42 96.40 96.39 96.39 96.41 96.37 96.42 96.42 96.41 96.41 96.40 96.41 96.38 96.37 96.33 96.34 96.31 96.30 96.27 96.33 96.26 96.23 96.21 96.20 96.20 96.20 96.18 96.18 96.17 96.16 96.16 96.15 96.17 96.13 96.13 96.12 96.12 96.12 96.12 96.11 96.11 96.11 96.11 96.11 96.10 96.11 96.10 96.10 96.11 96.10 96.10 96.10 96.10 96.10 96.09 96.09 96.08 96.08 96.07 96.09 96.09 96.08 96.06 96.06 96.06 96.05 96.06 96.06 96.06 96.05 96.04 96.04 96.04 96.04 96.04 96.04 96.04 96.05 96.05 96.04 96.05 96.05 96.06 96.06 96.06 96.06 96.06 96.07 96.08 96.08 96.09 96.09 96.10 96.12 96.12 96.13 96.14 96.15 96.15 96.17 96.18 96.18 96.18 96.19 96.20 96.21 96.22 96.24 96.22 96.31 96.32 96.33 96.33 96.33 96.31 96.28
77°N ||     96.38 96.33 96.24 96.21 96.25 96.36 96.32 96.20 96.20 96.34 96.38 96.38 96.39 96.37 96.37 96.30 96.26 96.29 96.21 96.30 96.22 96.26 96.44 96.55 96.37 96.30 96.29 96.33 96.30 96.29 96.28 96.28 96.30 96.26 96.17 96.25 96.22 96.24 96.23 96.23 96.27 96.26 96.23 96.23 96.26 96.28 96.30 96.31 96.33 96.34 96.34 96.36 96.31 96.38 96.39 96.41 96.42 96.42 96.41 96.41 96.42 96.22 96.21 96.32 96.37 96.36 96.35 96.36 96.33 96.33 96.35 96.36 96.35 96.35 96.33 96.34 96.32 96.33 96.34 96.33 96.31 96.26 96.26 96.25 96.24 96.22 96.19 96.19 96.20 96.19 96.19 96.18 96.17 96.15 96.15 96.15 96.15 96.15 96.14 96.13 96.13 96.13 96.12 96.13 96.12 96.12 96.12 96.11 96.11 96.11 96.11 96.11 96.10 96.09 96.09 96.09 96.10 96.09 96.09 96.08 96.08 96.09 96.09 96.09 96.09 96.09 96.08 96.08 96.08 96.07 96.07 96.07 96.06 96.05 96.02 96.04 96.06 96.06 96.06 96.06 96.06 96.06 96.06 96.06 96.06 96.06 96.07 96.06 96.07 96.06 96.07 96.08 96.08 96.09 96.10 96.10 96.11 96.12 96.11 96.12 96.13 96.14 96.16 96.18 96.18 96.18 96.19 96.21 96.21 96.21 96.23 96.22 96.24 96.27 96.26 96.33 96.38 96.37 96.33 96.36
79°N ||     96.27 96.24 96.23 96.26 96.27 96.26 96.24 96.24 96.26 96.25 96.25 96.20 96.28 96.26 96.27 96.31 96.31 96.33 96.33 96.30 96.29 96.34 96.33 96.34 96.36 96.37 96.33 96.24 96.27 96.23 96.24 96.25 96.27 96.27 96.25 96.28 96.26 96.29 96.28 96.27 96.28 96.29 96.29 96.27 96.24 96.25 96.26 96.28 96.28 96.31 96.34 96.33 96.34 96.36 96.37 96.37 96.36 96.38 96.40 96.40 96.41 96.42 96.42 96.42 96.40 96.40 96.43 96.40 96.36 96.34 96.31 96.30 96.27 96.28 96.28 96.22 96.21 96.22 96.25 96.26 96.22 96.24 96.20 96.11 96.15 96.23 96.03 96.07 96.16 95.98 96.03 96.10 96.06 96.01 96.08 95.99 96.01 96.09 96.06 96.02 96.03 96.04 96.06 96.11 96.11 96.10 96.11 96.11 96.11 96.11 96.11 96.11 96.11 96.10 96.10 96.10 96.10 96.10 96.09 96.06 96.17 96.06 96.09 96.08 96.08 96.09 96.08 96.08 96.08 96.08 96.08 96.08 96.08 96.08 96.08 96.08 96.08 96.08 96.08 96.08 96.08 96.07 96.06 96.07 96.07 96.06 96.05 96.05 96.06 96.07 96.08 96.07 96.09 96.10 96.10 96.11 96.11 96.12 96.12 96.12 96.13 96.14 96.15 96.17 96.17 96.19 96.18 96.18 96.19 96.22 96.22 96.23 96.23 96.25 96.26 96.24 96.24 96.29 96.29 96.28
81°N ||     96.07 96.08 96.08 96.09 96.08 96.08 96.09 96.08 96.09 96.09 96.09 96.10 96.10 96.11 96.11 96.12 96.12 96.12 96.12 96.13 96.13 96.13 96.14 96.14 96.15 96.16 96.18 96.20 96.20 96.22 96.25 96.21 96.21 96.27 96.15 96.15 96.11 96.16 96.05 96.08 96.12 96.13 96.21 96.22 96.22 96.25 96.27 96.26 96.20 96.19 96.09 96.09 96.06 96.09 96.19 96.12 96.16 96.15 96.13 96.15 96.25 96.19 96.20 96.20 96.22 96.24 96.27 96.17 96.14 96.09 96.09 96.11 96.03 96.06 96.03 96.00 95.97 95.99 95.97 95.94 95.94 95.91 95.91 95.90 95.89 95.90 95.87 95.87 95.87 95.86 95.87 95.88 95.85 95.85 95.88 95.86 95.86 95.83 95.83 95.84 95.88 95.90 95.90 95.90 95.89 95.90 95.87 95.96 95.97 96.05 96.04 95.97 96.00 96.08 96.04 96.05 96.02 96.03 96.07 95.99 96.00 95.99 96.00 96.01 96.04 96.08 96.02 96.03 96.03 96.03 96.04 96.03 96.03 96.04 96.04 96.05 96.06 96.07 96.09 96.09 96.09 96.09 96.09 96.09 96.09 96.09 96.09 96.09 96.10 96.11 96.11 96.11 96.12 96.12 96.12 96.12 96.12 96.13 96.13 96.13 96.13 96.13 96.14 96.14 96.14 96.14 96.14 96.13 96.13 96.12 96.10 96.11 96.10 96.10 96.10 96.09 96.08 96.08 96.08 96.07
83°N ||     96.02 96.02 96.02 96.02 96.02 96.02 96.02 96.02 96.02 96.03 96.03 96.03 96.04 96.04 96.04 96.05 96.05 96.05 96.07 96.07 96.07 96.07 96.07 96.07 96.07 96.06 96.08 96.08 96.08 95.99 95.98 95.95 95.98 95.99 95.95 95.98 95.95 95.95 95.95 95.94 95.92 95.94 95.91 95.90 95.90 95.92 95.92 95.91 95.92 95.93 95.94 95.96 95.99 96.00 95.95 95.96 95.94 95.93 95.92 95.94 95.93 96.00 95.99 96.10 96.14 96.16 96.20 96.22 96.21 96.15 96.10 96.04 96.01 95.98 95.97 95.95 95.94 95.92 95.92 95.91 95.90 95.90 95.89 95.88 95.88 95.87 95.86 95.86 95.85 95.85 95.85 95.85 95.85 95.84 95.84 95.83 95.83 95.82 95.82 95.82 95.82 95.81 95.81 95.80 95.80 95.79 95.79 95.79 95.79 95.82 95.84 95.87 95.87 95.87 95.86 95.87 95.90 95.90 95.89 95.88 95.87 95.88 95.91 95.89 95.90 95.88 95.89 95.90 95.89 95.90 95.88 95.88 95.90 95.92 95.91 95.91 95.91 95.90 95.91 95.91 95.93 95.96 95.97 95.99 96.04 96.03 96.07 96.10 96.11 96.10 96.10 96.10 96.10 96.10 96.11 96.11 96.11 96.11 96.10 96.09 96.09 96.09 96.08 96.08 96.07 96.07 96.06 96.06 96.06 96.05 96.05 96.05 96.04 96.04 96.04 96.03 96.03 96.02 96.02 96.02
85°N ||     96.05 96.03 96.05 96.07 96.08 96.13 95.95 95.94 95.97 96.00 95.92 95.96 95.94 95.93 95.94 95.96 95.89 95.86 95.85 95.86 95.86 95.89 95.94 95.91 95.91 95.92 95.96 95.93 95.92 95.95 95.94 95.83 95.84 95.88 95.84 95.82 95.82 95.82 95.82 95.83 95.83 95.85 95.83 95.82 95.83 95.82 95.80 95.80 95.80 95.83 95.83 95.82 95.83 95.87 95.86 95.84 95.85 95.85 95.86 95.87 95.87 95.86 95.88 95.87 95.87 95.87 95.90 95.90 95.94 95.96 95.98 96.02 95.98 95.98 95.98 96.00 96.03 96.07 96.09 96.09 96.09 96.07 96.01 95.97 95.92 95.91 95.92 95.93 95.94 95.97 96.05 96.06 95.88 95.85 95.85 95.86 95.85 95.84 95.83 95.82 95.81 95.83 95.81 95.80 95.80 95.79 95.79 95.78 95.78 95.78 95.78 95.78 95.78 95.78 95.78 95.79 95.79 95.79 95.80 95.79 95.80 95.80 95.81 95.80 95.80 95.80 95.80 95.80 95.80 95.80 95.80 95.80 95.80 95.80 95.81 95.81 95.82 95.82 95.82 95.84 95.82 95.82 95.82 95.86 95.87 95.88 95.89 95.93 95.90 95.87 95.89 95.87 95.91 95.92 95.94 95.97 95.92 95.94 95.96 95.97 95.97 95.94 95.95 96.00 95.98 95.99 96.02 96.08 96.04 96.09 96.05 96.02 96.00 95.98 96.00 96.03 96.05 96.01 96.01 96.02
87°N ||     95.76 95.78 95.77 95.77 95.79 95.77 95.77 95.76 95.74 95.73 95.73 95.73 95.75 95.75 95.74 95.72 95.72 95.72 95.72 95.72 95.72 95.74 95.73 95.69 95.69 95.69 95.70 95.71 95.72 95.72 95.72 95.70 95.68 95.69 95.68 95.66 95.64 95.64 95.64 95.64 95.66 95.65 95.67 95.67 95.65 95.62 95.61 95.61 95.62 95.63 95.63 95.63 95.64 95.64 95.66 95.69 95.70 95.70 95.71 95.71 95.71 95.69 95.69 95.69 95.68 95.68 95.68 95.68 95.69 95.70 95.74 95.78 95.79 95.78 95.79 95.77 95.79 95.78 95.77 95.79 95.77 95.76 95.75 95.75 95.76 95.75 95.76 95.79 95.76 95.78 95.75 95.73 95.74 95.73 95.71 95.71 95.72 95.71 95.73 95.72 95.71 95.69 95.69 95.71 95.71 95.68 95.68 95.67 95.66 95.66 95.66 95.67 95.66 95.66 95.66 95.67 95.67 95.68 95.67 95.71 95.66 95.67 95.68 95.69 95.71 95.73 95.70 95.69 95.71 95.71 95.73 95.71 95.67 95.67 95.67 95.66 95.67 95.68 95.70 95.70 95.70 95.71 95.71 95.71 95.72 95.72 95.73 95.72 95.70 95.68 95.70 95.69 95.71 95.70 95.67 95.68 95.68 95.75 95.72 95.74 95.72 95.77 95.77 95.79 95.78 95.79 95.77 95.76 95.76 95.77 95.76 95.78 95.79 95.79 95.79 95.80 95.78 95.78 95.79 95.78
89°N ||     95.56 95.56 95.56 95.57 95.57 95.54 95.53 95.52 95.52 95.52 95.52 95.51 95.51 95.51 95.51 95.51 95.50 95.50 95.50 95.50 95.50 95.50 95.51 95.50 95.50 95.50 95.50 95.48 95.48 95.47 95.46 95.46 95.45 95.45 95.44 95.44 95.44 95.44 95.43 95.43 95.43 95.43 95.43 95.43 95.43 95.42 95.42 95.42 95.42 95.43 95.43 95.44 95.44 95.45 95.46 95.47 95.48 95.48 95.49 95.49 95.48 95.49 95.49 95.50 95.50 95.51 95.51 95.52 95.51 95.52 95.52 95.52 95.53 95.53 95.54 95.54 95.55 95.55 95.56 95.56 95.56 95.56 95.56 95.56 95.56 95.56 95.56 95.56 95.56 95.56 95.56 95.57 95.58 95.58 95.57 95.56 95.55 95.56 95.58 95.59 95.58 95.56 95.56 95.55 95.55 95.54 95.54 95.54 95.53 95.53 95.53 95.52 95.52 95.52 95.51 95.51 95.51 95.51 95.51 95.51 95.51 95.51 95.51 95.51 95.51 95.51 95.51 95.50 95.50 95.50 95.49 95.49 95.49 95.49 95.48 95.48 95.47 95.46 95.46 95.46 95.45 95.45 95.45 95.45 95.45 95.45 95.45 95.46 95.46 95.46 95.47 95.47 95.48 95.48 95.49 95.50 95.50 95.51 95.51 95.50 95.50 95.50 95.50 95.51 95.50 95.50 95.51 95.51 95.51 95.51 95.52 95.53 95.53 95.53 95.54 95.54 95.55 95.55 95.55 95.56
