East longitude (degrees): -179:2:179
North latitude (degrees): -89:2:89

Absorbed dose on Martian Surface (1E-6 Gy/day), 2D array where Absorbed dose(i,j)= value at latitude(i) and longitude(j).
72.07 72.12 72.17 72.19 72.19 72.18 72.17 72.18 72.22 72.25 72.40 72.45 72.42 72.48 72.67 72.77 72.82 72.89 72.90 72.79 72.73 72.87 72.88 72.84 72.78 72.76 72.70 72.71 72.79 72.76 72.85 72.95 72.90 72.83 72.93 72.86 72.78 72.72 72.64 72.57 72.52 72.45 72.40 72.38 72.36 72.36 72.36 72.37 72.36 72.35 72.33 72.32 72.30 72.29 72.29 72.29 72.22 72.20 72.18 72.18 72.17 72.15 72.15 72.12 72.14 72.17 72.18 72.06 72.02 72.03 71.98 71.97 71.97 71.97 71.93 71.91 71.90 71.89 71.87 71.88 71.87 71.89 71.89 71.88 71.90 71.90 71.90 71.89 71.89 71.89 71.91 71.93 71.94 71.94 71.94 71.95 71.94 71.95 71.95 71.95 71.92 71.92 71.91 71.91 71.92 71.92 71.93 71.94 71.94 71.95 71.95 71.94 71.91 71.93 71.97 72.00 71.99 71.99 71.99 72.01 72.03 72.04 72.05 72.07 72.10 72.13 72.13 72.15 72.17 72.19 72.20 72.21 72.22 72.23 72.23 72.26 72.26 72.25 72.25 72.26 72.22 72.23 72.21 72.18 72.20 72.19 72.19 72.16 72.12 72.10 72.09 72.08 72.08 72.04 72.01 72.00 71.99 71.97 71.96 71.97 71.96 71.95 71.94 71.92 71.92 71.91 71.92 71.94 71.95 71.97 71.99 72.01 72.02 72.03 72.03 72.04 72.05 72.05 72.06 72.07
73.89 73.98 74.02 74.15 74.12 74.18 74.08 74.06 74.03 73.94 73.93 73.92 73.82 73.70 73.65 73.63 73.65 73.66 73.65 73.61 73.60 73.64 73.77 73.80 73.77 73.71 73.71 73.61 73.68 73.52 73.76 73.77 73.62 73.60 73.60 73.61 73.59 73.56 73.57 73.55 73.49 73.54 73.51 73.49 73.46 73.45 73.45 73.39 73.35 73.30 73.16 73.32 73.14 72.88 72.91 72.86 72.75 72.63 72.58 72.55 72.72 72.26 72.34 72.11 72.04 72.03 71.98 71.94 71.92 71.90 71.86 71.83 71.89 71.87 71.62 71.57 71.50 71.42 71.39 71.55 71.27 71.11 71.10 71.02 70.99 71.00 71.03 71.05 71.08 71.11 71.14 71.14 71.14 71.12 71.13 71.52 71.43 71.59 71.45 71.63 71.62 71.63 71.71 71.72 71.76 71.84 71.90 72.05 72.13 72.18 72.04 72.03 72.06 72.09 72.11 72.10 72.15 72.18 72.25 72.25 72.32 72.37 72.38 72.43 72.50 72.48 72.49 72.56 72.63 72.60 72.67 72.68 72.69 72.75 72.88 73.00 73.08 73.22 73.15 72.98 72.84 72.80 72.78 72.76 72.72 72.73 72.68 72.42 72.39 72.37 72.37 72.39 72.43 72.42 72.41 72.41 72.47 72.57 72.66 72.65 72.72 72.78 72.86 72.89 73.01 73.09 73.20 73.27 73.42 73.48 73.67 73.68 73.70 73.69 73.77 73.63 73.36 73.48 73.86 74.08
73.29 73.31 73.35 73.36 73.36 73.35 73.37 73.41 73.40 73.39 73.38 73.38 73.40 73.48 73.41 73.34 73.35 73.47 73.45 73.45 73.45 73.46 73.48 73.49 73.46 73.46 73.50 73.60 73.66 73.80 74.14 74.17 74.14 74.14 74.18 74.03 74.25 74.15 74.08 74.01 74.23 74.52 74.47 74.50 74.28 74.25 74.14 74.04 73.95 73.86 73.89 73.78 73.76 73.74 73.99 74.08 73.80 73.62 73.67 74.03 73.86 72.98 72.87 72.91 73.02 73.10 72.95 73.03 73.01 72.63 72.78 72.69 72.41 72.34 72.40 72.15 72.46 72.71 72.99 72.66 72.51 72.44 72.50 72.51 72.61 72.47 72.41 72.28 72.28 72.39 72.28 72.30 72.40 72.37 72.36 72.38 72.40 72.44 72.47 72.55 72.51 72.64 72.93 73.22 73.14 73.09 73.06 73.07 73.03 73.09 73.18 73.24 73.28 73.35 73.12 73.18 73.29 73.32 73.25 73.16 73.15 73.19 73.22 73.32 73.42 73.51 73.50 73.44 73.44 73.37 73.32 73.29 73.24 73.25 73.27 73.36 73.92 75.06 75.46 75.20 74.56 74.28 74.16 74.22 73.76 73.53 73.43 73.31 73.36 73.43 73.32 73.35 73.40 73.55 73.71 73.76 73.79 73.80 73.76 73.75 73.74 73.57 73.43 73.35 73.32 73.41 73.49 73.58 73.73 73.91 73.66 73.72 73.69 73.65 73.58 73.52 73.47 73.45 73.33 73.29
73.42 73.44 73.46 73.48 73.48 73.48 73.49 73.50 73.52 73.54 73.55 73.57 73.60 73.62 73.60 73.61 73.63 73.66 73.69 73.71 73.73 73.76 73.79 73.83 73.87 73.93 73.97 74.03 74.14 74.27 74.19 74.02 73.98 73.91 74.02 74.15 74.14 74.10 74.16 74.22 73.96 73.97 74.00 74.02 74.05 74.08 74.05 74.57 74.68 74.76 74.66 74.68 74.60 74.60 74.63 74.59 74.54 74.84 74.92 74.90 74.41 74.77 74.67 74.54 74.88 74.56 74.58 74.55 74.98 74.62 74.94 75.22 75.42 75.44 75.28 75.11 75.14 75.12 75.11 75.23 75.21 75.17 75.00 75.04 75.06 74.96 74.90 74.88 74.94 74.93 74.66 74.65 74.75 75.14 74.69 74.60 74.50 74.45 74.48 74.33 74.54 74.00 74.16 73.89 74.30 74.55 74.61 74.35 74.23 74.27 74.32 74.46 74.71 74.79 74.87 74.84 74.41 74.43 74.37 74.37 74.29 74.28 73.95 73.87 73.93 74.00 73.99 73.85 73.84 73.98 73.91 73.91 74.08 74.09 74.28 74.87 75.70 75.61 75.63 75.61 75.64 74.42 74.32 74.38 74.35 74.50 74.46 74.38 74.35 74.35 74.29 74.17 74.06 74.01 73.96 73.80 73.73 73.77 74.07 74.43 74.95 75.27 74.82 74.26 73.50 73.51 73.21 73.14 73.11 73.08 73.16 73.38 73.93 73.95 73.68 73.46 73.37 73.34 73.37 73.40
73.75 73.82 73.81 73.96 73.69 73.76 73.81 73.85 73.90 73.96 74.01 74.08 74.25 74.29 74.06 74.03 74.05 74.09 74.16 74.22 74.27 74.31 74.32 74.36 74.39 74.44 74.51 74.54 74.56 74.59 74.63 74.79 74.75 74.77 74.89 74.84 74.61 74.66 74.63 74.65 74.85 74.69 74.37 74.43 74.26 74.13 74.19 74.37 74.43 74.31 74.47 74.36 74.60 75.51 75.16 75.38 75.70 75.18 75.66 75.54 75.18 75.32 75.40 75.37 75.36 75.29 75.35 75.37 75.28 75.19 75.31 75.14 74.94 74.97 75.01 75.02 74.96 74.96 74.94 74.99 75.45 74.89 74.72 74.67 74.64 74.67 74.66 74.68 74.65 74.64 74.63 74.66 74.56 74.38 74.18 73.88 73.23 72.54 73.36 73.49 73.97 74.32 74.26 74.37 74.69 74.90 75.05 75.30 75.26 75.14 74.90 75.23 75.35 75.48 75.46 75.55 75.58 75.67 75.65 75.64 75.62 75.66 75.59 75.51 75.49 75.54 75.10 75.14 75.22 75.29 75.36 75.60 75.66 75.76 75.80 75.76 75.72 75.02 74.12 73.91 73.87 73.84 73.84 74.03 74.13 74.17 74.11 74.28 74.38 74.48 74.62 74.71 74.83 74.60 74.72 74.95 75.11 74.75 74.60 74.65 75.17 74.96 74.67 74.67 74.83 74.77 75.23 74.56 73.77 73.41 73.39 73.55 73.74 74.03 74.37 73.67 73.80 73.80 73.59 73.66
74.08 74.13 74.14 74.25 74.23 74.18 74.18 74.22 74.24 74.44 74.29 74.38 74.43 74.46 74.54 74.64 74.49 74.68 74.40 74.70 74.59 74.62 74.58 75.07 75.53 74.44 74.90 75.41 75.18 75.28 75.21 75.21 75.18 75.20 75.24 75.27 75.27 75.25 75.14 75.10 75.11 74.86 75.52 75.65 74.63 74.84 74.83 74.68 74.63 74.93 75.18 74.87 75.62 75.39 75.45 75.70 75.99 74.66 75.35 74.79 75.59 75.34 74.68 75.16 75.16 75.49 75.52 75.45 75.42 75.38 75.34 75.37 75.35 75.36 75.33 75.30 75.33 75.37 75.34 75.12 75.23 75.40 75.10 75.07 75.10 75.33 74.97 75.17 74.99 75.03 75.09 74.98 74.93 74.64 73.82 73.83 73.42 73.90 74.45 74.75 74.66 74.94 74.99 75.05 75.13 75.36 75.17 75.31 75.04 75.33 74.86 75.18 75.00 75.00 74.63 74.51 75.29 75.46 75.75 75.80 75.85 75.83 75.86 75.83 75.88 75.84 75.80 75.85 75.83 75.87 75.80 75.77 75.86 75.83 75.83 75.83 75.90 75.92 75.84 75.84 75.84 75.90 75.55 75.13 75.37 74.78 74.27 74.28 74.30 74.19 74.26 74.37 74.80 76.03 75.86 74.88 74.66 75.27 74.04 74.09 74.76 74.17 73.86 73.71 73.64 73.75 73.63 74.08 73.85 73.81 73.82 73.88 74.03 73.73 73.65 73.78 73.89 73.99 74.00 74.01
74.90 74.59 74.51 74.48 74.39 74.68 74.63 74.99 74.94 74.97 74.92 74.93 75.29 75.09 75.04 75.08 75.15 75.13 75.27 75.15 75.09 75.13 75.07 75.17 75.09 75.23 75.43 75.50 75.32 75.43 75.40 75.43 75.44 75.43 75.43 75.44 75.40 75.42 75.39 75.39 75.38 75.40 75.32 75.18 75.11 74.89 74.35 75.08 74.25 74.54 75.37 75.16 74.97 74.39 74.54 74.78 74.98 74.95 75.08 75.03 75.34 75.55 75.36 75.44 75.63 75.65 75.62 75.66 75.66 75.62 75.59 75.58 75.53 75.55 75.52 75.51 75.47 75.36 75.15 75.18 75.12 74.97 74.90 74.75 75.00 75.21 75.07 75.10 74.89 75.03 75.06 75.01 74.66 74.51 74.38 74.20 73.70 73.30 74.47 75.64 76.03 76.20 76.20 74.96 75.23 75.08 75.12 75.32 75.04 75.39 75.10 75.06 75.02 75.49 75.87 75.67 75.08 74.92 74.47 74.21 74.09 73.67 73.52 74.11 74.78 75.31 75.62 75.58 75.46 75.23 74.62 75.29 75.47 74.72 75.33 75.56 75.89 75.79 75.54 75.43 75.07 75.06 74.80 75.31 75.98 75.94 75.78 75.66 74.94 74.97 75.04 74.22 74.94 75.28 75.29 74.43 74.08 74.19 73.97 74.03 74.14 73.96 73.95 74.22 74.08 74.03 74.18 74.30 74.37 74.34 74.23 74.32 74.55 74.21 74.23 74.30 74.52 74.69 74.79 74.59
75.10 75.20 74.95 75.10 74.91 74.91 75.03 75.73 75.25 75.14 76.08 76.36 75.29 75.47 75.49 75.61 75.38 75.50 75.50 75.31 75.31 75.54 75.53 75.68 75.52 75.59 75.64 75.66 75.62 75.59 75.59 75.57 75.61 75.58 75.13 75.50 75.50 75.47 75.44 75.44 75.38 75.32 75.33 75.34 75.38 75.44 75.35 75.26 75.07 74.96 75.09 74.56 74.39 74.75 75.28 75.37 75.29 75.63 75.78 75.81 75.84 75.82 75.77 75.72 75.69 75.68 75.64 75.42 75.61 75.50 75.38 75.24 75.22 75.06 75.01 75.08 74.97 75.15 74.98 75.02 75.10 75.14 75.24 75.05 75.41 75.16 75.16 75.33 75.15 75.16 75.08 74.78 74.66 74.98 75.13 75.14 75.14 75.14 75.21 75.08 74.92 75.04 75.05 74.98 75.27 75.32 75.33 75.17 75.15 75.05 74.97 74.82 74.37 74.62 74.78 74.21 74.60 74.44 74.20 74.36 74.09 73.99 74.73 75.11 74.97 74.94 76.06 74.50 74.66 74.66 74.77 75.28 75.15 75.00 74.93 74.74 75.10 74.10 73.76 73.37 73.27 73.84 76.11 75.95 76.09 74.84 75.54 74.90 75.71 76.04 75.88 75.80 75.72 75.74 75.88 74.79 73.75 73.74 73.72 73.74 73.72 73.89 74.58 74.45 74.65 74.01 74.08 74.27 74.34 74.32 74.38 74.38 74.40 74.64 74.65 74.74 74.89 74.85 74.91 74.97
76.21 75.05 75.71 75.69 75.58 75.26 76.01 75.70 75.72 75.70 75.23 74.87 75.89 75.23 75.57 75.75 75.69 75.67 75.59 75.44 75.27 74.91 75.96 74.69 74.94 75.81 75.54 75.51 75.54 75.59 75.62 75.62 75.71 75.34 75.27 74.92 75.15 75.53 75.40 75.46 75.46 75.49 75.38 75.43 75.47 75.46 75.47 75.22 75.82 76.73 76.72 76.87 76.81 75.21 75.75 75.75 75.92 75.97 75.98 76.00 76.01 75.99 75.92 75.82 75.86 75.44 75.59 75.79 75.81 75.82 75.77 75.50 75.28 75.43 75.30 75.18 75.10 75.22 75.46 75.09 75.10 75.10 75.14 75.47 75.30 75.56 75.70 75.65 75.53 75.59 75.23 75.20 74.83 75.24 75.21 75.33 75.51 75.53 75.52 75.49 75.53 75.55 75.65 75.58 75.48 75.40 75.57 75.10 75.04 74.89 74.41 74.04 74.33 74.81 75.27 74.95 75.15 75.01 75.12 74.72 74.86 74.43 74.20 74.14 74.52 74.51 74.82 74.81 75.06 75.03 74.99 75.13 75.19 75.32 75.44 75.48 75.47 75.62 75.28 74.91 75.33 73.82 73.94 74.61 74.73 74.80 74.89 75.17 75.89 75.58 75.34 74.44 75.27 75.74 76.08 76.25 75.66 74.61 73.70 74.15 73.90 74.23 74.76 74.85 74.11 74.42 74.88 75.04 74.88 75.26 76.08 75.81 75.40 75.25 75.27 75.21 75.40 75.21 75.27 76.11
76.02 76.05 76.14 76.20 76.26 76.43 76.57 76.49 76.51 76.54 76.55 75.87 75.23 74.95 74.32 74.31 75.00 75.14 76.21 75.33 75.39 75.22 75.02 75.10 76.91 75.68 75.67 75.69 75.56 75.33 75.43 75.33 75.31 75.51 75.41 75.36 75.27 75.60 75.43 75.45 75.58 75.40 75.54 75.44 75.49 75.53 75.23 75.04 75.11 76.04 76.72 76.56 76.90 74.96 75.87 76.01 76.06 76.11 76.03 76.05 76.13 75.79 75.67 75.79 75.90 75.97 76.03 75.82 75.83 74.89 75.21 75.44 75.28 75.47 75.16 75.39 75.24 74.76 74.57 74.44 74.33 75.34 75.27 75.24 75.44 75.46 75.61 75.39 75.67 75.50 76.04 75.93 75.49 75.59 75.59 75.43 75.37 74.71 75.33 75.61 75.77 75.48 75.54 75.55 75.51 75.56 75.22 74.35 74.69 75.01 75.02 75.12 75.13 75.32 75.34 75.23 75.49 75.29 75.41 75.50 75.40 75.62 75.64 75.42 75.61 75.23 74.52 74.71 76.00 76.03 74.98 75.24 75.08 73.93 74.83 75.05 75.16 74.69 74.35 74.70 75.11 74.47 75.34 75.49 75.77 75.79 75.76 75.44 75.46 75.66 75.96 75.85 76.10 75.88 76.69 76.89 76.82 76.46 76.07 75.81 76.09 75.91 75.68 76.05 76.24 76.16 76.16 75.99 75.84 76.34 75.88 76.21 76.10 76.14 75.59 75.59 75.65 75.76 75.39 75.96
75.38 75.47 75.85 76.10 75.62 77.06 76.88 76.51 76.67 76.64 76.59 76.38 75.77 75.91 75.49 75.70 74.52 74.72 75.13 75.61 75.99 75.74 75.45 75.33 75.18 75.85 75.59 75.76 75.37 75.99 75.02 75.12 75.00 75.27 75.29 75.36 75.62 75.62 75.73 75.74 75.81 75.73 75.69 75.75 75.75 76.37 75.53 75.86 75.86 75.83 75.86 75.99 75.99 76.10 76.12 76.04 76.07 76.09 75.86 75.86 75.65 76.06 76.01 76.17 76.02 75.79 75.13 75.13 75.15 75.15 75.13 75.31 75.28 75.49 75.60 75.86 75.71 75.12 74.57 74.85 75.01 75.51 75.52 75.07 75.03 74.77 74.84 74.79 75.08 75.37 75.40 75.54 74.60 75.60 75.69 75.62 75.78 75.79 75.76 75.81 75.77 75.74 75.83 75.74 75.49 75.16 74.39 75.57 75.77 75.65 75.46 75.27 75.39 75.27 75.42 74.88 74.81 75.39 75.79 76.00 76.19 76.03 76.06 76.15 76.12 76.02 75.57 75.07 74.73 74.85 75.47 75.39 75.39 75.41 76.39 75.20 73.88 74.29 74.44 74.59 74.79 74.74 74.29 74.41 74.96 75.46 75.59 75.31 75.83 75.92 75.92 76.01 75.47 73.65 75.88 76.71 76.54 74.30 76.72 76.62 76.54 76.32 76.26 76.16 75.88 75.57 75.32 75.41 74.63 74.36 75.39 76.06 76.00 75.81 75.64 75.42 75.26 75.17 75.46 75.51
76.87 75.35 75.11 75.89 75.88 75.95 75.95 76.57 76.55 76.67 76.71 76.70 76.55 76.42 76.06 75.77 75.47 75.03 74.97 74.70 74.70 74.39 74.73 74.74 75.11 75.03 74.91 74.85 75.42 74.64 74.67 74.72 75.27 76.79 75.10 75.31 75.28 76.05 75.67 75.71 75.82 75.81 75.76 75.77 75.78 75.83 75.78 75.89 75.89 75.82 75.86 75.95 75.99 75.98 75.89 76.05 76.21 76.06 76.14 76.04 75.45 75.85 76.08 76.08 75.82 75.62 77.41 77.37 76.85 75.10 75.33 75.44 75.48 75.68 75.84 75.45 75.12 74.58 74.63 74.28 74.63 74.69 75.15 75.08 75.41 75.27 75.39 75.41 75.39 75.39 75.44 75.62 75.53 75.69 75.64 75.78 75.66 75.62 75.65 75.47 75.51 74.78 74.59 74.63 74.27 74.83 76.15 76.64 76.53 76.08 76.00 75.56 75.62 75.26 75.43 75.29 75.68 75.82 76.10 76.12 76.08 76.06 76.12 76.09 75.99 76.24 76.20 76.35 76.35 75.91 75.23 74.63 75.27 75.50 74.70 74.51 74.39 73.99 74.61 73.82 74.09 74.47 74.44 75.44 75.11 75.04 74.52 74.87 75.36 75.71 76.03 76.16 75.85 76.05 76.19 76.25 76.30 76.26 75.92 76.09 76.04 76.14 75.96 75.71 75.98 75.91 75.92 75.90 75.82 75.38 76.09 75.85 75.80 75.59 75.06 75.61 74.77 74.75 74.92 75.54
75.48 75.08 74.75 75.22 75.23 76.13 76.21 76.63 76.52 76.58 76.56 76.68 76.69 76.70 76.60 76.42 76.29 76.23 76.16 75.85 75.33 75.19 75.27 75.02 75.39 75.29 74.93 75.76 75.62 75.04 74.81 75.15 74.89 75.13 75.31 75.43 75.44 75.50 75.52 75.75 75.77 75.87 75.90 75.90 76.00 76.03 75.99 75.96 75.98 75.96 75.85 75.75 75.61 75.69 75.81 75.97 75.98 76.00 75.87 74.92 76.07 76.18 76.35 76.55 75.81 76.16 76.14 76.15 75.48 75.40 75.67 75.55 75.63 75.78 76.01 75.86 75.31 75.10 74.69 74.35 74.40 74.76 75.74 75.16 75.35 75.39 75.38 75.29 75.01 75.43 75.42 75.46 75.42 75.62 75.40 75.65 75.93 75.74 75.46 75.56 75.31 75.36 75.24 75.14 74.75 75.11 74.91 75.15 75.24 75.12 75.11 74.96 75.05 75.65 75.95 76.48 76.42 76.20 76.01 75.89 75.90 76.10 76.29 76.22 76.36 76.27 76.21 76.27 76.25 76.46 75.42 75.40 75.35 75.23 76.86 74.74 74.73 74.87 75.37 74.11 74.08 74.13 74.68 74.71 74.76 74.30 74.18 75.52 75.24 74.80 75.66 75.48 75.41 76.02 76.01 74.39 75.05 75.26 75.92 75.57 74.91 75.10 75.96 75.58 75.88 76.22 76.02 76.08 76.00 75.94 75.55 75.44 75.25 74.59 75.64 75.87 75.37 75.20 74.85 74.81
75.48 75.45 75.85 75.14 74.82 75.29 75.87 75.96 76.24 76.15 76.45 76.28 76.65 76.50 76.52 76.37 76.44 76.47 76.43 75.94 75.37 75.35 75.06 75.18 75.08 75.24 75.25 75.07 75.02 75.11 75.04 75.19 75.45 75.45 75.39 75.14 74.94 75.33 75.75 75.43 75.91 75.54 75.31 75.75 75.81 75.77 75.54 75.88 75.78 75.75 75.52 75.61 75.85 76.23 75.81 75.03 75.57 76.27 76.10 76.16 76.07 76.04 76.18 76.41 76.80 76.50 75.67 76.58 75.54 76.16 75.86 75.60 75.66 75.53 75.65 76.20 76.33 76.16 76.10 75.68 75.48 75.04 75.17 75.16 75.19 75.26 75.42 75.41 75.42 75.36 75.33 75.35 75.50 75.43 75.48 75.25 75.39 75.47 75.30 75.61 75.66 75.34 75.44 75.70 75.58 75.33 75.12 74.87 74.91 74.65 75.18 75.28 75.61 76.21 76.66 76.72 76.73 76.46 76.25 76.18 76.13 76.08 76.14 76.17 76.41 76.48 76.33 76.28 76.31 76.40 76.21 75.54 75.41 75.72 75.28 74.82 74.59 74.79 74.57 73.66 75.65 74.39 75.14 75.02 74.98 74.64 74.52 74.38 74.16 74.44 74.71 75.15 75.00 75.18 75.60 75.97 76.25 76.27 75.96 75.83 75.26 75.36 75.59 75.65 75.60 74.69 74.58 74.92 75.42 75.72 75.83 75.89 75.68 75.99 75.97 74.96 75.51 75.66 75.63 75.93
76.17 75.19 74.77 75.38 75.70 75.90 75.86 75.16 75.28 75.50 75.03 75.28 75.88 75.29 77.08 75.38 75.79 75.72 76.34 76.01 75.93 75.88 75.91 75.22 75.04 74.83 75.97 75.61 75.04 75.15 75.64 75.98 76.00 75.86 75.84 75.50 75.09 75.31 75.23 75.21 75.67 74.90 75.35 75.71 75.38 74.34 75.94 76.13 76.18 76.11 76.08 76.24 76.19 75.77 75.27 76.38 76.39 76.14 76.40 76.37 76.27 76.05 76.17 76.23 76.50 76.86 76.53 75.80 76.67 76.71 76.49 76.15 75.12 76.03 76.28 75.69 75.57 75.67 75.55 75.28 74.36 74.37 75.12 75.42 75.16 75.08 74.95 75.27 75.40 75.36 75.44 75.36 75.39 75.60 75.48 75.54 75.48 75.28 75.44 75.58 75.68 75.53 75.46 75.46 74.87 75.51 75.42 75.46 75.49 75.61 75.73 75.79 75.88 76.08 76.37 76.42 75.85 75.80 75.88 75.66 77.06 76.46 75.72 75.97 76.17 76.23 76.45 76.54 76.17 76.48 76.88 76.59 74.19 76.36 76.20 75.99 74.85 75.07 75.03 75.44 74.62 74.58 74.53 74.63 74.68 74.58 74.61 74.40 74.66 74.48 74.65 74.60 74.73 74.90 74.98 76.05 76.68 76.59 76.58 76.43 76.22 75.93 75.70 75.49 75.48 75.15 74.72 74.95 75.02 74.03 74.80 75.55 75.70 75.42 74.40 74.80 75.01 75.95 76.01 75.99
76.16 75.65 75.48 75.77 75.78 75.59 74.42 75.07 75.26 75.06 75.54 75.06 75.31 74.56 75.53 75.97 75.64 75.77 75.47 75.78 75.94 75.96 75.64 75.49 74.68 75.11 75.31 75.37 75.80 75.11 75.34 76.02 76.10 75.76 76.05 75.77 75.23 74.72 74.59 74.77 75.06 75.64 75.96 75.92 75.84 75.49 76.04 76.21 76.42 76.41 76.42 76.42 76.48 76.51 76.21 75.99 76.12 75.92 76.25 76.38 76.02 75.66 76.55 76.34 75.57 76.77 75.52 76.17 76.55 74.89 75.32 76.25 77.01 75.91 76.52 75.73 75.79 75.44 75.22 75.28 74.70 74.79 75.10 74.85 74.92 75.37 75.19 75.13 75.53 74.29 75.22 75.48 75.57 75.46 75.97 75.26 75.18 75.21 76.30 75.16 75.09 75.54 75.38 75.41 75.49 75.55 75.53 75.47 75.46 75.80 75.89 76.12 76.20 76.21 76.03 75.62 75.65 75.77 75.44 75.04 75.10 75.10 75.78 76.19 76.60 76.71 76.79 76.69 76.79 76.98 76.69 76.64 76.32 76.12 76.24 75.97 75.53 74.51 74.05 74.32 76.21 76.03 74.09 74.10 75.36 74.37 74.49 73.91 74.46 74.78 74.32 74.39 74.90 75.55 75.85 76.08 76.29 76.22 76.33 76.31 76.28 76.19 76.05 75.89 75.47 75.17 74.86 74.80 74.99 74.81 75.77 74.28 74.98 75.17 74.89 75.51 75.75 75.56 75.84 76.00
75.93 75.97 76.14 76.40 75.96 74.84 75.19 75.04 74.68 74.73 74.82 76.30 74.80 74.93 74.62 74.68 75.26 75.69 75.27 75.13 76.26 75.18 75.21 75.20 74.55 75.13 75.37 75.36 75.33 74.61 74.15 75.95 75.72 75.80 75.76 75.52 75.65 75.07 74.90 74.96 74.78 75.31 75.52 75.66 75.75 75.49 75.08 75.03 75.86 76.35 76.39 76.46 76.29 76.26 76.01 75.40 75.19 75.21 74.98 74.85 75.49 76.92 75.89 75.29 76.69 77.08 76.87 75.94 77.83 73.94 77.27 75.93 75.31 75.96 75.54 76.47 76.74 76.41 76.05 76.84 76.87 75.89 75.17 75.24 75.47 75.21 75.26 75.01 74.95 75.26 75.34 75.43 75.16 74.87 74.88 74.83 74.84 74.93 75.33 74.93 74.70 74.84 74.83 74.90 74.89 75.48 75.53 75.72 75.90 76.05 76.19 76.34 76.49 76.58 76.46 76.17 76.30 76.31 76.47 76.21 76.13 76.32 76.74 77.05 77.27 77.25 77.27 77.26 77.26 77.44 76.96 76.83 76.60 76.80 76.69 76.60 76.52 76.04 74.44 75.36 76.20 76.52 74.59 74.74 75.20 75.03 74.70 74.51 74.49 74.81 75.21 75.37 75.51 75.28 75.73 75.51 75.99 75.48 74.76 74.98 76.06 76.16 76.07 75.78 75.38 75.11 74.89 74.88 74.98 74.90 74.63 74.52 74.94 75.01 75.87 74.99 75.01 75.12 75.39 75.87
75.97 75.99 76.11 76.17 75.61 75.55 75.47 75.11 74.96 75.37 75.33 75.23 75.10 75.21 74.94 75.13 75.60 75.49 75.48 75.41 74.94 74.36 74.36 76.09 74.34 75.08 75.38 75.40 75.39 75.16 74.96 75.74 75.71 75.59 75.76 75.40 75.16 74.93 74.56 74.46 74.55 74.46 74.42 74.61 75.29 75.03 74.89 75.24 75.77 76.04 76.29 76.32 76.33 75.83 75.50 74.61 74.92 74.52 74.83 76.47 75.38 77.03 77.24 76.71 75.56 77.99 77.95 78.04 77.92 77.91 77.91 77.35 75.26 75.64 76.72 76.04 75.73 76.47 76.28 76.17 75.66 75.36 75.48 75.45 75.35 75.21 75.22 74.98 75.08 74.81 75.05 75.23 75.45 75.15 75.23 75.67 76.36 75.24 75.20 75.30 75.27 75.19 74.68 74.84 74.70 74.95 75.63 75.75 75.99 76.21 76.39 76.53 76.74 76.93 76.92 77.08 77.19 77.30 77.35 77.56 77.74 77.83 77.88 77.93 78.01 77.87 77.75 77.73 77.99 77.52 77.28 77.17 77.01 76.75 76.92 76.82 75.50 76.16 76.01 75.68 75.50 75.32 75.40 75.42 74.47 74.80 74.92 74.93 75.23 75.52 75.85 75.86 76.56 76.15 75.47 75.64 75.84 74.72 74.89 76.12 75.85 75.65 75.47 75.49 75.13 75.00 75.15 75.33 75.56 75.35 75.32 74.78 75.44 75.11 74.92 75.02 75.26 75.63 75.66 75.90
76.02 75.65 75.71 76.30 76.48 75.02 75.70 75.81 75.80 75.61 75.74 75.26 75.08 75.42 75.41 75.41 75.15 75.50 75.39 75.47 75.34 74.73 74.43 75.43 75.03 75.29 76.30 75.27 75.46 75.29 75.60 75.49 75.49 75.77 75.55 75.53 75.49 74.73 74.45 74.40 74.30 74.43 74.87 75.07 75.28 75.42 75.59 75.56 76.39 77.00 75.27 75.34 75.61 75.38 75.50 75.99 75.80 75.11 75.01 75.88 75.44 77.13 77.24 77.37 78.28 78.12 77.97 77.97 77.98 77.99 77.97 77.86 77.54 77.18 76.30 76.11 76.36 76.66 75.89 76.11 76.28 76.10 75.95 75.76 75.53 76.39 75.71 75.28 75.41 75.45 75.16 75.10 74.99 75.41 74.91 74.76 75.06 75.15 75.24 75.11 75.26 75.36 74.95 74.30 75.44 75.24 75.43 75.76 75.91 76.02 76.50 76.70 77.00 77.21 77.32 77.51 77.78 77.89 78.21 78.72 79.19 79.59 79.78 79.85 79.89 79.45 79.29 79.36 79.36 79.24 78.46 77.57 77.58 77.73 76.90 77.09 77.12 76.82 75.77 75.75 75.89 75.43 75.50 75.15 75.30 75.94 75.20 75.19 75.26 75.07 75.32 75.68 76.02 76.20 76.76 75.90 75.78 74.51 76.16 75.82 75.95 75.98 75.98 75.64 75.40 75.34 75.05 75.37 74.83 75.35 75.54 74.95 74.47 74.47 74.99 75.54 75.62 75.73 75.95 76.01
75.92 75.76 75.45 75.52 76.07 75.91 75.82 75.08 76.00 75.52 75.20 75.45 75.31 75.54 75.39 75.29 75.39 74.77 75.24 75.32 75.12 74.78 74.37 74.21 73.94 75.05 74.75 75.11 75.40 75.42 75.31 75.49 75.21 75.15 75.31 75.05 75.07 74.94 74.67 73.98 73.95 73.81 74.14 75.08 75.28 75.47 75.58 75.25 76.47 76.85 75.18 75.15 74.71 74.45 75.43 76.36 76.56 76.52 75.59 75.01 75.04 75.26 77.28 77.87 78.09 77.93 78.06 77.99 77.98 77.97 77.97 78.01 77.56 77.60 77.73 77.96 76.40 76.44 76.06 76.08 76.23 76.12 75.71 75.52 75.30 75.86 75.12 75.22 75.44 75.40 75.36 75.42 75.53 75.60 75.33 74.96 75.07 75.15 75.22 74.86 75.41 75.12 74.85 75.26 75.14 75.31 75.64 75.93 76.18 76.24 76.81 76.99 77.08 77.42 77.63 77.91 78.22 78.78 79.41 80.17 80.44 80.85 81.01 81.23 81.20 81.21 81.02 81.02 80.88 80.67 81.00 80.42 78.27 78.18 77.67 77.29 76.62 75.40 74.72 76.22 75.88 75.27 76.21 75.23 74.70 74.92 75.25 75.78 75.54 75.63 75.98 76.01 75.88 75.77 75.20 75.78 75.83 75.98 75.89 75.91 75.85 75.42 75.54 75.90 75.85 75.64 75.16 75.83 75.45 75.77 75.41 75.05 75.46 74.91 75.01 75.30 75.44 75.67 75.75 75.90
75.09 75.32 75.18 75.56 76.31 76.51 76.64 75.82 75.82 74.91 75.32 74.90 74.89 74.75 75.03 74.85 74.79 74.83 74.18 74.41 74.70 74.94 74.26 74.13 74.71 74.51 74.85 75.38 75.36 75.36 75.18 75.40 75.08 73.98 73.97 74.12 74.39 74.38 74.42 73.96 73.81 73.87 74.02 74.80 75.14 75.33 75.37 75.37 75.30 75.20 75.02 74.72 74.29 74.11 74.36 74.77 75.79 75.86 75.22 75.03 76.77 77.05 77.22 77.46 77.94 78.23 78.03 78.04 78.00 78.10 78.11 77.91 77.71 76.71 77.11 76.19 76.17 76.49 76.03 76.16 76.16 76.08 75.80 75.45 75.49 75.05 75.19 76.55 75.88 75.46 75.26 75.40 75.96 75.98 75.43 75.20 74.62 75.60 74.93 74.92 74.88 74.89 75.16 75.50 75.60 75.26 75.22 75.97 76.18 76.53 76.20 76.81 77.35 77.71 78.20 78.78 79.43 79.86 80.49 80.90 81.55 81.96 81.55 81.51 80.58 81.11 81.21 81.33 81.19 81.14 81.18 81.20 80.94 80.40 79.02 78.14 77.21 76.54 76.86 76.38 76.62 75.96 75.00 75.51 75.66 74.79 75.42 75.20 75.67 75.81 75.18 75.62 75.61 75.56 75.44 75.85 75.64 75.45 75.14 75.17 74.09 74.81 75.51 75.39 75.09 75.61 75.98 76.27 75.66 76.24 76.13 75.84 75.79 75.32 74.93 74.57 74.75 74.96 75.30 75.46
74.90 75.36 75.12 75.08 75.73 76.28 75.62 75.13 75.61 75.20 74.92 75.02 74.12 75.34 74.29 74.50 73.78 73.99 74.68 74.48 74.93 74.36 74.68 74.97 74.94 75.37 74.77 75.11 75.28 75.26 75.27 75.26 75.33 74.56 74.38 74.51 74.77 74.82 74.80 74.52 74.14 74.03 74.35 74.45 74.34 74.92 74.94 75.03 74.83 74.87 74.56 74.40 74.08 74.08 74.02 74.33 74.64 74.62 75.12 75.59 74.68 76.45 76.07 77.16 77.15 78.06 78.22 78.19 78.13 78.20 78.15 78.00 77.84 76.84 77.11 77.05 76.19 76.11 75.89 75.36 76.01 75.76 75.66 75.60 75.27 75.32 75.08 75.32 75.63 75.51 75.61 75.61 76.14 75.56 75.33 74.66 74.96 74.82 75.13 75.67 74.96 74.60 74.83 75.14 76.01 76.04 75.61 75.94 76.39 76.33 76.18 76.56 77.20 77.43 79.38 80.59 81.04 81.80 82.24 81.50 81.05 81.33 81.69 81.58 81.17 80.86 80.64 81.03 81.22 81.11 81.13 80.94 80.96 80.87 80.31 79.28 78.34 77.53 77.09 76.88 76.75 76.61 76.03 75.56 76.13 76.10 75.54 75.90 75.83 75.82 75.83 75.25 75.09 75.45 75.05 75.33 75.39 74.83 74.51 75.15 75.88 76.00 75.09 75.02 75.51 76.04 75.89 76.08 76.27 76.16 76.10 76.03 75.20 75.22 74.93 75.46 75.14 75.00 75.36 75.23
75.39 75.46 75.31 75.36 75.62 75.57 75.69 75.71 75.82 75.02 74.79 75.29 74.80 74.62 74.70 74.70 75.62 74.63 75.00 75.11 74.89 75.17 75.78 74.79 75.14 75.39 75.21 75.09 75.09 75.05 74.92 75.01 74.94 74.74 74.75 74.71 74.74 74.76 74.86 74.86 74.55 74.45 74.62 74.53 74.51 74.70 74.70 74.50 74.34 74.17 74.09 74.08 74.04 73.62 73.46 74.47 74.87 75.02 75.40 75.69 76.05 76.02 76.47 76.64 76.66 77.65 77.91 78.98 78.81 78.40 78.26 78.10 77.53 77.28 77.02 77.19 76.01 75.94 75.90 76.81 75.52 75.73 75.43 75.38 75.31 75.20 75.20 75.69 75.67 75.56 75.44 75.52 75.75 75.49 75.28 75.38 75.00 75.03 74.98 75.69 74.21 74.82 75.01 75.09 75.70 75.08 75.68 75.93 76.18 76.23 76.36 76.29 77.21 78.18 80.64 81.14 82.13 82.25 81.61 82.00 81.78 82.04 81.86 81.84 81.60 81.98 82.11 81.16 81.01 81.50 81.12 81.01 81.02 80.88 80.29 79.95 78.79 77.80 77.28 77.05 76.76 76.90 74.95 76.15 76.17 75.88 76.00 75.69 75.53 75.88 75.54 75.33 75.61 75.30 75.38 75.04 74.82 74.90 74.42 73.75 74.89 74.69 75.20 76.06 76.18 76.08 75.55 76.22 75.68 75.75 76.04 75.93 75.20 75.23 75.34 74.50 74.55 75.11 75.30 75.20
75.93 75.14 76.05 75.65 75.91 75.55 75.66 75.62 75.39 75.15 74.77 74.85 74.65 74.47 74.78 74.81 75.18 75.26 75.12 75.09 74.60 74.83 75.02 75.03 74.75 75.10 75.19 75.20 74.55 74.84 74.70 74.95 74.99 74.57 74.64 74.63 74.66 74.76 74.93 75.02 74.45 74.22 73.30 73.36 74.11 74.48 74.33 74.11 74.14 73.90 73.80 73.81 73.72 73.82 73.86 74.56 74.66 74.84 74.94 75.33 75.33 75.45 75.94 75.44 76.95 76.85 77.43 77.55 77.68 77.76 77.64 77.61 77.02 77.29 77.12 76.16 76.04 76.21 76.06 76.17 75.90 77.19 75.43 75.63 75.46 75.44 75.30 75.74 75.70 75.43 75.34 75.51 75.56 75.46 75.42 75.17 75.40 75.14 75.48 74.97 74.90 75.01 74.86 74.47 74.53 74.89 75.57 76.37 75.82 76.09 76.22 76.36 77.39 79.12 80.97 81.86 81.84 81.55 81.79 82.17 81.93 81.91 81.63 81.98 81.90 81.21 81.37 81.29 81.56 81.28 81.10 81.06 80.85 80.52 79.53 79.41 78.83 78.00 77.27 77.27 77.05 77.10 76.76 76.67 76.42 76.23 75.98 75.78 75.79 76.44 76.04 75.88 75.80 75.41 75.35 75.05 74.77 74.75 74.83 74.85 74.64 74.75 75.43 76.24 76.42 76.38 76.17 76.05 75.67 75.88 75.85 75.99 74.66 75.41 75.46 76.18 75.13 75.37 75.68 75.62
76.11 76.01 76.04 76.41 76.20 75.46 75.56 75.46 76.06 76.46 77.10 76.91 75.67 74.86 75.12 75.00 74.56 74.82 74.53 74.87 74.52 75.07 75.02 75.01 74.82 74.01 74.52 74.70 74.92 74.48 74.36 74.61 74.43 74.44 74.22 74.51 74.57 74.74 74.77 72.83 72.55 72.39 70.81 70.58 70.65 72.69 72.69 72.70 73.39 73.71 73.46 73.82 73.59 73.76 73.73 73.80 73.89 74.38 75.24 75.08 74.75 74.24 75.57 76.25 76.21 76.82 76.81 77.11 77.45 77.51 77.45 77.05 77.29 76.63 76.68 76.66 76.43 77.33 76.33 75.87 76.08 75.94 75.58 75.58 75.39 75.40 75.54 75.82 75.81 75.65 75.39 75.60 75.30 75.35 75.46 74.96 74.80 75.30 75.23 75.10 74.77 74.86 74.39 74.17 75.72 75.01 75.38 75.96 75.98 76.02 76.28 76.58 77.36 79.17 80.62 81.89 81.89 81.18 82.01 82.04 82.01 81.82 82.08 82.23 81.78 81.20 81.55 81.64 81.40 81.57 81.32 81.02 80.31 79.71 79.42 79.15 78.51 77.91 77.63 77.29 77.46 76.51 76.29 76.55 75.53 75.61 76.01 76.11 76.17 76.12 76.02 76.01 76.01 75.35 75.21 75.15 74.91 75.33 75.27 75.04 74.99 74.93 75.56 75.95 76.10 75.99 76.08 75.99 75.24 75.67 75.68 74.94 74.85 75.56 75.48 75.59 75.62 75.84 76.04 75.69
75.95 76.08 75.78 75.39 76.26 75.37 75.81 75.67 74.94 75.38 76.65 76.65 75.19 74.87 75.45 75.16 75.42 74.95 75.19 75.25 75.42 74.69 75.44 75.43 75.16 75.16 74.94 74.66 74.80 74.69 74.56 72.83 73.83 74.22 74.22 74.39 74.52 74.49 73.80 73.66 73.11 71.97 71.67 71.75 72.08 72.20 72.11 72.34 71.82 72.80 73.45 73.49 73.53 73.63 73.78 73.82 74.05 74.37 74.46 74.94 74.96 75.13 74.71 74.95 75.73 75.20 76.34 77.32 77.22 77.17 77.21 77.19 76.79 76.60 76.74 76.61 76.51 76.28 76.11 76.12 76.05 76.06 75.89 75.67 75.62 75.38 75.74 76.03 75.67 75.61 75.84 75.89 75.79 75.33 75.56 75.16 75.17 75.12 75.09 75.52 74.83 75.03 74.65 74.76 74.67 74.63 75.35 75.79 76.05 76.10 76.12 76.79 77.43 78.31 80.41 81.99 82.27 82.12 81.64 81.94 82.24 82.08 82.20 82.24 81.90 81.55 81.92 81.64 81.77 81.38 81.11 80.55 79.85 79.50 78.98 78.67 78.45 78.20 77.58 76.98 76.84 76.25 76.17 76.08 76.05 76.26 76.42 76.21 75.45 76.06 76.11 76.22 75.94 75.75 75.38 75.64 75.38 75.09 75.67 75.50 75.20 75.08 75.11 75.33 75.68 75.81 76.25 76.06 75.76 75.72 75.84 75.63 75.98 75.88 75.91 75.61 75.75 75.99 76.15 76.28
76.29 76.09 76.08 75.68 76.77 76.46 76.01 75.17 74.67 74.07 73.80 74.70 74.58 75.43 75.84 75.80 75.80 75.80 75.62 75.52 75.50 75.48 75.15 75.35 75.02 74.66 74.74 74.29 74.18 74.68 74.57 73.71 73.86 73.30 73.95 73.13 73.66 71.94 72.05 73.60 71.89 71.21 72.36 72.39 72.31 72.27 72.46 73.09 72.55 72.53 72.34 72.90 73.45 73.91 73.93 74.05 73.97 74.51 74.64 74.49 74.48 75.22 75.22 75.59 76.08 76.09 76.51 76.70 75.26 76.93 76.57 76.66 76.71 76.82 76.67 76.49 76.36 76.33 76.33 76.09 75.83 75.67 75.37 76.74 75.70 75.48 75.49 75.38 75.94 75.61 75.75 75.90 75.85 75.62 75.16 75.45 75.09 75.01 75.42 75.38 74.77 74.74 74.59 74.77 74.95 74.93 76.40 75.44 75.96 76.21 76.29 76.41 76.91 78.07 79.19 81.54 82.30 82.62 82.95 81.98 82.05 82.08 81.59 82.20 81.67 81.76 81.56 81.67 81.60 81.49 81.29 80.24 79.37 79.03 78.57 78.32 77.96 77.61 77.32 77.03 76.36 76.43 75.90 75.92 75.76 75.90 76.21 76.23 76.19 76.05 76.23 76.07 75.97 75.91 75.74 75.77 76.00 75.78 75.68 74.99 75.32 75.28 74.85 74.83 75.51 75.71 76.23 75.79 75.82 75.96 76.12 76.09 76.06 76.03 75.83 75.66 76.32 76.46 76.32 76.70
76.28 76.78 76.09 75.36 75.96 75.31 75.22 75.39 74.77 74.07 73.94 74.72 75.40 75.58 75.75 75.67 75.80 74.40 75.54 75.48 75.41 75.20 75.20 75.00 74.52 74.75 74.57 74.43 73.94 74.07 73.77 73.65 73.74 73.48 73.60 73.74 73.11 71.83 71.93 71.88 71.40 72.33 72.97 72.88 72.59 72.83 72.67 72.75 72.99 73.04 72.88 72.13 72.83 73.79 74.11 74.31 74.32 74.35 74.38 74.49 74.67 74.86 74.85 75.91 75.87 75.29 75.54 75.95 75.87 76.65 76.56 76.72 76.44 76.12 76.25 76.41 76.40 76.37 76.57 76.25 75.87 75.55 75.74 75.56 75.65 75.32 75.23 75.36 75.49 75.58 75.61 75.81 75.72 75.28 75.30 75.27 75.52 75.78 75.08 74.95 74.98 74.42 74.55 74.92 75.09 75.05 75.13 75.51 76.11 75.96 75.94 76.16 76.52 76.80 77.90 79.19 81.94 82.35 82.74 82.82 82.02 81.98 82.67 82.63 81.62 81.72 81.65 81.51 81.59 81.40 80.57 78.90 78.36 78.29 78.10 77.89 77.97 77.59 77.55 77.50 76.61 76.23 75.40 75.87 75.63 75.78 75.93 76.02 76.16 76.25 76.09 75.88 75.25 75.27 75.34 75.64 75.34 75.14 75.48 75.70 75.46 75.15 75.58 75.80 75.61 75.62 75.45 75.70 75.67 75.21 76.18 76.24 75.93 75.87 76.04 76.13 76.66 76.50 76.12 75.51
76.34 76.43 75.36 75.18 75.37 74.54 74.92 74.08 74.10 74.64 74.58 74.84 75.47 75.63 75.96 75.56 75.81 75.85 75.48 75.48 74.77 75.21 75.14 75.11 74.80 74.54 74.55 74.37 74.15 73.89 73.73 72.99 73.34 73.13 72.84 73.00 72.40 71.54 71.40 70.80 71.03 72.35 73.14 72.79 73.44 72.88 73.68 73.76 73.53 73.57 73.03 72.20 71.50 72.96 73.78 74.31 74.29 74.37 74.42 74.43 74.80 75.22 75.12 75.87 75.96 76.03 76.00 75.99 75.91 75.75 75.96 76.48 76.43 76.12 76.51 76.11 76.55 76.30 76.24 76.33 76.09 75.87 76.09 75.73 75.66 75.53 75.47 75.35 75.36 75.45 75.50 75.19 75.40 75.58 75.34 75.47 75.24 75.49 75.19 74.68 74.85 74.67 74.43 74.65 74.89 75.01 75.02 74.95 75.61 75.92 75.78 75.73 75.53 75.91 76.56 77.71 79.98 81.39 82.07 82.52 82.49 82.84 81.78 81.56 81.79 81.77 81.48 81.44 80.54 79.57 79.06 78.16 77.74 77.68 77.65 77.64 77.79 77.68 77.40 77.33 76.94 76.25 75.87 75.75 75.59 75.53 75.71 75.68 75.80 75.94 75.91 75.65 75.50 75.30 74.79 74.68 74.80 74.75 75.41 75.01 75.35 75.63 75.18 75.45 75.33 75.26 75.64 75.78 76.00 75.58 75.78 76.24 75.48 75.98 76.00 76.16 76.31 76.11 75.79 75.78
76.26 75.56 75.41 75.33 74.71 74.78 74.28 74.69 74.82 74.68 74.86 74.90 75.28 75.56 75.83 75.82 75.82 75.36 75.20 75.49 75.08 75.14 75.06 74.98 74.79 74.72 74.52 74.33 74.03 73.73 73.46 73.30 73.25 72.72 72.57 73.05 72.30 71.35 71.48 70.78 71.65 72.38 72.74 73.27 73.49 73.70 73.73 73.93 73.93 74.04 73.21 72.20 72.56 72.66 72.81 72.78 74.00 74.54 74.53 74.85 75.24 75.61 75.85 75.91 76.07 76.02 76.09 76.22 76.15 76.09 76.18 76.93 76.11 75.87 76.06 76.03 76.11 76.21 76.38 76.35 76.42 76.32 76.07 76.07 75.92 75.55 75.28 75.13 75.33 75.38 75.37 75.46 75.19 75.41 75.48 75.37 75.44 75.33 75.28 74.87 74.84 75.29 74.98 74.80 75.06 75.24 75.33 75.05 75.65 75.89 76.13 75.73 76.12 76.03 76.80 76.80 77.67 78.08 78.47 80.92 81.69 82.25 81.36 81.64 81.45 81.56 81.14 80.58 78.47 77.75 78.17 77.96 77.56 77.54 77.48 77.21 77.17 77.39 77.34 77.08 76.98 75.90 75.93 75.64 75.78 75.35 75.49 75.47 75.49 75.58 75.70 75.50 75.29 75.30 74.95 74.88 75.50 74.69 74.53 74.36 75.44 75.78 76.16 75.57 75.75 75.92 76.05 75.95 75.98 75.85 75.70 75.95 75.61 75.88 75.87 75.69 75.87 76.02 75.99 75.93
76.25 75.54 74.28 75.31 74.69 74.53 75.05 74.63 74.93 74.76 74.76 74.98 75.52 75.72 75.82 75.77 75.73 74.71 75.57 75.53 75.33 75.06 75.05 74.93 74.84 74.68 74.51 74.22 73.91 73.65 73.40 73.09 72.90 72.85 72.81 72.11 72.14 71.72 70.51 69.73 71.55 72.51 72.91 73.20 73.51 73.78 73.96 74.08 74.19 74.19 74.16 74.03 73.40 73.42 73.34 72.70 72.98 73.44 74.50 74.80 75.30 75.92 76.05 76.00 76.37 76.05 75.90 76.02 76.23 76.20 76.35 76.63 76.34 75.98 76.20 76.47 76.24 76.21 76.55 76.48 76.42 76.43 76.19 76.30 75.71 75.68 75.53 75.30 75.19 75.36 75.46 75.47 75.59 75.52 75.47 75.39 75.42 74.97 75.32 74.97 75.43 75.49 75.20 75.21 75.45 75.56 75.64 75.55 75.00 75.81 75.54 76.07 76.23 76.34 75.70 75.99 77.10 76.99 77.54 77.55 78.02 78.01 78.86 80.40 79.42 79.63 78.52 78.89 77.72 77.45 77.22 76.96 77.25 77.38 77.23 76.92 77.05 77.02 76.95 76.45 76.39 76.07 75.80 75.66 75.62 75.47 75.44 75.52 75.52 75.57 75.61 75.40 75.38 74.94 75.16 74.75 74.30 74.54 75.27 74.29 75.23 75.67 75.85 75.38 75.89 75.11 75.84 76.02 75.78 75.65 75.83 75.70 75.49 75.61 75.70 75.88 75.71 75.86 76.00 76.16
75.91 75.49 75.45 75.39 74.80 74.68 75.23 74.39 74.81 75.14 75.04 75.44 75.37 75.52 75.84 75.61 75.84 75.03 75.55 74.99 75.02 75.04 74.92 74.89 74.69 74.58 74.44 74.31 73.87 73.57 73.24 72.95 72.59 72.59 72.43 72.58 72.76 71.53 71.29 69.92 71.77 72.54 72.89 73.27 73.59 73.87 74.07 74.21 74.31 74.46 74.45 74.52 74.29 73.73 73.74 73.84 74.12 74.11 74.04 74.05 73.86 75.35 76.08 76.11 76.07 76.09 76.19 76.38 76.15 76.05 76.08 76.67 76.76 76.96 76.51 76.15 76.44 76.45 76.66 76.64 76.62 76.60 76.48 76.22 76.10 75.84 75.89 75.91 75.52 75.40 75.35 75.55 75.56 75.17 75.31 75.44 75.45 75.17 75.16 75.15 75.42 75.66 75.13 75.44 75.61 75.49 75.79 75.16 74.77 75.05 75.68 75.71 76.01 75.82 75.77 75.87 75.89 77.03 76.96 77.15 77.29 77.28 77.51 77.57 77.62 77.80 78.08 77.80 77.73 77.39 76.98 77.19 77.23 77.06 76.67 76.85 74.89 76.92 76.90 75.37 75.89 75.55 75.46 75.46 75.49 75.50 75.51 75.53 75.44 75.41 75.38 75.14 74.69 74.58 74.45 74.73 75.31 74.38 74.47 75.09 74.76 75.22 75.69 75.67 76.09 75.25 75.90 75.68 75.87 76.02 75.93 75.76 75.35 75.14 75.17 75.56 75.56 75.63 75.99 76.05
76.03 75.31 75.66 75.39 75.33 75.27 75.41 75.76 75.22 75.55 75.37 75.96 75.95 75.85 75.96 75.74 75.79 75.37 75.01 75.45 75.11 74.94 74.88 74.75 74.62 74.42 74.27 74.11 73.75 73.32 73.00 72.72 72.48 72.31 72.24 71.64 71.99 72.32 71.28 71.59 71.99 72.48 72.95 73.29 73.50 73.76 73.93 74.16 74.31 74.33 74.51 74.57 74.31 73.96 73.15 73.82 74.12 74.28 74.30 74.17 73.53 74.70 75.84 75.90 76.03 76.05 76.04 75.52 75.75 75.89 75.95 75.99 76.51 77.13 77.30 76.61 76.75 76.83 77.03 76.75 76.75 76.66 76.94 76.54 76.77 76.11 76.19 76.20 76.15 75.50 75.83 75.69 75.94 75.09 75.50 75.45 75.46 75.02 74.70 75.38 75.42 75.29 75.37 75.41 75.26 74.89 75.35 74.69 74.49 74.84 75.15 75.25 75.63 75.48 76.02 76.50 76.13 76.72 76.94 77.10 77.24 77.12 77.03 77.48 77.18 77.66 77.52 77.03 76.90 76.71 76.89 76.61 76.58 76.81 76.59 75.83 75.72 76.05 75.16 75.60 75.46 75.26 75.11 75.16 75.26 75.34 75.66 75.40 75.35 75.23 75.18 74.98 74.62 74.25 74.40 74.65 75.04 74.61 74.12 74.54 74.45 74.85 75.27 75.69 75.35 75.39 75.83 75.38 75.69 75.88 75.84 75.44 75.12 75.72 75.74 75.54 75.67 76.06 76.32 75.97
75.99 75.96 75.43 75.44 75.35 75.46 75.67 75.85 76.00 76.07 76.05 76.01 76.21 76.28 75.98 76.13 74.80 75.12 75.53 75.12 75.11 74.84 74.83 74.72 74.54 74.27 74.05 73.72 73.37 73.02 72.69 72.34 72.15 72.05 72.09 72.03 71.31 71.64 71.22 71.47 71.93 72.46 72.79 73.05 73.29 73.51 73.74 73.97 74.22 74.37 74.65 74.62 74.62 74.29 73.61 73.78 74.08 74.11 74.08 73.77 73.15 74.88 75.68 75.75 75.46 75.65 75.91 75.55 75.91 75.88 75.70 76.16 76.31 76.86 77.02 77.16 76.69 76.84 76.72 76.90 76.89 76.80 76.83 77.08 76.70 76.35 76.46 76.56 76.41 75.32 75.93 75.70 75.98 76.03 76.02 75.54 75.43 76.53 75.40 74.96 75.12 74.92 74.71 74.56 74.85 75.25 74.53 74.48 74.19 74.77 75.02 75.47 75.36 75.03 75.00 75.27 75.85 76.10 76.38 76.58 76.99 76.76 77.00 77.19 77.21 77.46 77.15 76.74 76.71 76.55 76.18 76.24 76.41 76.51 75.69 75.16 74.54 74.72 75.09 75.39 75.17 74.98 74.68 74.83 75.14 75.25 75.33 75.43 75.18 75.12 75.06 74.99 75.18 75.03 75.11 74.59 75.06 74.61 74.26 74.58 74.22 75.01 75.23 75.49 75.49 75.67 75.58 75.74 75.64 76.23 75.67 76.55 75.64 75.72 75.79 75.72 75.55 76.17 76.50 75.97
75.75 75.85 75.44 75.44 75.42 75.43 75.76 76.44 76.16 76.05 75.92 75.96 76.07 75.90 76.02 76.12 75.73 75.36 75.39 75.16 74.98 74.79 74.73 74.58 74.39 74.18 73.81 73.37 72.89 72.50 72.21 71.89 71.70 71.67 71.79 71.36 71.51 70.90 71.04 71.50 71.85 72.23 72.48 72.74 73.02 73.23 73.53 73.75 73.99 74.20 74.34 74.54 74.58 74.22 73.78 74.05 73.70 73.97 73.69 73.38 73.46 73.79 75.55 75.53 75.62 75.48 75.82 75.94 75.89 75.92 76.06 76.04 76.27 76.53 77.05 77.30 77.02 76.87 77.01 77.07 76.98 76.93 76.88 77.07 76.95 77.08 76.59 76.61 76.40 76.01 75.85 76.00 76.15 76.21 75.79 75.64 75.46 75.12 75.07 75.23 75.33 75.43 74.49 74.83 75.08 74.98 75.20 74.28 74.20 74.63 75.09 74.71 75.19 75.17 75.25 75.52 75.66 76.09 76.16 76.58 76.73 76.89 76.53 77.04 76.78 76.68 76.71 75.75 76.18 76.18 76.04 75.87 76.31 75.71 75.29 75.04 73.99 74.11 74.91 74.78 74.99 74.97 74.63 74.34 75.17 75.29 75.32 75.36 75.37 75.14 74.90 74.66 74.41 74.69 75.40 74.69 74.86 74.80 74.34 75.00 74.88 75.06 74.94 74.94 75.52 75.66 75.89 75.69 75.43 76.18 76.32 76.00 76.06 76.31 76.21 75.70 75.34 75.85 75.86 75.62
75.02 75.32 75.32 75.15 75.52 75.78 76.13 76.80 76.77 76.40 76.26 75.98 76.08 76.06 76.24 76.03 75.81 75.68 75.22 75.15 74.97 74.73 74.58 74.33 74.16 73.91 73.55 72.92 72.16 71.76 71.50 71.37 71.24 71.35 71.54 70.19 71.24 70.80 70.94 71.20 71.38 71.72 71.99 72.26 72.59 72.92 73.25 73.50 73.80 74.01 74.14 74.25 74.40 74.34 73.96 73.59 73.57 73.56 73.68 73.59 73.27 74.54 75.31 75.26 75.46 75.63 75.98 76.02 76.08 75.88 76.03 76.23 76.52 76.91 77.45 77.46 77.41 76.92 77.09 77.12 77.29 77.06 76.97 76.94 77.16 77.20 76.80 76.52 76.54 76.60 76.39 76.22 76.26 76.15 75.73 75.84 75.46 75.35 75.58 74.87 75.23 75.32 74.67 75.03 74.61 74.94 74.28 74.10 74.59 74.61 74.44 74.80 74.79 74.99 75.11 75.30 75.33 75.28 75.35 76.28 76.48 76.49 76.59 76.58 76.37 76.36 75.92 75.92 76.01 75.90 75.83 75.33 75.16 75.43 75.11 74.82 74.38 74.24 74.63 74.83 75.10 75.14 75.35 75.34 75.21 75.26 75.30 75.32 75.20 75.10 75.32 74.81 74.45 74.54 74.93 75.07 74.95 75.14 74.66 75.06 75.16 74.98 74.88 74.80 75.34 75.36 75.25 75.18 75.84 76.25 76.52 76.66 76.74 76.94 76.64 76.68 76.52 76.24 76.31 75.10
75.08 75.06 75.20 75.55 75.58 75.83 76.51 76.67 76.66 76.56 76.41 76.12 76.19 75.57 76.16 76.57 75.89 75.87 75.49 75.10 74.94 74.73 74.36 74.07 73.87 73.59 73.14 72.16 71.34 70.84 70.76 70.82 70.97 71.11 70.84 70.29 70.64 70.82 70.70 70.61 70.73 71.10 71.47 71.74 72.20 72.58 72.92 73.19 73.50 73.78 73.90 74.10 74.12 74.20 73.88 73.53 73.07 73.10 73.59 73.49 73.27 74.66 75.27 74.74 75.15 77.28 77.97 77.18 75.98 76.14 75.72 76.17 76.46 76.78 77.46 77.42 77.45 76.92 77.17 77.00 77.17 77.10 77.12 77.11 77.14 77.09 76.93 76.92 76.83 76.63 76.25 76.30 76.30 76.15 75.92 75.91 75.51 75.57 75.22 75.86 75.35 75.10 74.70 74.69 74.67 74.60 74.71 74.23 74.71 74.69 74.84 74.66 74.49 74.47 74.78 74.85 75.02 75.62 75.70 75.24 75.75 75.64 75.85 75.87 75.79 76.21 76.11 76.10 75.99 75.85 75.31 75.40 74.39 74.72 74.84 74.68 74.15 74.16 74.67 74.91 75.19 75.24 75.36 75.47 75.28 75.25 75.23 75.17 75.14 74.90 75.04 74.95 74.62 74.73 74.60 74.68 74.93 75.14 74.94 75.45 75.15 75.12 74.91 74.73 75.66 74.78 75.09 75.34 75.88 76.49 76.65 76.83 76.84 76.99 77.11 76.76 76.79 76.52 76.75 76.10
76.37 75.09 75.96 75.70 76.04 76.23 77.04 76.94 76.51 76.58 76.57 76.16 75.96 76.02 76.19 76.53 75.12 75.94 76.18 75.22 75.00 74.69 74.39 74.09 73.71 73.24 72.46 71.20 69.93 69.53 69.93 70.43 70.59 70.82 70.94 70.89 71.06 71.09 70.49 70.21 70.19 70.71 71.04 71.35 71.81 72.33 72.70 72.98 73.17 73.33 73.35 73.74 73.93 73.94 73.65 73.54 73.19 74.10 73.44 74.26 74.65 77.02 77.66 77.92 78.21 78.05 77.81 78.16 78.14 76.28 76.16 76.68 76.60 76.72 77.27 77.26 77.38 77.24 77.13 77.08 77.12 77.13 77.09 77.21 77.08 77.03 77.04 76.90 76.80 76.72 76.77 76.57 76.43 76.10 75.94 75.95 75.83 75.61 75.11 75.59 74.95 75.05 74.91 74.58 74.69 74.42 74.56 74.52 74.38 74.46 74.86 74.40 74.24 74.22 74.31 74.00 74.85 75.60 75.63 75.66 75.22 75.67 75.64 75.54 75.80 75.98 75.95 76.16 75.62 75.27 75.08 74.28 74.19 74.23 74.50 74.36 74.13 74.30 74.35 74.76 75.06 75.29 75.26 75.29 75.41 75.31 75.12 75.21 74.92 75.10 74.91 75.13 74.55 74.27 75.15 75.33 74.71 75.31 75.36 75.12 75.18 75.07 74.74 74.95 75.39 75.52 75.39 75.43 75.68 76.69 76.93 77.39 77.21 77.12 76.76 77.23 76.94 77.40 76.06 76.22
76.53 76.43 76.13 75.84 76.06 76.48 76.84 77.11 76.98 77.09 76.86 76.43 76.30 76.46 76.43 76.51 76.02 75.97 75.81 75.45 75.14 74.75 74.43 74.09 73.61 73.01 72.12 70.37 68.37 67.94 69.05 70.02 70.33 70.42 70.49 71.10 70.90 70.87 70.35 70.12 70.16 71.26 70.62 71.08 71.56 72.03 72.49 72.78 73.00 73.16 73.22 73.91 73.38 74.60 77.55 76.99 77.04 75.16 78.04 78.41 77.02 74.72 74.64 74.88 77.25 77.69 77.25 77.24 75.61 77.93 76.38 76.50 76.74 76.92 77.00 77.24 77.19 77.38 77.49 77.19 77.16 77.16 77.14 77.13 76.98 77.03 77.13 76.96 76.79 76.99 76.85 76.76 76.56 76.31 76.60 76.15 75.95 75.69 75.53 75.53 75.49 75.20 74.83 74.63 74.44 74.89 74.48 74.45 74.34 74.27 74.30 74.45 74.07 74.43 74.33 74.55 74.57 75.32 75.50 75.37 75.43 75.66 75.52 75.51 75.24 75.69 75.76 75.79 75.59 75.39 74.44 74.20 73.92 74.40 74.28 74.47 74.09 74.26 74.88 74.91 75.38 75.28 75.41 75.34 75.41 75.34 75.01 74.86 74.81 74.87 74.83 74.63 74.99 74.56 75.37 75.35 74.88 74.89 75.22 75.33 75.07 75.17 74.82 74.69 75.01 75.90 75.94 76.11 76.47 76.98 77.16 77.31 77.36 77.30 77.27 77.36 77.43 77.30 77.42 77.28
77.40 77.17 77.44 77.46 76.71 76.68 76.90 77.16 77.00 77.00 76.87 76.81 76.85 76.50 76.70 76.58 76.49 76.16 75.97 75.63 75.25 74.96 74.49 74.08 73.47 72.90 72.08 70.55 68.43 66.70 67.62 69.99 70.23 70.25 70.17 70.75 70.69 70.44 70.03 69.83 70.25 70.57 70.54 71.01 71.42 71.81 72.45 72.65 72.84 73.06 72.96 73.61 76.80 77.37 78.58 78.59 75.55 72.52 72.34 73.33 73.96 74.16 74.44 74.66 75.12 75.01 75.21 76.55 75.89 76.06 78.14 76.91 78.13 77.32 77.11 77.44 77.49 77.34 77.44 77.47 77.21 77.22 77.25 77.17 77.19 77.14 77.29 77.06 77.12 76.95 76.94 77.09 76.62 76.46 76.24 76.23 76.28 75.90 74.72 75.09 75.54 75.60 75.10 74.85 74.75 74.44 74.40 74.48 74.27 74.31 74.73 74.42 74.51 74.24 74.48 74.62 74.55 74.78 75.14 74.94 75.08 75.33 75.29 75.20 74.90 75.66 75.59 75.83 75.59 75.56 75.29 74.53 74.01 74.21 74.16 74.66 74.34 74.76 75.09 75.12 75.53 75.45 75.31 75.41 75.44 75.41 75.29 75.35 75.09 75.07 74.92 74.58 74.22 74.67 74.61 74.85 75.24 75.34 75.10 75.52 75.27 75.75 76.01 75.68 75.88 76.91 76.05 76.45 76.68 77.09 77.23 77.26 77.45 77.40 77.48 77.54 77.54 77.18 77.29 77.07
76.87 77.07 77.02 77.27 77.45 76.86 77.18 77.00 77.19 77.26 76.98 77.08 76.88 76.80 76.81 76.61 76.60 76.34 76.15 75.76 75.49 75.04 74.69 74.20 73.67 73.03 72.28 71.55 68.77 65.52 65.52 69.05 70.11 70.12 70.19 70.09 70.48 70.28 70.32 70.05 70.18 70.75 72.28 73.79 72.75 71.87 72.41 72.95 72.91 73.30 76.70 77.69 77.65 78.39 77.07 72.96 72.13 73.96 72.72 73.89 74.14 74.29 74.94 74.84 75.29 75.48 76.80 75.96 77.54 76.28 78.19 78.17 78.34 77.89 77.72 77.51 77.22 77.38 77.40 77.71 77.47 77.19 77.29 77.30 77.27 77.27 77.40 77.12 77.14 77.12 77.26 76.81 76.80 76.73 76.45 76.17 76.25 76.01 75.40 75.30 75.58 75.36 74.98 75.14 75.10 74.70 74.43 74.78 75.87 76.22 74.53 74.84 74.65 74.75 74.70 74.57 74.59 74.68 74.93 74.99 74.98 74.79 75.00 74.82 74.78 74.90 75.18 75.53 75.59 75.59 75.26 74.87 74.05 74.81 74.81 74.27 75.07 75.31 74.76 75.19 75.52 75.57 75.72 75.54 75.55 75.35 75.27 75.66 75.56 75.17 74.45 74.66 74.23 74.94 75.34 75.19 75.41 75.80 75.42 75.62 76.07 76.91 77.17 76.75 76.71 77.17 77.14 77.02 77.19 77.23 77.33 77.42 77.50 77.75 77.63 77.61 77.11 75.60 77.27 77.17
77.22 77.18 77.09 77.09 77.65 77.53 77.29 77.32 77.55 77.40 77.33 77.15 77.03 76.99 76.98 77.02 76.95 76.61 76.32 76.01 75.65 75.25 74.88 74.34 73.81 73.32 72.71 72.17 69.33 66.62 67.28 68.56 69.83 70.05 70.21 70.41 70.03 70.05 70.44 70.07 73.07 73.38 71.00 74.61 73.93 74.08 74.37 76.60 75.96 75.41 74.06 72.65 75.28 78.26 76.95 77.13 77.39 74.61 73.73 74.32 74.45 74.48 74.78 74.96 76.13 77.26 77.24 77.11 75.59 75.78 77.27 78.21 78.16 77.92 78.09 77.89 77.69 77.29 77.27 77.39 77.44 77.36 77.40 77.25 77.30 77.22 77.13 77.04 76.99 77.07 77.01 77.09 76.80 76.72 76.70 76.75 76.75 76.22 75.70 75.86 75.01 74.95 75.09 75.16 74.49 74.94 75.09 74.79 74.78 74.82 75.03 75.00 75.14 74.47 74.56 74.57 74.57 75.07 75.12 74.94 74.58 74.42 74.51 74.30 74.71 75.21 74.99 75.15 75.58 75.59 75.48 75.36 74.40 74.31 74.71 74.93 74.96 75.06 74.93 75.30 75.58 75.54 75.84 75.80 75.75 75.81 75.91 75.93 75.89 76.14 74.26 74.11 74.28 74.94 74.53 75.73 76.90 76.34 76.45 76.41 76.93 77.15 77.09 76.99 77.34 77.49 77.37 77.47 77.49 77.47 77.49 77.48 77.56 77.66 77.74 77.74 77.54 77.40 77.36 77.23
77.27 77.34 77.41 77.38 77.24 77.67 77.64 77.63 77.69 77.45 77.32 77.00 77.11 77.22 77.34 77.41 77.41 77.17 76.46 76.44 76.00 75.62 75.20 74.65 74.18 73.67 73.16 72.36 71.31 69.89 68.76 68.96 69.84 69.96 70.29 70.52 70.51 71.42 70.79 70.24 70.56 70.85 71.25 75.25 73.59 75.68 73.62 74.49 73.58 72.88 72.48 75.37 76.38 76.87 76.26 73.00 73.34 74.41 76.93 76.56 74.69 74.84 74.96 75.01 75.69 75.33 76.07 75.59 75.69 75.98 76.54 77.07 77.78 76.95 76.93 77.80 77.94 77.80 77.11 77.24 77.67 77.51 77.48 77.39 77.34 77.22 77.10 77.11 77.21 77.12 77.03 76.97 77.04 76.67 76.71 76.82 76.76 76.72 76.40 76.49 75.69 74.78 74.95 75.13 75.44 75.15 75.04 74.97 75.09 74.92 75.49 75.56 75.40 74.68 74.51 74.57 74.34 74.55 74.32 74.85 74.57 74.88 74.64 74.65 74.90 74.71 75.30 74.92 75.46 75.53 75.39 74.86 74.98 74.48 74.92 75.08 75.41 75.31 75.42 75.55 75.45 75.70 76.19 76.25 76.06 76.03 76.67 76.40 75.96 75.73 75.16 74.75 75.52 75.42 75.33 75.87 77.37 76.96 78.01 77.38 77.24 77.07 77.04 77.39 77.39 77.59 77.60 77.56 77.55 77.60 77.63 77.61 77.71 77.70 77.70 77.73 77.74 77.63 77.50 77.38
77.39 77.36 77.49 77.51 77.42 77.81 77.82 77.75 77.56 77.63 77.18 76.71 77.29 77.67 77.64 77.71 77.10 76.51 77.16 76.84 76.55 75.96 75.81 75.24 74.61 74.09 73.60 72.77 72.15 71.00 70.14 69.97 69.71 69.69 70.38 70.77 71.07 71.24 71.29 70.93 70.76 71.28 71.64 72.44 72.71 72.77 73.34 73.38 73.22 72.94 72.72 72.52 72.98 75.06 74.56 73.49 74.05 74.54 74.86 77.52 74.68 75.37 75.33 75.55 75.69 75.80 76.75 76.13 76.28 76.61 76.82 76.98 78.17 77.27 77.20 77.69 77.52 77.61 77.35 77.39 77.49 77.48 77.67 77.51 77.37 77.29 77.35 77.23 77.22 77.18 77.13 77.02 76.95 76.90 76.79 76.75 76.32 76.74 76.73 76.77 75.94 75.36 75.16 75.32 75.60 75.14 75.26 75.45 75.38 75.39 75.63 75.63 75.34 75.04 74.87 74.43 74.16 75.34 75.12 74.91 74.82 74.94 74.77 75.14 74.62 74.96 74.73 75.39 75.45 75.68 75.26 75.40 75.30 75.17 75.56 76.24 75.21 75.86 75.73 75.46 75.72 75.80 76.52 76.52 76.13 76.81 76.64 76.21 75.90 75.62 75.09 75.28 75.18 75.37 75.60 76.45 77.32 77.40 77.41 77.20 77.46 77.41 77.39 77.35 77.46 77.61 77.53 77.40 77.70 77.72 77.71 77.75 77.78 77.79 77.79 77.79 77.76 77.71 77.56 77.53
77.57 77.53 77.56 77.64 77.68 77.83 77.84 77.73 77.67 77.39 77.08 76.58 77.42 77.65 77.80 77.50 77.18 77.37 77.30 76.89 76.75 76.49 76.20 75.71 75.15 74.40 73.81 73.16 72.53 71.88 70.96 70.45 69.25 67.94 70.58 70.97 71.22 71.47 71.63 71.68 71.73 72.50 72.83 73.12 73.36 73.88 74.17 74.38 74.63 74.82 74.24 75.52 77.58 73.49 73.61 73.89 74.67 74.99 75.09 76.23 75.41 75.67 75.69 75.68 75.91 76.02 76.00 76.73 76.88 76.89 77.50 77.04 78.04 78.08 77.45 77.46 77.37 77.40 77.43 77.55 77.78 77.69 77.62 77.42 77.44 77.42 77.34 77.23 77.16 77.13 77.16 77.23 77.04 77.00 76.83 76.76 76.22 76.72 76.71 76.75 75.99 75.79 75.60 75.40 75.62 75.54 75.49 75.67 75.72 75.78 75.92 75.89 75.22 74.99 74.96 74.64 74.36 75.38 75.17 75.13 75.16 74.78 74.85 74.66 75.02 75.08 75.27 75.42 75.99 75.85 75.52 75.02 75.50 75.61 76.22 76.20 75.97 76.75 75.81 75.64 75.85 76.01 76.60 76.65 76.71 76.86 76.76 75.83 76.11 75.65 75.52 75.62 76.28 76.35 76.68 77.37 77.55 77.64 77.53 77.52 77.69 77.62 77.48 77.46 77.63 77.56 77.38 77.56 77.69 77.74 77.75 77.77 77.77 77.80 77.81 77.80 77.73 77.74 77.66 77.60
77.62 77.54 77.64 77.77 77.72 77.78 77.84 77.96 77.69 77.48 77.15 77.16 77.59 77.80 77.81 77.67 77.56 77.47 76.85 77.20 76.93 76.92 76.25 75.50 74.97 74.82 74.19 73.35 72.62 72.37 71.98 71.50 69.60 67.30 68.14 71.24 71.39 71.51 71.81 72.12 72.51 72.81 73.04 73.35 73.72 74.20 74.51 74.86 75.39 75.76 74.40 73.43 73.26 73.63 73.93 74.50 74.93 75.36 75.43 75.86 75.61 75.84 76.48 75.84 75.97 76.11 75.98 77.13 76.54 76.82 77.12 77.92 78.46 78.42 77.26 77.37 77.39 77.44 77.26 77.81 77.29 77.78 77.52 77.38 77.51 77.49 77.35 77.22 77.27 77.15 77.13 77.20 77.08 77.07 77.02 76.81 76.74 76.40 76.43 76.24 76.20 76.26 76.02 76.19 75.70 75.48 75.53 76.06 75.90 75.87 75.85 75.44 75.58 75.43 75.03 74.85 75.18 75.16 74.88 75.29 75.10 74.95 75.04 75.07 75.07 75.18 75.37 75.63 75.69 75.91 76.35 76.17 76.63 76.60 76.65 76.63 76.33 76.29 76.50 76.20 76.63 76.70 76.95 76.93 76.99 76.71 76.15 76.10 76.16 75.85 76.10 76.50 77.13 77.30 77.34 77.40 77.57 77.65 77.61 77.69 77.63 77.63 77.57 77.67 77.65 77.58 77.49 77.66 77.71 77.73 77.76 77.78 77.78 77.79 77.79 77.79 77.80 77.77 77.74 77.69
77.80 77.76 77.78 77.82 77.87 77.89 77.88 77.84 77.79 77.49 77.40 77.44 77.82 77.88 77.87 77.78 77.71 77.23 77.09 77.37 77.24 76.65 76.03 75.32 74.68 75.40 74.67 72.84 72.65 72.74 72.62 72.74 72.30 69.36 70.65 71.52 71.31 71.42 71.88 72.31 72.70 72.92 73.11 73.10 74.11 74.53 75.01 75.34 75.67 76.33 76.39 74.96 74.38 74.61 74.98 75.32 75.55 75.67 75.75 76.06 75.99 75.86 75.59 76.55 76.67 76.29 76.43 76.85 76.91 77.11 77.21 77.33 78.11 78.18 77.97 77.78 77.84 77.74 77.65 77.65 77.40 77.35 77.53 77.44 77.38 77.52 77.32 77.17 77.23 77.22 77.27 77.20 77.16 77.08 77.00 76.84 76.81 76.58 76.71 76.54 76.53 76.54 76.52 76.29 76.28 75.69 75.98 76.38 76.73 75.82 75.97 75.69 75.30 75.27 75.13 75.55 75.35 75.34 75.04 75.33 75.17 75.03 75.00 75.14 75.16 75.25 75.50 75.66 75.93 76.06 76.87 77.20 77.37 77.44 77.67 77.43 76.81 76.70 76.53 76.80 76.83 76.99 77.09 76.98 76.93 76.50 76.45 76.30 76.16 75.85 76.70 77.38 77.33 77.23 77.28 77.55 77.61 77.66 77.68 77.72 77.60 77.72 77.68 77.71 77.69 77.61 77.64 77.70 77.72 77.73 77.74 77.76 77.78 77.78 77.78 77.79 77.80 77.81 77.82 77.82
77.80 77.84 77.98 77.84 77.91 77.92 77.89 77.88 77.84 77.69 77.61 77.56 77.89 77.94 77.94 77.88 77.56 77.11 77.53 77.46 77.12 76.22 75.59 75.17 75.46 75.58 75.34 74.12 72.77 72.68 72.87 73.26 73.50 73.20 72.40 71.84 71.16 70.99 72.00 72.55 72.93 73.15 73.26 73.05 74.31 75.07 75.45 75.72 76.11 76.69 76.92 75.42 75.40 75.71 75.91 76.09 76.06 76.10 76.16 76.33 76.61 76.18 75.80 75.96 76.24 76.69 76.88 76.98 77.02 77.26 77.49 78.01 77.50 77.81 78.17 77.97 77.73 77.48 77.41 77.42 77.32 77.46 77.37 77.43 77.55 77.41 77.39 77.21 77.25 77.21 77.17 77.19 77.00 76.97 76.93 76.91 76.88 76.89 76.77 76.57 76.56 76.55 76.46 76.53 76.44 76.41 76.47 76.36 76.45 75.67 75.84 75.08 75.27 75.16 75.36 75.21 75.24 75.39 75.31 75.30 75.18 75.06 74.96 75.02 75.58 75.33 75.49 75.78 76.12 76.58 77.17 78.12 78.19 78.20 78.17 78.07 77.92 77.31 77.14 77.07 77.05 77.22 77.13 76.94 76.97 76.61 76.44 76.47 75.98 76.07 77.37 77.32 77.41 77.43 77.49 77.52 77.64 77.68 77.71 77.72 77.70 77.69 77.71 77.71 77.71 77.71 77.71 77.70 77.72 77.72 77.72 77.74 77.76 77.77 77.77 77.79 77.80 77.81 77.82 77.83
77.83 77.85 77.87 77.88 77.91 77.92 77.92 77.91 77.88 77.79 77.68 77.81 77.95 77.98 77.99 77.90 77.50 77.69 77.65 77.48 76.89 76.35 76.45 76.18 76.01 75.95 75.60 74.80 72.41 72.55 72.88 73.63 73.89 73.66 73.08 72.25 70.33 70.31 72.43 72.88 73.16 73.34 73.47 73.72 74.83 75.23 75.55 75.91 76.26 76.64 76.95 77.00 76.05 76.02 76.02 76.06 76.22 76.37 76.51 76.61 76.67 76.47 76.00 76.45 76.82 76.90 77.10 77.17 77.21 77.36 77.55 78.04 78.23 78.04 78.15 77.53 77.49 77.44 77.69 77.74 77.65 77.43 77.47 77.50 77.42 77.30 77.30 77.20 77.27 77.15 77.20 77.15 77.13 77.18 76.93 76.86 76.78 76.90 76.70 76.45 76.45 76.51 76.60 76.46 76.41 76.61 76.17 76.76 76.46 76.51 76.04 75.63 75.53 75.04 75.15 75.26 75.16 75.32 75.33 75.36 75.15 75.21 74.99 75.53 75.93 75.25 75.51 75.88 76.58 77.33 78.08 78.27 78.24 78.22 78.22 78.17 78.14 77.93 77.34 77.32 77.36 77.26 77.05 77.10 76.63 76.32 76.44 76.76 76.51 76.48 77.31 77.47 77.51 77.57 77.61 77.59 77.69 77.72 77.69 77.72 77.74 77.70 77.71 77.70 77.72 77.72 77.70 77.70 77.69 77.69 77.70 77.67 77.74 77.76 77.75 77.79 77.81 77.82 77.83 77.84
77.86 77.91 77.82 77.85 77.93 77.92 77.93 77.91 77.95 77.83 77.73 77.93 78.00 78.02 78.01 77.82 77.70 77.81 77.63 77.26 77.16 76.97 76.87 76.71 76.50 76.19 75.86 74.93 72.92 72.83 73.37 74.17 74.16 74.36 73.94 72.66 69.78 68.21 71.80 73.15 73.32 73.54 73.77 74.14 74.76 75.24 75.62 76.01 76.29 76.67 76.96 77.02 76.85 76.27 76.21 76.22 76.35 76.51 76.62 76.77 76.90 76.80 76.63 76.68 76.85 77.14 77.37 77.40 77.44 77.63 78.02 78.06 78.01 78.20 77.67 77.65 77.68 77.63 77.75 77.50 77.50 77.46 77.42 77.47 77.50 77.41 77.36 77.44 77.35 77.36 77.23 77.18 77.09 77.13 77.02 77.19 76.90 76.79 76.74 76.76 76.71 76.34 76.12 76.04 76.53 76.69 76.74 76.31 76.24 76.08 76.02 76.02 75.84 76.01 75.68 75.41 75.27 75.32 75.32 75.04 75.24 75.17 74.89 76.19 75.36 75.25 75.65 76.15 76.87 77.70 78.17 78.30 78.31 78.29 78.25 78.21 78.18 78.09 77.86 77.63 77.49 77.48 77.05 76.85 76.83 76.75 77.06 77.21 77.10 77.11 77.42 77.58 77.67 77.57 77.69 77.73 77.70 77.69 77.66 77.67 77.85 77.63 77.62 77.65 77.69 77.71 77.66 77.68 77.63 77.64 77.64 77.72 77.73 77.76 77.74 77.79 77.81 77.83 77.84 77.84
77.89 77.88 77.88 77.88 77.96 77.96 77.98 77.97 78.02 77.99 77.94 78.05 78.06 78.05 78.03 78.00 77.84 77.84 77.63 77.39 77.28 77.17 76.96 76.73 76.45 76.21 75.74 74.90 74.16 74.46 74.40 74.39 74.43 74.45 74.55 74.42 70.36 65.31 66.77 73.15 73.47 73.71 74.00 74.36 74.76 75.29 75.77 76.09 76.44 76.67 76.91 77.04 77.01 76.48 76.37 76.36 76.48 76.63 76.72 76.83 76.94 76.73 76.64 76.96 77.17 77.32 77.54 77.64 77.73 77.67 78.21 78.12 77.66 78.23 78.08 77.63 78.03 77.56 77.49 77.58 77.48 77.44 77.37 77.33 77.42 77.44 77.50 77.44 77.40 77.34 77.24 77.20 77.21 77.21 77.27 77.03 77.14 76.80 76.86 76.91 76.81 76.77 76.47 76.09 76.68 76.60 77.21 76.54 76.91 76.01 76.24 76.19 76.14 76.32 76.01 75.51 75.27 75.52 75.73 75.21 75.39 75.30 75.09 74.98 75.15 75.58 75.95 76.46 77.21 77.83 78.30 78.34 78.36 78.30 78.23 78.22 78.16 78.12 77.95 77.71 77.61 77.10 77.25 77.13 76.97 77.27 77.44 77.52 77.52 77.54 77.62 77.70 77.78 77.80 77.74 77.77 77.73 77.73 77.64 77.60 77.53 77.46 77.48 77.51 77.55 77.58 77.59 77.59 77.60 77.74 77.40 77.66 77.72 77.72 77.72 77.81 77.83 77.82 77.66 77.84
77.85 77.91 77.76 77.75 77.96 77.95 77.99 78.02 78.04 78.06 78.08 78.11 78.10 78.09 78.07 78.01 77.95 77.82 77.37 77.41 77.32 77.09 76.91 76.76 76.41 76.07 75.76 75.39 74.67 74.67 74.56 74.55 74.56 74.66 74.85 75.00 74.29 67.12 68.24 72.36 73.30 73.94 74.29 74.55 71.82 75.56 75.94 76.23 76.51 76.67 76.95 77.03 77.05 76.55 76.49 76.55 76.65 76.75 76.82 76.90 76.93 76.98 77.08 76.99 77.29 77.59 77.71 77.80 77.84 78.13 78.19 78.14 77.84 77.79 77.70 78.01 77.75 77.69 77.49 77.35 77.34 77.44 77.38 77.42 77.41 77.41 78.12 77.42 77.75 77.35 77.22 77.25 77.25 77.35 77.30 77.00 77.01 77.06 77.13 77.15 77.10 76.71 76.58 76.66 76.76 76.87 76.75 76.94 77.23 76.49 76.48 76.74 76.37 76.28 76.15 75.95 75.72 75.84 75.98 75.91 75.76 75.43 75.34 75.37 75.47 75.70 76.14 76.75 77.40 77.87 78.31 78.33 78.31 78.27 78.23 78.21 78.18 78.14 78.01 77.79 77.70 77.42 77.47 77.51 77.50 77.55 77.54 77.71 77.65 77.75 77.79 77.82 77.89 77.93 77.95 77.85 77.82 77.72 77.58 77.39 77.18 77.06 77.22 77.23 77.35 77.43 77.46 77.54 77.52 77.54 77.56 77.47 77.71 77.70 77.74 77.76 77.82 77.81 77.45 77.71
77.87 77.93 77.93 78.01 77.99 77.95 78.03 78.08 78.09 78.11 78.14 78.18 78.17 78.16 78.15 78.06 77.83 77.66 77.43 77.43 76.97 74.05 69.91 69.37 71.55 75.94 75.63 75.54 75.30 74.85 74.77 74.66 74.69 74.77 74.87 74.98 75.00 73.82 71.96 72.31 73.51 74.13 74.54 74.79 75.23 75.84 76.08 76.34 76.53 76.67 76.90 77.03 77.09 76.63 76.64 76.63 76.72 76.84 76.91 76.92 76.98 76.97 76.93 77.18 77.62 77.75 77.83 77.89 77.91 78.10 78.22 78.18 78.00 77.88 78.03 77.84 77.82 77.70 77.62 77.58 77.63 77.46 77.16 77.88 77.47 77.42 77.45 77.41 77.42 77.42 77.67 77.45 77.29 77.25 77.21 77.14 77.17 77.21 77.25 77.32 77.21 77.20 76.86 76.80 76.88 76.90 76.76 77.27 77.08 76.30 76.55 76.60 76.65 76.69 76.25 76.18 75.97 75.82 75.91 75.92 75.73 75.83 75.65 75.72 75.84 76.01 76.35 77.03 77.60 78.26 78.29 78.24 78.31 78.26 78.22 78.19 78.16 78.14 78.04 77.86 77.76 77.71 77.65 77.63 77.61 77.63 77.67 77.73 77.83 77.86 77.91 77.95 77.95 77.99 78.00 77.98 77.85 77.70 77.46 77.20 76.96 76.79 76.60 76.78 76.94 77.25 77.36 77.43 77.44 77.49 77.51 77.53 77.62 77.69 77.71 77.75 77.77 77.85 77.64 78.12
77.91 77.97 77.98 78.03 77.84 78.02 78.04 78.08 78.14 78.15 78.19 78.22 78.24 78.23 78.25 77.92 77.75 77.71 77.54 77.55 76.43 69.07 65.61 64.51 67.20 73.63 75.58 75.56 75.82 75.34 75.05 74.79 74.74 74.81 74.89 75.00 75.03 74.82 73.77 73.65 74.12 74.34 74.62 74.89 75.31 75.88 76.19 76.43 76.60 76.74 76.84 77.09 77.05 76.48 76.53 76.75 76.80 76.88 76.91 76.96 77.01 77.09 77.23 77.53 77.67 77.85 77.93 78.02 78.13 78.16 78.09 78.16 78.12 78.03 78.07 77.93 77.76 77.78 77.73 77.57 77.50 77.33 77.50 77.72 77.41 77.45 77.46 78.02 77.44 77.54 77.45 77.41 77.25 77.24 77.30 77.37 77.31 77.33 77.32 77.40 77.39 77.31 77.08 77.00 77.19 77.17 77.17 77.14 76.70 76.49 76.66 76.69 76.56 76.42 76.36 76.28 76.06 75.47 75.82 75.94 75.98 75.97 75.91 75.98 76.05 76.21 76.86 77.14 77.65 78.16 78.26 78.28 78.25 78.22 78.21 78.20 78.17 78.11 78.05 77.96 77.87 77.90 77.83 77.83 77.82 77.88 77.90 77.93 77.97 78.00 78.03 78.03 78.04 78.07 78.05 78.05 77.95 77.69 77.47 77.04 76.71 76.35 76.08 76.09 76.43 77.08 77.28 77.32 77.32 77.39 77.47 77.55 77.63 77.68 77.67 77.74 77.87 77.86 77.82 77.95
77.91 77.98 78.03 78.05 78.07 78.03 78.05 78.11 78.17 78.20 78.24 78.29 78.30 78.31 78.33 77.98 77.78 77.64 77.29 77.45 76.84 69.16 65.68 64.87 66.79 73.74 75.89 76.03 76.09 75.95 75.39 74.93 74.68 74.62 74.64 74.92 75.07 75.05 74.60 74.44 74.52 74.59 74.68 74.88 75.18 75.70 76.28 76.50 76.68 76.75 76.85 77.12 76.94 77.00 76.48 76.66 76.81 76.86 76.95 76.96 77.07 77.10 77.37 77.66 77.83 77.95 78.09 78.14 78.24 78.25 78.32 78.25 78.22 78.16 78.12 77.92 77.86 77.87 78.02 77.63 77.54 77.46 77.50 77.54 77.99 77.38 77.43 77.33 77.43 77.47 77.48 77.48 77.62 77.38 77.36 77.42 77.38 77.38 77.37 77.40 77.41 77.22 77.73 77.23 77.33 77.03 76.88 77.12 76.87 76.80 76.68 76.58 76.38 76.34 76.37 76.59 75.92 76.11 75.90 76.21 76.37 76.55 76.01 76.05 76.14 76.33 76.78 76.64 77.42 77.82 78.08 78.23 78.20 78.19 78.18 78.15 78.15 78.13 78.09 78.05 78.04 78.04 78.09 78.04 78.05 78.04 78.09 78.10 78.10 78.13 78.16 78.13 78.20 78.16 78.15 78.08 77.99 77.69 77.32 76.85 76.21 75.79 75.65 75.92 75.96 75.13 77.07 77.19 77.26 77.34 77.44 77.54 77.62 77.68 77.71 77.81 77.67 77.91 77.89 77.94
78.08 78.03 78.02 78.10 78.15 78.15 78.14 78.18 78.25 78.27 78.33 78.34 78.37 78.37 78.37 77.98 77.78 77.43 77.31 77.51 77.33 71.00 68.86 68.04 69.74 75.46 76.38 76.38 76.29 76.04 75.64 75.12 74.66 74.43 74.26 74.17 75.02 75.05 74.88 74.74 74.71 74.73 74.78 74.92 75.17 75.67 76.36 76.48 76.60 76.73 76.74 76.98 77.15 77.23 76.58 76.66 76.71 76.83 76.87 77.00 77.09 77.12 77.51 77.69 77.86 78.16 78.20 78.24 78.31 78.33 78.33 78.31 78.21 78.23 78.16 78.01 77.97 77.98 77.82 77.64 77.61 77.72 77.60 77.53 77.38 77.50 77.61 77.45 77.47 77.52 77.46 77.46 77.41 77.39 77.48 77.44 77.39 77.41 77.40 77.41 77.44 77.27 77.14 77.35 77.05 77.16 77.30 76.56 76.89 77.15 76.54 76.36 76.35 76.42 76.44 76.61 76.20 76.21 75.33 76.46 76.52 76.48 75.82 75.99 76.27 76.32 76.73 76.58 76.97 77.35 77.76 77.85 78.02 78.07 78.07 78.14 78.14 78.14 78.14 78.12 78.14 78.18 78.18 78.19 78.20 78.19 78.23 78.25 78.25 78.22 78.26 78.23 78.25 78.20 78.22 78.22 78.11 77.74 77.26 76.52 75.67 75.46 75.36 75.33 75.79 76.38 76.85 77.03 77.16 77.31 77.45 77.53 77.61 77.66 77.76 77.78 77.66 77.93 77.94 77.98
78.06 78.09 78.11 78.15 78.18 78.22 78.26 78.31 78.34 78.35 78.39 78.39 78.40 78.40 78.40 78.01 77.70 77.36 77.51 77.62 77.63 75.92 73.95 73.17 75.94 76.96 76.66 76.57 76.41 75.96 75.54 75.14 74.76 74.33 74.08 74.00 74.75 75.05 74.98 74.74 74.73 74.53 74.80 74.97 75.00 75.86 76.11 76.35 76.46 76.60 76.70 76.80 76.98 77.19 77.01 76.77 77.30 77.75 77.63 77.24 77.14 77.00 77.54 77.71 77.89 78.15 78.27 78.31 78.37 78.40 78.36 78.40 78.22 78.41 78.29 78.16 78.11 78.13 78.08 77.83 77.66 77.49 77.38 77.50 77.43 77.47 77.49 77.51 77.50 77.41 77.53 77.54 77.50 77.45 77.54 77.57 77.64 77.31 77.51 77.49 77.41 77.30 77.17 77.30 77.31 77.27 77.26 77.09 76.86 77.01 76.77 76.52 76.52 76.36 76.34 76.39 76.51 76.19 75.52 76.39 76.50 76.31 77.09 76.80 76.24 76.19 76.46 76.67 76.76 77.12 77.37 77.55 77.71 77.83 77.97 78.09 78.14 78.17 78.20 78.22 78.23 78.33 78.27 78.35 78.39 78.42 78.45 78.42 78.50 78.45 78.45 78.42 78.40 78.40 78.42 78.35 78.30 77.82 77.22 76.42 75.80 75.37 75.19 73.63 74.43 75.83 76.60 76.95 77.19 77.31 77.45 77.55 77.65 77.72 77.82 77.76 77.89 77.93 77.83 78.04
78.10 78.12 78.11 78.20 78.28 78.28 78.33 78.34 78.36 78.39 78.41 78.42 78.42 78.42 78.43 78.05 77.62 77.47 77.51 77.41 77.65 77.58 77.57 77.56 77.35 77.08 76.50 76.67 76.26 75.80 75.33 75.03 74.60 74.24 74.01 73.55 73.61 74.95 75.04 74.73 74.83 74.74 74.85 74.11 75.29 75.89 76.21 76.33 76.40 76.49 76.35 76.65 76.68 77.27 76.67 76.73 76.80 76.75 77.37 77.87 77.94 77.34 77.63 77.99 78.15 78.31 78.37 78.38 78.42 78.45 78.44 78.42 78.38 78.33 78.20 78.24 78.22 78.26 78.34 77.99 77.85 77.59 77.53 77.62 77.63 77.54 77.58 77.55 77.56 77.45 77.52 77.63 77.54 77.55 77.55 77.69 77.59 77.52 77.47 77.51 77.28 77.30 77.39 77.31 77.22 77.46 77.38 77.05 77.22 77.14 76.81 76.98 76.92 76.87 77.15 76.46 76.64 75.91 76.16 75.66 76.03 75.96 75.99 76.23 76.27 76.37 76.30 76.24 76.82 76.64 77.29 77.57 77.56 77.73 78.00 78.13 78.18 78.28 78.32 78.35 78.41 78.45 78.49 78.55 78.63 78.70 78.74 78.76 78.75 78.70 78.65 78.62 78.63 78.59 78.54 78.48 78.37 78.24 77.51 76.78 75.73 75.33 73.66 67.94 73.40 75.69 76.62 77.00 77.17 77.33 77.52 77.52 77.67 77.75 77.87 77.89 77.94 77.93 78.03 78.06
78.17 78.21 78.22 78.23 78.33 78.30 78.39 78.42 78.42 78.42 78.43 78.44 78.44 78.43 78.44 78.14 77.69 77.48 77.52 77.49 77.45 77.51 77.16 77.29 77.31 77.17 76.97 76.40 76.02 75.66 75.20 74.86 74.53 74.16 73.56 73.49 73.79 75.11 75.30 74.91 75.07 75.05 75.08 74.11 74.95 75.87 76.15 76.26 76.33 76.19 76.00 76.11 76.73 76.99 77.24 77.39 77.32 77.52 77.59 77.89 77.66 77.21 78.15 78.21 78.29 78.33 78.33 78.39 78.46 78.48 78.36 78.45 78.45 78.40 78.26 78.42 78.30 78.35 78.39 78.37 77.97 77.86 77.77 77.72 77.74 77.63 77.55 77.52 77.56 77.57 77.59 77.60 77.56 77.53 77.58 77.51 77.61 77.57 77.41 77.29 77.62 77.23 77.38 77.39 77.02 77.55 76.75 77.13 77.23 77.06 77.03 77.10 77.06 76.98 76.91 77.02 76.90 77.31 76.60 76.31 76.54 77.06 76.22 76.48 76.54 76.01 75.76 76.50 76.98 76.72 77.34 77.48 77.68 77.93 78.11 78.23 78.36 78.37 78.42 78.49 78.54 78.64 78.70 78.82 78.92 78.94 78.98 78.95 78.94 78.88 78.83 78.83 78.75 78.67 78.58 78.51 78.41 78.28 77.93 76.95 76.11 75.50 74.70 74.03 74.73 76.35 76.92 77.14 77.25 77.39 77.43 77.66 77.73 77.81 77.90 77.97 77.98 78.01 78.07 78.13
78.26 78.29 78.34 78.37 78.42 78.41 78.45 78.47 78.47 78.46 78.47 78.48 78.48 78.38 78.47 78.43 78.05 77.62 77.42 77.44 77.45 77.47 77.14 77.07 77.42 77.24 76.67 76.29 75.92 75.50 75.12 74.77 74.52 74.13 73.04 73.39 74.29 75.12 75.25 75.07 75.34 75.39 75.36 75.46 75.67 75.90 76.18 76.31 76.30 75.91 76.01 76.26 76.29 77.01 77.09 77.18 77.19 77.48 77.55 77.70 77.67 77.85 78.08 77.97 77.84 78.23 78.28 78.37 78.46 78.51 78.47 78.53 78.50 78.54 78.51 78.48 78.42 78.45 78.49 78.51 78.48 78.04 77.92 77.83 77.86 77.68 77.60 78.76 77.62 77.58 77.64 77.73 77.62 77.63 77.50 77.54 77.61 77.60 77.44 77.43 77.34 77.41 77.37 77.40 77.23 77.12 76.89 77.04 77.08 76.88 77.08 77.04 77.22 77.42 77.38 77.37 77.08 76.65 76.57 76.51 76.72 76.47 76.33 76.45 76.19 76.63 77.24 77.46 77.43 77.54 77.62 77.75 78.02 78.09 78.20 78.37 78.42 78.50 78.61 78.70 78.80 78.88 79.01 79.10 79.15 79.24 79.20 79.08 79.15 79.05 79.01 78.91 78.83 78.71 78.65 78.60 78.50 78.41 78.13 77.51 76.93 76.37 75.81 75.75 76.25 76.99 77.18 77.26 77.33 77.42 77.62 77.71 77.82 77.91 77.99 78.06 78.08 78.09 78.18 78.23
78.40 78.37 78.44 78.45 78.46 78.47 78.48 78.52 78.53 78.51 78.51 78.52 78.53 78.52 78.51 78.48 78.23 77.94 77.80 77.77 77.66 77.60 77.41 77.40 77.53 76.80 76.52 76.21 75.74 75.42 75.05 74.95 74.44 74.18 73.72 73.77 74.32 75.18 75.22 75.22 75.43 75.54 75.69 75.70 75.83 75.99 76.16 76.35 76.25 75.70 76.25 76.37 76.43 76.65 76.76 76.89 77.08 77.14 77.27 77.65 77.51 77.80 77.89 77.98 78.12 78.14 78.26 78.33 78.37 78.51 78.54 78.54 78.58 78.64 78.61 78.68 78.51 78.55 78.60 78.54 78.52 78.44 78.16 78.35 78.03 77.89 77.70 77.58 77.67 77.71 77.73 77.67 77.62 77.57 77.79 77.65 77.56 77.45 77.41 77.54 77.33 77.36 77.45 77.44 77.28 77.25 76.99 76.99 77.11 76.98 76.94 76.91 77.23 77.36 77.31 77.30 76.98 76.68 76.84 76.86 76.80 77.23 76.54 76.41 76.81 76.66 77.01 77.54 77.49 77.62 77.76 77.98 78.04 78.19 78.30 78.42 78.53 78.66 78.83 78.95 79.03 79.13 79.40 79.27 79.37 79.42 79.38 79.32 79.27 79.18 79.05 78.99 79.05 78.81 78.80 78.72 78.63 78.54 78.31 78.05 77.56 77.31 77.15 77.11 76.90 76.56 77.37 77.38 77.43 77.50 77.31 78.20 77.95 77.63 78.11 77.96 78.19 78.21 78.24 78.36
78.51 78.19 78.46 78.47 78.52 78.51 78.52 78.55 78.54 78.55 78.55 78.57 78.57 78.56 78.59 78.57 78.53 78.28 77.92 77.58 77.65 77.64 77.68 77.62 77.09 76.64 76.40 76.08 75.83 75.23 74.91 74.64 74.24 73.88 73.58 73.68 74.23 75.05 75.36 75.45 75.60 75.75 75.81 75.89 75.78 75.97 75.97 75.83 75.81 75.94 76.25 76.48 76.52 76.45 76.71 76.99 77.12 77.18 77.15 77.21 77.19 77.20 77.52 77.97 77.98 78.25 78.33 78.36 78.40 78.50 78.59 78.72 78.72 78.72 78.70 78.79 78.74 78.75 78.74 78.60 78.69 78.66 78.50 78.28 78.14 77.94 77.79 77.69 77.82 77.73 77.71 77.53 77.66 77.65 77.66 77.56 77.59 77.44 77.55 77.59 77.28 77.24 77.38 77.17 77.58 77.07 77.12 76.93 77.10 76.74 76.57 76.77 77.10 77.22 77.13 76.92 76.91 77.03 76.86 77.23 77.15 77.23 77.18 76.77 77.00 77.33 77.38 77.58 77.69 77.87 77.94 78.08 78.16 78.28 78.41 78.54 78.69 78.88 79.02 79.10 79.25 79.32 79.41 79.48 79.61 79.47 79.41 79.39 79.34 79.11 79.18 79.11 79.02 78.89 78.77 78.87 78.82 78.71 78.61 78.50 78.33 78.14 78.06 77.87 77.65 77.25 77.68 77.56 77.52 77.61 77.65 77.94 78.07 78.12 78.20 78.26 78.29 78.37 78.42 78.48
78.59 78.55 78.55 78.52 78.55 78.54 78.56 78.56 78.56 78.58 78.60 78.60 78.60 78.59 78.63 78.58 78.61 78.55 78.27 77.10 77.51 77.62 77.54 77.21 76.48 76.63 76.38 76.05 75.60 75.06 74.56 74.00 73.46 73.20 73.02 72.96 73.35 73.96 75.00 75.60 75.79 75.87 75.94 75.92 75.26 75.48 76.08 76.25 76.00 75.88 76.24 76.14 75.99 76.16 76.57 76.99 77.15 77.24 77.26 77.29 77.30 77.27 77.50 77.97 78.19 78.29 78.36 78.36 78.44 78.53 78.57 78.76 78.70 78.80 78.83 78.90 78.88 78.96 78.87 78.79 78.76 78.71 78.72 78.27 78.15 78.00 77.94 77.88 77.80 77.84 77.60 77.62 77.64 77.78 77.86 77.54 77.58 77.51 77.58 77.49 77.49 77.45 77.43 77.38 77.35 77.16 77.02 77.39 76.99 76.62 77.14 76.71 76.76 76.68 76.58 76.53 76.74 76.89 76.98 77.36 77.39 77.34 77.66 77.56 77.48 77.65 77.65 77.70 77.83 77.93 78.05 78.17 78.24 78.38 78.48 78.66 78.81 79.01 79.17 79.30 79.35 79.42 79.58 79.67 79.72 79.69 79.58 79.55 79.40 79.37 79.25 79.00 79.11 78.99 78.96 78.93 78.86 78.78 78.77 78.68 78.62 78.47 78.42 78.37 78.22 78.14 77.99 77.79 77.70 77.72 77.73 77.89 77.92 78.18 78.24 78.30 78.38 78.49 78.57 78.60
78.68 78.58 78.59 78.53 78.59 78.57 78.60 78.60 78.58 78.59 78.61 78.62 78.62 78.60 78.59 78.57 78.55 78.50 78.47 77.55 77.54 77.48 77.31 77.06 76.63 76.68 76.41 76.08 75.67 74.78 73.79 73.07 72.37 71.94 71.93 72.28 72.63 72.74 73.67 74.87 75.70 76.04 76.08 76.05 75.96 75.81 75.95 76.10 76.23 76.54 75.98 75.85 75.70 75.53 76.10 76.70 77.12 77.22 77.24 77.22 77.28 77.24 77.65 78.02 78.19 78.29 78.36 78.41 78.46 78.59 78.63 78.73 78.77 78.90 78.93 79.02 79.10 79.07 79.06 78.95 78.98 78.93 78.85 78.80 78.62 78.49 78.44 78.31 78.12 78.34 77.80 77.73 77.63 77.61 77.71 77.62 77.68 77.78 77.54 77.70 77.58 77.69 77.51 77.79 77.58 77.55 77.31 77.19 77.07 76.83 76.71 76.62 76.62 76.43 76.44 76.44 76.59 77.06 77.68 77.55 77.46 77.34 77.46 77.39 77.64 77.71 77.74 77.77 77.95 78.03 78.14 78.27 78.36 78.45 78.66 78.82 78.91 79.12 79.25 79.44 79.52 79.66 79.77 79.79 79.82 79.84 79.79 79.66 79.63 79.48 79.41 79.33 79.27 79.13 79.23 79.18 79.02 78.87 78.87 78.74 78.63 78.57 78.41 78.34 78.19 78.15 78.03 77.92 77.84 77.83 77.80 77.94 77.90 78.27 78.29 78.36 78.50 78.53 78.60 78.62
78.64 78.62 78.63 78.59 78.38 78.61 78.62 78.48 78.62 78.61 78.60 78.61 78.58 78.58 78.57 78.54 78.54 78.57 78.44 78.15 77.33 77.26 77.40 77.12 77.11 76.75 76.55 76.26 75.51 74.20 72.96 71.89 71.21 71.12 70.79 71.03 72.20 72.41 72.82 74.00 75.34 76.07 76.20 76.16 75.90 76.00 75.83 75.02 76.03 76.10 76.07 75.90 75.55 75.26 75.62 76.30 76.88 77.08 77.18 77.16 77.42 77.44 77.47 77.83 78.21 78.34 78.38 78.41 78.52 78.62 78.73 78.83 78.85 79.00 79.09 79.14 79.18 79.21 79.21 79.30 79.07 79.07 79.03 78.98 78.86 78.55 78.64 78.47 78.22 78.19 78.10 77.88 77.87 77.83 77.80 77.69 77.62 77.59 77.80 77.70 77.76 78.19 77.76 77.51 77.85 77.45 77.37 77.34 77.23 77.25 77.03 76.70 77.40 76.54 76.58 76.90 76.73 76.94 77.63 77.65 77.66 77.66 77.68 77.74 77.76 77.80 77.85 77.95 78.01 78.12 78.22 78.36 78.41 78.61 78.73 78.91 79.04 79.15 79.38 79.42 79.74 79.87 79.91 79.90 79.90 79.92 79.83 79.80 79.70 79.76 79.57 79.52 79.38 79.34 79.29 79.24 79.16 78.95 78.75 78.79 78.66 78.58 78.46 78.33 78.19 78.18 78.10 78.03 77.99 77.94 77.90 77.76 77.40 78.31 78.35 78.37 78.50 78.59 78.63 78.61
78.64 78.65 78.67 78.66 78.64 78.62 78.60 78.62 78.60 78.60 78.60 78.62 78.59 78.62 78.56 78.58 78.54 78.39 78.31 78.13 77.89 77.71 77.53 77.40 77.20 76.98 76.80 76.33 75.43 73.98 72.58 71.73 71.43 71.35 70.64 71.02 72.02 72.57 73.12 74.33 75.53 76.15 76.22 76.18 75.53 76.06 75.89 75.54 75.85 75.75 75.77 75.63 75.62 75.76 75.99 76.18 76.67 77.06 77.07 77.03 77.26 77.46 77.47 77.77 78.13 78.41 78.46 78.41 78.57 78.68 78.77 78.91 78.99 79.08 79.19 79.27 79.31 79.34 79.34 79.32 79.29 79.26 79.18 79.32 79.29 78.97 78.79 78.73 78.52 78.54 78.17 78.46 78.23 78.07 78.12 77.87 77.76 77.99 77.66 77.84 78.28 78.28 78.23 77.63 77.78 77.31 77.20 77.47 77.50 77.40 77.25 77.37 77.96 77.64 77.15 77.31 77.73 77.18 77.70 77.65 77.69 77.68 77.83 77.86 77.92 77.88 77.97 77.99 78.12 78.25 78.32 78.37 78.50 78.63 78.87 79.01 79.18 79.27 79.55 79.68 79.77 79.94 79.96 79.95 79.94 79.89 79.91 79.87 79.83 79.72 79.65 79.66 79.63 79.51 79.39 79.28 79.17 79.10 78.97 78.84 78.70 78.55 78.47 78.36 78.22 78.22 78.18 78.12 78.11 78.02 77.68 77.81 77.68 78.23 78.34 78.44 78.47 78.59 78.59 78.65
78.64 78.69 78.69 78.66 78.64 78.64 78.62 78.61 78.60 78.62 78.60 78.65 78.62 78.64 78.57 78.56 78.48 78.38 78.18 77.98 77.83 77.71 77.57 77.45 77.31 77.17 76.94 76.69 76.00 74.92 73.59 72.54 72.04 71.89 71.78 71.92 72.48 72.86 74.64 75.78 76.37 76.51 76.35 76.30 76.31 75.81 76.09 75.41 75.78 75.82 75.73 75.88 75.24 75.79 76.38 76.25 76.44 76.90 77.11 77.34 77.32 77.35 77.48 77.78 78.12 78.45 78.57 78.61 78.68 78.77 78.93 79.01 79.18 79.24 79.56 79.33 79.42 79.37 79.44 79.44 79.40 79.38 79.25 79.27 79.31 79.08 79.01 78.80 78.74 78.76 78.65 78.57 78.56 78.43 78.26 78.04 77.95 77.88 78.15 78.21 78.35 78.27 77.95 78.21 77.94 78.17 78.07 78.15 77.33 77.28 77.14 77.74 77.25 77.08 77.80 77.83 77.74 77.68 77.70 77.78 77.81 77.81 78.01 78.23 77.99 77.99 78.01 78.16 78.26 78.32 78.28 78.48 78.51 78.69 78.89 79.11 79.26 79.30 79.54 79.72 79.86 79.94 79.90 79.76 79.95 79.89 79.85 79.76 79.91 79.63 79.66 79.62 79.54 79.49 79.49 79.36 79.23 79.17 78.91 78.84 78.69 78.55 78.40 78.35 78.29 78.24 78.17 78.19 78.18 78.07 77.92 77.80 77.59 78.19 78.43 78.44 78.57 78.59 78.65 78.70
78.74 78.73 78.69 78.69 78.68 78.66 78.64 78.61 78.60 78.63 78.63 78.60 78.60 78.57 78.56 78.49 78.38 78.24 78.08 77.95 77.80 77.69 77.59 77.51 77.44 77.35 77.22 77.02 76.62 75.93 75.35 74.89 74.73 73.18 72.52 72.35 72.99 74.41 75.42 76.20 76.55 76.68 76.66 76.73 76.84 76.95 77.00 76.79 76.10 75.67 75.23 75.69 76.37 76.31 76.31 76.55 77.12 76.98 77.12 77.39 77.48 77.64 77.75 77.92 78.15 78.51 78.56 78.70 78.80 78.91 78.98 79.17 79.25 79.35 79.35 79.50 79.50 79.50 79.59 79.59 79.45 79.49 79.43 79.40 79.32 79.26 79.07 79.12 79.02 78.83 78.80 78.87 78.67 78.57 78.54 78.47 78.23 78.10 78.33 78.34 78.10 77.95 77.84 78.25 77.96 78.18 78.20 78.22 77.92 77.71 77.44 77.81 77.70 77.63 77.83 77.72 77.63 77.81 77.83 77.88 77.86 77.97 78.02 78.11 78.11 78.16 78.18 78.20 78.31 78.36 78.44 78.47 78.66 78.76 79.04 79.19 79.34 79.51 79.58 79.73 79.84 79.96 79.95 79.96 79.93 79.83 79.87 79.88 79.84 79.81 79.70 79.74 79.67 79.45 79.51 79.46 79.32 79.13 78.86 78.76 78.68 78.49 78.38 78.34 78.32 78.29 78.28 78.27 78.25 78.20 78.13 77.98 77.73 78.29 78.31 78.36 78.52 78.67 78.68 78.73
78.75 78.74 78.73 78.68 78.67 78.67 78.64 78.65 78.59 78.66 78.64 78.61 78.61 78.55 78.47 78.44 78.27 78.16 78.05 77.94 77.80 77.73 77.66 77.61 77.55 77.48 77.38 77.32 77.18 76.96 76.72 76.62 76.63 76.60 75.68 75.48 76.09 76.39 76.46 76.51 76.65 76.72 76.69 76.74 76.89 77.03 77.03 77.00 76.02 75.72 76.21 76.59 77.12 76.86 76.97 77.34 77.15 77.62 77.15 77.35 77.53 77.71 77.92 78.16 78.42 78.58 78.68 78.75 78.95 79.00 79.16 79.26 79.32 79.40 79.44 79.42 79.34 79.21 79.59 79.60 79.55 79.60 79.51 79.49 79.40 79.36 79.33 79.27 79.17 79.08 78.98 78.94 78.90 78.82 78.63 78.66 78.52 78.44 78.44 78.47 78.38 78.34 78.47 78.28 78.13 78.25 78.06 78.07 78.18 77.97 77.81 77.92 77.94 78.00 78.02 77.68 77.84 77.89 77.94 78.02 78.03 78.07 78.16 78.10 78.22 78.23 78.24 78.27 78.35 78.40 78.54 78.60 78.74 78.86 79.38 79.43 79.36 79.46 79.60 79.71 79.83 79.95 79.95 79.90 79.91 79.88 79.85 79.84 79.74 79.84 79.80 79.76 79.63 79.61 79.60 79.42 79.25 79.07 78.94 78.38 78.47 78.62 78.47 78.45 78.40 78.37 78.37 78.32 78.33 78.31 78.28 78.17 78.22 78.27 78.35 78.50 78.53 78.65 78.69 78.76
78.78 78.75 78.74 78.70 78.72 78.71 78.69 78.68 78.65 78.64 78.66 78.60 78.59 78.50 78.41 78.32 78.19 78.13 78.04 77.95 77.86 77.81 77.74 77.68 77.60 77.54 77.50 77.45 77.41 77.35 77.29 77.23 77.17 77.12 77.03 77.07 77.10 77.08 76.90 76.77 76.74 76.85 76.82 76.61 76.74 76.89 76.91 76.91 77.30 76.28 77.74 77.89 77.98 77.77 77.74 77.36 77.39 77.40 77.73 77.43 77.71 77.89 78.14 78.37 78.45 78.69 78.82 78.96 78.99 79.19 79.21 79.30 79.40 79.42 79.45 79.47 79.52 79.61 79.66 79.65 79.66 79.59 79.58 79.54 79.51 79.44 79.43 79.30 79.25 79.20 79.13 79.04 78.90 78.83 78.75 78.76 78.65 78.67 78.66 78.61 78.42 78.53 78.31 78.39 80.48 78.70 78.10 78.30 78.22 78.06 78.00 78.06 78.02 78.01 77.92 78.07 78.04 78.08 78.12 78.09 78.10 78.14 78.21 78.20 78.20 78.26 78.24 78.31 78.37 78.46 78.58 78.69 78.82 78.97 79.28 79.38 79.33 79.50 79.51 79.68 79.78 79.85 79.91 79.90 79.86 79.88 79.85 79.84 79.78 79.67 79.82 79.70 79.58 79.50 79.49 79.29 79.18 79.01 78.95 78.45 78.34 78.67 78.55 78.52 78.51 78.47 78.47 78.44 78.37 78.41 78.36 78.38 78.09 78.26 78.58 78.54 78.54 78.72 78.82 78.73
78.79 78.79 78.75 78.75 78.75 78.76 78.68 78.66 78.68 78.66 78.62 78.55 78.50 78.44 78.35 78.25 78.15 78.06 78.00 77.94 77.81 77.83 77.77 77.69 77.67 77.62 77.57 77.53 77.49 77.47 77.42 77.36 77.30 77.27 77.27 77.28 77.22 77.18 77.06 76.94 76.88 76.89 76.92 76.97 76.89 77.04 77.22 77.41 77.69 77.80 77.89 77.97 78.08 78.14 78.16 77.93 77.53 77.46 77.58 77.85 77.98 78.19 78.36 78.65 78.66 78.79 78.90 79.04 79.16 79.24 79.36 79.45 79.51 79.52 79.57 79.60 79.62 79.53 79.81 79.88 79.66 79.64 79.69 79.42 79.58 79.51 79.39 79.35 79.40 79.29 79.25 79.18 79.08 78.99 78.92 78.86 78.79 78.64 78.78 78.66 78.64 78.63 78.32 79.83 80.53 78.51 77.97 78.30 78.25 78.17 78.17 78.15 78.15 78.17 78.23 78.15 78.17 78.16 78.21 78.22 78.21 78.25 78.21 78.22 78.26 78.27 78.24 78.33 78.38 78.45 78.54 78.68 78.84 78.97 79.13 79.16 79.36 79.43 79.58 79.66 79.74 79.80 79.90 79.87 79.90 79.88 79.80 79.86 79.84 79.77 79.73 79.62 79.61 79.42 79.21 79.25 79.15 79.03 78.95 78.88 78.78 78.72 78.66 78.59 78.57 78.57 78.51 78.53 78.47 78.45 78.44 78.46 78.39 78.56 78.57 78.50 78.58 78.73 78.83 78.82
78.79 78.76 78.80 78.80 78.79 78.76 78.73 78.68 78.65 78.57 78.59 78.54 78.46 78.38 78.28 78.16 78.03 78.05 78.02 77.96 77.91 77.87 77.81 77.77 77.72 77.68 77.64 77.59 77.57 77.52 77.49 77.47 77.42 77.40 77.41 77.40 77.39 77.32 77.21 77.12 77.05 77.03 77.07 77.12 77.24 77.38 77.47 77.59 77.72 77.86 77.97 78.04 78.10 78.17 78.22 78.28 77.86 77.99 77.76 78.18 78.54 78.64 78.73 78.78 78.86 78.97 79.13 79.22 79.30 79.35 79.51 79.56 79.59 79.62 79.67 79.73 79.73 79.70 79.77 79.73 79.66 79.73 79.67 79.71 79.62 79.74 79.67 79.49 79.46 79.33 79.34 79.26 79.16 79.11 78.99 78.90 78.93 79.12 78.80 78.78 78.65 78.64 78.54 78.45 78.23 78.24 78.22 78.39 78.30 78.34 78.29 78.29 78.23 78.28 78.27 78.25 78.31 78.36 78.28 78.34 78.29 78.26 78.20 78.24 78.26 78.23 78.23 78.32 78.36 78.41 78.56 78.69 78.80 78.91 78.91 79.08 79.19 79.34 79.37 79.46 79.50 79.59 79.61 79.71 79.75 79.76 79.70 79.72 79.60 79.60 79.61 79.59 79.42 79.27 79.21 79.10 79.14 79.03 78.97 78.89 78.82 78.74 78.69 78.66 78.64 78.60 78.62 78.59 78.42 78.49 78.45 78.53 78.51 78.51 78.55 78.66 78.77 78.77 78.83 78.85
78.88 78.85 78.80 78.73 78.75 78.65 78.68 78.69 78.65 78.61 78.59 78.50 78.46 78.37 78.33 78.18 79.33 78.01 78.04 78.01 77.96 77.91 77.88 77.86 77.79 77.74 77.70 77.65 77.61 77.59 77.56 77.55 77.52 77.53 77.52 77.53 77.49 77.46 77.42 77.35 77.28 77.27 77.22 77.26 77.34 77.47 77.59 77.98 77.93 78.04 78.08 78.10 78.35 78.19 78.27 78.38 78.46 78.51 78.66 78.75 78.83 78.90 79.04 79.10 79.19 79.28 79.31 79.39 79.44 79.51 79.61 79.66 79.67 79.73 79.77 79.73 79.75 79.76 79.80 79.88 79.69 79.72 79.76 79.70 79.79 79.67 79.55 79.53 79.42 79.42 79.37 79.34 79.25 79.16 79.01 78.99 78.97 78.95 78.89 78.81 78.76 78.70 78.61 78.61 78.57 78.48 78.43 78.43 78.43 78.39 78.39 78.39 78.35 78.40 78.35 78.41 78.48 78.46 78.45 78.42 78.32 78.30 78.26 78.24 78.20 78.21 78.31 78.37 78.38 78.42 78.53 78.64 78.73 78.76 78.87 79.00 79.09 79.18 79.20 79.27 79.32 79.39 79.42 79.50 79.54 79.49 79.52 79.52 79.32 79.35 79.42 79.32 79.30 79.17 79.10 79.15 78.98 79.05 79.00 78.83 78.77 78.75 78.72 78.72 78.65 78.65 78.62 78.55 78.52 78.56 78.58 78.46 78.50 78.49 78.61 78.77 78.78 78.85 78.90 78.92
78.88 78.88 78.84 78.81 78.83 78.75 78.69 78.66 78.64 78.64 78.55 78.49 78.49 78.39 78.33 78.29 78.08 78.11 78.06 78.05 78.01 77.98 77.94 77.90 77.87 77.83 77.78 77.73 77.74 77.69 77.67 77.65 77.64 77.65 77.63 77.64 77.62 77.60 77.58 77.50 77.47 77.43 77.41 77.43 77.49 77.61 77.73 77.83 77.98 78.04 78.10 78.14 78.18 78.25 78.36 78.46 78.56 78.69 78.80 78.90 79.09 79.15 79.21 79.25 79.33 79.35 79.43 79.49 79.54 79.63 79.64 80.07 79.78 79.79 79.80 79.84 79.83 79.79 79.80 79.79 79.76 79.87 79.69 79.71 79.26 80.40 79.57 79.52 79.49 79.42 79.43 79.31 79.25 79.20 79.16 79.06 79.05 78.96 78.91 78.78 78.78 78.74 78.64 78.55 78.51 78.51 78.50 78.44 78.52 78.48 78.45 78.50 78.55 78.53 78.53 78.56 78.60 78.55 78.50 78.40 78.36 78.36 78.33 78.28 78.28 78.29 78.27 78.32 78.37 78.40 78.51 78.55 78.65 78.66 78.72 78.81 78.95 79.00 79.04 79.01 79.16 79.13 79.24 79.33 79.34 79.31 79.29 79.32 79.29 79.22 79.28 79.23 79.24 79.22 79.10 79.13 79.04 79.06 79.02 78.91 78.84 78.84 78.76 78.73 78.70 78.64 78.64 78.60 78.52 78.59 78.57 78.53 78.67 78.60 78.62 78.72 78.83 78.82 78.86 78.87
78.85 78.87 78.86 78.76 78.82 78.80 78.65 78.73 78.72 78.72 78.66 78.60 78.53 78.48 78.39 78.29 78.30 78.22 78.17 78.13 78.09 78.05 78.00 77.96 77.96 77.94 77.92 77.88 77.86 77.83 77.82 77.78 77.76 77.77 77.81 77.77 77.77 77.77 77.72 77.66 77.64 77.62 77.62 77.69 77.73 77.83 77.90 77.97 78.05 78.11 78.15 78.24 78.29 78.36 78.46 78.54 78.66 78.77 78.89 79.05 79.24 79.14 79.37 79.42 79.43 79.48 79.56 79.61 79.63 79.63 79.72 79.71 79.75 79.82 79.83 79.84 79.79 79.87 79.91 79.87 79.79 79.77 79.77 79.71 79.69 79.66 79.63 79.60 79.54 79.42 79.33 79.36 79.25 79.25 79.07 79.12 79.09 79.02 78.89 78.85 78.78 78.75 78.72 78.68 78.68 78.64 78.54 78.54 78.55 78.58 78.63 78.65 78.64 78.64 78.58 78.63 78.63 78.63 78.52 78.47 78.45 78.41 78.32 78.33 78.28 78.29 78.26 78.30 78.35 78.37 78.44 78.43 78.57 78.68 78.65 78.58 78.74 78.79 78.78 78.90 78.99 78.89 79.02 79.10 79.10 79.05 79.11 79.10 79.12 79.12 79.11 79.14 79.13 79.08 79.07 79.10 79.07 78.99 78.99 78.91 78.94 78.85 78.81 78.74 78.71 78.66 78.55 78.56 78.54 78.59 78.62 78.63 78.68 78.67 78.70 78.74 78.80 78.89 78.77 78.84
78.84 78.84 78.83 78.83 78.81 78.85 78.78 78.73 78.76 78.67 78.63 78.63 78.58 78.51 78.44 78.40 78.34 78.30 78.25 78.19 78.14 78.13 78.10 78.07 78.04 78.03 78.00 77.98 77.97 77.96 77.96 77.94 77.95 77.95 77.94 77.92 77.92 77.92 77.91 78.10 77.88 77.88 77.88 77.90 77.92 77.96 77.99 78.05 78.13 78.19 78.23 78.37 78.47 78.54 78.62 78.73 78.83 78.92 79.03 79.11 79.25 79.39 79.45 79.50 79.57 79.94 79.51 79.69 79.72 79.72 79.80 79.70 79.78 79.90 79.95 79.92 79.89 79.91 79.82 79.86 79.81 79.80 79.76 79.77 79.70 79.67 79.59 79.55 79.48 79.42 79.35 79.31 79.28 79.20 79.19 79.18 79.05 78.98 78.96 78.87 78.84 78.79 78.72 78.71 78.69 78.70 78.61 78.66 78.65 78.69 78.68 78.69 78.71 78.71 78.64 78.69 78.65 78.65 78.61 78.50 78.54 78.51 78.30 78.37 78.34 78.31 78.27 78.25 78.28 78.33 78.34 78.37 78.42 78.19 78.44 78.57 78.60 78.58 78.69 78.76 78.80 78.69 78.88 78.92 78.93 78.84 78.91 78.91 78.96 78.99 78.96 79.00 78.96 78.92 78.98 78.99 78.94 78.92 78.93 78.87 78.84 78.86 78.79 78.77 78.74 78.60 78.68 78.65 78.59 78.63 78.60 78.67 78.70 78.68 78.75 78.76 78.73 78.82 78.81 78.76
78.90 78.80 78.79 79.44 78.81 78.84 78.84 78.82 78.79 78.77 78.73 78.65 78.64 78.57 78.54 78.52 78.46 78.43 78.33 78.25 78.15 78.23 78.19 78.17 78.15 78.14 78.11 78.12 78.11 78.09 78.08 78.06 78.05 78.04 78.02 78.01 78.00 78.01 78.01 78.00 78.00 78.01 78.02 78.04 78.08 78.10 78.14 78.17 78.25 78.33 78.45 78.54 78.63 78.74 78.87 78.93 79.01 79.10 79.21 79.24 79.33 79.44 79.54 79.63 79.63 79.65 79.77 79.75 79.74 79.74 79.79 79.76 79.82 79.82 79.85 79.90 79.86 79.80 79.79 79.82 79.80 79.78 79.70 79.65 79.60 79.41 79.45 79.41 79.40 79.37 79.34 79.26 79.17 79.13 79.16 78.97 78.94 78.95 78.91 78.86 78.84 78.79 78.74 78.74 78.75 78.73 78.72 78.73 78.72 78.70 78.74 78.72 78.76 78.72 78.71 78.69 78.68 78.62 78.67 78.61 78.56 78.53 78.52 78.45 78.41 78.37 78.31 78.29 78.27 78.27 78.28 78.32 78.36 78.37 78.42 78.48 78.52 78.52 78.59 78.51 78.66 78.56 78.70 78.76 78.69 78.79 78.79 78.80 78.83 78.84 78.82 78.83 78.90 78.90 78.90 78.87 78.87 78.83 78.86 78.87 78.84 78.80 78.82 78.79 78.70 78.74 78.74 78.75 78.61 78.66 78.67 78.70 78.64 78.74 78.79 78.82 78.80 78.83 78.84 78.86
78.86 78.94 78.86 78.92 78.91 78.88 78.86 78.87 78.72 78.78 78.74 78.73 78.74 78.71 78.83 78.59 78.56 78.52 78.44 78.48 78.44 78.38 78.36 78.34 78.31 78.29 78.22 78.25 78.23 78.21 78.19 78.17 78.16 78.14 78.12 78.09 78.09 78.09 78.08 78.07 78.08 78.10 78.13 78.16 78.20 78.25 78.30 78.37 78.42 78.49 78.57 78.59 78.76 78.91 79.02 79.15 79.26 79.39 79.43 79.46 79.49 79.59 79.63 79.61 79.71 79.74 79.75 79.68 79.73 79.77 79.69 79.71 79.79 79.80 79.80 79.81 79.81 79.76 79.76 79.75 79.76 79.69 79.64 79.41 80.42 82.29 78.95 79.29 79.36 79.28 79.30 79.18 79.19 79.07 79.05 79.00 78.94 78.92 78.91 78.88 78.82 78.82 78.78 78.70 78.77 78.70 78.68 78.71 78.71 78.70 78.74 78.74 78.77 78.72 78.63 78.65 78.73 78.65 78.63 78.67 78.65 78.60 78.58 78.46 78.45 78.35 78.37 78.32 78.31 78.23 78.29 78.28 78.28 78.30 78.35 78.34 78.39 78.41 78.38 78.46 78.51 78.51 78.57 78.59 78.55 78.65 78.64 78.67 78.66 78.68 78.72 78.74 78.74 78.77 78.66 78.79 78.77 78.82 78.81 78.80 78.75 78.74 78.81 78.80 78.73 78.80 78.80 78.68 78.76 78.71 78.79 78.78 78.76 78.77 78.77 78.83 78.75 78.77 78.89 78.69
78.94 78.93 78.96 78.93 78.91 78.99 78.95 78.91 78.93 78.90 78.79 78.81 78.84 78.75 78.77 78.72 78.72 78.68 78.66 78.65 78.54 78.57 78.49 78.45 78.45 78.37 78.43 78.41 78.36 78.34 78.32 78.27 78.28 78.22 78.40 78.17 78.17 78.17 78.15 78.16 78.18 78.20 78.26 78.29 78.33 78.39 78.47 78.56 78.62 78.70 78.81 78.93 79.03 79.16 79.29 79.40 79.54 79.63 79.73 79.82 79.86 79.84 79.76 79.72 79.73 79.72 79.69 79.72 79.77 79.73 79.76 79.76 79.73 79.78 79.77 79.73 79.70 79.61 79.74 79.70 79.67 79.62 79.49 79.44 79.43 79.32 79.29 79.30 79.26 79.28 79.20 79.14 79.12 79.04 79.01 78.95 78.92 78.88 78.85 78.78 78.74 78.78 78.75 78.68 78.70 78.70 78.71 78.67 78.64 78.58 78.62 78.72 78.75 78.71 78.69 78.70 78.63 78.67 78.66 78.66 78.63 78.56 78.58 78.54 78.49 78.46 78.45 78.36 78.32 78.30 78.26 78.22 78.23 78.24 78.20 78.29 78.29 78.32 78.18 78.36 78.40 78.46 78.48 78.45 78.47 78.49 78.40 78.55 78.55 78.58 78.57 78.65 78.64 78.68 78.70 78.69 78.70 78.72 78.73 78.77 78.67 78.69 78.69 78.74 78.73 78.73 78.80 78.81 78.82 78.78 78.82 78.78 78.85 78.84 78.76 78.80 78.81 78.91 78.89 78.92
78.84 78.97 78.98 78.94 78.96 78.97 78.95 78.97 78.88 78.99 78.92 78.90 78.88 78.90 78.79 78.74 78.74 78.81 78.83 78.75 78.76 78.75 78.72 78.70 78.62 78.60 78.39 78.56 78.55 78.45 78.53 78.41 78.42 78.35 78.29 78.26 78.27 78.27 78.27 78.28 78.29 78.36 78.40 78.46 78.51 78.58 78.71 78.82 78.94 79.04 79.10 79.17 79.21 79.30 79.37 79.47 79.53 79.57 79.65 79.68 79.68 79.70 79.68 79.67 79.63 79.66 79.67 79.68 79.64 79.69 79.70 79.67 79.73 79.71 79.60 79.66 79.64 79.58 79.58 79.55 79.49 79.46 79.48 79.41 79.31 79.32 79.21 79.17 79.15 79.11 79.10 79.04 78.97 78.96 78.95 78.82 78.84 78.84 78.80 78.78 78.76 78.76 78.73 78.67 78.68 78.73 78.70 78.67 78.67 78.70 78.56 78.59 78.66 78.65 78.68 78.66 78.62 78.64 78.64 78.57 78.54 78.56 78.54 78.54 78.46 78.44 78.43 78.41 78.38 78.35 78.32 78.26 78.26 78.22 78.19 78.17 78.19 78.25 78.29 78.28 78.30 78.31 78.34 78.34 78.35 78.36 78.39 78.42 78.43 78.42 78.48 78.45 78.50 78.55 78.60 78.63 78.61 78.65 78.75 78.71 78.68 78.68 78.68 78.74 78.73 78.77 78.79 78.83 78.81 78.78 78.78 78.84 78.86 78.89 78.97 78.93 78.90 78.93 78.90 78.87
78.96 79.01 79.05 78.99 78.95 79.00 79.39 78.91 78.98 78.99 78.90 78.94 78.96 78.92 78.99 79.00 78.99 78.94 79.03 78.86 78.79 78.88 78.88 78.83 78.77 78.74 78.69 78.63 78.66 78.57 78.59 78.60 78.61 78.51 78.57 78.58 78.50 78.50 78.51 78.52 78.49 78.59 78.63 78.66 78.74 78.78 78.86 78.97 79.04 79.13 79.20 79.25 79.26 79.24 79.30 79.32 79.35 79.38 79.42 79.41 79.39 79.44 79.44 79.47 79.58 79.51 79.53 79.55 79.63 79.57 79.60 79.57 79.56 79.60 79.53 79.48 79.49 79.51 79.47 79.42 79.37 79.36 79.33 79.27 79.21 79.19 79.15 79.13 79.09 79.01 78.92 78.86 78.89 78.90 78.83 78.82 78.78 78.77 78.75 78.71 78.67 78.63 78.61 78.60 78.64 78.66 78.65 78.61 78.63 78.62 78.66 78.62 78.61 78.61 78.57 78.61 78.56 78.55 78.50 78.55 78.47 78.52 78.51 78.43 78.44 78.43 78.42 78.42 78.39 78.34 78.32 78.33 78.29 78.28 78.23 78.24 78.21 78.19 78.18 78.16 78.14 78.14 78.16 78.18 78.21 78.24 78.29 78.30 78.36 78.35 78.41 78.40 78.40 78.43 78.49 78.47 78.56 78.61 78.64 78.66 78.68 78.63 78.71 78.72 78.74 78.79 78.77 78.80 78.71 78.83 78.83 78.81 78.77 78.86 78.88 78.91 78.98 78.88 78.95 78.93
79.02 79.07 79.07 79.03 78.98 79.09 79.10 79.07 79.06 79.10 79.15 79.08 79.09 79.01 79.18 79.06 79.03 79.01 78.96 78.96 78.99 78.81 78.82 78.87 78.80 78.88 78.80 79.07 78.92 78.85 78.90 78.79 78.74 78.70 78.63 78.68 78.63 78.65 78.67 78.73 78.77 78.81 78.84 78.86 78.92 78.96 78.99 79.03 79.07 79.11 79.18 79.28 79.25 79.25 79.25 79.24 79.20 79.19 79.15 79.19 79.22 79.25 79.28 79.27 79.30 79.36 79.38 79.35 79.35 79.37 79.44 79.48 79.47 79.39 79.44 79.45 79.45 79.38 79.32 79.24 79.25 79.20 79.16 79.12 79.14 79.12 79.07 79.03 78.98 78.97 78.90 78.77 78.77 78.77 78.76 78.67 78.68 78.67 78.64 78.66 78.62 78.62 78.59 78.51 78.57 78.58 78.54 78.52 78.52 78.49 78.53 78.54 78.58 78.57 78.54 78.58 78.58 78.54 78.48 78.44 78.47 78.52 78.50 78.43 78.42 78.40 78.37 78.40 78.34 78.33 78.30 78.28 78.29 78.26 78.27 78.25 78.22 78.20 78.20 78.20 78.22 78.23 78.25 78.25 78.27 78.29 78.30 78.31 78.34 78.36 78.34 78.39 78.39 78.42 78.42 78.43 78.51 78.54 78.57 78.55 78.64 78.64 78.61 78.68 78.73 78.77 78.72 78.78 78.84 78.87 78.55 79.68 78.68 78.13 78.85 78.90 79.00 78.98 78.87 78.95
78.98 79.06 79.01 79.04 79.05 79.14 79.02 79.09 79.11 79.10 79.14 79.07 79.09 79.17 79.09 79.13 79.13 78.99 79.05 79.09 79.04 79.12 79.15 79.22 79.09 78.95 78.98 78.98 78.80 78.85 78.87 78.83 78.92 78.95 79.00 78.87 78.83 78.84 78.77 78.86 78.84 78.88 78.95 78.94 78.94 78.89 78.96 79.00 79.03 79.11 79.15 79.17 79.16 79.17 79.18 79.27 79.15 79.14 79.16 79.17 79.23 79.26 79.29 79.29 79.28 79.26 79.23 79.24 79.28 79.20 79.30 79.30 79.30 79.30 79.28 79.31 79.25 79.24 79.16 79.18 79.12 79.11 79.05 79.16 79.01 78.95 78.91 78.86 78.85 78.85 78.79 78.77 78.74 78.69 78.69 78.67 78.73 78.60 78.57 78.55 78.53 78.53 78.52 78.49 78.51 78.52 78.52 78.50 78.46 78.51 78.49 78.47 78.51 78.51 78.50 78.49 78.48 78.50 78.44 78.45 78.44 78.43 78.39 78.46 78.45 78.43 78.37 78.35 78.35 78.30 78.35 78.33 78.33 78.31 78.26 78.27 78.25 78.25 78.25 78.25 78.24 78.27 78.28 78.22 78.26 78.29 78.31 78.32 78.30 78.30 78.33 78.36 78.38 78.39 78.42 78.42 78.45 78.50 78.53 78.56 78.57 78.62 78.63 78.68 78.70 78.69 78.70 78.73 78.77 78.81 78.81 78.85 78.82 78.99 79.01 79.03 79.03 79.03 79.00 78.94
79.10 79.00 78.81 78.73 78.84 79.05 78.97 78.69 78.70 79.01 79.09 79.09 79.12 79.08 79.07 78.94 78.77 78.81 78.69 78.93 78.78 78.86 79.20 79.42 79.08 78.94 78.93 79.03 78.97 78.96 78.95 78.95 78.98 78.91 78.68 78.89 78.82 78.88 78.85 78.82 78.94 78.91 78.85 78.85 78.91 78.97 79.00 79.02 79.05 79.07 79.09 79.11 79.01 79.16 79.18 79.21 79.22 79.22 79.22 79.21 79.24 78.74 78.75 79.03 79.13 79.11 79.10 79.12 79.06 79.06 79.10 79.12 79.11 79.12 79.08 79.09 79.07 79.08 79.10 79.08 79.04 78.96 78.94 78.92 78.91 78.86 78.77 78.75 78.81 78.77 78.77 78.73 78.67 78.60 78.59 78.61 78.61 78.60 78.56 78.54 78.52 78.52 78.49 78.54 78.49 78.48 78.48 78.47 78.47 78.47 78.47 78.46 78.44 78.41 78.41 78.41 78.44 78.40 78.40 78.35 78.38 78.40 78.41 78.41 78.41 78.42 78.40 78.38 78.36 78.33 78.35 78.31 78.29 78.25 78.12 78.22 78.27 78.28 78.30 78.28 78.26 78.26 78.27 78.27 78.27 78.26 78.30 78.28 78.30 78.27 78.31 78.35 78.34 78.37 78.40 78.42 78.44 78.46 78.44 78.49 78.51 78.55 78.61 78.65 78.67 78.67 78.70 78.76 78.77 78.74 78.81 78.76 78.80 78.86 78.84 78.99 79.08 79.06 79.00 79.05
78.84 78.75 78.75 78.82 78.84 78.81 78.77 78.77 78.79 78.78 78.79 78.67 78.86 78.82 78.84 78.91 78.91 78.94 78.94 78.89 78.88 78.97 78.95 78.98 79.01 79.05 78.98 78.81 78.86 78.78 78.82 78.84 78.87 78.88 78.84 78.89 78.85 78.92 78.90 78.89 78.90 78.92 78.92 78.88 78.83 78.85 78.88 78.90 78.92 78.98 79.03 79.00 79.03 79.05 79.08 79.09 79.05 79.09 79.14 79.13 79.17 79.18 79.17 79.18 79.14 79.13 79.19 79.14 79.06 79.02 78.97 78.94 78.89 78.91 78.91 78.79 78.76 78.79 78.87 78.88 78.80 78.84 78.72 78.42 78.58 78.81 78.15 78.27 78.61 77.94 78.10 78.38 78.23 78.04 78.29 77.96 78.04 78.35 78.23 78.08 78.14 78.17 78.22 78.40 78.43 78.38 78.42 78.43 78.44 78.43 78.42 78.42 78.42 78.41 78.38 78.40 78.39 78.39 78.38 78.26 78.61 78.26 78.36 78.34 78.33 78.35 78.33 78.31 78.32 78.32 78.33 78.33 78.32 78.32 78.32 78.32 78.33 78.33 78.30 78.32 78.30 78.28 78.24 78.26 78.26 78.22 78.18 78.19 78.22 78.25 78.27 78.26 78.31 78.35 78.35 78.40 78.39 78.43 78.42 78.43 78.46 78.51 78.53 78.59 78.60 78.64 78.62 78.62 78.65 78.74 78.74 78.76 78.77 78.80 78.82 78.78 78.78 78.88 78.89 78.87
78.22 78.22 78.24 78.27 78.23 78.24 78.25 78.24 78.25 78.26 78.28 78.29 78.31 78.32 78.34 78.36 78.37 78.39 78.38 78.40 78.41 78.43 78.44 78.47 78.50 78.54 78.60 78.67 78.67 78.72 78.78 78.71 78.72 78.85 78.50 78.50 78.37 78.54 78.18 78.26 78.41 78.45 78.73 78.73 78.75 78.80 78.85 78.82 78.68 78.65 78.31 78.29 78.20 78.31 78.62 78.42 78.45 78.43 78.40 78.44 78.77 78.64 78.68 78.68 78.73 78.78 78.84 78.59 78.48 78.30 78.31 78.36 78.08 78.21 78.12 77.98 77.90 77.97 77.89 77.81 77.80 77.69 77.71 77.65 77.65 77.67 77.58 77.57 77.58 77.54 77.57 77.61 77.50 77.50 77.61 77.53 77.54 77.46 77.46 77.48 77.61 77.66 77.65 77.65 77.65 77.68 77.57 77.89 77.91 78.18 78.15 77.92 78.01 78.29 78.13 78.18 78.06 78.12 78.24 77.99 78.01 77.97 78.01 78.03 78.13 78.30 78.06 78.10 78.11 78.10 78.13 78.12 78.12 78.13 78.14 78.15 78.19 78.24 78.30 78.30 78.30 78.30 78.31 78.29 78.31 78.28 78.28 78.30 78.31 78.35 78.36 78.38 78.39 78.40 78.40 78.39 78.40 78.42 78.43 78.41 78.42 78.43 78.45 78.46 78.46 78.46 78.44 78.42 78.42 78.37 78.32 78.33 78.32 78.32 78.31 78.28 78.25 78.22 78.22 78.22
78.03 78.03 78.03 78.03 78.03 78.03 78.03 78.04 78.04 78.05 78.06 78.07 78.08 78.09 78.09 78.11 78.13 78.13 78.17 78.17 78.19 78.19 78.20 78.19 78.18 78.16 78.25 78.23 78.25 77.95 77.91 77.83 77.93 77.97 77.83 77.91 77.81 77.82 77.82 77.78 77.73 77.78 77.69 77.65 77.65 77.71 77.70 77.68 77.71 77.74 77.80 77.85 77.94 77.97 77.82 77.86 77.79 77.74 77.73 77.78 77.74 77.99 77.96 78.32 78.43 78.53 78.64 78.71 78.69 78.47 78.32 78.12 78.01 77.93 77.89 77.82 77.78 77.74 77.70 77.68 77.66 77.64 77.62 77.60 77.57 77.55 77.53 77.51 77.50 77.50 77.50 77.49 77.49 77.48 77.46 77.45 77.43 77.42 77.41 77.41 77.40 77.38 77.37 77.36 77.35 77.34 77.34 77.33 77.34 77.40 77.47 77.55 77.54 77.57 77.51 77.57 77.65 77.67 77.63 77.59 77.56 77.58 77.68 77.61 77.64 77.59 77.63 77.65 77.61 77.64 77.58 77.59 77.64 77.71 77.68 77.67 77.69 77.63 77.67 77.68 77.73 77.85 77.88 77.92 78.09 78.07 78.19 78.30 78.32 78.30 78.28 78.28 78.28 78.28 78.32 78.33 78.32 78.32 78.27 78.26 78.24 78.24 78.22 78.20 78.19 78.18 78.16 78.15 78.14 78.13 78.12 78.11 78.10 78.09 78.08 78.08 78.06 78.04 78.04 78.03
78.12 78.05 78.10 78.18 78.22 78.36 77.80 77.75 77.85 77.94 77.71 77.83 77.75 77.72 77.75 77.84 77.59 77.51 77.49 77.50 77.50 77.60 77.78 77.67 77.66 77.72 77.85 77.75 77.73 77.82 77.79 77.42 77.45 77.58 77.46 77.41 77.41 77.40 77.41 77.43 77.42 77.48 77.44 77.40 77.42 77.38 77.35 77.35 77.35 77.42 77.42 77.41 77.43 77.53 77.52 77.47 77.48 77.49 77.52 77.54 77.55 77.53 77.59 77.55 77.53 77.53 77.63 77.63 77.76 77.84 77.91 78.03 77.92 77.91 77.90 77.98 78.07 78.20 78.25 78.24 78.26 78.20 78.00 77.87 77.72 77.70 77.72 77.75 77.79 77.89 78.15 78.17 77.58 77.50 77.49 77.52 77.49 77.47 77.42 77.39 77.38 77.42 77.37 77.35 77.34 77.32 77.31 77.30 77.30 77.28 77.28 77.28 77.29 77.29 77.30 77.31 77.32 77.33 77.33 77.33 77.34 77.35 77.36 77.35 77.35 77.35 77.34 77.35 77.35 77.34 77.35 77.34 77.34 77.35 77.36 77.36 77.40 77.40 77.39 77.46 77.38 77.38 77.38 77.52 77.54 77.56 77.61 77.73 77.61 77.53 77.59 77.53 77.66 77.69 77.77 77.85 77.69 77.77 77.83 77.86 77.85 77.76 77.80 77.96 77.90 77.93 78.01 78.21 78.07 78.25 78.11 78.01 77.96 77.91 77.96 78.05 78.10 77.98 77.99 78.02
77.22 77.28 77.25 77.26 77.30 77.26 77.27 77.25 77.17 77.15 77.16 77.16 77.19 77.21 77.17 77.13 77.13 77.14 77.12 77.12 77.13 77.17 77.17 77.07 77.07 77.07 77.10 77.11 77.13 77.13 77.14 77.09 77.05 77.07 77.04 76.99 76.96 76.96 76.95 76.95 76.99 76.98 77.03 77.01 76.98 76.91 76.90 76.88 76.91 76.93 76.93 76.93 76.95 76.96 77.01 77.08 77.08 77.11 77.13 77.13 77.11 77.08 77.07 77.06 77.05 77.05 77.04 77.05 77.06 77.09 77.19 77.31 77.33 77.30 77.31 77.27 77.33 77.29 77.27 77.31 77.26 77.23 77.22 77.22 77.25 77.21 77.24 77.30 77.25 77.29 77.21 77.17 77.19 77.15 77.11 77.11 77.13 77.12 77.15 77.14 77.11 77.06 77.07 77.11 77.11 77.05 77.04 77.02 77.00 76.99 76.99 77.01 76.99 76.99 77.00 77.01 77.02 77.05 77.03 77.11 77.00 77.01 77.03 77.06 77.12 77.16 77.08 77.07 77.11 77.11 77.15 77.09 77.01 77.01 77.01 77.00 77.00 77.03 77.08 77.09 77.09 77.10 77.11 77.10 77.13 77.13 77.14 77.12 77.08 77.04 77.08 77.04 77.10 77.07 77.01 77.01 77.03 77.19 77.13 77.18 77.12 77.23 77.23 77.28 77.28 77.29 77.25 77.22 77.23 77.24 77.23 77.27 77.30 77.30 77.31 77.32 77.28 77.29 77.33 77.27
76.79 76.78 76.79 76.81 76.81 76.73 76.73 76.69 76.69 76.69 76.69 76.68 76.68 76.67 76.67 76.67 76.66 76.65 76.66 76.65 76.65 76.65 76.67 76.66 76.65 76.66 76.65 76.62 76.61 76.59 76.58 76.57 76.56 76.55 76.55 76.54 76.54 76.53 76.53 76.52 76.52 76.52 76.51 76.51 76.51 76.51 76.51 76.51 76.51 76.51 76.52 76.53 76.55 76.56 76.58 76.60 76.61 76.62 76.63 76.63 76.63 76.64 76.65 76.65 76.66 76.67 76.68 76.69 76.68 76.69 76.70 76.70 76.71 76.72 76.73 76.74 76.75 76.75 76.77 76.78 76.77 76.77 76.77 76.78 76.77 76.79 76.79 76.78 76.78 76.78 76.78 76.80 76.82 76.81 76.79 76.77 76.76 76.78 76.82 76.84 76.81 76.77 76.76 76.76 76.75 76.74 76.73 76.72 76.71 76.70 76.70 76.69 76.69 76.68 76.67 76.67 76.67 76.66 76.66 76.66 76.66 76.66 76.65 76.66 76.67 76.66 76.66 76.65 76.64 76.63 76.63 76.63 76.62 76.62 76.60 76.59 76.58 76.57 76.56 76.55 76.55 76.54 76.54 76.54 76.54 76.54 76.54 76.55 76.55 76.56 76.57 76.58 76.59 76.60 76.62 76.63 76.65 76.66 76.65 76.63 76.63 76.64 76.65 76.65 76.64 76.65 76.65 76.66 76.67 76.67 76.69 76.70 76.71 76.72 76.73 76.74 76.75 76.76 76.76 76.78
