East longitude (degrees): -179:2:179
North latitude (degrees): -89:2:89

Absorbed dose on Martian Surface (1E-6 Gy/day), 2D array where Absorbed dose(i,j)= value at latitude(i) and longitude(j).
81.39 81.43 81.48 81.49 81.49 81.49 81.48 81.50 81.53 81.57 81.71 81.77 81.74 81.80 81.99 82.09 82.14 82.21 82.22 82.11 82.05 82.19 82.21 82.17 82.11 82.09 82.03 82.05 82.13 82.10 82.19 82.30 82.24 82.17 82.27 82.20 82.11 82.05 81.97 81.91 81.86 81.79 81.73 81.70 81.69 81.69 81.68 81.69 81.68 81.67 81.64 81.64 81.61 81.60 81.60 81.60 81.53 81.51 81.48 81.48 81.47 81.45 81.45 81.42 81.43 81.46 81.47 81.36 81.31 81.32 81.26 81.25 81.25 81.25 81.21 81.18 81.17 81.16 81.15 81.15 81.14 81.16 81.16 81.15 81.16 81.17 81.16 81.16 81.15 81.16 81.17 81.20 81.21 81.21 81.22 81.22 81.22 81.22 81.23 81.23 81.21 81.20 81.19 81.19 81.20 81.21 81.21 81.22 81.23 81.23 81.24 81.23 81.20 81.22 81.26 81.29 81.28 81.28 81.29 81.31 81.32 81.33 81.34 81.37 81.40 81.43 81.43 81.45 81.48 81.49 81.51 81.52 81.53 81.54 81.55 81.57 81.57 81.57 81.57 81.58 81.53 81.54 81.52 81.49 81.50 81.50 81.49 81.47 81.43 81.41 81.40 81.39 81.39 81.35 81.32 81.31 81.30 81.28 81.27 81.28 81.27 81.27 81.26 81.24 81.24 81.23 81.24 81.26 81.27 81.28 81.29 81.31 81.32 81.32 81.33 81.35 81.36 81.37 81.37 81.39
83.29 83.38 83.41 83.55 83.51 83.58 83.48 83.46 83.44 83.34 83.33 83.32 83.21 83.09 83.03 83.02 83.04 83.05 83.04 82.99 82.99 83.04 83.17 83.21 83.19 83.13 83.13 83.03 83.11 82.94 83.19 83.21 83.05 83.03 83.02 83.02 82.99 82.95 82.98 82.96 82.91 82.96 82.92 82.90 82.86 82.84 82.84 82.78 82.73 82.68 82.54 82.69 82.51 82.24 82.27 82.21 82.10 81.98 81.92 81.89 82.05 81.58 81.65 81.41 81.34 81.33 81.28 81.25 81.22 81.20 81.14 81.09 81.15 81.13 80.88 80.83 80.77 80.68 80.65 80.80 80.53 80.36 80.35 80.26 80.24 80.24 80.27 80.29 80.32 80.34 80.38 80.38 80.39 80.39 80.40 80.78 80.68 80.85 80.72 80.91 80.91 80.91 80.99 81.00 81.04 81.12 81.18 81.33 81.42 81.48 81.34 81.33 81.36 81.38 81.40 81.40 81.45 81.48 81.55 81.56 81.62 81.68 81.69 81.74 81.81 81.80 81.81 81.88 81.95 81.93 82.00 82.01 82.03 82.09 82.22 82.35 82.44 82.59 82.51 82.33 82.19 82.14 82.12 82.09 82.04 82.05 82.00 81.74 81.71 81.69 81.69 81.71 81.75 81.74 81.73 81.74 81.80 81.91 82.00 81.99 82.06 82.13 82.22 82.26 82.38 82.47 82.58 82.63 82.79 82.83 83.02 83.03 83.05 83.04 83.13 83.01 82.74 82.88 83.27 83.50
82.69 82.70 82.73 82.74 82.75 82.74 82.76 82.80 82.80 82.80 82.79 82.80 82.81 82.89 82.82 82.75 82.76 82.87 82.86 82.86 82.86 82.88 82.91 82.92 82.90 82.90 82.94 83.05 83.12 83.27 83.63 83.66 83.63 83.63 83.67 83.51 83.72 83.60 83.55 83.48 83.72 84.02 83.96 83.98 83.75 83.71 83.60 83.49 83.40 83.30 83.33 83.21 83.19 83.16 83.42 83.51 83.21 83.03 83.08 83.46 83.29 82.37 82.24 82.28 82.40 82.48 82.32 82.42 82.40 82.00 82.14 82.02 81.74 81.67 81.72 81.47 81.78 82.04 82.31 81.97 81.81 81.73 81.79 81.80 81.90 81.76 81.69 81.56 81.55 81.66 81.55 81.58 81.68 81.66 81.66 81.67 81.69 81.74 81.77 81.87 81.84 81.96 82.25 82.55 82.46 82.42 82.39 82.41 82.37 82.43 82.52 82.59 82.63 82.71 82.48 82.54 82.65 82.68 82.60 82.51 82.50 82.54 82.58 82.67 82.78 82.87 82.87 82.80 82.81 82.75 82.70 82.66 82.62 82.63 82.66 82.76 83.35 84.57 85.02 84.72 84.02 83.71 83.59 83.63 83.14 82.90 82.79 82.67 82.73 82.80 82.67 82.70 82.76 82.91 83.08 83.14 83.17 83.19 83.16 83.16 83.14 82.97 82.81 82.74 82.71 82.81 82.88 82.97 83.11 83.31 83.05 83.11 83.07 83.02 82.95 82.91 82.87 82.85 82.74 82.69
82.81 82.83 82.85 82.87 82.87 82.87 82.89 82.90 82.93 82.94 82.97 82.99 83.02 83.05 83.03 83.04 83.06 83.09 83.13 83.15 83.18 83.21 83.25 83.29 83.34 83.40 83.45 83.51 83.62 83.76 83.68 83.51 83.48 83.41 83.53 83.65 83.64 83.59 83.66 83.72 83.46 83.46 83.48 83.49 83.52 83.55 83.52 84.08 84.20 84.28 84.18 84.20 84.11 84.11 84.14 84.09 84.03 84.35 84.45 84.45 83.93 84.31 84.20 84.07 84.44 84.11 84.13 84.10 84.55 84.16 84.50 84.78 85.00 85.02 84.83 84.65 84.69 84.67 84.65 84.77 84.74 84.69 84.50 84.54 84.56 84.46 84.38 84.36 84.42 84.41 84.11 84.10 84.21 84.65 84.14 84.05 83.93 83.88 83.91 83.76 83.99 83.42 83.59 83.31 83.74 84.01 84.08 83.81 83.68 83.71 83.77 83.91 84.20 84.29 84.39 84.36 83.90 83.92 83.84 83.82 83.74 83.73 83.38 83.30 83.37 83.43 83.43 83.27 83.26 83.42 83.34 83.35 83.53 83.55 83.77 84.41 85.33 85.23 85.27 85.24 85.27 83.92 83.79 83.85 83.81 83.96 83.92 83.83 83.80 83.80 83.74 83.61 83.49 83.43 83.38 83.22 83.15 83.20 83.53 83.93 84.47 84.80 84.31 83.70 82.89 82.89 82.58 82.50 82.48 82.47 82.59 82.81 83.36 83.36 83.05 82.84 82.75 82.72 82.74 82.78
83.15 83.23 83.23 83.38 83.11 83.18 83.23 83.28 83.34 83.40 83.46 83.54 83.72 83.76 83.52 83.51 83.54 83.59 83.65 83.71 83.76 83.81 83.82 83.86 83.90 83.96 84.03 84.07 84.09 84.13 84.18 84.36 84.32 84.35 84.48 84.42 84.17 84.22 84.19 84.21 84.42 84.25 83.89 83.96 83.77 83.63 83.70 83.89 83.95 83.83 84.00 83.89 84.15 85.14 84.77 85.01 85.34 84.76 85.30 85.18 84.79 84.94 85.03 84.99 84.99 84.93 85.00 85.01 84.91 84.81 84.94 84.74 84.53 84.56 84.59 84.61 84.55 84.55 84.52 84.56 85.07 84.45 84.26 84.21 84.18 84.21 84.19 84.20 84.17 84.16 84.15 84.18 84.06 83.86 83.65 83.33 82.66 81.95 82.79 82.93 83.42 83.79 83.73 83.86 84.20 84.43 84.59 84.87 84.82 84.68 84.42 84.78 84.92 85.08 85.06 85.16 85.20 85.30 85.27 85.26 85.23 85.28 85.20 85.11 85.09 85.15 84.65 84.70 84.78 84.87 84.94 85.22 85.29 85.41 85.46 85.43 85.38 84.62 83.66 83.44 83.39 83.34 83.32 83.52 83.62 83.65 83.58 83.75 83.86 83.96 84.11 84.22 84.35 84.09 84.22 84.49 84.66 84.28 84.12 84.17 84.74 84.51 84.16 84.15 84.32 84.26 84.75 84.01 83.17 82.82 82.83 83.00 83.17 83.45 83.80 83.06 83.20 83.20 82.99 83.05
83.53 83.58 83.59 83.72 83.69 83.65 83.65 83.69 83.71 83.93 83.77 83.87 83.93 83.96 84.06 84.19 84.06 84.30 83.96 84.25 84.12 84.16 84.12 84.66 85.17 83.97 84.48 85.06 84.80 84.92 84.84 84.84 84.81 84.83 84.89 84.91 84.92 84.90 84.78 84.73 84.74 84.47 85.19 85.33 84.20 84.42 84.40 84.25 84.20 84.54 84.83 84.46 85.30 85.06 85.13 85.39 85.71 84.23 84.99 84.39 85.26 84.97 84.25 84.77 84.78 85.15 85.20 85.12 85.08 85.04 84.99 85.02 85.00 85.01 84.98 84.94 84.98 85.03 84.99 84.74 84.85 85.05 84.72 84.68 84.71 84.97 84.56 84.78 84.58 84.62 84.69 84.55 84.49 84.16 83.29 83.29 82.86 83.36 83.94 84.27 84.18 84.48 84.53 84.61 84.70 84.96 84.75 84.89 84.60 84.92 84.41 84.76 84.56 84.56 84.16 84.04 84.88 85.08 85.41 85.47 85.53 85.51 85.54 85.51 85.57 85.52 85.47 85.53 85.50 85.55 85.47 85.45 85.55 85.52 85.52 85.53 85.61 85.63 85.55 85.55 85.55 85.61 85.21 84.74 84.99 84.33 83.77 83.78 83.79 83.68 83.75 83.88 84.35 85.73 85.54 84.45 84.21 84.87 83.53 83.57 84.28 83.65 83.33 83.18 83.10 83.23 83.08 83.54 83.27 83.23 83.25 83.32 83.47 83.15 83.05 83.19 83.31 83.42 83.43 83.45
84.43 84.11 84.03 83.99 83.89 84.20 84.15 84.55 84.49 84.54 84.50 84.52 84.91 84.69 84.63 84.69 84.79 84.78 84.92 84.76 84.69 84.74 84.68 84.80 84.71 84.86 85.09 85.18 84.99 85.12 85.08 85.11 85.11 85.11 85.10 85.12 85.07 85.10 85.07 85.08 85.06 85.09 85.00 84.83 84.76 84.51 83.93 84.72 83.82 84.12 85.03 84.80 84.60 83.99 84.16 84.41 84.62 84.58 84.73 84.68 85.02 85.24 85.04 85.12 85.34 85.37 85.34 85.38 85.38 85.34 85.30 85.29 85.23 85.25 85.21 85.21 85.17 85.05 84.81 84.84 84.77 84.60 84.53 84.36 84.64 84.86 84.70 84.74 84.51 84.65 84.67 84.61 84.22 84.05 83.90 83.71 83.19 82.78 84.00 85.29 85.73 85.94 85.94 84.54 84.84 84.68 84.72 84.94 84.62 85.01 84.69 84.65 84.58 85.10 85.53 85.30 84.65 84.48 84.00 83.74 83.62 83.19 83.03 83.64 84.36 84.92 85.26 85.22 85.10 84.85 84.19 84.95 85.16 84.32 84.98 85.23 85.60 85.48 85.19 85.07 84.68 84.69 84.42 84.98 85.70 85.64 85.45 85.31 84.51 84.55 84.63 83.75 84.53 84.90 84.91 83.97 83.58 83.69 83.45 83.50 83.61 83.43 83.42 83.71 83.57 83.51 83.66 83.78 83.84 83.81 83.70 83.80 84.05 83.69 83.71 83.78 84.01 84.20 84.31 84.09
84.69 84.80 84.53 84.69 84.49 84.48 84.61 85.42 84.86 84.76 85.85 86.21 84.98 85.15 85.17 85.30 85.05 85.18 85.17 84.96 84.96 85.23 85.23 85.41 85.23 85.30 85.35 85.38 85.35 85.31 85.31 85.28 85.33 85.28 84.79 85.20 85.20 85.18 85.15 85.14 85.07 85.02 85.02 85.03 85.08 85.15 85.06 84.96 84.74 84.61 84.74 84.16 83.99 84.39 84.98 85.08 84.99 85.37 85.55 85.58 85.62 85.60 85.54 85.48 85.45 85.44 85.41 85.16 85.38 85.26 85.11 84.94 84.91 84.73 84.67 84.76 84.65 84.85 84.66 84.69 84.77 84.83 84.93 84.72 85.10 84.83 84.83 85.01 84.81 84.81 84.71 84.38 84.24 84.58 84.75 84.77 84.77 84.78 84.85 84.70 84.52 84.64 84.65 84.58 84.92 84.98 84.99 84.81 84.78 84.66 84.56 84.38 83.89 84.16 84.30 83.71 84.13 83.96 83.71 83.89 83.60 83.52 84.30 84.69 84.52 84.51 85.75 84.03 84.22 84.22 84.35 84.91 84.78 84.62 84.54 84.34 84.71 83.62 83.25 82.83 82.74 83.37 85.88 85.69 85.84 84.43 85.20 84.50 85.38 85.76 85.59 85.50 85.41 85.45 85.60 84.34 83.21 83.18 83.17 83.18 83.16 83.33 84.07 83.94 84.15 83.47 83.54 83.75 83.83 83.82 83.90 83.90 83.93 84.20 84.22 84.31 84.46 84.41 84.47 84.54
85.98 84.67 85.41 85.39 85.26 84.91 85.77 85.40 85.44 85.41 84.91 84.53 85.71 84.89 85.24 85.45 85.39 85.37 85.28 85.13 84.95 84.55 85.73 84.32 84.59 85.56 85.26 85.23 85.27 85.33 85.35 85.35 85.46 85.04 84.97 84.59 84.84 85.26 85.12 85.18 85.18 85.22 85.10 85.16 85.20 85.20 85.21 84.93 85.60 86.68 86.66 86.85 86.78 84.93 85.53 85.54 85.73 85.78 85.81 85.83 85.84 85.81 85.74 85.63 85.67 85.21 85.39 85.61 85.64 85.64 85.59 85.28 85.03 85.19 85.03 84.90 84.81 84.95 85.21 84.78 84.79 84.80 84.84 85.21 85.01 85.30 85.46 85.41 85.27 85.33 84.93 84.89 84.48 84.92 84.89 85.01 85.21 85.24 85.23 85.19 85.24 85.25 85.35 85.29 85.19 85.10 85.28 84.75 84.67 84.50 83.99 83.59 83.89 84.39 84.89 84.54 84.77 84.62 84.73 84.31 84.46 84.01 83.77 83.69 84.07 84.04 84.40 84.41 84.70 84.66 84.62 84.76 84.83 84.96 85.09 85.12 85.11 85.27 84.88 84.47 84.95 83.36 83.51 84.22 84.34 84.41 84.50 84.82 85.67 85.26 84.99 84.05 84.96 85.47 85.85 86.04 85.35 84.18 83.21 83.68 83.41 83.75 84.33 84.43 83.64 83.96 84.47 84.64 84.46 84.89 85.83 85.53 85.06 84.90 84.92 84.86 85.06 84.84 84.90 85.87
85.77 85.82 85.94 86.01 86.10 86.30 86.47 86.38 86.40 86.43 86.44 85.64 84.90 84.56 83.86 83.86 84.61 84.79 86.04 85.02 85.10 84.90 84.67 84.76 86.89 85.44 85.42 85.44 85.30 85.05 85.16 85.04 85.02 85.24 85.14 85.09 85.00 85.36 85.17 85.19 85.34 85.14 85.30 85.19 85.24 85.28 84.95 84.74 84.81 85.88 86.69 86.51 86.91 84.68 85.70 85.86 85.92 85.99 85.90 85.92 86.01 85.62 85.47 85.62 85.75 85.84 85.92 85.67 85.69 84.66 85.00 85.24 85.07 85.27 84.93 85.18 85.00 84.47 84.25 84.10 83.99 85.09 85.02 84.99 85.21 85.23 85.40 85.16 85.47 85.27 85.89 85.75 85.25 85.36 85.36 85.16 85.08 84.37 85.05 85.37 85.55 85.22 85.27 85.28 85.25 85.31 84.91 83.95 84.29 84.65 84.68 84.79 84.80 84.99 85.01 84.90 85.19 84.96 85.10 85.20 85.09 85.33 85.36 85.12 85.35 84.89 84.15 84.37 85.82 85.83 84.65 84.90 84.71 83.49 84.41 84.65 84.77 84.28 83.90 84.28 84.77 84.06 85.03 85.17 85.50 85.52 85.48 85.13 85.14 85.37 85.71 85.59 85.88 85.64 86.62 86.87 86.78 86.34 85.89 85.58 85.90 85.68 85.43 85.84 86.07 85.99 85.98 85.77 85.60 86.20 85.66 86.04 85.91 85.95 85.32 85.31 85.38 85.50 85.07 85.73
85.08 85.17 85.60 85.89 85.36 87.09 86.86 86.42 86.61 86.57 86.52 86.27 85.54 85.69 85.22 85.48 84.14 84.35 84.83 85.34 85.77 85.49 85.18 85.07 84.87 85.65 85.34 85.53 85.09 85.81 84.70 84.80 84.67 84.98 85.01 85.10 85.40 85.41 85.53 85.53 85.63 85.53 85.49 85.55 85.56 86.30 85.31 85.67 85.68 85.65 85.69 85.84 85.84 85.98 86.00 85.91 85.95 85.97 85.72 85.72 85.48 85.94 85.89 86.08 85.91 85.64 84.92 84.94 84.99 84.98 84.95 85.15 85.10 85.34 85.47 85.75 85.57 84.90 84.30 84.60 84.77 85.32 85.34 84.83 84.79 84.52 84.60 84.54 84.85 85.17 85.19 85.35 84.35 85.40 85.50 85.40 85.58 85.58 85.56 85.62 85.56 85.52 85.61 85.51 85.23 84.87 84.04 85.33 85.55 85.41 85.20 84.97 85.10 84.96 85.12 84.53 84.46 85.09 85.55 85.79 86.02 85.83 85.87 85.97 85.95 85.82 85.33 84.80 84.44 84.54 85.19 85.07 85.06 85.10 86.21 84.88 83.43 83.86 84.03 84.17 84.40 84.35 83.89 84.03 84.62 85.16 85.31 85.00 85.59 85.69 85.68 85.79 85.19 83.26 85.66 86.66 86.45 83.95 86.68 86.56 86.47 86.19 86.10 86.00 85.68 85.35 85.06 85.18 84.31 84.02 85.13 85.89 85.81 85.58 85.40 85.18 85.03 84.92 85.22 85.24
86.86 85.07 84.78 85.64 85.65 85.74 85.76 86.50 86.48 86.63 86.69 86.69 86.49 86.34 85.91 85.57 85.22 84.72 84.64 84.34 84.33 84.01 84.38 84.40 84.81 84.75 84.61 84.53 85.17 84.28 84.30 84.37 85.01 86.76 84.81 85.06 85.05 85.96 85.49 85.53 85.65 85.63 85.58 85.60 85.61 85.67 85.62 85.74 85.75 85.67 85.71 85.82 85.86 85.86 85.76 85.95 86.13 85.96 86.05 85.94 85.28 85.72 86.00 85.99 85.70 85.47 87.54 87.51 86.95 84.98 85.20 85.30 85.36 85.59 85.78 85.34 84.96 84.36 84.43 84.06 84.42 84.47 84.96 84.86 85.23 85.09 85.22 85.24 85.22 85.21 85.27 85.46 85.36 85.54 85.47 85.63 85.49 85.44 85.47 85.25 85.30 84.48 84.26 84.30 83.91 84.51 86.01 86.62 86.50 85.96 85.84 85.32 85.37 84.96 85.15 85.00 85.43 85.61 85.93 85.95 85.91 85.88 85.96 85.93 85.82 86.12 86.08 86.26 86.28 85.73 84.92 84.24 84.95 85.20 84.32 84.13 84.00 83.58 84.23 83.39 83.67 84.09 84.08 85.17 84.80 84.72 84.16 84.54 85.07 85.46 85.83 86.01 85.64 85.87 86.04 86.11 86.17 86.15 85.75 85.95 85.90 86.00 85.78 85.51 85.83 85.75 85.76 85.74 85.66 85.15 85.95 85.66 85.59 85.36 84.79 85.45 84.58 84.55 84.68 85.31
85.25 84.79 84.43 84.94 84.96 85.99 86.10 86.61 86.48 86.55 86.53 86.68 86.69 86.70 86.59 86.37 86.21 86.14 86.04 85.67 85.08 84.93 85.01 84.75 85.16 85.05 84.66 85.60 85.42 84.75 84.50 84.86 84.59 84.86 85.07 85.21 85.23 85.31 85.33 85.59 85.62 85.73 85.77 85.77 85.88 85.91 85.87 85.84 85.86 85.85 85.72 85.60 85.47 85.58 85.72 85.89 85.90 85.92 85.77 84.72 86.04 86.13 86.33 86.57 85.71 86.13 86.10 86.15 85.39 85.30 85.59 85.45 85.54 85.71 85.98 85.82 85.21 84.99 84.55 84.17 84.21 84.59 85.65 85.00 85.21 85.25 85.24 85.14 84.83 85.29 85.28 85.33 85.27 85.49 85.25 85.52 85.84 85.62 85.30 85.40 85.11 85.16 85.02 84.90 84.46 84.84 84.63 84.91 85.01 84.87 84.83 84.66 84.76 85.44 85.77 86.41 86.34 86.07 85.85 85.71 85.72 85.95 86.17 86.10 86.26 86.17 86.11 86.18 86.17 86.39 85.16 85.14 85.08 84.95 86.85 84.42 84.40 84.56 85.12 83.75 83.71 83.76 84.35 84.40 84.46 83.96 83.83 85.29 84.98 84.51 85.50 85.28 85.21 85.88 85.86 84.09 84.80 85.04 85.78 85.40 84.67 84.88 85.84 85.39 85.74 86.10 85.88 85.96 85.88 85.82 85.38 85.26 85.05 84.33 85.49 85.76 85.22 85.03 84.62 84.53
85.28 85.24 85.73 84.90 84.54 85.07 85.73 85.86 86.17 86.07 86.43 86.22 86.67 86.50 86.53 86.35 86.44 86.49 86.42 85.84 85.19 85.16 84.84 84.97 84.85 85.03 85.04 84.83 84.77 84.87 84.79 84.96 85.25 85.26 85.20 84.92 84.70 85.13 85.61 85.25 85.80 85.38 85.13 85.62 85.68 85.65 85.39 85.77 85.66 85.63 85.37 85.47 85.80 86.25 85.80 84.90 85.48 86.25 86.06 86.12 86.02 85.99 86.16 86.44 86.90 86.56 85.61 86.64 85.46 86.15 85.81 85.54 85.60 85.45 85.59 86.22 86.40 86.22 86.14 85.66 85.42 84.94 85.07 85.05 85.08 85.15 85.31 85.31 85.32 85.25 85.22 85.24 85.39 85.31 85.37 85.11 85.28 85.37 85.17 85.51 85.56 85.19 85.29 85.56 85.40 85.11 84.86 84.58 84.61 84.32 84.91 85.02 85.40 86.11 86.66 86.73 86.75 86.42 86.15 86.05 85.99 85.93 86.01 86.04 86.34 86.43 86.26 86.20 86.24 86.34 86.11 85.34 85.20 85.56 85.06 84.55 84.28 84.51 84.28 83.33 85.50 84.08 84.89 84.77 84.73 84.36 84.21 84.05 83.79 84.16 84.49 84.99 84.79 84.96 85.43 85.87 86.20 86.24 85.87 85.73 85.09 85.21 85.47 85.50 85.42 84.38 84.28 84.67 85.25 85.60 85.75 85.83 85.59 85.95 85.91 84.77 85.37 85.52 85.48 85.84
86.17 85.01 84.51 85.23 85.60 85.84 85.80 84.97 85.12 85.38 84.82 85.11 85.84 85.13 87.26 85.24 85.71 85.63 86.37 85.97 85.86 85.81 85.84 85.05 84.84 84.60 85.93 85.48 84.83 84.95 85.51 85.90 85.94 85.78 85.77 85.39 84.91 85.16 85.07 85.05 85.59 84.70 85.21 85.63 85.24 84.07 85.89 86.10 86.16 86.08 86.04 86.24 86.19 85.71 85.17 86.43 86.44 86.13 86.44 86.40 86.30 86.04 86.19 86.27 86.60 87.02 86.64 85.81 86.81 86.85 86.59 86.20 85.04 86.07 86.37 85.70 85.57 85.70 85.56 85.24 84.20 84.21 85.05 85.39 85.08 84.99 84.83 85.20 85.34 85.30 85.38 85.28 85.31 85.54 85.41 85.48 85.41 85.18 85.36 85.51 85.62 85.44 85.34 85.33 84.64 85.36 85.24 85.28 85.30 85.43 85.55 85.62 85.74 85.97 86.32 86.39 85.70 85.63 85.72 85.45 87.18 86.42 85.51 85.81 86.06 86.14 86.42 86.54 86.08 86.48 86.97 86.62 83.80 86.35 86.16 85.93 84.59 84.86 84.82 85.34 84.37 84.32 84.25 84.37 84.44 84.32 84.34 84.09 84.39 84.18 84.38 84.32 84.47 84.66 84.74 86.02 86.78 86.69 86.68 86.49 86.24 85.91 85.64 85.38 85.35 84.95 84.46 84.75 84.83 83.70 84.60 85.50 85.66 85.33 84.14 84.58 84.81 85.91 85.98 85.94
86.25 85.64 85.43 85.80 85.81 85.57 84.13 84.93 85.17 84.91 85.50 84.91 85.20 84.29 85.46 85.99 85.58 85.73 85.37 85.75 85.94 85.96 85.59 85.41 84.45 84.96 85.19 85.26 85.77 84.95 85.21 86.02 86.12 85.72 86.09 85.76 85.12 84.53 84.39 84.59 84.94 85.62 85.99 85.94 85.85 85.42 86.07 86.26 86.51 86.49 86.50 86.51 86.58 86.62 86.26 85.99 86.15 85.91 86.30 86.46 86.03 85.61 86.63 86.44 85.56 86.95 85.53 86.27 86.72 84.79 85.27 86.35 87.24 85.97 86.70 85.79 85.86 85.45 85.19 85.27 84.59 84.71 85.06 84.77 84.84 85.37 85.15 85.08 85.55 84.10 85.17 85.47 85.57 85.43 86.05 85.20 85.10 85.13 86.42 85.06 84.96 85.49 85.30 85.32 85.41 85.47 85.43 85.34 85.32 85.71 85.80 86.06 86.15 86.15 85.91 85.40 85.43 85.58 85.17 84.68 84.74 84.75 85.56 86.08 86.61 86.75 86.86 86.74 86.87 87.13 86.78 86.74 86.34 86.10 86.28 85.98 85.47 84.24 83.69 84.03 86.37 86.16 83.78 83.80 85.35 84.13 84.27 83.56 84.22 84.59 83.98 84.06 84.68 85.49 85.86 86.14 86.39 86.31 86.45 86.44 86.41 86.31 86.15 85.96 85.46 85.10 84.71 84.64 84.88 84.66 85.85 84.01 84.86 85.08 84.73 85.48 85.76 85.52 85.86 86.05
86.01 86.06 86.29 86.62 86.07 84.65 85.09 84.90 84.45 84.51 84.63 86.51 84.58 84.73 84.32 84.40 85.14 85.69 85.17 85.03 86.43 85.08 85.12 85.10 84.29 85.00 85.30 85.28 85.24 84.36 83.79 86.00 85.72 85.85 85.82 85.53 85.70 84.99 84.78 84.86 84.64 85.28 85.53 85.69 85.81 85.49 84.97 84.89 85.88 86.48 86.53 86.61 86.42 86.39 86.11 85.36 85.11 85.12 84.82 84.65 85.40 87.13 85.85 85.14 86.81 87.31 87.05 85.94 88.01 83.57 87.52 85.94 85.19 86.03 85.56 86.70 87.03 86.62 86.20 87.17 87.22 86.04 85.15 85.24 85.53 85.19 85.26 84.96 84.89 85.27 85.35 85.45 85.11 84.75 84.76 84.69 84.70 84.81 85.30 84.80 84.51 84.68 84.67 84.74 84.71 85.42 85.46 85.68 85.88 86.04 86.19 86.35 86.53 86.63 86.44 86.05 86.20 86.20 86.40 86.03 85.90 86.15 86.73 87.16 87.43 87.40 87.43 87.41 87.41 87.62 87.12 86.97 86.68 86.95 86.84 86.74 86.67 86.08 84.08 85.25 86.34 86.75 84.35 84.56 85.15 84.96 84.55 84.31 84.27 84.63 85.11 85.30 85.48 85.21 85.78 85.49 86.08 85.44 84.52 84.79 86.17 86.32 86.23 85.88 85.39 85.07 84.77 84.75 84.86 84.78 84.45 84.32 84.84 84.92 86.01 84.85 84.85 84.98 85.32 85.93
86.09 86.12 86.27 86.37 85.65 85.59 85.49 85.02 84.83 85.37 85.32 85.20 85.01 85.12 84.74 84.99 85.61 85.50 85.51 85.44 84.86 84.13 84.12 86.29 84.08 85.00 85.38 85.39 85.39 85.08 84.83 85.80 85.79 85.65 85.89 85.45 85.15 84.87 84.43 84.31 84.42 84.30 84.24 84.46 85.30 84.98 84.80 85.20 85.83 86.14 86.45 86.49 86.52 85.94 85.55 84.46 84.84 84.35 84.70 86.69 85.30 87.30 87.51 86.86 85.44 88.19 88.13 88.21 88.09 88.09 88.10 87.59 85.11 85.63 87.02 86.17 85.79 86.73 86.51 86.41 85.79 85.41 85.57 85.53 85.42 85.23 85.25 84.95 85.09 84.75 85.02 85.23 85.51 85.13 85.24 85.78 86.65 85.24 85.18 85.30 85.26 85.17 84.53 84.71 84.51 84.80 85.63 85.76 86.04 86.28 86.48 86.63 86.89 87.10 87.08 87.26 87.38 87.50 87.54 87.73 87.87 87.96 87.99 88.03 88.09 87.98 87.89 87.87 88.06 87.70 87.49 87.38 87.20 86.88 87.13 87.02 85.32 86.20 86.03 85.63 85.43 85.22 85.34 85.39 84.27 84.69 84.83 84.84 85.20 85.55 85.94 85.95 86.81 86.36 85.51 85.71 85.95 84.53 84.73 86.29 85.94 85.70 85.49 85.55 85.12 84.97 85.15 85.36 85.64 85.39 85.37 84.69 85.53 85.09 84.83 84.93 85.20 85.67 85.69 86.00
86.15 85.69 85.78 86.50 86.73 84.95 85.78 85.92 85.89 85.66 85.82 85.24 85.01 85.40 85.38 85.38 85.08 85.50 85.38 85.50 85.35 84.61 84.26 85.44 84.95 85.26 86.49 85.23 85.45 85.25 85.63 85.49 85.49 85.84 85.59 85.57 85.52 84.63 84.30 84.25 84.13 84.28 84.80 85.03 85.28 85.45 85.64 85.59 86.57 87.28 85.22 85.31 85.65 85.38 85.54 86.12 85.89 85.06 84.93 85.95 85.43 87.40 87.50 87.63 88.39 88.25 88.13 88.12 88.14 88.14 88.13 88.05 87.81 87.47 86.47 86.24 86.57 86.94 86.01 86.29 86.51 86.29 86.11 85.88 85.60 86.64 85.81 85.29 85.45 85.49 85.13 85.05 84.91 85.43 84.82 84.64 85.00 85.10 85.21 85.05 85.23 85.34 84.84 84.05 85.42 85.16 85.37 85.76 85.92 86.03 86.61 86.84 87.19 87.43 87.53 87.71 87.92 88.00 88.21 88.63 89.11 89.54 89.74 89.82 89.86 89.37 89.20 89.27 89.28 89.20 88.44 87.76 87.79 87.92 87.09 87.31 87.36 87.02 85.74 85.73 85.91 85.36 85.46 85.06 85.26 86.04 85.15 85.14 85.23 84.99 85.29 85.72 86.15 86.39 87.06 86.02 85.87 84.33 86.32 85.89 86.06 86.11 86.10 85.70 85.42 85.35 85.00 85.38 84.73 85.37 85.61 84.89 84.31 84.30 84.92 85.58 85.66 85.79 86.06 86.14
86.02 85.83 85.46 85.54 86.20 86.02 85.92 85.04 86.12 85.55 85.17 85.46 85.28 85.55 85.38 85.26 85.37 84.65 85.21 85.30 85.07 84.67 84.19 84.01 83.70 84.97 84.62 85.04 85.38 85.39 85.27 85.48 85.16 85.09 85.27 84.98 85.01 84.86 84.56 83.77 83.74 83.59 83.97 85.04 85.27 85.49 85.62 85.23 86.65 87.10 85.15 85.11 84.60 84.31 85.44 86.54 86.76 86.72 85.62 84.94 84.98 85.23 87.54 88.03 88.20 88.07 88.18 88.12 88.12 88.12 88.12 88.17 87.81 87.84 87.94 88.12 86.59 86.66 86.20 86.23 86.41 86.28 85.79 85.56 85.29 85.96 85.08 85.19 85.45 85.40 85.35 85.42 85.55 85.63 85.30 84.87 84.99 85.08 85.16 84.73 85.39 85.03 84.70 85.18 85.03 85.23 85.61 85.96 86.25 86.30 86.99 87.19 87.28 87.63 87.81 88.00 88.21 88.65 89.26 90.07 90.36 90.82 90.99 91.25 91.22 91.23 91.01 91.01 90.85 90.62 91.00 90.38 88.29 88.22 87.82 87.51 86.75 85.32 84.56 86.29 85.90 85.20 86.30 85.16 84.55 84.81 85.19 85.82 85.53 85.65 86.07 86.11 85.97 85.84 85.17 85.86 85.92 86.09 85.98 86.00 85.93 85.41 85.56 85.98 85.92 85.68 85.11 85.91 85.46 85.85 85.42 84.99 85.47 84.82 84.94 85.27 85.44 85.71 85.81 85.99
85.04 85.31 85.15 85.60 86.48 86.73 86.88 85.91 85.91 84.84 85.32 84.83 84.81 84.65 84.97 84.76 84.69 84.74 84.00 84.26 84.59 84.87 84.08 83.93 84.59 84.37 84.75 85.36 85.34 85.33 85.13 85.39 85.01 83.77 83.75 83.94 84.24 84.24 84.28 83.77 83.60 83.68 83.85 84.73 85.12 85.33 85.38 85.38 85.31 85.19 84.99 84.64 84.15 83.94 84.21 84.68 85.86 85.95 85.19 84.97 87.00 87.30 87.48 87.70 88.07 88.29 88.14 88.15 88.12 88.21 88.22 88.07 87.92 86.94 87.34 86.34 86.32 86.69 86.17 86.31 86.32 86.22 85.89 85.48 85.51 85.00 85.15 86.76 85.96 85.46 85.24 85.39 86.05 86.07 85.42 85.16 84.46 85.61 84.82 84.81 84.76 84.76 85.07 85.47 85.58 85.17 85.12 86.01 86.25 86.66 86.23 86.97 87.57 87.87 88.21 88.66 89.30 89.73 90.41 90.86 91.59 92.05 91.58 91.54 90.50 91.09 91.19 91.32 91.16 91.12 91.15 91.18 90.92 90.36 88.97 88.18 87.44 86.67 87.06 86.49 86.78 86.01 84.90 85.49 85.67 84.67 85.39 85.15 85.70 85.87 85.14 85.66 85.65 85.60 85.46 85.94 85.70 85.47 85.10 85.13 83.89 84.72 85.52 85.39 85.03 85.64 86.08 86.43 85.71 86.40 86.27 85.93 85.86 85.31 84.86 84.43 84.64 84.88 85.28 85.47
84.83 85.36 85.08 85.04 85.81 86.45 85.68 85.10 85.66 85.19 84.86 84.98 83.95 85.34 84.14 84.38 83.56 83.79 84.58 84.35 84.86 84.22 84.58 84.91 84.87 85.36 84.68 85.06 85.26 85.23 85.25 85.24 85.32 84.44 84.24 84.39 84.68 84.74 84.73 84.42 83.99 83.87 84.23 84.35 84.22 84.89 84.90 85.01 84.79 84.83 84.47 84.30 83.93 83.92 83.86 84.21 84.54 84.52 85.09 85.62 84.58 86.63 86.18 87.41 87.41 88.15 88.26 88.25 88.21 88.26 88.23 88.12 88.01 87.07 87.39 87.33 86.35 86.26 85.99 85.38 86.13 85.84 85.72 85.65 85.27 85.32 85.03 85.31 85.67 85.53 85.64 85.65 86.27 85.58 85.31 84.53 84.86 84.70 85.06 85.69 84.85 84.44 84.69 85.05 86.08 86.10 85.59 85.97 86.51 86.42 86.22 86.66 87.41 87.58 89.27 90.52 91.00 91.85 92.34 91.52 91.02 91.32 91.73 91.60 91.14 90.80 90.55 90.98 91.18 91.06 91.08 90.87 90.89 90.80 90.21 89.17 88.32 87.75 87.32 87.09 86.95 86.79 86.11 85.56 86.22 86.19 85.55 85.97 85.89 85.89 85.90 85.23 85.06 85.46 85.02 85.33 85.40 84.76 84.39 85.11 85.95 86.10 85.04 84.96 85.52 86.15 85.97 86.20 86.43 86.30 86.23 86.15 85.18 85.20 84.86 85.48 85.10 84.94 85.35 85.21
85.39 85.48 85.31 85.37 85.67 85.62 85.75 85.79 85.91 84.98 84.72 85.29 84.73 84.52 84.61 84.62 85.67 84.53 84.95 85.08 84.83 85.15 85.85 84.71 85.11 85.40 85.19 85.05 85.05 85.01 84.86 84.97 84.88 84.66 84.66 84.63 84.66 84.69 84.81 84.82 84.46 84.36 84.55 84.45 84.43 84.64 84.65 84.43 84.25 84.05 83.97 83.96 83.91 83.43 83.24 84.37 84.82 84.98 85.43 85.76 86.17 86.13 86.65 86.84 86.83 87.85 88.04 88.93 88.80 88.39 88.29 88.18 87.77 87.55 87.28 87.47 86.14 86.06 86.01 87.07 85.57 85.81 85.46 85.40 85.31 85.19 85.18 85.75 85.72 85.60 85.45 85.54 85.81 85.51 85.25 85.36 84.93 84.95 84.89 85.72 84.01 84.70 84.91 85.00 85.71 84.98 85.68 85.97 86.26 86.30 86.45 86.35 87.43 88.22 90.58 91.12 92.21 92.35 91.63 92.07 91.83 92.11 91.91 91.88 91.61 92.02 92.16 91.12 90.94 91.47 91.06 90.95 90.95 90.81 90.19 89.84 88.69 87.95 87.52 87.28 86.97 87.12 84.90 86.25 86.28 85.95 86.08 85.73 85.55 85.96 85.57 85.34 85.65 85.30 85.39 85.00 84.75 84.84 84.29 83.54 84.82 84.59 85.17 86.16 86.31 86.19 85.58 86.37 85.73 85.81 86.16 86.02 85.17 85.21 85.35 84.38 84.43 85.07 85.28 85.18
86.02 85.11 86.17 85.71 86.01 85.60 85.73 85.68 85.41 85.14 84.70 84.79 84.57 84.36 84.72 84.75 85.16 85.25 85.10 85.07 84.52 84.77 84.99 85.00 84.68 85.07 85.18 85.18 84.45 84.78 84.62 84.91 84.95 84.49 84.56 84.55 84.59 84.70 84.90 85.01 84.38 84.11 83.10 83.17 84.00 84.41 84.25 84.00 84.04 83.76 83.65 83.66 83.56 83.66 83.70 84.48 84.59 84.80 84.91 85.35 85.35 85.48 86.04 85.47 87.19 87.07 87.67 87.78 87.87 87.93 87.85 87.82 87.27 87.56 87.38 86.31 86.17 86.38 86.20 86.33 86.02 87.47 85.47 85.69 85.49 85.48 85.30 85.81 85.76 85.45 85.34 85.54 85.60 85.48 85.43 85.13 85.40 85.09 85.48 84.89 84.81 84.93 84.75 84.31 84.38 84.78 85.56 86.49 85.84 86.15 86.28 86.45 87.61 89.01 90.94 91.91 91.89 91.57 91.84 92.27 92.00 91.98 91.66 92.04 91.94 91.18 91.35 91.26 91.54 91.24 91.04 90.99 90.77 90.42 89.40 89.28 88.73 88.08 87.47 87.51 87.29 87.35 86.97 86.87 86.58 86.35 86.07 85.84 85.86 86.61 86.15 85.96 85.87 85.43 85.37 85.03 84.70 84.68 84.76 84.79 84.54 84.67 85.43 86.37 86.59 86.55 86.30 86.16 85.72 85.96 85.93 86.09 84.57 85.42 85.47 86.31 85.10 85.37 85.73 85.67
86.23 86.12 86.15 86.59 86.34 85.49 85.61 85.50 86.19 86.64 87.37 87.16 85.74 84.82 85.10 84.98 84.48 84.77 84.44 84.82 84.44 85.05 84.99 84.98 84.76 83.87 84.43 84.63 84.89 84.39 84.26 84.53 84.34 84.35 84.11 84.43 84.51 84.70 84.74 82.61 82.30 82.13 80.44 80.20 80.28 82.45 82.45 82.46 83.21 83.57 83.29 83.68 83.42 83.60 83.57 83.64 83.74 84.28 85.26 85.07 84.70 84.12 85.62 86.40 86.35 87.04 87.03 87.35 87.69 87.74 87.68 87.29 87.55 86.85 86.91 86.89 86.63 87.60 86.52 85.99 86.22 86.06 85.65 85.65 85.43 85.43 85.60 85.92 85.90 85.72 85.41 85.66 85.31 85.36 85.48 84.91 84.73 85.28 85.20 85.05 84.68 84.77 84.23 83.98 85.74 84.93 85.35 86.01 86.03 86.07 86.37 86.72 87.59 89.06 90.57 91.94 91.94 91.16 92.08 92.11 92.09 91.87 92.16 92.31 91.81 91.17 91.54 91.63 91.37 91.55 91.27 90.95 90.20 89.58 89.29 89.03 88.43 88.02 87.83 87.54 87.68 86.68 86.42 86.73 85.57 85.65 86.10 86.22 86.29 86.24 86.12 86.12 86.11 85.36 85.20 85.13 84.86 85.34 85.26 85.01 84.95 84.88 85.59 86.04 86.22 86.08 86.19 86.09 85.23 85.73 85.73 84.88 84.78 85.59 85.50 85.63 85.66 85.92 86.15 85.74
86.05 86.20 85.85 85.41 86.42 85.40 85.89 85.74 84.91 85.41 86.87 86.86 85.19 84.83 85.49 85.16 85.45 84.92 85.19 85.26 85.45 84.63 85.48 85.47 85.16 85.16 84.91 84.61 84.76 84.63 84.50 82.61 83.69 84.12 84.12 84.31 84.46 84.43 83.68 83.52 82.93 81.69 81.37 81.45 81.81 81.93 81.84 82.08 81.52 82.57 83.29 83.32 83.36 83.46 83.63 83.67 83.92 84.27 84.37 84.91 84.94 85.12 84.64 84.91 85.80 85.20 86.49 87.58 87.47 87.41 87.46 87.45 87.02 86.82 86.98 86.83 86.72 86.46 86.26 86.27 86.19 86.21 86.02 85.76 85.70 85.42 85.83 86.17 85.75 85.68 85.94 85.99 85.88 85.35 85.61 85.14 85.15 85.10 85.05 85.54 84.75 84.97 84.54 84.66 84.57 84.52 85.33 85.82 86.12 86.17 86.18 86.96 87.65 88.28 90.33 92.05 92.36 92.20 91.67 92.00 92.34 92.16 92.28 92.32 91.95 91.55 91.95 91.64 91.78 91.35 91.05 90.46 89.73 89.37 88.86 88.58 88.40 88.24 87.79 87.20 87.06 86.39 86.29 86.19 86.15 86.39 86.57 86.34 85.47 86.17 86.23 86.35 86.04 85.82 85.40 85.69 85.40 85.07 85.72 85.53 85.19 85.04 85.08 85.34 85.73 85.88 86.39 86.17 85.82 85.78 85.91 85.67 86.08 85.95 85.99 85.65 85.81 86.09 86.27 86.43
86.44 86.21 86.20 85.74 87.00 86.65 86.12 85.18 84.60 83.95 83.64 84.65 84.51 85.46 85.93 85.88 85.89 85.88 85.68 85.56 85.55 85.52 85.15 85.38 85.01 84.61 84.70 84.21 84.08 84.64 84.52 83.58 83.74 83.13 83.85 82.95 83.53 81.68 81.80 83.48 81.63 80.90 82.12 82.15 82.06 82.02 82.22 82.90 82.31 82.28 82.08 82.68 83.27 83.78 83.80 83.92 83.83 84.43 84.57 84.40 84.39 85.22 85.21 85.63 86.20 86.20 86.69 86.91 85.25 87.15 86.77 86.87 86.93 87.05 86.89 86.69 86.55 86.51 86.52 86.24 85.95 85.76 85.42 87.00 85.79 85.54 85.55 85.43 86.07 85.68 85.84 86.01 85.95 85.68 85.16 85.48 85.06 84.97 85.44 85.39 84.70 84.66 84.49 84.69 84.89 84.87 86.54 85.42 86.01 86.30 86.39 86.53 87.11 88.09 89.10 91.55 92.39 92.74 93.10 92.05 92.12 92.15 91.62 92.27 91.70 91.79 91.56 91.67 91.60 91.46 91.25 90.14 89.25 88.91 88.48 88.29 88.06 87.81 87.55 87.26 86.51 86.59 85.98 86.00 85.82 85.98 86.33 86.36 86.32 86.16 86.37 86.19 86.07 86.00 85.80 85.84 86.10 85.85 85.74 84.95 85.32 85.28 84.79 84.77 85.54 85.77 86.36 85.85 85.89 86.05 86.23 86.20 86.16 86.13 85.90 85.70 86.46 86.63 86.47 86.91
86.42 87.00 86.21 85.38 86.06 85.32 85.24 85.42 84.72 83.94 83.80 84.66 85.43 85.63 85.83 85.73 85.88 84.32 85.59 85.52 85.44 85.21 85.21 84.99 84.46 84.71 84.52 84.37 83.83 83.97 83.66 83.52 83.62 83.34 83.47 83.64 82.95 81.58 81.68 81.63 81.12 82.10 82.78 82.68 82.37 82.63 82.45 82.53 82.79 82.84 82.66 81.85 82.60 83.63 83.99 84.21 84.21 84.25 84.28 84.40 84.60 84.81 84.80 85.99 85.94 85.28 85.57 86.04 85.95 86.85 86.75 86.92 86.62 86.26 86.41 86.60 86.60 86.56 86.79 86.42 85.99 85.63 85.84 85.63 85.74 85.35 85.25 85.40 85.55 85.65 85.69 85.91 85.80 85.30 85.32 85.29 85.56 85.86 85.06 84.90 84.94 84.32 84.45 84.87 85.06 85.01 85.09 85.51 86.20 86.01 85.99 86.24 86.66 86.98 88.01 89.12 91.97 92.42 92.85 92.95 92.09 92.05 92.78 92.74 91.64 91.75 91.67 91.51 91.59 91.38 90.48 88.80 88.37 88.27 88.15 88.00 88.06 87.80 87.76 87.72 86.78 86.36 85.42 85.95 85.68 85.85 86.02 86.12 86.28 86.38 86.20 85.97 85.25 85.28 85.35 85.69 85.36 85.13 85.50 85.76 85.49 85.13 85.62 85.86 85.65 85.66 85.47 85.75 85.71 85.20 86.30 86.36 86.01 85.94 86.14 86.25 86.86 86.67 86.24 85.54
86.49 86.59 85.37 85.18 85.39 84.47 84.89 83.96 83.98 84.57 84.52 84.80 85.51 85.69 86.06 85.61 85.89 85.93 85.52 85.52 84.73 85.22 85.14 85.11 84.77 84.49 84.51 84.30 84.07 83.79 83.62 82.83 83.20 82.98 82.66 82.84 82.20 81.29 81.13 80.50 80.73 82.13 82.96 82.59 83.29 82.68 83.54 83.62 83.37 83.41 82.81 81.93 81.18 82.73 83.61 84.19 84.17 84.26 84.32 84.32 84.73 85.20 85.10 85.94 86.05 86.12 86.09 86.08 85.99 85.81 86.06 86.66 86.60 86.25 86.70 86.25 86.76 86.47 86.40 86.51 86.23 85.98 86.24 85.82 85.74 85.59 85.52 85.39 85.40 85.50 85.55 85.20 85.44 85.64 85.37 85.51 85.25 85.53 85.19 84.62 84.80 84.60 84.34 84.58 84.85 84.97 84.99 84.91 85.63 85.98 85.81 85.75 85.53 85.96 86.71 87.87 89.87 91.37 92.11 92.61 92.59 92.96 91.83 91.58 91.83 91.80 91.49 91.43 90.47 89.46 88.96 88.19 87.90 87.86 87.84 87.83 87.93 87.85 87.64 87.56 87.16 86.37 85.94 85.81 85.63 85.57 85.77 85.73 85.87 86.03 85.99 85.70 85.53 85.31 84.74 84.62 84.75 84.69 85.43 84.98 85.36 85.67 85.16 85.47 85.33 85.26 85.68 85.84 86.09 85.61 85.84 86.37 85.50 86.07 86.08 86.27 86.44 86.21 85.85 85.84
86.39 85.59 85.43 85.33 84.64 84.72 84.18 84.63 84.77 84.62 84.81 84.86 85.29 85.60 85.91 85.89 85.89 85.39 85.21 85.52 85.08 85.14 85.05 84.97 84.76 84.69 84.47 84.26 83.94 83.62 83.33 83.17 83.11 82.54 82.39 82.91 82.10 81.09 81.22 80.48 81.39 82.16 82.54 83.10 83.34 83.56 83.59 83.81 83.80 83.92 83.01 81.93 82.31 82.42 82.56 82.54 83.86 84.45 84.44 84.79 85.23 85.64 85.91 85.98 86.17 86.11 86.19 86.35 86.26 86.19 86.30 87.17 86.24 85.97 86.19 86.15 86.25 86.37 86.57 86.53 86.60 86.48 86.20 86.19 86.03 85.60 85.30 85.14 85.36 85.41 85.41 85.50 85.20 85.45 85.52 85.40 85.47 85.34 85.29 84.83 84.79 85.30 84.96 84.76 85.05 85.24 85.33 85.02 85.68 85.95 86.21 85.76 86.20 86.10 86.98 86.98 87.83 88.12 88.45 90.86 91.71 92.32 91.37 91.67 91.46 91.58 91.12 90.52 88.42 87.91 88.20 88.06 87.77 87.75 87.71 87.45 87.41 87.62 87.58 87.31 87.21 85.97 86.01 85.69 85.85 85.36 85.52 85.49 85.52 85.62 85.75 85.53 85.29 85.30 84.92 84.83 85.52 84.62 84.45 84.26 85.46 85.83 86.28 85.60 85.80 86.00 86.15 86.03 86.07 85.91 85.74 86.02 85.63 85.94 85.93 85.74 85.94 86.11 86.07 86.00
86.37 85.56 84.16 85.31 84.62 84.45 85.02 84.57 84.89 84.70 84.70 84.95 85.55 85.78 85.90 85.84 85.79 84.66 85.61 85.57 85.35 85.05 85.04 84.91 84.82 84.64 84.46 84.15 83.82 83.53 83.27 82.94 82.74 82.69 82.65 81.91 81.94 81.50 80.22 79.39 81.29 82.30 82.72 83.03 83.36 83.65 83.84 83.97 84.08 84.07 84.03 83.89 83.20 83.22 83.13 82.45 82.75 83.24 84.40 84.73 85.29 85.98 86.13 86.08 86.50 86.14 85.97 86.10 86.35 86.32 86.50 86.82 86.50 86.08 86.35 86.65 86.40 86.35 86.74 86.66 86.59 86.60 86.32 86.45 85.77 85.74 85.58 85.32 85.19 85.39 85.50 85.51 85.65 85.56 85.51 85.42 85.45 84.95 85.33 84.94 85.46 85.53 85.20 85.21 85.48 85.61 85.70 85.59 84.98 85.87 85.56 86.16 86.33 86.46 85.73 86.06 87.32 87.19 87.74 87.74 88.09 88.09 88.80 90.35 89.35 89.56 88.47 88.83 87.90 87.68 87.47 87.18 87.48 87.62 87.48 87.14 87.29 87.25 87.17 86.60 86.53 86.17 85.87 85.71 85.66 85.49 85.46 85.55 85.55 85.60 85.64 85.40 85.38 84.89 85.14 84.69 84.19 84.45 85.27 84.18 85.22 85.71 85.91 85.38 85.95 85.08 85.90 86.10 85.82 85.68 85.88 85.73 85.49 85.63 85.73 85.94 85.75 85.92 86.07 86.27
85.96 85.50 85.45 85.40 84.74 84.60 85.22 84.29 84.75 85.12 85.01 85.45 85.37 85.55 85.91 85.65 85.91 85.01 85.59 84.97 85.00 85.02 84.89 84.87 84.66 84.53 84.38 84.24 83.78 83.45 83.11 82.79 82.41 82.41 82.25 82.41 82.60 81.30 81.04 79.60 81.53 82.34 82.70 83.10 83.45 83.74 83.96 84.11 84.20 84.37 84.35 84.42 84.17 83.56 83.56 83.68 83.98 83.97 83.89 83.90 83.70 85.34 86.17 86.20 86.15 86.18 86.29 86.51 86.26 86.14 86.19 86.86 86.95 87.18 86.69 86.28 86.61 86.63 86.86 86.84 86.81 86.79 86.65 86.35 86.20 85.90 85.97 85.99 85.55 85.42 85.37 85.59 85.61 85.17 85.33 85.47 85.49 85.18 85.17 85.15 85.45 85.72 85.13 85.47 85.67 85.54 85.88 85.17 84.74 85.03 85.73 85.76 86.08 85.88 85.82 85.93 85.96 87.25 87.19 87.39 87.52 87.48 87.74 87.79 87.82 87.95 88.17 87.94 87.90 87.62 87.21 87.40 87.47 87.28 86.86 87.07 84.85 87.14 87.11 85.39 85.97 85.58 85.48 85.48 85.51 85.53 85.53 85.55 85.45 85.41 85.37 85.11 84.61 84.49 84.35 84.65 85.31 84.28 84.37 85.06 84.70 85.20 85.72 85.71 86.18 85.23 85.96 85.71 85.92 86.09 85.99 85.79 85.33 85.09 85.13 85.56 85.57 85.64 86.06 86.12
86.10 85.29 85.69 85.38 85.32 85.25 85.41 85.81 85.20 85.56 85.37 86.03 86.02 85.91 86.04 85.79 85.85 85.38 84.99 85.48 85.10 84.91 84.86 84.71 84.57 84.35 84.20 84.03 83.64 83.19 82.85 82.56 82.30 82.12 82.06 81.42 81.79 82.14 81.03 81.34 81.76 82.28 82.76 83.12 83.35 83.62 83.80 84.05 84.21 84.23 84.42 84.47 84.19 83.81 82.93 83.65 83.97 84.15 84.17 84.03 83.34 84.61 85.88 85.96 86.10 86.12 86.12 85.53 85.79 85.95 86.03 86.08 86.67 87.36 87.54 86.80 86.95 87.05 87.25 86.95 86.95 86.84 87.13 86.70 86.96 86.20 86.29 86.30 86.25 85.52 85.90 85.75 86.03 85.08 85.53 85.49 85.49 85.01 84.66 85.41 85.45 85.31 85.40 85.45 85.29 84.88 85.38 84.66 84.44 84.81 85.15 85.26 85.67 85.50 86.10 86.65 86.23 86.91 87.16 87.34 87.48 87.36 87.27 87.70 87.43 87.84 87.74 87.25 87.12 86.91 87.10 86.79 86.76 87.02 86.76 85.90 85.77 86.14 85.16 85.64 85.48 85.25 85.08 85.14 85.25 85.33 85.69 85.39 85.34 85.20 85.14 84.92 84.53 84.13 84.28 84.57 85.00 84.52 83.99 84.45 84.35 84.79 85.26 85.73 85.34 85.38 85.88 85.37 85.71 85.92 85.87 85.42 85.07 85.74 85.76 85.54 85.68 86.13 86.42 86.03
86.05 86.00 85.41 85.42 85.33 85.46 85.70 85.90 86.07 86.15 86.13 86.08 86.31 86.40 86.05 86.22 84.75 85.11 85.56 85.11 85.10 84.81 84.79 84.68 84.49 84.19 83.96 83.62 83.24 82.87 82.53 82.17 81.97 81.85 81.90 81.83 81.07 81.42 80.97 81.23 81.70 82.25 82.60 82.86 83.12 83.35 83.60 83.84 84.11 84.26 84.56 84.53 84.52 84.17 83.42 83.61 83.93 83.96 83.93 83.59 82.94 84.82 85.71 85.78 85.46 85.68 85.96 85.57 85.97 85.94 85.74 86.27 86.44 87.07 87.25 87.39 86.88 87.04 86.90 87.11 87.10 86.99 87.02 87.29 86.87 86.47 86.59 86.71 86.54 85.32 86.01 85.76 86.07 86.13 86.12 85.58 85.47 86.70 85.44 84.95 85.13 84.90 84.68 84.52 84.83 85.28 84.48 84.43 84.12 84.74 85.01 85.51 85.38 85.01 84.97 85.27 85.91 86.20 86.52 86.76 87.21 86.96 87.22 87.44 87.45 87.69 87.38 86.93 86.91 86.72 86.29 86.36 86.55 86.67 85.74 85.15 84.47 84.66 85.08 85.40 85.16 84.94 84.61 84.77 85.11 85.23 85.31 85.42 85.13 85.07 85.00 84.92 85.13 84.98 85.06 84.49 85.01 84.52 84.13 84.48 84.09 84.96 85.21 85.49 85.49 85.69 85.59 85.77 85.65 86.31 85.68 86.68 85.64 85.73 85.80 85.73 85.53 86.24 86.62 86.02
85.76 85.87 85.42 85.43 85.40 85.42 85.79 86.56 86.24 86.12 85.96 86.02 86.14 85.95 86.09 86.20 85.77 85.36 85.40 85.15 84.96 84.75 84.69 84.53 84.33 84.10 83.70 83.24 82.74 82.33 82.03 81.70 81.49 81.46 81.59 81.14 81.30 80.65 80.79 81.26 81.62 82.02 82.27 82.53 82.83 83.05 83.37 83.60 83.86 84.08 84.23 84.44 84.48 84.09 83.61 83.91 83.52 83.81 83.51 83.18 83.26 83.62 85.56 85.53 85.63 85.48 85.86 86.00 85.94 85.98 86.15 86.12 86.38 86.69 87.26 87.52 87.23 87.07 87.22 87.28 87.18 87.12 87.06 87.27 87.15 87.29 86.74 86.77 86.53 86.09 85.92 86.08 86.26 86.33 85.86 85.69 85.50 85.12 85.07 85.25 85.36 85.47 84.44 84.81 85.09 84.98 85.22 84.22 84.13 84.59 85.09 84.67 85.19 85.17 85.26 85.55 85.71 86.19 86.27 86.76 86.93 87.10 86.71 87.26 86.99 86.86 86.88 85.80 86.29 86.29 86.13 85.94 86.43 85.76 85.28 85.02 83.87 84.00 84.87 84.72 84.95 84.93 84.55 84.22 85.13 85.26 85.29 85.33 85.34 85.08 84.81 84.55 84.28 84.59 85.37 84.60 84.78 84.72 84.21 84.94 84.81 85.01 84.88 84.87 85.51 85.67 85.93 85.70 85.41 86.25 86.41 86.04 86.09 86.39 86.27 85.70 85.30 85.86 85.88 85.61
84.95 85.28 85.29 85.09 85.51 85.80 86.20 86.97 86.93 86.50 86.34 86.02 86.15 86.12 86.33 86.10 85.86 85.71 85.21 85.14 84.95 84.69 84.53 84.26 84.08 83.81 83.43 82.77 81.98 81.55 81.29 81.15 81.03 81.13 81.34 79.92 81.02 80.55 80.69 80.96 81.13 81.48 81.76 82.04 82.38 82.72 83.07 83.33 83.65 83.87 84.01 84.13 84.28 84.22 83.80 83.40 83.38 83.37 83.51 83.40 83.07 84.44 85.29 85.23 85.45 85.64 86.04 86.09 86.16 85.92 86.10 86.33 86.66 87.11 87.66 87.67 87.63 87.12 87.28 87.33 87.49 87.27 87.16 87.13 87.37 87.39 86.98 86.66 86.68 86.76 86.52 86.33 86.38 86.25 85.79 85.92 85.49 85.37 85.62 84.85 85.25 85.34 84.63 85.03 84.57 84.93 84.23 84.03 84.55 84.58 84.39 84.77 84.76 84.97 85.11 85.31 85.35 85.29 85.37 86.41 86.64 86.66 86.77 86.76 86.51 86.50 86.00 86.00 86.09 85.96 85.88 85.33 85.13 85.44 85.09 84.76 84.29 84.13 84.56 84.78 85.08 85.11 85.33 85.32 85.17 85.22 85.26 85.28 85.14 85.03 85.27 84.71 84.32 84.42 84.85 85.00 84.88 85.09 84.56 84.99 85.11 84.91 84.79 84.71 85.31 85.33 85.20 85.13 85.86 86.32 86.62 86.79 86.88 87.11 86.76 86.81 86.63 86.30 86.39 85.03
85.01 84.98 85.15 85.54 85.57 85.85 86.64 86.82 86.80 86.69 86.51 86.18 86.27 85.57 86.23 86.72 85.94 85.92 85.51 85.08 84.91 84.69 84.28 83.98 83.77 83.47 83.00 81.97 81.12 80.60 80.52 80.59 80.75 80.90 80.61 80.03 80.39 80.58 80.45 80.35 80.46 80.84 81.22 81.50 81.97 82.36 82.72 83.00 83.33 83.62 83.75 83.96 83.99 84.07 83.71 83.34 82.85 82.88 83.41 83.29 83.07 84.57 85.25 84.65 85.11 87.38 88.03 87.34 86.04 86.21 85.74 86.26 86.58 86.95 87.66 87.63 87.66 87.11 87.36 87.19 87.38 87.30 87.32 87.31 87.35 87.30 87.11 87.11 87.00 86.79 86.36 86.42 86.42 86.25 86.00 85.99 85.55 85.61 85.23 85.93 85.38 85.10 84.66 84.66 84.64 84.57 84.68 84.17 84.69 84.66 84.82 84.63 84.43 84.42 84.75 84.82 85.01 85.66 85.76 85.25 85.81 85.69 85.93 85.95 85.85 86.33 86.21 86.19 86.06 85.90 85.29 85.40 84.28 84.65 84.79 84.61 84.03 84.05 84.60 84.86 85.17 85.21 85.34 85.45 85.24 85.20 85.17 85.10 85.06 84.80 84.96 84.85 84.50 84.63 84.49 84.58 84.84 85.08 84.85 85.42 85.09 85.05 84.82 84.63 85.66 84.68 85.02 85.29 85.89 86.60 86.77 86.98 86.99 87.16 87.29 86.90 86.93 86.62 86.89 86.14
86.45 85.02 85.98 85.69 86.08 86.30 87.21 87.12 86.62 86.70 86.69 86.22 86.00 86.07 86.26 86.66 85.08 86.00 86.28 85.21 84.97 84.64 84.32 84.00 83.60 83.10 82.29 80.97 79.65 79.25 79.66 80.19 80.36 80.60 80.73 80.67 80.85 80.87 80.24 79.93 79.91 80.44 80.77 81.09 81.56 82.11 82.49 82.78 82.98 83.14 83.17 83.57 83.77 83.78 83.47 83.35 82.98 83.96 83.24 84.14 84.57 87.10 87.74 87.93 88.17 88.08 87.93 88.14 88.13 86.37 86.24 86.83 86.74 86.88 87.47 87.47 87.59 87.45 87.32 87.27 87.32 87.33 87.29 87.40 87.28 87.22 87.23 87.08 86.97 86.88 86.94 86.72 86.57 86.19 86.01 86.02 85.90 85.66 85.10 85.63 84.93 85.05 84.90 84.54 84.66 84.37 84.52 84.48 84.33 84.41 84.84 84.34 84.16 84.14 84.24 83.90 84.82 85.64 85.68 85.71 85.23 85.72 85.69 85.58 85.87 86.07 86.03 86.26 85.64 85.25 85.04 84.16 84.06 84.11 84.40 84.26 84.01 84.19 84.24 84.69 85.01 85.26 85.21 85.24 85.37 85.25 85.04 85.14 84.82 85.03 84.82 85.05 84.42 84.12 85.08 85.28 84.59 85.26 85.31 85.04 85.11 84.99 84.63 84.86 85.34 85.48 85.35 85.38 85.67 86.81 87.09 87.56 87.39 87.30 86.87 87.42 87.09 87.59 86.09 86.28
86.63 86.52 86.18 85.85 86.10 86.58 87.00 87.31 87.16 87.28 87.02 86.53 86.38 86.57 86.54 86.63 86.07 86.02 85.85 85.46 85.12 84.71 84.36 84.00 83.49 82.86 81.93 80.11 78.06 77.62 78.76 79.77 80.10 80.19 80.27 80.91 80.68 80.65 80.09 79.84 79.89 81.02 80.34 80.81 81.31 81.79 82.27 82.57 82.80 82.97 83.02 83.76 83.19 84.53 87.70 87.08 87.16 85.14 87.99 88.33 87.01 84.64 84.55 84.81 87.28 87.83 87.43 87.41 85.61 87.99 86.42 86.62 86.89 87.10 87.19 87.42 87.39 87.58 87.68 87.39 87.35 87.36 87.33 87.33 87.16 87.22 87.33 87.15 86.95 87.18 87.04 86.93 86.71 86.42 86.76 86.25 86.02 85.74 85.57 85.57 85.52 85.21 84.80 84.59 84.39 84.89 84.43 84.41 84.28 84.20 84.24 84.39 83.98 84.37 84.26 84.50 84.52 85.34 85.54 85.39 85.46 85.71 85.56 85.55 85.24 85.74 85.81 85.83 85.60 85.37 84.33 84.08 83.77 84.29 84.16 84.37 83.96 84.14 84.81 84.85 85.36 85.24 85.37 85.29 85.36 85.29 84.91 84.75 84.69 84.76 84.72 84.50 84.91 84.43 85.32 85.30 84.78 84.79 85.15 85.27 84.98 85.09 84.70 84.57 84.92 85.90 85.95 86.15 86.56 87.14 87.34 87.49 87.54 87.49 87.45 87.55 87.61 87.48 87.61 87.47
87.58 87.35 87.62 87.64 86.84 86.82 87.07 87.35 87.17 87.17 87.03 86.96 87.01 86.61 86.84 86.71 86.61 86.23 86.02 85.65 85.24 84.93 84.43 83.99 83.35 82.75 81.89 80.31 78.12 76.38 77.31 79.75 80.00 80.01 79.93 80.54 80.47 80.20 79.76 79.54 79.97 80.30 80.25 80.74 81.16 81.56 82.23 82.43 82.63 82.86 82.75 83.43 86.95 87.55 88.40 88.40 85.44 82.27 82.08 83.13 83.81 84.03 84.33 84.57 85.06 84.95 85.16 86.68 85.93 86.12 88.11 87.00 88.11 87.52 87.30 87.57 87.66 87.53 87.63 87.66 87.41 87.41 87.45 87.37 87.39 87.34 87.49 87.26 87.33 87.14 87.13 87.29 86.77 86.59 86.35 86.34 86.39 85.97 84.67 85.08 85.57 85.64 85.10 84.83 84.72 84.39 84.35 84.43 84.20 84.24 84.70 84.36 84.45 84.16 84.42 84.57 84.50 84.74 85.14 84.92 85.07 85.35 85.30 85.20 84.87 85.70 85.61 85.88 85.60 85.56 85.26 84.43 83.87 84.08 84.03 84.57 84.22 84.67 85.04 85.06 85.51 85.42 85.26 85.36 85.39 85.36 85.22 85.29 85.01 84.98 84.83 84.45 84.06 84.55 84.48 84.74 85.16 85.27 85.01 85.48 85.19 85.72 86.02 85.66 85.88 87.06 86.06 86.52 86.79 87.27 87.41 87.44 87.63 87.58 87.66 87.71 87.71 87.36 87.48 87.25
87.02 87.25 87.20 87.45 87.63 87.01 87.37 87.17 87.37 87.45 87.15 87.26 87.05 86.95 86.96 86.74 86.73 86.44 86.23 85.80 85.50 85.02 84.64 84.12 83.56 82.89 82.10 81.35 78.47 75.22 75.22 78.77 79.88 79.89 79.96 79.85 80.25 80.04 80.07 79.77 79.90 80.49 82.09 83.67 82.57 81.62 82.18 82.75 82.70 83.11 86.75 87.84 87.81 88.26 87.13 82.74 81.87 83.84 82.49 83.73 84.00 84.16 84.88 84.76 85.25 85.46 86.91 86.00 87.67 86.34 88.14 88.13 88.22 87.96 87.82 87.67 87.42 87.57 87.59 87.84 87.66 87.39 87.49 87.50 87.47 87.46 87.60 87.31 87.33 87.31 87.46 86.99 86.98 86.90 86.58 86.26 86.35 86.08 85.41 85.30 85.62 85.38 84.97 85.15 85.10 84.67 84.38 84.75 85.95 86.33 84.47 84.82 84.60 84.71 84.66 84.51 84.54 84.63 84.91 84.97 84.97 84.76 84.97 84.78 84.74 84.86 85.16 85.54 85.60 85.60 85.22 84.79 83.90 84.73 84.73 84.14 85.01 85.27 84.67 85.14 85.49 85.54 85.71 85.50 85.51 85.28 85.20 85.63 85.52 85.09 84.31 84.54 84.07 84.84 85.28 85.11 85.34 85.79 85.35 85.59 86.09 87.06 87.34 86.87 86.82 87.34 87.31 87.18 87.37 87.41 87.51 87.59 87.67 87.84 87.78 87.76 87.24 85.57 87.46 87.35
87.41 87.36 87.27 87.26 87.80 87.70 87.48 87.51 87.71 87.59 87.52 87.33 87.20 87.16 87.15 87.21 87.13 86.74 86.42 86.06 85.67 85.23 84.84 84.26 83.71 83.19 82.56 82.00 79.05 76.30 76.95 78.26 79.58 79.81 79.98 80.18 79.77 79.79 80.19 79.79 82.95 83.27 80.74 84.57 83.84 84.03 84.30 86.74 85.92 85.43 83.95 82.42 85.27 88.16 87.11 87.23 87.46 84.53 83.55 84.19 84.33 84.37 84.69 84.88 86.19 87.37 87.32 87.25 85.57 85.78 87.37 88.16 88.13 87.98 88.08 87.96 87.81 87.49 87.46 87.57 87.62 87.56 87.59 87.45 87.50 87.42 87.33 87.24 87.18 87.27 87.21 87.29 86.98 86.89 86.86 86.92 86.93 86.32 85.74 85.92 84.98 84.92 85.09 85.16 84.43 84.92 85.08 84.76 84.74 84.79 85.01 84.98 85.13 84.40 84.50 84.52 84.51 85.05 85.11 84.91 84.52 84.34 84.45 84.21 84.65 85.19 84.95 85.12 85.58 85.59 85.46 85.32 84.28 84.18 84.61 84.85 84.89 84.99 84.85 85.25 85.55 85.50 85.83 85.78 85.73 85.79 85.91 85.92 85.89 86.17 84.10 83.94 84.12 84.84 84.39 85.70 87.04 86.39 86.52 86.47 87.07 87.31 87.26 87.14 87.52 87.66 87.55 87.64 87.66 87.64 87.66 87.65 87.72 87.80 87.86 87.86 87.71 87.57 87.55 87.42
87.46 87.53 87.59 87.57 87.43 87.82 87.79 87.78 87.83 87.63 87.51 87.17 87.28 87.41 87.54 87.61 87.60 87.37 86.58 86.55 86.05 85.64 85.18 84.59 84.10 83.56 83.03 82.20 81.11 79.63 78.46 78.67 79.59 79.72 80.06 80.30 80.28 81.22 80.54 79.96 80.29 80.58 81.00 85.26 83.46 85.72 83.50 84.42 83.43 82.67 82.25 85.36 86.48 87.00 86.36 82.79 83.15 84.29 87.09 86.56 84.59 84.75 84.88 84.94 85.70 85.29 86.11 85.58 85.69 86.01 86.65 87.23 87.84 87.13 87.10 87.88 87.99 87.90 87.30 87.43 87.80 87.69 87.66 87.59 87.54 87.42 87.29 87.31 87.40 87.33 87.23 87.16 87.24 86.83 86.87 87.00 86.93 86.89 86.52 86.63 85.74 84.73 84.93 85.12 85.47 85.15 85.03 84.95 85.08 84.89 85.51 85.59 85.42 84.62 84.45 84.51 84.27 84.50 84.24 84.82 84.51 84.84 84.57 84.59 84.85 84.64 85.28 84.86 85.45 85.52 85.35 84.78 84.90 84.36 84.84 85.01 85.37 85.26 85.37 85.51 85.40 85.67 86.22 86.29 86.08 86.03 86.78 86.47 85.96 85.70 85.08 84.63 85.47 85.36 85.26 85.85 87.54 87.10 88.00 87.52 87.39 87.23 87.19 87.56 87.56 87.75 87.75 87.72 87.71 87.75 87.77 87.76 87.84 87.83 87.83 87.85 87.86 87.78 87.68 87.57
87.58 87.55 87.67 87.68 87.61 87.91 87.91 87.87 87.73 87.78 87.37 86.85 87.45 87.82 87.79 87.84 87.29 86.62 87.36 87.01 86.67 86.01 85.85 85.22 84.55 83.99 83.49 82.62 81.98 80.78 79.88 79.71 79.45 79.42 80.15 80.56 80.86 81.03 81.07 80.67 80.49 81.03 81.39 82.23 82.51 82.57 83.17 83.21 83.04 82.74 82.50 82.29 82.77 85.04 84.48 83.30 83.90 84.42 84.77 87.70 84.58 85.32 85.29 85.54 85.68 85.81 86.88 86.17 86.35 86.73 86.97 87.15 88.13 87.46 87.39 87.81 87.67 87.76 87.54 87.58 87.67 87.67 87.81 87.69 87.57 87.49 87.55 87.44 87.42 87.38 87.33 87.22 87.14 87.09 86.96 86.92 86.43 86.91 86.90 86.94 86.01 85.37 85.15 85.32 85.63 85.13 85.26 85.47 85.39 85.40 85.66 85.66 85.34 85.02 84.83 84.36 84.07 85.34 85.11 84.88 84.78 84.90 84.72 85.12 84.54 84.90 84.65 85.37 85.43 85.68 85.21 85.36 85.25 85.10 85.53 86.30 85.15 85.86 85.71 85.41 85.69 85.78 86.60 86.61 86.16 86.94 86.75 86.24 85.89 85.58 84.99 85.21 85.10 85.30 85.55 86.51 87.45 87.57 87.57 87.37 87.63 87.58 87.56 87.52 87.63 87.76 87.70 87.58 87.83 87.84 87.83 87.86 87.88 87.89 87.89 87.89 87.87 87.84 87.73 87.70
87.73 87.70 87.72 87.79 87.82 87.92 87.92 87.85 87.81 87.57 87.26 86.69 87.60 87.80 87.90 87.68 87.36 87.57 87.50 87.06 86.90 86.60 86.27 85.74 85.13 84.33 83.71 83.02 82.38 81.69 80.74 80.21 78.96 77.62 80.35 80.75 81.01 81.26 81.42 81.45 81.50 82.30 82.64 82.94 83.19 83.74 84.05 84.27 84.53 84.74 84.14 85.51 87.72 83.31 83.44 83.72 84.56 84.91 85.02 86.30 85.37 85.65 85.68 85.67 85.93 86.05 86.03 86.83 87.02 87.05 87.58 87.21 88.03 88.06 87.64 87.65 87.57 87.60 87.62 87.71 87.88 87.83 87.77 87.61 87.64 87.62 87.54 87.44 87.36 87.33 87.37 87.43 87.24 87.19 87.01 86.93 86.31 86.88 86.87 86.92 86.05 85.83 85.63 85.41 85.65 85.56 85.50 85.70 85.76 85.83 85.98 85.95 85.21 84.96 84.93 84.59 84.28 85.39 85.16 85.12 85.15 84.73 84.80 84.59 84.97 85.04 85.23 85.39 86.03 85.86 85.48 84.95 85.46 85.59 86.27 86.24 85.97 86.86 85.79 85.60 85.84 86.01 86.70 86.76 86.82 87.00 86.88 85.82 86.13 85.61 85.47 85.57 86.32 86.39 86.79 87.55 87.71 87.78 87.69 87.68 87.82 87.76 87.65 87.63 87.77 87.72 87.56 87.72 87.82 87.85 87.86 87.87 87.88 87.90 87.90 87.90 87.85 87.86 87.81 87.76
87.77 87.71 87.79 87.88 87.85 87.89 87.93 87.99 87.83 87.66 87.34 87.34 87.74 87.90 87.91 87.81 87.73 87.66 87.01 87.39 87.10 87.09 86.33 85.50 84.93 84.76 84.10 83.22 82.46 82.20 81.80 81.29 79.32 76.98 77.82 81.02 81.17 81.30 81.60 81.92 82.31 82.63 82.86 83.18 83.57 84.07 84.41 84.78 85.36 85.77 84.28 83.25 83.07 83.45 83.77 84.38 84.85 85.31 85.38 85.87 85.59 85.85 86.58 85.84 85.99 86.15 85.99 87.26 86.64 86.97 87.30 87.95 88.27 88.26 87.46 87.57 87.58 87.63 87.45 87.91 87.48 87.89 87.70 87.58 87.68 87.67 87.55 87.42 87.47 87.36 87.34 87.40 87.28 87.27 87.22 86.99 86.90 86.51 86.55 86.33 86.30 86.36 86.09 86.28 85.73 85.49 85.55 86.13 85.95 85.92 85.90 85.45 85.61 85.44 85.00 84.81 85.16 85.15 84.84 85.29 85.08 84.91 85.00 85.03 85.02 85.14 85.34 85.62 85.68 85.92 86.42 86.20 86.74 86.70 86.76 86.73 86.39 86.34 86.57 86.23 86.72 86.81 87.10 87.08 87.15 86.82 86.18 86.11 86.18 85.83 86.12 86.57 87.27 87.47 87.51 87.57 87.72 87.79 87.76 87.81 87.77 87.77 87.72 87.80 87.79 87.73 87.66 87.80 87.84 87.85 87.87 87.88 87.88 87.89 87.89 87.90 87.90 87.88 87.86 87.82
87.90 87.88 87.89 87.92 87.95 87.96 87.95 87.93 87.90 87.67 87.58 87.62 87.92 87.95 87.94 87.89 87.84 87.42 87.26 87.56 87.43 86.78 86.08 85.30 84.60 85.39 84.61 82.67 82.48 82.58 82.46 82.59 82.12 79.06 80.39 81.30 81.08 81.20 81.67 82.11 82.51 82.74 82.93 82.91 83.97 84.42 84.94 85.29 85.66 86.41 86.48 84.88 84.26 84.50 84.90 85.27 85.52 85.65 85.74 86.09 86.01 85.87 85.57 86.65 86.79 86.35 86.51 87.00 87.07 87.29 87.40 87.52 88.09 88.13 88.00 87.87 87.93 87.87 87.80 87.80 87.58 87.55 87.71 87.63 87.58 87.69 87.52 87.37 87.43 87.43 87.48 87.41 87.36 87.28 87.20 87.02 86.98 86.73 86.87 86.67 86.66 86.67 86.65 86.39 86.38 85.72 86.03 86.49 86.90 85.87 86.03 85.72 85.30 85.26 85.11 85.57 85.35 85.35 85.02 85.33 85.15 85.00 84.96 85.10 85.12 85.21 85.47 85.65 85.94 86.08 87.01 87.36 87.52 87.58 87.79 87.58 86.93 86.81 86.61 86.92 86.96 87.14 87.25 87.14 87.07 86.58 86.52 86.34 86.18 85.83 86.81 87.56 87.50 87.41 87.46 87.71 87.76 87.80 87.81 87.84 87.75 87.83 87.81 87.83 87.82 87.76 87.78 87.83 87.84 87.85 87.85 87.87 87.88 87.89 87.88 87.89 87.90 87.90 87.91 87.91
87.90 87.93 88.00 87.93 87.97 87.97 87.96 87.95 87.92 87.83 87.77 87.73 87.96 87.99 87.99 87.95 87.73 87.29 87.71 87.64 87.31 86.30 85.60 85.14 85.45 85.58 85.32 84.02 82.60 82.50 82.71 83.13 83.38 83.06 82.21 81.62 80.92 80.75 81.79 82.37 82.76 82.97 83.09 82.86 84.18 85.00 85.41 85.72 86.15 86.81 87.08 85.39 85.36 85.70 85.92 86.13 86.08 86.13 86.19 86.39 86.72 86.22 85.79 85.98 86.29 86.81 87.03 87.14 87.19 87.44 87.66 88.01 87.68 87.88 88.12 88.00 87.85 87.66 87.59 87.60 87.52 87.65 87.57 87.63 87.71 87.61 87.59 87.41 87.46 87.42 87.38 87.39 87.20 87.16 87.12 87.10 87.06 87.08 86.94 86.71 86.69 86.68 86.58 86.66 86.56 86.52 86.59 86.47 86.57 85.70 85.88 85.05 85.26 85.14 85.36 85.19 85.23 85.39 85.31 85.30 85.16 85.03 84.92 84.97 85.58 85.30 85.46 85.78 86.16 86.68 87.33 88.08 88.12 88.12 88.11 88.05 87.94 87.48 87.31 87.23 87.21 87.39 87.30 87.09 87.12 86.71 86.51 86.54 85.97 86.08 87.55 87.49 87.58 87.61 87.66 87.68 87.78 87.81 87.83 87.84 87.83 87.81 87.83 87.83 87.83 87.83 87.83 87.82 87.84 87.84 87.84 87.86 87.87 87.88 87.88 87.89 87.90 87.90 87.91 87.92
87.91 87.93 87.94 87.95 87.97 87.98 87.97 87.97 87.95 87.89 87.82 87.91 87.99 88.01 88.02 87.96 87.68 87.83 87.80 87.66 87.06 86.44 86.55 86.25 86.06 85.99 85.61 84.74 82.21 82.37 82.71 83.51 83.79 83.54 82.92 82.05 80.05 80.03 82.24 82.71 82.99 83.17 83.30 83.56 84.74 85.17 85.52 85.92 86.32 86.76 87.11 87.17 86.08 86.05 86.04 86.09 86.26 86.43 86.59 86.72 86.78 86.55 86.02 86.53 86.96 87.04 87.27 87.35 87.40 87.54 87.72 88.03 88.15 88.03 88.11 87.71 87.67 87.63 87.83 87.86 87.80 87.63 87.66 87.67 87.62 87.50 87.50 87.40 87.47 87.35 87.41 87.36 87.33 87.38 87.11 87.03 86.95 87.08 86.85 86.56 86.56 86.63 86.74 86.57 86.52 86.75 86.24 86.92 86.58 86.64 86.11 85.65 85.53 85.00 85.12 85.24 85.14 85.31 85.32 85.36 85.12 85.18 84.94 85.52 85.96 85.20 85.48 85.88 86.68 87.51 88.06 88.15 88.14 88.14 88.13 88.11 88.09 87.97 87.52 87.49 87.54 87.44 87.21 87.26 86.72 86.36 86.50 86.87 86.59 86.55 87.48 87.64 87.68 87.72 87.74 87.73 87.82 87.84 87.82 87.84 87.85 87.82 87.83 87.83 87.84 87.84 87.83 87.83 87.82 87.83 87.83 87.81 87.86 87.87 87.86 87.89 87.91 87.91 87.92 87.93
87.94 87.97 87.91 87.93 87.98 87.98 87.98 87.97 87.99 87.92 87.86 87.98 88.02 88.04 88.03 87.92 87.84 87.91 87.79 87.46 87.36 87.15 87.04 86.86 86.62 86.26 85.89 84.88 82.75 82.66 83.23 84.07 84.06 84.27 83.82 82.48 79.48 77.88 81.57 82.99 83.16 83.38 83.62 84.01 84.66 85.18 85.60 86.03 86.36 86.80 87.12 87.19 87.00 86.33 86.25 86.27 86.41 86.59 86.73 86.90 87.05 86.94 86.73 86.80 86.99 87.31 87.55 87.58 87.61 87.76 88.02 88.05 88.02 88.14 87.81 87.80 87.82 87.78 87.86 87.68 87.68 87.64 87.61 87.66 87.68 87.60 87.56 87.63 87.56 87.56 87.44 87.39 87.29 87.33 87.22 87.38 87.07 86.96 86.89 86.91 86.85 86.44 86.19 86.10 86.66 86.83 86.89 86.40 86.32 86.14 86.07 86.07 85.87 86.06 85.70 85.40 85.25 85.30 85.30 85.01 85.22 85.14 84.83 86.25 85.33 85.20 85.63 86.18 87.01 87.82 88.10 88.17 88.17 88.17 88.15 88.13 88.11 88.06 87.93 87.77 87.66 87.62 87.21 86.98 86.96 86.86 87.21 87.38 87.26 87.27 87.59 87.73 87.78 87.72 87.81 87.85 87.82 87.82 87.80 87.80 87.91 87.78 87.77 87.79 87.82 87.83 87.80 87.81 87.78 87.79 87.78 87.85 87.85 87.87 87.86 87.89 87.91 87.92 87.93 87.93
87.95 87.95 87.95 87.95 88.00 88.00 88.01 88.00 88.03 88.01 87.98 88.05 88.06 88.05 88.04 88.02 87.92 87.93 87.79 87.58 87.47 87.37 87.15 86.89 86.57 86.30 85.78 84.85 84.06 84.37 84.31 84.30 84.33 84.35 84.46 84.33 80.08 75.03 76.46 82.97 83.31 83.56 83.85 84.23 84.66 85.24 85.77 86.13 86.53 86.80 87.07 87.22 87.18 86.56 86.44 86.43 86.57 86.74 86.84 86.97 87.09 86.85 86.75 87.10 87.35 87.51 87.70 87.79 87.85 87.81 88.13 88.08 87.80 88.15 88.04 87.78 88.04 87.73 87.67 87.74 87.66 87.62 87.56 87.53 87.61 87.63 87.68 87.63 87.59 87.53 87.45 87.41 87.42 87.41 87.46 87.22 87.32 86.96 87.03 87.09 86.97 86.92 86.58 86.15 86.82 86.73 87.40 86.67 87.08 86.06 86.32 86.26 86.20 86.41 86.06 85.51 85.25 85.52 85.75 85.18 85.38 85.27 85.04 84.91 85.09 85.56 85.97 86.54 87.38 87.91 88.17 88.18 88.20 88.17 88.14 88.13 88.10 88.08 87.99 87.83 87.76 87.27 87.42 87.29 87.11 87.43 87.61 87.68 87.68 87.70 87.76 87.82 87.88 87.89 87.85 87.87 87.85 87.85 87.78 87.75 87.70 87.63 87.66 87.68 87.72 87.74 87.75 87.74 87.76 87.84 87.58 87.80 87.84 87.84 87.85 87.91 87.91 87.91 87.80 87.92
87.93 87.97 87.87 87.86 87.99 87.99 88.02 88.03 88.04 88.05 88.07 88.09 88.08 88.08 88.07 88.03 87.99 87.91 87.56 87.59 87.52 87.28 87.09 86.93 86.53 86.16 85.81 85.39 84.60 84.60 84.48 84.47 84.47 84.57 84.77 84.93 84.17 76.81 77.91 82.13 83.11 83.78 84.16 84.44 81.58 85.53 85.95 86.28 86.61 86.80 87.11 87.20 87.23 86.65 86.57 86.64 86.77 86.88 86.96 87.04 87.08 87.14 87.24 87.15 87.47 87.74 87.83 87.89 87.92 88.09 88.12 88.09 87.92 87.89 87.83 88.02 87.87 87.82 87.67 87.54 87.54 87.62 87.57 87.61 87.60 87.60 88.10 87.62 87.86 87.55 87.42 87.45 87.45 87.54 87.48 87.19 87.20 87.25 87.32 87.34 87.29 86.86 86.71 86.79 86.91 87.03 86.89 87.11 87.43 86.60 86.59 86.88 86.46 86.36 86.21 85.99 85.73 85.86 86.02 85.94 85.78 85.41 85.31 85.34 85.44 85.69 86.18 86.88 87.57 87.93 88.17 88.18 88.17 88.16 88.14 88.13 88.11 88.09 88.02 87.89 87.82 87.57 87.64 87.67 87.67 87.70 87.69 87.83 87.78 87.85 87.88 87.90 87.94 87.97 87.98 87.92 87.90 87.84 87.73 87.57 87.35 87.22 87.40 87.41 87.54 87.61 87.64 87.70 87.69 87.71 87.72 87.65 87.84 87.83 87.86 87.87 87.91 87.90 87.61 87.81
87.94 87.98 87.98 88.03 88.01 87.99 88.04 88.07 88.07 88.09 88.10 88.13 88.12 88.11 88.11 88.06 87.92 87.81 87.61 87.61 87.14 83.94 79.62 79.07 81.32 86.01 85.67 85.55 85.29 84.78 84.70 84.58 84.61 84.69 84.79 84.90 84.91 83.65 81.71 82.08 83.33 83.98 84.42 84.69 85.17 85.84 86.11 86.40 86.63 86.79 87.06 87.20 87.27 86.74 86.75 86.74 86.84 86.98 87.05 87.07 87.13 87.13 87.08 87.35 87.77 87.86 87.91 87.95 87.96 88.07 88.14 88.11 88.01 87.95 88.04 87.92 87.88 87.83 87.78 87.74 87.76 87.64 87.34 87.95 87.65 87.61 87.64 87.60 87.61 87.61 87.81 87.63 87.49 87.45 87.38 87.33 87.37 87.41 87.45 87.51 87.39 87.39 87.03 86.95 87.04 87.07 86.90 87.46 87.26 86.38 86.67 86.72 86.78 86.82 86.32 86.24 86.01 85.84 85.94 85.95 85.74 85.85 85.65 85.72 85.86 86.03 86.42 87.19 87.74 88.15 88.16 88.14 88.17 88.15 88.13 88.12 88.10 88.09 88.03 87.93 87.86 87.83 87.78 87.77 87.75 87.77 87.80 87.84 87.91 87.92 87.95 87.98 87.98 88.00 88.00 87.99 87.92 87.82 87.64 87.38 87.11 86.93 86.70 86.92 87.09 87.43 87.55 87.62 87.62 87.66 87.69 87.70 87.77 87.83 87.84 87.85 87.88 87.93 87.78 88.09
87.97 88.00 88.01 88.04 87.92 88.03 88.04 88.06 88.10 88.11 88.13 88.15 88.15 88.15 88.16 87.98 87.87 87.84 87.71 87.72 86.52 78.77 75.33 74.29 76.88 83.54 85.61 85.58 85.85 85.31 85.00 84.72 84.65 84.73 84.81 84.92 84.95 84.72 83.61 83.48 83.97 84.21 84.50 84.79 85.25 85.88 86.24 86.52 86.71 86.87 86.99 87.27 87.22 86.56 86.62 86.87 86.93 87.02 87.06 87.11 87.17 87.26 87.40 87.70 87.80 87.92 87.97 88.02 88.09 88.10 88.06 88.11 88.09 88.03 88.06 87.97 87.87 87.89 87.85 87.73 87.68 87.52 87.66 87.81 87.60 87.63 87.64 88.04 87.62 87.70 87.64 87.60 87.43 87.43 87.50 87.56 87.51 87.52 87.52 87.60 87.58 87.50 87.27 87.18 87.38 87.36 87.36 87.33 86.84 86.60 86.79 86.82 86.67 86.51 86.45 86.35 86.10 85.45 85.83 85.97 86.01 85.99 85.93 86.00 86.08 86.26 87.01 87.31 87.79 88.10 88.15 88.16 88.15 88.13 88.13 88.13 88.11 88.07 88.04 87.99 87.93 87.95 87.91 87.90 87.90 87.94 87.95 87.96 87.99 88.01 88.02 88.02 88.03 88.05 88.04 88.03 87.98 87.82 87.63 87.20 86.82 86.41 86.11 86.12 86.52 87.26 87.47 87.51 87.51 87.58 87.65 87.72 87.78 87.82 87.81 87.86 87.94 87.94 87.91 87.98
87.97 88.01 88.04 88.05 88.06 88.04 88.05 88.08 88.12 88.13 88.15 88.18 88.18 88.19 88.20 88.01 87.89 87.78 87.48 87.63 86.99 78.87 75.41 74.64 76.49 83.62 85.93 86.09 86.14 85.99 85.37 84.87 84.59 84.53 84.55 84.84 85.00 84.97 84.48 84.31 84.40 84.47 84.57 84.78 85.11 85.69 86.33 86.59 86.81 86.89 87.00 87.30 87.10 87.16 86.57 86.77 86.94 87.01 87.10 87.12 87.23 87.27 87.54 87.80 87.91 87.98 88.07 88.09 88.14 88.15 88.18 88.15 88.14 88.11 88.08 87.97 87.93 87.94 88.03 87.78 87.71 87.64 87.66 87.71 88.02 87.57 87.62 87.52 87.61 87.65 87.66 87.66 87.77 87.58 87.56 87.61 87.57 87.57 87.56 87.59 87.60 87.41 87.85 87.42 87.52 87.21 87.05 87.31 87.03 86.96 86.82 86.69 86.47 86.42 86.45 86.71 85.94 86.16 85.92 86.27 86.45 86.66 86.04 86.09 86.18 86.40 86.92 86.75 87.60 87.90 88.06 88.14 88.12 88.12 88.11 88.10 88.09 88.08 88.06 88.04 88.03 88.03 88.06 88.03 88.03 88.03 88.05 88.06 88.06 88.08 88.09 88.08 88.11 88.10 88.09 88.05 88.00 87.82 87.50 86.99 86.25 85.78 85.64 85.93 85.99 85.08 87.25 87.38 87.45 87.53 87.62 87.71 87.78 87.82 87.84 87.90 87.81 87.97 87.95 87.98
88.07 88.04 88.03 88.08 88.11 88.11 88.10 88.12 88.16 88.17 88.19 88.20 88.21 88.22 88.22 88.01 87.88 87.61 87.50 87.68 87.52 80.75 78.56 77.73 79.46 85.45 86.47 86.46 86.36 86.08 85.63 85.08 84.58 84.33 84.14 84.05 84.94 84.97 84.79 84.64 84.60 84.62 84.68 84.82 85.11 85.66 86.43 86.57 86.71 86.87 86.88 87.15 87.33 87.40 86.68 86.77 86.83 86.96 87.01 87.16 87.26 87.29 87.68 87.82 87.93 88.10 88.12 88.14 88.17 88.18 88.18 88.17 88.13 88.14 88.11 88.02 88.00 88.01 87.90 87.78 87.75 87.82 87.76 87.71 87.57 87.65 87.75 87.63 87.66 87.69 87.65 87.65 87.60 87.58 87.66 87.63 87.58 87.60 87.59 87.60 87.62 87.46 87.33 87.55 87.24 87.35 87.47 86.68 87.05 87.34 86.65 86.45 86.43 86.51 86.53 86.72 86.26 86.27 85.29 86.56 86.63 86.58 85.83 86.02 86.34 86.40 86.86 86.68 87.13 87.53 87.87 87.92 88.02 88.05 88.05 88.09 88.09 88.09 88.08 88.08 88.08 88.11 88.11 88.11 88.12 88.11 88.13 88.14 88.14 88.12 88.14 88.13 88.14 88.11 88.13 88.12 88.07 87.85 87.44 86.61 85.65 85.42 85.32 85.29 85.80 86.47 87.01 87.21 87.35 87.50 87.63 87.71 87.77 87.81 87.87 87.89 87.79 87.98 87.98 88.01
88.06 88.07 88.08 88.11 88.12 88.15 88.16 88.18 88.20 88.20 88.22 88.22 88.23 88.23 88.23 88.03 87.83 87.55 87.68 87.78 87.78 85.99 83.91 83.04 85.98 87.13 86.79 86.68 86.50 85.99 85.53 85.09 84.68 84.22 83.95 83.87 84.66 84.98 84.90 84.64 84.63 84.41 84.69 84.88 84.92 85.86 86.14 86.42 86.55 86.72 86.83 86.95 87.14 87.37 87.17 86.90 87.48 87.86 87.76 87.40 87.30 87.16 87.70 87.83 87.95 88.09 88.15 88.17 88.20 88.21 88.19 88.21 88.13 88.26 88.16 88.10 88.08 88.08 88.06 87.91 87.79 87.67 87.56 87.68 87.61 87.63 87.66 87.68 87.68 87.60 87.70 87.71 87.68 87.64 87.72 87.73 87.79 87.50 87.69 87.67 87.60 87.50 87.36 87.50 87.50 87.46 87.46 87.27 87.02 87.18 86.92 86.63 86.63 86.44 86.42 86.48 86.62 86.25 85.50 86.48 86.60 86.38 87.26 86.94 86.30 86.25 86.56 86.79 86.90 87.30 87.55 87.71 87.83 87.91 87.99 88.06 88.08 88.10 88.12 88.12 88.13 88.17 88.14 88.18 88.19 88.21 88.22 88.21 88.25 88.22 88.22 88.21 88.20 88.20 88.21 88.18 88.16 87.90 87.40 86.49 85.79 85.33 85.13 83.47 84.32 85.84 86.72 87.12 87.37 87.50 87.63 87.72 87.79 87.85 87.91 87.87 87.95 87.98 87.91 88.04
88.08 88.09 88.09 88.14 88.17 88.17 88.19 88.20 88.21 88.22 88.23 88.24 88.24 88.24 88.24 88.05 87.78 87.65 87.69 87.60 87.80 87.74 87.74 87.73 87.54 87.26 86.60 86.80 86.33 85.81 85.30 84.98 84.52 84.12 83.88 83.39 83.45 84.87 84.96 84.63 84.73 84.64 84.75 83.97 85.23 85.90 86.26 86.39 86.48 86.58 86.42 86.77 86.81 87.45 86.80 86.86 86.94 86.88 87.54 87.92 87.96 87.50 87.77 88.01 88.09 88.17 88.19 88.20 88.22 88.23 88.23 88.22 88.20 88.18 88.11 88.14 88.13 88.15 88.18 88.00 87.93 87.75 87.70 87.77 87.76 87.71 87.74 87.71 87.73 87.64 87.70 87.78 87.71 87.72 87.72 87.80 87.76 87.70 87.65 87.69 87.47 87.50 87.58 87.51 87.40 87.64 87.57 87.22 87.42 87.33 86.97 87.16 87.09 87.02 87.34 86.55 86.77 85.94 86.21 85.66 86.07 85.99 86.03 86.30 86.33 86.45 86.37 86.31 86.96 86.76 87.47 87.72 87.71 87.85 88.00 88.08 88.10 88.15 88.17 88.18 88.21 88.22 88.24 88.27 88.30 88.34 88.37 88.38 88.37 88.34 88.32 88.30 88.31 88.29 88.27 88.24 88.19 88.13 87.67 86.90 85.72 85.28 83.51 77.66 83.23 85.69 86.75 87.18 87.36 87.53 87.69 87.70 87.81 87.87 87.94 87.95 87.99 87.98 88.04 88.06
88.12 88.14 88.15 88.14 88.20 88.18 88.22 88.23 88.23 88.24 88.24 88.24 88.24 88.24 88.25 88.10 87.82 87.66 87.69 87.67 87.64 87.68 87.35 87.48 87.50 87.35 87.14 86.49 86.06 85.67 85.16 84.80 84.44 84.04 83.41 83.32 83.63 85.05 85.25 84.83 84.99 84.97 85.00 83.97 84.87 85.87 86.18 86.32 86.40 86.25 86.03 86.16 86.86 87.16 87.42 87.56 87.49 87.69 87.74 87.95 87.77 87.37 88.09 88.13 88.16 88.18 88.18 88.21 88.24 88.25 88.19 88.23 88.23 88.21 88.14 88.22 88.16 88.18 88.21 88.20 88.00 87.93 87.87 87.84 87.85 87.78 87.72 87.69 87.73 87.73 87.74 87.76 87.73 87.71 87.74 87.68 87.77 87.73 87.60 87.48 87.76 87.43 87.57 87.58 87.20 87.72 86.90 87.31 87.43 87.24 87.22 87.29 87.24 87.15 87.08 87.19 87.05 87.50 86.72 86.39 86.65 87.24 86.29 86.58 86.65 86.06 85.78 86.61 87.14 86.85 87.52 87.65 87.81 87.96 88.07 88.13 88.19 88.19 88.21 88.24 88.27 88.31 88.34 88.42 88.50 88.51 88.54 88.52 88.51 88.46 88.43 88.44 88.38 88.33 88.28 88.25 88.21 88.15 87.96 87.10 86.14 85.47 84.61 83.90 84.64 86.42 87.08 87.32 87.44 87.58 87.61 87.80 87.86 87.91 87.96 88.00 88.01 88.02 88.06 88.10
88.16 88.18 88.20 88.21 88.24 88.23 88.25 88.26 88.26 88.25 88.26 88.26 88.26 88.21 88.26 88.24 88.05 87.77 87.61 87.62 87.63 87.64 87.32 87.25 87.60 87.43 86.81 86.37 85.95 85.49 85.07 84.69 84.42 84.01 82.86 83.22 84.17 85.06 85.19 84.99 85.29 85.35 85.30 85.42 85.65 85.90 86.21 86.37 86.36 85.93 86.04 86.32 86.36 87.18 87.26 87.36 87.37 87.65 87.71 87.82 87.80 87.92 88.05 87.99 87.92 88.13 88.15 88.19 88.23 88.26 88.24 88.27 88.25 88.27 88.26 88.24 88.21 88.23 88.25 88.26 88.24 88.03 87.97 87.91 87.93 87.81 87.76 88.41 87.77 87.74 87.79 87.85 87.77 87.77 87.67 87.71 87.77 87.75 87.63 87.62 87.53 87.58 87.57 87.59 87.42 87.30 87.06 87.23 87.27 87.05 87.26 87.22 87.41 87.61 87.57 87.55 87.26 86.78 86.68 86.62 86.85 86.57 86.41 86.55 86.26 86.75 87.41 87.63 87.61 87.70 87.77 87.85 88.01 88.06 88.11 88.19 88.21 88.25 88.29 88.34 88.41 88.47 88.56 88.63 88.67 88.74 88.71 88.62 88.66 88.59 88.56 88.49 88.43 88.35 88.32 88.29 88.25 88.21 88.07 87.67 87.07 86.44 85.80 85.75 86.31 87.14 87.35 87.44 87.52 87.61 87.76 87.84 87.91 87.96 88.02 88.06 88.06 88.07 88.12 88.15
88.23 88.21 88.25 88.25 88.26 88.26 88.26 88.28 88.29 88.28 88.27 88.28 88.28 88.28 88.27 88.26 88.14 87.98 87.90 87.88 87.80 87.76 87.59 87.58 87.70 86.95 86.63 86.28 85.75 85.40 85.00 84.88 84.34 84.06 83.57 83.62 84.20 85.12 85.16 85.16 85.38 85.51 85.67 85.68 85.83 86.00 86.19 86.41 86.30 85.70 86.31 86.45 86.52 86.78 86.90 87.05 87.26 87.32 87.45 87.79 87.64 87.89 87.95 88.00 88.08 88.09 88.15 88.18 88.19 88.25 88.27 88.27 88.29 88.31 88.30 88.34 88.25 88.27 88.29 88.27 88.26 88.22 88.10 88.19 88.03 87.94 87.83 87.74 87.80 87.84 87.85 87.81 87.77 87.73 87.89 87.80 87.72 87.64 87.60 87.71 87.52 87.55 87.64 87.63 87.47 87.45 87.17 87.17 87.30 87.16 87.11 87.08 87.42 87.55 87.50 87.49 87.15 86.81 86.99 87.01 86.96 87.40 86.66 86.51 86.96 86.79 87.16 87.71 87.66 87.76 87.86 88.00 88.03 88.11 88.16 88.21 88.26 88.32 88.43 88.52 88.58 88.65 88.87 88.76 88.83 88.88 88.85 88.79 88.76 88.69 88.59 88.54 88.60 88.41 88.41 88.36 88.30 88.26 88.16 88.03 87.71 87.48 87.31 87.27 87.03 86.66 87.55 87.55 87.60 87.67 87.49 88.13 87.99 87.78 88.08 87.99 88.13 88.14 88.15 88.21
88.28 88.13 88.25 88.26 88.28 88.28 88.28 88.29 88.29 88.29 88.29 88.30 88.30 88.30 88.31 88.30 88.28 88.16 87.97 87.74 87.79 87.79 87.82 87.77 87.27 86.77 86.50 86.13 85.86 85.19 84.85 84.55 84.12 83.74 83.43 83.53 84.11 84.98 85.32 85.41 85.57 85.74 85.81 85.89 85.77 85.98 85.98 85.83 85.81 85.97 86.31 86.58 86.62 86.55 86.84 87.16 87.30 87.36 87.33 87.39 87.37 87.39 87.68 87.99 88.00 88.14 88.17 88.19 88.21 88.25 88.29 88.36 88.36 88.36 88.35 88.41 88.37 88.38 88.37 88.29 88.34 88.33 88.25 88.15 88.08 87.97 87.88 87.82 87.90 87.84 87.83 87.70 87.80 87.80 87.80 87.73 87.75 87.63 87.72 87.74 87.48 87.44 87.57 87.37 87.74 87.26 87.31 87.11 87.29 86.90 86.70 86.93 87.29 87.40 87.32 87.09 87.07 87.20 87.02 87.41 87.33 87.40 87.36 86.93 87.18 87.51 87.56 87.74 87.82 87.93 87.97 88.05 88.10 88.15 88.21 88.26 88.33 88.47 88.57 88.63 88.74 88.79 88.86 88.92 89.03 88.91 88.87 88.85 88.80 88.63 88.68 88.63 88.57 88.47 88.39 88.46 88.43 88.35 88.29 88.24 88.16 88.07 88.03 87.92 87.73 87.38 87.80 87.72 87.68 87.76 87.79 87.98 88.06 88.09 88.13 88.16 88.18 88.21 88.24 88.26
88.32 88.30 88.30 88.29 88.30 88.29 88.30 88.30 88.30 88.31 88.31 88.31 88.31 88.31 88.33 88.30 88.32 88.29 88.15 87.28 87.68 87.76 87.71 87.40 86.59 86.76 86.48 86.10 85.61 85.01 84.47 83.87 83.30 83.03 82.84 82.78 83.20 83.84 84.94 85.58 85.80 85.88 85.95 85.92 85.22 85.45 86.11 86.31 86.02 85.90 86.30 86.19 86.03 86.22 86.68 87.15 87.33 87.42 87.44 87.47 87.49 87.46 87.67 87.99 88.11 88.16 88.18 88.19 88.22 88.26 88.28 88.38 88.35 88.41 88.43 88.49 88.47 88.53 88.47 88.41 88.39 88.35 88.36 88.15 88.09 88.01 87.98 87.94 87.89 87.92 87.75 87.77 87.79 87.87 87.93 87.71 87.73 87.68 87.75 87.68 87.66 87.63 87.61 87.57 87.54 87.35 87.21 87.58 87.18 86.75 87.32 86.86 86.92 86.82 86.71 86.65 86.89 87.05 87.16 87.55 87.58 87.53 87.80 87.72 87.66 87.79 87.79 87.83 87.91 87.97 88.04 88.10 88.14 88.20 88.24 88.33 88.42 88.57 88.68 88.78 88.82 88.87 89.00 89.07 89.11 89.08 88.99 88.97 88.85 88.83 88.74 88.56 88.63 88.54 88.52 88.50 88.46 88.39 88.39 88.33 88.30 88.23 88.20 88.18 88.11 88.08 88.00 87.88 87.82 87.84 87.85 87.95 87.97 88.12 88.15 88.18 88.21 88.27 88.31 88.33
88.38 88.31 88.32 88.29 88.32 88.31 88.32 88.32 88.31 88.31 88.32 88.33 88.33 88.31 88.30 88.30 88.29 88.26 88.25 87.72 87.71 87.66 87.50 87.24 86.76 86.82 86.51 86.14 85.68 84.72 83.67 82.91 82.19 81.75 81.74 82.09 82.45 82.57 83.53 84.81 85.70 86.07 86.12 86.08 85.98 85.82 85.97 86.14 86.29 86.64 86.01 85.87 85.72 85.53 86.15 86.83 87.30 87.40 87.42 87.41 87.46 87.43 87.79 88.02 88.11 88.15 88.18 88.21 88.23 88.29 88.31 88.36 88.39 88.48 88.50 88.57 88.63 88.61 88.60 88.52 88.55 88.51 88.45 88.42 88.31 88.25 88.23 88.17 88.07 88.19 87.89 87.85 87.78 87.77 87.83 87.78 87.80 87.87 87.71 87.81 87.74 87.82 87.69 87.87 87.74 87.71 87.50 87.39 87.26 86.99 86.86 86.76 86.76 86.55 86.56 86.55 86.73 87.25 87.82 87.72 87.63 87.53 87.64 87.58 87.79 87.83 87.86 87.88 87.99 88.03 88.09 88.15 88.19 88.23 88.32 88.43 88.49 88.65 88.74 88.89 88.95 89.06 89.15 89.17 89.19 89.21 89.16 89.06 89.03 88.92 88.86 88.80 88.75 88.65 88.72 88.69 88.57 88.46 88.46 88.37 88.30 88.27 88.20 88.17 88.11 88.08 88.02 87.96 87.91 87.91 87.90 87.98 87.96 88.16 88.17 88.21 88.27 88.29 88.32 88.33
88.35 88.33 88.34 88.32 88.22 88.33 88.33 88.26 88.33 88.32 88.32 88.32 88.30 88.30 88.29 88.28 88.28 88.29 88.23 88.09 87.50 87.44 87.55 87.30 87.29 86.90 86.66 86.34 85.51 84.12 82.81 81.71 81.02 80.92 80.59 80.83 82.02 82.24 82.66 83.88 85.31 86.10 86.25 86.21 85.92 86.03 85.85 84.98 86.07 86.14 86.12 85.94 85.55 85.25 85.63 86.38 87.03 87.25 87.36 87.34 87.59 87.62 87.65 87.91 88.12 88.18 88.19 88.21 88.26 88.30 88.36 88.44 88.45 88.56 88.62 88.66 88.69 88.72 88.72 88.79 88.61 88.61 88.58 88.55 88.46 88.28 88.32 88.24 88.13 88.11 88.06 87.94 87.94 87.92 87.90 87.82 87.77 87.75 87.89 87.83 87.85 88.12 87.85 87.68 87.93 87.63 87.57 87.53 87.43 87.44 87.22 86.86 87.58 86.68 86.72 87.07 86.90 87.12 87.77 87.80 87.81 87.80 87.82 87.86 87.87 87.90 87.93 87.99 88.02 88.08 88.13 88.19 88.21 88.30 88.37 88.50 88.59 88.67 88.84 88.88 89.13 89.23 89.26 89.26 89.25 89.27 89.19 89.17 89.09 89.14 88.98 88.95 88.84 88.81 88.77 88.74 88.68 88.52 88.38 88.40 88.32 88.28 88.22 88.17 88.11 88.10 88.06 88.03 88.00 87.98 87.96 87.87 87.59 88.18 88.20 88.21 88.27 88.32 88.34 88.33
88.34 88.35 88.37 88.36 88.34 88.34 88.32 88.33 88.32 88.32 88.32 88.32 88.31 88.32 88.29 88.30 88.28 88.21 88.17 88.09 87.95 87.84 87.70 87.58 87.38 87.15 86.95 86.42 85.43 83.89 82.44 81.56 81.25 81.17 80.45 80.83 81.85 82.41 82.98 84.24 85.51 86.19 86.28 86.23 85.53 86.11 85.92 85.55 85.89 85.78 85.80 85.64 85.63 85.79 86.04 86.25 86.80 87.23 87.25 87.20 87.45 87.63 87.65 87.87 88.07 88.20 88.22 88.21 88.28 88.33 88.38 88.49 88.55 88.62 88.70 88.76 88.79 88.81 88.82 88.80 88.78 88.76 88.70 88.81 88.79 88.54 88.41 88.37 88.26 88.27 88.11 88.23 88.14 88.05 88.08 87.94 87.87 88.01 87.81 87.91 88.16 88.16 88.14 87.77 87.88 87.50 87.38 87.66 87.68 87.59 87.45 87.56 87.94 87.79 87.34 87.50 87.85 87.36 87.83 87.80 87.82 87.82 87.92 87.93 87.97 87.95 88.00 88.01 88.08 88.14 88.17 88.19 88.25 88.31 88.46 88.57 88.69 88.76 88.98 89.08 89.15 89.29 89.30 89.29 89.28 89.24 89.26 89.22 89.19 89.10 89.04 89.06 89.04 88.94 88.85 88.76 88.69 88.63 88.53 88.44 88.34 88.27 88.23 88.18 88.12 88.12 88.10 88.08 88.07 88.02 87.82 87.90 87.82 88.14 88.19 88.24 88.26 88.31 88.32 88.35
88.35 88.38 88.38 88.36 88.35 88.34 88.34 88.33 88.32 88.33 88.32 88.35 88.33 88.33 88.30 88.29 88.25 88.20 88.12 88.00 87.91 87.83 87.73 87.63 87.49 87.35 87.11 86.83 86.05 84.89 83.50 82.41 81.90 81.74 81.63 81.76 82.34 82.73 84.57 85.78 86.43 86.60 86.42 86.37 86.39 85.84 86.16 85.43 85.81 85.86 85.76 85.92 85.25 85.84 86.48 86.34 86.55 87.07 87.29 87.52 87.50 87.54 87.65 87.87 88.07 88.22 88.27 88.29 88.33 88.39 88.50 88.56 88.69 88.73 89.00 88.81 88.88 88.84 88.89 88.90 88.86 88.85 88.75 88.77 88.80 88.63 88.58 88.43 88.38 88.39 88.32 88.29 88.28 88.23 88.15 88.04 87.99 87.94 88.09 88.13 88.19 88.16 87.98 88.12 87.98 88.11 88.05 88.10 87.52 87.48 87.34 87.86 87.43 87.27 87.90 87.91 87.86 87.81 87.83 87.89 87.90 87.91 88.02 88.15 88.01 88.01 88.02 88.10 88.15 88.17 88.16 88.24 88.25 88.34 88.48 88.64 88.75 88.78 88.97 89.11 89.23 89.29 89.25 89.14 89.29 89.24 89.20 89.13 89.26 89.03 89.05 89.03 88.97 88.93 88.93 88.83 88.73 88.69 88.49 88.44 88.34 88.27 88.20 88.18 88.15 88.13 88.10 88.11 88.11 88.05 87.97 87.90 87.75 88.12 88.23 88.24 88.30 88.32 88.35 88.38
88.41 88.41 88.39 88.39 88.38 88.36 88.35 88.33 88.33 88.34 88.34 88.32 88.32 88.31 88.30 88.26 88.21 88.14 88.06 87.98 87.90 87.82 87.75 87.68 87.62 87.53 87.40 87.19 86.75 85.98 85.36 84.87 84.70 83.09 82.40 82.22 82.88 84.35 85.40 86.24 86.64 86.80 86.77 86.86 86.99 87.12 87.17 86.94 86.18 85.72 85.25 85.74 86.47 86.41 86.41 86.68 87.30 87.16 87.30 87.57 87.65 87.78 87.86 87.96 88.08 88.24 88.27 88.33 88.40 88.48 88.54 88.68 88.75 88.83 88.82 88.95 88.94 88.95 89.02 89.02 88.90 88.94 88.90 88.87 88.81 88.76 88.62 88.66 88.58 88.45 88.42 88.48 88.34 88.29 88.28 88.24 88.13 88.07 88.18 88.18 88.06 87.99 87.92 88.14 87.99 88.11 88.13 88.13 87.94 87.83 87.59 87.90 87.83 87.78 87.92 87.85 87.78 87.90 87.92 87.95 87.94 88.00 88.03 88.08 88.08 88.10 88.11 88.12 88.17 88.19 88.23 88.24 88.33 88.39 88.59 88.70 88.82 88.94 89.00 89.12 89.21 89.31 89.30 89.30 89.28 89.19 89.22 89.23 89.20 89.17 89.08 89.12 89.07 88.89 88.95 88.91 88.80 88.66 88.46 88.38 88.33 88.24 88.20 88.18 88.17 88.16 88.15 88.15 88.15 88.12 88.09 88.01 87.86 88.17 88.18 88.20 88.28 88.36 88.37 88.41
88.42 88.41 88.41 88.38 88.37 88.37 88.35 88.35 88.32 88.36 88.35 88.33 88.33 88.30 88.25 88.24 88.16 88.11 88.04 87.98 87.90 87.85 87.80 87.77 87.72 87.66 87.57 87.51 87.37 87.13 86.87 86.76 86.77 86.73 85.72 85.49 86.16 86.48 86.55 86.60 86.77 86.85 86.82 86.88 87.06 87.21 87.21 87.18 86.12 85.79 86.31 86.73 87.30 87.03 87.15 87.53 87.34 87.72 87.34 87.54 87.70 87.83 87.96 88.09 88.20 88.28 88.33 88.37 88.51 88.55 88.67 88.75 88.80 88.87 88.90 88.88 88.82 88.72 89.02 89.03 88.99 89.03 88.96 88.94 88.87 88.84 88.82 88.77 88.70 88.63 88.56 88.53 88.50 88.45 88.32 88.34 88.27 88.23 88.23 88.24 88.20 88.18 88.25 88.16 88.08 88.15 88.04 88.05 88.12 87.99 87.90 87.97 87.98 88.02 88.03 87.81 87.92 87.96 87.98 88.03 88.03 88.06 88.11 88.07 88.13 88.14 88.14 88.15 88.19 88.21 88.27 88.30 88.37 88.46 88.85 88.88 88.83 88.91 89.01 89.10 89.20 89.30 89.30 89.26 89.26 89.23 89.21 89.20 89.12 89.20 89.16 89.13 89.03 89.02 89.01 88.87 88.74 88.61 88.51 88.20 88.24 88.31 88.24 88.23 88.21 88.19 88.19 88.17 88.18 88.17 88.16 88.11 88.14 88.16 88.19 88.26 88.28 88.34 88.37 88.42
88.44 88.42 88.42 88.39 88.41 88.40 88.38 88.38 88.36 88.35 88.36 88.33 88.32 88.27 88.23 88.19 88.13 88.09 88.04 87.99 87.93 87.90 87.86 87.82 87.76 87.71 87.68 87.64 87.60 87.54 87.48 87.42 87.36 87.30 87.21 87.25 87.28 87.25 87.05 86.91 86.88 87.00 86.97 86.74 86.90 87.07 87.09 87.09 87.49 86.41 87.85 87.95 88.00 87.87 87.85 87.55 87.58 87.59 87.81 87.62 87.83 87.94 88.08 88.18 88.23 88.33 88.42 88.52 88.54 88.70 88.71 88.78 88.86 88.88 88.91 88.92 88.96 89.03 89.08 89.07 89.08 89.02 89.02 88.98 88.96 88.91 88.90 88.80 88.76 88.72 88.67 88.60 88.50 88.45 88.40 88.40 88.33 88.34 88.34 88.31 88.22 88.27 88.17 88.24 89.80 88.45 88.07 88.17 88.13 88.05 88.02 88.05 88.03 88.02 87.97 88.06 88.04 88.06 88.08 88.07 88.07 88.09 88.13 88.13 88.13 88.15 88.14 88.17 88.20 88.24 88.29 88.35 88.44 88.54 88.78 88.85 88.81 88.94 88.95 89.08 89.16 89.21 89.26 89.26 89.22 89.23 89.21 89.21 89.16 89.07 89.18 89.10 89.00 88.94 88.93 88.78 88.70 88.57 88.52 88.27 88.17 88.33 88.27 88.26 88.25 88.24 88.24 88.23 88.20 88.22 88.20 88.20 88.07 88.15 88.30 88.29 88.29 88.39 88.47 88.40
88.44 88.45 88.42 88.42 88.43 88.43 88.38 88.36 88.38 88.37 88.34 88.30 88.28 88.25 88.21 88.16 88.11 88.06 88.03 87.99 87.91 87.92 87.88 87.83 87.81 87.77 87.74 87.71 87.68 87.65 87.61 87.56 87.50 87.46 87.47 87.48 87.41 87.37 87.24 87.10 87.04 87.06 87.10 87.15 87.07 87.23 87.42 87.60 87.83 87.90 87.95 88.00 88.05 88.09 88.09 87.97 87.70 87.65 87.75 87.92 88.00 88.11 88.18 88.31 88.32 88.40 88.48 88.58 88.67 88.73 88.83 88.90 88.95 88.96 89.00 89.03 89.04 88.98 89.20 89.25 89.08 89.07 89.10 88.89 89.02 88.96 88.87 88.84 88.87 88.79 88.77 88.71 88.63 88.57 88.52 88.47 88.43 88.33 88.44 88.34 88.33 88.32 88.18 89.27 89.89 88.27 88.00 88.17 88.15 88.11 88.11 88.10 88.10 88.11 88.14 88.10 88.11 88.11 88.13 88.14 88.13 88.15 88.13 88.14 88.15 88.16 88.15 88.18 88.20 88.23 88.27 88.34 88.45 88.54 88.66 88.68 88.83 88.89 89.00 89.07 89.13 89.18 89.26 89.24 89.26 89.24 89.18 89.22 89.20 89.15 89.12 89.03 89.02 88.87 88.72 88.75 88.67 88.58 88.52 88.48 88.40 88.36 88.33 88.29 88.28 88.29 88.26 88.27 88.24 88.24 88.23 88.24 88.21 88.29 88.30 88.26 88.30 88.40 88.47 88.47
88.44 88.43 88.46 88.46 88.45 88.44 88.41 88.38 88.36 88.32 88.33 88.30 88.26 88.23 88.18 88.12 88.05 88.05 88.04 88.00 87.97 87.95 87.91 87.89 87.85 87.83 87.79 87.76 87.74 87.70 87.67 87.66 87.62 87.60 87.60 87.59 87.58 87.52 87.40 87.31 87.23 87.22 87.27 87.32 87.44 87.57 87.65 87.76 87.85 87.93 88.00 88.04 88.07 88.10 88.13 88.15 87.93 87.99 87.87 88.10 88.27 88.31 88.36 88.39 88.45 88.53 88.65 88.72 88.78 88.82 88.95 88.99 89.01 89.04 89.08 89.13 89.13 89.11 89.17 89.14 89.08 89.13 89.09 89.12 89.05 89.14 89.09 88.95 88.93 88.82 88.83 88.77 88.69 88.66 88.57 88.51 88.52 88.68 88.44 88.42 88.33 88.33 88.28 88.24 88.14 88.15 88.14 88.21 88.17 88.19 88.16 88.16 88.14 88.16 88.16 88.15 88.17 88.19 88.16 88.19 88.17 88.15 88.13 88.14 88.16 88.14 88.14 88.18 88.20 88.22 88.28 88.35 88.42 88.50 88.50 88.62 88.71 88.82 88.84 88.91 88.94 89.02 89.03 89.11 89.14 89.15 89.10 89.11 89.02 89.02 89.03 89.01 88.88 88.77 88.72 88.64 88.67 88.59 88.54 88.48 88.44 88.38 88.35 88.33 88.32 88.30 88.31 88.30 88.22 88.25 88.24 88.27 88.27 88.27 88.29 88.34 88.42 88.43 88.47 88.48
88.51 88.49 88.45 88.42 88.43 88.36 88.37 88.39 88.36 88.33 88.32 88.28 88.26 88.22 88.20 88.13 88.90 88.03 88.05 88.03 88.01 87.98 87.96 87.94 87.90 87.87 87.84 87.81 87.78 87.76 87.74 87.73 87.71 87.71 87.70 87.71 87.67 87.65 87.61 87.55 87.48 87.47 87.43 87.46 87.54 87.65 87.76 87.98 87.98 88.04 88.06 88.07 88.23 88.12 88.16 88.20 88.24 88.25 88.32 88.38 88.43 88.49 88.59 88.63 88.70 88.77 88.79 88.85 88.89 88.95 89.03 89.07 89.08 89.13 89.16 89.13 89.15 89.16 89.19 89.25 89.11 89.13 89.15 89.11 89.18 89.08 88.99 88.98 88.89 88.89 88.86 88.83 88.76 88.69 88.58 88.57 88.55 88.54 88.49 88.44 88.41 88.36 88.31 88.31 88.29 88.25 88.23 88.23 88.23 88.21 88.21 88.21 88.19 88.22 88.19 88.22 88.25 88.24 88.24 88.22 88.18 88.17 88.15 88.15 88.13 88.13 88.18 88.20 88.20 88.22 88.27 88.33 88.38 88.40 88.48 88.57 88.64 88.70 88.72 88.77 88.81 88.86 88.89 88.95 88.98 88.94 88.96 88.96 88.81 88.83 88.89 88.81 88.79 88.70 88.65 88.68 88.56 88.61 88.57 88.45 88.41 88.39 88.37 88.37 88.33 88.33 88.31 88.28 88.27 88.29 88.30 88.24 88.26 88.26 88.32 88.49 88.43 88.48 88.52 88.54
88.52 88.51 88.49 88.46 88.48 88.42 88.38 88.36 88.35 88.36 88.31 88.28 88.27 88.23 88.20 88.19 88.08 88.09 88.06 88.06 88.04 88.02 87.99 87.97 87.95 87.93 87.90 87.87 87.87 87.84 87.82 87.81 87.80 87.80 87.79 87.79 87.78 87.77 87.75 87.68 87.66 87.63 87.61 87.62 87.68 87.77 87.86 87.92 88.01 88.04 88.07 88.10 88.12 88.15 88.19 88.24 88.29 88.35 88.42 88.49 88.63 88.68 88.72 88.75 88.81 88.83 88.89 88.94 88.97 89.05 89.06 89.42 89.17 89.18 89.19 89.22 89.21 89.18 89.19 89.18 89.16 89.24 89.10 89.12 88.77 89.70 89.00 88.96 88.95 88.89 88.90 88.81 88.76 88.72 88.70 88.62 88.61 88.55 88.51 88.42 88.42 88.39 88.32 88.28 88.26 88.27 88.26 88.23 88.27 88.25 88.24 88.26 88.28 88.28 88.27 88.29 88.30 88.28 88.26 88.21 88.20 88.20 88.18 88.16 88.16 88.17 88.16 88.18 88.20 88.22 88.26 88.28 88.33 88.34 88.37 88.44 88.54 88.58 88.61 88.59 88.69 88.67 88.75 88.82 88.83 88.81 88.80 88.82 88.80 88.74 88.78 88.75 88.76 88.74 88.65 88.67 88.60 88.62 88.59 88.51 88.46 88.46 88.40 88.38 88.36 88.33 88.33 88.31 88.27 88.31 88.30 88.28 88.35 88.32 88.34 88.39 88.47 88.46 88.49 88.51
88.50 88.51 88.50 88.43 88.48 88.46 88.36 88.42 88.41 88.41 88.37 88.33 88.29 88.27 88.23 88.18 88.19 88.15 88.13 88.11 88.08 88.06 88.03 88.01 88.00 87.99 87.98 87.96 87.95 87.93 87.92 87.90 87.88 87.89 87.91 87.89 87.89 87.89 87.85 87.81 87.79 87.78 87.78 87.83 87.86 87.92 87.96 88.00 88.05 88.08 88.11 88.15 88.17 88.20 88.25 88.28 88.34 88.41 88.50 88.61 88.75 88.69 88.85 88.89 88.90 88.94 89.00 89.04 89.06 89.05 89.12 89.12 89.15 89.20 89.22 89.22 89.18 89.24 89.27 89.24 89.17 89.16 89.16 89.11 89.09 89.07 89.04 89.03 88.98 88.89 88.82 88.85 88.77 88.76 88.63 88.66 88.64 88.59 88.50 88.47 88.42 88.40 88.38 88.35 88.35 88.33 88.28 88.28 88.29 88.30 88.32 88.33 88.33 88.33 88.30 88.32 88.32 88.32 88.27 88.25 88.24 88.22 88.18 88.19 88.17 88.17 88.16 88.18 88.19 88.20 88.24 88.23 88.29 88.36 88.33 88.30 88.39 88.43 88.42 88.51 88.57 88.50 88.60 88.66 88.66 88.62 88.67 88.66 88.67 88.67 88.67 88.69 88.68 88.64 88.63 88.66 88.63 88.58 88.57 88.52 88.54 88.47 88.45 88.40 88.38 88.34 88.29 88.30 88.29 88.31 88.33 88.33 88.36 88.36 88.38 88.41 88.45 88.52 88.43 88.49
88.49 88.49 88.48 88.49 88.48 88.50 88.45 88.42 88.44 88.37 88.34 88.35 88.32 88.29 88.25 88.23 88.21 88.19 88.17 88.14 88.11 88.10 88.09 88.07 88.05 88.05 88.03 88.02 88.01 88.01 88.00 87.99 88.00 88.00 87.99 87.98 87.97 87.98 87.97 88.06 87.95 87.95 87.95 87.97 87.98 88.00 88.02 88.05 88.10 88.13 88.14 88.21 88.25 88.29 88.32 88.39 88.46 88.53 88.61 88.66 88.78 88.88 88.93 88.96 89.02 89.33 88.97 89.11 89.13 89.13 89.20 89.12 89.18 89.27 89.31 89.29 89.26 89.27 89.20 89.23 89.19 89.18 89.15 89.15 89.10 89.07 89.02 88.99 88.93 88.89 88.84 88.81 88.79 88.73 88.72 88.71 88.62 88.57 88.55 88.48 88.46 88.42 88.37 88.37 88.35 88.36 88.31 88.34 88.33 88.36 88.35 88.36 88.37 88.37 88.33 88.36 88.33 88.33 88.31 88.26 88.28 88.27 88.17 88.21 88.19 88.18 88.16 88.15 88.17 88.19 88.19 88.21 88.23 88.13 88.24 88.30 88.31 88.30 88.37 88.41 88.44 88.37 88.50 88.53 88.53 88.47 88.52 88.52 88.56 88.58 88.56 88.59 88.56 88.53 88.57 88.58 88.55 88.53 88.54 88.50 88.48 88.49 88.44 88.43 88.41 88.32 88.36 88.35 88.31 88.34 88.32 88.36 88.38 88.37 88.42 88.43 88.41 88.48 88.47 88.43
88.54 88.47 88.46 88.98 88.48 88.50 88.50 88.48 88.46 88.45 88.42 88.36 88.35 88.31 88.30 88.29 88.26 88.25 88.20 88.17 88.11 88.16 88.14 88.13 88.12 88.11 88.09 88.09 88.09 88.08 88.07 88.06 88.06 88.05 88.04 88.03 88.03 88.03 88.03 88.02 88.02 88.03 88.03 88.05 88.07 88.08 88.10 88.12 88.16 88.19 88.25 88.29 88.33 88.41 88.50 88.55 88.61 88.67 88.75 88.77 88.84 88.92 89.00 89.07 89.07 89.08 89.18 89.16 89.15 89.15 89.19 89.16 89.21 89.21 89.23 89.27 89.23 89.18 89.17 89.20 89.18 89.16 89.10 89.06 89.02 88.88 88.91 88.88 88.87 88.85 88.83 88.77 88.71 88.68 88.70 88.56 88.54 88.54 88.52 88.48 88.47 88.43 88.39 88.39 88.40 88.38 88.38 88.39 88.38 88.37 88.39 88.38 88.41 88.38 88.37 88.36 88.35 88.32 88.35 88.32 88.29 88.28 88.27 88.24 88.22 88.21 88.18 88.17 88.17 88.17 88.17 88.19 88.20 88.21 88.23 88.26 88.28 88.28 88.31 88.27 88.35 88.30 88.38 88.42 88.37 88.44 88.44 88.45 88.47 88.48 88.46 88.47 88.52 88.52 88.52 88.50 88.51 88.48 88.50 88.51 88.49 88.46 88.47 88.45 88.39 88.41 88.41 88.42 88.33 88.36 88.37 88.39 88.35 88.42 88.46 88.48 88.46 88.49 88.50 88.51
88.52 88.58 88.52 88.56 88.56 88.53 88.52 88.53 88.42 88.46 88.43 88.42 88.43 88.41 88.51 88.33 88.31 88.30 88.26 88.27 88.26 88.22 88.22 88.21 88.19 88.19 88.15 88.16 88.16 88.15 88.14 88.12 88.12 88.11 88.09 88.08 88.08 88.08 88.07 88.07 88.07 88.08 88.10 88.11 88.14 88.16 88.18 88.21 88.23 88.27 88.31 88.32 88.43 88.54 88.62 88.71 88.80 88.90 88.94 88.96 88.97 89.05 89.08 89.07 89.14 89.16 89.17 89.12 89.15 89.18 89.11 89.13 89.19 89.19 89.19 89.20 89.20 89.15 89.16 89.14 89.15 89.09 89.05 88.88 89.73 91.32 88.56 88.79 88.84 88.78 88.80 88.71 88.72 88.63 88.62 88.58 88.54 88.52 88.52 88.49 88.45 88.45 88.43 88.37 88.41 88.37 88.36 88.38 88.37 88.37 88.39 88.40 88.42 88.38 88.33 88.34 88.39 88.34 88.33 88.35 88.33 88.31 88.30 88.25 88.24 88.20 88.21 88.19 88.18 88.15 88.17 88.17 88.17 88.18 88.20 88.20 88.22 88.23 88.22 88.25 88.28 88.28 88.31 88.32 88.30 88.35 88.34 88.36 88.36 88.37 88.40 88.41 88.41 88.44 88.37 88.45 88.44 88.48 88.47 88.47 88.43 88.42 88.47 88.46 88.42 88.47 88.47 88.39 88.44 88.40 88.46 88.46 88.44 88.45 88.45 88.49 88.44 88.45 88.54 88.39
88.58 88.57 88.60 88.58 88.57 88.62 88.59 88.56 88.58 88.55 88.47 88.49 88.51 88.45 88.46 88.42 88.42 88.39 88.38 88.37 88.31 88.32 88.28 88.26 88.26 88.22 88.25 88.24 88.22 88.21 88.20 88.17 88.18 88.15 88.26 88.13 88.13 88.12 88.12 88.12 88.13 88.14 88.17 88.18 88.20 88.23 88.26 88.30 88.33 88.39 88.47 88.55 88.63 88.73 88.83 88.92 89.03 89.10 89.18 89.25 89.28 89.26 89.20 89.16 89.16 89.16 89.13 89.15 89.19 89.16 89.17 89.17 89.14 89.18 89.17 89.14 89.12 89.05 89.14 89.10 89.08 89.04 88.94 88.90 88.89 88.81 88.79 88.80 88.77 88.78 88.73 88.68 88.67 88.61 88.59 88.55 88.52 88.50 88.48 88.43 88.40 88.43 88.41 88.36 88.37 88.37 88.37 88.35 88.33 88.31 88.32 88.38 88.40 88.38 88.36 88.37 88.33 88.35 88.35 88.34 88.33 88.29 88.30 88.29 88.26 88.25 88.24 88.21 88.19 88.18 88.17 88.15 88.15 88.16 88.14 88.18 88.18 88.19 88.13 88.21 88.23 88.25 88.26 88.25 88.26 88.27 88.23 88.30 88.30 88.32 88.31 88.36 88.35 88.38 88.39 88.39 88.40 88.41 88.42 88.45 88.38 88.40 88.40 88.43 88.43 88.43 88.48 88.48 88.49 88.47 88.50 88.47 88.52 88.51 88.45 88.48 88.49 88.56 88.54 88.57
88.52 88.62 88.62 88.60 88.61 88.62 88.60 88.62 88.55 88.64 88.58 88.57 88.55 88.57 88.49 88.45 88.44 88.49 88.51 88.45 88.46 88.45 88.43 88.41 88.36 88.34 88.24 88.32 88.31 88.26 88.30 88.24 88.25 88.22 88.19 88.17 88.18 88.18 88.18 88.18 88.19 88.22 88.24 88.26 88.29 88.32 88.40 88.48 88.57 88.64 88.69 88.74 88.78 88.85 88.90 88.98 89.03 89.06 89.12 89.14 89.14 89.15 89.14 89.13 89.10 89.12 89.12 89.13 89.09 89.13 89.13 89.11 89.15 89.13 89.05 89.09 89.07 89.02 89.02 88.99 88.95 88.92 88.94 88.88 88.81 88.81 88.73 88.71 88.69 88.66 88.66 88.62 88.57 88.56 88.55 88.46 88.48 88.48 88.45 88.44 88.42 88.42 88.40 88.36 88.36 88.40 88.38 88.36 88.35 88.37 88.30 88.31 88.35 88.34 88.36 88.35 88.33 88.34 88.34 88.30 88.29 88.30 88.29 88.29 88.25 88.24 88.24 88.23 88.22 88.21 88.19 88.17 88.17 88.15 88.14 88.13 88.14 88.17 88.19 88.18 88.19 88.19 88.21 88.21 88.22 88.22 88.23 88.25 88.25 88.25 88.27 88.26 88.29 88.31 88.34 88.35 88.34 88.37 88.45 88.42 88.40 88.40 88.40 88.44 88.44 88.47 88.48 88.51 88.50 88.48 88.48 88.52 88.54 88.56 88.62 88.59 88.57 88.59 88.56 88.54
88.62 88.67 88.70 88.64 88.62 88.66 89.00 88.59 88.64 88.65 88.58 88.61 88.62 88.59 88.64 88.66 88.65 88.60 88.68 88.54 88.49 88.56 88.55 88.52 88.47 88.45 88.41 88.36 88.39 88.33 88.34 88.35 88.35 88.30 88.33 88.34 88.29 88.29 88.30 88.30 88.29 88.33 88.36 88.38 88.43 88.47 88.52 88.61 88.65 88.72 88.78 88.82 88.82 88.81 88.86 88.87 88.89 88.92 88.95 88.94 88.92 88.96 88.96 88.98 89.06 89.01 89.02 89.04 89.10 89.04 89.07 89.04 89.03 89.05 89.00 88.96 88.96 88.98 88.94 88.90 88.86 88.85 88.82 88.78 88.74 88.72 88.69 88.68 88.65 88.59 88.53 88.50 88.52 88.52 88.47 88.47 88.44 88.43 88.42 88.39 88.36 88.34 88.33 88.33 88.35 88.36 88.35 88.33 88.34 88.33 88.36 88.33 88.32 88.33 88.31 88.33 88.31 88.30 88.27 88.30 88.26 88.29 88.28 88.25 88.25 88.25 88.24 88.24 88.22 88.21 88.20 88.20 88.19 88.18 88.16 88.16 88.15 88.14 88.14 88.13 88.12 88.12 88.13 88.14 88.16 88.17 88.19 88.20 88.23 88.22 88.25 88.25 88.25 88.26 88.29 88.28 88.33 88.35 88.38 88.40 88.41 88.38 88.43 88.45 88.46 88.49 88.48 88.50 88.44 88.53 88.53 88.52 88.48 88.55 88.57 88.59 88.64 88.56 88.61 88.60
88.68 88.72 88.72 88.69 88.65 88.74 88.75 88.72 88.72 88.75 88.79 88.73 88.74 88.68 88.81 88.71 88.70 88.68 88.64 88.64 88.66 88.52 88.53 88.56 88.51 88.57 88.51 88.71 88.59 88.54 88.57 88.49 88.45 88.42 88.38 88.41 88.37 88.39 88.40 88.45 88.47 88.50 88.52 88.54 88.58 88.61 88.63 88.66 88.69 88.72 88.77 88.85 88.82 88.83 88.83 88.82 88.79 88.78 88.75 88.78 88.80 88.82 88.84 88.83 88.86 88.90 88.92 88.89 88.88 88.90 88.95 88.98 88.97 88.90 88.94 88.94 88.94 88.88 88.84 88.77 88.78 88.74 88.71 88.68 88.69 88.68 88.65 88.61 88.58 88.57 88.53 88.44 88.44 88.44 88.43 88.37 88.38 88.37 88.35 88.36 88.34 88.34 88.33 88.29 88.32 88.32 88.30 88.29 88.29 88.28 88.30 88.30 88.32 88.31 88.30 88.32 88.32 88.30 88.27 88.25 88.27 88.29 88.28 88.25 88.24 88.24 88.22 88.23 88.21 88.21 88.20 88.19 88.19 88.18 88.18 88.17 88.16 88.15 88.15 88.16 88.16 88.17 88.18 88.18 88.19 88.20 88.20 88.21 88.22 88.23 88.23 88.25 88.25 88.26 88.27 88.27 88.31 88.33 88.34 88.34 88.39 88.39 88.38 88.42 88.47 88.49 88.46 88.50 88.54 88.57 88.35 89.26 88.43 88.13 88.56 88.60 88.67 88.65 88.57 88.64
88.67 88.73 88.69 88.72 88.72 88.79 88.70 88.76 88.77 88.76 88.80 88.74 88.76 88.82 88.76 88.79 88.79 88.68 88.73 88.75 88.71 88.77 88.80 88.85 88.75 88.64 88.66 88.66 88.52 88.56 88.57 88.54 88.61 88.63 88.66 88.57 88.53 88.54 88.49 88.55 88.54 88.56 88.62 88.61 88.61 88.57 88.62 88.65 88.67 88.73 88.76 88.77 88.77 88.77 88.78 88.85 88.76 88.75 88.76 88.77 88.81 88.84 88.86 88.85 88.85 88.83 88.80 88.81 88.84 88.78 88.85 88.85 88.84 88.84 88.82 88.84 88.80 88.79 88.73 88.74 88.69 88.68 88.64 88.72 88.61 88.57 88.54 88.50 88.50 88.50 88.46 88.44 88.42 88.39 88.39 88.38 88.42 88.34 88.32 88.31 88.30 88.30 88.30 88.29 88.29 88.30 88.30 88.29 88.27 88.29 88.28 88.27 88.29 88.29 88.29 88.28 88.28 88.29 88.26 88.26 88.26 88.26 88.24 88.27 88.27 88.26 88.23 88.22 88.22 88.20 88.22 88.21 88.21 88.20 88.18 88.19 88.18 88.18 88.18 88.18 88.18 88.20 88.20 88.17 88.19 88.21 88.22 88.22 88.21 88.22 88.23 88.24 88.25 88.26 88.27 88.27 88.29 88.31 88.33 88.35 88.35 88.39 88.40 88.44 88.45 88.45 88.46 88.48 88.51 88.54 88.54 88.57 88.54 88.68 88.69 88.71 88.71 88.71 88.69 88.64
88.77 88.69 88.55 88.49 88.57 88.74 88.68 88.46 88.48 88.71 88.76 88.77 88.79 88.76 88.75 88.65 88.55 88.59 88.48 88.64 88.53 88.59 88.85 89.02 88.75 88.64 88.63 88.70 88.66 88.65 88.64 88.63 88.66 88.61 88.44 88.59 88.53 88.58 88.55 88.53 88.62 88.60 88.55 88.55 88.59 88.64 88.65 88.67 88.69 88.71 88.72 88.74 88.66 88.77 88.78 88.81 88.82 88.82 88.81 88.81 88.83 88.48 88.48 88.67 88.74 88.72 88.71 88.73 88.68 88.68 88.71 88.72 88.71 88.72 88.69 88.69 88.67 88.67 88.69 88.68 88.64 88.58 88.57 88.55 88.55 88.51 88.45 88.43 88.47 88.45 88.45 88.42 88.38 88.34 88.33 88.35 88.35 88.34 88.32 88.31 88.30 88.30 88.29 88.32 88.29 88.28 88.28 88.28 88.28 88.28 88.28 88.28 88.26 88.25 88.25 88.25 88.27 88.25 88.25 88.23 88.24 88.25 88.25 88.25 88.25 88.26 88.25 88.24 88.23 88.22 88.23 88.21 88.20 88.19 88.12 88.17 88.20 88.20 88.21 88.21 88.20 88.20 88.20 88.20 88.20 88.20 88.22 88.21 88.22 88.21 88.23 88.24 88.24 88.25 88.27 88.28 88.29 88.30 88.29 88.31 88.32 88.35 88.39 88.42 88.44 88.44 88.47 88.51 88.51 88.50 88.54 88.51 88.54 88.59 88.57 88.69 88.75 88.74 88.69 88.73
88.58 88.51 88.51 88.57 88.58 88.55 88.53 88.53 88.55 88.54 88.55 88.46 88.59 88.57 88.58 88.63 88.63 88.66 88.66 88.62 88.61 88.67 88.66 88.68 88.70 88.73 88.68 88.55 88.59 88.52 88.55 88.57 88.58 88.59 88.56 88.59 88.57 88.62 88.60 88.59 88.60 88.61 88.61 88.58 88.54 88.55 88.57 88.59 88.60 88.65 88.69 88.66 88.68 88.70 88.72 88.72 88.70 88.73 88.76 88.75 88.78 88.79 88.77 88.78 88.75 88.75 88.78 88.75 88.69 88.66 88.62 88.60 88.55 88.57 88.57 88.48 88.46 88.48 88.53 88.54 88.48 88.50 88.43 88.27 88.34 88.48 88.12 88.18 88.36 88.01 88.11 88.24 88.16 88.07 88.20 88.03 88.07 88.22 88.16 88.08 88.12 88.13 88.16 88.25 88.26 88.24 88.26 88.26 88.27 88.26 88.26 88.26 88.26 88.26 88.24 88.25 88.25 88.25 88.24 88.19 88.39 88.19 88.23 88.23 88.22 88.23 88.22 88.22 88.22 88.22 88.22 88.23 88.22 88.22 88.22 88.23 88.23 88.23 88.22 88.23 88.22 88.21 88.20 88.20 88.21 88.19 88.17 88.17 88.19 88.20 88.21 88.21 88.23 88.25 88.25 88.28 88.27 88.29 88.29 88.29 88.31 88.33 88.34 88.38 88.39 88.42 88.41 88.41 88.43 88.50 88.50 88.51 88.52 88.55 88.56 88.53 88.53 88.61 88.61 88.60
88.20 88.20 88.21 88.23 88.21 88.21 88.22 88.21 88.22 88.22 88.23 88.24 88.24 88.25 88.26 88.27 88.27 88.28 88.28 88.29 88.29 88.30 88.31 88.32 88.33 88.35 88.39 88.44 88.44 88.48 88.52 88.47 88.47 88.56 88.34 88.35 88.27 88.36 88.17 88.20 88.29 88.32 88.47 88.47 88.48 88.52 88.55 88.53 88.43 88.41 88.23 88.22 88.17 88.22 88.40 88.29 88.34 88.32 88.29 88.32 88.49 88.39 88.42 88.42 88.46 88.49 88.54 88.36 88.30 88.22 88.22 88.25 88.10 88.16 88.12 88.05 88.00 88.04 87.99 87.95 87.94 87.87 87.88 87.85 87.85 87.86 87.80 87.80 87.80 87.77 87.79 87.82 87.75 87.75 87.82 87.77 87.77 87.72 87.72 87.73 87.82 87.85 87.85 87.85 87.84 87.86 87.80 87.98 88.00 88.15 88.14 88.01 88.06 88.21 88.13 88.15 88.09 88.12 88.18 88.05 88.06 88.04 88.06 88.07 88.13 88.22 88.10 88.12 88.12 88.12 88.13 88.13 88.13 88.14 88.14 88.15 88.17 88.20 88.22 88.22 88.23 88.23 88.23 88.22 88.23 88.22 88.22 88.23 88.24 88.25 88.26 88.27 88.27 88.28 88.28 88.28 88.28 88.29 88.30 88.29 88.29 88.30 88.31 88.31 88.31 88.31 88.30 88.30 88.29 88.27 88.25 88.25 88.25 88.25 88.24 88.23 88.22 88.20 88.20 88.20
88.09 88.09 88.09 88.09 88.09 88.09 88.09 88.10 88.10 88.10 88.11 88.12 88.12 88.13 88.13 88.14 88.15 88.15 88.17 88.17 88.18 88.19 88.19 88.18 88.18 88.17 88.21 88.20 88.20 88.04 88.02 87.97 88.03 88.05 87.97 88.01 87.96 87.96 87.96 87.94 87.91 87.94 87.89 87.86 87.86 87.90 87.89 87.88 87.90 87.91 87.95 87.98 88.03 88.05 87.96 87.98 87.94 87.91 87.90 87.93 87.91 88.06 88.04 88.23 88.29 88.33 88.39 88.44 88.43 88.30 88.22 88.13 88.06 88.02 88.00 87.95 87.93 87.90 87.88 87.87 87.86 87.84 87.83 87.82 87.80 87.78 87.77 87.76 87.75 87.75 87.75 87.74 87.74 87.73 87.72 87.71 87.70 87.69 87.69 87.68 87.68 87.66 87.66 87.65 87.64 87.63 87.63 87.63 87.64 87.68 87.73 87.79 87.78 87.80 87.76 87.80 87.85 87.86 87.84 87.82 87.80 87.81 87.87 87.83 87.85 87.82 87.84 87.86 87.83 87.85 87.81 87.82 87.85 87.90 87.88 87.87 87.88 87.85 87.87 87.88 87.91 87.98 88.00 88.03 88.12 88.11 88.18 88.23 88.24 88.24 88.23 88.22 88.22 88.23 88.24 88.25 88.25 88.24 88.22 88.22 88.21 88.21 88.20 88.19 88.19 88.18 88.17 88.16 88.16 88.15 88.14 88.14 88.13 88.13 88.13 88.12 88.11 88.10 88.10 88.10
88.14 88.11 88.14 88.17 88.19 88.28 87.95 87.92 87.98 88.03 87.90 87.97 87.93 87.91 87.92 87.98 87.82 87.77 87.76 87.76 87.76 87.83 87.94 87.88 87.87 87.90 87.98 87.92 87.90 87.96 87.93 87.71 87.73 87.81 87.73 87.70 87.70 87.69 87.70 87.71 87.70 87.74 87.72 87.69 87.70 87.68 87.65 87.65 87.65 87.70 87.70 87.69 87.71 87.78 87.77 87.74 87.74 87.75 87.77 87.78 87.78 87.78 87.81 87.79 87.78 87.78 87.84 87.84 87.92 87.96 88.00 88.07 88.01 88.00 88.00 88.03 88.08 88.16 88.19 88.19 88.20 88.17 88.06 87.98 87.89 87.88 87.89 87.91 87.93 87.99 88.13 88.14 87.81 87.75 87.74 87.76 87.75 87.73 87.70 87.68 87.67 87.69 87.66 87.64 87.63 87.62 87.61 87.61 87.60 87.60 87.59 87.60 87.60 87.60 87.61 87.62 87.63 87.63 87.64 87.63 87.64 87.65 87.66 87.65 87.65 87.65 87.65 87.65 87.65 87.65 87.65 87.65 87.65 87.65 87.67 87.67 87.69 87.69 87.68 87.74 87.68 87.68 87.68 87.77 87.79 87.80 87.84 87.91 87.84 87.79 87.83 87.79 87.87 87.89 87.94 87.99 87.89 87.94 87.97 87.99 87.98 87.93 87.96 88.05 88.02 88.03 88.08 88.18 88.11 88.20 88.13 88.08 88.05 88.02 88.05 88.10 88.13 88.06 88.07 88.08
87.56 87.61 87.59 87.60 87.62 87.59 87.60 87.58 87.52 87.51 87.51 87.51 87.54 87.55 87.52 87.49 87.49 87.49 87.48 87.48 87.49 87.52 87.52 87.43 87.44 87.44 87.46 87.47 87.48 87.49 87.49 87.45 87.42 87.44 87.41 87.37 87.34 87.34 87.33 87.33 87.37 87.35 87.40 87.38 87.36 87.30 87.29 87.28 87.30 87.32 87.32 87.32 87.33 87.34 87.38 87.43 87.44 87.46 87.47 87.47 87.46 87.43 87.43 87.42 87.42 87.41 87.40 87.41 87.43 87.44 87.52 87.61 87.62 87.61 87.61 87.58 87.63 87.60 87.59 87.62 87.58 87.56 87.55 87.55 87.57 87.54 87.56 87.61 87.57 87.60 87.54 87.51 87.53 87.49 87.46 87.46 87.48 87.47 87.49 87.49 87.46 87.42 87.43 87.46 87.46 87.41 87.40 87.39 87.37 87.37 87.36 87.38 87.36 87.37 87.37 87.39 87.40 87.41 87.40 87.47 87.38 87.39 87.40 87.43 87.48 87.51 87.44 87.44 87.47 87.47 87.50 87.46 87.39 87.39 87.39 87.38 87.39 87.41 87.44 87.45 87.46 87.46 87.47 87.46 87.49 87.49 87.50 87.48 87.45 87.42 87.45 87.42 87.47 87.45 87.40 87.40 87.42 87.54 87.49 87.53 87.48 87.57 87.57 87.61 87.61 87.62 87.59 87.56 87.57 87.58 87.57 87.60 87.62 87.62 87.63 87.64 87.60 87.61 87.64 87.60
87.21 87.19 87.20 87.22 87.22 87.16 87.15 87.12 87.12 87.12 87.12 87.11 87.11 87.10 87.10 87.10 87.09 87.09 87.09 87.09 87.08 87.08 87.10 87.09 87.08 87.09 87.08 87.06 87.05 87.03 87.02 87.01 87.01 87.00 86.99 86.98 86.98 86.97 86.97 86.96 86.96 86.96 86.96 86.96 86.95 86.95 86.95 86.95 86.95 86.96 86.97 86.97 86.99 87.00 87.01 87.03 87.04 87.05 87.06 87.06 87.06 87.07 87.08 87.08 87.09 87.10 87.11 87.11 87.11 87.11 87.12 87.12 87.13 87.14 87.15 87.16 87.16 87.17 87.18 87.19 87.19 87.18 87.18 87.19 87.18 87.20 87.20 87.19 87.19 87.19 87.19 87.21 87.22 87.22 87.20 87.18 87.17 87.19 87.23 87.24 87.22 87.18 87.18 87.17 87.16 87.16 87.15 87.14 87.13 87.12 87.13 87.12 87.12 87.11 87.11 87.10 87.10 87.10 87.09 87.09 87.09 87.09 87.09 87.10 87.10 87.10 87.10 87.09 87.08 87.08 87.07 87.07 87.07 87.06 87.05 87.04 87.03 87.02 87.01 87.01 87.00 87.00 87.00 87.00 87.00 87.00 87.00 87.01 87.01 87.01 87.02 87.03 87.04 87.05 87.07 87.08 87.09 87.10 87.09 87.08 87.08 87.08 87.09 87.09 87.08 87.09 87.09 87.10 87.11 87.11 87.12 87.13 87.14 87.15 87.15 87.16 87.17 87.18 87.18 87.19
