Mars Surface Radiation Result (absorbed dose in thin silicon slab) (1E-6 Gy/day).
Column 1 is East longitude (°)
Line 1 is North latitude (°)

-179  -177  -175  -173  -171  -169  -167  -165  -163  -161  -159  -157  -155  -153  -151  -149  -147  -145  -143  -141  -139  -137  -135  -133  -131  -129  -127  -125  -123  -121  -119  -117  -115  -113  -111  -109  -107  -105  -103  -101  -99  -97  -95  -93  -91  -89  -87  -85  -83  -81  -79  -77  -75  -73  -71  -69  -67  -65  -63  -61  -59  -57  -55  -53  -51  -49  -47  -45  -43  -41  -39  -37  -35  -33  -31  -29  -27  -25  -23  -21  -19  -17  -15  -13  -11  -9  -7  -5  -3  -1  1  3  5  7  9  11  13  15  17  19  21  23  25  27  29  31  33  35  37  39  41  43  45  47  49  51  53  55  57  59  61  63  65  67  69  71  73  75  77  79  81  83  85  87  89  91  93  95  97  99  101  103  105  107  109  111  113  115  117  119  121  123  125  127  129  131  133  135  137  139  141  143  145  147  149  151  153  155  157  159  161  163  165  167  169  171  173  175  177  179  
--------------------------------------------------------------------------------------------------
-89°N ||     79.49 79.55 79.61 79.63 79.63 79.62 79.61 79.63 79.66 79.70 79.85 79.91 79.88 79.94 80.15 80.25 80.30 80.38 80.40 80.28 80.21 80.36 80.37 80.32 80.26 80.23 80.17 80.19 80.27 80.23 80.32 80.43 80.37 80.31 80.41 80.35 80.27 80.21 80.12 80.05 80.00 79.92 79.86 79.84 79.83 79.83 79.83 79.84 79.83 79.82 79.80 79.80 79.77 79.76 79.77 79.77 79.69 79.67 79.65 79.66 79.65 79.64 79.64 79.61 79.63 79.66 79.67 79.55 79.50 79.51 79.46 79.46 79.46 79.46 79.42 79.40 79.39 79.38 79.36 79.37 79.35 79.38 79.38 79.37 79.38 79.39 79.38 79.38 79.38 79.38 79.39 79.42 79.42 79.42 79.42 79.43 79.42 79.43 79.43 79.42 79.39 79.39 79.38 79.38 79.39 79.40 79.40 79.41 79.42 79.42 79.43 79.41 79.38 79.40 79.45 79.48 79.47 79.47 79.48 79.50 79.52 79.53 79.54 79.56 79.59 79.62 79.62 79.64 79.67 79.68 79.70 79.70 79.72 79.73 79.73 79.75 79.75 79.75 79.75 79.76 79.71 79.72 79.70 79.67 79.69 79.69 79.68 79.65 79.61 79.58 79.58 79.56 79.56 79.52 79.49 79.47 79.46 79.44 79.43 79.43 79.42 79.41 79.39 79.37 79.36 79.34 79.36 79.38 79.39 79.41 79.44 79.46 79.47 79.48 79.48 79.48 79.48 79.47 79.48 79.49
-87°N ||     81.27 81.39 81.44 81.58 81.54 81.61 81.51 81.49 81.45 81.36 81.35 81.34 81.25 81.14 81.10 81.09 81.11 81.12 81.11 81.06 81.05 81.09 81.21 81.24 81.21 81.15 81.14 81.03 81.10 80.94 81.18 81.20 81.04 81.03 81.02 81.05 81.04 81.02 81.02 80.98 80.92 80.97 80.94 80.92 80.90 80.89 80.89 80.84 80.80 80.75 80.62 80.77 80.59 80.34 80.37 80.32 80.21 80.10 80.04 80.02 80.20 79.73 79.83 79.59 79.53 79.52 79.46 79.42 79.39 79.38 79.35 79.34 79.40 79.38 79.12 79.07 78.99 78.91 78.88 79.06 78.76 78.59 78.58 78.49 78.47 78.48 78.50 78.53 78.56 78.59 78.62 78.61 78.60 78.57 78.56 78.99 78.90 79.07 78.89 79.08 79.06 79.07 79.17 79.19 79.23 79.31 79.37 79.53 79.62 79.66 79.51 79.49 79.53 79.56 79.58 79.57 79.62 79.66 79.73 79.74 79.81 79.87 79.88 79.92 79.99 79.97 79.98 80.05 80.12 80.10 80.16 80.17 80.19 80.25 80.38 80.50 80.57 80.72 80.65 80.47 80.33 80.29 80.27 80.26 80.23 80.25 80.18 79.91 79.87 79.85 79.86 79.88 79.92 79.91 79.90 79.89 79.94 80.05 80.13 80.11 80.18 80.24 80.31 80.33 80.44 80.52 80.64 80.71 80.88 80.95 81.15 81.16 81.18 81.17 81.22 81.05 80.75 80.86 81.24 81.46
-85°N ||     80.65 80.69 80.74 80.76 80.77 80.75 80.76 80.80 80.79 80.78 80.77 80.77 80.80 80.88 80.82 80.76 80.77 80.88 80.87 80.86 80.86 80.87 80.89 80.89 80.86 80.86 80.89 80.99 81.05 81.19 81.51 81.54 81.52 81.51 81.55 81.42 81.64 81.56 81.48 81.39 81.60 81.88 81.84 81.87 81.67 81.64 81.54 81.44 81.36 81.27 81.30 81.18 81.17 81.15 81.41 81.49 81.22 81.06 81.10 81.43 81.28 80.41 80.31 80.35 80.47 80.54 80.38 80.47 80.45 80.08 80.25 80.17 79.89 79.82 79.88 79.62 79.94 80.20 80.50 80.17 80.01 79.95 80.02 80.03 80.13 79.99 79.93 79.80 79.80 79.92 79.79 79.81 79.90 79.86 79.85 79.87 79.90 79.94 79.95 80.02 79.97 80.10 80.41 80.71 80.62 80.57 80.54 80.55 80.50 80.56 80.66 80.71 80.75 80.82 80.58 80.64 80.75 80.78 80.71 80.64 80.63 80.67 80.70 80.80 80.90 80.99 80.98 80.92 80.92 80.85 80.80 80.76 80.71 80.72 80.74 80.82 81.36 82.42 82.76 82.54 81.98 81.72 81.62 81.69 81.25 81.03 80.92 80.80 80.85 80.92 80.81 80.84 80.90 81.05 81.20 81.25 81.26 81.26 81.21 81.19 81.18 81.02 80.88 80.79 80.75 80.84 80.92 81.02 81.17 81.34 81.08 81.14 81.12 81.09 81.01 80.92 80.84 80.80 80.69 80.64
-83°N ||     80.80 80.83 80.85 80.86 80.86 80.87 80.87 80.89 80.90 80.91 80.93 80.95 80.98 81.00 80.98 80.99 81.01 81.05 81.08 81.10 81.12 81.15 81.18 81.21 81.26 81.31 81.35 81.41 81.52 81.64 81.55 81.38 81.34 81.27 81.37 81.50 81.50 81.47 81.52 81.56 81.32 81.34 81.37 81.39 81.42 81.46 81.43 81.91 82.01 82.09 81.99 82.00 81.94 81.95 81.98 81.94 81.89 82.17 82.22 82.18 81.73 82.07 81.98 81.86 82.16 81.86 81.87 81.86 82.24 81.94 82.23 82.49 82.67 82.70 82.56 82.41 82.43 82.41 82.42 82.53 82.52 82.49 82.34 82.38 82.40 82.32 82.26 82.25 82.31 82.30 82.05 82.05 82.14 82.46 82.08 82.01 81.92 81.87 81.88 81.74 81.93 81.42 81.57 81.30 81.70 81.93 81.98 81.74 81.62 81.66 81.72 81.85 82.07 82.13 82.20 82.16 81.77 81.80 81.75 81.75 81.69 81.67 81.35 81.28 81.35 81.41 81.41 81.27 81.26 81.40 81.33 81.34 81.50 81.49 81.68 82.21 82.91 82.83 82.85 82.82 82.85 81.80 81.73 81.80 81.77 81.92 81.88 81.81 81.78 81.78 81.73 81.62 81.52 81.47 81.41 81.24 81.16 81.18 81.46 81.79 82.28 82.59 82.18 81.68 80.96 80.96 80.65 80.57 80.55 80.45 80.48 80.69 81.28 81.34 81.09 80.86 80.76 80.73 80.74 80.77
-81°N ||     81.10 81.17 81.16 81.30 81.04 81.11 81.15 81.20 81.25 81.30 81.36 81.42 81.58 81.62 81.39 81.36 81.37 81.39 81.47 81.55 81.61 81.65 81.66 81.69 81.73 81.78 81.84 81.86 81.88 81.90 81.94 82.08 82.04 82.06 82.16 82.11 81.91 81.96 81.92 81.94 82.13 81.99 81.69 81.76 81.59 81.47 81.54 81.71 81.75 81.64 81.79 81.69 81.91 82.70 82.36 82.57 82.86 82.45 82.83 82.71 82.40 82.53 82.61 82.57 82.56 82.49 82.53 82.55 82.49 82.41 82.52 82.38 82.22 82.25 82.28 82.30 82.23 82.23 82.23 82.28 82.67 82.20 82.04 82.00 81.98 82.01 82.00 82.02 82.00 82.00 81.99 82.02 81.93 81.77 81.58 81.29 80.64 79.92 80.77 80.88 81.36 81.70 81.64 81.74 82.03 82.22 82.35 82.57 82.54 82.43 82.23 82.51 82.61 82.71 82.69 82.76 82.78 82.86 82.84 82.84 82.82 82.85 82.79 82.73 82.72 82.74 82.39 82.43 82.50 82.57 82.62 82.82 82.87 82.94 82.97 82.94 82.90 82.29 81.45 81.24 81.20 81.19 81.20 81.41 81.52 81.56 81.51 81.68 81.79 81.88 82.00 82.09 82.20 81.99 82.10 82.30 82.43 82.09 81.96 81.98 82.44 82.26 82.05 82.06 82.19 82.11 82.55 81.94 81.18 80.78 80.71 80.87 81.09 81.40 81.73 81.06 81.18 81.17 80.96 81.01
-79°N ||     81.39 81.43 81.43 81.54 81.51 81.46 81.47 81.51 81.52 81.72 81.57 81.66 81.71 81.74 81.81 81.88 81.70 81.84 81.63 81.94 81.87 81.90 81.87 82.31 82.70 81.73 82.15 82.58 82.39 82.48 82.42 82.42 82.39 82.40 82.45 82.47 82.47 82.45 82.35 82.32 82.33 82.10 82.68 82.79 81.91 82.11 82.11 81.97 81.93 82.16 82.36 82.13 82.75 82.57 82.60 82.82 83.07 81.95 82.54 82.02 82.74 82.54 81.96 82.39 82.38 82.65 82.67 82.61 82.59 82.57 82.53 82.56 82.55 82.56 82.54 82.50 82.53 82.57 82.55 82.37 82.47 82.62 82.36 82.33 82.36 82.57 82.25 82.43 82.28 82.32 82.38 82.29 82.26 82.01 81.23 81.24 80.83 81.31 81.83 82.10 82.01 82.26 82.30 82.36 82.42 82.61 82.45 82.57 82.34 82.59 82.17 82.46 82.30 82.30 81.95 81.84 82.54 82.68 82.91 82.95 82.98 82.97 82.98 82.97 83.00 82.97 82.94 82.98 82.97 83.00 82.94 82.92 82.99 82.97 82.97 82.97 83.02 83.03 82.97 82.97 82.97 83.01 82.72 82.38 82.60 82.09 81.64 81.67 81.69 81.58 81.64 81.74 82.13 83.13 83.01 82.20 81.98 82.53 81.41 81.47 82.11 81.54 81.22 81.07 80.98 81.09 80.98 81.45 81.23 81.18 81.18 81.24 81.39 81.09 81.00 81.13 81.23 81.33 81.32 81.33
-77°N ||     82.12 81.83 81.75 81.72 81.63 81.90 81.86 82.20 82.14 82.17 82.11 82.10 82.43 82.26 82.22 82.24 82.29 82.25 82.41 82.31 82.28 82.31 82.26 82.35 82.29 82.41 82.58 82.64 82.48 82.58 82.55 82.58 82.59 82.59 82.59 82.60 82.55 82.57 82.55 82.55 82.54 82.56 82.50 82.37 82.32 82.11 81.61 82.27 81.53 81.80 82.54 82.39 82.19 81.63 81.75 81.99 82.19 82.16 82.27 82.22 82.49 82.68 82.52 82.59 82.75 82.76 82.72 82.76 82.75 82.73 82.72 82.72 82.68 82.71 82.68 82.67 82.64 82.54 82.36 82.41 82.36 82.22 82.17 82.03 82.27 82.46 82.34 82.37 82.18 82.31 82.35 82.31 82.00 81.87 81.75 81.58 81.08 80.68 81.82 82.83 83.13 83.26 83.25 82.26 82.49 82.34 82.38 82.56 82.32 82.62 82.37 82.33 82.31 82.70 83.02 82.86 82.35 82.20 81.77 81.52 81.39 80.97 80.81 81.41 82.02 82.53 82.80 82.77 82.66 82.46 81.91 82.46 82.59 81.99 82.55 82.74 83.01 82.94 82.73 82.63 82.34 82.31 82.02 82.48 83.08 83.07 82.95 82.87 82.23 82.26 82.32 81.55 82.22 82.52 82.53 81.76 81.44 81.56 81.35 81.42 81.52 81.34 81.31 81.56 81.43 81.36 81.52 81.65 81.72 81.68 81.56 81.65 81.85 81.51 81.53 81.59 81.80 81.96 82.04 81.85
-75°N ||     82.27 82.35 82.11 82.25 82.07 82.08 82.19 82.77 82.38 82.26 83.04 83.23 82.34 82.53 82.57 82.68 82.48 82.58 82.58 82.42 82.42 82.62 82.61 82.74 82.61 82.68 82.72 82.73 82.71 82.68 82.68 82.66 82.71 82.69 82.30 82.63 82.62 82.59 82.57 82.56 82.51 82.47 82.48 82.49 82.52 82.56 82.49 82.42 82.26 82.17 82.29 81.83 81.65 81.96 82.42 82.50 82.43 82.72 82.84 82.85 82.87 82.86 82.82 82.78 82.75 82.74 82.71 82.51 82.66 82.58 82.50 82.40 82.39 82.27 82.24 82.29 82.18 82.33 82.19 82.24 82.32 82.36 82.45 82.30 82.62 82.41 82.42 82.56 82.40 82.42 82.37 82.12 82.00 82.29 82.42 82.42 82.41 82.41 82.47 82.35 82.21 82.32 82.34 82.26 82.51 82.54 82.55 82.40 82.39 82.30 82.24 82.11 81.71 81.92 82.10 81.55 81.91 81.75 81.51 81.65 81.38 81.28 81.97 82.35 82.26 82.15 83.13 81.82 81.95 81.94 82.05 82.48 82.37 82.24 82.18 82.02 82.36 81.45 81.14 80.77 80.65 81.16 83.13 83.02 83.15 82.11 82.73 82.16 82.88 83.13 83.00 82.93 82.86 82.87 82.99 82.09 81.14 81.15 81.13 81.14 81.11 81.28 81.93 81.81 81.98 81.38 81.44 81.61 81.67 81.63 81.68 81.65 81.66 81.87 81.87 81.96 82.11 82.06 82.11 82.16
-73°N ||     83.17 82.19 82.75 82.73 82.64 82.36 82.98 82.72 82.74 82.70 82.27 81.92 82.78 82.31 82.63 82.78 82.73 82.71 82.64 82.51 82.35 82.02 82.94 81.82 82.06 82.82 82.61 82.58 82.60 82.65 82.68 82.68 82.75 82.45 82.38 82.07 82.27 82.60 82.50 82.56 82.56 82.58 82.49 82.54 82.57 82.57 82.58 82.37 82.86 83.56 83.55 83.65 83.61 82.33 82.79 82.80 82.93 82.96 82.96 82.97 82.98 82.97 82.92 82.84 82.86 82.50 82.63 82.80 82.81 82.82 82.81 82.60 82.41 82.55 82.45 82.35 82.28 82.40 82.63 82.32 82.34 82.33 82.36 82.65 82.50 82.73 82.84 82.79 82.70 82.75 82.47 82.45 82.12 82.48 82.47 82.56 82.72 82.73 82.72 82.69 82.72 82.74 82.82 82.76 82.67 82.59 82.74 82.34 82.30 82.15 81.69 81.34 81.62 82.09 82.50 82.20 82.38 82.24 82.33 81.95 82.08 81.67 81.43 81.40 81.79 81.79 82.07 82.03 82.25 82.23 82.21 82.34 82.40 82.53 82.64 82.67 82.68 82.80 82.54 82.23 82.56 81.14 81.22 81.87 81.99 82.06 82.16 82.38 82.92 82.73 82.54 81.68 82.42 82.85 83.11 83.25 82.79 81.89 81.02 81.46 81.21 81.54 82.04 82.08 81.41 81.70 82.13 82.27 82.11 82.44 83.10 82.89 82.53 82.39 82.40 82.36 82.53 82.36 82.41 83.08
-71°N ||     83.00 83.02 83.08 83.11 83.16 83.28 83.37 83.31 83.32 83.34 83.34 82.80 82.26 82.03 81.46 81.45 82.10 82.23 83.10 82.37 82.41 82.28 82.11 82.19 83.64 82.68 82.70 82.71 82.59 82.39 82.49 82.40 82.38 82.55 82.46 82.42 82.34 82.63 82.49 82.52 82.64 82.47 82.59 82.51 82.56 82.60 82.35 82.19 82.26 83.00 83.52 83.39 83.64 82.08 82.87 82.98 83.01 83.04 82.97 82.99 83.05 82.79 82.69 82.79 82.88 82.92 82.95 82.79 82.80 81.97 82.28 82.50 82.37 82.55 82.28 82.49 82.40 82.00 81.84 81.75 81.64 82.52 82.47 82.44 82.60 82.62 82.74 82.56 82.79 82.65 83.08 83.00 82.66 82.75 82.76 82.63 82.58 81.98 82.53 82.77 82.88 82.66 82.71 82.71 82.67 82.70 82.43 81.63 81.98 82.26 82.24 82.32 82.33 82.49 82.50 82.40 82.63 82.44 82.55 82.61 82.52 82.70 82.71 82.53 82.64 82.36 81.69 81.86 82.97 83.01 82.14 82.40 82.28 81.21 82.10 82.30 82.40 81.95 81.67 81.99 82.25 81.73 82.48 82.64 82.87 82.88 82.86 82.61 82.63 82.77 83.02 82.93 83.11 82.92 83.52 83.65 83.59 83.34 83.04 82.85 83.07 82.94 82.76 83.05 83.19 83.14 83.14 83.01 82.89 83.25 82.91 83.15 83.07 83.11 82.66 82.66 82.71 82.80 82.49 82.93
-69°N ||     82.43 82.50 82.80 82.99 82.61 83.69 83.56 83.31 83.42 83.39 83.35 83.19 82.71 82.82 82.47 82.61 81.60 81.79 82.13 82.57 82.88 82.68 82.41 82.27 82.20 82.75 82.56 82.70 82.37 82.85 82.07 82.17 82.06 82.30 82.31 82.38 82.60 82.60 82.70 82.72 82.78 82.71 82.68 82.73 82.74 83.19 82.57 82.84 82.86 82.83 82.84 82.94 82.94 83.02 83.03 82.96 82.98 82.99 82.81 82.81 82.63 82.97 82.94 83.07 82.96 82.76 82.18 82.15 82.15 82.15 82.17 82.34 82.33 82.52 82.62 82.86 82.74 82.28 81.79 82.06 82.21 82.62 82.60 82.24 82.22 81.99 82.06 82.01 82.26 82.52 82.54 82.67 81.80 82.72 82.80 82.74 82.88 82.88 82.86 82.90 82.86 82.85 82.92 82.85 82.63 82.34 81.65 82.70 82.87 82.76 82.60 82.43 82.53 82.42 82.54 82.07 81.99 82.49 82.83 82.99 83.13 83.00 83.02 83.08 83.06 82.97 82.60 82.17 81.87 81.99 82.51 82.48 82.49 82.49 83.25 82.29 81.20 81.57 81.67 81.83 82.00 81.96 81.58 81.69 82.16 82.57 82.68 82.46 82.87 82.95 82.95 83.01 82.60 80.96 82.91 83.49 83.37 81.51 83.49 83.42 83.37 83.21 83.16 83.09 82.88 82.63 82.41 82.47 81.80 81.55 82.46 82.98 82.95 82.80 82.66 82.48 82.35 82.26 82.52 82.55
-67°N ||     83.52 82.36 82.17 82.80 82.80 82.86 82.86 83.31 83.31 83.39 83.41 83.40 83.28 83.18 82.89 82.66 82.42 82.03 81.97 81.73 81.73 81.44 81.75 81.76 82.08 82.02 81.91 81.87 82.32 81.70 81.73 81.76 82.21 83.42 82.12 82.29 82.27 82.85 82.59 82.64 82.74 82.73 82.69 82.71 82.72 82.76 82.72 82.81 82.81 82.76 82.79 82.86 82.89 82.89 82.82 82.94 83.05 82.94 83.00 82.93 82.44 82.76 82.95 82.96 82.77 82.59 83.96 83.91 83.52 82.05 82.31 82.45 82.48 82.64 82.77 82.47 82.20 81.73 81.78 81.45 81.79 81.87 82.27 82.24 82.51 82.40 82.49 82.51 82.50 82.50 82.54 82.69 82.62 82.75 82.71 82.83 82.74 82.71 82.73 82.59 82.62 82.02 81.85 81.88 81.54 82.05 83.11 83.45 83.36 83.03 82.98 82.64 82.69 82.39 82.53 82.41 82.72 82.82 83.04 83.05 83.01 82.98 83.02 83.00 82.91 83.09 83.06 83.16 83.16 82.84 82.30 81.79 82.33 82.51 81.85 81.70 81.59 81.25 81.77 81.11 81.35 81.68 81.67 82.46 82.24 82.19 81.77 82.07 82.47 82.74 82.98 83.07 82.86 83.00 83.10 83.14 83.17 83.12 82.88 83.00 82.96 83.04 82.90 82.71 82.91 82.85 82.85 82.84 82.77 82.42 82.97 82.78 82.74 82.58 82.13 82.56 81.88 81.86 82.01 82.52
-65°N ||     82.42 82.10 81.84 82.22 82.24 82.95 83.00 83.32 83.25 83.30 83.28 83.36 83.36 83.36 83.28 83.15 83.05 83.01 82.93 82.68 82.25 82.12 82.17 81.97 82.27 82.19 81.90 82.54 82.45 81.99 81.81 82.09 81.88 82.08 82.24 82.33 82.34 82.39 82.42 82.61 82.64 82.72 82.75 82.76 82.83 82.85 82.82 82.81 82.82 82.81 82.72 82.64 82.55 82.62 82.72 82.84 82.84 82.85 82.75 81.97 82.86 82.99 83.11 83.26 82.71 82.98 82.95 82.91 82.40 82.33 82.57 82.51 82.57 82.69 82.87 82.77 82.34 82.18 81.83 81.53 81.58 81.91 82.70 82.26 82.41 82.44 82.44 82.37 82.15 82.49 82.49 82.53 82.49 82.65 82.48 82.68 82.89 82.76 82.54 82.62 82.42 82.47 82.37 82.29 81.95 82.25 82.08 82.26 82.32 82.24 82.23 82.12 82.21 82.67 82.92 83.30 83.25 83.10 82.96 82.86 82.86 83.00 83.12 83.08 83.17 83.10 83.05 83.09 83.07 83.21 82.45 82.43 82.39 82.29 83.45 81.89 81.86 81.96 82.35 81.39 81.37 81.39 81.82 81.86 81.91 81.55 81.44 82.48 82.25 81.98 82.67 82.57 82.49 82.93 82.91 81.65 82.19 82.35 82.83 82.56 82.04 82.19 82.83 82.54 82.74 82.97 82.84 82.90 82.85 82.81 82.51 82.44 82.29 81.75 82.58 82.75 82.35 82.21 81.93 81.88
-63°N ||     82.36 82.34 82.64 82.11 81.87 82.25 82.71 82.79 83.01 82.95 83.17 83.04 83.30 83.19 83.20 83.08 83.13 83.14 83.08 82.69 82.23 82.20 81.96 82.05 81.96 82.09 82.10 81.95 81.91 81.99 81.93 82.06 82.27 82.28 82.24 82.05 81.89 82.20 82.54 82.31 82.68 82.41 82.24 82.58 82.63 82.60 82.43 82.69 82.62 82.60 82.42 82.48 82.65 82.96 82.66 82.07 82.48 83.01 82.89 82.92 82.86 82.84 82.94 83.11 83.40 83.18 82.56 83.23 82.45 82.92 82.69 82.50 82.55 82.45 82.55 82.97 83.07 82.95 82.90 82.59 82.43 82.10 82.20 82.20 82.23 82.29 82.41 82.41 82.43 82.39 82.37 82.39 82.50 82.45 82.50 82.32 82.44 82.50 82.36 82.60 82.63 82.39 82.46 82.65 82.55 82.35 82.20 82.00 82.03 81.83 82.26 82.35 82.62 83.07 83.39 83.43 83.44 83.26 83.10 83.04 83.00 82.96 83.00 83.02 83.19 83.23 83.13 83.09 83.10 83.15 83.00 82.51 82.41 82.64 82.30 81.93 81.73 81.88 81.73 81.02 82.55 81.57 82.12 82.03 82.01 81.75 81.65 81.53 81.33 81.63 81.93 82.28 82.15 82.25 82.55 82.83 83.02 83.03 82.80 82.70 82.27 82.34 82.50 82.51 82.43 81.71 81.65 81.94 82.35 82.58 82.68 82.73 82.57 82.80 82.78 82.01 82.42 82.53 82.49 82.68
-61°N ||     82.90 82.11 81.78 82.28 82.54 82.71 82.69 82.14 82.23 82.41 82.03 82.24 82.70 82.22 83.58 82.28 82.61 82.55 83.00 82.74 82.66 82.61 82.62 82.08 81.92 81.75 82.64 82.37 81.92 82.01 82.41 82.68 82.70 82.60 82.58 82.32 82.00 82.18 82.12 82.10 82.48 81.87 82.25 82.53 82.29 81.44 82.73 82.87 82.91 82.86 82.83 82.96 82.92 82.60 82.22 83.07 83.07 82.89 83.08 83.06 82.99 82.82 82.92 82.97 83.18 83.44 83.20 82.67 83.29 83.32 83.15 82.90 82.12 82.82 83.00 82.56 82.48 82.56 82.46 82.24 81.50 81.53 82.14 82.38 82.19 82.13 82.03 82.28 82.40 82.37 82.44 82.37 82.40 82.56 82.47 82.52 82.48 82.33 82.45 82.56 82.63 82.51 82.45 82.46 82.00 82.50 82.43 82.46 82.49 82.59 82.69 82.74 82.82 82.97 83.17 83.21 82.82 82.77 82.82 82.63 83.62 83.20 82.68 82.87 83.02 83.07 83.22 83.28 83.02 83.23 83.49 83.29 81.47 83.12 83.00 82.83 81.91 82.07 82.05 82.38 81.72 81.67 81.61 81.70 81.75 81.67 81.69 81.52 81.73 81.63 81.83 81.81 81.89 82.01 82.05 82.88 83.33 83.26 83.25 83.13 82.97 82.76 82.57 82.39 82.35 82.07 81.73 81.92 82.00 81.18 81.82 82.43 82.55 82.33 81.50 81.82 82.01 82.74 82.79 82.76
-59°N ||     82.92 82.51 82.35 82.59 82.61 82.47 81.47 82.03 82.19 82.01 82.42 82.02 82.21 81.55 82.37 82.71 82.47 82.58 82.32 82.56 82.68 82.68 82.43 82.30 81.62 81.97 82.13 82.19 82.53 81.98 82.17 82.72 82.79 82.52 82.75 82.54 82.10 81.68 81.57 81.71 81.96 82.45 82.72 82.70 82.64 82.37 82.80 82.93 83.08 83.07 83.08 83.08 83.12 83.14 82.90 82.74 82.84 82.69 82.95 83.05 82.78 82.51 83.16 83.03 82.43 83.37 82.40 82.95 83.21 81.94 82.27 82.96 83.51 82.71 83.17 82.59 82.63 82.36 82.18 82.21 81.74 81.84 82.10 81.91 81.97 82.33 82.19 82.16 82.48 81.49 82.24 82.45 82.51 82.43 82.81 82.29 82.22 82.25 83.06 82.21 82.14 82.49 82.38 82.40 82.47 82.52 82.51 82.47 82.46 82.73 82.81 82.98 83.03 83.04 82.91 82.61 82.64 82.73 82.45 82.11 82.14 82.16 82.71 83.02 83.32 83.40 83.46 83.39 83.46 83.59 83.39 83.36 83.14 83.00 83.07 82.85 82.47 81.61 81.19 81.43 82.98 82.84 81.21 81.23 82.31 81.48 81.58 81.08 81.58 81.88 81.50 81.57 81.99 82.52 82.75 82.91 83.06 83.00 83.08 83.06 83.03 82.96 82.85 82.71 82.37 82.11 81.85 81.79 81.96 81.80 82.59 81.32 81.93 82.11 81.88 82.41 82.60 82.46 82.68 82.80
-57°N ||     82.75 82.77 82.90 83.10 82.76 81.80 82.11 81.98 81.66 81.70 81.78 83.05 81.75 81.87 81.57 81.63 82.15 82.52 82.15 82.02 82.96 82.04 82.07 82.05 81.47 81.98 82.19 82.18 82.15 81.53 81.12 82.68 82.49 82.56 82.53 82.32 82.43 81.95 81.80 81.85 81.70 82.17 82.37 82.49 82.57 82.36 82.00 81.96 82.65 83.04 83.07 83.12 82.99 82.96 82.76 82.25 82.09 82.11 81.91 81.80 82.34 83.47 82.67 82.17 83.30 83.60 83.45 82.67 84.15 81.02 83.74 82.69 82.23 82.77 82.43 83.16 83.37 83.12 82.85 83.44 83.46 82.73 82.16 82.22 82.41 82.20 82.25 82.04 82.00 82.27 82.34 82.41 82.18 81.94 81.95 81.91 81.93 82.00 82.34 82.01 81.80 81.92 81.92 81.98 81.98 82.47 82.52 82.67 82.81 82.93 83.04 83.14 83.25 83.32 83.23 83.02 83.12 83.12 83.23 83.03 82.96 83.11 83.42 83.64 83.80 83.78 83.80 83.79 83.79 83.93 83.59 83.50 83.33 83.47 83.39 83.32 83.26 82.89 81.50 82.31 83.01 83.25 81.64 81.78 82.19 82.04 81.76 81.59 81.56 81.86 82.22 82.36 82.46 82.26 82.62 82.44 82.83 82.41 81.77 81.96 82.87 82.94 82.87 82.63 82.28 82.04 81.85 81.85 81.93 81.86 81.61 81.51 81.89 81.96 82.70 81.95 81.97 82.07 82.30 82.70
-55°N ||     82.78 82.80 82.89 82.94 82.47 82.42 82.35 82.03 81.89 82.28 82.24 82.15 82.03 82.13 81.87 82.04 82.45 82.37 82.35 82.28 81.85 81.31 81.30 82.86 81.28 81.97 82.24 82.25 82.24 82.02 81.85 82.53 82.51 82.40 82.54 82.24 82.03 81.81 81.50 81.41 81.50 81.42 81.39 81.57 82.18 81.94 81.82 82.13 82.58 82.80 83.00 83.02 83.03 82.63 82.33 81.56 81.85 81.49 81.76 83.16 82.23 83.58 83.73 83.31 82.38 84.31 84.27 84.35 84.25 84.25 84.25 83.83 82.10 82.49 83.36 82.80 82.60 83.19 83.05 82.97 82.56 82.32 82.43 82.40 82.33 82.21 82.22 82.01 82.10 81.87 82.09 82.25 82.44 82.18 82.26 82.61 83.17 82.27 82.24 82.32 82.30 82.24 81.79 81.93 81.81 82.03 82.62 82.71 82.90 83.07 83.20 83.30 83.45 83.58 83.57 83.68 83.76 83.84 83.87 84.03 84.19 84.28 84.31 84.37 84.48 84.30 84.19 84.18 84.43 84.01 83.82 83.74 83.63 83.44 83.57 83.50 82.42 83.00 82.87 82.60 82.45 82.29 82.36 82.38 81.51 81.83 81.94 81.94 82.22 82.47 82.74 82.74 83.27 82.97 82.39 82.54 82.71 81.70 81.86 82.93 82.70 82.52 82.36 82.38 82.06 81.94 82.08 82.24 82.44 82.26 82.23 81.75 82.34 82.05 81.88 81.97 82.18 82.50 82.53 82.72
-53°N ||     82.81 82.49 82.55 83.03 83.18 81.93 82.54 82.64 82.63 82.46 82.57 82.15 81.99 82.30 82.29 82.28 82.05 82.35 82.25 82.32 82.21 81.65 81.36 82.28 81.92 82.15 83.02 82.13 82.29 82.14 82.41 82.31 82.31 82.53 82.36 82.34 82.31 81.63 81.37 81.34 81.24 81.37 81.78 81.97 82.16 82.29 82.43 82.40 83.08 83.56 82.13 82.19 82.43 82.23 82.33 82.76 82.61 82.00 81.92 82.68 82.26 83.65 83.73 83.83 84.58 84.42 84.29 84.29 84.31 84.31 84.30 84.21 83.96 83.70 83.03 82.88 83.09 83.33 82.73 82.91 83.05 82.91 82.80 82.64 82.45 83.15 82.59 82.25 82.36 82.40 82.16 82.11 82.01 82.39 81.94 81.82 82.09 82.17 82.25 82.15 82.28 82.37 82.01 81.42 82.45 82.27 82.44 82.72 82.83 82.92 83.28 83.42 83.63 83.78 83.85 83.99 84.23 84.33 84.70 85.27 85.76 86.17 86.36 86.43 86.47 86.02 85.87 85.94 85.95 85.83 85.01 84.04 84.04 84.17 83.55 83.68 83.70 83.48 82.65 82.64 82.76 82.36 82.42 82.12 82.25 82.80 82.15 82.14 82.21 82.03 82.26 82.57 82.85 83.00 83.43 82.75 82.64 81.49 82.95 82.65 82.77 82.79 82.78 82.50 82.28 82.23 81.97 82.25 81.77 82.24 82.41 81.88 81.43 81.44 81.92 82.42 82.49 82.58 82.76 82.81
-51°N ||     82.72 82.58 82.30 82.36 82.84 82.70 82.62 81.97 82.78 82.37 82.08 82.31 82.18 82.39 82.26 82.17 82.25 81.68 82.12 82.18 82.00 81.68 81.29 81.14 80.87 81.92 81.64 81.97 82.24 82.24 82.15 82.31 82.06 81.98 82.14 81.91 81.93 81.81 81.57 80.92 80.90 80.77 81.09 81.98 82.15 82.32 82.41 82.11 83.13 83.44 82.03 82.01 81.61 81.38 82.25 83.07 83.22 83.20 82.42 81.91 81.90 82.09 83.76 84.22 84.41 84.26 84.38 84.31 84.31 84.30 84.30 84.35 83.97 84.00 84.11 84.31 83.11 83.15 82.85 82.87 83.00 82.91 82.58 82.41 82.23 82.69 82.07 82.17 82.37 82.34 82.31 82.36 82.46 82.53 82.29 81.97 82.07 82.15 82.21 81.89 82.38 82.14 81.90 82.27 82.17 82.32 82.60 82.85 83.04 83.08 83.50 83.63 83.68 83.92 84.09 84.35 84.73 85.34 85.98 86.76 87.03 87.44 87.59 87.81 87.79 87.81 87.62 87.63 87.50 87.29 87.62 87.03 84.77 84.67 84.16 83.82 83.32 82.32 81.66 83.01 82.73 82.20 82.98 82.13 81.67 81.88 82.18 82.65 82.43 82.50 82.81 82.82 82.72 82.62 82.11 82.62 82.66 82.78 82.71 82.73 82.68 82.28 82.39 82.70 82.66 82.48 82.04 82.64 82.31 82.59 82.28 81.95 82.32 81.82 81.92 82.18 82.31 82.51 82.58 82.70
-49°N ||     81.96 82.17 82.05 82.39 83.03 83.19 83.29 82.61 82.62 81.79 82.18 81.80 81.78 81.65 81.91 81.75 81.69 81.73 81.11 81.32 81.60 81.83 81.17 81.04 81.60 81.41 81.73 82.21 82.19 82.19 82.02 82.23 81.93 80.89 80.88 81.02 81.29 81.28 81.32 80.89 80.74 80.81 80.96 81.70 82.01 82.18 82.21 82.21 82.15 82.05 81.89 81.61 81.21 81.05 81.28 81.67 82.59 82.66 82.09 81.91 83.39 83.60 83.72 83.90 84.28 84.54 84.35 84.36 84.32 84.42 84.43 84.25 84.09 83.33 83.63 82.91 82.90 83.16 82.81 82.91 82.92 82.86 82.63 82.34 82.36 81.99 82.11 83.25 82.70 82.36 82.18 82.32 82.80 82.81 82.36 82.14 81.63 82.51 81.93 81.93 81.90 81.92 82.16 82.47 82.55 82.26 82.22 82.87 83.03 83.29 83.04 83.49 83.87 84.16 84.69 85.34 86.01 86.45 87.08 87.49 88.12 88.52 88.13 88.10 87.19 87.72 87.82 87.93 87.80 87.76 87.79 87.81 87.55 87.01 85.56 84.62 83.76 83.24 83.50 83.13 83.31 82.77 81.93 82.39 82.53 81.73 82.30 82.10 82.53 82.64 82.07 82.48 82.46 82.42 82.31 82.67 82.49 82.32 82.03 82.05 81.03 81.71 82.36 82.23 81.97 82.43 82.75 82.99 82.47 82.98 82.89 82.64 82.60 82.19 81.83 81.48 81.65 81.85 82.16 82.30
-47°N ||     81.77 82.20 81.98 81.94 82.53 83.00 82.42 81.98 82.42 82.06 81.79 81.90 81.04 82.19 81.20 81.41 80.70 80.91 81.57 81.38 81.80 81.27 81.57 81.85 81.81 82.19 81.65 81.96 82.12 82.10 82.10 82.10 82.16 81.44 81.27 81.39 81.64 81.69 81.67 81.41 81.05 80.95 81.26 81.36 81.25 81.80 81.81 81.89 81.71 81.75 81.45 81.31 81.00 81.00 80.95 81.25 81.54 81.52 82.00 82.41 81.58 83.14 82.81 83.67 83.67 84.39 84.54 84.50 84.45 84.52 84.47 84.33 84.19 83.42 83.63 83.60 82.91 82.86 82.67 82.21 82.79 82.58 82.49 82.45 82.16 82.21 81.99 82.22 82.49 82.39 82.48 82.49 82.94 82.45 82.25 81.64 81.93 81.81 82.09 82.58 81.94 81.63 81.84 82.14 82.89 82.91 82.56 82.83 83.19 83.14 83.02 83.30 83.76 83.95 85.95 87.19 87.63 88.37 88.79 88.08 87.65 87.92 88.28 88.18 87.78 87.48 87.26 87.65 87.84 87.73 87.75 87.55 87.57 87.48 86.91 85.85 84.84 84.00 83.66 83.50 83.41 83.30 82.81 82.41 82.91 82.88 82.39 82.71 82.64 82.64 82.64 82.12 81.97 82.30 81.94 82.19 82.24 81.73 81.42 82.02 82.68 82.78 81.96 81.89 82.33 82.80 82.67 82.83 82.99 82.90 82.85 82.79 82.06 82.07 81.81 82.29 82.00 81.87 82.20 82.08
-45°N ||     82.22 82.28 82.15 82.19 82.42 82.38 82.49 82.51 82.61 81.88 81.66 82.14 81.68 81.50 81.58 81.59 82.43 81.52 81.87 81.97 81.76 82.02 82.56 81.66 81.99 82.21 82.05 81.94 81.94 81.90 81.78 81.86 81.79 81.61 81.61 81.57 81.60 81.62 81.72 81.73 81.43 81.34 81.50 81.42 81.40 81.58 81.58 81.40 81.24 81.07 81.00 81.00 80.96 80.55 80.39 81.38 81.76 81.89 82.25 82.51 82.81 82.78 83.15 83.28 83.26 84.04 84.26 85.27 85.10 84.71 84.58 84.41 83.94 83.76 83.56 83.69 82.76 82.71 82.67 83.42 82.36 82.54 82.28 82.24 82.18 82.09 82.08 82.53 82.51 82.42 82.31 82.39 82.59 82.37 82.18 82.28 81.95 81.98 81.93 82.58 81.22 81.81 82.00 82.07 82.62 82.07 82.60 82.82 83.02 83.05 83.15 83.09 83.77 84.70 87.24 87.73 88.69 88.80 88.19 88.57 88.36 88.61 88.44 88.43 88.20 88.57 88.69 87.77 87.63 88.11 87.73 87.63 87.63 87.49 86.89 86.55 85.34 84.23 83.80 83.63 83.41 83.51 81.80 82.91 82.93 82.68 82.78 82.51 82.36 82.67 82.37 82.18 82.42 82.15 82.22 81.91 81.70 81.78 81.31 80.66 81.74 81.57 82.05 82.81 82.91 82.82 82.35 82.94 82.47 82.53 82.79 82.70 82.04 82.08 82.15 81.39 81.44 81.96 82.14 82.05
-43°N ||     82.70 81.98 82.80 82.45 82.68 82.36 82.46 82.43 82.22 81.99 81.64 81.71 81.53 81.35 81.65 81.68 82.03 82.10 81.97 81.95 81.49 81.70 81.88 81.89 81.62 81.95 82.04 82.04 81.42 81.70 81.56 81.80 81.84 81.42 81.51 81.49 81.52 81.62 81.78 81.86 81.32 81.11 80.20 80.26 81.01 81.36 81.23 81.01 81.05 80.81 80.71 80.72 80.64 80.74 80.78 81.46 81.55 81.72 81.82 82.18 82.18 82.28 82.70 82.27 83.52 83.43 83.87 83.96 84.06 84.12 84.02 84.00 83.55 83.77 83.63 82.88 82.78 82.93 82.81 82.90 82.68 83.71 82.27 82.45 82.30 82.30 82.17 82.56 82.52 82.29 82.21 82.37 82.42 82.33 82.30 82.08 82.28 82.06 82.36 81.92 81.86 81.97 81.84 81.48 81.54 81.87 82.50 83.14 82.72 82.93 83.03 83.13 83.90 85.71 87.57 88.44 88.42 88.14 88.37 88.74 88.51 88.50 88.23 88.57 88.50 87.82 87.99 87.91 88.18 87.90 87.72 87.67 87.46 87.12 86.11 85.98 85.38 84.42 83.79 83.79 83.63 83.67 83.41 83.34 83.13 82.97 82.76 82.58 82.59 83.14 82.80 82.66 82.59 82.24 82.19 81.91 81.64 81.63 81.70 81.72 81.52 81.62 82.25 82.95 83.10 83.06 82.89 82.79 82.45 82.64 82.62 82.75 81.53 82.24 82.28 82.92 81.98 82.20 82.48 82.43
-41°N ||     82.85 82.77 82.79 83.10 82.93 82.28 82.37 82.28 82.82 83.14 83.65 83.50 82.45 81.72 81.96 81.85 81.44 81.69 81.40 81.73 81.41 81.92 81.87 81.86 81.68 80.90 81.39 81.57 81.78 81.35 81.23 81.47 81.30 81.31 81.10 81.37 81.44 81.60 81.63 79.72 79.44 79.28 77.65 77.41 77.49 79.59 79.59 79.61 80.30 80.63 80.37 80.73 80.50 80.67 80.65 80.71 80.81 81.29 82.09 81.95 81.64 81.15 82.39 82.96 82.92 83.41 83.40 83.63 83.89 83.93 83.88 83.57 83.76 83.25 83.30 83.29 83.11 83.81 83.03 82.64 82.83 82.71 82.40 82.41 82.24 82.25 82.36 82.63 82.62 82.48 82.25 82.43 82.17 82.22 82.32 81.87 81.72 82.18 82.13 82.02 81.72 81.80 81.37 81.16 82.61 81.97 82.32 82.81 82.84 82.87 83.07 83.30 83.88 85.76 87.23 88.47 88.46 87.78 88.59 88.62 88.60 88.41 88.67 88.81 88.39 87.82 88.16 88.25 88.02 88.19 87.94 87.64 86.92 86.30 85.99 85.71 85.04 84.33 84.07 83.81 83.93 83.20 83.02 83.24 82.34 82.44 82.78 82.87 82.91 82.87 82.78 82.76 82.76 82.18 82.05 81.99 81.76 82.15 82.10 81.89 81.83 81.78 82.36 82.70 82.83 82.73 82.80 82.73 82.05 82.46 82.47 81.79 81.71 82.37 82.30 82.38 82.43 82.62 82.79 82.48
-39°N ||     82.71 82.83 82.56 82.22 82.99 82.19 82.60 82.48 81.80 82.20 83.30 83.29 82.02 81.72 82.27 82.00 82.24 81.80 82.04 82.10 82.25 81.56 82.27 82.26 82.01 82.01 81.80 81.54 81.67 81.55 81.43 79.71 80.71 81.10 81.10 81.26 81.39 81.35 80.68 80.54 80.00 78.84 78.54 78.62 78.97 79.09 79.00 79.24 78.71 79.71 80.37 80.40 80.44 80.54 80.70 80.74 80.96 81.27 81.35 81.82 81.84 81.99 81.59 81.81 82.50 82.00 83.02 83.80 83.71 83.67 83.70 83.69 83.38 83.24 83.35 83.25 83.17 82.99 82.85 82.86 82.81 82.81 82.67 82.49 82.45 82.23 82.56 82.80 82.50 82.44 82.65 82.69 82.60 82.19 82.38 82.04 82.06 82.02 81.99 82.37 81.76 81.94 81.60 81.72 81.64 81.60 82.27 82.67 82.89 82.93 82.93 83.45 83.93 84.84 87.02 88.57 88.83 88.69 88.23 88.52 88.82 88.67 88.78 88.82 88.51 88.16 88.53 88.26 88.39 88.01 87.73 87.17 86.45 86.08 85.54 85.21 84.97 84.65 84.03 83.57 83.47 82.97 82.93 82.84 82.82 82.99 83.10 82.95 82.27 82.81 82.86 82.94 82.71 82.54 82.20 82.44 82.20 81.93 82.46 82.31 82.03 81.91 81.93 82.14 82.45 82.57 82.95 82.79 82.52 82.49 82.61 82.43 82.75 82.65 82.68 82.42 82.55 82.76 82.89 83.00
-37°N ||     83.01 82.84 82.84 82.49 83.40 83.16 82.78 82.02 81.54 80.96 80.69 81.56 81.45 82.25 82.62 82.59 82.59 82.59 82.44 82.35 82.33 82.31 82.00 82.19 81.88 81.53 81.61 81.18 81.06 81.55 81.44 80.60 80.74 80.18 80.84 80.01 80.54 78.79 78.91 80.49 78.76 78.05 79.25 79.28 79.20 79.16 79.35 80.00 79.45 79.43 79.24 79.80 80.36 80.82 80.84 80.96 80.87 81.40 81.53 81.37 81.37 82.07 82.06 82.40 82.82 82.79 83.17 83.32 82.07 83.49 83.21 83.28 83.32 83.41 83.30 83.16 83.06 83.03 83.04 82.84 82.63 82.49 82.22 83.39 82.52 82.33 82.33 82.24 82.72 82.44 82.56 82.69 82.65 82.45 82.03 82.30 81.97 81.90 82.28 82.24 81.69 81.67 81.54 81.71 81.89 81.87 83.17 82.34 82.80 83.00 83.05 83.14 83.54 84.62 85.77 88.14 88.87 89.17 89.47 88.57 88.64 88.67 88.20 88.79 88.29 88.38 88.18 88.29 88.24 88.12 87.92 86.87 85.96 85.59 85.10 84.82 84.39 84.05 83.83 83.61 83.08 83.15 82.70 82.71 82.57 82.69 82.95 82.97 82.93 82.81 82.96 82.83 82.74 82.68 82.53 82.56 82.75 82.57 82.47 81.83 82.14 82.09 81.68 81.65 82.30 82.48 82.93 82.55 82.59 82.72 82.86 82.84 82.81 82.79 82.62 82.46 83.03 83.15 83.04 83.35
-35°N ||     83.01 83.42 82.86 82.21 82.75 82.16 82.06 82.23 81.64 80.96 80.83 81.58 82.23 82.39 82.55 82.47 82.59 81.28 82.37 82.32 82.25 82.06 82.05 81.87 81.41 81.63 81.45 81.32 80.83 80.96 80.67 80.54 80.63 80.36 80.49 80.63 80.00 78.68 78.79 78.74 78.25 79.21 79.86 79.77 79.49 79.73 79.57 79.65 79.90 79.95 79.78 79.01 79.73 80.70 81.02 81.21 81.22 81.24 81.27 81.37 81.55 81.72 81.71 82.69 82.64 82.11 82.34 82.70 82.63 83.28 83.20 83.32 83.12 82.85 82.96 83.10 83.10 83.08 83.24 82.99 82.67 82.40 82.57 82.41 82.49 82.19 82.10 82.22 82.34 82.42 82.45 82.62 82.54 82.14 82.16 82.14 82.36 82.58 81.97 81.84 81.88 81.35 81.49 81.84 82.01 81.97 82.04 82.40 82.91 82.79 82.77 82.94 83.24 83.45 84.35 85.76 88.53 88.91 89.28 89.35 88.61 88.57 89.21 89.19 88.23 88.34 88.28 88.15 88.23 88.05 87.21 85.47 84.85 84.81 84.56 84.31 84.42 84.04 84.00 83.96 83.28 82.98 82.25 82.68 82.46 82.59 82.72 82.80 82.91 82.98 82.85 82.66 82.09 82.10 82.17 82.45 82.17 81.98 82.29 82.49 82.27 81.97 82.36 82.56 82.39 82.40 82.25 82.48 82.45 82.04 82.90 82.97 82.71 82.66 82.81 82.89 83.32 83.19 82.88 82.34
-33°N ||     83.08 83.15 82.21 82.06 82.23 81.44 81.80 80.98 81.00 81.51 81.46 81.70 82.30 82.44 82.72 82.38 82.61 82.65 82.33 82.33 81.65 82.08 82.01 81.98 81.69 81.44 81.45 81.26 81.05 80.79 80.63 79.88 80.23 80.02 79.72 79.88 79.27 78.38 78.24 77.61 77.85 79.24 80.04 79.69 80.35 79.78 80.59 80.67 80.44 80.48 79.93 79.09 78.36 79.86 80.68 81.20 81.18 81.26 81.31 81.30 81.66 82.06 81.94 82.65 82.73 82.78 82.75 82.75 82.68 82.53 82.72 83.15 83.10 82.86 83.18 82.86 83.23 83.03 82.98 83.07 82.87 82.69 82.88 82.57 82.51 82.39 82.33 82.23 82.23 82.31 82.34 82.05 82.25 82.41 82.20 82.32 82.11 82.34 82.07 81.59 81.75 81.59 81.37 81.57 81.82 81.93 81.94 81.88 82.49 82.76 82.63 82.58 82.40 82.72 83.26 84.18 86.59 87.99 88.65 89.07 89.04 89.37 88.38 88.17 88.40 88.39 88.12 88.08 87.18 86.19 85.66 84.66 84.17 84.12 84.09 84.08 84.25 84.12 83.89 83.84 83.55 83.00 82.68 82.58 82.43 82.38 82.53 82.50 82.60 82.73 82.70 82.47 82.33 82.14 81.65 81.55 81.66 81.61 82.23 81.85 82.17 82.42 81.99 82.25 82.13 82.07 82.42 82.56 82.76 82.39 82.56 82.97 82.32 82.77 82.78 82.92 83.04 82.87 82.60 82.58
-31°N ||     83.02 82.41 82.28 82.20 81.61 81.68 81.19 81.59 81.70 81.56 81.73 81.76 82.12 82.38 82.63 82.62 82.63 82.21 82.08 82.34 81.97 82.02 81.95 81.88 81.69 81.62 81.42 81.23 80.94 80.64 80.37 80.21 80.15 79.60 79.45 79.95 79.17 78.19 78.32 77.59 78.50 79.27 79.63 80.18 80.40 80.61 80.63 80.84 80.84 80.95 80.11 79.09 79.46 79.56 79.71 79.68 80.90 81.42 81.41 81.72 82.08 82.42 82.63 82.68 82.82 82.78 82.84 82.95 82.89 82.84 82.92 83.52 82.86 82.66 82.82 82.81 82.89 82.98 83.12 83.10 83.15 83.07 82.87 82.88 82.75 82.42 82.17 82.04 82.21 82.25 82.24 82.31 82.07 82.27 82.33 82.24 82.30 82.19 82.16 81.77 81.74 82.18 81.89 81.72 81.98 82.14 82.22 81.96 82.51 82.72 82.92 82.58 82.91 82.83 83.44 83.44 84.13 84.54 84.97 87.53 88.28 88.83 87.96 88.25 88.07 88.19 87.78 87.23 85.02 84.19 84.68 84.41 84.02 84.00 83.96 83.75 83.72 83.88 83.85 83.66 83.59 82.71 82.74 82.49 82.59 82.21 82.34 82.32 82.34 82.42 82.53 82.34 82.15 82.16 81.83 81.76 82.33 81.56 81.40 81.23 82.26 82.56 82.88 82.36 82.53 82.68 82.80 82.72 82.75 82.64 82.51 82.74 82.44 82.69 82.68 82.52 82.68 82.81 82.79 82.74
-29°N ||     83.02 82.41 81.21 82.20 81.61 81.45 81.93 81.53 81.82 81.65 81.64 81.85 82.36 82.54 82.63 82.59 82.56 81.60 82.43 82.40 82.21 81.96 81.95 81.83 81.75 81.59 81.43 81.14 80.84 80.57 80.31 80.00 79.80 79.75 79.71 78.99 79.02 78.58 77.30 76.47 78.41 79.40 79.81 80.10 80.42 80.69 80.86 80.99 81.09 81.10 81.07 80.95 80.31 80.33 80.25 79.60 79.87 80.34 81.38 81.66 82.14 82.69 82.80 82.77 83.05 82.81 82.68 82.79 82.97 82.94 83.07 83.29 83.07 82.77 82.97 83.19 83.01 82.99 83.26 83.22 83.17 83.19 83.00 83.08 82.59 82.56 82.42 82.21 82.10 82.25 82.32 82.34 82.45 82.37 82.34 82.26 82.29 81.87 82.20 81.87 82.31 82.37 82.10 82.10 82.33 82.44 82.51 82.43 81.92 82.65 82.41 82.88 83.00 83.09 82.54 82.77 83.67 83.58 84.01 84.01 84.49 84.45 85.40 87.00 86.00 86.23 85.06 85.47 84.16 83.93 83.77 83.57 83.79 83.88 83.77 83.54 83.64 83.62 83.56 83.17 83.13 82.87 82.64 82.52 82.47 82.34 82.31 82.38 82.37 82.42 82.45 82.26 82.24 81.83 82.04 81.64 81.20 81.43 82.11 81.17 82.07 82.47 82.62 82.20 82.66 81.94 82.62 82.79 82.58 82.48 82.65 82.53 82.35 82.46 82.52 82.70 82.56 82.69 82.81 82.95
-27°N ||     82.75 82.38 82.34 82.28 81.73 81.60 82.13 81.31 81.71 82.02 81.93 82.28 82.23 82.38 82.66 82.46 82.67 81.93 82.43 81.91 81.94 81.95 81.84 81.81 81.62 81.51 81.37 81.24 80.81 80.50 80.17 79.86 79.49 79.49 79.33 79.49 79.67 78.39 78.14 76.68 78.64 79.44 79.79 80.18 80.50 80.78 80.98 81.12 81.22 81.37 81.36 81.44 81.21 80.66 80.66 80.76 81.03 81.02 80.94 80.94 80.75 82.19 82.84 82.87 82.84 82.86 82.94 83.10 82.92 82.83 82.86 83.33 83.41 83.57 83.23 82.94 83.18 83.20 83.36 83.36 83.34 83.33 83.24 83.04 82.93 82.70 82.76 82.77 82.42 82.31 82.25 82.43 82.44 82.07 82.20 82.32 82.33 82.07 82.07 82.06 82.31 82.52 82.04 82.31 82.49 82.38 82.64 82.07 81.71 81.96 82.54 82.57 82.82 82.65 82.61 82.69 82.69 83.62 83.57 83.71 83.81 83.81 83.98 84.03 84.07 84.24 84.58 84.26 84.17 83.90 83.59 83.74 83.77 83.65 83.35 83.49 81.79 83.55 83.53 82.25 82.72 82.42 82.34 82.34 82.37 82.38 82.38 82.40 82.32 82.28 82.26 82.03 81.59 81.49 81.37 81.63 82.18 81.29 81.37 81.96 81.64 82.06 82.49 82.48 82.85 82.08 82.69 82.49 82.68 82.81 82.75 82.61 82.24 82.04 82.08 82.43 82.44 82.50 82.82 82.87
-25°N ||     82.86 82.23 82.55 82.30 82.23 82.17 82.30 82.61 82.11 82.41 82.24 82.77 82.77 82.69 82.79 82.59 82.64 82.27 81.94 82.35 82.03 81.87 81.82 81.69 81.56 81.37 81.22 81.06 80.70 80.26 79.93 79.64 79.39 79.21 79.15 78.52 78.88 79.22 78.13 78.45 78.87 79.38 79.86 80.20 80.42 80.67 80.85 81.08 81.23 81.25 81.43 81.49 81.24 80.89 80.08 80.75 81.04 81.20 81.21 81.07 80.42 81.57 82.64 82.70 82.81 82.83 82.83 82.38 82.59 82.71 82.77 82.80 83.22 83.70 83.83 83.32 83.44 83.51 83.65 83.45 83.46 83.38 83.59 83.30 83.46 82.95 83.02 83.02 82.98 82.41 82.70 82.57 82.78 82.01 82.39 82.35 82.35 81.95 81.64 82.28 82.31 82.20 82.27 82.31 82.18 81.82 82.24 81.63 81.43 81.77 82.06 82.16 82.50 82.36 82.81 83.21 82.91 83.39 83.55 83.67 83.77 83.69 83.62 83.96 83.74 84.10 83.99 83.62 83.53 83.39 83.52 83.31 83.29 83.47 83.30 82.66 82.57 82.86 82.06 82.47 82.34 82.16 82.02 82.07 82.17 82.24 82.51 82.29 82.24 82.13 82.08 81.89 81.55 81.18 81.32 81.57 81.94 81.53 81.04 81.44 81.35 81.73 82.12 82.51 82.20 82.24 82.65 82.24 82.53 82.70 82.68 82.34 82.04 82.57 82.61 82.44 82.55 82.89 83.10 82.82
-23°N ||     82.84 82.82 82.35 82.35 82.27 82.36 82.55 82.70 82.83 82.89 82.87 82.83 83.00 83.06 82.81 82.95 81.74 82.04 82.43 82.06 82.05 81.79 81.78 81.68 81.50 81.23 81.01 80.69 80.32 79.96 79.63 79.26 79.06 78.95 79.00 78.93 78.17 78.52 78.08 78.34 78.82 79.37 79.71 79.96 80.21 80.43 80.67 80.89 81.14 81.29 81.56 81.55 81.55 81.23 80.55 80.72 81.02 81.04 81.00 80.68 80.06 81.77 82.52 82.58 82.33 82.51 82.73 82.42 82.74 82.72 82.57 82.96 83.09 83.52 83.64 83.75 83.40 83.52 83.43 83.57 83.57 83.50 83.52 83.70 83.43 83.16 83.24 83.32 83.20 82.26 82.80 82.60 82.84 82.86 82.87 82.44 82.35 83.28 82.28 81.91 82.06 81.87 81.66 81.52 81.79 82.18 81.49 81.44 81.16 81.71 81.95 82.37 82.27 81.95 81.92 82.17 82.69 82.90 83.12 83.29 83.59 83.42 83.60 83.75 83.76 83.95 83.72 83.41 83.40 83.27 82.97 83.02 83.16 83.24 82.56 82.07 81.49 81.66 82.01 82.29 82.09 81.92 81.63 81.78 82.07 82.17 82.24 82.33 82.09 82.04 81.98 81.91 82.09 81.96 82.02 81.53 81.97 81.54 81.19 81.50 81.14 81.91 82.11 82.35 82.35 82.51 82.44 82.58 82.51 83.01 82.54 83.29 82.53 82.61 82.67 82.61 82.46 82.99 83.26 82.83
-21°N ||     82.65 82.74 82.38 82.37 82.34 82.35 82.64 83.20 82.97 82.89 82.77 82.81 82.90 82.76 82.87 82.95 82.62 82.29 82.32 82.11 81.94 81.76 81.71 81.56 81.37 81.16 80.79 80.34 79.84 79.44 79.14 78.80 78.59 78.56 78.69 78.24 78.40 77.75 77.89 78.38 78.74 79.14 79.40 79.66 79.94 80.15 80.46 80.68 80.93 81.14 81.28 81.48 81.52 81.17 80.74 81.00 80.65 80.91 80.63 80.31 80.39 80.72 82.42 82.40 82.48 82.37 82.68 82.78 82.74 82.77 82.88 82.87 83.06 83.28 83.67 83.85 83.65 83.55 83.65 83.69 83.63 83.60 83.56 83.70 83.62 83.71 83.35 83.36 83.20 82.88 82.74 82.87 82.99 83.03 82.67 82.55 82.39 82.08 82.03 82.18 82.27 82.36 81.46 81.79 82.03 81.94 82.14 81.26 81.17 81.59 82.02 81.66 82.11 82.10 82.17 82.41 82.53 82.89 82.95 83.29 83.41 83.53 83.23 83.64 83.45 83.36 83.39 82.62 82.98 82.98 82.87 82.73 83.10 82.59 82.21 81.97 80.96 81.08 81.85 81.73 81.93 81.92 81.60 81.31 82.11 82.22 82.24 82.28 82.28 82.07 81.84 81.61 81.36 81.64 82.31 81.64 81.80 81.74 81.29 81.93 81.81 81.97 81.86 81.85 82.39 82.52 82.73 82.55 82.32 82.99 83.12 82.86 82.91 83.12 83.04 82.61 82.28 82.74 82.74 82.53
-19°N ||     82.00 82.27 82.28 82.11 82.44 82.67 82.96 83.49 83.46 83.18 83.06 82.83 82.93 82.90 83.06 82.89 82.67 82.59 82.17 82.11 81.95 81.72 81.57 81.32 81.15 80.90 80.54 79.89 79.09 78.66 78.39 78.25 78.12 78.23 78.44 76.99 78.12 77.65 77.79 78.07 78.26 78.61 78.90 79.17 79.52 79.85 80.19 80.45 80.75 80.96 81.10 81.21 81.36 81.31 80.93 80.55 80.53 80.52 80.64 80.53 80.21 81.47 82.22 82.17 82.36 82.52 82.83 82.86 82.92 82.75 82.87 83.04 83.27 83.57 83.96 83.98 83.94 83.59 83.71 83.74 83.87 83.70 83.63 83.61 83.77 83.80 83.51 83.30 83.31 83.36 83.19 83.05 83.09 83.00 82.65 82.72 82.39 82.30 82.51 81.85 82.19 82.27 81.65 81.99 81.59 81.91 81.27 81.09 81.57 81.60 81.42 81.77 81.76 81.94 82.06 82.22 82.26 82.21 82.27 83.07 83.23 83.23 83.31 83.30 83.14 83.13 82.77 82.78 82.85 82.76 82.70 82.26 82.10 82.34 82.06 81.78 81.35 81.22 81.60 81.79 82.06 82.09 82.29 82.28 82.16 82.20 82.23 82.25 82.14 82.04 82.23 81.74 81.41 81.50 81.88 82.01 81.90 82.08 81.62 81.99 82.09 81.91 81.81 81.74 82.24 82.26 82.16 82.11 82.71 83.06 83.28 83.39 83.45 83.61 83.38 83.41 83.29 83.07 83.12 82.06
-17°N ||     82.06 82.04 82.16 82.49 82.51 82.72 83.28 83.40 83.39 83.32 83.20 82.97 83.03 82.50 83.00 83.33 82.79 82.77 82.44 82.08 81.92 81.73 81.36 81.07 80.87 80.58 80.12 79.09 78.22 77.69 77.60 77.67 77.84 77.99 77.69 77.10 77.48 77.68 77.55 77.45 77.57 77.97 78.35 78.64 79.12 79.51 79.87 80.14 80.46 80.74 80.86 81.07 81.10 81.18 80.86 80.51 80.04 80.06 80.55 80.44 80.22 81.61 82.19 81.69 82.09 83.92 84.50 83.79 82.85 82.97 82.63 83.00 83.24 83.47 83.98 83.95 83.98 83.59 83.77 83.65 83.78 83.73 83.74 83.73 83.76 83.72 83.60 83.60 83.53 83.39 83.09 83.13 83.13 83.00 82.82 82.80 82.46 82.51 82.20 82.76 82.31 82.08 81.69 81.68 81.66 81.60 81.70 81.24 81.70 81.67 81.82 81.66 81.48 81.47 81.76 81.82 81.98 82.53 82.60 82.18 82.63 82.54 82.71 82.74 82.67 83.03 82.95 82.94 82.84 82.73 82.24 82.31 81.37 81.69 81.81 81.66 81.14 81.16 81.65 81.88 82.15 82.19 82.31 82.40 82.23 82.20 82.18 82.12 82.09 81.86 81.99 81.90 81.59 81.70 81.58 81.65 81.89 82.09 81.90 82.37 82.10 82.06 81.86 81.69 82.56 81.74 82.03 82.26 82.75 83.25 83.38 83.53 83.53 83.65 83.73 83.48 83.50 83.30 83.47 82.97
-15°N ||     83.19 82.07 82.85 82.63 82.91 83.07 83.67 83.61 83.29 83.34 83.33 83.01 82.85 82.90 83.04 83.31 82.08 82.83 83.02 82.19 81.99 81.69 81.40 81.10 80.71 80.23 79.42 78.08 76.70 76.27 76.71 77.26 77.43 77.68 77.81 77.76 77.94 77.97 77.33 77.02 77.00 77.56 77.91 78.23 78.72 79.27 79.65 79.94 80.14 80.30 80.33 80.72 80.91 80.93 80.64 80.53 80.17 81.07 80.41 81.22 81.58 83.71 84.28 84.54 84.83 84.61 84.30 84.80 84.77 83.10 83.01 83.41 83.36 83.45 83.84 83.84 83.93 83.83 83.75 83.71 83.74 83.75 83.72 83.82 83.72 83.68 83.69 83.59 83.52 83.45 83.49 83.34 83.23 82.98 82.84 82.85 82.75 82.56 82.10 82.53 81.95 82.04 81.91 81.59 81.70 81.44 81.57 81.54 81.40 81.47 81.85 81.41 81.25 81.23 81.32 81.00 81.83 82.52 82.55 82.57 82.17 82.57 82.55 82.46 82.69 82.85 82.80 82.99 82.53 82.22 82.04 81.27 81.18 81.23 81.48 81.36 81.13 81.30 81.35 81.75 82.04 82.25 82.22 82.25 82.36 82.26 82.08 82.17 81.89 82.04 81.88 82.07 81.53 81.26 82.11 82.27 81.68 82.25 82.30 82.08 82.13 82.03 81.71 81.92 82.33 82.44 82.33 82.36 82.60 83.42 83.60 83.95 83.80 83.74 83.47 83.82 83.61 83.94 82.93 83.06
-13°N ||     83.31 83.24 83.00 82.75 82.94 83.27 83.54 83.74 83.64 83.72 83.56 83.23 83.13 83.26 83.24 83.29 82.90 82.86 82.73 82.41 82.12 81.76 81.44 81.10 80.61 80.00 79.06 77.18 75.00 74.53 75.75 76.82 77.16 77.25 77.33 77.99 77.77 77.74 77.18 76.93 76.98 78.14 77.47 77.95 78.47 78.96 79.44 79.74 79.97 80.14 80.20 80.90 80.37 81.52 84.08 83.68 83.67 81.97 84.74 85.08 83.71 81.69 81.61 81.84 83.92 84.19 83.83 83.85 82.52 84.52 83.18 83.29 83.47 83.60 83.66 83.83 83.79 83.93 84.02 83.80 83.77 83.78 83.76 83.76 83.65 83.68 83.75 83.64 83.51 83.65 83.56 83.49 83.34 83.15 83.37 83.02 82.86 82.64 82.50 82.50 82.45 82.19 81.84 81.65 81.46 81.89 81.50 81.48 81.36 81.30 81.32 81.47 81.10 81.45 81.34 81.55 81.57 82.28 82.44 82.32 82.37 82.57 82.46 82.45 82.20 82.60 82.67 82.69 82.52 82.33 81.43 81.20 80.92 81.39 81.28 81.48 81.10 81.27 81.87 81.91 82.35 82.25 82.37 82.30 82.36 82.30 81.98 81.84 81.78 81.84 81.81 81.61 81.95 81.55 82.32 82.31 81.86 81.86 82.18 82.29 82.04 82.13 81.80 81.68 81.99 82.79 82.83 82.97 83.26 83.64 83.77 83.88 83.91 83.87 83.85 83.92 83.97 83.87 83.97 83.86
-11°N ||     83.95 83.78 83.98 83.99 83.45 83.43 83.59 83.78 83.66 83.66 83.57 83.53 83.55 83.29 83.44 83.35 83.28 83.02 82.86 82.57 82.23 81.96 81.51 81.10 80.48 79.88 79.02 77.39 75.07 73.16 74.18 76.79 77.05 77.07 76.99 77.62 77.55 77.28 76.83 76.61 77.07 77.42 77.38 77.89 78.32 78.74 79.41 79.61 79.82 80.04 79.94 80.60 83.49 83.92 85.32 85.35 82.36 79.47 79.29 80.31 80.96 81.15 81.43 81.64 82.08 81.98 82.17 83.29 82.76 82.93 84.80 83.63 84.81 83.89 83.73 84.05 84.04 83.90 83.98 84.00 83.81 83.82 83.84 83.79 83.80 83.77 83.87 83.71 83.75 83.63 83.62 83.72 83.39 83.27 83.09 83.09 83.12 82.80 81.74 82.10 82.50 82.56 82.10 81.87 81.77 81.47 81.43 81.51 81.30 81.34 81.74 81.46 81.53 81.27 81.50 81.63 81.56 81.78 82.12 81.93 82.06 82.29 82.25 82.17 81.89 82.57 82.52 82.73 82.53 82.50 82.25 81.53 81.02 81.22 81.17 81.66 81.35 81.76 82.08 82.11 82.48 82.42 82.28 82.37 82.40 82.37 82.26 82.30 82.06 82.04 81.89 81.57 81.22 81.66 81.60 81.84 82.21 82.30 82.07 82.46 82.23 82.67 82.89 82.60 82.78 83.59 82.92 83.24 83.42 83.73 83.82 83.84 83.98 83.95 84.01 84.06 84.06 83.79 83.87 83.71
-9°N ||     83.57 83.71 83.68 83.86 83.99 83.56 83.79 83.66 83.80 83.85 83.65 83.72 83.58 83.52 83.52 83.38 83.37 83.17 83.02 82.70 82.45 82.04 81.70 81.22 80.69 80.02 79.23 78.46 75.44 71.87 71.86 75.76 76.93 76.94 77.01 76.91 77.32 77.11 77.16 76.86 77.00 77.61 79.23 80.79 79.73 78.80 79.37 79.94 79.89 80.29 83.40 84.20 84.15 85.13 83.76 79.94 79.08 80.86 79.70 80.89 81.14 81.29 81.90 81.83 82.25 82.42 83.48 82.81 84.11 83.09 84.87 84.87 85.11 84.46 84.28 84.08 83.82 83.93 83.95 84.23 84.01 83.80 83.87 83.88 83.85 83.86 83.95 83.75 83.76 83.76 83.85 83.53 83.52 83.47 83.26 83.04 83.10 82.91 82.38 82.29 82.55 82.32 82.00 82.15 82.11 81.73 81.46 81.80 82.79 83.08 81.56 81.84 81.68 81.77 81.73 81.59 81.61 81.69 81.93 81.99 81.97 81.79 81.99 81.81 81.78 81.90 82.16 82.48 82.53 82.54 82.23 81.86 81.06 81.82 81.81 81.29 82.07 82.29 81.78 82.18 82.48 82.53 82.66 82.49 82.50 82.32 82.24 82.59 82.50 82.14 81.45 81.65 81.24 81.92 82.31 82.17 82.37 82.73 82.38 82.55 82.95 83.60 83.78 83.48 83.45 83.78 83.76 83.68 83.80 83.82 83.89 83.96 84.03 84.32 84.14 84.12 83.75 82.53 83.86 83.78
-7°N ||     83.82 83.79 83.73 83.73 84.16 84.06 83.87 83.90 84.08 83.96 83.90 83.77 83.69 83.66 83.65 83.68 83.63 83.38 83.16 82.91 82.60 82.24 81.89 81.36 80.83 80.33 79.69 79.12 76.07 73.09 73.82 75.23 76.62 76.86 77.03 77.25 76.83 76.86 77.28 76.88 80.04 80.38 77.88 81.59 80.89 80.92 81.31 83.32 82.75 82.21 80.99 79.63 82.19 84.97 83.61 83.84 84.07 81.55 80.74 81.34 81.46 81.49 81.78 81.95 82.95 83.91 83.87 83.73 82.54 82.70 83.94 84.94 84.86 84.48 84.76 84.44 84.27 83.87 83.86 83.95 83.98 83.92 83.95 83.84 83.88 83.83 83.76 83.70 83.66 83.72 83.67 83.73 83.52 83.47 83.45 83.49 83.49 83.09 82.66 82.79 82.02 81.96 82.09 82.17 81.52 81.95 82.10 81.82 81.80 81.85 82.04 82.02 82.15 81.50 81.59 81.60 81.59 82.07 82.11 81.94 81.59 81.43 81.52 81.32 81.72 82.19 81.99 82.14 82.53 82.54 82.44 82.32 81.42 81.33 81.72 81.92 81.97 82.06 81.94 82.29 82.54 82.50 82.76 82.73 82.68 82.73 82.81 82.82 82.79 83.00 81.27 81.12 81.29 81.94 81.54 82.66 83.59 83.16 83.26 83.23 83.61 83.77 83.73 83.65 83.91 84.03 83.93 84.01 84.02 84.01 84.02 84.01 84.08 84.17 84.26 84.26 84.06 83.96 83.92 83.83
-5°N ||     83.86 83.91 83.96 83.94 83.84 84.19 84.16 84.15 84.21 84.00 83.90 83.67 83.74 83.82 83.91 83.96 83.96 83.79 83.27 83.25 82.90 82.58 82.19 81.67 81.21 80.69 80.17 79.33 78.22 76.69 75.45 75.67 76.63 76.77 77.12 77.37 77.36 78.33 77.66 77.06 77.42 77.72 78.15 82.20 80.59 82.56 80.54 81.41 80.58 79.87 79.46 82.31 83.08 83.57 83.01 80.00 80.35 81.41 83.61 83.35 81.71 81.85 81.95 82.01 82.63 82.31 82.95 82.54 82.64 82.88 83.33 83.72 84.43 83.63 83.61 84.42 84.53 84.32 83.75 83.83 84.21 84.04 84.01 83.95 83.91 83.83 83.74 83.74 83.82 83.75 83.69 83.65 83.70 83.43 83.46 83.54 83.49 83.47 83.22 83.29 82.64 81.80 81.97 82.14 82.43 82.16 82.06 81.99 82.10 81.94 82.46 82.53 82.39 81.70 81.55 81.60 81.38 81.58 81.34 81.86 81.58 81.88 81.65 81.67 81.90 81.73 82.25 81.93 82.42 82.49 82.36 81.87 81.98 81.50 81.92 82.08 82.37 82.30 82.40 82.52 82.42 82.65 83.05 83.10 82.93 82.92 83.42 83.21 82.85 82.66 82.14 81.75 82.47 82.39 82.31 82.79 83.94 83.64 84.66 83.97 83.85 83.72 83.70 83.95 83.95 84.11 84.12 84.08 84.08 84.12 84.15 84.13 84.22 84.22 84.21 84.24 84.26 84.15 84.04 83.94
-3°N ||     83.95 83.93 84.03 84.04 83.98 84.35 84.35 84.27 84.09 84.16 83.80 83.47 83.90 84.20 84.16 84.23 83.74 83.31 83.78 83.55 83.34 82.87 82.75 82.23 81.64 81.11 80.62 79.77 79.11 77.89 76.96 76.78 76.50 76.47 77.22 77.64 77.97 78.15 78.20 77.81 77.63 78.19 78.57 79.41 79.70 79.76 80.36 80.40 80.24 79.94 79.71 79.50 79.99 81.91 81.48 80.50 81.08 81.56 81.88 84.06 81.71 82.35 82.32 82.50 82.64 82.73 83.47 83.01 83.13 83.39 83.54 83.65 84.92 83.86 83.81 84.27 84.09 84.17 83.92 83.95 84.02 84.02 84.21 84.05 83.93 83.87 83.92 83.83 83.82 83.79 83.76 83.69 83.63 83.60 83.52 83.49 83.16 83.48 83.47 83.50 82.86 82.34 82.16 82.31 82.56 82.14 82.26 82.43 82.37 82.38 82.59 82.59 82.32 82.05 81.89 81.47 81.20 82.31 82.10 81.92 81.84 81.94 81.78 82.11 81.64 81.97 81.75 82.37 82.43 82.63 82.24 82.38 82.28 82.16 82.53 83.09 82.20 82.79 82.68 82.44 82.67 82.74 83.32 83.32 83.01 83.53 83.40 83.07 82.81 82.57 82.07 82.27 82.17 82.35 82.55 83.26 83.91 83.96 83.98 83.81 84.01 83.97 83.95 83.92 84.00 84.13 84.06 83.96 84.22 84.24 84.22 84.27 84.30 84.32 84.31 84.31 84.28 84.23 84.08 84.06
-1°N ||     84.10 84.06 84.09 84.17 84.21 84.37 84.37 84.26 84.19 83.95 83.73 83.37 83.98 84.18 84.32 84.04 83.79 83.94 83.88 83.59 83.49 83.29 83.07 82.66 82.15 81.43 80.84 80.17 79.52 78.83 77.85 77.30 75.99 74.54 77.44 77.86 78.13 78.39 78.56 78.61 78.67 79.48 79.83 80.13 80.38 80.91 81.21 81.41 81.66 81.82 81.18 82.48 84.18 80.52 80.64 80.92 81.70 82.01 82.10 83.07 82.40 82.62 82.64 82.63 82.84 82.93 82.91 83.49 83.58 83.59 84.20 83.70 84.72 84.81 84.00 84.01 83.94 83.96 83.98 84.09 84.35 84.21 84.16 83.97 83.99 83.97 83.91 83.83 83.78 83.76 83.78 83.83 83.70 83.67 83.55 83.50 83.08 83.47 83.46 83.49 82.90 82.73 82.57 82.38 82.58 82.51 82.47 82.62 82.67 82.72 82.84 82.81 82.22 82.00 81.97 81.67 81.39 82.36 82.16 82.13 82.16 81.79 81.87 81.68 82.03 82.09 82.26 82.40 82.89 82.78 82.48 82.00 82.47 82.57 83.07 83.07 82.88 83.48 82.75 82.60 82.78 82.92 83.38 83.42 83.46 83.56 83.49 82.74 82.99 82.60 82.48 82.58 83.13 83.18 83.44 83.94 84.08 84.16 84.07 84.06 84.21 84.14 84.02 84.01 84.15 84.09 83.94 84.08 84.21 84.26 84.27 84.29 84.29 84.32 84.33 84.32 84.25 84.26 84.18 84.12
1°N ||     84.14 84.08 84.17 84.30 84.25 84.31 84.38 84.58 84.21 84.03 83.78 83.79 84.13 84.33 84.34 84.19 84.08 84.01 83.56 83.81 83.62 83.61 83.11 82.48 81.99 81.83 81.22 80.37 79.62 79.35 78.95 78.43 76.37 73.83 74.77 78.15 78.31 78.44 78.76 79.09 79.49 79.81 80.05 80.37 80.75 81.23 81.55 81.88 82.38 82.69 81.43 80.46 80.29 80.67 80.97 81.54 81.96 82.36 82.42 82.79 82.57 82.78 83.30 82.78 82.89 83.01 82.90 83.80 83.34 83.55 83.76 84.64 85.34 85.26 83.86 83.94 83.95 83.99 83.86 84.37 83.88 84.31 84.05 83.94 84.07 84.03 83.92 83.82 83.86 83.78 83.76 83.81 83.73 83.72 83.69 83.54 83.48 83.23 83.25 83.10 83.07 83.12 82.93 83.03 82.65 82.46 82.50 82.96 82.82 82.79 82.77 82.42 82.53 82.41 82.04 81.87 82.18 82.16 81.89 82.28 82.10 81.96 82.05 82.08 82.08 82.18 82.36 82.59 82.64 82.84 83.19 83.04 83.41 83.38 83.40 83.40 83.17 83.15 83.30 83.08 83.40 83.46 83.64 83.62 83.66 83.46 83.03 82.98 83.03 82.78 82.99 83.30 83.77 83.89 83.91 83.96 84.10 84.17 84.14 84.21 84.15 84.15 84.10 84.19 84.17 84.11 84.02 84.18 84.23 84.25 84.28 84.30 84.30 84.32 84.32 84.32 84.33 84.30 84.26 84.21
3°N ||     84.34 84.29 84.32 84.37 84.42 84.45 84.43 84.38 84.33 84.03 83.96 83.99 84.36 84.43 84.41 84.30 84.22 83.83 83.73 83.93 83.84 83.41 82.93 82.31 81.70 82.38 81.69 79.84 79.65 79.74 79.61 79.74 79.28 76.10 77.52 78.45 78.22 78.34 78.83 79.28 79.69 79.93 80.13 80.12 81.15 81.57 82.03 82.34 82.64 83.16 83.22 81.99 81.43 81.65 82.01 82.33 82.54 82.64 82.71 82.97 82.90 82.81 82.57 83.35 83.44 83.15 83.27 83.57 83.62 83.76 83.83 83.92 84.85 84.98 84.67 84.37 84.42 84.28 84.19 84.17 83.97 83.92 84.07 83.99 83.95 84.07 83.90 83.79 83.83 83.83 83.87 83.82 83.78 83.73 83.67 83.56 83.54 83.37 83.47 83.34 83.32 83.33 83.32 83.14 83.13 82.64 82.89 83.21 83.48 82.75 82.88 82.65 82.30 82.27 82.14 82.52 82.33 82.33 82.05 82.32 82.17 82.04 82.02 82.15 82.17 82.25 82.48 82.62 82.86 82.96 83.59 83.82 83.95 84.03 84.22 84.00 83.53 83.46 83.33 83.53 83.56 83.67 83.74 83.66 83.62 83.30 83.27 83.15 83.04 82.78 83.45 83.95 83.91 83.84 83.88 84.08 84.14 84.19 84.21 84.24 84.13 84.24 84.20 84.23 84.21 84.14 84.17 84.22 84.24 84.25 84.26 84.29 84.31 84.31 84.31 84.32 84.33 84.34 84.35 84.36
5°N ||     84.34 84.39 84.60 84.40 84.49 84.50 84.45 84.43 84.38 84.22 84.14 84.10 84.44 84.52 84.52 84.43 84.09 83.75 84.06 84.00 83.76 83.09 82.56 82.18 82.44 82.54 82.32 81.15 79.77 79.67 79.88 80.28 80.53 80.22 79.38 78.79 78.06 77.88 78.96 79.55 79.95 80.17 80.29 80.07 81.35 82.09 82.44 82.69 83.01 83.46 83.63 82.42 82.41 82.68 82.85 82.99 82.97 83.01 83.05 83.19 83.40 83.07 82.75 82.89 83.12 83.46 83.60 83.67 83.70 83.87 84.04 84.75 84.05 84.48 84.94 84.60 84.26 84.03 83.97 83.99 83.91 84.01 83.94 83.98 84.10 83.97 83.95 83.82 83.86 83.82 83.80 83.81 83.68 83.65 83.63 83.61 83.59 83.60 83.51 83.36 83.35 83.34 83.27 83.33 83.26 83.23 83.28 83.20 83.27 82.63 82.77 82.10 82.27 82.17 82.35 82.21 82.24 82.37 82.31 82.30 82.18 82.07 81.98 82.04 82.55 82.33 82.47 82.74 83.02 83.37 83.81 84.86 84.99 84.99 84.95 84.76 84.55 83.89 83.77 83.73 83.71 83.83 83.77 83.63 83.65 83.39 83.26 83.28 82.90 82.97 83.94 83.90 83.97 83.99 84.04 84.06 84.16 84.20 84.24 84.24 84.23 84.21 84.23 84.23 84.23 84.23 84.23 84.22 84.24 84.24 84.24 84.27 84.29 84.30 84.30 84.32 84.34 84.35 84.36 84.38
7°N ||     84.37 84.40 84.43 84.44 84.49 84.51 84.50 84.49 84.44 84.33 84.21 84.36 84.55 84.61 84.62 84.47 84.04 84.21 84.17 84.02 83.60 83.19 83.27 83.06 82.92 82.87 82.56 81.81 79.39 79.54 79.88 80.66 80.93 80.70 80.10 79.22 77.17 77.15 79.42 79.89 80.19 80.37 80.51 80.77 81.87 82.24 82.54 82.85 83.14 83.42 83.65 83.68 82.97 82.94 82.94 82.98 83.10 83.22 83.33 83.41 83.45 83.30 82.93 83.28 83.56 83.61 83.75 83.80 83.84 83.94 84.10 84.80 85.07 84.76 84.93 84.07 84.04 84.00 84.22 84.31 84.19 83.99 84.01 84.05 83.98 83.89 83.89 83.82 83.86 83.78 83.82 83.78 83.77 83.80 83.62 83.57 83.52 83.61 83.46 83.27 83.27 83.31 83.38 83.27 83.24 83.39 83.05 83.49 83.28 83.31 82.93 82.58 82.50 82.04 82.15 82.25 82.16 82.31 82.32 82.35 82.16 82.21 82.01 82.51 82.84 82.26 82.49 82.82 83.38 83.92 84.81 85.11 85.05 85.03 85.02 84.94 84.90 84.53 83.92 83.91 83.94 83.86 83.71 83.75 83.40 83.16 83.26 83.50 83.32 83.29 83.89 84.02 84.05 84.10 84.17 84.12 84.22 84.25 84.22 84.25 84.27 84.22 84.23 84.23 84.24 84.24 84.23 84.22 84.22 84.22 84.23 84.21 84.27 84.29 84.28 84.33 84.35 84.37 84.38 84.39
9°N ||     84.42 84.52 84.37 84.41 84.53 84.51 84.52 84.50 84.56 84.38 84.27 84.52 84.65 84.68 84.65 84.36 84.23 84.35 84.16 83.86 83.79 83.65 83.58 83.46 83.30 83.06 82.78 81.94 79.92 79.83 80.39 81.21 81.20 81.39 80.98 79.67 76.57 74.85 78.75 80.18 80.36 80.59 80.83 81.20 81.80 82.26 82.61 82.94 83.17 83.45 83.65 83.69 83.58 83.15 83.09 83.11 83.21 83.33 83.41 83.52 83.61 83.55 83.42 83.46 83.58 83.79 83.95 83.97 84.00 84.23 84.79 84.84 84.71 85.03 84.20 84.18 84.21 84.16 84.31 84.04 84.04 84.01 83.98 84.02 84.05 83.97 83.93 83.99 83.93 83.94 83.84 83.80 83.74 83.77 83.70 83.81 83.61 83.53 83.49 83.50 83.45 83.19 83.02 82.95 83.33 83.45 83.49 83.16 83.11 82.98 82.93 82.92 82.78 82.92 82.64 82.39 82.27 82.31 82.31 82.05 82.25 82.18 81.92 83.07 82.37 82.27 82.62 83.04 83.59 84.24 84.95 85.15 85.15 85.13 85.07 85.02 84.96 84.80 84.41 84.16 84.04 84.07 83.71 83.57 83.56 83.50 83.72 83.83 83.75 83.76 83.98 84.11 84.25 84.11 84.22 84.27 84.23 84.22 84.19 84.20 84.48 84.16 84.14 84.17 84.22 84.24 84.18 84.20 84.16 84.18 84.18 84.25 84.26 84.30 84.27 84.33 84.36 84.38 84.40 84.40
11°N ||     84.45 84.45 84.48 84.45 84.58 84.58 84.62 84.59 84.69 84.63 84.54 84.74 84.76 84.73 84.69 84.64 84.38 84.39 84.16 83.95 83.87 83.80 83.65 83.48 83.27 83.08 82.69 81.91 81.19 81.48 81.43 81.43 81.46 81.48 81.59 81.47 77.19 71.63 73.24 80.19 80.52 80.77 81.06 81.42 81.81 82.31 82.74 83.01 83.28 83.45 83.62 83.71 83.69 83.30 83.22 83.21 83.31 83.42 83.48 83.57 83.64 83.49 83.43 83.66 83.81 83.92 84.09 84.19 84.30 84.22 85.06 84.89 84.20 85.07 84.82 84.17 84.71 84.10 84.04 84.13 84.02 83.99 83.94 83.91 83.97 84.00 84.06 84.00 83.97 83.94 83.85 83.82 83.83 83.83 83.87 83.70 83.79 83.53 83.58 83.62 83.54 83.51 83.28 82.99 83.44 83.38 83.82 83.33 83.61 82.92 83.11 83.07 83.03 83.17 82.91 82.47 82.28 82.50 82.69 82.22 82.39 82.30 82.11 82.00 82.17 82.56 82.89 83.29 83.83 84.39 85.16 85.20 85.22 85.14 85.04 85.03 84.93 84.87 84.57 84.25 84.14 83.75 83.86 83.77 83.66 83.87 84.00 84.06 84.06 84.09 84.16 84.24 84.33 84.35 84.27 84.31 84.27 84.26 84.17 84.13 84.07 84.01 84.03 84.05 84.09 84.11 84.12 84.12 84.13 84.33 83.97 84.19 84.25 84.25 84.26 84.36 84.38 84.37 84.20 84.40
13°N ||     84.41 84.50 84.30 84.31 84.58 84.56 84.65 84.70 84.73 84.76 84.81 84.85 84.84 84.81 84.78 84.67 84.56 84.36 83.94 83.97 83.91 83.74 83.61 83.50 83.24 82.97 82.70 82.37 81.69 81.69 81.59 81.58 81.59 81.69 81.88 82.03 81.33 73.63 74.86 79.37 80.35 81.00 81.36 81.62 78.76 82.55 82.88 83.12 83.33 83.45 83.65 83.70 83.72 83.36 83.31 83.36 83.44 83.51 83.56 83.61 83.64 83.67 83.75 83.68 83.90 84.15 84.26 84.37 84.42 84.92 85.01 84.93 84.43 84.37 84.24 84.68 84.29 84.22 84.03 83.93 83.92 84.00 83.95 83.98 83.97 83.97 84.86 83.98 84.32 83.93 83.83 83.85 83.85 83.93 83.90 83.68 83.69 83.72 83.77 83.78 83.75 83.47 83.38 83.43 83.50 83.58 83.49 83.63 83.84 83.30 83.29 83.49 83.21 83.14 83.03 82.87 82.67 82.78 82.90 82.84 82.70 82.43 82.35 82.38 82.47 82.67 83.04 83.51 83.97 84.46 85.17 85.19 85.16 85.11 85.04 85.02 84.97 84.90 84.68 84.34 84.23 83.99 84.03 84.06 84.05 84.09 84.08 84.25 84.18 84.29 84.34 84.38 84.47 84.54 84.56 84.41 84.37 84.25 84.11 83.96 83.80 83.72 83.83 83.84 83.93 83.99 84.01 84.08 84.06 84.08 84.09 84.02 84.26 84.24 84.28 84.30 84.37 84.40 84.02 84.31
15°N ||     84.47 84.53 84.54 84.69 84.65 84.58 84.72 84.82 84.83 84.87 84.91 84.98 84.96 84.93 84.91 84.77 84.39 84.19 83.99 83.99 83.66 81.06 76.70 76.13 78.48 82.86 82.59 82.51 82.29 81.86 81.79 81.69 81.72 81.80 81.90 82.00 82.03 80.87 78.93 79.31 80.57 81.19 81.60 81.84 82.26 82.81 83.00 83.20 83.35 83.45 83.61 83.70 83.75 83.41 83.42 83.42 83.48 83.57 83.62 83.63 83.67 83.67 83.64 83.82 84.17 84.31 84.41 84.50 84.53 84.88 85.08 84.98 84.68 84.49 84.74 84.44 84.46 84.23 84.15 84.11 84.21 84.01 83.79 84.48 84.02 83.98 84.01 83.97 83.98 83.98 84.22 84.01 83.89 83.85 83.85 83.78 83.80 83.83 83.86 83.90 83.83 83.82 83.58 83.53 83.59 83.60 83.50 83.87 83.73 83.15 83.35 83.38 83.42 83.45 83.12 83.06 82.89 82.76 82.84 82.85 82.69 82.78 82.63 82.68 82.77 82.93 83.21 83.70 84.14 85.12 85.15 85.08 85.16 85.10 85.04 85.01 84.95 84.91 84.73 84.42 84.30 84.25 84.18 84.16 84.15 84.17 84.21 84.27 84.40 84.43 84.50 84.58 84.59 84.64 84.66 84.62 84.41 84.23 84.01 83.82 83.65 83.53 83.38 83.52 83.63 83.85 83.94 83.99 84.00 84.03 84.06 84.08 84.15 84.23 84.25 84.32 84.31 84.41 84.19 84.89
17°N ||     84.51 84.61 84.64 84.73 84.41 84.72 84.75 84.81 84.92 84.95 85.00 85.05 85.06 85.05 85.07 84.51 84.28 84.25 84.08 84.09 83.23 75.78 71.98 70.77 73.73 80.56 82.55 82.53 82.76 82.32 82.06 81.81 81.76 81.83 81.92 82.02 82.05 81.86 80.82 80.71 81.18 81.41 81.68 81.94 82.33 82.84 83.09 83.28 83.40 83.50 83.57 83.75 83.72 83.30 83.34 83.50 83.54 83.60 83.62 83.66 83.69 83.75 83.85 84.09 84.22 84.44 84.57 84.74 84.94 84.98 84.85 84.98 84.90 84.74 84.80 84.56 84.30 84.33 84.27 84.11 84.04 83.91 84.07 84.36 83.97 84.00 84.01 84.72 84.00 84.10 84.00 83.98 83.87 83.84 83.90 83.94 83.90 83.91 83.91 83.97 83.96 83.90 83.74 83.68 83.81 83.80 83.80 83.77 83.46 83.31 83.43 83.45 83.36 83.25 83.21 83.14 82.96 82.45 82.76 82.87 82.90 82.89 82.85 82.90 82.96 83.10 83.59 83.78 84.19 84.98 85.11 85.13 85.10 85.05 85.03 85.03 84.97 84.86 84.75 84.60 84.45 84.49 84.39 84.39 84.38 84.48 84.49 84.55 84.63 84.68 84.73 84.73 84.74 84.80 84.76 84.75 84.57 84.22 84.02 83.70 83.46 83.19 82.98 82.99 83.26 83.73 83.88 83.91 83.91 83.96 84.02 84.09 84.16 84.22 84.21 84.29 84.44 84.43 84.38 84.62
19°N ||     84.53 84.64 84.73 84.77 84.81 84.74 84.77 84.87 84.97 85.02 85.07 85.14 85.15 85.15 85.17 84.61 84.31 84.17 83.88 84.01 83.56 75.88 72.05 71.16 73.26 80.75 82.81 82.94 82.99 82.87 82.38 81.94 81.70 81.64 81.67 81.94 82.09 82.08 81.64 81.49 81.58 81.65 81.74 81.93 82.21 82.68 83.15 83.32 83.46 83.51 83.57 83.77 83.64 83.68 83.30 83.43 83.54 83.59 83.65 83.66 83.74 83.76 83.95 84.21 84.41 84.62 84.88 84.96 85.12 85.13 85.21 85.11 85.07 84.98 84.90 84.52 84.44 84.45 84.71 84.17 84.08 84.01 84.08 84.08 84.65 83.95 83.99 83.91 83.99 84.02 84.03 84.03 84.17 83.95 83.94 83.98 83.95 83.95 83.94 83.97 83.98 83.84 84.28 83.84 83.91 83.70 83.59 83.77 83.58 83.54 83.45 83.37 83.22 83.19 83.21 83.38 82.85 82.99 82.83 83.09 83.22 83.36 82.93 82.97 83.03 83.19 83.53 83.42 83.99 84.39 84.82 85.07 85.02 85.01 85.00 84.95 84.94 84.90 84.83 84.77 84.75 84.75 84.84 84.76 84.78 84.75 84.84 84.86 84.87 84.92 84.96 84.92 85.01 84.96 84.94 84.82 84.65 84.23 83.91 83.57 83.08 82.73 82.62 82.85 82.88 82.11 83.73 83.81 83.87 83.92 84.00 84.08 84.16 84.22 84.25 84.37 84.22 84.51 84.47 84.57
21°N ||     84.83 84.74 84.72 84.88 84.96 84.96 84.93 85.00 85.10 85.12 85.19 85.21 85.23 85.23 85.22 84.61 84.32 83.98 83.90 84.06 83.91 77.86 75.56 74.65 76.51 82.43 83.21 83.22 83.15 82.94 82.60 82.12 81.69 81.46 81.29 81.21 82.04 82.07 81.92 81.79 81.75 81.77 81.83 81.96 82.20 82.66 83.21 83.31 83.40 83.49 83.50 83.67 83.79 83.85 83.37 83.43 83.47 83.56 83.59 83.68 83.75 83.77 84.07 84.24 84.45 84.99 85.07 85.12 85.21 85.23 85.23 85.20 85.06 85.08 84.99 84.70 84.63 84.65 84.38 84.18 84.18 84.32 84.14 84.08 83.95 84.10 84.21 84.00 84.02 84.06 84.02 84.02 83.97 83.96 84.03 84.00 83.96 83.98 83.97 83.97 84.01 83.87 83.78 83.93 83.71 83.79 83.90 83.36 83.60 83.79 83.34 83.20 83.19 83.25 83.26 83.39 83.08 83.09 82.32 83.28 83.33 83.30 82.76 82.91 83.13 83.18 83.49 83.37 83.66 83.93 84.31 84.43 84.71 84.80 84.80 84.93 84.92 84.92 84.92 84.90 84.93 85.01 85.01 85.02 85.05 85.03 85.09 85.12 85.12 85.07 85.12 85.08 85.11 85.02 85.06 85.05 84.87 84.28 83.86 83.32 82.63 82.44 82.35 82.32 82.74 83.22 83.58 83.71 83.80 83.90 84.01 84.08 84.15 84.21 84.31 84.34 84.22 84.56 84.56 84.65
23°N ||     84.81 84.85 84.89 84.97 85.01 85.08 85.12 85.18 85.22 85.23 85.27 85.27 85.27 85.26 85.26 84.66 84.23 83.93 84.05 84.16 84.16 82.62 80.73 80.09 82.83 83.64 83.42 83.36 83.24 82.87 82.51 82.14 81.77 81.35 81.11 81.03 81.78 82.08 82.01 81.78 81.78 81.58 81.84 82.01 82.04 82.82 83.02 83.21 83.29 83.40 83.46 83.54 83.66 83.81 83.68 83.52 83.90 84.31 84.19 83.86 83.78 83.68 84.09 84.26 84.50 84.98 85.16 85.22 85.30 85.34 85.28 85.33 85.08 85.30 85.17 84.96 84.90 84.92 84.83 84.42 84.20 84.04 83.95 84.05 83.99 84.04 84.04 84.05 84.04 83.98 84.07 84.09 84.05 84.01 84.09 84.11 84.18 83.90 84.06 84.04 83.98 83.89 83.80 83.89 83.90 83.87 83.86 83.74 83.58 83.68 83.51 83.32 83.33 83.20 83.18 83.23 83.32 83.07 82.49 83.23 83.32 83.16 83.74 83.53 83.11 83.08 83.29 83.44 83.51 83.77 83.95 84.10 84.25 84.39 84.62 84.83 84.92 84.97 85.03 85.06 85.07 85.21 85.14 85.25 85.30 85.34 85.38 85.33 85.45 85.37 85.38 85.34 85.31 85.30 85.33 85.23 85.16 84.37 83.83 83.24 82.74 82.36 82.19 80.64 81.46 82.77 83.40 83.65 83.82 83.91 84.01 84.10 84.19 84.27 84.39 84.32 84.49 84.56 84.43 84.76
25°N ||     84.89 84.92 84.90 85.06 85.16 85.16 85.22 85.23 85.25 85.28 85.31 85.30 85.30 85.30 85.29 84.73 84.15 84.01 84.05 83.97 84.18 84.12 84.11 84.10 83.93 83.73 83.30 83.43 83.12 82.74 82.31 82.03 81.62 81.26 81.04 80.57 80.63 81.98 82.06 81.77 81.86 81.78 81.89 81.15 82.30 82.84 83.10 83.19 83.24 83.30 83.19 83.42 83.44 83.88 83.44 83.48 83.53 83.50 83.96 84.53 84.66 83.94 84.19 84.69 84.98 85.22 85.30 85.31 85.36 85.41 85.39 85.36 85.31 85.24 85.03 85.11 85.08 85.14 85.24 84.66 84.43 84.13 84.07 84.16 84.21 84.09 84.12 84.09 84.10 84.01 84.06 84.17 84.08 84.09 84.09 84.30 84.13 84.07 84.02 84.06 83.87 83.89 83.96 83.90 83.83 84.01 83.95 83.71 83.84 83.78 83.54 83.67 83.62 83.58 83.79 83.28 83.42 82.84 83.03 82.62 82.94 82.88 82.90 83.11 83.13 83.22 83.16 83.10 83.55 83.42 83.89 84.12 84.11 84.28 84.67 84.91 85.00 85.15 85.20 85.24 85.33 85.37 85.43 85.52 85.61 85.70 85.76 85.78 85.77 85.70 85.64 85.60 85.61 85.55 85.48 85.40 85.26 85.08 84.05 83.51 82.68 82.32 80.69 74.49 80.41 82.66 83.42 83.69 83.81 83.93 84.08 84.08 84.22 84.31 84.46 84.49 84.59 84.59 84.75 84.81
27°N ||     85.02 85.07 85.09 85.08 85.24 85.17 85.31 85.33 85.33 85.33 85.34 85.33 85.32 85.31 85.31 84.89 84.22 84.02 84.05 84.03 84.00 84.05 83.78 83.88 83.89 83.79 83.65 83.22 82.92 82.61 82.19 81.87 81.55 81.19 80.58 80.50 80.81 82.13 82.31 81.94 82.09 82.07 82.11 81.15 81.98 82.82 83.04 83.13 83.19 83.07 82.91 83.00 83.48 83.67 83.85 83.96 83.91 84.08 84.13 84.50 84.27 83.85 84.96 85.08 85.20 85.26 85.26 85.33 85.43 85.45 85.28 85.41 85.41 85.34 85.14 85.36 85.20 85.26 85.32 85.29 84.64 84.46 84.33 84.26 84.28 84.17 84.10 84.06 84.10 84.11 84.13 84.14 84.10 84.08 84.13 84.06 84.16 84.12 83.97 83.88 84.18 83.84 83.95 83.96 83.69 84.09 83.49 83.77 83.84 83.72 83.70 83.75 83.72 83.66 83.61 83.69 83.60 83.90 83.38 83.16 83.34 83.72 83.09 83.29 83.33 82.93 82.71 83.30 83.66 83.47 83.92 84.03 84.21 84.54 84.88 85.08 85.25 85.26 85.34 85.43 85.50 85.63 85.70 85.86 85.99 86.02 86.07 86.02 86.02 85.93 85.88 85.88 85.77 85.66 85.54 85.45 85.32 85.15 84.55 83.64 83.00 82.48 81.72 81.05 81.74 83.20 83.64 83.79 83.87 83.97 84.00 84.21 84.29 84.38 84.53 84.66 84.66 84.72 84.83 84.95
29°N ||     85.16 85.20 85.25 85.30 85.36 85.35 85.38 85.41 85.41 85.39 85.39 85.40 85.38 85.24 85.36 85.31 84.73 84.15 83.97 83.99 84.00 84.02 83.77 83.71 83.97 83.84 83.43 83.13 82.83 82.46 82.11 81.78 81.54 81.16 80.03 80.39 81.32 82.14 82.26 82.08 82.35 82.40 82.36 82.46 82.64 82.84 83.06 83.17 83.16 82.84 82.92 83.12 83.14 83.69 83.74 83.81 83.82 84.03 84.09 84.25 84.22 84.44 84.84 84.64 84.42 85.11 85.19 85.31 85.43 85.49 85.44 85.52 85.48 85.52 85.49 85.44 85.36 85.40 85.45 85.48 85.44 84.77 84.56 84.40 84.46 84.22 84.14 85.79 84.15 84.12 84.17 84.27 84.15 84.20 84.06 84.09 84.15 84.14 84.00 83.99 83.92 83.99 83.94 83.97 83.84 83.76 83.60 83.70 83.74 83.59 83.73 83.70 83.83 83.98 83.95 83.94 83.73 83.42 83.36 83.32 83.47 83.28 83.17 83.27 83.05 83.39 83.86 84.01 83.99 84.08 84.15 84.31 84.69 84.84 85.03 85.27 85.33 85.44 85.58 85.70 85.83 85.94 86.11 86.22 86.28 86.39 86.35 86.20 86.28 86.16 86.11 85.99 85.87 85.73 85.64 85.57 85.45 85.33 84.91 84.06 83.62 83.21 82.74 82.70 83.12 83.68 83.81 83.87 83.93 84.00 84.18 84.26 84.40 84.54 84.71 84.83 84.86 84.89 85.04 85.11
31°N ||     85.36 85.31 85.40 85.41 85.42 85.42 85.44 85.48 85.49 85.46 85.44 85.45 85.45 85.43 85.41 85.37 85.03 84.55 84.34 84.31 84.19 84.13 83.97 83.95 84.06 83.52 83.31 83.07 82.67 82.39 82.05 81.94 81.46 81.19 80.73 80.78 81.34 82.18 82.22 82.22 82.42 82.53 82.66 82.67 82.78 82.91 83.05 83.19 83.11 82.65 83.11 83.21 83.25 83.42 83.50 83.60 83.74 83.78 83.88 84.19 84.09 84.37 84.51 84.68 84.94 84.97 85.17 85.26 85.31 85.49 85.53 85.53 85.59 85.65 85.61 85.71 85.49 85.54 85.60 85.52 85.50 85.38 84.98 85.23 84.74 84.52 84.24 84.12 84.22 84.25 84.28 84.21 84.15 84.12 84.34 84.19 84.10 84.01 83.97 84.08 83.91 83.93 84.01 84.00 83.88 83.86 83.66 83.67 83.75 83.66 83.63 83.61 83.84 83.93 83.90 83.89 83.66 83.44 83.56 83.57 83.53 83.85 83.34 83.24 83.53 83.42 83.68 84.08 84.03 84.15 84.30 84.63 84.75 85.01 85.17 85.33 85.48 85.64 85.87 86.01 86.12 86.26 86.58 86.44 86.55 86.62 86.58 86.50 86.44 86.33 86.18 86.09 86.16 85.86 85.85 85.74 85.62 85.51 85.19 84.78 84.10 83.90 83.78 83.76 83.58 83.32 83.96 83.96 84.00 84.06 83.91 85.10 84.63 84.19 84.94 84.64 85.07 85.11 85.14 85.30
33°N ||     85.50 85.04 85.42 85.43 85.50 85.48 85.49 85.53 85.50 85.52 85.51 85.53 85.52 85.49 85.53 85.49 85.44 85.10 84.52 84.10 84.17 84.16 84.20 84.14 83.73 83.40 83.22 82.96 82.75 82.20 81.91 81.64 81.24 80.88 80.58 80.68 81.25 82.05 82.35 82.43 82.57 82.70 82.76 82.83 82.73 82.89 82.88 82.76 82.74 82.86 83.11 83.29 83.32 83.27 83.46 83.67 83.76 83.81 83.79 83.83 83.81 83.82 84.07 84.66 84.66 85.16 85.26 85.31 85.36 85.49 85.60 85.77 85.77 85.77 85.74 85.85 85.79 85.80 85.78 85.60 85.72 85.69 85.47 85.17 84.91 84.58 84.34 84.23 84.38 84.28 84.27 84.07 84.20 84.19 84.22 84.10 84.14 84.00 84.10 84.14 83.87 83.85 83.96 83.80 84.11 83.72 83.76 83.62 83.75 83.48 83.35 83.50 83.75 83.83 83.76 83.61 83.61 83.69 83.57 83.84 83.78 83.84 83.80 83.51 83.67 83.92 83.96 84.12 84.22 84.44 84.55 84.82 84.97 85.15 85.31 85.48 85.68 85.93 86.10 86.21 86.39 86.48 86.60 86.69 86.86 86.68 86.62 86.59 86.53 86.26 86.34 86.26 86.15 85.98 85.83 85.95 85.89 85.75 85.61 85.47 85.23 84.95 84.80 84.48 84.31 83.90 84.23 84.11 84.08 84.16 84.20 84.60 84.87 84.95 85.10 85.18 85.23 85.33 85.40 85.47
35°N ||     85.61 85.55 85.55 85.51 85.54 85.53 85.54 85.55 85.54 85.56 85.58 85.57 85.56 85.54 85.58 85.51 85.55 85.46 85.07 83.73 84.04 84.15 84.07 83.82 83.27 83.39 83.20 82.93 82.55 82.04 81.56 80.99 80.44 80.17 79.98 79.92 80.34 80.97 82.00 82.56 82.74 82.81 82.87 82.85 82.25 82.45 82.97 83.11 82.90 82.80 83.10 83.01 82.89 83.03 83.36 83.67 83.78 83.85 83.86 83.88 83.90 83.87 84.06 84.66 85.07 85.21 85.30 85.31 85.42 85.52 85.58 85.82 85.75 85.87 85.90 86.00 85.97 86.07 85.96 85.86 85.82 85.75 85.76 85.16 84.98 84.68 84.58 84.47 84.35 84.43 84.13 84.16 84.18 84.39 84.45 84.08 84.15 84.05 84.13 84.04 84.05 84.01 83.99 83.95 83.93 83.78 83.69 83.96 83.66 83.38 83.77 83.45 83.49 83.43 83.36 83.31 83.48 83.59 83.66 83.93 83.96 83.92 84.20 84.10 84.03 84.21 84.18 84.23 84.39 84.55 84.76 84.98 85.09 85.27 85.41 85.64 85.84 86.09 86.29 86.45 86.52 86.61 86.81 86.92 86.99 86.95 86.83 86.80 86.62 86.58 86.44 86.13 86.27 86.11 86.07 86.04 85.95 85.84 85.83 85.71 85.62 85.44 85.37 85.30 85.10 84.98 84.70 84.36 84.25 84.28 84.29 84.51 84.60 85.07 85.16 85.24 85.34 85.50 85.59 85.63
37°N ||     85.73 85.59 85.61 85.53 85.60 85.57 85.60 85.60 85.57 85.58 85.60 85.61 85.60 85.57 85.53 85.51 85.48 85.41 85.37 84.08 84.07 84.02 83.89 83.71 83.38 83.43 83.22 82.96 82.61 81.77 80.77 80.02 79.28 78.83 78.82 79.19 79.57 79.69 80.66 81.87 82.65 82.94 82.99 82.96 82.88 82.75 82.86 82.98 83.09 83.33 82.87 82.76 82.63 82.47 82.97 83.45 83.76 83.83 83.85 83.84 83.88 83.85 84.20 84.75 85.07 85.21 85.30 85.37 85.44 85.60 85.65 85.78 85.84 85.99 86.03 86.15 86.25 86.21 86.20 86.06 86.10 86.03 85.93 85.87 85.62 85.46 85.40 85.22 84.90 85.23 84.36 84.27 84.16 84.14 84.25 84.16 84.27 84.41 84.08 84.31 84.12 84.23 84.05 84.42 84.11 84.10 83.90 83.81 83.72 83.54 83.45 83.38 83.38 83.23 83.24 83.24 83.36 83.71 84.21 84.09 84.02 83.92 84.01 83.95 84.17 84.24 84.28 84.31 84.58 84.72 84.92 85.13 85.25 85.37 85.63 85.84 85.96 86.22 86.38 86.62 86.73 86.90 87.04 87.07 87.11 87.14 87.08 86.94 86.90 86.73 86.64 86.55 86.48 86.31 86.43 86.37 86.16 85.97 85.97 85.80 85.65 85.57 85.36 85.27 85.06 84.99 84.78 84.56 84.42 84.41 84.39 84.60 84.56 85.19 85.23 85.32 85.51 85.54 85.64 85.66
39°N ||     85.68 85.65 85.67 85.61 85.31 85.63 85.63 85.44 85.62 85.62 85.59 85.60 85.55 85.54 85.52 85.48 85.47 85.50 85.33 84.91 83.91 83.85 83.98 83.75 83.74 83.48 83.33 83.10 82.45 81.18 79.89 78.76 78.02 77.93 77.57 77.83 79.09 79.32 79.76 80.99 82.32 82.97 83.09 83.05 82.82 82.91 82.76 81.99 82.92 82.97 82.94 82.79 82.47 82.20 82.54 83.13 83.58 83.73 83.80 83.79 83.98 84.00 84.03 84.41 85.10 85.28 85.33 85.37 85.52 85.64 85.79 85.91 85.94 86.13 86.23 86.29 86.34 86.39 86.39 86.49 86.21 86.20 86.15 86.10 85.95 85.53 85.65 85.43 85.08 85.02 84.84 84.46 84.45 84.41 84.36 84.22 84.15 84.12 84.38 84.26 84.40 85.03 84.38 84.05 84.42 84.00 83.94 83.91 83.83 83.84 83.69 83.44 83.96 83.32 83.34 83.59 83.47 83.62 84.17 84.18 84.20 84.19 84.21 84.28 84.30 84.35 84.41 84.58 84.68 84.89 85.06 85.25 85.31 85.57 85.73 85.96 86.12 86.27 86.54 86.60 86.99 87.14 87.20 87.20 87.20 87.23 87.13 87.10 86.99 87.06 86.84 86.78 86.62 86.58 86.51 86.45 86.35 86.08 85.82 85.87 85.70 85.60 85.44 85.27 85.07 85.05 84.90 84.78 84.71 84.61 84.53 84.32 83.97 85.25 85.30 85.33 85.51 85.63 85.68 85.64
41°N ||     85.68 85.69 85.71 85.69 85.67 85.65 85.61 85.64 85.62 85.60 85.60 85.62 85.57 85.60 85.51 85.53 85.47 85.27 85.17 84.90 84.46 84.24 84.06 83.95 83.80 83.65 83.51 83.15 82.37 80.94 79.47 78.56 78.24 78.16 77.39 77.80 78.88 79.46 80.05 81.32 82.48 83.04 83.10 83.07 82.46 82.97 82.81 82.48 82.76 82.66 82.68 82.54 82.53 82.65 82.86 83.02 83.41 83.71 83.72 83.69 83.86 84.01 84.02 84.33 84.95 85.36 85.43 85.36 85.58 85.72 85.83 86.01 86.10 86.22 86.35 86.46 86.50 86.53 86.54 86.52 86.48 86.44 86.34 86.53 86.49 86.08 85.85 85.77 85.49 85.52 85.00 85.40 85.09 84.81 84.89 84.45 84.31 84.68 84.19 84.50 85.17 85.17 85.10 84.21 84.35 83.90 83.83 84.02 84.04 83.95 83.85 83.94 84.71 84.17 83.78 83.90 84.29 83.79 84.24 84.18 84.22 84.21 84.39 84.42 84.52 84.46 84.61 84.65 84.88 85.10 85.20 85.26 85.43 85.60 85.90 86.09 86.30 86.41 86.76 86.91 87.02 87.23 87.26 87.25 87.24 87.20 87.23 87.18 87.14 87.02 86.93 86.96 86.93 86.78 86.64 86.50 86.37 86.28 86.11 85.95 85.76 85.57 85.46 85.31 85.11 85.11 85.04 84.95 84.93 84.75 84.22 84.38 84.23 85.12 85.29 85.42 85.46 85.62 85.62 85.70
43°N ||     85.68 85.74 85.74 85.70 85.68 85.67 85.64 85.63 85.62 85.63 85.61 85.67 85.63 85.64 85.54 85.51 85.41 85.26 84.99 84.62 84.38 84.23 84.10 83.99 83.88 83.78 83.62 83.43 82.87 81.86 80.51 79.40 78.87 78.71 78.59 78.74 79.35 79.75 81.59 82.69 83.20 83.32 83.20 83.16 83.17 82.73 82.98 82.35 82.68 82.71 82.63 82.76 82.16 82.67 83.17 83.07 83.22 83.59 83.74 83.91 83.90 83.92 84.02 84.35 84.93 85.41 85.57 85.62 85.71 85.83 86.03 86.13 86.34 86.41 86.79 86.52 86.63 86.56 86.65 86.65 86.60 86.58 86.43 86.45 86.50 86.22 86.13 85.85 85.77 85.80 85.65 85.55 85.53 85.37 85.13 84.75 84.59 84.48 84.94 85.06 85.25 85.14 84.63 85.03 84.62 84.98 84.80 84.96 83.90 83.86 83.76 84.28 83.84 83.71 84.36 84.38 84.29 84.21 84.25 84.33 84.35 84.36 84.68 84.98 84.64 84.64 84.69 84.95 85.12 85.19 85.14 85.41 85.44 85.68 85.93 86.21 86.39 86.44 86.74 86.96 87.13 87.23 87.18 87.03 87.26 87.19 87.14 87.05 87.22 86.90 86.95 86.91 86.82 86.76 86.76 86.60 86.44 86.38 86.04 85.95 85.75 85.56 85.35 85.29 85.20 85.13 85.02 85.07 85.05 84.84 84.55 84.36 84.12 85.05 85.40 85.41 85.59 85.62 85.69 85.75
45°N ||     85.80 85.79 85.74 85.74 85.73 85.70 85.68 85.64 85.62 85.66 85.66 85.61 85.60 85.56 85.54 85.43 85.27 85.08 84.81 84.56 84.34 84.21 84.11 84.04 83.98 83.91 83.82 83.67 83.37 82.79 82.26 81.80 81.65 80.05 79.35 79.17 79.85 81.33 82.33 83.04 83.34 83.44 83.43 83.49 83.57 83.66 83.69 83.52 82.94 82.57 82.14 82.57 83.16 83.10 83.10 83.29 83.74 83.64 83.74 83.95 84.02 84.17 84.29 84.53 84.96 85.48 85.54 85.73 85.85 86.00 86.09 86.33 86.42 86.55 86.53 86.73 86.71 86.72 86.83 86.83 86.65 86.71 86.64 86.60 86.51 86.42 86.18 86.25 86.12 85.88 85.84 85.94 85.68 85.54 85.51 85.42 85.06 84.85 85.23 85.21 84.85 84.59 84.41 85.08 84.59 84.99 85.04 85.06 84.63 84.27 84.01 84.35 84.23 84.16 84.39 84.25 84.15 84.36 84.39 84.45 84.42 84.60 84.70 84.86 84.87 84.95 84.99 85.02 85.18 85.25 85.35 85.39 85.64 85.77 86.12 86.31 86.50 86.70 86.79 86.97 87.11 87.25 87.25 87.26 87.23 87.11 87.16 87.18 87.14 87.11 86.98 87.05 86.97 86.70 86.78 86.72 86.55 86.31 85.96 85.82 85.72 85.47 85.33 85.27 85.24 85.20 85.19 85.18 85.16 85.08 84.96 84.66 84.27 85.20 85.22 85.30 85.51 85.72 85.72 85.79
47°N ||     85.80 85.78 85.78 85.72 85.71 85.70 85.67 85.68 85.61 85.70 85.67 85.63 85.62 85.54 85.42 85.37 85.13 84.97 84.76 84.54 84.34 84.26 84.18 84.13 84.08 84.02 83.94 83.89 83.78 83.62 83.44 83.36 83.37 83.34 82.55 82.36 82.93 83.18 83.24 83.28 83.41 83.47 83.45 83.49 83.60 83.70 83.70 83.68 82.83 82.59 83.02 83.33 83.74 83.54 83.62 83.90 83.76 84.22 83.76 83.91 84.06 84.24 84.52 84.98 85.35 85.57 85.70 85.79 86.04 86.10 86.30 86.43 86.49 86.60 86.64 86.61 86.51 86.34 86.81 86.83 86.77 86.83 86.72 86.70 86.59 86.53 86.50 86.43 86.31 86.19 86.07 86.02 85.97 85.87 85.62 85.66 85.48 85.36 85.36 85.40 85.28 85.20 85.40 85.14 84.88 85.09 84.79 84.78 85.00 84.64 84.35 84.52 84.58 84.66 84.70 84.21 84.39 84.48 84.54 84.70 84.71 84.80 84.96 84.85 85.05 85.06 85.08 85.12 85.24 85.30 85.49 85.56 85.73 85.89 86.55 86.60 86.51 86.64 86.80 86.94 87.09 87.23 87.23 87.18 87.19 87.16 87.12 87.12 87.01 87.14 87.09 87.05 86.90 86.88 86.87 86.66 86.44 86.22 86.05 85.28 85.42 85.63 85.44 85.41 85.35 85.30 85.30 85.24 85.26 85.23 85.18 85.02 85.09 85.16 85.26 85.47 85.52 85.67 85.72 85.81
49°N ||     85.82 85.79 85.78 85.73 85.76 85.75 85.72 85.71 85.67 85.67 85.69 85.61 85.59 85.46 85.34 85.22 85.03 84.90 84.75 84.56 84.41 84.35 84.27 84.21 84.12 84.07 84.04 83.99 83.96 83.91 83.86 83.82 83.77 83.74 83.67 83.70 83.73 83.71 83.58 83.48 83.47 83.55 83.53 83.37 83.47 83.59 83.60 83.59 83.88 83.06 84.29 84.48 84.63 84.35 84.29 83.91 83.94 83.95 84.37 83.97 84.23 84.46 84.92 85.27 85.37 85.70 85.87 86.05 86.08 86.34 86.35 86.46 86.58 86.60 86.64 86.66 86.72 86.82 86.89 86.87 86.88 86.81 86.79 86.74 86.71 86.63 86.61 86.45 86.39 86.33 86.25 86.13 85.95 85.86 85.77 85.78 85.63 85.66 85.65 85.58 85.32 85.47 85.16 85.26 87.89 85.67 84.83 85.16 85.05 84.77 84.66 84.77 84.70 84.68 84.53 84.80 84.73 84.81 84.88 84.83 84.85 84.91 85.04 85.02 85.02 85.10 85.07 85.18 85.25 85.37 85.54 85.68 85.85 86.04 86.43 86.54 86.48 86.68 86.69 86.90 87.01 87.10 87.17 87.17 87.12 87.14 87.11 87.11 87.04 86.91 87.10 86.97 86.82 86.73 86.72 86.48 86.35 86.13 86.04 85.35 85.20 85.69 85.53 85.49 85.47 85.42 85.44 85.39 85.30 85.35 85.28 85.30 84.84 85.09 85.56 85.52 85.51 85.74 85.88 85.76
51°N ||     85.82 85.82 85.77 85.77 85.79 85.80 85.70 85.68 85.70 85.68 85.63 85.54 85.47 85.38 85.26 85.13 84.96 84.79 84.68 84.55 84.35 84.37 84.30 84.22 84.19 84.14 84.09 84.06 84.02 84.00 83.96 83.92 83.87 83.84 83.85 83.86 83.81 83.79 83.69 83.60 83.56 83.57 83.60 83.63 83.57 83.69 83.82 83.96 84.23 84.35 84.47 84.62 84.81 84.91 84.94 84.58 84.05 83.99 84.10 84.39 84.60 84.98 85.23 85.62 85.64 85.81 85.95 86.13 86.28 86.38 86.53 86.63 86.70 86.71 86.77 86.81 86.82 86.71 87.05 87.13 86.87 86.85 86.90 86.58 86.77 86.69 86.54 86.50 86.55 86.42 86.38 86.29 86.16 86.05 85.96 85.89 85.80 85.60 85.80 85.64 85.62 85.60 85.17 87.10 87.84 85.45 84.60 85.16 85.09 84.96 84.96 84.93 84.93 84.97 85.07 84.93 84.98 84.95 85.03 85.05 85.03 85.08 85.04 85.05 85.11 85.12 85.08 85.20 85.27 85.36 85.48 85.67 85.87 86.03 86.23 86.26 86.51 86.60 86.77 86.87 86.96 87.03 87.15 87.12 87.15 87.14 87.04 87.12 87.09 87.01 86.98 86.84 86.83 86.60 86.35 86.41 86.28 86.13 86.03 85.94 85.81 85.74 85.66 85.57 85.54 85.54 85.46 85.49 85.42 85.39 85.37 85.39 85.29 85.52 85.54 85.44 85.54 85.75 85.88 85.87
53°N ||     85.80 85.77 85.83 85.83 85.81 85.78 85.74 85.69 85.65 85.55 85.58 85.52 85.40 85.30 85.17 84.98 84.73 84.76 84.70 84.58 84.49 84.43 84.35 84.30 84.25 84.21 84.16 84.11 84.09 84.05 84.02 84.00 83.96 83.95 83.96 83.95 83.94 83.89 83.80 83.73 83.68 83.67 83.70 83.74 83.83 83.93 84.01 84.12 84.25 84.42 84.61 84.74 84.85 84.96 85.05 85.13 84.42 84.66 84.28 84.93 85.46 85.59 85.70 85.77 85.88 86.02 86.23 86.33 86.44 86.50 86.69 86.75 86.77 86.81 86.87 86.93 86.94 86.89 86.99 86.94 86.85 86.93 86.86 86.91 86.81 86.95 86.87 86.65 86.62 86.45 86.47 86.38 86.25 86.19 86.04 85.94 85.97 86.21 85.82 85.79 85.61 85.61 85.48 85.35 85.04 85.07 85.04 85.27 85.15 85.21 85.13 85.13 85.06 85.13 85.12 85.09 85.17 85.23 85.13 85.20 85.14 85.10 85.01 85.07 85.10 85.06 85.06 85.18 85.24 85.31 85.50 85.67 85.81 85.95 85.95 86.16 86.30 86.48 86.51 86.62 86.66 86.78 86.80 86.92 86.96 86.98 86.91 86.92 86.78 86.79 86.80 86.79 86.58 86.40 86.33 86.19 86.25 86.11 86.03 85.93 85.84 85.74 85.68 85.64 85.61 85.56 85.59 85.56 85.33 85.41 85.36 85.47 85.44 85.44 85.49 85.64 85.78 85.78 85.86 85.87
55°N ||     85.89 85.87 85.80 85.71 85.74 85.61 85.65 85.68 85.62 85.58 85.55 85.45 85.39 85.27 85.22 85.00 86.55 84.67 84.74 84.68 84.60 84.50 84.44 84.41 84.33 84.27 84.22 84.17 84.13 84.10 84.08 84.07 84.05 84.06 84.04 84.05 84.02 84.00 83.96 83.91 83.85 83.85 83.81 83.83 83.90 84.00 84.11 84.69 84.53 84.73 84.81 84.83 85.15 84.99 85.11 85.25 85.36 85.41 85.61 85.72 85.82 85.91 86.09 86.16 86.29 86.39 86.43 86.53 86.58 86.67 86.79 86.84 86.86 86.93 86.97 86.91 86.94 86.95 87.00 87.09 86.87 86.90 86.94 86.88 86.98 86.84 86.69 86.68 86.54 86.55 86.50 86.46 86.35 86.24 86.05 86.03 86.01 85.99 85.91 85.81 85.76 85.68 85.55 85.55 85.51 85.39 85.31 85.32 85.32 85.26 85.26 85.26 85.21 85.29 85.22 85.30 85.39 85.36 85.35 85.31 85.18 85.15 85.09 85.07 85.01 85.03 85.17 85.25 85.25 85.31 85.46 85.61 85.72 85.75 85.90 86.05 86.17 86.28 86.30 86.37 86.44 86.52 86.55 86.65 86.69 86.64 86.66 86.67 86.43 86.46 86.56 86.43 86.41 86.26 86.17 86.24 86.02 86.11 86.05 85.83 85.76 85.73 85.69 85.70 85.60 85.61 85.56 85.48 85.44 85.50 85.51 85.35 85.40 85.39 85.55 85.72 85.77 85.86 85.92 85.95
57°N ||     85.88 85.87 85.83 85.79 85.82 85.71 85.64 85.60 85.59 85.60 85.48 85.40 85.40 85.28 85.20 85.16 84.81 84.86 84.76 84.75 84.68 84.63 84.54 84.47 84.43 84.38 84.31 84.26 84.26 84.21 84.19 84.17 84.15 84.16 84.15 84.15 84.14 84.12 84.10 84.02 84.00 83.96 83.95 83.96 84.01 84.12 84.25 84.37 84.60 84.72 84.82 84.89 84.97 85.07 85.20 85.34 85.47 85.63 85.77 85.89 86.13 86.21 86.28 86.33 86.43 86.46 86.55 86.63 86.68 86.79 86.80 87.29 86.96 86.96 86.97 87.02 87.01 86.95 86.97 86.95 86.92 87.05 86.84 86.87 86.31 87.65 86.70 86.64 86.62 86.53 86.55 86.40 86.33 86.27 86.23 86.10 86.09 85.98 85.92 85.76 85.77 85.72 85.58 85.46 85.41 85.42 85.40 85.32 85.43 85.37 85.34 85.40 85.47 85.45 85.45 85.49 85.54 85.48 85.41 85.27 85.21 85.22 85.18 85.11 85.11 85.14 85.10 85.17 85.24 85.28 85.42 85.48 85.61 85.62 85.69 85.81 85.98 86.05 86.09 86.05 86.23 86.19 86.32 86.43 86.44 86.40 86.38 86.41 86.37 86.29 86.35 86.30 86.31 86.29 86.14 86.18 86.07 86.10 86.05 85.90 85.81 85.83 85.72 85.68 85.65 85.57 85.56 85.52 85.41 85.50 85.48 85.42 85.60 85.52 85.54 85.67 85.80 85.79 85.84 85.86
59°N ||     85.81 85.84 85.82 85.70 85.78 85.76 85.56 85.68 85.67 85.67 85.60 85.53 85.44 85.37 85.26 85.12 85.15 85.03 84.96 84.89 84.82 84.74 84.64 84.57 84.57 84.53 84.50 84.44 84.41 84.37 84.35 84.31 84.29 84.30 84.34 84.30 84.30 84.30 84.24 84.17 84.15 84.13 84.13 84.20 84.24 84.37 84.45 84.58 84.73 84.83 84.91 85.05 85.10 85.20 85.33 85.43 85.57 85.72 85.86 86.06 86.29 86.17 86.46 86.51 86.53 86.59 86.68 86.74 86.77 86.76 86.86 86.85 86.89 86.97 86.98 86.99 86.93 87.02 87.07 87.03 86.93 86.90 86.91 86.84 86.81 86.79 86.75 86.72 86.65 86.51 86.40 86.45 86.32 86.32 86.09 86.16 86.13 86.05 85.88 85.84 85.75 85.71 85.68 85.63 85.62 85.57 85.44 85.44 85.46 85.50 85.57 85.59 85.59 85.59 85.51 85.58 85.57 85.58 85.42 85.36 85.33 85.27 85.16 85.18 85.11 85.12 85.09 85.15 85.21 85.23 85.33 85.32 85.50 85.64 85.60 85.50 85.71 85.77 85.75 85.91 86.01 85.88 86.04 86.14 86.13 86.06 86.14 86.12 86.13 86.13 86.13 86.16 86.15 86.09 86.07 86.12 86.08 85.98 85.98 85.89 85.92 85.80 85.76 85.67 85.63 85.57 85.43 85.44 85.41 85.47 85.51 85.53 85.58 85.57 85.61 85.66 85.74 85.85 85.70 85.79
61°N ||     85.76 85.77 85.75 85.77 85.75 85.79 85.70 85.65 85.69 85.58 85.53 85.54 85.48 85.39 85.30 85.24 85.17 85.11 85.06 84.97 84.89 84.87 84.82 84.77 84.71 84.69 84.64 84.60 84.57 84.57 84.56 84.52 84.55 84.55 84.52 84.49 84.48 84.50 84.47 84.76 84.43 84.43 84.43 84.45 84.48 84.54 84.61 84.71 84.86 84.96 85.00 85.19 85.32 85.41 85.51 85.65 85.77 85.89 86.01 86.10 86.28 86.45 86.52 86.58 86.67 87.10 86.59 86.80 86.83 86.84 86.93 86.80 86.89 87.03 87.09 87.05 87.01 87.03 86.93 86.98 86.92 86.92 86.87 86.89 86.81 86.77 86.68 86.64 86.55 86.49 86.41 86.37 86.34 86.24 86.24 86.23 86.07 85.99 85.96 85.85 85.81 85.75 85.66 85.65 85.62 85.64 85.52 85.59 85.58 85.64 85.62 85.64 85.67 85.66 85.58 85.64 85.59 85.58 85.54 85.38 85.45 85.41 85.12 85.23 85.19 85.15 85.09 85.06 85.10 85.18 85.19 85.23 85.29 84.96 85.31 85.48 85.51 85.49 85.63 85.71 85.77 85.62 85.84 85.89 85.90 85.78 85.87 85.86 85.92 85.96 85.92 85.98 85.93 85.88 85.94 85.96 85.90 85.87 85.88 85.82 85.77 85.79 85.71 85.69 85.65 85.47 85.57 85.53 85.45 85.50 85.47 85.55 85.58 85.57 85.66 85.67 85.63 85.74 85.72 85.66
63°N ||     85.81 85.69 85.69 86.47 85.72 85.75 85.76 85.73 85.70 85.68 85.63 85.54 85.52 85.43 85.40 85.37 85.30 85.26 85.14 85.03 84.86 85.01 84.96 84.92 84.89 84.87 84.82 84.83 84.83 84.78 84.77 84.73 84.72 84.69 84.66 84.64 84.62 84.64 84.63 84.62 84.61 84.64 84.65 84.69 84.75 84.80 84.87 84.91 85.03 85.13 85.29 85.39 85.51 85.65 85.80 85.88 85.97 86.08 86.21 86.23 86.34 86.47 86.59 86.70 86.69 86.72 86.86 86.84 86.82 86.81 86.88 86.83 86.90 86.90 86.93 86.98 86.94 86.86 86.85 86.90 86.87 86.86 86.77 86.71 86.67 86.43 86.49 86.45 86.44 86.40 86.38 86.29 86.19 86.14 86.19 85.95 85.91 85.93 85.88 85.82 85.81 85.74 85.68 85.68 85.69 85.67 85.66 85.67 85.66 85.64 85.69 85.67 85.72 85.67 85.65 85.63 85.61 85.54 85.60 85.53 85.46 85.43 85.42 85.33 85.27 85.22 85.14 85.12 85.09 85.10 85.11 85.16 85.21 85.22 85.28 85.37 85.41 85.41 85.50 85.38 85.58 85.43 85.61 85.68 85.59 85.71 85.71 85.72 85.76 85.76 85.73 85.75 85.83 85.83 85.82 85.79 85.79 85.75 85.78 85.79 85.75 85.70 85.73 85.69 85.57 85.62 85.62 85.63 85.45 85.51 85.53 85.56 85.49 85.61 85.68 85.71 85.68 85.73 85.74 85.76
65°N ||     85.74 85.85 85.75 85.83 85.82 85.78 85.76 85.78 85.58 85.66 85.61 85.61 85.62 85.59 85.74 85.45 85.41 85.36 85.26 85.32 85.27 85.18 85.16 85.14 85.10 85.08 84.99 85.03 85.00 84.98 84.94 84.90 84.89 84.86 84.82 84.77 84.77 84.78 84.75 84.74 84.74 84.78 84.83 84.88 84.96 85.03 85.08 85.17 85.23 85.33 85.42 85.44 85.65 85.83 85.97 86.12 86.25 86.40 86.45 86.48 86.51 86.62 86.67 86.65 86.76 86.80 86.81 86.72 86.77 86.83 86.72 86.74 86.83 86.84 86.84 86.86 86.86 86.80 86.81 86.79 86.81 86.73 86.68 86.40 87.53 89.56 85.85 86.29 86.37 86.28 86.32 86.18 86.20 86.05 86.04 85.97 85.90 85.88 85.87 85.84 85.77 85.76 85.72 85.62 85.71 85.61 85.60 85.64 85.64 85.62 85.68 85.68 85.72 85.66 85.54 85.57 85.67 85.57 85.54 85.60 85.57 85.50 85.48 85.33 85.32 85.18 85.21 85.14 85.13 85.03 85.11 85.09 85.09 85.12 85.19 85.16 85.23 85.26 85.21 85.31 85.38 85.37 85.44 85.46 85.40 85.53 85.52 85.55 85.53 85.56 85.60 85.62 85.62 85.65 85.51 85.67 85.65 85.72 85.70 85.69 85.62 85.60 85.70 85.68 85.60 85.69 85.68 85.53 85.63 85.56 85.66 85.65 85.62 85.63 85.64 85.70 85.61 85.62 85.77 85.52
67°N ||     85.82 85.81 85.86 85.82 85.80 85.89 85.85 85.80 85.83 85.79 85.65 85.69 85.73 85.62 85.65 85.59 85.58 85.54 85.52 85.51 85.37 85.41 85.31 85.26 85.26 85.16 85.24 85.22 85.15 85.12 85.10 85.03 85.04 84.97 85.20 84.90 84.89 84.89 84.86 84.88 84.90 84.94 85.02 85.05 85.11 85.19 85.28 85.39 85.47 85.57 85.70 85.84 85.96 86.11 86.27 86.41 86.56 86.67 86.78 86.89 86.92 86.89 86.80 86.75 86.75 86.74 86.70 86.74 86.79 86.75 86.77 86.77 86.73 86.79 86.78 86.74 86.71 86.60 86.76 86.71 86.68 86.63 86.48 86.43 86.41 86.29 86.26 86.28 86.24 86.26 86.18 86.11 86.10 86.01 85.97 85.90 85.86 85.83 85.79 85.70 85.65 85.70 85.67 85.58 85.60 85.61 85.62 85.58 85.54 85.46 85.51 85.64 85.68 85.63 85.60 85.62 85.53 85.59 85.58 85.57 85.53 85.44 85.47 85.42 85.36 85.32 85.30 85.19 85.13 85.11 85.06 85.01 85.02 85.02 84.96 85.08 85.09 85.12 84.91 85.17 85.22 85.29 85.31 85.27 85.30 85.32 85.19 85.40 85.39 85.42 85.40 85.50 85.49 85.53 85.55 85.54 85.56 85.57 85.59 85.63 85.51 85.53 85.53 85.59 85.58 85.57 85.67 85.67 85.68 85.63 85.68 85.63 85.72 85.70 85.61 85.65 85.67 85.78 85.76 85.80
69°N ||     85.69 85.85 85.86 85.82 85.84 85.86 85.83 85.87 85.75 85.90 85.81 85.79 85.77 85.79 85.65 85.59 85.59 85.68 85.71 85.62 85.63 85.62 85.59 85.56 85.46 85.44 85.17 85.39 85.38 85.25 85.35 85.20 85.22 85.13 85.05 85.00 85.02 85.02 85.03 85.03 85.04 85.13 85.19 85.26 85.32 85.41 85.57 85.71 85.86 85.97 86.04 86.12 86.17 86.27 86.35 86.47 86.54 86.57 86.67 86.70 86.70 86.71 86.69 86.67 86.63 86.66 86.67 86.68 86.63 86.68 86.69 86.66 86.72 86.70 86.58 86.65 86.63 86.55 86.57 86.53 86.47 86.43 86.46 86.38 86.27 86.28 86.15 86.12 86.09 86.05 86.05 85.99 85.90 85.90 85.89 85.74 85.77 85.77 85.72 85.70 85.68 85.68 85.65 85.57 85.58 85.65 85.62 85.58 85.57 85.61 85.43 85.47 85.56 85.56 85.60 85.56 85.52 85.55 85.54 85.46 85.41 85.44 85.42 85.41 85.31 85.29 85.28 85.25 85.22 85.17 85.13 85.06 85.05 85.00 84.95 84.91 84.95 85.03 85.09 85.06 85.09 85.09 85.13 85.13 85.14 85.15 85.18 85.23 85.23 85.21 85.28 85.24 85.30 85.36 85.42 85.46 85.43 85.48 85.61 85.55 85.51 85.51 85.51 85.58 85.58 85.62 85.64 85.69 85.66 85.63 85.62 85.70 85.72 85.76 85.86 85.81 85.77 85.80 85.76 85.73
71°N ||     85.83 85.90 85.95 85.86 85.82 85.89 86.31 85.77 85.87 85.88 85.77 85.82 85.84 85.79 85.88 85.90 85.89 85.82 85.95 85.73 85.65 85.76 85.76 85.70 85.63 85.59 85.52 85.45 85.49 85.38 85.41 85.43 85.44 85.30 85.39 85.40 85.29 85.29 85.31 85.33 85.28 85.41 85.46 85.50 85.59 85.65 85.74 85.88 85.95 86.06 86.14 86.20 86.20 86.18 86.25 86.27 86.29 86.33 86.37 86.36 86.33 86.39 86.39 86.42 86.55 86.47 86.48 86.52 86.61 86.53 86.56 86.53 86.51 86.56 86.49 86.43 86.44 86.47 86.43 86.36 86.32 86.31 86.27 86.20 86.14 86.12 86.07 86.06 86.01 85.92 85.83 85.76 85.80 85.82 85.74 85.73 85.69 85.67 85.65 85.61 85.55 85.52 85.49 85.48 85.53 85.56 85.54 85.50 85.52 85.51 85.57 85.51 85.49 85.50 85.45 85.50 85.44 85.43 85.35 85.42 85.32 85.39 85.37 85.27 85.28 85.27 85.26 85.26 85.21 85.16 85.12 85.13 85.09 85.07 85.00 85.01 84.97 84.94 84.91 84.89 84.85 84.84 84.87 84.91 84.95 84.99 85.05 85.07 85.14 85.12 85.19 85.18 85.18 85.20 85.28 85.25 85.36 85.42 85.46 85.49 85.51 85.44 85.54 85.56 85.57 85.63 85.61 85.64 85.54 85.68 85.67 85.65 85.59 85.71 85.74 85.77 85.86 85.73 85.81 85.79
73°N ||     85.89 85.95 85.96 85.91 85.85 85.99 86.01 85.96 85.96 86.01 86.08 85.98 86.00 85.90 86.11 85.96 85.94 85.91 85.85 85.85 85.89 85.66 85.67 85.74 85.66 85.76 85.66 86.00 85.81 85.72 85.78 85.65 85.58 85.54 85.46 85.52 85.45 85.48 85.51 85.58 85.63 85.68 85.71 85.74 85.81 85.86 85.89 85.93 85.98 86.03 86.11 86.23 86.18 86.18 86.17 86.16 86.11 86.10 86.05 86.10 86.13 86.16 86.19 86.18 86.22 86.29 86.31 86.28 86.27 86.30 86.38 86.43 86.42 86.32 86.38 86.39 86.40 86.31 86.25 86.16 86.17 86.12 86.08 86.03 86.06 86.03 85.99 85.94 85.88 85.88 85.81 85.65 85.66 85.66 85.65 85.55 85.56 85.56 85.52 85.54 85.50 85.50 85.47 85.37 85.45 85.46 85.41 85.39 85.39 85.35 85.40 85.42 85.46 85.45 85.41 85.46 85.47 85.41 85.33 85.28 85.33 85.38 85.35 85.27 85.26 85.23 85.19 85.22 85.15 85.14 85.10 85.07 85.09 85.04 85.06 85.02 84.99 84.96 84.94 84.95 84.97 84.99 85.01 85.01 85.03 85.05 85.07 85.08 85.11 85.13 85.11 85.17 85.16 85.20 85.20 85.20 85.30 85.34 85.37 85.35 85.45 85.45 85.41 85.49 85.56 85.61 85.54 85.61 85.69 85.72 85.33 86.64 85.48 84.75 85.69 85.76 85.88 85.85 85.71 85.82
75°N ||     85.84 85.94 85.88 85.93 85.93 86.05 85.90 85.99 86.01 86.00 86.05 85.97 85.99 86.09 85.99 86.05 86.04 85.87 85.95 85.99 85.94 86.03 86.08 86.16 86.00 85.83 85.86 85.86 85.64 85.71 85.73 85.68 85.80 85.84 85.90 85.74 85.69 85.70 85.61 85.73 85.71 85.75 85.84 85.82 85.82 85.76 85.84 85.89 85.92 86.01 86.06 86.07 86.07 86.07 86.08 86.19 86.05 86.03 86.05 86.06 86.13 86.17 86.20 86.20 86.20 86.16 86.13 86.15 86.19 86.10 86.21 86.21 86.22 86.22 86.19 86.23 86.17 86.16 86.07 86.09 86.02 86.01 85.95 86.09 85.91 85.84 85.79 85.74 85.73 85.74 85.67 85.65 85.62 85.57 85.57 85.55 85.62 85.46 85.43 85.41 85.39 85.39 85.39 85.35 85.37 85.38 85.39 85.36 85.32 85.38 85.35 85.33 85.38 85.38 85.37 85.35 85.33 85.36 85.29 85.29 85.29 85.27 85.22 85.30 85.30 85.27 85.19 85.17 85.17 85.10 85.16 85.13 85.14 85.10 85.04 85.06 85.03 85.03 85.02 85.01 85.00 85.05 85.05 84.96 85.02 85.05 85.08 85.10 85.06 85.06 85.09 85.13 85.15 85.16 85.19 85.19 85.22 85.29 85.32 85.36 85.36 85.42 85.43 85.49 85.52 85.51 85.52 85.55 85.59 85.64 85.65 85.70 85.65 85.86 85.88 85.91 85.91 85.91 85.87 85.80
77°N ||     85.99 85.87 85.65 85.54 85.68 85.94 85.84 85.50 85.52 85.89 85.99 85.99 86.02 85.98 85.97 85.82 85.58 85.63 85.51 85.80 85.61 85.72 86.12 86.39 85.97 85.81 85.79 85.92 85.85 85.84 85.82 85.82 85.87 85.78 85.49 85.76 85.66 85.74 85.70 85.67 85.82 85.79 85.71 85.71 85.78 85.85 85.88 85.91 85.95 85.97 85.98 86.01 85.88 86.06 86.08 86.12 86.14 86.13 86.12 86.12 86.15 85.55 85.56 85.91 86.03 86.00 85.99 86.02 85.94 85.94 86.00 86.02 86.01 86.02 85.98 85.99 85.97 85.98 86.01 85.99 85.94 85.85 85.83 85.81 85.80 85.75 85.64 85.62 85.69 85.65 85.66 85.61 85.55 85.47 85.45 85.49 85.49 85.47 85.43 85.40 85.39 85.39 85.35 85.42 85.35 85.34 85.35 85.34 85.34 85.33 85.34 85.32 85.29 85.25 85.25 85.25 85.30 85.23 85.24 85.17 85.21 85.23 85.24 85.25 85.24 85.26 85.23 85.21 85.18 85.14 85.16 85.12 85.09 85.04 84.83 84.99 85.06 85.06 85.08 85.07 85.03 85.04 85.04 85.03 85.04 85.02 85.07 85.04 85.06 85.02 85.07 85.11 85.10 85.14 85.17 85.19 85.22 85.23 85.20 85.26 85.28 85.34 85.41 85.46 85.47 85.48 85.52 85.59 85.60 85.56 85.64 85.58 85.63 85.70 85.68 85.86 85.96 85.94 85.87 85.93
79°N ||     85.68 85.57 85.57 85.66 85.68 85.64 85.60 85.60 85.63 85.61 85.63 85.48 85.71 85.66 85.69 85.77 85.77 85.81 85.81 85.75 85.73 85.84 85.82 85.85 85.89 85.93 85.85 85.65 85.71 85.61 85.66 85.69 85.72 85.73 85.69 85.74 85.70 85.78 85.77 85.75 85.77 85.79 85.78 85.74 85.68 85.70 85.73 85.77 85.79 85.86 85.92 85.88 85.91 85.94 85.97 85.98 85.94 85.98 86.04 86.03 86.07 86.09 86.07 86.09 86.04 86.04 86.10 86.05 85.96 85.91 85.85 85.82 85.76 85.78 85.79 85.65 85.61 85.65 85.74 85.76 85.66 85.71 85.58 85.19 85.41 85.69 84.81 84.96 85.45 84.53 84.79 85.19 84.97 84.69 85.08 84.56 84.69 85.15 84.96 84.75 84.84 84.87 84.95 85.24 85.27 85.22 85.26 85.27 85.29 85.28 85.27 85.27 85.27 85.26 85.22 85.24 85.23 85.23 85.21 85.06 85.50 85.04 85.18 85.16 85.14 85.17 85.15 85.12 85.13 85.14 85.14 85.14 85.12 85.13 85.12 85.12 85.14 85.13 85.10 85.11 85.09 85.06 85.01 85.02 85.03 84.97 84.91 84.92 84.96 85.00 85.02 85.00 85.07 85.11 85.11 85.17 85.15 85.20 85.19 85.20 85.23 85.29 85.31 85.38 85.39 85.44 85.42 85.41 85.45 85.56 85.55 85.58 85.59 85.63 85.65 85.61 85.60 85.72 85.73 85.71
81°N ||     84.91 84.92 84.94 84.98 84.94 84.94 84.96 84.95 84.96 84.98 85.00 85.02 85.04 85.06 85.08 85.10 85.11 85.13 85.13 85.15 85.16 85.18 85.20 85.24 85.27 85.32 85.39 85.48 85.47 85.54 85.61 85.52 85.53 85.69 85.27 85.27 85.11 85.32 84.86 84.96 85.13 85.21 85.55 85.56 85.57 85.64 85.70 85.66 85.50 85.46 85.05 85.02 84.88 85.03 85.42 85.14 85.15 85.12 85.09 85.15 85.61 85.45 85.51 85.51 85.57 85.62 85.70 85.40 85.27 85.05 85.05 85.09 84.72 84.90 84.76 84.57 84.43 84.54 84.45 84.32 84.32 84.19 84.21 84.15 84.15 84.18 84.10 84.09 84.09 84.06 84.09 84.13 84.03 84.03 84.14 84.06 84.07 84.00 84.00 84.01 84.14 84.17 84.17 84.17 84.19 84.23 84.09 84.53 84.53 84.92 84.88 84.50 84.64 85.10 84.85 84.92 84.73 84.82 85.01 84.60 84.64 84.58 84.64 84.67 84.85 85.10 84.73 84.80 84.80 84.79 84.84 84.82 84.82 84.84 84.86 84.87 84.94 85.01 85.08 85.08 85.09 85.08 85.09 85.06 85.08 85.04 85.04 85.07 85.08 85.12 85.12 85.15 85.16 85.17 85.17 85.16 85.16 85.19 85.20 85.17 85.17 85.19 85.22 85.22 85.22 85.21 85.19 85.17 85.17 85.10 85.04 85.06 85.05 85.04 85.03 84.99 84.95 84.92 84.92 84.91
83°N ||     84.61 84.61 84.62 84.61 84.62 84.61 84.62 84.63 84.63 84.65 84.66 84.69 84.70 84.72 84.73 84.76 84.79 84.80 84.85 84.85 84.88 84.89 84.89 84.88 84.88 84.84 84.95 84.92 84.90 84.49 84.46 84.33 84.45 84.52 84.35 84.48 84.31 84.32 84.33 84.29 84.23 84.28 84.19 84.14 84.15 84.21 84.20 84.18 84.21 84.24 84.30 84.36 84.49 84.54 84.33 84.37 84.29 84.23 84.23 84.29 84.24 84.59 84.53 85.06 85.20 85.34 85.46 85.55 85.53 85.26 85.05 84.80 84.60 84.48 84.43 84.33 84.29 84.24 84.21 84.19 84.17 84.15 84.13 84.11 84.09 84.07 84.06 84.04 84.03 84.03 84.03 84.02 84.02 84.01 84.00 83.99 83.98 83.97 83.96 83.96 83.95 83.94 83.93 83.92 83.91 83.91 83.90 83.90 83.91 83.95 84.01 84.09 84.07 84.10 84.04 84.09 84.17 84.20 84.15 84.11 84.09 84.10 84.20 84.13 84.16 84.11 84.15 84.16 84.13 84.15 84.09 84.11 84.15 84.22 84.19 84.18 84.21 84.14 84.18 84.18 84.24 84.41 84.45 84.51 84.74 84.71 84.92 85.06 85.08 85.06 85.03 85.02 85.02 85.02 85.06 85.08 85.06 85.06 85.00 84.98 84.96 84.95 84.93 84.91 84.88 84.86 84.83 84.81 84.80 84.78 84.76 84.75 84.73 84.71 84.70 84.69 84.66 84.64 84.62 84.62
85°N ||     84.76 84.66 84.74 84.85 84.90 85.08 84.37 84.28 84.44 84.56 84.20 84.34 84.26 84.22 84.31 84.40 84.09 84.02 84.01 84.01 84.01 84.10 84.28 84.17 84.18 84.23 84.37 84.27 84.26 84.36 84.36 83.95 83.98 84.09 83.98 83.95 83.94 83.94 83.95 83.96 83.95 84.00 83.97 83.94 83.95 83.93 83.90 83.90 83.90 83.95 83.96 83.94 83.97 84.05 84.04 84.00 84.00 84.01 84.04 84.06 84.07 84.05 84.09 84.06 84.05 84.04 84.14 84.14 84.31 84.44 84.53 84.66 84.50 84.49 84.50 84.61 84.73 84.88 84.94 84.93 84.94 84.88 84.60 84.42 84.26 84.23 84.25 84.29 84.36 84.50 84.84 84.87 84.10 84.03 84.02 84.05 84.03 84.01 83.97 83.95 83.94 83.96 83.93 83.91 83.90 83.89 83.88 83.88 83.87 83.86 83.86 83.86 83.87 83.87 83.87 83.88 83.89 83.90 83.90 83.90 83.90 83.91 83.92 83.91 83.91 83.91 83.91 83.91 83.91 83.90 83.91 83.90 83.90 83.91 83.92 83.92 83.95 83.94 83.94 84.00 83.93 83.93 83.93 84.05 84.06 84.07 84.12 84.22 84.12 84.05 84.09 84.04 84.16 84.19 84.29 84.39 84.19 84.27 84.34 84.38 84.35 84.27 84.32 84.52 84.45 84.51 84.61 84.86 84.68 84.91 84.72 84.58 84.51 84.45 84.52 84.64 84.74 84.55 84.57 84.61
87°N ||     83.80 83.85 83.83 83.84 83.87 83.84 83.84 83.83 83.77 83.76 83.76 83.76 83.79 83.80 83.77 83.74 83.74 83.75 83.74 83.74 83.74 83.77 83.77 83.70 83.70 83.70 83.72 83.73 83.74 83.74 83.75 83.71 83.68 83.70 83.68 83.64 83.62 83.61 83.61 83.61 83.64 83.63 83.67 83.66 83.63 83.58 83.57 83.56 83.58 83.60 83.60 83.60 83.61 83.62 83.66 83.71 83.71 83.73 83.74 83.74 83.73 83.71 83.70 83.70 83.69 83.69 83.68 83.69 83.70 83.72 83.79 83.89 83.91 83.88 83.88 83.85 83.89 83.86 83.85 83.88 83.84 83.82 83.81 83.81 83.83 83.81 83.83 83.87 83.83 83.87 83.81 83.78 83.80 83.77 83.74 83.74 83.75 83.75 83.77 83.76 83.74 83.70 83.71 83.73 83.74 83.69 83.68 83.67 83.66 83.65 83.65 83.67 83.65 83.65 83.66 83.67 83.67 83.69 83.68 83.74 83.66 83.67 83.68 83.70 83.74 83.77 83.71 83.71 83.73 83.73 83.76 83.72 83.66 83.66 83.66 83.65 83.66 83.67 83.71 83.71 83.72 83.72 83.73 83.72 83.74 83.74 83.75 83.73 83.71 83.67 83.70 83.67 83.72 83.70 83.65 83.66 83.67 83.78 83.74 83.77 83.73 83.81 83.81 83.85 83.85 83.86 83.83 83.81 83.82 83.82 83.81 83.85 83.87 83.86 83.87 83.88 83.85 83.86 83.89 83.84
89°N ||     83.50 83.49 83.49 83.51 83.51 83.46 83.45 83.43 83.42 83.42 83.43 83.42 83.42 83.41 83.41 83.41 83.40 83.40 83.40 83.40 83.39 83.40 83.41 83.40 83.40 83.40 83.39 83.37 83.36 83.35 83.34 83.33 83.33 83.32 83.31 83.31 83.30 83.30 83.30 83.29 83.29 83.29 83.29 83.28 83.28 83.28 83.28 83.28 83.28 83.29 83.30 83.30 83.31 83.33 83.34 83.35 83.36 83.37 83.38 83.38 83.38 83.39 83.39 83.40 83.40 83.41 83.42 83.42 83.42 83.43 83.43 83.43 83.44 83.45 83.46 83.46 83.47 83.48 83.49 83.50 83.49 83.49 83.49 83.50 83.49 83.50 83.50 83.49 83.50 83.50 83.50 83.51 83.52 83.52 83.50 83.49 83.48 83.49 83.53 83.54 83.52 83.49 83.48 83.48 83.47 83.46 83.46 83.45 83.44 83.43 83.43 83.43 83.42 83.42 83.42 83.41 83.41 83.41 83.40 83.40 83.40 83.40 83.40 83.40 83.41 83.40 83.40 83.39 83.39 83.38 83.38 83.38 83.37 83.37 83.36 83.35 83.34 83.33 83.32 83.32 83.31 83.31 83.31 83.31 83.31 83.30 83.31 83.31 83.31 83.32 83.33 83.33 83.34 83.35 83.36 83.37 83.38 83.40 83.39 83.37 83.38 83.38 83.39 83.39 83.38 83.39 83.39 83.39 83.40 83.41 83.42 83.43 83.43 83.44 83.45 83.46 83.47 83.47 83.48 83.49
