Mars Surface Radiation Result (absorbed dose in thin silicon slab) (1E-6 Gy/day).
Column 1 is East longitude (°)
Line 1 is North latitude (°)

-179  -177  -175  -173  -171  -169  -167  -165  -163  -161  -159  -157  -155  -153  -151  -149  -147  -145  -143  -141  -139  -137  -135  -133  -131  -129  -127  -125  -123  -121  -119  -117  -115  -113  -111  -109  -107  -105  -103  -101  -99  -97  -95  -93  -91  -89  -87  -85  -83  -81  -79  -77  -75  -73  -71  -69  -67  -65  -63  -61  -59  -57  -55  -53  -51  -49  -47  -45  -43  -41  -39  -37  -35  -33  -31  -29  -27  -25  -23  -21  -19  -17  -15  -13  -11  -9  -7  -5  -3  -1  1  3  5  7  9  11  13  15  17  19  21  23  25  27  29  31  33  35  37  39  41  43  45  47  49  51  53  55  57  59  61  63  65  67  69  71  73  75  77  79  81  83  85  87  89  91  93  95  97  99  101  103  105  107  109  111  113  115  117  119  121  123  125  127  129  131  133  135  137  139  141  143  145  147  149  151  153  155  157  159  161  163  165  167  169  171  173  175  177  179  
--------------------------------------------------------------------------------------------------
-89°N ||     86.62 86.68 86.74 86.76 86.76 86.75 86.74 86.76 86.79 86.82 86.97 87.02 87.00 87.06 87.23 87.32 87.37 87.45 87.46 87.37 87.31 87.42 87.43 87.39 87.33 87.30 87.25 87.26 87.33 87.30 87.37 87.46 87.41 87.36 87.44 87.39 87.32 87.28 87.19 87.11 87.06 86.99 86.94 86.92 86.90 86.91 86.91 86.92 86.92 86.91 86.89 86.89 86.86 86.86 86.87 86.87 86.80 86.78 86.76 86.77 86.77 86.76 86.78 86.75 86.77 86.80 86.81 86.69 86.63 86.65 86.61 86.62 86.62 86.62 86.58 86.56 86.55 86.55 86.53 86.54 86.53 86.55 86.56 86.55 86.57 86.57 86.57 86.56 86.56 86.57 86.58 86.60 86.60 86.60 86.60 86.61 86.60 86.61 86.60 86.58 86.56 86.56 86.56 86.55 86.57 86.57 86.58 86.58 86.59 86.58 86.59 86.57 86.54 86.57 86.62 86.65 86.63 86.63 86.64 86.66 86.68 86.69 86.70 86.72 86.76 86.78 86.78 86.81 86.83 86.84 86.85 86.86 86.88 86.89 86.90 86.92 86.92 86.92 86.92 86.93 86.89 86.89 86.87 86.84 86.86 86.85 86.84 86.81 86.77 86.74 86.73 86.72 86.72 86.68 86.66 86.65 86.63 86.62 86.61 86.62 86.61 86.59 86.58 86.55 86.54 86.52 86.53 86.54 86.55 86.57 86.60 86.62 86.63 86.64 86.64 86.63 86.63 86.62 86.61 86.62
-87°N ||     88.08 88.17 88.21 88.31 88.29 88.34 88.28 88.26 88.24 88.16 88.16 88.15 88.09 88.01 87.98 87.97 87.99 88.00 87.99 87.95 87.95 87.98 88.08 88.10 88.07 88.02 88.01 87.92 87.98 87.84 88.04 88.06 87.93 87.92 87.92 87.95 87.96 87.95 87.93 87.88 87.82 87.87 87.85 87.84 87.82 87.81 87.82 87.77 87.74 87.70 87.59 87.72 87.57 87.34 87.38 87.34 87.24 87.14 87.09 87.08 87.25 86.83 86.93 86.72 86.66 86.65 86.59 86.55 86.52 86.52 86.51 86.52 86.58 86.57 86.31 86.26 86.19 86.11 86.09 86.27 85.99 85.81 85.82 85.73 85.71 85.72 85.74 85.77 85.81 85.83 85.86 85.84 85.82 85.77 85.76 86.20 86.10 86.27 86.07 86.24 86.21 86.24 86.34 86.35 86.39 86.48 86.53 86.68 86.76 86.79 86.63 86.62 86.66 86.69 86.71 86.70 86.75 86.79 86.86 86.87 86.93 86.99 86.99 87.03 87.09 87.07 87.08 87.14 87.20 87.18 87.24 87.24 87.26 87.31 87.42 87.52 87.58 87.70 87.65 87.51 87.39 87.36 87.34 87.33 87.30 87.32 87.25 87.01 86.97 86.96 86.96 86.98 87.02 87.01 87.00 87.00 87.04 87.13 87.20 87.19 87.24 87.29 87.35 87.36 87.45 87.51 87.61 87.67 87.81 87.86 88.02 88.03 88.04 88.03 88.05 87.92 87.67 87.75 88.05 88.22
-85°N ||     87.53 87.57 87.62 87.64 87.64 87.63 87.64 87.67 87.66 87.65 87.65 87.65 87.68 87.75 87.71 87.66 87.67 87.76 87.75 87.75 87.74 87.75 87.77 87.77 87.75 87.74 87.77 87.85 87.89 88.00 88.25 88.28 88.26 88.26 88.29 88.20 88.38 88.33 88.26 88.18 88.34 88.56 88.53 88.56 88.42 88.40 88.32 88.24 88.17 88.09 88.12 88.02 88.02 88.01 88.22 88.29 88.07 87.94 87.97 88.22 88.12 87.37 87.29 87.34 87.44 87.50 87.36 87.44 87.42 87.09 87.27 87.22 86.96 86.90 86.96 86.72 87.01 87.25 87.53 87.25 87.11 87.05 87.12 87.14 87.22 87.10 87.05 86.93 86.94 87.05 86.93 86.94 87.02 86.96 86.96 86.98 87.02 87.05 87.03 87.08 87.03 87.16 87.45 87.71 87.64 87.60 87.57 87.58 87.54 87.59 87.67 87.72 87.75 87.80 87.59 87.63 87.70 87.72 87.68 87.62 87.62 87.64 87.67 87.74 87.82 87.88 87.88 87.82 87.82 87.77 87.73 87.69 87.65 87.66 87.67 87.73 88.14 88.84 89.04 88.90 88.56 88.39 88.32 88.38 88.07 87.91 87.82 87.72 87.76 87.82 87.73 87.75 87.80 87.91 88.02 88.05 88.05 88.05 88.00 87.99 87.97 87.85 87.75 87.68 87.64 87.71 87.77 87.85 87.96 88.09 87.90 87.94 87.93 87.90 87.83 87.75 87.67 87.64 87.55 87.51
-83°N ||     87.63 87.65 87.67 87.69 87.69 87.70 87.71 87.72 87.73 87.74 87.76 87.78 87.80 87.82 87.81 87.82 87.84 87.87 87.90 87.92 87.93 87.96 87.98 88.01 88.05 88.09 88.13 88.17 88.26 88.35 88.28 88.15 88.11 88.05 88.12 88.24 88.25 88.23 88.26 88.29 88.10 88.12 88.16 88.18 88.21 88.24 88.21 88.57 88.64 88.70 88.63 88.63 88.59 88.60 88.62 88.61 88.56 88.76 88.78 88.73 88.40 88.66 88.60 88.51 88.71 88.48 88.49 88.48 88.76 88.56 88.77 88.95 89.06 89.09 89.01 88.91 88.92 88.90 88.92 89.00 89.00 88.98 88.89 88.91 88.92 88.87 88.84 88.84 88.88 88.88 88.71 88.71 88.76 88.95 88.72 88.68 88.62 88.58 88.59 88.47 88.59 88.21 88.32 88.11 88.41 88.58 88.61 88.44 88.35 88.39 88.44 88.53 88.67 88.70 88.73 88.69 88.43 88.45 88.43 88.44 88.39 88.36 88.14 88.08 88.13 88.18 88.18 88.07 88.07 88.17 88.11 88.12 88.23 88.23 88.35 88.69 89.11 89.06 89.07 89.05 89.07 88.43 88.38 88.43 88.42 88.52 88.49 88.44 88.43 88.42 88.39 88.30 88.23 88.20 88.16 88.03 87.95 87.96 88.16 88.38 88.71 88.90 88.63 88.29 87.80 87.79 87.55 87.49 87.47 87.38 87.39 87.55 87.99 88.04 87.86 87.69 87.61 87.57 87.59 87.61
-81°N ||     87.84 87.89 87.89 87.99 87.80 87.86 87.89 87.93 87.97 88.02 88.06 88.11 88.23 88.26 88.10 88.08 88.08 88.10 88.17 88.23 88.28 88.31 88.32 88.35 88.38 88.42 88.46 88.48 88.50 88.51 88.54 88.63 88.61 88.62 88.68 88.66 88.52 88.56 88.54 88.55 88.69 88.60 88.38 88.44 88.31 88.23 88.28 88.40 88.43 88.34 88.46 88.38 88.54 89.07 88.81 88.97 89.17 88.93 89.15 89.07 88.86 88.96 89.01 88.98 88.96 88.91 88.93 88.95 88.91 88.87 88.95 88.86 88.75 88.78 88.81 88.81 88.76 88.76 88.77 88.82 89.05 88.77 88.66 88.63 88.61 88.64 88.63 88.65 88.63 88.63 88.63 88.65 88.59 88.47 88.33 88.10 87.53 86.85 87.63 87.71 88.13 88.39 88.35 88.42 88.62 88.74 88.83 88.96 88.94 88.87 88.74 88.92 88.97 89.02 89.01 89.04 89.05 89.09 89.08 89.09 89.07 89.09 89.06 89.03 89.02 89.03 88.83 88.85 88.90 88.93 88.96 89.06 89.09 89.13 89.14 89.12 89.10 88.73 88.17 88.00 87.98 87.97 87.98 88.14 88.21 88.25 88.21 88.34 88.41 88.47 88.55 88.60 88.67 88.54 88.60 88.72 88.80 88.58 88.49 88.50 88.78 88.66 88.55 88.56 88.63 88.57 88.85 88.46 87.93 87.62 87.56 87.67 87.84 88.06 88.28 87.82 87.90 87.90 87.74 87.78
-79°N ||     88.03 88.06 88.07 88.15 88.13 88.10 88.10 88.14 88.15 88.29 88.20 88.26 88.30 88.32 88.38 88.42 88.29 88.37 88.25 88.47 88.44 88.46 88.45 88.73 88.98 88.37 88.64 88.90 88.80 88.86 88.82 88.82 88.81 88.82 88.84 88.86 88.86 88.85 88.79 88.77 88.78 88.63 89.01 89.09 88.51 88.67 88.67 88.58 88.55 88.67 88.79 88.69 89.07 88.96 88.97 89.12 89.27 88.57 88.96 88.58 89.08 88.96 88.58 88.88 88.86 89.02 89.03 88.99 88.98 88.97 88.95 88.98 88.97 88.97 88.96 88.94 88.95 88.98 88.97 88.87 88.93 89.02 88.85 88.83 88.86 88.99 88.78 88.90 88.80 88.83 88.87 88.81 88.81 88.64 88.03 88.05 87.70 88.11 88.51 88.68 88.61 88.79 88.81 88.83 88.86 88.97 88.87 88.95 88.81 88.95 88.70 88.87 88.77 88.77 88.54 88.47 88.90 88.98 89.11 89.13 89.15 89.14 89.14 89.13 89.15 89.14 89.12 89.14 89.13 89.15 89.12 89.11 89.15 89.14 89.13 89.13 89.16 89.16 89.13 89.12 89.12 89.14 88.98 88.77 88.91 88.59 88.30 88.32 88.34 88.26 88.29 88.36 88.60 89.20 89.13 88.64 88.50 88.85 88.11 88.16 88.58 88.19 87.97 87.85 87.78 87.86 87.78 88.10 87.96 87.91 87.90 87.94 88.04 87.83 87.76 87.85 87.92 87.99 87.99 87.99
-77°N ||     88.51 88.32 88.28 88.26 88.20 88.38 88.36 88.59 88.56 88.57 88.53 88.54 88.75 88.64 88.62 88.63 88.66 88.63 88.75 88.70 88.68 88.71 88.67 88.73 88.70 88.78 88.89 88.92 88.82 88.88 88.87 88.89 88.89 88.90 88.90 88.91 88.88 88.89 88.89 88.89 88.89 88.91 88.87 88.79 88.76 88.64 88.28 88.73 88.22 88.43 88.92 88.84 88.69 88.27 88.37 88.56 88.71 88.69 88.76 88.72 88.90 89.03 88.93 88.98 89.07 89.07 89.04 89.06 89.06 89.05 89.05 89.06 89.04 89.06 89.05 89.04 89.01 88.95 88.84 88.87 88.84 88.75 88.71 88.61 88.79 88.91 88.83 88.85 88.73 88.81 88.84 88.82 88.62 88.53 88.45 88.33 87.92 87.59 88.49 89.11 89.28 89.34 89.33 88.76 88.89 88.80 88.82 88.93 88.78 88.96 88.81 88.78 88.78 89.00 89.18 89.09 88.79 88.70 88.41 88.23 88.14 87.83 87.71 88.15 88.53 88.87 89.03 89.01 88.95 88.84 88.49 88.80 88.88 88.54 88.89 88.99 89.15 89.11 88.99 88.92 88.75 88.72 88.51 88.81 89.17 89.16 89.10 89.06 88.66 88.68 88.72 88.21 88.65 88.84 88.84 88.34 88.13 88.21 88.06 88.11 88.17 88.04 88.01 88.18 88.09 88.04 88.15 88.23 88.28 88.25 88.16 88.22 88.36 88.12 88.13 88.17 88.31 88.41 88.46 88.34
-75°N ||     88.60 88.65 88.50 88.59 88.47 88.49 88.56 88.91 88.69 88.61 89.09 89.20 88.65 88.79 88.82 88.89 88.77 88.83 88.84 88.74 88.74 88.86 88.86 88.94 88.86 88.91 88.93 88.94 88.93 88.91 88.91 88.90 88.93 88.93 88.69 88.90 88.89 88.88 88.86 88.86 88.84 88.81 88.82 88.83 88.85 88.88 88.84 88.80 88.71 88.66 88.74 88.45 88.30 88.51 88.81 88.87 88.83 89.01 89.08 89.08 89.10 89.10 89.08 89.05 89.04 89.03 89.01 88.88 88.97 88.92 88.90 88.84 88.85 88.78 88.77 88.79 88.71 88.79 88.71 88.75 88.81 88.83 88.89 88.80 89.00 88.88 88.88 88.96 88.86 88.87 88.85 88.68 88.60 88.80 88.87 88.87 88.85 88.85 88.88 88.81 88.72 88.79 88.80 88.75 88.89 88.91 88.91 88.81 88.81 88.76 88.73 88.65 88.38 88.50 88.66 88.26 88.51 88.39 88.22 88.32 88.12 88.05 88.52 88.76 88.71 88.58 89.20 88.43 88.51 88.51 88.58 88.83 88.77 88.69 88.65 88.55 88.76 88.18 87.96 87.68 87.58 87.96 89.19 89.12 89.19 88.59 88.96 88.60 89.04 89.18 89.10 89.06 89.02 89.03 89.09 88.56 87.91 87.90 87.88 87.89 87.86 87.98 88.41 88.33 88.43 88.03 88.07 88.19 88.23 88.20 88.23 88.21 88.22 88.36 88.36 88.41 88.50 88.47 88.50 88.53
-73°N ||     89.13 88.55 88.89 88.88 88.83 88.66 89.03 88.88 88.90 88.87 88.60 88.36 88.90 88.63 88.84 88.93 88.90 88.88 88.84 88.76 88.67 88.45 89.02 88.31 88.48 88.96 88.83 88.82 88.83 88.86 88.87 88.87 88.92 88.74 88.71 88.51 88.64 88.85 88.79 88.83 88.83 88.85 88.80 88.83 88.85 88.85 88.86 88.74 89.03 89.43 89.44 89.50 89.47 88.73 89.02 89.02 89.10 89.11 89.12 89.12 89.13 89.12 89.10 89.06 89.07 88.85 88.93 89.03 89.04 89.06 89.06 88.94 88.83 88.92 88.88 88.82 88.77 88.85 88.99 88.80 88.81 88.81 88.82 89.00 88.91 89.04 89.10 89.07 89.01 89.04 88.89 88.88 88.68 88.89 88.88 88.93 89.01 89.01 89.00 88.98 89.00 89.02 89.06 89.03 88.97 88.92 89.01 88.77 88.75 88.65 88.33 88.10 88.29 88.63 88.88 88.69 88.79 88.71 88.76 88.52 88.60 88.33 88.17 88.14 88.41 88.41 88.59 88.57 88.70 88.68 88.67 88.74 88.77 88.83 88.90 88.92 88.92 88.99 88.85 88.67 88.86 87.95 88.01 88.44 88.52 88.56 88.62 88.74 89.04 88.94 88.84 88.27 88.74 89.00 89.15 89.23 88.97 88.42 87.83 88.13 87.95 88.17 88.50 88.49 88.07 88.25 88.52 88.61 88.51 88.71 89.10 88.98 88.77 88.68 88.69 88.66 88.76 88.65 88.68 89.07
-71°N ||     89.02 89.04 89.07 89.10 89.12 89.20 89.25 89.22 89.22 89.23 89.24 88.91 88.56 88.42 88.02 88.02 88.47 88.54 89.07 88.64 88.67 88.59 88.48 88.53 89.41 88.84 88.85 88.86 88.79 88.67 88.72 88.67 88.66 88.76 88.72 88.69 88.65 88.82 88.75 88.76 88.84 88.74 88.82 88.77 88.81 88.84 88.70 88.60 88.65 89.08 89.39 89.32 89.46 88.55 89.03 89.09 89.10 89.12 89.09 89.10 89.14 88.99 88.93 89.00 89.05 89.07 89.09 89.00 89.01 88.48 88.70 88.84 88.77 88.89 88.72 88.86 88.82 88.57 88.47 88.41 88.32 88.89 88.86 88.84 88.93 88.94 89.01 88.91 89.03 88.95 89.18 89.14 88.96 89.00 89.01 88.93 88.90 88.54 88.87 89.01 89.07 88.95 88.98 88.98 88.96 88.97 88.81 88.28 88.54 88.71 88.69 88.73 88.73 88.83 88.83 88.77 88.90 88.79 88.85 88.89 88.84 88.93 88.94 88.84 88.88 88.74 88.34 88.45 89.09 89.10 88.62 88.75 88.67 87.93 88.54 88.66 88.72 88.42 88.28 88.48 88.60 88.31 88.78 88.88 89.01 89.02 89.01 88.87 88.88 88.95 89.09 89.04 89.14 89.04 89.36 89.44 89.40 89.26 89.09 88.99 89.11 89.03 88.92 89.09 89.17 89.13 89.13 89.05 88.98 89.19 88.99 89.13 89.08 89.10 88.84 88.83 88.86 88.91 88.73 88.98
-69°N ||     88.67 88.72 88.89 89.01 88.79 89.43 89.35 89.20 89.27 89.25 89.23 89.14 88.85 88.92 88.70 88.75 88.11 88.22 88.43 88.72 88.91 88.80 88.62 88.52 88.51 88.84 88.74 88.82 88.61 88.90 88.42 88.48 88.41 88.57 88.59 88.64 88.78 88.79 88.85 88.86 88.90 88.87 88.85 88.89 88.90 89.16 88.81 88.97 88.98 88.96 88.98 89.04 89.04 89.09 89.09 89.06 89.07 89.07 88.97 88.97 88.87 89.07 89.05 89.12 89.06 88.95 88.60 88.59 88.60 88.60 88.61 88.71 88.72 88.85 88.91 89.06 88.99 88.73 88.42 88.61 88.70 88.92 88.89 88.69 88.68 88.55 88.59 88.57 88.72 88.86 88.88 88.94 88.38 88.97 89.01 88.98 89.05 89.05 89.04 89.06 89.03 89.03 89.07 89.03 88.91 88.73 88.31 88.96 89.06 88.99 88.89 88.78 88.84 88.77 88.84 88.56 88.51 88.82 89.01 89.09 89.17 89.09 89.10 89.14 89.13 89.08 88.89 88.66 88.48 88.53 88.80 88.78 88.78 88.75 89.19 88.61 87.96 88.20 88.24 88.36 88.47 88.46 88.23 88.30 88.60 88.83 88.89 88.77 89.00 89.04 89.04 89.08 88.85 87.80 89.02 89.34 89.27 88.15 89.34 89.30 89.27 89.17 89.14 89.10 88.98 88.84 88.71 88.74 88.33 88.16 88.72 89.02 89.00 88.90 88.83 88.73 88.66 88.61 88.74 88.75
-67°N ||     89.30 88.60 88.47 88.86 88.88 88.92 88.93 89.20 89.20 89.24 89.25 89.25 89.17 89.10 88.93 88.78 88.61 88.35 88.30 88.14 88.13 87.94 88.16 88.17 88.39 88.36 88.29 88.25 88.52 88.12 88.14 88.14 88.44 89.22 88.43 88.56 88.56 88.92 88.77 88.80 88.86 88.85 88.84 88.85 88.86 88.88 88.87 88.92 88.93 88.90 88.92 88.97 88.99 88.99 88.95 89.02 89.08 89.02 89.05 89.01 88.73 88.92 89.03 89.03 88.92 88.81 89.60 89.58 89.36 88.53 88.68 88.76 88.78 88.88 88.96 88.79 88.64 88.34 88.37 88.17 88.39 88.44 88.66 88.66 88.82 88.76 88.82 88.84 88.83 88.83 88.86 88.94 88.90 88.97 88.95 89.01 88.96 88.94 88.94 88.87 88.87 88.52 88.41 88.43 88.22 88.54 89.15 89.34 89.30 89.12 89.08 88.89 88.92 88.75 88.82 88.76 88.94 88.99 89.11 89.12 89.10 89.09 89.11 89.10 89.05 89.15 89.14 89.19 89.19 89.00 88.67 88.35 88.66 88.76 88.36 88.27 88.20 87.97 88.29 87.87 88.03 88.25 88.26 88.73 88.62 88.59 88.34 88.52 88.75 88.91 89.05 89.10 88.99 89.06 89.12 89.13 89.15 89.12 88.99 89.06 89.04 89.07 88.98 88.87 88.99 88.95 88.95 88.94 88.90 88.69 89.00 88.89 88.86 88.76 88.49 88.76 88.38 88.37 88.44 88.73
-65°N ||     88.63 88.42 88.25 88.50 88.52 88.96 89.00 89.19 89.15 89.18 89.17 89.21 89.21 89.21 89.16 89.07 89.01 88.98 88.92 88.75 88.48 88.40 88.43 88.30 88.49 88.45 88.26 88.65 88.59 88.31 88.19 88.37 88.25 88.39 88.50 88.56 88.57 88.61 88.63 88.75 88.77 88.83 88.85 88.85 88.90 88.91 88.90 88.90 88.91 88.90 88.85 88.81 88.77 88.82 88.89 88.96 88.95 88.96 88.90 88.42 88.94 89.03 89.10 89.19 88.89 89.04 89.02 89.00 88.71 88.68 88.82 88.78 88.82 88.89 88.99 88.95 88.71 88.64 88.42 88.22 88.25 88.46 88.91 88.66 88.76 88.78 88.78 88.74 88.62 88.81 88.82 88.84 88.82 88.90 88.81 88.92 89.03 88.96 88.84 88.88 88.77 88.79 88.73 88.68 88.47 88.64 88.55 88.66 88.70 88.65 88.65 88.59 88.65 88.91 89.05 89.25 89.23 89.16 89.08 89.03 89.02 89.10 89.16 89.14 89.19 89.16 89.14 89.16 89.15 89.20 88.78 88.75 88.73 88.67 89.30 88.41 88.37 88.43 88.65 88.09 88.07 88.07 88.33 88.36 88.39 88.16 88.08 88.71 88.57 88.45 88.88 88.83 88.78 89.01 88.99 88.25 88.59 88.68 88.95 88.80 88.48 88.57 88.93 88.75 88.85 88.98 88.90 88.95 88.92 88.90 88.73 88.69 88.59 88.25 88.76 88.86 88.64 88.54 88.35 88.30
-63°N ||     88.56 88.55 88.73 88.41 88.27 88.52 88.81 88.87 89.00 88.97 89.09 89.02 89.17 89.10 89.11 89.03 89.06 89.07 89.02 88.76 88.47 88.44 88.28 88.34 88.29 88.37 88.38 88.27 88.24 88.29 88.26 88.35 88.49 88.50 88.48 88.36 88.26 88.45 88.67 88.54 88.77 88.62 88.51 88.73 88.76 88.74 88.64 88.80 88.77 88.75 88.64 88.67 88.79 88.99 88.85 88.50 88.73 89.03 88.96 88.98 88.94 88.93 89.00 89.10 89.26 89.14 88.80 89.16 88.73 88.99 88.87 88.77 88.79 88.74 88.79 89.03 89.10 89.05 89.02 88.84 88.74 88.56 88.62 88.62 88.64 88.67 88.75 88.75 88.76 88.74 88.74 88.75 88.81 88.78 88.81 88.71 88.79 88.82 88.74 88.86 88.88 88.74 88.78 88.87 88.81 88.68 88.59 88.48 88.50 88.38 88.65 88.72 88.88 89.14 89.31 89.33 89.34 89.25 89.16 89.12 89.10 89.08 89.10 89.11 89.21 89.23 89.18 89.16 89.17 89.18 89.09 88.83 88.77 88.89 88.69 88.45 88.30 88.39 88.31 87.86 88.80 88.18 88.49 88.44 88.43 88.27 88.18 88.08 87.93 88.20 88.45 88.66 88.57 88.61 88.77 88.93 89.05 89.05 88.92 88.85 88.60 88.63 88.73 88.71 88.63 88.15 88.12 88.34 88.61 88.75 88.82 88.86 88.76 88.89 88.87 88.40 88.64 88.69 88.66 88.76
-61°N ||     88.92 88.39 88.17 88.51 88.69 88.81 88.80 88.44 88.50 88.62 88.36 88.50 88.80 88.48 89.34 88.52 88.74 88.70 88.97 88.80 88.75 88.71 88.72 88.36 88.25 88.14 88.71 88.55 88.24 88.32 88.58 88.75 88.77 88.71 88.70 88.54 88.34 88.45 88.41 88.40 88.64 88.26 88.52 88.70 88.55 87.99 88.83 88.92 88.94 88.91 88.89 88.96 88.95 88.77 88.54 89.05 89.05 88.94 89.06 89.05 89.01 88.92 88.98 89.02 89.15 89.31 89.18 88.89 89.22 89.23 89.14 89.00 88.55 88.95 89.05 88.80 88.78 88.83 88.76 88.62 88.14 88.17 88.57 88.71 88.60 88.57 88.51 88.67 88.74 88.73 88.77 88.73 88.74 88.83 88.79 88.82 88.80 88.71 88.78 88.84 88.87 88.80 88.77 88.77 88.49 88.78 88.74 88.76 88.78 88.84 88.91 88.94 88.99 89.08 89.19 89.22 89.02 88.99 89.01 88.89 89.43 89.20 88.93 89.04 89.13 89.17 89.24 89.27 89.14 89.24 89.38 89.27 88.19 89.18 89.10 88.98 88.40 88.49 88.48 88.69 88.26 88.20 88.14 88.20 88.25 88.19 88.20 88.06 88.20 88.18 88.36 88.36 88.39 88.44 88.46 88.97 89.23 89.19 89.18 89.11 89.02 88.89 88.77 88.65 88.60 88.39 88.17 88.30 88.37 87.79 88.25 88.65 88.73 88.59 88.02 88.23 88.37 88.84 88.86 88.84
-59°N ||     88.96 88.69 88.57 88.73 88.75 88.66 87.93 88.35 88.46 88.32 88.61 88.34 88.47 87.96 88.56 88.78 88.64 88.72 88.54 88.69 88.77 88.78 88.61 88.53 88.04 88.28 88.40 88.44 88.67 88.30 88.43 88.81 88.85 88.68 88.83 88.70 88.41 88.12 88.03 88.12 88.30 88.65 88.83 88.82 88.79 88.61 88.88 88.96 89.05 89.04 89.05 89.05 89.06 89.07 88.93 88.83 88.90 88.81 88.97 89.04 88.89 88.73 89.12 89.06 88.71 89.29 88.72 89.07 89.21 88.47 88.65 89.04 89.35 88.90 89.17 88.84 88.85 88.70 88.58 88.58 88.27 88.35 88.54 88.42 88.46 88.69 88.61 88.59 88.80 88.16 88.65 88.77 88.81 88.76 88.98 88.67 88.64 88.65 89.12 88.62 88.58 88.79 88.72 88.74 88.79 88.82 88.81 88.79 88.78 88.95 89.00 89.09 89.12 89.13 89.06 88.90 88.92 88.97 88.80 88.57 88.59 88.61 88.95 89.14 89.30 89.35 89.38 89.35 89.38 89.45 89.35 89.34 89.21 89.14 89.16 89.03 88.76 88.15 87.82 88.00 89.06 88.97 87.82 87.84 88.61 88.03 88.10 87.72 88.11 88.35 88.09 88.13 88.43 88.77 88.91 89.01 89.09 89.06 89.10 89.09 89.07 89.03 88.96 88.87 88.64 88.45 88.25 88.22 88.33 88.20 88.75 87.82 88.29 88.42 88.26 88.63 88.76 88.67 88.82 88.89
-57°N ||     88.86 88.87 88.96 89.09 88.87 88.15 88.40 88.31 88.05 88.09 88.15 89.06 88.12 88.21 87.97 88.02 88.42 88.68 88.42 88.33 88.98 88.35 88.37 88.36 87.91 88.30 88.46 88.45 88.42 87.95 87.63 88.80 88.67 88.72 88.70 88.54 88.62 88.29 88.18 88.21 88.10 88.46 88.60 88.69 88.74 88.60 88.34 88.31 88.79 89.04 89.05 89.08 89.00 88.98 88.85 88.50 88.41 88.43 88.29 88.22 88.60 89.33 88.83 88.50 89.24 89.42 89.34 88.82 89.79 87.67 89.51 88.84 88.60 88.95 88.73 89.18 89.30 89.16 88.99 89.34 89.35 88.93 88.57 88.61 88.74 88.60 88.63 88.50 88.48 88.66 88.70 88.75 88.60 88.43 88.45 88.42 88.43 88.49 88.71 88.49 88.34 88.43 88.42 88.47 88.47 88.79 88.82 88.92 89.00 89.07 89.14 89.20 89.26 89.30 89.25 89.14 89.19 89.20 89.26 89.14 89.10 89.19 89.36 89.49 89.58 89.57 89.59 89.58 89.58 89.69 89.47 89.41 89.32 89.40 89.35 89.30 89.26 89.03 88.02 88.63 89.09 89.24 88.13 88.25 88.55 88.44 88.23 88.09 88.07 88.30 88.57 88.67 88.73 88.59 88.82 88.70 88.96 88.67 88.21 88.35 88.97 89.02 88.97 88.81 88.57 88.39 88.24 88.24 88.30 88.24 88.04 87.96 88.26 88.31 88.84 88.30 88.31 88.39 88.56 88.82
-55°N ||     88.89 88.90 88.97 89.00 88.67 88.64 88.59 88.34 88.23 88.54 88.51 88.44 88.34 88.42 88.21 88.35 88.65 88.59 88.58 88.53 88.20 87.76 87.76 88.95 87.73 88.30 88.51 88.52 88.50 88.33 88.20 88.71 88.69 88.61 88.70 88.49 88.34 88.17 87.92 87.86 87.93 87.87 87.84 87.99 88.47 88.28 88.19 88.42 88.75 88.89 89.02 89.03 89.04 88.77 88.54 87.99 88.22 87.95 88.16 89.15 88.50 89.41 89.50 89.25 88.63 89.98 89.92 90.02 89.92 89.93 89.93 89.61 88.40 88.75 89.31 88.94 88.84 89.22 89.14 89.09 88.83 88.67 88.75 88.74 88.68 88.60 88.61 88.47 88.53 88.37 88.53 88.64 88.77 88.60 88.65 88.87 89.23 88.67 88.65 88.70 88.69 88.65 88.32 88.41 88.34 88.49 88.90 88.96 89.07 89.17 89.24 89.30 89.38 89.46 89.46 89.52 89.57 89.62 89.65 89.80 90.00 90.11 90.15 90.23 90.36 90.13 89.98 89.96 90.35 89.78 89.62 89.56 89.49 89.38 89.45 89.41 88.70 89.11 89.02 88.84 88.73 88.62 88.68 88.69 87.98 88.27 88.36 88.34 88.56 88.73 88.92 88.92 89.24 89.06 88.66 88.77 88.88 88.12 88.24 89.02 88.86 88.74 88.63 88.64 88.40 88.31 88.41 88.54 88.68 88.55 88.53 88.15 88.59 88.37 88.24 88.31 88.47 88.70 88.72 88.85
-53°N ||     88.91 88.68 88.72 89.05 89.16 88.26 88.72 88.80 88.79 88.67 88.75 88.44 88.30 88.54 88.54 88.53 88.35 88.58 88.51 88.56 88.48 88.03 87.79 88.54 88.26 88.44 89.06 88.42 88.54 88.42 88.62 88.55 88.54 88.67 88.58 88.57 88.54 88.01 87.80 87.78 87.71 87.82 88.15 88.30 88.45 88.54 88.64 88.61 89.07 89.38 88.41 88.45 88.64 88.49 88.57 88.88 88.78 88.34 88.28 88.84 88.49 89.46 89.51 89.57 90.27 90.11 89.95 89.96 89.98 89.99 89.99 89.90 89.68 89.50 89.10 89.01 89.14 89.29 88.92 89.04 89.13 89.04 88.97 88.87 88.75 89.19 88.83 88.61 88.69 88.72 88.55 88.52 88.45 88.72 88.40 88.31 88.52 88.58 88.64 88.56 88.66 88.72 88.47 88.01 88.78 88.65 88.77 88.95 89.02 89.08 89.29 89.37 89.49 89.58 89.63 89.74 90.02 90.17 90.66 91.28 91.79 92.20 92.39 92.46 92.50 92.07 91.91 91.99 92.01 91.89 91.03 89.79 89.79 89.93 89.44 89.52 89.53 89.40 88.86 88.86 88.93 88.66 88.70 88.48 88.57 88.95 88.49 88.48 88.53 88.38 88.56 88.78 88.98 89.07 89.34 88.90 88.83 87.93 89.03 88.82 88.91 88.92 88.92 88.71 88.55 88.51 88.30 88.53 88.15 88.51 88.65 88.24 87.86 87.86 88.26 88.65 88.69 88.75 88.88 88.91
-51°N ||     88.84 88.74 88.53 88.59 88.93 88.83 88.77 88.27 88.89 88.60 88.37 88.54 88.45 88.61 88.51 88.44 88.50 88.05 88.40 88.45 88.31 88.06 87.73 87.60 87.36 88.25 88.02 88.29 88.49 88.50 88.41 88.54 88.34 88.25 88.41 88.21 88.24 88.15 87.95 87.40 87.39 87.27 87.56 88.30 88.43 88.56 88.62 88.39 89.11 89.31 88.32 88.31 88.00 87.81 88.48 89.09 89.19 89.18 88.65 88.26 88.21 88.37 89.53 89.89 90.10 89.92 90.05 89.99 89.98 89.97 89.98 90.05 89.68 89.70 89.80 90.02 89.14 89.17 88.98 89.00 89.08 89.03 88.81 88.70 88.57 88.87 88.44 88.53 88.67 88.66 88.64 88.68 88.75 88.80 88.63 88.39 88.48 88.54 88.59 88.35 88.71 88.55 88.36 88.64 88.57 88.67 88.87 89.03 89.15 89.17 89.42 89.49 89.52 89.69 89.84 90.21 90.70 91.36 92.03 92.80 93.07 93.46 93.61 93.80 93.80 93.83 93.66 93.67 93.55 93.35 93.67 93.10 90.72 90.63 90.01 89.60 89.29 88.63 88.04 89.09 88.90 88.51 89.06 88.43 88.09 88.26 88.49 88.84 88.68 88.72 88.94 88.95 88.87 88.80 88.42 88.80 88.83 88.91 88.86 88.88 88.84 88.54 88.62 88.85 88.82 88.69 88.35 88.80 88.56 88.77 88.54 88.28 88.56 88.17 88.25 88.46 88.55 88.70 88.75 88.83
-49°N ||     88.26 88.43 88.33 88.60 89.06 89.17 89.23 88.76 88.78 88.12 88.44 88.14 88.11 88.01 88.23 88.10 88.05 88.08 87.55 87.74 87.98 88.17 87.62 87.49 87.98 87.82 88.09 88.47 88.46 88.45 88.31 88.47 88.23 87.34 87.33 87.45 87.70 87.69 87.73 87.36 87.22 87.29 87.43 88.06 88.31 88.45 88.47 88.46 88.41 88.34 88.21 87.99 87.66 87.52 87.73 88.06 88.77 88.82 88.40 88.26 89.30 89.43 89.50 89.62 89.95 90.26 90.02 90.04 89.99 90.12 90.14 89.93 89.78 89.26 89.46 88.99 88.98 89.16 88.94 89.01 89.01 88.98 88.83 88.62 88.63 88.37 88.47 89.24 88.88 88.65 88.51 88.62 88.96 88.97 88.66 88.48 88.12 88.77 88.36 88.36 88.34 88.36 88.55 88.77 88.83 88.62 88.60 89.03 89.14 89.29 89.14 89.41 89.65 89.92 90.65 91.37 92.06 92.51 93.13 93.52 94.11 94.47 94.12 94.10 93.25 93.76 93.85 93.97 93.85 93.81 93.83 93.85 93.61 93.08 91.59 90.54 89.56 89.23 89.40 89.17 89.28 88.92 88.30 88.65 88.75 88.12 88.58 88.42 88.74 88.82 88.39 88.69 88.68 88.65 88.56 88.83 88.70 88.57 88.34 88.35 87.48 88.06 88.59 88.48 88.28 88.64 88.88 89.03 88.66 89.03 88.97 88.80 88.76 88.45 88.16 87.87 88.01 88.18 88.43 88.53
-47°N ||     88.09 88.44 88.27 88.24 88.70 89.04 88.62 88.28 88.63 88.35 88.13 88.21 87.47 88.46 87.62 87.80 87.17 87.36 87.94 87.78 88.15 87.69 87.95 88.18 88.15 88.44 88.01 88.27 88.40 88.37 88.38 88.37 88.41 87.82 87.67 87.77 87.99 88.03 88.02 87.80 87.48 87.39 87.67 87.76 87.66 88.13 88.14 88.21 88.05 88.09 87.84 87.72 87.46 87.47 87.42 87.69 87.95 87.92 88.32 88.64 87.98 89.13 88.91 89.47 89.46 90.08 90.25 90.22 90.15 90.23 90.18 90.00 89.87 89.31 89.45 89.42 88.99 88.95 88.83 88.50 88.92 88.78 88.72 88.69 88.48 88.52 88.36 88.53 88.73 88.66 88.72 88.73 89.04 88.71 88.57 88.10 88.33 88.23 88.45 88.82 88.34 88.10 88.29 88.51 89.04 89.06 88.82 89.01 89.23 89.20 89.12 89.29 89.57 89.76 92.01 93.25 93.67 94.35 94.72 94.09 93.68 93.94 94.27 94.18 93.82 93.54 93.33 93.71 93.89 93.78 93.80 93.62 93.63 93.54 92.99 91.92 90.80 89.74 89.50 89.40 89.34 89.27 88.94 88.66 89.01 88.98 88.62 88.86 88.81 88.80 88.81 88.41 88.28 88.55 88.26 88.46 88.50 88.08 87.81 88.32 88.83 88.90 88.27 88.20 88.55 88.90 88.81 88.92 89.03 88.97 88.94 88.89 88.34 88.34 88.14 88.52 88.30 88.19 88.45 88.36
-45°N ||     88.46 88.52 88.41 88.45 88.63 88.60 88.68 88.70 88.77 88.20 88.01 88.41 88.03 87.88 87.94 87.95 88.63 87.90 88.19 88.28 88.11 88.31 88.72 88.03 88.30 88.47 88.34 88.25 88.25 88.21 88.10 88.17 88.11 87.95 87.95 87.92 87.94 87.97 88.05 88.05 87.80 87.72 87.86 87.80 87.77 87.93 87.94 87.78 87.64 87.50 87.44 87.44 87.41 87.05 86.91 87.80 88.13 88.24 88.52 88.71 88.92 88.90 89.14 89.22 89.19 89.73 89.92 90.98 90.80 90.42 90.29 90.11 89.65 89.52 89.39 89.48 88.87 88.84 88.82 89.32 88.60 88.74 88.56 88.52 88.48 88.41 88.41 88.74 88.73 88.67 88.59 88.65 88.78 88.64 88.50 88.57 88.32 88.35 88.32 88.81 87.73 88.24 88.39 88.44 88.85 88.45 88.85 88.99 89.12 89.14 89.20 89.16 89.57 90.60 93.31 93.77 94.65 94.75 94.19 94.54 94.35 94.58 94.42 94.41 94.21 94.55 94.66 93.82 93.69 94.14 93.79 93.69 93.69 93.56 92.98 92.63 91.37 90.02 89.59 89.47 89.34 89.40 88.09 89.01 89.02 88.83 88.91 88.71 88.57 88.83 88.59 88.43 88.61 88.42 88.47 88.22 88.05 88.11 87.70 87.12 88.05 87.92 88.32 88.91 88.97 88.91 88.56 89.00 88.65 88.70 88.90 88.83 88.32 88.36 88.37 87.77 87.81 88.26 88.40 88.33
-43°N ||     88.83 88.28 88.91 88.64 88.82 88.59 88.67 88.64 88.47 88.28 88.00 88.04 87.90 87.74 88.01 88.03 88.32 88.38 88.28 88.26 87.87 88.05 88.21 88.21 87.99 88.25 88.33 88.33 87.80 88.04 87.91 88.12 88.15 87.76 87.86 87.85 87.87 87.95 88.09 88.16 87.69 87.51 86.67 86.73 87.42 87.75 87.63 87.44 87.47 87.26 87.17 87.19 87.12 87.21 87.26 87.86 87.95 88.06 88.18 88.46 88.46 88.53 88.83 88.50 89.38 89.31 89.60 89.66 89.74 89.80 89.71 89.69 89.39 89.53 89.44 88.95 88.88 89.00 88.91 88.98 88.83 89.51 88.53 88.67 88.57 88.57 88.47 88.76 88.74 88.57 88.50 88.62 88.66 88.60 88.58 88.41 88.54 88.40 88.62 88.29 88.25 88.34 88.24 87.94 88.00 88.26 88.77 89.18 88.92 89.05 89.12 89.17 89.68 91.79 93.64 94.44 94.41 94.16 94.37 94.70 94.49 94.48 94.24 94.55 94.49 93.87 94.03 93.96 94.21 93.95 93.77 93.73 93.53 93.20 92.18 92.05 91.42 90.32 89.60 89.58 89.47 89.50 89.34 89.29 89.15 89.03 88.89 88.76 88.76 89.14 88.91 88.81 88.75 88.49 88.45 88.22 87.99 87.98 88.03 88.05 87.87 87.95 88.48 89.00 89.10 89.07 88.95 88.88 88.63 88.78 88.77 88.87 87.89 88.49 88.52 88.99 88.27 88.45 88.67 88.63
-41°N ||     88.95 88.89 88.91 89.12 89.01 88.53 88.60 88.53 88.93 89.14 89.47 89.38 88.63 88.06 88.26 88.16 87.82 88.04 87.79 88.09 87.80 88.24 88.21 88.20 88.04 87.35 87.79 87.93 88.11 87.73 87.62 87.83 87.68 87.69 87.49 87.73 87.79 87.93 87.95 86.19 85.92 85.77 84.13 83.89 83.98 86.10 86.10 86.11 86.79 87.10 86.86 87.18 86.99 87.15 87.13 87.19 87.28 87.71 88.38 88.28 88.01 87.57 88.61 89.00 88.98 89.30 89.29 89.44 89.61 89.63 89.61 89.40 89.52 89.20 89.23 89.23 89.11 89.57 89.07 88.80 88.94 88.86 88.64 88.65 88.52 88.53 88.59 88.80 88.80 88.70 88.52 88.66 88.47 88.50 88.58 88.22 88.10 88.47 88.44 88.36 88.12 88.18 87.83 87.65 88.83 88.33 88.62 88.97 88.99 89.01 89.13 89.28 89.65 91.84 93.30 94.47 94.46 93.83 94.57 94.59 94.57 94.41 94.64 94.77 94.39 93.87 94.19 94.28 94.07 94.22 93.99 93.71 93.00 92.38 92.06 91.77 91.04 90.17 89.81 89.59 89.70 89.20 89.08 89.23 88.55 88.66 88.91 88.96 88.99 88.96 88.89 88.87 88.88 88.44 88.33 88.28 88.09 88.39 88.37 88.19 88.13 88.09 88.55 88.82 88.91 88.83 88.89 88.83 88.31 88.64 88.66 88.11 88.04 88.59 88.53 88.58 88.64 88.78 88.90 88.67
-39°N ||     88.85 88.94 88.75 88.48 89.06 88.43 88.78 88.69 88.15 88.46 89.25 89.25 88.31 88.05 88.51 88.30 88.50 88.13 88.33 88.39 88.52 87.95 88.53 88.53 88.32 88.32 88.13 87.91 88.02 87.92 87.81 86.18 87.14 87.49 87.49 87.63 87.74 87.71 87.09 86.97 86.46 85.33 85.03 85.12 85.47 85.60 85.52 85.76 85.22 86.22 86.86 86.89 86.93 87.03 87.17 87.21 87.41 87.69 87.76 88.16 88.17 88.29 87.95 88.13 88.67 88.23 89.04 89.55 89.49 89.47 89.49 89.48 89.28 89.19 89.27 89.21 89.16 89.05 88.95 88.97 88.93 88.93 88.83 88.71 88.69 88.52 88.76 88.93 88.72 88.67 88.82 88.85 88.79 88.48 88.60 88.36 88.37 88.33 88.31 88.60 88.14 88.27 88.02 88.12 88.06 88.03 88.57 88.87 89.02 89.04 89.04 89.37 89.69 90.84 93.11 94.57 94.79 94.66 94.25 94.51 94.78 94.64 94.74 94.78 94.51 94.19 94.54 94.29 94.42 94.07 93.81 93.27 92.55 92.16 91.59 91.24 90.97 90.58 89.78 89.44 89.38 89.02 89.03 88.95 88.94 89.06 89.11 89.02 88.52 88.93 88.96 89.01 88.85 88.73 88.46 88.64 88.46 88.23 88.65 88.53 88.30 88.19 88.21 88.37 88.63 88.71 89.00 88.88 88.68 88.66 88.77 88.64 88.88 88.81 88.83 88.63 88.73 88.88 88.98 89.06
-37°N ||     89.07 88.95 88.96 88.70 89.34 89.18 88.92 88.34 87.93 87.40 87.14 87.90 87.82 88.50 88.79 88.76 88.77 88.77 88.66 88.60 88.59 88.57 88.31 88.48 88.22 87.92 87.99 87.60 87.49 87.92 87.81 87.04 87.17 86.64 87.25 86.46 86.97 85.26 85.38 86.92 85.23 84.52 85.74 85.78 85.70 85.67 85.86 86.50 85.96 85.94 85.76 86.31 86.85 87.28 87.29 87.40 87.32 87.80 87.90 87.76 87.75 88.35 88.34 88.61 88.90 88.85 89.14 89.25 88.34 89.35 89.17 89.22 89.25 89.31 89.24 89.16 89.09 89.08 89.09 88.97 88.82 88.72 88.53 89.33 88.75 88.60 88.60 88.53 88.87 88.68 88.76 88.86 88.82 88.67 88.35 88.56 88.29 88.24 88.53 88.50 88.07 88.06 87.95 88.10 88.26 88.24 89.20 88.62 88.95 89.08 89.11 89.16 89.42 90.58 91.82 94.18 94.83 95.08 95.33 94.55 94.62 94.64 94.22 94.75 94.30 94.39 94.22 94.33 94.28 94.18 93.99 92.97 92.04 91.66 91.13 90.81 90.27 89.80 89.62 89.47 89.12 89.18 88.87 88.88 88.78 88.85 89.04 89.04 89.02 88.93 89.03 88.94 88.88 88.83 88.72 88.74 88.88 88.74 88.66 88.14 88.39 88.33 87.99 87.96 88.50 88.64 88.98 88.71 88.74 88.84 88.95 88.94 88.93 88.92 88.79 88.67 89.09 89.16 89.09 89.29
-35°N ||     89.08 89.35 88.98 88.50 88.91 88.47 88.35 88.52 88.02 87.41 87.28 87.95 88.49 88.62 88.74 88.68 88.78 87.68 88.62 88.58 88.54 88.38 88.36 88.23 87.82 88.02 87.86 87.74 87.28 87.40 87.12 86.99 87.07 86.82 86.93 87.06 86.45 85.15 85.25 85.21 84.71 85.69 86.35 86.26 85.98 86.23 86.07 86.15 86.40 86.45 86.29 85.53 86.24 87.17 87.47 87.64 87.64 87.65 87.67 87.75 87.91 88.06 88.05 88.82 88.79 88.38 88.57 88.83 88.78 89.23 89.17 89.25 89.13 88.95 89.03 89.13 89.13 89.12 89.23 89.08 88.87 88.67 88.80 88.69 88.75 88.52 88.43 88.54 88.63 88.67 88.69 88.81 88.75 88.44 88.46 88.44 88.61 88.76 88.30 88.19 88.22 87.78 87.90 88.20 88.35 88.33 88.38 88.66 89.01 88.94 88.92 89.03 89.23 89.36 90.19 91.82 94.55 94.87 95.18 95.24 94.59 94.56 95.10 95.10 94.25 94.35 94.31 94.19 94.28 94.11 93.33 91.53 90.83 90.81 90.52 90.14 90.28 89.79 89.75 89.72 89.25 89.07 88.52 88.86 88.70 88.79 88.88 88.93 89.01 89.06 88.96 88.83 88.38 88.38 88.45 88.67 88.45 88.29 88.53 88.68 88.50 88.25 88.54 88.71 88.58 88.59 88.48 88.66 88.64 88.32 88.98 89.04 88.87 88.83 88.94 88.99 89.28 89.20 88.99 88.60
-33°N ||     89.14 89.19 88.53 88.41 88.54 87.88 88.19 87.44 87.46 87.91 87.86 88.05 88.55 88.66 88.86 88.62 88.80 88.83 88.60 88.61 88.04 88.42 88.36 88.34 88.09 87.87 87.87 87.70 87.51 87.26 87.10 86.36 86.70 86.50 86.19 86.35 85.74 84.84 84.70 84.05 84.31 85.72 86.52 86.17 86.82 86.26 87.06 87.14 86.92 86.97 86.44 85.60 84.86 86.37 87.16 87.63 87.61 87.67 87.70 87.69 88.00 88.33 88.21 88.80 88.86 88.90 88.88 88.88 88.83 88.73 88.86 89.15 89.12 88.97 89.18 88.99 89.23 89.11 89.08 89.15 89.02 88.90 89.02 88.83 88.78 88.69 88.65 88.56 88.55 88.60 88.63 88.39 88.55 88.67 88.50 88.59 88.42 88.60 88.38 87.98 88.12 87.99 87.79 87.97 88.19 88.29 88.29 88.24 88.73 88.92 88.82 88.78 88.64 88.86 89.23 89.98 92.68 94.04 94.64 95.01 94.98 95.25 94.37 94.19 94.40 94.40 94.15 94.13 93.27 92.29 91.74 90.60 89.93 89.88 89.84 89.83 90.07 89.90 89.66 89.62 89.43 89.09 88.87 88.80 88.69 88.65 88.76 88.73 88.80 88.89 88.87 88.70 88.59 88.44 88.03 87.93 88.02 87.98 88.48 88.17 88.43 88.62 88.27 88.48 88.39 88.33 88.62 88.73 88.88 88.62 88.75 89.05 88.58 88.92 88.93 89.03 89.11 89.00 88.81 88.79
-31°N ||     89.12 88.69 88.60 88.54 88.05 88.10 87.67 88.01 88.10 87.97 88.10 88.12 88.42 88.62 88.81 88.81 88.82 88.49 88.41 88.63 88.34 88.39 88.33 88.27 88.10 88.05 87.87 87.70 87.42 87.13 86.86 86.70 86.64 86.10 85.94 86.43 85.65 84.64 84.78 84.02 84.97 85.75 86.11 86.65 86.87 87.07 87.10 87.29 87.30 87.41 86.62 85.61 85.98 86.08 86.22 86.19 87.35 87.81 87.80 88.06 88.36 88.63 88.79 88.83 88.94 88.91 88.96 89.04 88.99 88.96 89.02 89.41 88.99 88.85 88.96 88.97 89.03 89.09 89.19 89.18 89.22 89.16 89.04 89.05 88.96 88.74 88.55 88.43 88.57 88.59 88.57 88.62 88.42 88.58 88.62 88.54 88.59 88.50 88.47 88.15 88.13 88.49 88.26 88.12 88.33 88.47 88.53 88.32 88.74 88.89 89.03 88.78 89.01 88.95 89.36 89.35 89.94 90.44 90.94 93.60 94.30 94.79 93.99 94.26 94.10 94.20 93.84 93.31 91.03 89.96 90.67 90.31 89.77 89.76 89.71 89.56 89.54 89.65 89.63 89.50 89.46 88.89 88.92 88.74 88.80 88.53 88.63 88.61 88.62 88.68 88.76 88.62 88.47 88.47 88.20 88.14 88.59 87.96 87.81 87.64 88.52 88.74 88.96 88.59 88.72 88.82 88.92 88.87 88.90 88.82 88.74 88.91 88.70 88.88 88.88 88.75 88.88 88.97 88.96 88.92
-29°N ||     89.14 88.72 87.72 88.56 88.07 87.91 88.31 87.94 88.21 88.05 88.03 88.19 88.62 88.75 88.83 88.80 88.79 88.00 88.70 88.69 88.54 88.35 88.34 88.25 88.18 88.03 87.89 87.63 87.34 87.08 86.83 86.52 86.32 86.26 86.21 85.48 85.51 85.05 83.72 82.83 84.87 85.88 86.28 86.57 86.88 87.14 87.31 87.44 87.54 87.55 87.54 87.43 86.83 86.85 86.77 86.12 86.38 86.83 87.79 88.02 88.42 88.84 88.92 88.90 89.07 88.94 88.86 88.93 89.06 89.05 89.14 89.28 89.15 88.95 89.09 89.24 89.13 89.12 89.29 89.27 89.25 89.26 89.14 89.20 88.87 88.85 88.75 88.59 88.50 88.61 88.63 88.66 88.73 88.67 88.64 88.58 88.60 88.25 88.52 88.25 88.60 88.65 88.44 88.43 88.63 88.71 88.76 88.69 88.29 88.85 88.66 89.00 89.07 89.13 88.74 88.89 89.50 89.44 89.76 89.76 90.33 90.31 91.39 93.04 92.02 92.27 91.05 91.50 89.91 89.69 89.57 89.44 89.59 89.65 89.58 89.43 89.49 89.48 89.45 89.21 89.18 89.01 88.86 88.77 88.74 88.64 88.62 88.67 88.66 88.69 88.72 88.57 88.56 88.22 88.39 88.06 87.66 87.85 88.41 87.61 88.38 88.69 88.80 88.47 88.83 88.25 88.81 88.93 88.79 88.72 88.86 88.78 88.65 88.74 88.77 88.91 88.81 88.91 88.99 89.09
-27°N ||     88.97 88.71 88.67 88.61 88.18 88.07 88.50 87.79 88.14 88.39 88.30 88.56 88.53 88.65 88.87 88.72 88.88 88.32 88.72 88.32 88.35 88.36 88.27 88.25 88.09 87.99 87.86 87.74 87.34 87.04 86.71 86.41 86.02 86.02 85.85 86.01 86.18 84.88 84.61 83.05 85.10 85.92 86.27 86.65 86.96 87.23 87.42 87.56 87.65 87.80 87.81 87.89 87.69 87.17 87.18 87.27 87.51 87.49 87.41 87.39 87.21 88.48 88.96 88.99 88.97 88.99 89.05 89.15 89.04 88.99 89.02 89.31 89.37 89.48 89.27 89.09 89.25 89.26 89.37 89.36 89.36 89.35 89.30 89.18 89.11 88.96 89.00 89.00 88.76 88.67 88.62 88.75 88.75 88.46 88.56 88.65 88.65 88.44 88.43 88.42 88.62 88.77 88.41 88.61 88.76 88.67 88.85 88.43 88.12 88.32 88.76 88.79 88.96 88.83 88.80 88.85 88.83 89.46 89.43 89.52 89.59 89.61 89.72 89.76 89.81 90.02 90.45 90.08 89.93 89.67 89.46 89.58 89.58 89.51 89.32 89.41 88.19 89.44 89.43 88.55 88.92 88.71 88.65 88.65 88.68 88.68 88.69 88.70 88.63 88.61 88.59 88.40 88.03 87.95 87.84 88.07 88.52 87.76 87.81 88.32 88.04 88.38 88.72 88.71 88.98 88.40 88.88 88.73 88.88 88.98 88.95 88.85 88.58 88.42 88.47 88.74 88.74 88.78 89.01 89.04
-25°N ||     89.05 88.62 88.85 88.67 88.60 88.56 88.65 88.86 88.48 88.70 88.57 88.95 88.95 88.90 88.97 88.84 88.88 88.62 88.35 88.69 88.42 88.32 88.28 88.17 88.05 87.88 87.75 87.59 87.25 86.83 86.50 86.21 85.94 85.76 85.69 85.03 85.40 85.74 84.61 84.93 85.35 85.87 86.33 86.67 86.88 87.13 87.30 87.53 87.67 87.71 87.88 87.94 87.72 87.40 86.64 87.27 87.54 87.68 87.67 87.54 86.91 87.97 88.84 88.88 88.97 88.99 88.99 88.67 88.83 88.92 88.97 88.99 89.26 89.57 89.65 89.34 89.41 89.45 89.55 89.43 89.43 89.39 89.54 89.34 89.44 89.14 89.18 89.18 89.15 88.76 88.96 88.87 89.01 88.45 88.73 88.69 88.69 88.37 88.11 88.63 88.64 88.56 88.61 88.64 88.54 88.25 88.56 88.06 87.89 88.18 88.40 88.48 88.74 88.62 88.94 89.21 89.00 89.32 89.43 89.50 89.56 89.51 89.47 89.71 89.54 89.86 89.73 89.48 89.42 89.34 89.42 89.30 89.29 89.40 89.29 88.87 88.81 89.01 88.42 88.75 88.65 88.52 88.41 88.46 88.53 88.58 88.78 88.63 88.59 88.50 88.46 88.31 88.01 87.69 87.82 88.04 88.32 87.99 87.54 87.90 87.81 88.14 88.45 88.76 88.52 88.55 88.86 88.56 88.79 88.91 88.92 88.67 88.45 88.83 88.88 88.75 88.84 89.07 89.20 89.03
-23°N ||     89.04 89.04 88.71 88.71 88.64 88.71 88.84 88.94 89.01 89.06 89.04 89.01 89.12 89.17 89.01 89.10 88.20 88.42 88.75 88.48 88.47 88.27 88.26 88.17 88.02 87.78 87.58 87.27 86.92 86.56 86.22 85.84 85.63 85.51 85.56 85.48 84.68 85.04 84.57 84.83 85.32 85.87 86.20 86.45 86.69 86.91 87.14 87.37 87.61 87.76 88.00 88.01 88.01 87.73 87.11 87.27 87.54 87.55 87.51 87.20 86.60 88.17 88.77 88.82 88.64 88.78 88.94 88.72 88.96 88.94 88.84 89.11 89.19 89.45 89.53 89.61 89.40 89.47 89.42 89.50 89.50 89.46 89.47 89.59 89.42 89.27 89.31 89.36 89.29 88.66 89.04 88.90 89.06 89.06 89.07 88.78 88.71 89.32 88.59 88.35 88.47 88.31 88.13 88.02 88.24 88.56 87.98 87.93 87.67 88.15 88.35 88.67 88.58 88.32 88.29 88.48 88.87 89.01 89.15 89.26 89.46 89.34 89.46 89.56 89.56 89.71 89.54 89.35 89.35 89.28 89.08 89.12 89.21 89.26 88.82 88.44 87.96 88.10 88.39 88.63 88.48 88.34 88.10 88.23 88.47 88.55 88.61 88.67 88.49 88.44 88.39 88.34 88.49 88.38 88.43 88.01 88.38 88.02 87.70 87.98 87.65 88.31 88.47 88.66 88.66 88.78 88.73 88.83 88.79 89.14 88.82 89.32 88.82 88.89 88.94 88.90 88.79 89.15 89.31 89.05
-21°N ||     88.94 88.99 88.74 88.74 88.71 88.71 88.91 89.27 89.12 89.07 88.99 89.02 89.08 88.98 89.06 89.12 88.90 88.67 88.69 88.54 88.40 88.26 88.21 88.08 87.92 87.73 87.38 86.95 86.46 86.05 85.74 85.38 85.16 85.13 85.26 84.78 84.94 84.25 84.39 84.89 85.26 85.66 85.91 86.16 86.45 86.66 86.96 87.18 87.42 87.63 87.77 87.95 88.00 87.70 87.30 87.54 87.21 87.46 87.19 86.87 86.94 87.26 88.72 88.71 88.77 88.70 88.92 89.00 88.97 88.99 89.06 89.06 89.19 89.32 89.57 89.69 89.55 89.49 89.55 89.58 89.54 89.52 89.50 89.58 89.54 89.59 89.38 89.39 89.30 89.11 89.01 89.09 89.17 89.18 88.95 88.87 88.76 88.52 88.48 88.59 88.66 88.72 87.99 88.27 88.46 88.38 88.54 87.79 87.70 88.07 88.39 88.11 88.46 88.46 88.51 88.69 88.76 89.01 89.06 89.28 89.35 89.42 89.21 89.50 89.38 89.33 89.35 88.85 89.09 89.09 89.03 88.94 89.18 88.84 88.57 88.36 87.49 87.62 88.29 88.19 88.37 88.36 88.09 87.83 88.51 88.60 88.62 88.64 88.64 88.48 88.29 88.09 87.86 88.12 88.67 88.12 88.26 88.20 87.81 88.37 88.26 88.39 88.29 88.28 88.71 88.81 88.96 88.83 88.67 89.14 89.22 89.06 89.10 89.24 89.19 88.91 88.67 89.00 89.00 88.85
-19°N ||     88.47 88.68 88.68 88.55 88.78 88.95 89.13 89.45 89.43 89.27 89.19 89.05 89.11 89.09 89.19 89.08 88.92 88.90 88.58 88.55 88.42 88.23 88.11 87.89 87.74 87.50 87.16 86.52 85.71 85.26 84.97 84.82 84.68 84.80 85.01 83.46 84.66 84.16 84.30 84.59 84.77 85.14 85.42 85.70 86.05 86.38 86.72 86.98 87.28 87.48 87.62 87.73 87.87 87.83 87.49 87.14 87.12 87.10 87.21 87.11 86.80 87.97 88.59 88.56 88.70 88.82 89.04 89.06 89.10 88.99 89.07 89.18 89.32 89.50 89.79 89.83 89.78 89.52 89.63 89.61 89.77 89.59 89.55 89.54 89.64 89.70 89.48 89.36 89.36 89.39 89.30 89.21 89.23 89.18 88.95 88.98 88.77 88.70 88.85 88.35 88.61 88.67 88.17 88.44 88.12 88.38 87.82 87.66 88.08 88.10 87.93 88.23 88.21 88.36 88.45 88.55 88.59 88.55 88.59 89.15 89.25 89.25 89.30 89.30 89.19 89.20 88.96 88.97 89.02 88.96 88.92 88.60 88.48 88.65 88.46 88.23 87.87 87.75 88.09 88.26 88.48 88.51 88.66 88.66 88.56 88.60 88.62 88.63 88.54 88.46 88.59 88.17 87.93 88.01 88.34 88.44 88.36 88.49 88.12 88.43 88.50 88.36 88.27 88.21 88.61 88.62 88.56 88.52 88.96 89.19 89.33 89.40 89.44 89.53 89.40 89.42 89.35 89.22 89.24 88.50
-17°N ||     88.52 88.50 88.59 88.84 88.85 88.99 89.34 89.40 89.40 89.36 89.29 89.15 89.18 88.84 89.17 89.37 89.04 89.03 88.80 88.53 88.41 88.25 87.93 87.67 87.49 87.21 86.76 85.72 84.81 84.23 84.14 84.22 84.40 84.56 84.24 83.60 84.00 84.21 84.07 83.95 84.08 84.48 84.88 85.18 85.67 86.07 86.43 86.70 87.02 87.30 87.42 87.62 87.66 87.73 87.44 87.11 86.65 86.67 87.15 87.04 86.83 88.11 88.59 88.19 88.52 90.06 90.76 89.76 89.06 89.14 88.92 89.16 89.31 89.45 89.82 89.79 89.82 89.52 89.66 89.56 89.64 89.61 89.62 89.61 89.63 89.61 89.53 89.53 89.50 89.41 89.24 89.26 89.26 89.18 89.07 89.05 88.83 88.87 88.64 89.03 88.71 88.54 88.23 88.22 88.19 88.13 88.22 87.81 88.21 88.17 88.29 88.16 87.99 87.97 88.23 88.27 88.40 88.81 88.85 88.54 88.87 88.81 88.92 88.95 88.90 89.14 89.09 89.09 89.02 88.95 88.59 88.62 87.88 88.17 88.27 88.15 87.69 87.71 88.15 88.35 88.57 88.60 88.69 88.75 88.63 88.60 88.58 88.53 88.51 88.32 88.43 88.36 88.10 88.19 88.09 88.14 88.36 88.52 88.36 88.73 88.52 88.49 88.32 88.18 88.86 88.23 88.47 88.64 88.99 89.31 89.40 89.48 89.48 89.55 89.61 89.46 89.47 89.36 89.46 89.16
-15°N ||     89.29 88.52 89.08 88.94 89.12 89.22 89.60 89.53 89.35 89.38 89.37 89.18 89.08 89.11 89.20 89.36 88.52 89.07 89.18 88.62 88.47 88.22 87.97 87.70 87.34 86.87 86.06 84.66 83.16 82.69 83.18 83.78 83.97 84.23 84.38 84.31 84.50 84.54 83.84 83.50 83.48 84.07 84.44 84.78 85.29 85.85 86.24 86.53 86.73 86.90 86.93 87.31 87.50 87.52 87.25 87.14 86.79 87.61 87.03 87.75 88.03 89.85 90.42 90.81 91.19 90.93 90.39 91.21 91.19 89.23 89.17 89.42 89.38 89.44 89.70 89.68 89.77 89.68 89.62 89.60 89.62 89.63 89.60 89.71 89.60 89.58 89.59 89.53 89.48 89.45 89.48 89.39 89.33 89.18 89.09 89.10 89.03 88.91 88.57 88.88 88.46 88.53 88.42 88.15 88.24 88.02 88.12 88.09 87.97 88.03 88.33 87.96 87.81 87.79 87.86 87.56 88.29 88.82 88.83 88.85 88.55 88.85 88.83 88.77 88.92 89.04 88.99 89.13 88.82 88.59 88.45 87.80 87.72 87.77 87.99 87.89 87.69 87.85 87.90 88.25 88.49 88.65 88.63 88.65 88.73 88.65 88.51 88.58 88.36 88.44 88.34 88.49 88.05 87.81 88.54 88.66 88.20 88.63 88.69 88.52 88.56 88.48 88.22 88.39 88.71 88.79 88.71 88.74 88.90 89.42 89.53 89.85 89.66 89.62 89.48 89.68 89.55 89.79 89.13 89.21
-13°N ||     89.36 89.32 89.18 89.03 89.15 89.34 89.50 89.62 89.56 89.61 89.51 89.32 89.26 89.34 89.32 89.35 89.12 89.10 89.01 88.80 88.58 88.29 88.01 87.71 87.25 86.64 85.69 83.69 81.27 80.74 82.12 83.31 83.68 83.78 83.87 84.58 84.34 84.30 83.69 83.42 83.47 84.70 83.99 84.50 85.05 85.56 86.06 86.36 86.59 86.76 86.82 87.50 87.00 87.96 90.07 89.83 89.73 88.25 91.08 91.46 90.00 88.20 88.14 88.33 90.20 90.21 89.74 89.83 88.85 90.81 89.44 89.35 89.45 89.53 89.56 89.71 89.65 89.78 89.88 89.66 89.64 89.64 89.63 89.63 89.56 89.58 89.63 89.55 89.48 89.58 89.51 89.47 89.39 89.28 89.40 89.21 89.11 88.96 88.87 88.87 88.84 88.65 88.38 88.22 88.05 88.38 88.08 88.06 87.96 87.89 87.90 88.03 87.70 88.00 87.91 88.07 88.10 88.67 88.78 88.67 88.72 88.85 88.78 88.77 88.59 88.88 88.93 88.94 88.82 88.69 87.95 87.74 87.49 87.90 87.83 88.01 87.68 87.83 88.35 88.38 88.73 88.66 88.74 88.69 88.73 88.69 88.44 88.32 88.28 88.31 88.29 88.12 88.39 88.08 88.71 88.70 88.35 88.35 88.61 88.69 88.50 88.56 88.30 88.20 88.45 89.04 89.07 89.15 89.33 89.55 89.64 89.73 89.76 89.72 89.70 89.77 89.84 89.72 89.82 89.72
-11°N ||     89.81 89.66 89.85 89.86 89.45 89.44 89.53 89.65 89.57 89.57 89.51 89.49 89.50 89.35 89.44 89.39 89.35 89.20 89.10 88.91 88.67 88.46 88.08 87.71 87.12 86.53 85.65 83.91 81.36 79.20 80.36 83.29 83.58 83.59 83.50 84.18 84.11 83.81 83.33 83.08 83.58 83.95 83.90 84.45 84.91 85.35 86.05 86.25 86.45 86.68 86.58 87.23 89.47 89.80 91.87 91.95 88.80 86.10 85.93 86.95 87.56 87.74 87.98 88.17 88.54 88.46 88.61 89.33 88.99 89.13 91.27 89.78 91.34 89.74 89.61 90.17 90.00 89.75 89.85 89.87 89.67 89.67 89.70 89.65 89.67 89.64 89.72 89.60 89.63 89.55 89.55 89.61 89.42 89.35 89.25 89.25 89.26 89.05 88.30 88.58 88.88 88.91 88.58 88.41 88.32 88.06 88.03 88.10 87.91 87.94 88.26 88.04 88.10 87.86 88.06 88.17 88.09 88.28 88.55 88.39 88.49 88.67 88.64 88.58 88.35 88.85 88.83 88.98 88.84 88.82 88.63 88.04 87.60 87.78 87.74 88.16 87.91 88.28 88.54 88.56 88.83 88.78 88.69 88.75 88.77 88.74 88.66 88.69 88.51 88.49 88.35 88.10 87.79 88.18 88.14 88.34 88.64 88.71 88.53 88.80 88.65 88.96 89.10 88.91 89.04 89.53 89.13 89.32 89.43 89.61 89.68 89.70 89.84 89.80 89.88 89.95 89.96 89.66 89.72 89.60
-9°N ||     89.51 89.60 89.59 89.77 89.87 89.52 89.67 89.57 89.67 89.71 89.57 89.61 89.52 89.49 89.49 89.41 89.40 89.29 89.20 88.99 88.83 88.52 88.25 87.82 87.32 86.67 85.87 85.06 81.77 77.74 77.72 82.15 83.45 83.46 83.54 83.42 83.87 83.64 83.68 83.36 83.50 84.16 85.84 87.41 86.36 85.43 86.02 86.59 86.54 86.93 89.68 90.20 90.11 91.67 89.93 86.60 85.73 87.30 86.36 87.52 87.75 87.87 88.36 88.34 88.67 88.79 89.56 89.05 90.22 89.26 91.38 91.43 91.75 90.77 90.50 90.08 89.68 89.79 89.82 90.33 89.87 89.66 89.72 89.74 89.71 89.74 89.81 89.63 89.65 89.66 89.72 89.49 89.49 89.46 89.35 89.22 89.26 89.14 88.79 88.73 88.91 88.73 88.51 88.63 88.60 88.28 88.06 88.35 89.05 89.24 88.14 88.31 88.24 88.30 88.27 88.15 88.15 88.21 88.41 88.45 88.42 88.29 88.44 88.29 88.27 88.37 88.57 88.81 88.85 88.85 88.63 88.33 87.64 88.31 88.30 87.86 88.53 88.70 88.29 88.62 88.84 88.87 88.96 88.84 88.84 88.71 88.65 88.90 88.84 88.57 88.00 88.17 87.82 88.41 88.71 88.61 88.76 89.01 88.77 88.86 89.15 89.53 89.66 89.46 89.44 89.66 89.64 89.58 89.67 89.69 89.75 89.82 89.90 90.48 90.12 90.07 89.73 88.85 89.71 89.65
-7°N ||     89.68 89.66 89.62 89.62 90.19 89.98 89.73 89.78 90.03 89.83 89.77 89.66 89.59 89.57 89.56 89.59 89.55 89.41 89.28 89.13 88.93 88.68 88.41 87.95 87.47 86.99 86.35 85.76 82.48 79.13 79.96 81.56 83.11 83.38 83.56 83.79 83.34 83.36 83.82 83.37 86.66 87.03 84.45 88.09 87.40 87.25 87.75 89.36 89.23 88.45 87.46 86.29 88.53 91.37 89.56 89.95 90.18 87.99 87.39 87.94 88.05 88.07 88.31 88.45 89.14 90.08 90.10 89.71 88.89 89.00 90.08 91.53 91.43 90.87 91.28 90.78 90.40 89.73 89.71 89.83 89.86 89.78 89.80 89.70 89.73 89.69 89.63 89.59 89.57 89.61 89.58 89.62 89.49 89.46 89.45 89.47 89.47 89.25 88.98 89.07 88.53 88.48 88.57 88.64 88.12 88.48 88.59 88.36 88.35 88.39 88.54 88.52 88.61 88.07 88.16 88.16 88.15 88.53 88.56 88.42 88.12 87.99 88.05 87.89 88.23 88.61 88.45 88.57 88.85 88.86 88.79 88.71 87.97 87.90 88.24 88.39 88.44 88.52 88.42 88.70 88.88 88.85 89.03 89.00 88.97 89.00 89.05 89.06 89.04 89.17 87.85 87.71 87.87 88.43 88.10 88.97 89.53 89.27 89.34 89.32 89.54 89.66 89.62 89.57 89.77 89.93 89.79 89.89 89.90 89.88 89.90 89.89 89.99 90.19 90.39 90.39 89.96 89.87 89.78 89.69
-5°N ||     89.71 89.77 89.82 89.80 89.70 90.26 90.18 90.16 90.31 89.89 89.76 89.58 89.64 89.69 89.76 89.82 89.83 89.66 89.35 89.33 89.12 88.92 88.64 88.23 87.83 87.34 86.84 85.99 84.82 83.17 81.81 82.06 83.13 83.28 83.66 83.94 83.92 84.95 84.23 83.58 83.97 84.30 84.74 88.61 87.22 88.85 87.03 87.84 87.19 86.53 86.12 88.68 89.16 89.60 89.11 86.67 87.02 87.96 89.59 89.73 88.27 88.39 88.46 88.50 88.95 88.73 89.16 88.88 88.96 89.11 89.38 89.68 90.75 89.55 89.54 90.65 90.92 90.55 89.63 89.69 90.32 89.93 89.88 89.80 89.77 89.68 89.62 89.62 89.69 89.63 89.59 89.56 89.60 89.44 89.45 89.50 89.47 89.46 89.32 89.36 88.97 88.36 88.50 88.62 88.83 88.64 88.56 88.51 88.59 88.47 88.85 88.90 88.79 88.26 88.13 88.16 87.97 88.14 87.93 88.37 88.13 88.37 88.19 88.19 88.38 88.24 88.63 88.41 88.78 88.83 88.74 88.36 88.46 88.06 88.40 88.55 88.75 88.71 88.79 88.87 88.81 88.96 89.21 89.24 89.13 89.13 89.42 89.30 89.08 88.96 88.58 88.28 88.82 88.78 88.73 89.05 89.84 89.56 91.10 89.97 89.79 89.61 89.62 89.82 89.82 90.07 90.09 90.00 90.02 90.08 90.15 90.10 90.32 90.30 90.29 90.36 90.39 90.13 89.92 89.80
-3°N ||     89.81 89.79 89.91 89.94 89.84 90.62 90.64 90.45 90.03 90.21 89.67 89.46 89.87 90.26 90.19 90.32 89.62 89.37 89.65 89.51 89.38 89.11 89.03 88.67 88.20 87.74 87.28 86.44 85.77 84.49 83.48 83.29 82.98 82.95 83.78 84.23 84.58 84.77 84.82 84.40 84.20 84.81 85.20 86.08 86.38 86.43 87.03 87.07 86.91 86.61 86.39 86.18 86.66 88.21 87.93 87.17 87.71 88.15 88.42 90.02 88.27 88.78 88.75 88.85 88.97 89.03 89.49 89.20 89.27 89.42 89.50 89.57 91.57 89.73 89.68 90.42 90.13 90.20 89.77 89.81 89.90 89.90 90.27 89.96 89.79 89.73 89.77 89.69 89.68 89.66 89.63 89.59 89.55 89.54 89.49 89.47 89.29 89.47 89.46 89.48 89.11 88.76 88.64 88.75 88.92 88.62 88.71 88.83 88.79 88.79 88.94 88.93 88.74 88.53 88.41 88.06 87.81 88.72 88.53 88.42 88.35 88.42 88.29 88.53 88.18 88.45 88.27 88.75 88.80 88.94 88.66 88.76 88.70 88.60 88.88 89.23 88.63 89.05 88.98 88.82 88.98 89.02 89.37 89.37 89.19 89.49 89.41 89.22 89.06 88.90 88.53 88.69 88.62 88.76 88.89 89.34 89.93 89.83 89.91 89.70 89.92 89.85 89.82 89.78 89.88 90.12 89.97 89.82 90.34 90.38 90.33 90.44 90.49 90.54 90.52 90.53 90.45 90.33 90.00 89.96
-1°N ||     90.03 89.97 90.02 90.20 90.30 90.67 90.69 90.41 90.25 89.81 89.62 89.41 89.88 90.21 90.55 89.94 89.67 89.79 89.74 89.53 89.47 89.36 89.23 88.98 88.62 88.03 87.50 86.85 86.20 85.49 84.46 83.87 82.41 80.78 84.02 84.47 84.76 85.04 85.22 85.26 85.32 86.16 86.51 86.81 87.06 87.56 87.84 88.03 88.23 88.34 87.68 88.84 90.26 87.19 87.31 87.57 88.27 88.53 88.60 89.23 88.81 88.97 88.96 88.97 89.10 89.16 89.15 89.61 89.57 89.54 90.35 89.60 91.21 91.34 89.89 89.89 89.80 89.82 89.86 90.08 90.56 90.29 90.18 89.83 89.86 89.83 89.76 89.69 89.65 89.64 89.65 89.69 89.60 89.58 89.51 89.48 89.24 89.46 89.46 89.47 89.13 89.03 88.93 88.80 88.93 88.89 88.86 88.96 88.99 89.02 89.10 89.08 88.67 88.51 88.49 88.23 87.99 88.77 88.62 88.59 88.61 88.32 88.37 88.23 88.51 88.56 88.69 88.79 89.12 89.05 88.84 88.43 88.84 88.90 89.23 89.23 89.12 89.48 89.03 88.94 89.06 89.14 89.41 89.43 89.45 89.51 89.47 89.01 89.18 88.93 88.85 88.92 89.27 89.30 89.45 89.82 90.02 90.21 90.04 89.99 90.33 90.17 89.91 89.89 90.16 90.03 89.80 90.01 90.30 90.42 90.45 90.48 90.49 90.56 90.58 90.55 90.39 90.41 90.23 90.08
1°N ||     90.14 90.04 90.21 90.52 90.40 90.54 90.71 90.93 90.32 89.92 89.66 89.67 90.16 90.58 90.58 90.24 89.99 89.88 89.51 89.67 89.54 89.54 89.26 88.86 88.49 88.37 87.84 87.05 86.31 86.03 85.62 85.08 82.83 79.97 81.04 84.80 84.95 85.09 85.42 85.77 86.18 86.51 86.75 87.06 87.43 87.87 88.15 88.43 88.81 89.00 88.03 87.15 86.98 87.35 87.63 88.14 88.49 88.79 88.84 89.07 88.93 89.07 89.38 89.07 89.14 89.21 89.14 89.92 89.40 89.52 89.66 91.14 92.20 92.07 89.73 89.81 89.82 89.86 89.75 90.64 89.74 90.54 89.95 89.80 90.06 89.91 89.78 89.69 89.74 89.65 89.64 89.67 89.61 89.61 89.59 89.50 89.47 89.33 89.34 89.26 89.24 89.27 89.16 89.20 88.98 88.85 88.88 89.17 89.09 89.07 89.05 88.82 88.88 88.81 88.54 88.40 88.64 88.62 88.41 88.71 88.57 88.46 88.53 88.56 88.55 88.64 88.77 88.93 88.96 89.09 89.30 89.22 89.43 89.41 89.42 89.43 89.30 89.28 89.37 89.24 89.43 89.46 89.56 89.55 89.58 89.45 89.20 89.18 89.21 89.05 89.18 89.37 89.70 89.76 89.79 89.84 90.05 90.24 90.15 90.32 90.17 90.17 90.06 90.26 90.21 90.07 89.91 90.24 90.37 90.41 90.47 90.52 90.52 90.55 90.56 90.56 90.58 90.51 90.43 90.31
3°N ||     90.62 90.51 90.57 90.68 90.81 90.86 90.82 90.72 90.59 89.93 89.83 89.86 90.66 90.79 90.74 90.51 90.32 89.69 89.65 89.79 89.70 89.43 89.15 88.74 88.27 88.79 88.26 86.52 86.34 86.43 86.32 86.45 85.97 82.54 84.12 85.11 84.87 84.98 85.50 85.98 86.39 86.63 86.83 86.81 87.80 88.17 88.55 88.78 88.99 89.30 89.33 88.52 88.05 88.24 88.54 88.78 88.92 88.99 89.04 89.20 89.14 89.09 88.93 89.41 89.46 89.30 89.36 89.54 89.56 89.67 89.71 89.80 91.54 91.72 91.16 90.71 90.76 90.49 90.29 90.23 89.89 89.78 89.98 89.86 89.81 90.07 89.76 89.66 89.70 89.69 89.74 89.68 89.66 89.62 89.58 89.52 89.50 89.41 89.46 89.39 89.38 89.39 89.38 89.28 89.28 88.98 89.13 89.32 89.47 89.04 89.13 88.98 88.74 88.71 88.62 88.88 88.76 88.75 88.54 88.74 88.63 88.53 88.51 88.61 88.63 88.69 88.86 88.96 89.11 89.17 89.54 89.72 89.93 90.09 90.39 89.97 89.50 89.46 89.39 89.50 89.52 89.59 89.63 89.58 89.55 89.37 89.35 89.28 89.21 89.06 89.46 89.83 89.79 89.71 89.75 90.02 90.15 90.28 90.32 90.41 90.13 90.39 90.29 90.36 90.32 90.15 90.21 90.34 90.39 90.42 90.43 90.50 90.53 90.54 90.54 90.57 90.59 90.62 90.64 90.66
5°N ||     90.62 90.74 91.04 90.75 90.93 90.95 90.87 90.84 90.72 90.33 90.14 90.04 90.84 90.96 90.95 90.79 90.04 89.63 89.96 89.87 89.64 89.25 88.92 88.65 88.83 88.90 88.75 87.79 86.46 86.37 86.58 86.99 87.23 86.93 86.09 85.46 84.69 84.50 85.64 86.25 86.66 86.88 87.00 86.78 87.99 88.60 88.86 89.02 89.22 89.47 89.57 88.84 88.83 89.02 89.13 89.21 89.20 89.22 89.25 89.32 89.44 89.26 89.06 89.14 89.28 89.47 89.56 89.60 89.62 89.75 89.97 91.33 89.98 90.81 91.65 91.13 90.47 89.97 89.87 89.93 89.78 89.89 89.81 89.86 90.11 89.84 89.81 89.69 89.72 89.69 89.67 89.68 89.59 89.57 89.56 89.55 89.53 89.54 89.49 89.41 89.40 89.40 89.36 89.39 89.35 89.34 89.36 89.32 89.35 88.97 89.06 88.59 88.72 88.64 88.76 88.67 88.69 88.79 88.74 88.73 88.64 88.56 88.49 88.54 88.91 88.76 88.86 89.04 89.21 89.42 89.76 91.54 91.72 91.71 91.64 91.38 90.83 89.77 89.66 89.63 89.61 89.70 89.65 89.56 89.57 89.42 89.35 89.36 89.13 89.18 89.82 89.78 89.86 89.88 89.96 89.98 90.22 90.32 90.40 90.41 90.37 90.32 90.38 90.38 90.38 90.37 90.36 90.34 90.40 90.40 90.40 90.46 90.50 90.52 90.54 90.58 90.62 90.64 90.67 90.71
7°N ||     90.70 90.77 90.83 90.86 90.95 90.97 90.96 90.94 90.86 90.61 90.31 90.65 91.01 91.08 91.10 90.85 89.92 90.30 90.21 89.90 89.53 89.31 89.35 89.23 89.15 89.11 88.91 88.37 86.08 86.24 86.59 87.35 87.61 87.39 86.80 85.92 83.72 83.70 86.13 86.61 86.90 87.08 87.21 87.46 88.44 88.72 88.93 89.13 89.30 89.45 89.58 89.60 89.19 89.18 89.18 89.20 89.28 89.34 89.40 89.45 89.47 89.38 89.17 89.38 89.53 89.58 89.66 89.70 89.72 89.84 90.11 91.42 91.90 91.33 91.65 90.02 89.96 89.89 90.36 90.51 90.26 89.86 89.90 90.01 89.85 89.75 89.76 89.69 89.73 89.66 89.69 89.66 89.65 89.70 89.56 89.53 89.50 89.55 89.46 89.36 89.36 89.38 89.42 89.35 89.34 89.42 89.23 89.49 89.36 89.38 89.14 88.93 88.88 88.53 88.62 88.69 88.62 88.75 88.75 88.77 88.63 88.67 88.52 88.88 89.10 88.71 88.88 89.09 89.42 89.80 91.47 91.89 91.81 91.77 91.75 91.64 91.58 91.03 89.81 89.78 89.81 89.73 89.62 89.64 89.43 89.29 89.35 89.49 89.39 89.37 89.77 89.93 89.98 90.09 90.26 90.15 90.36 90.43 90.36 90.43 90.46 90.36 90.39 90.37 90.41 90.40 90.36 90.36 90.34 90.35 90.37 90.31 90.46 90.51 90.49 90.60 90.66 90.69 90.71 90.75
9°N ||     90.81 90.94 90.71 90.78 91.01 90.99 91.00 90.96 91.06 90.72 90.46 90.97 91.16 91.20 91.14 90.65 90.34 90.63 90.17 89.72 89.66 89.57 89.53 89.46 89.37 89.23 89.07 88.47 86.62 86.53 87.09 87.86 87.85 88.01 87.65 86.37 83.07 81.13 85.42 86.91 87.08 87.30 87.53 87.87 88.39 88.74 88.98 89.18 89.31 89.47 89.59 89.61 89.54 89.30 89.27 89.28 89.34 89.40 89.45 89.51 89.56 89.52 89.46 89.49 89.55 89.69 89.86 89.89 89.94 90.39 91.43 91.50 91.30 91.82 90.35 90.28 90.36 90.23 90.57 89.94 89.94 89.89 89.86 89.91 90.01 89.85 89.80 89.88 89.80 89.81 89.71 89.68 89.63 89.66 89.60 89.71 89.56 89.50 89.48 89.50 89.47 89.32 89.21 89.17 89.39 89.46 89.48 89.30 89.27 89.19 89.16 89.15 89.06 89.15 88.98 88.80 88.72 88.75 88.75 88.54 88.70 88.65 88.45 89.24 88.79 88.72 88.97 89.23 89.55 90.45 91.68 91.95 91.94 91.90 91.81 91.74 91.66 91.43 90.82 90.22 89.96 90.10 89.62 89.53 89.52 89.49 89.62 89.70 89.65 89.65 89.88 90.12 90.39 90.11 90.38 90.50 90.39 90.37 90.28 90.30 90.79 90.21 90.17 90.25 90.35 90.40 90.27 90.31 90.21 90.25 90.27 90.44 90.46 90.54 90.47 90.61 90.68 90.73 90.76 90.76
11°N ||     90.90 90.89 90.89 90.87 91.10 91.10 91.15 91.11 91.26 91.16 91.01 91.31 91.33 91.28 91.21 91.13 90.69 90.71 90.17 89.82 89.73 89.67 89.57 89.47 89.36 89.25 89.01 88.45 87.84 88.10 88.06 88.06 88.08 88.10 88.20 88.09 83.72 77.44 79.28 86.92 87.24 87.48 87.75 88.07 88.40 88.78 89.06 89.23 89.38 89.47 89.57 89.62 89.61 89.39 89.34 89.34 89.39 89.46 89.49 89.54 89.58 89.49 89.46 89.63 89.71 89.82 90.12 90.39 90.64 90.44 91.92 91.64 90.35 91.90 91.38 90.25 91.33 90.08 89.95 90.19 89.92 89.88 89.82 89.78 89.85 89.89 90.06 89.88 89.89 89.90 89.72 89.69 89.70 89.70 89.79 89.60 89.74 89.51 89.53 89.55 89.51 89.49 89.36 89.20 89.45 89.42 89.70 89.39 89.55 89.16 89.27 89.24 89.22 89.30 89.14 88.84 88.72 88.88 89.00 88.68 88.80 88.74 88.60 88.52 88.65 88.93 89.14 89.37 89.72 90.80 91.97 92.01 92.04 91.92 91.78 91.76 91.62 91.53 91.10 90.44 90.19 89.64 89.74 89.67 89.59 89.77 89.90 90.01 90.01 90.07 90.24 90.45 90.67 90.70 90.52 90.60 90.49 90.48 90.25 90.14 90.00 89.91 89.93 89.97 90.04 90.10 90.12 90.11 90.14 90.51 89.87 90.28 90.44 90.44 90.45 90.69 90.73 90.71 90.31 90.77
13°N ||     90.81 90.98 90.55 90.57 91.11 91.08 91.20 91.28 91.32 91.36 91.42 91.47 91.45 91.40 91.35 91.18 91.01 90.65 89.80 89.84 89.77 89.63 89.55 89.48 89.34 89.19 89.03 88.80 88.28 88.28 88.19 88.19 88.20 88.28 88.44 88.56 87.94 79.72 81.12 86.08 87.08 87.70 88.02 88.24 85.38 88.95 89.15 89.29 89.41 89.47 89.58 89.62 89.63 89.42 89.39 89.42 89.46 89.50 89.53 89.56 89.58 89.60 89.68 89.61 89.79 90.29 90.57 90.83 90.96 91.74 91.86 91.68 90.87 90.72 90.46 91.30 90.57 90.38 89.95 89.80 89.79 89.93 89.83 89.86 89.85 89.85 91.53 89.86 90.56 89.81 89.70 89.72 89.73 89.85 89.85 89.60 89.60 89.62 89.66 89.67 89.64 89.47 89.42 89.45 89.49 89.53 89.48 89.57 89.71 89.37 89.37 89.48 89.32 89.29 89.22 89.12 89.00 89.06 89.14 89.10 89.01 88.83 88.78 88.80 88.87 89.00 89.23 89.50 89.88 90.93 92.00 92.01 91.96 91.88 91.78 91.75 91.68 91.59 91.27 90.67 90.41 89.93 89.94 90.00 89.98 90.09 90.06 90.48 90.32 90.59 90.70 90.79 90.98 91.10 91.12 90.84 90.74 90.46 90.10 89.84 89.68 89.62 89.71 89.71 89.80 89.88 89.91 90.03 89.99 90.02 90.06 89.93 90.45 90.42 90.52 90.55 90.72 90.70 90.01 90.54
15°N ||     90.87 91.04 91.05 91.27 91.21 91.11 91.31 91.45 91.48 91.52 91.58 91.66 91.62 91.57 91.54 91.33 90.71 90.26 89.89 89.86 89.58 87.65 83.19 82.57 85.13 89.13 88.96 88.90 88.75 88.42 88.36 88.28 88.30 88.37 88.45 88.54 88.57 87.56 85.62 86.02 87.29 87.87 88.23 88.43 88.75 89.11 89.22 89.34 89.42 89.47 89.56 89.62 89.65 89.45 89.45 89.45 89.49 89.54 89.57 89.57 89.60 89.60 89.58 89.71 90.34 90.69 90.94 91.11 91.15 91.68 91.97 91.77 91.33 90.99 91.39 90.85 90.78 90.42 90.22 90.11 90.38 89.91 89.67 90.92 89.92 89.87 89.90 89.85 89.86 89.89 90.38 89.96 89.78 89.72 89.84 89.66 89.68 89.71 89.73 89.78 89.73 89.70 89.53 89.51 89.54 89.55 89.49 89.75 89.64 89.29 89.40 89.42 89.44 89.46 89.27 89.24 89.13 89.05 89.10 89.11 89.01 89.06 88.97 89.01 89.06 89.17 89.33 89.62 90.21 91.96 91.98 91.87 91.97 91.87 91.79 91.74 91.66 91.60 91.35 90.86 90.59 90.46 90.30 90.25 90.22 90.27 90.38 90.53 90.84 90.92 91.06 91.18 91.18 91.26 91.27 91.20 90.85 90.41 89.91 89.69 89.57 89.50 89.42 89.50 89.57 89.73 89.82 89.89 89.90 89.95 89.99 90.03 90.21 90.40 90.45 90.55 90.60 90.83 90.30 91.57
17°N ||     91.01 91.17 91.21 91.34 90.80 91.32 91.36 91.45 91.60 91.64 91.70 91.76 91.77 91.74 91.77 90.96 90.49 90.40 90.02 90.05 89.33 82.18 77.88 76.49 79.86 87.05 88.93 88.92 89.06 88.77 88.58 88.38 88.34 88.40 88.47 88.56 88.58 88.43 87.51 87.41 87.86 88.06 88.30 88.51 88.80 89.13 89.28 89.38 89.44 89.50 89.54 89.65 89.63 89.38 89.40 89.51 89.52 89.55 89.57 89.59 89.61 89.65 89.75 90.12 90.45 90.99 91.23 91.49 91.78 91.83 91.61 91.81 91.69 91.42 91.52 91.09 90.62 90.68 90.53 90.11 89.96 89.78 90.12 90.63 89.86 89.89 89.91 91.31 89.96 90.13 89.90 89.90 89.81 89.72 89.77 89.82 89.78 89.79 89.78 89.86 89.84 89.77 89.63 89.60 89.69 89.68 89.68 89.66 89.47 89.38 89.45 89.46 89.41 89.35 89.32 89.29 89.18 88.85 89.05 89.12 89.15 89.14 89.11 89.15 89.19 89.27 89.55 89.67 90.35 91.76 91.93 91.95 91.90 91.82 91.79 91.78 91.70 91.54 91.39 91.17 90.91 91.01 90.82 90.82 90.79 90.99 91.03 91.13 91.25 91.34 91.41 91.40 91.41 91.50 91.43 91.40 91.13 90.39 89.93 89.61 89.47 89.32 89.20 89.20 89.36 89.64 89.76 89.79 89.79 89.85 89.93 90.07 90.24 90.39 90.36 90.54 90.90 90.88 90.76 91.10
19°N ||     91.04 91.22 91.36 91.41 91.47 91.36 91.40 91.54 91.69 91.75 91.81 91.88 91.89 91.88 91.90 91.11 90.57 90.25 89.76 89.90 89.53 82.27 77.95 76.93 79.32 87.40 89.10 89.17 89.20 89.14 88.81 88.49 88.29 88.25 88.27 88.49 88.61 88.60 88.25 88.13 88.21 88.27 88.34 88.50 88.71 89.03 89.31 89.40 89.48 89.50 89.54 89.66 89.57 89.61 89.38 89.46 89.52 89.54 89.58 89.59 89.67 89.66 89.86 90.44 90.93 91.30 91.71 91.82 92.05 92.05 92.16 92.01 91.95 91.80 91.68 91.10 90.93 90.96 91.37 90.27 90.04 89.92 90.13 90.04 91.25 89.83 89.88 89.78 89.91 89.93 89.94 89.94 90.28 89.84 89.82 89.87 89.83 89.84 89.83 89.85 89.87 89.72 90.55 89.71 89.79 89.61 89.54 89.65 89.54 89.51 89.46 89.42 89.33 89.31 89.33 89.42 89.11 89.19 89.10 89.26 89.33 89.41 89.16 89.19 89.23 89.32 89.51 89.45 89.91 90.81 91.53 91.88 91.80 91.78 91.75 91.68 91.67 91.62 91.52 91.43 91.41 91.41 91.56 91.44 91.47 91.44 91.58 91.60 91.62 91.70 91.76 91.68 91.81 91.73 91.70 91.51 91.25 90.40 89.78 89.53 89.25 89.04 88.97 89.11 89.13 88.55 89.63 89.70 89.75 89.80 89.90 90.06 90.25 90.41 90.46 90.75 90.38 91.03 90.97 91.12
21°N ||     91.52 91.39 91.35 91.58 91.70 91.69 91.65 91.74 91.87 91.89 91.97 91.98 92.00 92.00 91.98 91.11 90.58 89.86 89.76 90.01 89.79 84.44 81.93 80.91 82.97 88.83 89.33 89.33 89.30 89.18 88.96 88.63 88.28 88.09 87.94 87.86 88.57 88.59 88.48 88.38 88.35 88.37 88.42 88.52 88.70 89.01 89.34 89.40 89.44 89.49 89.49 89.59 89.68 89.77 89.42 89.46 89.48 89.53 89.54 89.61 89.65 89.68 90.05 90.51 91.01 91.88 91.98 92.06 92.18 92.21 92.20 92.15 91.95 91.97 91.83 91.40 91.27 91.31 90.81 90.30 90.32 90.67 90.21 90.03 89.83 90.16 90.30 89.90 89.93 90.00 89.92 89.92 89.86 89.84 89.95 89.90 89.86 89.87 89.87 89.86 89.96 89.74 89.67 89.81 89.62 89.68 89.83 89.41 89.55 89.67 89.40 89.32 89.32 89.35 89.35 89.43 89.25 89.26 88.76 89.37 89.40 89.38 89.06 89.15 89.28 89.32 89.49 89.42 89.59 89.82 90.65 90.87 91.36 91.49 91.48 91.67 91.65 91.66 91.66 91.64 91.68 91.81 91.81 91.83 91.87 91.85 91.94 91.98 91.99 91.92 91.98 91.92 91.95 91.82 91.86 91.84 91.58 90.53 89.74 89.39 88.97 88.85 88.79 88.77 89.05 89.34 89.54 89.62 89.69 89.79 89.93 90.06 90.24 90.37 90.63 90.70 90.42 91.13 91.13 91.25
23°N ||     91.50 91.56 91.62 91.72 91.78 91.87 91.92 92.00 92.04 92.04 92.08 92.07 92.07 92.04 92.03 91.19 90.36 89.80 89.96 90.20 90.22 88.76 86.98 86.58 89.08 89.57 89.44 89.41 89.35 89.13 88.90 88.64 88.35 87.99 87.77 87.70 88.36 88.60 88.55 88.37 88.37 88.20 88.42 88.55 88.57 89.11 89.23 89.34 89.38 89.44 89.48 89.52 89.59 89.71 89.61 89.51 89.80 90.66 90.37 89.81 89.70 89.60 90.11 90.55 91.11 91.86 92.13 92.21 92.32 92.36 92.27 92.35 91.99 92.25 92.11 91.79 91.70 91.73 91.59 90.86 90.36 89.98 89.84 89.98 89.89 90.04 90.02 89.99 89.97 89.87 90.03 90.08 89.98 89.92 90.06 90.12 90.30 89.78 89.99 89.96 89.88 89.77 89.68 89.77 89.78 89.74 89.74 89.65 89.53 89.60 89.50 89.39 89.39 89.32 89.31 89.34 89.39 89.25 88.88 89.34 89.39 89.30 89.65 89.52 89.28 89.26 89.37 89.46 89.50 89.66 89.84 90.10 90.47 90.82 91.22 91.53 91.67 91.74 91.83 91.87 91.89 92.09 91.99 92.16 92.23 92.29 92.34 92.29 92.45 92.34 92.35 92.29 92.24 92.22 92.25 92.11 92.00 90.76 89.71 89.34 89.04 88.79 88.68 87.29 88.06 89.07 89.44 89.58 89.70 89.79 89.93 90.10 90.34 90.54 90.82 90.65 91.02 91.14 90.83 91.44
25°N ||     91.63 91.67 91.65 91.87 92.00 91.99 92.07 92.07 92.08 92.12 92.14 92.12 92.10 92.09 92.08 91.29 90.17 89.90 89.96 89.85 90.26 90.14 90.08 90.05 89.81 89.62 89.37 89.45 89.27 89.04 88.76 88.55 88.22 87.91 87.71 87.26 87.31 88.53 88.59 88.35 88.43 88.37 88.46 87.79 88.77 89.12 89.28 89.33 89.36 89.39 89.32 89.45 89.46 89.79 89.46 89.48 89.51 89.49 89.90 91.01 91.23 89.92 90.39 91.41 91.85 92.21 92.32 92.34 92.41 92.47 92.45 92.40 92.33 92.23 91.92 92.03 91.99 92.07 92.21 91.34 90.94 90.18 90.05 90.27 90.39 90.07 90.16 90.07 90.09 89.92 90.02 90.27 90.05 90.07 90.09 90.56 90.18 90.03 89.93 90.00 89.75 89.77 89.84 89.78 89.75 89.92 89.84 89.63 89.71 89.66 89.52 89.59 89.56 89.55 89.68 89.36 89.45 89.10 89.22 88.97 89.17 89.14 89.14 89.27 89.29 89.33 89.30 89.26 89.53 89.45 89.77 90.18 90.16 90.54 91.30 91.66 91.78 92.00 92.07 92.13 92.26 92.33 92.41 92.53 92.66 92.78 92.86 92.89 92.88 92.79 92.71 92.65 92.66 92.57 92.47 92.35 92.16 91.90 90.00 89.50 89.00 88.76 87.36 80.62 87.07 88.99 89.45 89.61 89.70 89.82 90.09 90.06 90.42 90.65 91.00 91.05 91.20 91.17 91.44 91.53
27°N ||     91.83 91.90 91.92 91.89 92.11 92.01 92.20 92.22 92.21 92.20 92.19 92.17 92.14 92.12 92.11 91.53 90.33 89.93 89.97 89.93 89.89 89.95 89.66 89.74 89.76 89.66 89.57 89.33 89.15 88.96 88.67 88.42 88.16 87.84 87.27 87.19 87.49 88.64 88.77 88.49 88.61 88.60 88.62 87.78 88.51 89.11 89.24 89.29 89.32 89.25 89.15 89.21 89.48 89.60 89.73 89.88 89.85 90.09 90.21 91.08 90.55 89.84 91.82 92.01 92.18 92.27 92.27 92.38 92.51 92.54 92.30 92.47 92.47 92.37 92.09 92.39 92.16 92.24 92.33 92.28 91.31 90.96 90.68 90.53 90.58 90.28 90.09 90.01 90.10 90.12 90.18 90.20 90.11 90.05 90.18 90.03 90.25 90.16 89.87 89.76 90.34 89.72 89.83 89.84 89.60 90.10 89.48 89.68 89.72 89.62 89.61 89.64 89.62 89.60 89.55 89.60 89.56 89.78 89.43 89.30 89.40 89.63 89.26 89.38 89.39 89.16 89.01 89.37 89.61 89.47 89.81 89.95 90.38 91.09 91.62 91.90 92.14 92.16 92.27 92.40 92.50 92.67 92.78 92.99 93.16 93.20 93.26 93.21 93.20 93.10 93.03 93.03 92.88 92.74 92.57 92.45 92.26 92.01 91.10 89.57 89.20 88.86 88.29 87.68 88.29 89.33 89.57 89.68 89.75 89.87 89.94 90.40 90.62 90.84 91.12 91.32 91.32 91.40 91.56 91.74
29°N ||     92.04 92.08 92.16 92.21 92.29 92.27 92.31 92.33 92.32 92.28 92.28 92.27 92.23 92.03 92.18 92.12 91.32 90.21 89.85 89.88 89.88 89.96 89.65 89.61 89.86 89.72 89.44 89.28 89.09 88.86 88.60 88.34 88.14 87.80 86.72 87.08 87.96 88.64 88.73 88.60 88.79 88.83 88.80 88.87 88.99 89.12 89.25 89.31 89.31 89.11 89.16 89.28 89.29 89.61 89.64 89.69 89.71 89.99 90.12 90.53 90.45 90.98 91.65 91.34 90.96 92.06 92.18 92.34 92.51 92.59 92.52 92.63 92.58 92.63 92.59 92.52 92.40 92.45 92.52 92.55 92.49 91.51 91.16 90.86 90.97 90.41 90.21 92.91 90.24 90.14 90.29 90.55 90.24 90.32 90.06 90.08 90.22 90.19 89.90 89.92 89.80 89.97 89.83 89.86 89.72 89.66 89.54 89.61 89.64 89.54 89.63 89.61 89.72 89.88 89.83 89.82 89.63 89.44 89.41 89.39 89.48 89.37 89.31 89.36 89.23 89.43 89.80 89.93 89.89 90.08 90.22 90.58 91.30 91.56 91.83 92.17 92.26 92.41 92.60 92.76 92.93 93.08 93.30 93.44 93.52 93.66 93.62 93.44 93.54 93.40 93.33 93.19 93.04 92.85 92.73 92.63 92.46 92.29 91.68 90.03 89.56 89.32 89.03 89.01 89.27 89.60 89.70 89.75 89.81 89.90 90.32 90.54 90.87 91.14 91.40 91.60 91.62 91.66 91.88 91.98
31°N ||     92.32 92.24 92.36 92.37 92.38 92.37 92.39 92.44 92.44 92.39 92.36 92.36 92.34 92.30 92.26 92.22 91.74 91.03 90.64 90.56 90.27 90.14 89.89 89.83 89.98 89.49 89.37 89.24 88.99 88.80 88.55 88.46 88.06 87.83 87.40 87.44 87.97 88.67 88.70 88.70 88.84 88.91 89.00 89.00 89.08 89.16 89.24 89.32 89.27 88.98 89.27 89.33 89.35 89.45 89.49 89.55 89.64 89.67 89.80 90.39 90.27 90.85 91.13 91.41 91.81 91.86 92.15 92.28 92.34 92.60 92.65 92.64 92.72 92.81 92.75 92.88 92.57 92.64 92.72 92.61 92.57 92.42 91.84 92.17 91.46 91.04 90.47 90.15 90.40 90.50 90.56 90.38 90.23 90.16 90.72 90.33 90.08 89.91 89.86 90.06 89.79 89.81 89.91 89.91 89.79 89.74 89.58 89.60 89.65 89.59 89.56 89.55 89.71 89.81 89.77 89.77 89.58 89.45 89.52 89.54 89.51 89.79 89.40 89.34 89.51 89.44 89.64 90.06 89.95 90.22 90.58 91.22 91.41 91.80 92.03 92.25 92.46 92.68 92.97 93.16 93.30 93.48 93.84 93.71 93.85 93.94 93.89 93.81 93.75 93.62 93.44 93.34 93.41 93.04 93.02 92.88 92.71 92.55 92.11 91.48 90.13 89.79 89.67 89.65 89.56 89.37 89.85 89.85 89.90 90.01 89.82 91.99 91.28 90.35 91.75 91.28 91.94 91.98 92.03 92.24
33°N ||     92.52 91.85 92.39 92.40 92.49 92.46 92.47 92.51 92.47 92.48 92.46 92.47 92.45 92.41 92.44 92.39 92.32 91.85 90.98 90.07 90.23 90.21 90.30 90.14 89.62 89.42 89.32 89.17 89.03 88.66 88.43 88.21 87.86 87.53 87.24 87.34 87.87 88.56 88.78 88.84 88.94 89.02 89.06 89.10 89.04 89.14 89.13 89.05 89.04 89.11 89.27 89.37 89.39 89.36 89.47 89.60 89.66 89.70 89.68 89.71 89.70 89.71 90.10 91.38 91.39 92.13 92.28 92.34 92.41 92.59 92.74 92.96 92.96 92.96 92.91 93.06 92.98 93.00 92.96 92.73 92.89 92.84 92.54 92.11 91.70 91.19 90.71 90.42 90.82 90.55 90.50 90.04 90.36 90.33 90.37 90.09 90.21 89.93 90.12 90.23 89.74 89.72 89.88 89.67 90.14 89.62 89.66 89.56 89.64 89.47 89.40 89.49 89.64 89.71 89.65 89.56 89.55 89.62 89.53 89.73 89.69 89.76 89.71 89.49 89.59 89.83 89.88 90.12 90.39 90.90 91.10 91.51 91.74 91.99 92.23 92.46 92.73 93.06 93.27 93.41 93.64 93.76 93.90 94.01 94.20 94.02 93.96 93.94 93.87 93.55 93.65 93.56 93.42 93.22 93.02 93.17 93.09 92.90 92.71 92.51 92.17 91.75 91.52 90.99 90.68 90.00 90.46 90.14 90.08 90.26 90.36 91.23 91.64 91.77 91.99 92.11 92.16 92.30 92.39 92.48
35°N ||     92.67 92.58 92.57 92.51 92.55 92.53 92.55 92.54 92.53 92.55 92.56 92.55 92.52 92.48 92.52 92.43 92.48 92.35 91.77 89.63 89.94 90.17 90.01 89.68 89.34 89.42 89.31 89.15 88.90 88.53 88.12 87.62 87.08 86.81 86.63 86.56 86.99 87.60 88.51 88.93 89.04 89.09 89.12 89.11 88.68 88.84 89.19 89.27 89.13 89.07 89.26 89.20 89.13 89.21 89.41 89.59 89.67 89.73 89.75 89.77 89.78 89.75 90.02 91.35 92.01 92.20 92.32 92.33 92.48 92.63 92.69 93.01 92.92 93.07 93.11 93.23 93.20 93.32 93.18 93.05 93.00 92.91 92.93 92.09 91.82 91.36 91.19 91.01 90.74 90.88 90.18 90.24 90.30 90.70 90.93 90.04 90.23 90.01 90.16 89.96 90.03 89.92 89.89 89.83 89.81 89.66 89.59 89.86 89.58 89.41 89.66 89.46 89.48 89.44 89.40 89.38 89.47 89.54 89.58 89.82 89.84 89.80 90.33 90.09 89.96 90.32 90.27 90.40 90.78 91.08 91.42 91.75 91.91 92.18 92.36 92.68 92.94 93.27 93.51 93.71 93.79 93.91 94.14 94.27 94.36 94.33 94.20 94.18 93.98 93.94 93.79 93.40 93.59 93.40 93.35 93.31 93.19 93.04 93.02 92.85 92.73 92.47 92.37 92.28 92.00 91.83 91.39 90.76 90.49 90.56 90.59 91.08 91.16 91.94 92.07 92.18 92.33 92.53 92.65 92.70
37°N ||     92.82 92.64 92.65 92.54 92.64 92.60 92.63 92.62 92.58 92.59 92.61 92.61 92.59 92.53 92.48 92.44 92.39 92.29 92.22 90.01 89.98 89.90 89.74 89.60 89.41 89.43 89.32 89.16 88.93 88.29 87.38 86.65 85.88 85.40 85.39 85.79 86.19 86.31 87.28 88.40 88.98 89.17 89.20 89.18 89.13 89.04 89.11 89.19 89.25 89.39 89.11 89.04 88.95 88.84 89.17 89.46 89.65 89.71 89.74 89.72 89.78 89.73 90.38 91.52 92.00 92.19 92.31 92.41 92.49 92.72 92.78 92.95 93.02 93.22 93.26 93.41 93.53 93.49 93.47 93.30 93.35 93.27 93.13 93.06 92.73 92.51 92.42 92.16 91.68 92.17 90.75 90.52 90.25 90.20 90.47 90.23 90.44 90.72 90.04 90.58 90.13 90.41 89.98 90.70 90.11 90.15 89.83 89.69 89.62 89.50 89.45 89.41 89.41 89.33 89.33 89.33 89.40 89.62 90.39 90.09 89.98 89.80 89.90 89.83 90.26 90.43 90.52 90.60 91.15 91.36 91.67 91.98 92.15 92.31 92.68 92.95 93.10 93.43 93.63 93.92 94.04 94.24 94.40 94.44 94.49 94.53 94.48 94.33 94.30 94.12 94.03 93.94 93.85 93.65 93.80 93.73 93.48 93.22 93.22 92.99 92.78 92.67 92.37 92.25 91.95 91.85 91.52 91.17 90.92 90.90 90.81 91.22 91.09 92.11 92.17 92.30 92.55 92.60 92.71 92.74
39°N ||     92.76 92.71 92.73 92.65 92.23 92.66 92.67 92.41 92.66 92.64 92.60 92.61 92.53 92.52 92.47 92.41 92.39 92.42 92.19 91.59 89.81 89.72 89.99 89.63 89.62 89.46 89.38 89.25 88.82 87.75 86.49 85.31 84.52 84.41 84.03 84.31 85.66 85.90 86.36 87.59 88.74 89.19 89.26 89.24 89.08 89.15 89.04 88.45 89.15 89.17 89.15 89.05 88.83 88.62 88.88 89.27 89.53 89.63 89.69 89.68 89.89 89.92 89.95 90.91 92.03 92.27 92.33 92.39 92.59 92.74 92.94 93.10 93.12 93.36 93.49 93.57 93.62 93.68 93.68 93.79 93.46 93.46 93.40 93.33 93.14 92.57 92.76 92.46 91.94 91.85 91.58 90.97 90.94 90.84 90.75 90.40 90.20 90.14 90.74 90.47 90.70 91.87 90.66 89.96 90.87 89.89 89.81 89.79 89.70 89.72 89.59 89.44 89.86 89.37 89.39 89.53 89.46 89.55 90.27 90.29 90.33 90.29 90.34 90.52 90.57 90.69 90.85 91.15 91.31 91.63 91.89 92.16 92.24 92.59 92.81 93.11 93.31 93.49 93.83 93.90 94.34 94.50 94.57 94.58 94.59 94.63 94.53 94.51 94.40 94.49 94.25 94.20 94.02 93.97 93.90 93.83 93.71 93.38 93.03 93.09 92.86 92.72 92.49 92.25 91.95 91.94 91.71 91.52 91.40 91.24 91.11 90.64 89.90 92.19 92.25 92.29 92.54 92.70 92.77 92.71
41°N ||     92.74 92.76 92.79 92.76 92.72 92.69 92.64 92.68 92.65 92.63 92.63 92.64 92.57 92.61 92.47 92.50 92.40 92.12 91.97 91.58 90.90 90.38 89.96 89.81 89.67 89.56 89.48 89.27 88.74 87.49 86.02 85.07 84.72 84.64 83.80 84.24 85.41 86.02 86.63 87.87 88.85 89.22 89.27 89.25 88.80 89.18 89.08 88.85 89.04 88.97 88.97 88.88 88.87 88.95 89.09 89.19 89.43 89.61 89.62 89.59 89.74 89.93 89.94 90.70 91.78 92.37 92.46 92.35 92.64 92.83 92.97 93.19 93.31 93.46 93.61 93.74 93.80 93.83 93.84 93.82 93.77 93.73 93.62 93.84 93.79 93.30 93.00 92.90 92.52 92.57 91.83 92.41 91.97 91.55 91.67 90.94 90.61 91.29 90.31 90.88 92.07 92.07 91.96 90.30 90.67 89.82 89.83 89.94 89.94 89.82 89.71 89.86 91.16 90.28 89.67 89.81 90.57 89.69 90.45 90.29 90.38 90.35 90.79 90.87 91.05 90.92 91.20 91.26 91.63 91.95 92.09 92.18 92.41 92.65 93.04 93.28 93.54 93.67 94.08 94.25 94.37 94.60 94.63 94.64 94.63 94.59 94.63 94.59 94.55 94.44 94.35 94.39 94.36 94.21 94.06 93.89 93.74 93.62 93.41 93.20 92.95 92.68 92.53 92.31 92.02 92.02 91.92 91.77 91.76 91.47 90.38 90.78 90.40 92.00 92.23 92.42 92.47 92.69 92.68 92.78
43°N ||     92.74 92.82 92.81 92.77 92.73 92.72 92.69 92.66 92.65 92.67 92.63 92.72 92.65 92.66 92.52 92.48 92.32 92.12 91.73 91.17 90.72 90.36 90.03 89.86 89.73 89.65 89.54 89.43 89.08 88.31 87.04 85.91 85.35 85.18 85.06 85.22 85.87 86.29 88.09 88.97 89.31 89.38 89.32 89.30 89.31 89.01 89.19 88.73 88.97 88.99 88.93 89.02 88.56 88.95 89.28 89.21 89.30 89.52 89.63 89.79 89.76 89.79 89.94 90.71 91.74 92.43 92.63 92.69 92.80 92.95 93.21 93.33 93.58 93.66 94.05 93.80 93.93 93.84 93.95 93.95 93.90 93.88 93.69 93.73 93.79 93.45 93.34 92.99 92.89 92.93 92.74 92.61 92.58 92.36 92.01 91.44 91.18 90.95 91.71 91.90 92.19 92.02 91.16 91.85 91.13 91.77 91.49 91.73 89.77 89.71 89.66 90.52 89.77 89.61 90.72 90.80 90.56 90.37 90.46 90.65 90.72 90.73 91.32 91.73 91.25 91.24 91.33 91.74 91.99 92.09 92.02 92.39 92.43 92.76 93.08 93.44 93.65 93.71 94.07 94.30 94.49 94.60 94.55 94.39 94.64 94.58 94.54 94.44 94.57 94.30 94.36 94.33 94.23 94.17 94.18 94.00 93.82 93.74 93.31 93.20 92.93 92.67 92.37 92.27 92.15 92.04 91.88 91.95 91.92 91.59 91.11 90.73 90.11 91.88 92.38 92.39 92.63 92.67 92.76 92.84
45°N ||     92.89 92.88 92.81 92.81 92.80 92.76 92.73 92.67 92.65 92.70 92.70 92.63 92.62 92.56 92.53 92.37 92.14 91.86 91.46 91.07 90.63 90.32 90.06 89.92 89.84 89.76 89.67 89.57 89.39 89.01 88.61 88.23 88.09 86.52 85.79 85.61 86.33 87.82 88.68 89.19 89.38 89.45 89.45 89.49 89.54 89.59 89.61 89.50 89.13 88.87 88.53 88.86 89.27 89.23 89.22 89.33 89.63 89.55 89.62 89.81 89.92 90.26 90.57 91.09 91.76 92.51 92.58 92.82 92.98 93.15 93.26 93.55 93.66 93.81 93.79 94.01 94.00 94.00 94.13 94.14 93.93 94.00 93.93 93.88 93.78 93.68 93.38 93.48 93.32 93.02 92.97 93.11 92.77 92.59 92.54 92.42 91.89 91.58 92.15 92.11 91.53 91.11 90.77 91.91 91.15 91.78 91.85 91.88 91.13 90.43 90.07 90.70 90.40 90.22 90.79 90.46 90.20 90.72 90.79 90.93 90.87 91.20 91.35 91.60 91.61 91.74 91.79 91.84 92.08 92.18 92.32 92.36 92.71 92.87 93.33 93.56 93.78 94.01 94.11 94.31 94.46 94.61 94.61 94.63 94.60 94.48 94.54 94.57 94.53 94.51 94.38 94.46 94.38 94.09 94.19 94.13 93.93 93.64 93.20 93.01 92.87 92.52 92.33 92.23 92.20 92.13 92.12 92.11 92.09 91.96 91.76 91.27 90.48 92.08 92.10 92.22 92.51 92.80 92.80 92.89
47°N ||     92.89 92.87 92.86 92.77 92.76 92.76 92.71 92.73 92.63 92.76 92.72 92.66 92.66 92.54 92.36 92.30 91.95 91.71 91.38 91.05 90.62 90.43 90.24 90.12 89.98 89.89 89.79 89.74 89.64 89.53 89.42 89.37 89.38 89.36 88.81 88.67 89.10 89.27 89.31 89.34 89.42 89.46 89.45 89.48 89.55 89.61 89.61 89.59 89.01 88.86 89.17 89.36 89.63 89.49 89.53 89.76 89.64 90.51 89.62 89.76 89.97 90.42 91.05 91.77 92.30 92.60 92.77 92.88 93.20 93.27 93.51 93.65 93.72 93.85 93.90 93.86 93.74 93.53 94.09 94.11 94.04 94.12 94.00 93.97 93.85 93.79 93.76 93.67 93.53 93.39 93.25 93.19 93.13 93.01 92.68 92.74 92.49 92.33 92.33 92.38 92.20 92.08 92.38 91.99 91.59 91.93 91.40 91.45 91.79 91.17 90.68 91.05 91.10 91.30 91.35 90.33 90.80 90.98 91.10 91.35 91.37 91.50 91.76 91.58 91.89 91.91 91.93 91.99 92.17 92.25 92.51 92.60 92.83 93.03 93.85 93.90 93.79 93.94 94.12 94.27 94.43 94.58 94.59 94.54 94.55 94.52 94.49 94.49 94.38 94.52 94.48 94.44 94.29 94.28 94.27 94.03 93.79 93.51 93.28 92.20 92.42 92.73 92.47 92.42 92.34 92.27 92.28 92.18 92.21 92.16 92.08 91.83 91.92 92.02 92.15 92.45 92.51 92.72 92.78 92.90
49°N ||     92.91 92.86 92.85 92.78 92.83 92.81 92.78 92.77 92.72 92.72 92.75 92.64 92.62 92.44 92.26 92.08 91.80 91.61 91.38 91.08 90.80 90.66 90.47 90.30 90.07 89.96 89.91 89.85 89.81 89.75 89.71 89.66 89.63 89.60 89.56 89.58 89.60 89.59 89.51 89.45 89.44 89.50 89.49 89.39 89.46 89.52 89.53 89.53 89.76 89.16 90.57 90.99 91.25 90.61 90.50 89.76 89.79 89.80 90.66 89.83 90.36 90.90 91.65 92.16 92.29 92.74 92.97 93.19 93.23 93.54 93.55 93.67 93.81 93.83 93.87 93.89 93.96 94.08 94.15 94.14 94.15 94.07 94.06 94.00 93.97 93.88 93.87 93.67 93.61 93.55 93.45 93.31 93.09 92.98 92.87 92.89 92.69 92.73 92.72 92.63 92.26 92.47 92.03 92.15 95.23 92.68 91.54 92.04 91.88 91.46 91.28 91.46 91.35 91.30 91.02 91.50 91.41 91.52 91.63 91.55 91.58 91.67 91.87 91.85 91.84 91.97 91.92 92.08 92.18 92.35 92.58 92.77 92.98 93.22 93.70 93.82 93.75 93.98 93.99 94.22 94.34 94.43 94.51 94.51 94.46 94.48 94.46 94.46 94.39 94.25 94.46 94.33 94.18 94.08 94.08 93.79 93.64 93.37 93.26 92.26 92.07 92.79 92.58 92.52 92.50 92.43 92.45 92.39 92.26 92.33 92.22 92.23 91.52 91.88 92.57 92.51 92.49 92.81 92.99 92.82
51°N ||     92.89 92.89 92.83 92.83 92.85 92.87 92.73 92.71 92.75 92.72 92.65 92.53 92.44 92.32 92.15 91.95 91.70 91.44 91.26 91.06 90.65 90.71 90.54 90.31 90.24 90.11 90.01 89.94 89.89 89.86 89.81 89.76 89.71 89.69 89.69 89.70 89.66 89.65 89.58 89.52 89.49 89.50 89.52 89.54 89.50 89.58 89.68 89.83 90.40 90.71 90.98 91.21 91.51 91.66 91.70 91.04 89.96 89.85 90.03 90.75 91.13 91.71 92.08 92.62 92.64 92.87 93.05 93.28 93.45 93.56 93.74 93.86 93.94 93.94 94.01 94.05 94.06 93.94 94.31 94.41 94.12 94.10 94.17 93.79 94.03 93.93 93.76 93.72 93.79 93.64 93.60 93.50 93.35 93.22 93.11 93.02 92.91 92.64 92.89 92.70 92.67 92.66 92.04 94.40 94.75 92.47 91.16 92.05 91.94 91.74 91.75 91.71 91.70 91.76 91.92 91.72 91.79 91.74 91.86 91.89 91.85 91.94 91.87 91.89 91.97 91.99 91.93 92.11 92.21 92.33 92.49 92.74 93.01 93.20 93.45 93.49 93.78 93.87 94.08 94.17 94.27 94.35 94.47 94.44 94.48 94.46 94.36 94.44 94.42 94.34 94.31 94.17 94.16 93.91 93.60 93.68 93.53 93.35 93.22 93.11 92.93 92.84 92.74 92.61 92.57 92.58 92.47 92.51 92.41 92.37 92.33 92.36 92.20 92.52 92.53 92.38 92.52 92.80 92.97 92.95
53°N ||     92.84 92.80 92.88 92.89 92.87 92.83 92.78 92.71 92.66 92.53 92.57 92.49 92.33 92.19 91.99 91.72 91.34 91.39 91.30 91.11 90.96 90.85 90.65 90.53 90.39 90.28 90.15 90.03 89.99 89.92 89.87 89.85 89.80 89.79 89.80 89.79 89.79 89.73 89.65 89.60 89.56 89.56 89.58 89.61 89.68 89.79 89.88 90.10 90.43 90.84 91.18 91.38 91.54 91.71 91.84 91.97 90.77 91.14 90.44 91.63 92.39 92.56 92.71 92.79 92.93 93.11 93.37 93.50 93.63 93.69 93.91 93.97 93.99 94.03 94.09 94.17 94.18 94.12 94.23 94.18 94.09 94.17 94.10 94.16 94.05 94.21 94.13 93.88 93.85 93.65 93.69 93.59 93.44 93.38 93.20 93.07 93.12 93.38 92.92 92.89 92.65 92.66 92.48 92.31 91.86 91.91 91.87 92.21 92.02 92.12 92.01 92.01 91.90 92.01 91.99 91.95 92.07 92.16 92.00 92.11 92.01 91.97 91.83 91.92 91.97 91.91 91.89 92.08 92.16 92.25 92.52 92.74 92.93 93.10 93.08 93.35 93.51 93.72 93.76 93.88 93.92 94.05 94.07 94.20 94.25 94.27 94.19 94.21 94.05 94.07 94.09 94.08 93.84 93.64 93.55 93.38 93.46 93.29 93.19 93.06 92.95 92.82 92.74 92.68 92.64 92.58 92.62 92.58 92.25 92.37 92.29 92.45 92.40 92.39 92.45 92.64 92.83 92.82 92.92 92.94
55°N ||     92.95 92.92 92.82 92.71 92.76 92.58 92.63 92.67 92.60 92.54 92.52 92.37 92.30 92.12 92.06 91.75 93.81 91.23 91.36 91.26 91.12 90.96 90.85 90.79 90.59 90.44 90.32 90.18 90.07 90.02 89.96 89.96 89.92 89.93 89.92 89.93 89.88 89.85 89.81 89.75 89.69 89.69 89.65 89.68 89.73 89.86 90.07 91.15 91.04 91.36 91.48 91.51 91.90 91.74 91.90 92.10 92.26 92.32 92.58 92.72 92.84 92.96 93.19 93.27 93.42 93.55 93.59 93.71 93.77 93.87 94.00 94.05 94.07 94.14 94.18 94.12 94.16 94.16 94.22 94.33 94.08 94.13 94.18 94.11 94.23 94.07 93.91 93.89 93.74 93.76 93.70 93.67 93.54 93.42 93.19 93.17 93.16 93.13 93.03 92.91 92.84 92.75 92.58 92.59 92.53 92.36 92.25 92.27 92.28 92.19 92.19 92.19 92.11 92.23 92.13 92.25 92.38 92.33 92.32 92.26 92.07 92.03 91.95 91.91 91.82 91.85 92.06 92.17 92.18 92.25 92.45 92.65 92.79 92.83 93.01 93.20 93.34 93.47 93.49 93.57 93.64 93.73 93.76 93.88 93.92 93.86 93.89 93.90 93.61 93.65 93.77 93.63 93.60 93.42 93.31 93.41 93.13 93.25 93.18 92.89 92.79 92.77 92.72 92.73 92.60 92.61 92.55 92.43 92.38 92.46 92.48 92.25 92.31 92.29 92.51 92.65 92.79 92.91 92.98 93.02
57°N ||     92.90 92.90 92.85 92.79 92.83 92.70 92.60 92.55 92.54 92.55 92.40 92.29 92.30 92.12 92.00 91.96 91.44 91.53 91.38 91.36 91.25 91.17 91.03 90.91 90.82 90.70 90.54 90.40 90.41 90.27 90.23 90.17 90.14 90.16 90.13 90.14 90.11 90.06 90.02 89.88 89.85 89.81 89.79 89.80 89.87 90.07 90.40 90.70 91.14 91.32 91.48 91.58 91.68 91.83 92.02 92.20 92.38 92.59 92.77 92.92 93.23 93.32 93.40 93.46 93.57 93.61 93.71 93.80 93.86 93.98 93.99 94.43 94.16 94.16 94.17 94.23 94.21 94.15 94.18 94.16 94.14 94.28 94.05 94.08 93.43 94.75 93.91 93.84 93.81 93.72 93.75 93.59 93.51 93.45 93.41 93.26 93.25 93.12 93.05 92.84 92.85 92.79 92.61 92.44 92.37 92.39 92.37 92.26 92.42 92.34 92.29 92.39 92.48 92.47 92.46 92.51 92.58 92.50 92.40 92.20 92.12 92.14 92.07 91.98 91.98 92.01 91.95 92.06 92.16 92.20 92.40 92.47 92.65 92.64 92.74 92.88 93.10 93.18 93.23 93.16 93.38 93.31 93.47 93.61 93.62 93.56 93.53 93.57 93.53 93.42 93.51 93.44 93.46 93.44 93.25 93.31 93.16 93.21 93.15 92.95 92.84 92.86 92.72 92.67 92.63 92.53 92.52 92.46 92.30 92.44 92.41 92.32 92.56 92.44 92.46 92.64 92.81 92.80 92.86 92.88
59°N ||     92.79 92.83 92.80 92.65 92.76 92.73 92.46 92.63 92.62 92.62 92.53 92.43 92.31 92.23 92.07 91.88 91.92 91.76 91.66 91.55 91.46 91.34 91.18 91.06 91.06 91.00 90.95 90.84 90.76 90.68 90.63 90.52 90.46 90.50 90.60 90.50 90.49 90.50 90.35 90.19 90.12 90.07 90.07 90.26 90.37 90.68 90.88 91.08 91.33 91.47 91.58 91.78 91.86 91.99 92.17 92.30 92.49 92.68 92.86 93.11 93.39 93.23 93.58 93.65 93.66 93.73 93.84 93.90 93.93 93.92 94.03 94.01 94.06 94.14 94.16 94.17 94.11 94.21 94.27 94.23 94.12 94.10 94.11 94.04 94.01 93.99 93.95 93.92 93.85 93.68 93.57 93.64 93.49 93.50 93.23 93.32 93.30 93.20 92.99 92.94 92.82 92.78 92.74 92.67 92.67 92.60 92.42 92.42 92.46 92.51 92.61 92.65 92.64 92.64 92.53 92.63 92.62 92.62 92.41 92.32 92.28 92.20 92.04 92.07 91.97 91.98 91.93 92.01 92.10 92.13 92.27 92.24 92.49 92.67 92.61 92.45 92.73 92.81 92.77 92.97 93.10 92.92 93.11 93.24 93.22 93.14 93.23 93.20 93.21 93.22 93.20 93.25 93.23 93.15 93.14 93.20 93.15 93.03 93.02 92.91 92.95 92.80 92.74 92.63 92.58 92.49 92.30 92.32 92.28 92.37 92.42 92.44 92.51 92.49 92.55 92.60 92.71 92.84 92.65 92.77
61°N ||     92.71 92.72 92.70 92.72 92.69 92.76 92.64 92.57 92.63 92.48 92.41 92.43 92.35 92.23 92.11 92.04 91.94 91.86 91.78 91.65 91.54 91.52 91.44 91.37 91.28 91.25 91.17 91.11 91.06 91.05 91.04 90.98 91.02 91.02 90.98 90.94 90.91 90.94 90.89 91.32 90.83 90.81 90.82 90.87 90.92 91.02 91.12 91.28 91.51 91.66 91.71 91.98 92.16 92.28 92.41 92.59 92.74 92.89 93.04 93.15 93.37 93.57 93.65 93.72 93.81 94.22 93.71 93.96 93.99 94.00 94.10 93.96 94.05 94.20 94.26 94.23 94.20 94.22 94.12 94.17 94.11 94.12 94.06 94.09 94.00 93.97 93.87 93.82 93.73 93.66 93.58 93.54 93.52 93.41 93.41 93.41 93.21 93.12 93.09 92.95 92.91 92.83 92.71 92.70 92.67 92.69 92.53 92.63 92.61 92.70 92.68 92.71 92.75 92.74 92.63 92.71 92.64 92.63 92.57 92.36 92.44 92.40 91.97 92.14 92.08 92.02 91.93 91.89 91.95 92.06 92.06 92.12 92.20 91.70 92.21 92.44 92.48 92.44 92.62 92.72 92.78 92.57 92.87 92.93 92.93 92.78 92.89 92.87 92.94 92.99 92.94 93.00 92.94 92.87 92.96 92.97 92.90 92.87 92.88 92.79 92.74 92.77 92.66 92.63 92.57 92.33 92.47 92.42 92.30 92.38 92.33 92.44 92.49 92.46 92.58 92.59 92.54 92.69 92.66 92.57
63°N ||     92.75 92.60 92.59 93.48 92.64 92.69 92.69 92.66 92.62 92.59 92.53 92.40 92.39 92.27 92.23 92.19 92.10 92.04 91.88 91.72 91.47 91.70 91.64 91.58 91.53 91.51 91.43 91.45 91.44 91.37 91.35 91.30 91.28 91.23 91.18 91.15 91.13 91.16 91.15 91.13 91.12 91.17 91.17 91.24 91.34 91.40 91.51 91.56 91.75 91.89 92.11 92.25 92.41 92.58 92.78 92.87 92.99 93.11 93.27 93.30 93.42 93.57 93.71 93.83 93.82 93.85 94.02 93.99 93.97 93.96 94.03 93.98 94.06 94.05 94.09 94.15 94.11 94.03 94.02 94.07 94.06 94.05 93.95 93.89 93.84 93.58 93.65 93.61 93.60 93.57 93.55 93.46 93.34 93.29 93.35 93.06 93.02 93.04 92.99 92.92 92.90 92.82 92.74 92.74 92.76 92.72 92.71 92.73 92.72 92.70 92.77 92.74 92.81 92.75 92.72 92.69 92.67 92.57 92.66 92.56 92.46 92.42 92.40 92.28 92.20 92.13 92.02 91.98 91.94 91.94 91.95 92.03 92.09 92.09 92.17 92.29 92.34 92.33 92.45 92.27 92.54 92.33 92.57 92.65 92.52 92.68 92.67 92.68 92.72 92.72 92.68 92.70 92.80 92.80 92.79 92.74 92.75 92.69 92.73 92.75 92.69 92.63 92.65 92.61 92.45 92.51 92.51 92.52 92.28 92.37 92.39 92.43 92.33 92.49 92.59 92.63 92.59 92.64 92.67 92.69
65°N ||     92.66 92.80 92.67 92.78 92.77 92.72 92.69 92.72 92.45 92.57 92.50 92.50 92.51 92.47 92.65 92.28 92.24 92.17 92.04 92.12 92.06 91.94 91.92 91.88 91.84 91.81 91.68 91.73 91.70 91.67 91.61 91.55 91.53 91.49 91.43 91.36 91.36 91.37 91.33 91.32 91.32 91.39 91.46 91.54 91.65 91.75 91.82 91.95 92.03 92.16 92.29 92.31 92.59 92.83 93.00 93.18 93.33 93.51 93.57 93.60 93.62 93.75 93.81 93.78 93.91 93.95 93.96 93.87 93.93 93.99 93.87 93.89 94.00 94.01 94.01 94.04 94.04 93.97 93.99 93.98 94.00 93.92 93.87 93.55 94.46 95.89 92.87 93.43 93.54 93.44 93.49 93.33 93.36 93.19 93.18 93.11 93.02 93.00 92.99 92.95 92.86 92.86 92.81 92.68 92.79 92.66 92.65 92.71 92.70 92.68 92.76 92.77 92.82 92.73 92.58 92.61 92.75 92.62 92.58 92.66 92.61 92.53 92.49 92.28 92.27 92.07 92.12 92.02 92.00 91.85 91.96 91.93 91.93 91.96 92.05 92.01 92.10 92.13 92.05 92.19 92.28 92.26 92.35 92.37 92.29 92.44 92.43 92.46 92.43 92.46 92.52 92.53 92.53 92.58 92.38 92.59 92.56 92.65 92.62 92.61 92.51 92.49 92.61 92.59 92.47 92.60 92.59 92.39 92.52 92.42 92.56 92.54 92.50 92.51 92.52 92.61 92.48 92.50 92.69 92.37
67°N ||     92.75 92.74 92.80 92.76 92.73 92.85 92.79 92.73 92.78 92.72 92.54 92.59 92.64 92.50 92.54 92.46 92.45 92.41 92.38 92.37 92.18 92.25 92.10 92.04 92.04 91.90 92.02 91.99 91.89 91.86 91.83 91.73 91.75 91.65 91.94 91.55 91.55 91.54 91.51 91.53 91.57 91.62 91.74 91.79 91.86 91.98 92.10 92.26 92.36 92.49 92.66 92.84 92.99 93.18 93.36 93.52 93.70 93.82 93.94 94.05 94.09 94.05 93.96 93.90 93.90 93.90 93.85 93.89 93.96 93.91 93.94 93.94 93.90 93.97 93.96 93.92 93.89 93.78 93.95 93.91 93.88 93.82 93.65 93.60 93.59 93.44 93.42 93.45 93.40 93.43 93.34 93.26 93.26 93.15 93.12 93.03 92.99 92.94 92.90 92.79 92.73 92.80 92.75 92.63 92.67 92.67 92.68 92.63 92.58 92.48 92.55 92.71 92.77 92.71 92.67 92.69 92.56 92.65 92.63 92.61 92.57 92.44 92.49 92.42 92.33 92.27 92.25 92.09 92.00 91.97 91.90 91.82 91.83 91.83 91.73 91.91 91.92 91.95 91.64 92.01 92.07 92.16 92.18 92.12 92.16 92.17 91.99 92.27 92.25 92.29 92.25 92.39 92.36 92.41 92.44 92.42 92.44 92.46 92.47 92.53 92.36 92.39 92.39 92.47 92.45 92.44 92.56 92.56 92.58 92.51 92.58 92.51 92.62 92.60 92.47 92.53 92.55 92.70 92.67 92.72
69°N ||     92.59 92.80 92.82 92.76 92.80 92.82 92.79 92.83 92.69 92.88 92.76 92.74 92.71 92.74 92.56 92.48 92.48 92.60 92.64 92.53 92.54 92.53 92.49 92.45 92.32 92.29 91.93 92.24 92.22 92.04 92.19 91.98 92.01 91.89 91.78 91.72 91.75 91.74 91.76 91.77 91.79 91.92 92.00 92.10 92.18 92.31 92.52 92.70 92.89 93.03 93.11 93.20 93.26 93.39 93.47 93.61 93.69 93.73 93.83 93.87 93.86 93.88 93.86 93.84 93.79 93.83 93.85 93.86 93.80 93.87 93.88 93.84 93.92 93.90 93.76 93.84 93.83 93.75 93.77 93.73 93.66 93.62 93.66 93.58 93.44 93.46 93.32 93.27 93.25 93.20 93.21 93.14 93.04 93.04 93.04 92.85 92.89 92.89 92.84 92.81 92.79 92.78 92.75 92.64 92.66 92.75 92.70 92.65 92.65 92.69 92.46 92.51 92.63 92.62 92.67 92.63 92.57 92.61 92.59 92.48 92.42 92.46 92.42 92.41 92.27 92.24 92.23 92.19 92.13 92.08 92.01 91.90 91.89 91.81 91.74 91.67 91.73 91.84 91.91 91.87 91.91 91.90 91.95 91.95 91.96 91.96 92.00 92.06 92.05 92.03 92.12 92.05 92.13 92.21 92.29 92.33 92.29 92.35 92.52 92.44 92.39 92.38 92.38 92.47 92.46 92.52 92.54 92.60 92.57 92.52 92.51 92.61 92.64 92.68 92.81 92.75 92.70 92.74 92.68 92.64
71°N ||     92.78 92.87 92.93 92.83 92.78 92.87 93.17 92.73 92.85 92.86 92.72 92.79 92.82 92.76 92.87 92.89 92.88 92.79 92.95 92.68 92.57 92.72 92.72 92.65 92.56 92.51 92.42 92.32 92.38 92.23 92.27 92.30 92.32 92.14 92.26 92.28 92.14 92.15 92.18 92.20 92.14 92.32 92.38 92.44 92.56 92.64 92.76 92.93 93.02 93.15 93.24 93.31 93.32 93.29 93.37 93.39 93.42 93.47 93.52 93.51 93.47 93.55 93.55 93.59 93.74 93.65 93.67 93.71 93.82 93.73 93.77 93.73 93.72 93.77 93.70 93.63 93.64 93.68 93.64 93.57 93.52 93.51 93.47 93.39 93.32 93.30 93.24 93.23 93.18 93.07 92.96 92.89 92.95 92.97 92.87 92.86 92.81 92.80 92.77 92.72 92.65 92.60 92.57 92.55 92.62 92.65 92.63 92.57 92.60 92.58 92.66 92.58 92.56 92.57 92.50 92.56 92.48 92.46 92.36 92.45 92.31 92.40 92.37 92.24 92.25 92.24 92.21 92.21 92.15 92.06 92.01 92.02 91.96 91.92 91.82 91.83 91.77 91.72 91.68 91.64 91.58 91.56 91.60 91.65 91.70 91.76 91.84 91.86 91.96 91.93 92.01 92.00 91.99 92.02 92.12 92.08 92.22 92.30 92.35 92.38 92.40 92.31 92.44 92.46 92.48 92.55 92.52 92.56 92.42 92.60 92.59 92.57 92.49 92.64 92.67 92.72 92.82 92.66 92.76 92.73
73°N ||     92.89 92.97 92.98 92.92 92.85 93.02 93.05 92.99 92.99 93.05 93.13 93.02 93.05 92.92 93.18 93.00 92.97 92.93 92.86 92.86 92.91 92.63 92.64 92.73 92.62 92.75 92.63 93.05 92.82 92.71 92.79 92.62 92.55 92.49 92.38 92.47 92.38 92.43 92.47 92.57 92.63 92.70 92.75 92.78 92.88 92.94 92.98 93.02 93.08 93.15 93.24 93.38 93.32 93.33 93.32 93.30 93.25 93.24 93.18 93.24 93.28 93.33 93.37 93.36 93.41 93.48 93.52 93.48 93.47 93.51 93.60 93.66 93.65 93.54 93.61 93.62 93.64 93.54 93.48 93.37 93.38 93.33 93.28 93.22 93.26 93.23 93.18 93.12 93.05 93.06 92.97 92.79 92.80 92.80 92.79 92.66 92.69 92.68 92.64 92.67 92.61 92.61 92.57 92.43 92.54 92.55 92.48 92.45 92.45 92.40 92.47 92.49 92.54 92.53 92.48 92.53 92.55 92.46 92.36 92.29 92.34 92.41 92.38 92.26 92.24 92.20 92.15 92.19 92.08 92.06 92.01 91.96 91.98 91.91 91.93 91.88 91.83 91.78 91.75 91.76 91.79 91.81 91.83 91.83 91.85 91.87 91.89 91.90 91.95 91.97 91.93 92.01 92.00 92.04 92.04 92.04 92.17 92.22 92.26 92.23 92.36 92.35 92.30 92.41 92.49 92.55 92.47 92.55 92.64 92.68 92.17 93.58 92.38 91.32 92.65 92.73 92.88 92.84 92.67 92.80
75°N ||     92.85 92.98 92.91 92.97 92.98 93.12 92.94 93.05 93.08 93.07 93.14 93.04 93.06 93.18 93.06 93.13 93.12 92.91 93.01 93.07 93.00 93.12 93.17 93.27 93.08 92.87 92.91 92.91 92.63 92.73 92.76 92.69 92.85 92.90 92.98 92.78 92.72 92.74 92.63 92.78 92.76 92.82 92.93 92.92 92.91 92.84 92.95 93.00 93.04 93.16 93.22 93.23 93.22 93.24 93.24 93.37 93.21 93.19 93.22 93.24 93.32 93.38 93.42 93.42 93.42 93.38 93.35 93.37 93.42 93.32 93.46 93.46 93.46 93.46 93.44 93.48 93.41 93.40 93.29 93.32 93.24 93.23 93.15 93.32 93.11 93.03 92.98 92.92 92.91 92.91 92.84 92.81 92.77 92.71 92.72 92.69 92.79 92.59 92.54 92.52 92.50 92.50 92.49 92.44 92.46 92.48 92.49 92.45 92.39 92.47 92.43 92.39 92.46 92.45 92.44 92.42 92.39 92.42 92.32 92.33 92.31 92.29 92.21 92.33 92.32 92.28 92.16 92.14 92.13 92.03 92.11 92.07 92.07 92.03 91.93 91.96 91.91 91.90 91.88 91.87 91.85 91.91 91.92 91.79 91.86 91.90 91.95 91.96 91.90 91.91 91.94 91.99 92.01 92.03 92.06 92.06 92.09 92.18 92.22 92.27 92.27 92.35 92.35 92.44 92.46 92.45 92.46 92.50 92.56 92.62 92.62 92.69 92.62 92.89 92.91 92.94 92.95 92.94 92.89 92.80
77°N ||     93.06 92.92 92.65 92.52 92.69 93.02 92.91 92.47 92.50 92.97 93.09 93.09 93.13 93.09 93.08 92.88 92.55 92.60 92.48 92.87 92.63 92.76 93.24 93.56 93.07 92.87 92.86 93.01 92.93 92.92 92.90 92.91 92.97 92.86 92.50 92.84 92.73 92.82 92.79 92.75 92.94 92.90 92.81 92.81 92.90 92.99 93.03 93.07 93.11 93.14 93.16 93.20 93.04 93.26 93.29 93.33 93.36 93.35 93.35 93.35 93.39 92.64 92.67 93.11 93.26 93.23 93.22 93.26 93.18 93.17 93.24 93.27 93.27 93.28 93.23 93.24 93.21 93.23 93.27 93.24 93.19 93.07 93.06 93.03 93.02 92.95 92.82 92.80 92.88 92.83 92.85 92.80 92.71 92.61 92.60 92.64 92.64 92.62 92.58 92.54 92.52 92.52 92.47 92.56 92.47 92.46 92.46 92.45 92.44 92.44 92.44 92.42 92.38 92.31 92.32 92.31 92.37 92.28 92.29 92.19 92.23 92.27 92.28 92.29 92.28 92.29 92.25 92.22 92.18 92.11 92.15 92.08 92.04 91.96 91.66 91.89 91.98 91.99 92.01 91.98 91.93 91.93 91.93 91.92 91.93 91.90 91.96 91.91 91.94 91.88 91.95 92.00 91.98 92.03 92.07 92.09 92.12 92.14 92.10 92.18 92.20 92.27 92.37 92.43 92.45 92.45 92.50 92.59 92.59 92.55 92.64 92.57 92.63 92.72 92.69 92.92 93.03 93.01 92.92 93.00
79°N ||     92.72 92.58 92.58 92.70 92.73 92.68 92.63 92.63 92.67 92.65 92.67 92.50 92.78 92.72 92.76 92.86 92.86 92.90 92.90 92.84 92.82 92.95 92.92 92.96 93.01 93.06 92.97 92.71 92.79 92.67 92.73 92.77 92.81 92.83 92.78 92.85 92.80 92.91 92.89 92.88 92.90 92.93 92.93 92.88 92.81 92.84 92.88 92.92 92.95 93.04 93.12 93.07 93.11 93.15 93.19 93.21 93.16 93.22 93.29 93.28 93.33 93.36 93.35 93.37 93.31 93.32 93.39 93.33 93.23 93.17 93.10 93.07 92.99 93.02 93.03 92.86 92.81 92.86 92.98 92.99 92.88 92.94 92.76 92.24 92.55 92.90 91.67 91.89 92.61 91.23 91.69 92.26 91.93 91.50 92.11 91.33 91.49 92.20 91.92 91.56 91.69 91.78 91.92 92.34 92.39 92.31 92.37 92.38 92.41 92.38 92.37 92.37 92.36 92.35 92.29 92.32 92.29 92.29 92.27 92.05 92.63 92.03 92.22 92.18 92.16 92.20 92.16 92.13 92.13 92.14 92.14 92.14 92.11 92.12 92.11 92.11 92.12 92.11 92.06 92.07 92.04 91.99 91.92 91.94 91.94 91.85 91.76 91.77 91.82 91.88 91.91 91.87 91.96 92.02 92.01 92.10 92.06 92.13 92.11 92.12 92.16 92.24 92.27 92.35 92.37 92.43 92.40 92.39 92.44 92.58 92.57 92.60 92.61 92.67 92.69 92.63 92.62 92.78 92.78 92.75
81°N ||     91.73 91.74 91.78 91.84 91.78 91.79 91.82 91.80 91.82 91.84 91.87 91.90 91.93 91.96 92.00 92.02 92.03 92.06 92.06 92.09 92.10 92.13 92.16 92.21 92.24 92.31 92.41 92.52 92.51 92.59 92.69 92.58 92.59 92.79 92.25 92.25 92.05 92.33 91.70 91.84 92.07 92.19 92.65 92.66 92.68 92.76 92.85 92.80 92.60 92.56 92.01 91.98 91.77 91.99 92.52 92.12 92.05 92.02 92.02 92.13 92.79 92.60 92.68 92.68 92.77 92.84 92.94 92.55 92.38 92.07 92.09 92.11 91.60 91.86 91.64 91.33 91.12 91.31 91.08 90.86 90.82 90.53 90.58 90.42 90.42 90.49 90.26 90.23 90.25 90.16 90.23 90.36 90.08 90.08 90.36 90.15 90.19 90.00 90.00 90.04 90.37 90.47 90.45 90.45 90.49 90.58 90.24 91.08 91.17 91.88 91.83 91.20 91.47 92.12 91.78 91.88 91.58 91.72 92.00 91.39 91.44 91.34 91.44 91.48 91.75 92.10 91.57 91.67 91.67 91.65 91.72 91.69 91.69 91.72 91.74 91.76 91.85 91.95 92.05 92.05 92.06 92.05 92.05 92.01 92.04 91.98 91.98 92.01 92.02 92.08 92.08 92.11 92.12 92.14 92.13 92.11 92.11 92.15 92.16 92.11 92.12 92.14 92.18 92.18 92.18 92.17 92.14 92.11 92.10 92.01 91.92 91.94 91.93 91.92 91.90 91.85 91.79 91.74 91.74 91.73
83°N ||     91.32 91.32 91.33 91.33 91.33 91.32 91.34 91.35 91.36 91.38 91.41 91.45 91.46 91.49 91.51 91.56 91.60 91.61 91.69 91.69 91.73 91.74 91.75 91.74 91.73 91.67 91.83 91.79 91.74 91.13 91.00 90.80 91.07 91.18 90.81 91.01 90.75 90.78 90.79 90.69 90.55 90.69 90.47 90.34 90.35 90.52 90.50 90.45 90.53 90.62 90.78 90.94 91.17 91.26 90.85 90.96 90.75 90.62 90.60 90.75 90.63 91.34 91.27 92.10 92.28 92.48 92.64 92.75 92.72 92.37 92.08 91.72 91.41 91.20 91.09 90.89 90.78 90.66 90.57 90.52 90.47 90.40 90.35 90.31 90.24 90.18 90.15 90.11 90.08 90.08 90.08 90.07 90.06 90.04 90.01 89.99 89.97 89.95 89.94 89.93 89.92 89.91 89.89 89.88 89.87 89.86 89.86 89.85 89.86 89.93 90.07 90.25 90.20 90.27 90.11 90.24 90.45 90.52 90.40 90.28 90.22 90.25 90.51 90.32 90.40 90.27 90.37 90.41 90.32 90.38 90.22 90.26 90.38 90.57 90.49 90.46 90.51 90.35 90.44 90.46 90.60 90.92 91.00 91.12 91.56 91.52 91.82 92.02 92.05 92.01 91.97 91.95 91.94 91.95 92.01 92.03 92.00 91.99 91.91 91.88 91.85 91.84 91.80 91.77 91.74 91.70 91.66 91.62 91.60 91.58 91.55 91.54 91.50 91.48 91.46 91.44 91.40 91.36 91.34 91.33
85°N ||     91.53 91.40 91.52 91.67 91.75 92.00 90.76 90.63 90.87 91.05 90.48 90.80 90.61 90.52 90.66 90.84 90.19 90.01 90.00 90.01 90.02 90.21 90.68 90.39 90.43 90.55 90.88 90.63 90.58 90.80 90.74 89.91 89.96 90.25 90.00 89.91 89.89 89.89 89.90 89.91 89.91 89.97 89.93 89.89 89.91 89.87 89.85 89.86 89.85 89.93 89.93 89.91 89.97 90.11 90.11 90.02 90.03 90.06 90.12 90.19 90.23 90.12 90.25 90.16 90.12 90.12 90.38 90.39 90.75 90.96 91.10 91.38 91.15 91.12 91.10 91.25 91.42 91.61 91.69 91.70 91.77 91.79 91.40 91.03 90.66 90.60 90.66 90.74 90.85 91.10 91.54 91.53 90.27 90.09 90.08 90.16 90.11 90.06 89.96 89.92 89.90 89.95 89.89 89.87 89.86 89.84 89.83 89.82 89.82 89.81 89.81 89.81 89.81 89.82 89.82 89.83 89.84 89.84 89.85 89.84 89.85 89.87 89.87 89.86 89.86 89.86 89.85 89.85 89.86 89.85 89.85 89.85 89.85 89.85 89.87 89.87 89.91 89.91 89.89 90.04 89.88 89.88 89.87 90.15 90.17 90.17 90.27 90.56 90.28 90.09 90.21 90.10 90.37 90.46 90.67 90.89 90.45 90.65 90.81 90.91 90.86 90.63 90.75 91.15 91.01 91.07 91.28 91.68 91.44 91.76 91.50 91.29 91.15 91.01 91.17 91.39 91.53 91.22 91.24 91.29
87°N ||     89.73 89.78 89.76 89.77 89.80 89.78 89.78 89.78 89.71 89.70 89.70 89.70 89.72 89.73 89.71 89.69 89.69 89.69 89.68 89.68 89.69 89.72 89.72 89.65 89.66 89.66 89.67 89.68 89.68 89.69 89.69 89.67 89.65 89.66 89.65 89.62 89.61 89.60 89.60 89.60 89.62 89.61 89.64 89.63 89.62 89.59 89.59 89.58 89.59 89.60 89.60 89.60 89.61 89.61 89.64 89.67 89.68 89.70 89.71 89.71 89.69 89.68 89.67 89.67 89.66 89.66 89.66 89.66 89.67 89.68 89.75 89.94 89.99 89.90 89.85 89.83 89.86 89.83 89.81 89.85 89.79 89.77 89.76 89.76 89.78 89.76 89.78 89.83 89.79 89.81 89.75 89.73 89.75 89.73 89.70 89.70 89.71 89.70 89.72 89.71 89.70 89.67 89.67 89.70 89.70 89.66 89.66 89.65 89.64 89.63 89.63 89.64 89.63 89.63 89.64 89.64 89.65 89.66 89.65 89.70 89.64 89.65 89.66 89.67 89.71 89.73 89.67 89.67 89.69 89.69 89.71 89.68 89.64 89.64 89.64 89.64 89.64 89.65 89.68 89.68 89.68 89.69 89.69 89.68 89.70 89.70 89.70 89.69 89.66 89.64 89.66 89.64 89.67 89.66 89.63 89.63 89.64 89.72 89.69 89.71 89.68 89.75 89.75 89.78 89.78 89.79 89.77 89.76 89.77 89.78 89.76 89.80 89.82 89.81 89.81 89.82 89.79 89.82 89.86 89.78
89°N ||     89.54 89.54 89.54 89.55 89.55 89.52 89.52 89.51 89.50 89.50 89.51 89.50 89.50 89.50 89.50 89.50 89.50 89.49 89.49 89.49 89.49 89.49 89.50 89.49 89.49 89.49 89.49 89.48 89.47 89.47 89.46 89.46 89.46 89.45 89.45 89.45 89.45 89.44 89.44 89.44 89.44 89.44 89.44 89.44 89.44 89.44 89.44 89.44 89.44 89.44 89.44 89.45 89.45 89.46 89.46 89.47 89.48 89.48 89.49 89.49 89.48 89.49 89.49 89.50 89.50 89.50 89.51 89.51 89.51 89.51 89.51 89.51 89.52 89.52 89.53 89.53 89.53 89.53 89.54 89.55 89.54 89.54 89.54 89.55 89.54 89.55 89.55 89.54 89.55 89.55 89.54 89.55 89.56 89.56 89.55 89.54 89.54 89.54 89.56 89.57 89.56 89.54 89.54 89.54 89.53 89.53 89.53 89.52 89.52 89.51 89.51 89.51 89.51 89.51 89.50 89.50 89.50 89.50 89.50 89.50 89.50 89.50 89.49 89.50 89.50 89.50 89.49 89.49 89.49 89.48 89.48 89.48 89.48 89.48 89.47 89.47 89.46 89.46 89.46 89.45 89.45 89.45 89.45 89.45 89.45 89.45 89.45 89.45 89.45 89.45 89.46 89.46 89.46 89.47 89.47 89.48 89.48 89.49 89.49 89.48 89.48 89.48 89.49 89.49 89.48 89.49 89.49 89.49 89.49 89.49 89.50 89.51 89.51 89.51 89.52 89.52 89.53 89.53 89.53 89.54
