East longitude (degrees): -179:2:179
North latitude (degrees): -89:2:89

Absorbed dose on Martian Surface (1E-6 Gy/day), 2D array where Absorbed dose(i,j)= value at latitude(i) and longitude(j).
71.40 71.43 71.47 71.48 71.48 71.47 71.47 71.48 71.50 71.53 71.65 71.69 71.66 71.70 71.84 71.92 71.96 72.02 72.03 71.95 71.90 72.00 72.01 71.97 71.92 71.90 71.85 71.86 71.92 71.89 71.95 72.02 71.98 71.92 71.99 71.92 71.85 71.78 71.67 71.56 71.49 71.42 71.35 71.32 71.30 71.30 71.29 71.30 71.30 71.28 71.27 71.27 71.25 71.24 71.25 71.25 71.19 71.17 71.16 71.17 71.17 71.17 71.18 71.16 71.18 71.20 71.21 71.10 71.05 71.07 71.04 71.05 71.05 71.05 71.02 71.00 70.99 70.99 70.98 70.99 70.98 71.00 71.01 71.00 71.02 71.03 71.02 71.02 71.02 71.03 71.04 71.06 71.06 71.05 71.05 71.06 71.06 71.06 71.05 71.03 71.01 71.03 71.03 71.03 71.05 71.06 71.08 71.09 71.11 71.14 71.16 71.18 71.19 71.24 71.30 71.35 71.35 71.36 71.36 71.38 71.39 71.40 71.41 71.43 71.45 71.48 71.48 71.50 71.52 71.53 71.55 71.55 71.56 71.57 71.58 71.60 71.61 71.61 71.61 71.61 71.57 71.58 71.56 71.53 71.54 71.54 71.53 71.51 71.48 71.45 71.45 71.43 71.43 71.41 71.39 71.38 71.38 71.37 71.36 71.37 71.37 71.36 71.35 71.33 71.33 71.32 71.32 71.33 71.33 71.33 71.34 71.36 71.37 71.39 71.39 71.41 71.41 71.41 71.41 71.41
72.44 72.49 72.49 72.57 72.55 72.59 72.54 72.54 72.53 72.48 72.48 72.47 72.41 72.34 72.31 72.30 72.31 72.32 72.32 72.29 72.30 72.33 72.41 72.43 72.42 72.39 72.39 72.33 72.38 72.28 72.43 72.44 72.34 72.33 72.32 72.32 72.30 72.27 72.26 72.21 72.14 72.18 72.15 72.14 72.12 72.11 72.11 72.07 72.04 72.00 71.88 72.02 71.87 71.65 71.69 71.65 71.56 71.47 71.42 71.41 71.58 71.19 71.30 71.10 71.04 71.04 70.98 70.94 70.91 70.91 70.92 70.94 71.00 70.98 70.75 70.71 70.65 70.57 70.56 70.73 70.47 70.32 70.33 70.25 70.24 70.25 70.28 70.31 70.34 70.36 70.39 70.37 70.34 70.30 70.29 70.68 70.59 70.75 70.57 70.71 70.70 70.74 70.84 70.85 70.89 70.97 71.03 71.16 71.22 71.28 71.18 71.20 71.25 71.29 71.32 71.33 71.38 71.40 71.45 71.45 71.49 71.53 71.54 71.57 71.62 71.61 71.62 71.66 71.71 71.69 71.74 71.74 71.75 71.79 71.87 71.95 72.01 72.10 72.05 71.95 71.86 71.83 71.81 71.79 71.76 71.76 71.72 71.56 71.54 71.53 71.53 71.53 71.56 71.55 71.55 71.56 71.60 71.67 71.72 71.72 71.77 71.81 71.86 71.88 71.95 72.01 72.06 72.09 72.17 72.19 72.29 72.29 72.31 72.31 72.36 72.30 72.15 72.23 72.44 72.56
71.82 71.83 71.84 71.84 71.85 71.85 71.86 71.89 71.89 71.89 71.90 71.90 71.91 71.95 71.92 71.88 71.89 71.95 71.95 71.96 71.96 71.97 71.99 72.00 72.00 72.00 72.03 72.09 72.13 72.22 72.42 72.44 72.43 72.44 72.46 72.39 72.52 72.47 72.47 72.45 72.61 72.81 72.79 72.82 72.70 72.69 72.62 72.55 72.48 72.40 72.41 72.31 72.30 72.29 72.50 72.57 72.36 72.25 72.29 72.55 72.45 71.76 71.68 71.72 71.81 71.87 71.72 71.78 71.75 71.44 71.62 71.59 71.36 71.29 71.34 71.12 71.39 71.60 71.86 71.59 71.46 71.41 71.48 71.49 71.58 71.46 71.41 71.30 71.30 71.41 71.31 71.32 71.40 71.35 71.35 71.38 71.42 71.46 71.46 71.51 71.49 71.63 71.87 72.08 72.02 71.98 71.94 71.92 71.87 71.88 71.90 71.91 71.92 71.94 71.79 71.82 71.87 71.88 71.84 71.79 71.78 71.80 71.82 71.88 71.94 71.98 71.98 71.95 71.95 71.92 71.89 71.87 71.85 71.85 71.87 71.93 72.24 72.82 73.02 72.89 72.57 72.41 72.34 72.36 72.11 71.98 71.92 71.86 71.89 71.92 71.85 71.86 71.89 71.96 72.05 72.08 72.10 72.11 72.10 72.10 72.09 71.99 71.91 71.87 71.85 71.91 71.94 71.98 72.05 72.15 72.02 72.05 72.02 71.99 71.95 71.93 71.91 71.91 71.85 71.82
71.83 71.84 71.86 71.87 71.87 71.88 71.89 71.90 71.91 71.93 71.94 71.96 71.98 71.99 71.99 72.00 72.01 72.03 72.05 72.07 72.09 72.11 72.13 72.16 72.19 72.22 72.25 72.29 72.35 72.42 72.39 72.31 72.31 72.28 72.35 72.41 72.41 72.39 72.44 72.49 72.36 72.37 72.39 72.40 72.43 72.46 72.44 72.77 72.85 72.91 72.85 72.85 72.81 72.82 72.85 72.82 72.78 72.98 73.02 72.99 72.67 72.91 72.85 72.76 72.97 72.74 72.74 72.72 73.02 72.79 73.03 73.23 73.37 73.40 73.30 73.18 73.20 73.17 73.20 73.31 73.31 73.30 73.19 73.21 73.23 73.16 73.12 73.12 73.17 73.17 72.97 72.96 73.03 73.27 72.97 72.92 72.85 72.81 72.80 72.66 72.78 72.43 72.51 72.35 72.58 72.71 72.73 72.58 72.50 72.50 72.51 72.57 72.70 72.74 72.77 72.75 72.53 72.53 72.49 72.48 72.44 72.43 72.26 72.22 72.25 72.28 72.28 72.20 72.19 72.27 72.23 72.24 72.33 72.34 72.45 72.75 73.16 73.12 73.14 73.13 73.14 72.52 72.45 72.47 72.45 72.52 72.49 72.45 72.43 72.43 72.39 72.33 72.26 72.23 72.20 72.13 72.09 72.12 72.28 72.48 72.72 72.85 72.60 72.31 71.91 71.91 71.74 71.70 71.69 71.69 71.77 71.89 72.14 72.12 71.96 71.85 71.80 71.79 71.80 71.82
71.98 72.02 72.02 72.10 71.97 72.01 72.04 72.06 72.09 72.13 72.16 72.20 72.30 72.32 72.21 72.21 72.24 72.27 72.29 72.32 72.34 72.37 72.38 72.41 72.43 72.46 72.50 72.52 72.54 72.57 72.59 72.68 72.67 72.69 72.76 72.73 72.62 72.65 72.64 72.66 72.76 72.68 72.51 72.55 72.47 72.40 72.45 72.56 72.61 72.55 72.66 72.61 72.77 73.31 73.10 73.22 73.39 73.10 73.35 73.27 73.06 73.15 73.20 73.18 73.17 73.13 73.17 73.19 73.16 73.11 73.19 73.09 72.99 73.01 73.05 73.05 72.99 72.99 73.00 73.06 73.35 73.01 72.89 72.86 72.84 72.85 72.84 72.86 72.85 72.85 72.84 72.85 72.77 72.65 72.51 72.30 71.82 71.33 71.96 72.03 72.34 72.53 72.47 72.53 72.69 72.79 72.86 72.98 72.96 72.89 72.77 72.93 72.99 73.06 73.06 73.10 73.11 73.16 73.14 73.13 73.12 73.14 73.11 73.07 73.06 73.08 72.86 72.88 72.92 72.96 72.99 73.11 73.14 73.19 73.21 73.21 73.19 72.86 72.42 72.31 72.28 72.25 72.24 72.33 72.37 72.38 72.34 72.42 72.46 72.51 72.58 72.62 72.67 72.55 72.61 72.73 72.82 72.64 72.56 72.58 72.82 72.70 72.53 72.53 72.60 72.56 72.79 72.43 72.02 71.85 71.87 71.95 72.02 72.14 72.30 71.94 72.00 72.00 71.89 71.93
72.15 72.18 72.19 72.25 72.24 72.22 72.23 72.25 72.26 72.37 72.30 72.35 72.38 72.40 72.44 72.52 72.48 72.60 72.44 72.55 72.49 72.51 72.50 72.75 72.98 72.44 72.68 72.95 72.85 72.91 72.87 72.87 72.86 72.87 72.90 72.92 72.92 72.92 72.87 72.85 72.86 72.73 73.06 73.13 72.62 72.73 72.73 72.66 72.65 72.80 72.94 72.81 73.21 73.12 73.17 73.28 73.41 72.72 73.08 72.79 73.20 73.07 72.73 72.98 73.00 73.17 73.20 73.17 73.16 73.14 73.12 73.14 73.13 73.15 73.14 73.12 73.13 73.16 73.15 73.04 73.10 73.20 73.04 73.02 73.04 73.18 72.95 73.08 72.97 73.00 73.04 72.97 72.95 72.77 72.22 72.24 71.97 72.29 72.61 72.76 72.69 72.82 72.83 72.87 72.90 73.01 72.92 72.97 72.84 72.98 72.76 72.91 72.82 72.82 72.64 72.59 72.97 73.06 73.20 73.22 73.25 73.24 73.25 73.24 73.27 73.25 73.23 73.25 73.24 73.26 73.23 73.22 73.26 73.25 73.25 73.26 73.29 73.30 73.27 73.27 73.27 73.29 73.12 72.90 73.00 72.70 72.44 72.44 72.43 72.38 72.41 72.47 72.68 73.28 73.20 72.72 72.61 72.90 72.27 72.28 72.60 72.30 72.14 72.06 72.02 72.08 71.99 72.20 72.06 72.03 72.04 72.07 72.13 71.97 71.92 71.98 72.04 72.10 72.10 72.11
72.57 72.42 72.39 72.37 72.33 72.47 72.45 72.64 72.61 72.64 72.63 72.65 72.82 72.72 72.69 72.73 72.78 72.79 72.84 72.76 72.72 72.75 72.72 72.78 72.75 72.82 72.93 72.97 72.89 72.95 72.93 72.95 72.95 72.95 72.95 72.96 72.94 72.96 72.95 72.96 72.95 72.97 72.93 72.86 72.83 72.71 72.44 72.82 72.40 72.55 72.98 72.88 72.80 72.53 72.63 72.75 72.84 72.82 72.90 72.89 73.04 73.14 73.04 73.08 73.19 73.21 73.20 73.22 73.23 73.21 73.19 73.19 73.16 73.17 73.15 73.16 73.15 73.10 72.99 73.01 72.98 72.90 72.87 72.79 72.93 73.05 72.97 72.99 72.88 72.95 72.96 72.94 72.75 72.67 72.60 72.49 72.18 71.95 72.60 73.17 73.34 73.41 73.41 72.81 72.95 72.88 72.89 72.98 72.84 73.01 72.87 72.84 72.81 73.03 73.21 73.12 72.84 72.77 72.56 72.44 72.39 72.18 72.11 72.39 72.71 72.96 73.11 73.10 73.06 72.95 72.66 72.98 73.07 72.72 73.01 73.12 73.27 73.22 73.09 73.02 72.86 72.88 72.77 73.00 73.31 73.27 73.19 73.12 72.76 72.78 72.82 72.41 72.77 72.93 72.93 72.48 72.28 72.32 72.19 72.21 72.25 72.16 72.15 72.29 72.22 72.19 72.25 72.30 72.31 72.30 72.24 72.29 72.41 72.23 72.24 72.27 72.38 72.46 72.51 72.41
72.68 72.73 72.62 72.69 72.59 72.59 72.65 73.01 72.77 72.73 73.23 73.40 72.85 72.92 72.92 72.97 72.86 72.91 72.91 72.81 72.81 72.94 72.94 73.02 72.95 72.99 73.01 73.02 73.01 72.99 72.99 72.98 72.99 72.97 72.75 72.94 72.95 72.95 72.94 72.94 72.91 72.89 72.89 72.90 72.93 72.96 72.93 72.88 72.79 72.73 72.79 72.52 72.45 72.66 72.94 73.00 72.97 73.14 73.22 73.24 73.26 73.25 73.23 73.20 73.19 73.19 73.18 73.08 73.18 73.12 73.06 72.98 72.96 72.88 72.85 72.90 72.86 72.95 72.87 72.88 72.92 72.94 72.99 72.90 73.07 72.95 72.95 73.03 72.94 72.94 72.89 72.74 72.67 72.83 72.91 72.92 72.92 72.92 72.95 72.87 72.79 72.84 72.84 72.81 72.96 73.00 73.00 72.91 72.90 72.84 72.80 72.71 72.47 72.57 72.65 72.38 72.58 72.51 72.40 72.49 72.36 72.33 72.70 72.85 72.76 72.70 73.28 72.55 72.65 72.66 72.72 72.96 72.91 72.85 72.81 72.70 72.86 72.35 72.15 71.93 71.89 72.26 73.40 73.31 73.36 72.75 73.08 72.76 73.15 73.31 73.24 73.20 73.16 73.18 73.22 72.64 72.06 72.03 72.01 72.01 71.99 72.07 72.41 72.35 72.44 72.12 72.15 72.25 72.29 72.29 72.33 72.33 72.35 72.48 72.49 72.52 72.58 72.55 72.58 72.61
73.24 72.66 73.01 73.00 72.95 72.79 73.17 73.01 73.03 73.02 72.80 72.63 73.13 72.75 72.89 72.98 72.96 72.95 72.92 72.85 72.77 72.58 73.12 72.48 72.61 73.05 72.92 72.91 72.92 72.95 72.96 72.95 73.00 72.82 72.79 72.62 72.74 72.94 72.88 72.91 72.92 72.94 72.89 72.92 72.94 72.95 72.95 72.83 73.13 73.60 73.60 73.69 73.67 72.87 73.15 73.16 73.25 73.28 73.30 73.31 73.32 73.30 73.27 73.23 73.25 73.06 73.14 73.24 73.25 73.26 73.23 73.09 72.98 73.05 72.98 72.92 72.88 72.94 73.05 72.86 72.87 72.88 72.91 73.07 72.99 73.12 73.19 73.16 73.11 73.13 72.96 72.94 72.76 72.95 72.94 72.99 73.08 73.09 73.09 73.08 73.09 73.09 73.13 73.11 73.07 73.04 73.11 72.87 72.83 72.76 72.53 72.34 72.47 72.71 72.93 72.78 72.89 72.83 72.89 72.70 72.78 72.58 72.47 72.42 72.59 72.56 72.74 72.76 72.90 72.88 72.85 72.90 72.92 72.97 73.01 73.02 73.00 73.07 72.89 72.70 72.92 72.22 72.33 72.66 72.71 72.74 72.78 72.90 73.26 73.10 72.99 72.54 72.96 73.19 73.33 73.39 73.08 72.54 72.07 72.29 72.15 72.31 72.57 72.60 72.23 72.38 72.61 72.69 72.60 72.80 73.21 73.08 72.87 72.80 72.80 72.77 72.85 72.74 72.77 73.19
73.14 73.17 73.24 73.27 73.32 73.41 73.49 73.44 73.45 73.46 73.45 73.08 72.72 72.54 72.18 72.18 72.55 72.64 73.21 72.76 72.79 72.70 72.58 72.62 73.61 72.94 72.94 72.95 72.89 72.77 72.82 72.76 72.76 72.87 72.83 72.81 72.77 72.94 72.86 72.87 72.94 72.86 72.94 72.90 72.93 72.94 72.80 72.70 72.74 73.23 73.60 73.54 73.73 72.74 73.20 73.27 73.31 73.34 73.30 73.32 73.36 73.19 73.12 73.19 73.25 73.30 73.34 73.24 73.25 72.80 72.94 73.04 72.97 73.06 72.90 73.00 72.91 72.67 72.57 72.49 72.44 72.96 72.95 72.95 73.05 73.06 73.14 73.04 73.17 73.10 73.35 73.30 73.09 73.14 73.13 73.05 73.01 72.69 73.00 73.15 73.22 73.08 73.10 73.10 73.09 73.12 72.94 72.48 72.63 72.81 72.84 72.90 72.91 73.00 73.01 72.97 73.10 73.01 73.08 73.12 73.08 73.18 73.20 73.09 73.18 72.99 72.67 72.79 73.40 73.39 72.88 72.97 72.85 72.22 72.67 72.77 72.82 72.58 72.43 72.60 72.81 72.52 72.97 73.05 73.20 73.22 73.19 73.04 73.04 73.14 73.28 73.24 73.36 73.26 73.67 73.77 73.72 73.53 73.33 73.19 73.32 73.22 73.10 73.27 73.36 73.32 73.31 73.21 73.13 73.39 73.16 73.31 73.24 73.25 72.97 72.96 72.99 73.03 72.84 73.12
72.81 72.85 73.04 73.18 72.96 73.75 73.66 73.45 73.54 73.52 73.48 73.36 73.02 73.06 72.83 72.93 72.30 72.40 72.61 72.85 73.03 72.91 72.76 72.70 72.63 73.00 72.86 72.94 72.73 73.06 72.53 72.58 72.53 72.69 72.72 72.78 72.92 72.95 73.00 73.00 73.04 73.00 72.99 73.03 73.03 73.38 72.93 73.10 73.11 73.10 73.13 73.21 73.22 73.28 73.29 73.26 73.29 73.31 73.20 73.20 73.10 73.30 73.29 73.37 73.30 73.18 72.88 72.91 72.95 72.95 72.92 72.98 72.97 73.08 73.14 73.24 73.15 72.85 72.58 72.73 72.80 73.05 73.05 72.84 72.84 72.73 72.77 72.75 72.89 73.04 73.06 73.13 72.66 73.15 73.19 73.15 73.22 73.22 73.21 73.23 73.20 73.18 73.21 73.17 73.06 72.91 72.55 73.13 73.23 73.17 73.08 72.99 73.04 72.98 73.06 72.82 72.79 73.08 73.28 73.39 73.48 73.41 73.43 73.47 73.46 73.41 73.22 73.02 72.87 72.87 73.09 73.02 72.99 72.97 73.43 72.84 72.19 72.39 72.45 72.52 72.63 72.63 72.44 72.51 72.78 73.03 73.09 72.95 73.20 73.25 73.25 73.30 73.05 72.15 73.25 73.66 73.56 72.45 73.66 73.60 73.56 73.42 73.37 73.32 73.19 73.04 72.90 72.94 72.55 72.40 72.90 73.22 73.17 73.06 72.98 72.90 72.85 72.79 72.90 72.89
73.59 72.76 72.61 73.02 73.04 73.11 73.13 73.48 73.47 73.53 73.56 73.55 73.45 73.37 73.16 72.98 72.80 72.54 72.48 72.32 72.30 72.15 72.33 72.35 72.56 72.54 72.48 72.42 72.70 72.27 72.28 72.30 72.61 73.46 72.58 72.72 72.74 73.18 72.96 72.97 73.02 73.02 73.00 73.01 73.02 73.05 73.04 73.10 73.11 73.09 73.11 73.17 73.19 73.20 73.16 73.25 73.34 73.27 73.31 73.26 72.98 73.19 73.32 73.32 73.19 73.08 74.07 74.07 73.79 72.95 73.02 73.04 73.08 73.18 73.27 73.07 72.89 72.60 72.64 72.48 72.65 72.67 72.87 72.84 73.01 72.96 73.03 73.04 73.04 73.05 73.08 73.17 73.13 73.20 73.18 73.24 73.18 73.15 73.16 73.06 73.07 72.71 72.60 72.62 72.44 72.73 73.40 73.67 73.65 73.42 73.36 73.14 73.16 72.99 73.08 73.03 73.23 73.31 73.45 73.47 73.46 73.46 73.49 73.48 73.45 73.57 73.56 73.63 73.64 73.37 72.97 72.63 72.92 73.02 72.62 72.52 72.45 72.24 72.52 72.11 72.25 72.47 72.49 72.97 72.82 72.79 72.53 72.71 72.95 73.13 73.29 73.38 73.22 73.31 73.38 73.40 73.42 73.41 73.25 73.34 73.31 73.33 73.21 73.09 73.22 73.19 73.19 73.18 73.14 72.90 73.23 73.08 73.04 72.92 72.67 73.00 72.65 72.64 72.66 72.91
72.81 72.59 72.41 72.66 72.69 73.19 73.26 73.50 73.45 73.48 73.47 73.53 73.53 73.53 73.46 73.35 73.26 73.22 73.15 72.95 72.67 72.59 72.63 72.50 72.71 72.66 72.48 72.90 72.81 72.49 72.36 72.53 72.42 72.56 72.67 72.75 72.77 72.82 72.83 72.95 72.97 73.03 73.05 73.05 73.10 73.12 73.11 73.11 73.13 73.12 73.07 73.02 72.99 73.06 73.15 73.23 73.23 73.24 73.17 72.71 73.31 73.35 73.45 73.56 73.19 73.37 73.40 73.42 73.09 73.05 73.17 73.10 73.14 73.22 73.33 73.27 73.01 72.91 72.71 72.53 72.55 72.71 73.17 72.89 72.99 73.02 73.02 72.98 72.86 73.06 73.07 73.10 73.07 73.17 73.07 73.19 73.33 73.24 73.10 73.14 73.01 73.02 72.95 72.89 72.69 72.86 72.78 72.92 72.99 72.93 72.92 72.86 72.92 73.23 73.38 73.65 73.63 73.53 73.45 73.39 73.40 73.49 73.58 73.56 73.64 73.61 73.59 73.62 73.61 73.66 73.12 73.08 73.04 72.97 73.75 72.69 72.65 72.70 72.95 72.33 72.31 72.31 72.57 72.59 72.62 72.39 72.30 72.97 72.81 72.66 73.15 73.08 73.02 73.29 73.27 72.47 72.81 72.91 73.23 73.06 72.72 72.80 73.21 72.99 73.12 73.26 73.17 73.22 73.19 73.16 72.96 72.90 72.80 72.45 72.98 73.11 72.88 72.78 72.56 72.49
72.78 72.76 72.99 72.61 72.46 72.73 73.05 73.12 73.28 73.24 73.40 73.30 73.53 73.42 73.43 73.35 73.39 73.40 73.35 73.05 72.72 72.70 72.54 72.60 72.54 72.63 72.63 72.52 72.49 72.53 72.50 72.58 72.73 72.74 72.72 72.58 72.47 72.67 72.91 72.76 73.02 72.83 72.72 72.95 72.99 72.97 72.86 73.04 73.00 72.99 72.86 72.91 73.10 73.35 73.19 72.78 73.03 73.36 73.28 73.31 73.28 73.28 73.36 73.50 73.71 73.57 73.17 73.61 73.09 73.39 73.25 73.14 73.16 73.09 73.14 73.43 73.52 73.46 73.41 73.19 73.07 72.86 72.92 72.91 72.93 72.96 73.04 73.04 73.05 73.03 73.03 73.05 73.11 73.08 73.11 73.01 73.10 73.14 73.05 73.19 73.20 73.04 73.08 73.19 73.10 72.96 72.86 72.74 72.76 72.65 72.93 73.02 73.22 73.54 73.77 73.81 73.83 73.70 73.59 73.54 73.52 73.50 73.53 73.56 73.69 73.73 73.67 73.65 73.66 73.67 73.55 73.22 73.15 73.29 73.05 72.77 72.60 72.69 72.60 72.14 73.15 72.45 72.78 72.72 72.70 72.52 72.42 72.31 72.16 72.43 72.70 72.95 72.82 72.85 73.05 73.25 73.40 73.41 73.24 73.16 72.86 72.91 73.02 72.99 72.91 72.37 72.35 72.57 72.86 73.03 73.11 73.15 73.03 73.19 73.16 72.62 72.88 72.94 72.90 73.06
73.23 72.64 72.38 72.74 72.94 73.07 73.06 72.65 72.72 72.86 72.58 72.73 73.08 72.71 73.81 72.77 73.01 72.98 73.33 73.11 73.05 73.02 73.03 72.64 72.53 72.40 73.07 72.83 72.51 72.57 72.86 73.06 73.08 73.00 73.00 72.81 72.58 72.69 72.64 72.63 72.90 72.48 72.75 72.96 72.78 72.20 73.10 73.21 73.24 73.20 73.18 73.28 73.27 73.06 72.82 73.41 73.42 73.28 73.43 73.43 73.39 73.30 73.38 73.44 73.61 73.84 73.67 73.31 73.72 73.74 73.61 73.43 72.92 73.38 73.50 73.21 73.16 73.22 73.14 72.96 72.46 72.48 72.89 73.05 72.91 72.87 72.80 72.99 73.06 73.05 73.09 73.05 73.06 73.17 73.11 73.15 73.13 73.03 73.11 73.18 73.22 73.14 73.10 73.09 72.78 73.10 73.06 73.08 73.10 73.18 73.25 73.31 73.38 73.49 73.65 73.70 73.43 73.40 73.43 73.29 74.02 73.71 73.35 73.50 73.61 73.67 73.77 73.82 73.64 73.78 73.97 73.81 72.54 73.67 73.56 73.41 72.72 72.81 72.79 73.03 72.54 72.48 72.41 72.47 72.51 72.45 72.45 72.31 72.45 72.42 72.61 72.60 72.64 72.69 72.72 73.32 73.69 73.63 73.62 73.52 73.40 73.23 73.10 72.94 72.88 72.65 72.41 72.56 72.62 72.02 72.48 72.93 73.01 72.85 72.25 72.47 72.59 73.13 73.15 73.13
73.30 72.97 72.84 73.02 73.04 72.92 72.15 72.58 72.70 72.55 72.87 72.57 72.71 72.19 72.81 73.11 72.91 73.01 72.82 73.00 73.09 73.11 72.92 72.83 72.31 72.57 72.68 72.73 72.99 72.58 72.72 73.14 73.19 72.99 73.18 73.01 72.68 72.37 72.27 72.36 72.54 72.92 73.13 73.12 73.08 72.87 73.20 73.29 73.41 73.41 73.41 73.42 73.44 73.46 73.28 73.16 73.25 73.14 73.36 73.45 73.27 73.10 73.66 73.55 73.17 73.87 73.22 73.56 73.74 72.87 73.06 73.54 73.95 73.35 73.68 73.26 73.28 73.09 72.94 72.94 72.60 72.68 72.88 72.74 72.78 73.03 72.93 72.92 73.15 72.45 72.98 73.12 73.17 73.11 73.39 73.01 72.97 72.99 73.57 72.95 72.91 73.15 73.07 73.09 73.14 73.18 73.17 73.14 73.13 73.34 73.40 73.53 73.57 73.58 73.50 73.31 73.34 73.40 73.20 72.95 72.98 73.01 73.40 73.64 73.87 73.95 74.00 73.95 74.01 74.12 73.95 73.92 73.74 73.62 73.66 73.47 73.14 72.45 72.11 72.29 73.49 73.37 72.09 72.10 72.94 72.29 72.37 71.98 72.36 72.61 72.34 72.39 72.70 73.09 73.26 73.39 73.51 73.46 73.53 73.52 73.49 73.43 73.34 73.23 72.95 72.73 72.52 72.47 72.59 72.45 73.06 72.05 72.54 72.67 72.49 72.91 73.06 72.94 73.12 73.22
73.19 73.21 73.32 73.49 73.20 72.40 72.66 72.55 72.29 72.32 72.39 73.44 72.36 72.45 72.21 72.26 72.68 72.99 72.69 72.59 73.36 72.63 72.66 72.65 72.18 72.59 72.76 72.74 72.72 72.22 71.90 73.14 72.98 73.03 73.01 72.85 72.94 72.56 72.43 72.47 72.35 72.73 72.89 72.98 73.04 72.87 72.59 72.55 73.10 73.41 73.44 73.48 73.37 73.35 73.20 72.81 72.70 72.73 72.60 72.54 72.97 73.90 73.27 72.93 73.84 74.07 73.97 73.40 74.64 72.14 74.23 73.38 73.02 73.40 73.14 73.70 73.87 73.67 73.45 73.92 73.94 73.34 72.91 72.96 73.11 72.94 72.98 72.83 72.79 73.00 73.05 73.11 72.93 72.75 72.76 72.73 72.74 72.80 73.06 72.81 72.65 72.74 72.73 72.79 72.79 73.16 73.20 73.31 73.41 73.51 73.60 73.69 73.78 73.85 73.78 73.63 73.71 73.72 73.81 73.65 73.60 73.72 73.98 74.19 74.34 74.33 74.35 74.34 74.35 74.50 74.14 74.05 73.91 74.03 73.94 73.86 73.80 73.47 72.34 72.99 73.55 73.75 72.42 72.53 72.86 72.74 72.50 72.36 72.34 72.58 72.88 72.98 73.06 72.89 73.18 73.03 73.34 73.00 72.49 72.64 73.37 73.43 73.38 73.17 72.88 72.68 72.52 72.51 72.57 72.50 72.29 72.20 72.51 72.57 73.18 72.55 72.56 72.64 72.82 73.15
73.24 73.26 73.34 73.39 72.98 72.94 72.88 72.61 72.50 72.82 72.79 72.71 72.61 72.69 72.48 72.62 72.96 72.89 72.88 72.82 72.47 72.03 72.03 73.34 72.02 72.60 72.82 72.82 72.81 72.63 72.47 73.04 73.01 72.92 73.04 72.79 72.61 72.44 72.18 72.11 72.19 72.12 72.09 72.24 72.74 72.54 72.44 72.69 73.06 73.24 73.41 73.43 73.44 73.11 72.88 72.27 72.52 72.24 72.48 73.64 72.89 74.04 74.19 73.84 73.09 74.80 74.80 74.88 74.80 74.81 74.82 74.37 72.92 73.21 73.91 73.46 73.27 73.75 73.63 73.56 73.23 73.04 73.12 73.11 73.05 72.95 72.96 72.79 72.87 72.68 72.86 72.99 73.14 72.94 73.00 73.28 73.74 73.02 72.99 73.06 73.04 73.00 72.63 72.74 72.65 72.82 73.29 73.37 73.51 73.65 73.76 73.85 73.99 74.12 74.12 74.24 74.32 74.41 74.46 74.65 74.85 74.95 75.00 75.07 75.17 74.98 74.85 74.84 75.15 74.63 74.40 74.31 74.19 74.00 74.11 74.04 73.11 73.58 73.47 73.24 73.10 72.97 73.02 73.03 72.29 72.56 72.65 72.64 72.87 73.08 73.30 73.30 73.79 73.49 72.99 73.12 73.26 72.41 72.54 73.44 73.25 73.10 72.96 72.97 72.71 72.60 72.71 72.85 73.01 72.85 72.82 72.41 72.91 72.65 72.50 72.57 72.74 73.01 73.03 73.19
73.27 73.00 73.05 73.48 73.62 72.53 73.05 73.14 73.13 72.99 73.09 72.72 72.58 72.84 72.83 72.82 72.62 72.88 72.80 72.87 72.77 72.31 72.07 72.85 72.55 72.74 73.49 72.72 72.85 72.72 72.95 72.86 72.85 73.04 72.89 72.87 72.85 72.28 72.06 72.04 71.96 72.07 72.42 72.57 72.73 72.83 72.94 72.91 73.51 73.95 72.69 72.74 72.95 72.80 72.89 73.26 73.15 72.66 72.60 73.23 72.90 74.11 74.19 74.31 75.05 74.94 74.83 74.84 74.86 74.88 74.87 74.78 74.50 74.20 73.60 73.48 73.65 73.85 73.35 73.49 73.61 73.50 73.40 73.28 73.12 73.70 73.24 72.96 73.05 73.08 72.89 72.85 72.77 73.08 72.72 72.62 72.84 72.91 72.98 72.90 73.01 73.08 72.80 72.31 73.15 73.01 73.15 73.37 73.46 73.54 73.84 73.97 74.17 74.33 74.42 74.59 74.88 75.02 75.43 75.97 76.42 76.79 76.96 77.02 77.06 76.67 76.54 76.60 76.62 76.50 75.74 74.65 74.66 74.82 74.09 74.23 74.24 74.01 73.28 73.26 73.35 73.02 73.06 72.80 72.91 73.37 72.82 72.81 72.86 72.70 72.89 73.15 73.39 73.51 73.91 73.29 73.20 72.22 73.46 73.21 73.31 73.33 73.32 73.07 72.88 72.84 72.61 72.85 72.43 72.83 72.97 72.51 72.12 72.12 72.53 72.95 73.01 73.08 73.24 73.27
73.20 73.08 72.84 72.90 73.32 73.20 73.14 72.57 73.28 72.92 72.67 72.86 72.75 72.93 72.81 72.73 72.80 72.32 72.69 72.75 72.60 72.34 72.01 71.88 71.65 72.55 72.31 72.59 72.81 72.81 72.72 72.86 72.64 72.57 72.70 72.50 72.52 72.42 72.22 71.67 71.65 71.54 71.82 72.57 72.72 72.86 72.93 72.67 73.57 73.85 72.61 72.59 72.27 72.09 72.83 73.54 73.69 73.67 73.01 72.59 72.59 72.76 74.23 74.75 74.93 74.80 74.90 74.86 74.86 74.86 74.86 74.89 74.50 74.53 74.65 74.88 73.64 73.68 73.42 73.45 73.55 73.48 73.20 73.07 72.91 73.31 72.79 72.87 73.03 73.01 72.99 73.03 73.12 73.17 72.98 72.72 72.81 72.87 72.93 72.67 73.08 72.89 72.68 72.99 72.91 73.04 73.27 73.47 73.64 73.68 74.05 74.18 74.24 74.51 74.72 75.05 75.47 76.06 76.65 77.35 77.60 77.96 78.10 78.30 78.29 78.31 78.14 78.15 78.04 77.84 78.14 77.60 75.49 75.40 74.79 74.38 73.88 73.00 72.42 73.57 73.32 72.87 73.54 72.80 72.40 72.58 72.83 73.23 73.04 73.09 73.35 73.37 73.27 73.18 72.74 73.18 73.22 73.32 73.26 73.27 73.23 72.88 72.98 73.25 73.21 73.05 72.67 73.18 72.89 73.13 72.86 72.56 72.88 72.44 72.53 72.75 72.85 73.02 73.08 73.18
72.54 72.73 72.63 72.93 73.50 73.65 73.75 73.13 73.14 72.42 72.76 72.43 72.41 72.30 72.52 72.38 72.33 72.37 71.83 72.02 72.26 72.46 71.90 71.79 72.27 72.11 72.38 72.79 72.77 72.76 72.62 72.78 72.52 71.63 71.61 71.73 71.97 71.96 72.00 71.63 71.50 71.56 71.69 72.33 72.59 72.73 72.76 72.75 72.70 72.62 72.49 72.26 71.93 71.80 72.01 72.35 73.14 73.20 72.73 72.59 73.86 74.06 74.18 74.38 74.81 75.04 74.88 74.90 74.87 74.96 74.97 74.80 74.63 73.82 74.14 73.46 73.46 73.69 73.37 73.47 73.47 73.42 73.23 72.98 73.01 72.69 72.80 73.77 73.30 73.01 72.86 72.98 73.38 73.39 73.02 72.84 72.42 73.15 72.67 72.67 72.66 72.68 72.89 73.15 73.22 72.98 72.95 73.49 73.63 73.86 73.64 74.05 74.45 74.81 75.43 76.06 76.69 77.10 77.66 78.03 78.60 78.95 78.61 78.58 77.78 78.25 78.34 78.45 78.33 78.29 78.32 78.33 78.09 77.61 76.26 75.33 74.31 73.81 74.03 73.68 73.84 73.36 72.62 73.02 73.13 72.44 72.93 72.75 73.12 73.21 72.72 73.06 73.05 73.01 72.91 73.22 73.06 72.91 72.66 72.68 71.79 72.38 72.94 72.83 72.60 73.00 73.28 73.50 73.03 73.47 73.39 73.17 73.12 72.76 72.44 72.13 72.28 72.45 72.72 72.84
72.38 72.76 72.57 72.54 73.06 73.48 72.98 72.59 72.98 72.66 72.43 72.52 71.77 72.78 71.91 72.09 71.48 71.66 72.24 72.08 72.45 71.98 72.25 72.49 72.45 72.79 72.31 72.57 72.71 72.68 72.68 72.67 72.72 72.09 71.94 72.05 72.26 72.30 72.29 72.07 71.75 71.67 71.94 72.02 71.92 72.40 72.41 72.48 72.32 72.36 72.11 72.00 71.74 71.76 71.72 71.99 72.25 72.23 72.64 73.00 72.30 73.62 73.34 74.14 74.13 74.91 75.04 75.02 74.98 75.03 75.00 74.87 74.73 73.91 74.10 74.07 73.44 73.40 73.24 72.86 73.34 73.17 73.10 73.06 72.82 72.86 72.68 72.87 73.10 73.02 73.09 73.10 73.48 73.07 72.91 72.40 72.64 72.54 72.78 73.20 72.67 72.41 72.60 72.85 73.49 73.51 73.21 73.45 73.76 73.72 73.61 73.87 74.33 74.58 76.65 77.78 78.18 78.85 79.23 78.59 78.20 78.44 78.76 78.67 78.32 78.05 77.86 78.21 78.38 78.28 78.29 78.12 78.13 78.05 77.54 76.56 75.57 74.60 74.20 74.03 73.94 73.83 73.39 73.04 73.46 73.43 73.00 73.27 73.21 73.20 73.20 72.75 72.61 72.90 72.58 72.80 72.84 72.39 72.12 72.65 73.22 73.31 72.59 72.52 72.91 73.32 73.20 73.35 73.49 73.40 73.36 73.30 72.65 72.66 72.43 72.85 72.59 72.47 72.76 72.66
72.78 72.84 72.73 72.77 72.98 72.95 73.04 73.06 73.15 72.51 72.32 72.74 72.34 72.18 72.25 72.26 73.00 72.20 72.50 72.60 72.42 72.64 73.12 72.33 72.62 72.81 72.66 72.55 72.55 72.51 72.40 72.47 72.40 72.23 72.23 72.20 72.22 72.24 72.32 72.33 72.07 71.99 72.14 72.07 72.05 72.20 72.21 72.05 71.91 71.77 71.72 71.72 71.70 71.35 71.23 72.09 72.43 72.55 72.86 73.08 73.34 73.31 73.63 73.75 73.78 74.56 74.79 75.64 75.50 75.17 75.07 74.95 74.44 74.23 74.02 74.17 73.30 73.26 73.23 73.91 72.97 73.13 72.91 72.87 72.82 72.75 72.74 73.12 73.11 73.03 72.94 73.00 73.18 72.99 72.83 72.91 72.64 72.66 72.63 73.19 72.02 72.54 72.71 72.77 73.25 72.78 73.25 73.43 73.61 73.63 73.72 73.67 74.33 75.39 77.85 78.29 79.16 79.27 78.70 79.04 78.86 79.08 78.92 78.91 78.71 79.05 79.17 78.33 78.20 78.63 78.29 78.19 78.19 78.07 77.53 77.21 76.08 74.89 74.36 74.17 73.95 74.04 72.51 73.48 73.49 73.26 73.34 73.10 72.96 73.24 72.96 72.79 73.00 72.76 72.82 72.55 72.36 72.43 72.02 71.44 72.39 72.24 72.66 73.33 73.42 73.33 72.92 73.44 73.02 73.08 73.31 73.22 72.64 72.67 72.73 72.05 72.09 72.56 72.71 72.63
73.22 72.59 73.32 73.01 73.22 72.94 73.03 73.00 72.82 72.62 72.31 72.37 72.21 72.05 72.32 72.35 72.65 72.72 72.61 72.58 72.18 72.37 72.53 72.53 72.29 72.58 72.65 72.65 72.10 72.33 72.21 72.41 72.44 72.06 72.14 72.12 72.14 72.23 72.37 72.45 71.97 71.78 70.98 71.04 71.70 72.02 71.90 71.71 71.74 71.54 71.46 71.48 71.41 71.51 71.56 72.15 72.24 72.38 72.48 72.79 72.79 72.88 73.24 72.85 73.99 73.89 74.35 74.46 74.57 74.65 74.53 74.51 74.03 74.24 74.10 73.39 73.31 73.45 73.35 73.44 73.25 74.21 72.89 73.05 72.92 72.92 72.81 73.15 73.11 72.91 72.84 72.98 73.02 72.95 72.92 72.73 72.91 72.72 72.98 72.60 72.55 72.66 72.55 72.24 72.30 72.59 73.15 73.73 73.34 73.52 73.60 73.70 74.49 76.45 78.17 78.96 78.93 78.67 78.88 79.22 79.00 78.99 78.74 79.06 78.99 78.38 78.53 78.46 78.71 78.45 78.28 78.24 78.05 77.74 76.81 76.69 76.12 75.14 74.38 74.35 74.17 74.21 73.94 73.87 73.67 73.52 73.33 73.16 73.16 73.66 73.35 73.22 73.16 72.85 72.80 72.55 72.31 72.29 72.35 72.37 72.19 72.27 72.83 73.46 73.59 73.56 73.40 73.31 73.01 73.18 73.16 73.27 72.19 72.82 72.85 73.42 72.58 72.78 73.02 72.98
73.38 73.30 73.33 73.62 73.46 72.88 72.97 72.88 73.36 73.66 74.15 74.00 73.03 72.38 72.60 72.50 72.14 72.36 72.11 72.41 72.12 72.57 72.53 72.52 72.35 71.66 72.09 72.23 72.42 72.03 71.91 72.12 71.96 71.96 71.77 72.01 72.06 72.20 72.23 70.53 70.28 70.14 68.66 68.45 68.52 70.44 70.45 70.46 71.09 71.38 71.16 71.47 71.28 71.44 71.43 71.49 71.57 72.00 72.71 72.58 72.31 71.87 72.96 73.46 73.42 73.88 73.86 74.09 74.37 74.42 74.37 74.04 74.24 73.73 73.77 73.77 73.61 74.32 73.55 73.22 73.38 73.28 73.02 73.02 72.87 72.88 72.98 73.21 73.20 73.07 72.87 73.03 72.80 72.84 72.93 72.53 72.41 72.81 72.77 72.67 72.42 72.49 72.13 71.94 73.22 72.67 72.98 73.42 73.44 73.45 73.63 73.84 74.46 76.50 77.86 78.99 78.98 78.35 79.08 79.11 79.09 78.92 79.16 79.29 78.90 78.38 78.70 78.79 78.58 78.72 78.49 78.21 77.55 76.98 76.70 76.44 75.79 75.03 74.70 74.37 74.53 73.77 73.59 73.78 72.98 73.06 73.35 73.42 73.46 73.41 73.33 73.32 73.32 72.80 72.68 72.62 72.42 72.76 72.71 72.52 72.46 72.41 72.92 73.23 73.34 73.24 73.32 73.25 72.65 73.02 73.03 72.43 72.35 72.94 72.88 72.95 72.99 73.16 73.32 73.04
73.27 73.38 73.14 72.84 73.53 72.82 73.18 73.07 72.47 72.82 73.81 73.80 72.65 72.39 72.88 72.65 72.86 72.48 72.68 72.74 72.88 72.27 72.90 72.89 72.65 72.65 72.45 72.21 72.32 72.21 72.10 70.53 71.43 71.77 71.76 71.90 72.01 71.98 71.38 71.26 70.78 69.74 69.47 69.55 69.87 69.99 69.91 70.13 69.64 70.56 71.16 71.19 71.23 71.32 71.46 71.50 71.69 71.97 72.04 72.45 72.47 72.60 72.24 72.44 73.05 72.61 73.51 74.28 74.18 74.15 74.17 74.16 73.86 73.72 73.83 73.74 73.68 73.52 73.40 73.42 73.38 73.39 73.27 73.10 73.07 72.88 73.16 73.37 73.10 73.04 73.22 73.25 73.18 72.82 72.98 72.68 72.69 72.66 72.63 72.97 72.44 72.61 72.32 72.42 72.36 72.34 72.93 73.28 73.47 73.50 73.50 73.99 74.51 75.60 77.67 79.10 79.33 79.20 78.76 79.03 79.30 79.16 79.26 79.31 79.02 78.70 79.05 78.80 78.92 78.57 78.31 77.79 77.13 76.78 76.28 75.96 75.73 75.39 74.65 74.13 74.02 73.56 73.52 73.43 73.40 73.55 73.68 73.50 72.90 73.38 73.41 73.49 73.28 73.13 72.82 73.03 72.82 72.57 73.04 72.90 72.64 72.52 72.54 72.72 73.00 73.11 73.46 73.31 73.07 73.05 73.17 73.01 73.30 73.21 73.24 73.00 73.11 73.30 73.42 73.53
73.56 73.41 73.41 73.10 73.93 73.70 73.35 72.68 72.25 71.72 71.46 72.24 72.14 72.86 73.20 73.18 73.18 73.19 73.05 72.98 72.97 72.95 72.67 72.84 72.55 72.24 72.30 71.90 71.79 72.22 72.11 71.34 71.46 70.94 71.53 70.77 71.25 69.66 69.77 71.21 69.64 69.00 70.12 70.16 70.09 70.06 70.24 70.83 70.33 70.31 70.13 70.65 71.16 71.57 71.58 71.69 71.61 72.07 72.18 72.04 72.03 72.66 72.66 72.96 73.33 73.33 73.66 73.79 72.68 73.96 73.69 73.76 73.81 73.90 73.80 73.67 73.59 73.57 73.59 73.42 73.24 73.12 72.89 73.93 73.15 72.98 72.98 72.89 73.31 73.05 73.15 73.26 73.22 73.04 72.67 72.91 72.61 72.55 72.89 72.85 72.37 72.36 72.25 72.41 72.58 72.56 73.72 72.98 73.39 73.57 73.61 73.70 74.07 75.33 76.49 78.70 79.37 79.65 79.93 79.07 79.13 79.15 78.72 79.28 78.81 78.90 78.73 78.83 78.79 78.68 78.49 77.52 76.68 76.33 75.86 75.59 75.11 74.68 74.41 74.16 73.67 73.72 73.32 73.33 73.20 73.29 73.52 73.53 73.49 73.38 73.51 73.39 73.31 73.26 73.12 73.15 73.32 73.15 73.05 72.47 72.74 72.69 72.31 72.29 72.87 73.03 73.45 73.10 73.14 73.27 73.40 73.39 73.37 73.35 73.20 73.05 73.57 73.67 73.57 73.87
73.58 73.96 73.45 72.87 73.35 72.82 72.73 72.88 72.34 71.72 71.59 72.26 72.85 73.00 73.14 73.08 73.20 72.02 73.01 72.97 72.92 72.74 72.73 72.57 72.15 72.34 72.18 72.05 71.60 71.70 71.42 71.29 71.36 71.12 71.22 71.35 70.76 69.56 69.65 69.62 69.17 70.07 70.68 70.61 70.35 70.58 70.44 70.51 70.74 70.79 70.64 69.93 70.59 71.47 71.75 71.92 71.92 71.93 71.95 72.03 72.19 72.35 72.35 73.22 73.18 72.73 72.93 73.25 73.18 73.78 73.71 73.85 73.63 73.41 73.51 73.64 73.65 73.64 73.80 73.58 73.31 73.07 73.23 73.09 73.16 72.88 72.80 72.90 73.00 73.05 73.07 73.22 73.14 72.78 72.80 72.77 72.97 73.17 72.62 72.51 72.54 72.08 72.20 72.52 72.68 72.65 72.71 73.03 73.49 73.37 73.35 73.51 73.78 73.97 75.03 76.48 79.07 79.41 79.75 79.82 79.10 79.06 79.68 79.66 78.75 78.86 78.81 78.70 78.78 78.62 77.85 76.22 75.60 75.58 75.32 75.01 75.13 74.67 74.62 74.58 73.87 73.58 72.93 73.31 73.11 73.22 73.33 73.39 73.49 73.55 73.43 73.27 72.75 72.76 72.82 73.06 72.82 72.64 72.91 73.08 72.87 72.60 72.94 73.11 72.96 72.97 72.84 73.06 73.04 72.68 73.47 73.53 73.30 73.25 73.39 73.46 73.85 73.73 73.45 72.97
73.66 73.73 72.90 72.76 72.91 72.20 72.52 71.76 71.77 72.23 72.17 72.37 72.92 73.05 73.31 73.01 73.22 73.26 72.99 73.00 72.40 72.78 72.72 72.69 72.42 72.19 72.19 72.02 71.82 71.57 71.41 70.70 71.02 70.82 70.53 70.67 70.10 69.27 69.15 68.57 68.80 70.10 70.84 70.52 71.14 70.62 71.38 71.45 71.25 71.29 70.79 70.00 69.32 70.71 71.46 71.92 71.89 71.94 71.98 71.97 72.29 72.65 72.56 73.19 73.27 73.33 73.32 73.31 73.25 73.13 73.30 73.70 73.67 73.44 73.74 73.46 73.80 73.62 73.59 73.68 73.51 73.36 73.53 73.27 73.21 73.10 73.04 72.94 72.93 72.98 73.00 72.73 72.91 73.04 72.85 72.95 72.76 72.96 72.72 72.29 72.43 72.29 72.09 72.29 72.51 72.61 72.62 72.57 73.11 73.35 73.22 73.17 73.00 73.28 73.77 74.81 77.26 78.55 79.16 79.55 79.51 79.82 78.87 78.68 78.90 78.90 78.65 78.63 77.81 76.90 76.41 75.40 74.83 74.77 74.73 74.71 74.94 74.78 74.49 74.42 74.12 73.60 73.32 73.23 73.10 73.05 73.19 73.15 73.24 73.35 73.32 73.11 72.99 72.82 72.38 72.28 72.38 72.32 72.87 72.52 72.80 73.01 72.62 72.85 72.75 72.69 73.02 73.15 73.34 73.02 73.18 73.56 72.97 73.37 73.38 73.51 73.61 73.46 73.23 73.22
73.64 73.10 72.99 72.92 72.38 72.43 71.99 72.33 72.42 72.28 72.42 72.44 72.77 73.01 73.24 73.24 73.26 72.89 72.78 73.03 72.71 72.76 72.69 72.62 72.45 72.39 72.20 72.02 71.74 71.46 71.19 71.03 70.97 70.45 70.30 70.75 70.03 69.10 69.23 68.54 69.40 70.12 70.46 70.97 71.18 71.38 71.41 71.61 71.62 71.73 70.96 70.02 70.36 70.45 70.58 70.54 71.65 72.11 72.09 72.36 72.68 72.99 73.19 73.24 73.38 73.36 73.42 73.52 73.47 73.43 73.51 74.07 73.47 73.31 73.46 73.45 73.52 73.61 73.74 73.74 73.80 73.73 73.56 73.56 73.45 73.16 72.94 72.81 72.95 72.97 72.95 73.00 72.78 72.95 72.99 72.90 72.95 72.85 72.82 72.47 72.45 72.84 72.59 72.44 72.67 72.81 72.89 72.65 73.14 73.32 73.49 73.17 73.46 73.38 73.97 73.96 74.76 75.24 75.67 78.10 78.79 79.28 78.47 78.73 78.58 78.69 78.34 77.84 75.77 74.84 75.45 75.14 74.64 74.62 74.56 74.32 74.28 74.48 74.44 74.22 74.16 73.35 73.39 73.17 73.26 72.93 73.03 73.01 73.03 73.09 73.19 73.03 72.86 72.86 72.57 72.50 73.00 72.31 72.15 71.98 72.90 73.16 73.45 72.98 73.13 73.27 73.38 73.32 73.36 73.27 73.17 73.37 73.11 73.33 73.32 73.18 73.32 73.44 73.42 73.38
73.66 73.13 72.05 72.95 72.40 72.25 72.67 72.29 72.54 72.37 72.35 72.54 73.00 73.17 73.26 73.24 73.22 72.37 73.12 73.10 72.94 72.73 72.72 72.61 72.53 72.38 72.23 71.97 71.68 71.42 71.17 70.86 70.67 70.61 70.56 69.88 69.90 69.47 68.27 67.47 69.31 70.24 70.62 70.90 71.20 71.45 71.62 71.75 71.86 71.87 71.86 71.75 71.17 71.19 71.11 70.48 70.73 71.15 72.09 72.33 72.75 73.26 73.36 73.34 73.64 73.41 73.30 73.40 73.57 73.56 73.68 73.89 73.69 73.43 73.61 73.82 73.67 73.65 73.91 73.87 73.84 73.85 73.69 73.77 73.34 73.31 73.19 73.00 72.89 73.01 73.05 73.06 73.14 73.07 73.03 72.95 72.97 72.59 72.88 72.58 72.98 73.03 72.79 72.79 73.00 73.10 73.16 73.08 72.61 73.26 73.03 73.44 73.55 73.62 73.11 73.32 74.19 74.10 74.59 74.59 75.14 75.12 76.07 77.56 76.65 76.87 75.78 76.19 74.81 74.52 74.33 74.12 74.36 74.47 74.35 74.09 74.20 74.18 74.13 73.76 73.72 73.50 73.31 73.21 73.17 73.05 73.03 73.09 73.08 73.12 73.15 72.98 72.96 72.59 72.78 72.42 72.01 72.21 72.81 71.95 72.76 73.11 73.24 72.86 73.27 72.63 73.25 73.41 73.24 73.15 73.31 73.22 73.06 73.16 73.22 73.37 73.24 73.36 73.46 73.59
73.44 73.13 73.09 73.03 72.54 72.41 72.87 72.12 72.47 72.74 72.65 72.95 72.91 73.05 73.31 73.14 73.34 72.70 73.15 72.70 72.73 72.75 72.65 72.62 72.45 72.34 72.21 72.09 71.69 71.39 71.07 70.77 70.40 70.40 70.23 70.37 70.53 69.32 69.07 67.67 69.52 70.28 70.60 70.97 71.27 71.54 71.73 71.88 71.98 72.13 72.14 72.22 72.01 71.51 71.51 71.59 71.83 71.81 71.72 71.71 71.54 72.84 73.43 73.46 73.44 73.47 73.56 73.71 73.55 73.49 73.52 73.96 74.05 74.20 73.87 73.63 73.84 73.87 74.02 74.02 74.01 74.00 73.92 73.74 73.65 73.46 73.50 73.51 73.20 73.09 73.03 73.17 73.17 72.83 72.95 73.04 73.04 72.81 72.79 72.78 73.01 73.19 72.76 73.00 73.16 73.06 73.29 72.78 72.44 72.65 73.16 73.18 73.40 73.24 73.19 73.25 73.25 74.13 74.07 74.23 74.34 74.36 74.56 74.62 74.68 74.90 75.26 74.93 74.83 74.49 74.14 74.34 74.35 74.23 73.92 74.06 72.55 74.12 74.10 72.96 73.38 73.13 73.07 73.07 73.10 73.11 73.12 73.13 73.05 73.03 73.00 72.80 72.41 72.32 72.20 72.44 72.93 72.12 72.18 72.71 72.40 72.78 73.15 73.15 73.47 72.80 73.35 73.18 73.35 73.48 73.43 73.31 72.99 72.82 72.86 73.17 73.17 73.22 73.50 73.54
73.57 73.02 73.30 73.08 73.01 72.95 73.05 73.31 72.85 73.11 72.95 73.41 73.42 73.35 73.45 73.29 73.34 73.03 72.74 73.12 72.83 72.70 72.66 72.55 72.43 72.24 72.11 71.95 71.61 71.20 70.87 70.59 70.34 70.16 70.09 69.47 69.82 70.12 69.07 69.36 69.75 70.22 70.66 70.98 71.19 71.44 71.61 71.84 71.99 72.03 72.21 72.28 72.06 71.74 70.99 71.61 71.87 72.01 72.00 71.87 71.27 72.33 73.28 73.34 73.45 73.47 73.48 73.10 73.29 73.40 73.46 73.49 73.88 74.36 74.51 73.99 74.10 74.17 74.33 74.12 74.13 74.07 74.30 73.99 74.16 73.69 73.74 73.75 73.71 73.21 73.45 73.33 73.51 72.83 73.15 73.11 73.10 72.73 72.45 73.02 73.04 72.93 73.00 73.03 72.91 72.59 72.95 72.39 72.21 72.50 72.75 72.82 73.12 72.98 73.39 73.75 73.45 73.90 74.06 74.19 74.30 74.21 74.14 74.54 74.28 74.74 74.59 74.18 74.09 73.95 74.09 73.89 73.87 74.05 73.88 73.32 73.24 73.50 72.80 73.17 73.07 72.92 72.80 72.85 72.94 73.01 73.25 73.05 73.01 72.91 72.87 72.70 72.39 72.06 72.19 72.42 72.74 72.37 71.91 72.27 72.18 72.52 72.86 73.21 72.93 72.97 73.34 72.99 73.25 73.41 73.40 73.11 72.85 73.32 73.35 73.20 73.29 73.59 73.77 73.53
73.56 73.54 73.14 73.14 73.06 73.13 73.29 73.41 73.51 73.56 73.54 73.50 73.66 73.72 73.50 73.62 72.58 72.84 73.20 72.88 72.88 72.66 72.65 72.56 72.40 72.15 71.94 71.64 71.29 70.95 70.62 70.26 70.06 69.94 69.97 69.90 69.15 69.48 69.04 69.27 69.72 70.23 70.54 70.78 71.01 71.23 71.46 71.69 71.93 72.09 72.35 72.35 72.35 72.07 71.45 71.60 71.87 71.89 71.85 71.55 70.97 72.54 73.21 73.27 73.06 73.22 73.43 73.17 73.45 73.43 73.31 73.65 73.77 74.17 74.31 74.43 74.08 74.19 74.12 74.25 74.25 74.18 74.20 74.40 74.12 73.88 73.95 74.02 73.91 73.10 73.55 73.38 73.58 73.59 73.59 73.22 73.13 73.93 73.04 72.71 72.85 72.67 72.48 72.35 72.59 72.93 72.30 72.25 71.98 72.47 72.68 73.04 72.94 72.64 72.60 72.82 73.27 73.46 73.66 73.81 74.13 73.95 74.15 74.31 74.32 74.56 74.29 73.98 73.97 73.86 73.59 73.64 73.77 73.85 73.25 72.82 72.30 72.46 72.78 73.04 72.87 72.72 72.48 72.61 72.88 72.97 73.03 73.11 72.90 72.85 72.79 72.74 72.90 72.78 72.84 72.40 72.80 72.41 72.08 72.36 72.02 72.71 72.89 73.10 73.10 73.24 73.18 73.31 73.25 73.70 73.30 73.96 73.30 73.37 73.43 73.38 73.24 73.70 73.93 73.55
73.42 73.49 73.18 73.17 73.14 73.14 73.38 73.87 73.66 73.58 73.48 73.52 73.60 73.48 73.57 73.65 73.37 73.10 73.13 72.96 72.81 72.65 72.61 72.47 72.31 72.11 71.76 71.34 70.87 70.47 70.17 69.84 69.63 69.59 69.70 69.26 69.40 68.76 68.89 69.33 69.67 70.04 70.27 70.51 70.79 70.99 71.28 71.51 71.75 71.96 72.11 72.30 72.35 72.03 71.63 71.88 71.55 71.80 71.53 71.23 71.31 71.62 73.16 73.15 73.23 73.14 73.41 73.50 73.47 73.50 73.60 73.59 73.76 73.96 74.36 74.57 74.34 74.23 74.34 74.39 74.32 74.29 74.25 74.40 74.31 74.41 74.06 74.07 73.93 73.65 73.52 73.63 73.73 73.76 73.45 73.34 73.20 72.91 72.86 72.99 73.06 73.13 72.33 72.62 72.83 72.74 72.92 72.11 72.02 72.39 72.76 72.43 72.82 72.80 72.86 73.07 73.16 73.48 73.53 73.84 73.96 74.08 73.81 74.23 74.02 73.95 74.00 73.28 73.60 73.61 73.52 73.40 73.72 73.28 72.95 72.74 71.83 71.96 72.66 72.56 72.75 72.75 72.47 72.20 72.93 73.03 73.05 73.08 73.08 72.89 72.68 72.48 72.25 72.51 73.11 72.52 72.67 72.61 72.20 72.78 72.67 72.81 72.70 72.69 73.17 73.28 73.46 73.31 73.12 73.70 73.82 73.60 73.65 73.84 73.76 73.40 73.11 73.50 73.50 73.31
72.86 73.11 73.11 72.96 73.24 73.43 73.68 74.16 74.13 73.87 73.77 73.57 73.65 73.63 73.76 73.62 73.44 73.38 73.02 72.98 72.83 72.63 72.50 72.27 72.12 71.89 71.54 70.93 70.16 69.74 69.47 69.33 69.19 69.29 69.48 68.06 69.15 68.69 68.81 69.07 69.23 69.56 69.82 70.08 70.41 70.73 71.06 71.31 71.61 71.81 71.96 72.07 72.21 72.17 71.83 71.48 71.46 71.45 71.56 71.47 71.16 72.34 73.01 72.98 73.14 73.29 73.56 73.59 73.64 73.50 73.61 73.75 73.96 74.25 74.72 74.76 74.70 74.28 74.44 74.44 74.64 74.40 74.34 74.31 74.49 74.56 74.21 74.02 74.03 74.07 73.92 73.80 73.82 73.74 73.44 73.50 73.22 73.13 73.30 72.72 73.02 73.08 72.53 72.83 72.46 72.74 72.15 71.99 72.41 72.43 72.25 72.56 72.54 72.70 72.79 72.93 72.95 72.91 72.95 73.66 73.81 73.82 73.89 73.89 73.75 73.75 73.43 73.44 73.51 73.43 73.38 72.99 72.86 73.07 72.83 72.59 72.22 72.10 72.46 72.64 72.88 72.92 73.10 73.09 72.99 73.03 73.05 73.07 72.97 72.88 73.04 72.59 72.31 72.40 72.75 72.86 72.77 72.92 72.52 72.85 72.93 72.77 72.68 72.61 73.05 73.07 72.99 72.94 73.47 73.77 73.98 74.09 74.15 74.30 74.08 74.11 74.00 73.80 73.85 72.91
72.93 72.91 73.02 73.30 73.32 73.50 73.98 74.09 74.08 74.01 73.91 73.71 73.76 73.31 73.74 74.03 73.56 73.55 73.27 72.96 72.83 72.65 72.32 72.06 71.87 71.60 71.17 70.18 69.32 68.80 68.71 68.78 68.94 69.08 68.78 68.19 68.55 68.74 68.60 68.49 68.60 68.97 69.33 69.61 70.07 70.44 70.78 71.05 71.36 71.63 71.76 71.96 72.00 72.07 71.78 71.46 71.01 71.03 71.50 71.40 71.20 72.49 73.01 72.57 72.93 74.86 75.68 74.58 73.59 73.71 73.41 73.74 73.94 74.18 74.75 74.72 74.76 74.29 74.51 74.35 74.49 74.44 74.45 74.45 74.48 74.44 74.31 74.31 74.26 74.11 73.84 73.87 73.87 73.77 73.61 73.58 73.30 73.34 73.06 73.54 73.15 72.94 72.59 72.58 72.56 72.49 72.58 72.15 72.56 72.52 72.65 72.49 72.32 72.30 72.56 72.61 72.75 73.23 73.28 72.91 73.31 73.23 73.38 73.41 73.36 73.68 73.61 73.60 73.52 73.42 72.99 73.04 72.21 72.51 72.63 72.50 72.04 72.07 72.53 72.74 72.99 73.03 73.13 73.21 73.06 73.04 73.01 72.96 72.93 72.73 72.84 72.77 72.49 72.59 72.49 72.54 72.77 72.95 72.78 73.20 72.96 72.92 72.74 72.58 73.35 72.63 72.89 73.10 73.52 73.97 74.08 74.22 74.23 74.35 74.45 74.19 74.20 74.02 74.19 73.72
73.92 72.94 73.62 73.43 73.67 73.81 74.41 74.30 73.99 74.05 74.04 73.76 73.62 73.66 73.78 74.02 72.96 73.61 73.78 73.07 72.89 72.63 72.37 72.09 71.73 71.27 70.49 69.19 67.82 67.39 67.83 68.38 68.55 68.79 68.92 68.85 69.02 69.04 68.40 68.09 68.06 68.60 68.93 69.24 69.71 70.24 70.61 70.89 71.09 71.24 71.28 71.66 71.84 71.86 71.59 71.48 71.14 71.98 71.38 72.12 72.45 74.59 75.27 75.67 76.09 75.85 75.33 76.11 76.09 73.82 73.74 74.11 74.05 74.14 74.58 74.56 74.69 74.55 74.46 74.42 74.46 74.47 74.43 74.58 74.43 74.39 74.40 74.30 74.23 74.17 74.22 74.07 73.97 73.75 73.63 73.64 73.55 73.39 72.99 73.36 72.85 72.93 72.81 72.52 72.61 72.37 72.48 72.45 72.31 72.38 72.71 72.30 72.14 72.12 72.19 71.89 72.65 73.25 73.27 73.28 72.93 73.29 73.27 73.19 73.39 73.53 73.50 73.67 73.26 72.98 72.83 72.13 72.05 72.10 72.34 72.24 72.04 72.21 72.27 72.63 72.90 73.09 73.06 73.08 73.18 73.10 72.94 73.01 72.76 72.88 72.75 72.92 72.44 72.20 72.97 73.11 72.60 73.09 73.14 72.95 73.00 72.90 72.62 72.80 73.17 73.27 73.17 73.20 73.40 74.12 74.31 74.77 74.54 74.47 74.21 74.57 74.34 74.73 73.70 73.81
74.04 73.97 73.76 73.55 73.71 73.99 74.25 74.46 74.35 74.44 74.27 73.96 73.88 73.99 73.97 74.02 73.68 73.65 73.53 73.27 73.02 72.70 72.41 72.10 71.64 71.05 70.15 68.30 66.10 65.62 66.87 67.96 68.29 68.38 68.46 69.10 68.87 68.83 68.27 68.01 68.06 69.19 68.52 68.99 69.50 69.97 70.44 70.73 70.95 71.11 71.18 71.85 71.35 72.40 74.97 74.57 74.54 72.83 75.91 76.35 74.76 72.58 72.51 72.72 74.99 75.14 74.59 74.66 73.33 75.73 74.06 74.00 74.16 74.29 74.35 74.58 74.51 74.70 74.84 74.52 74.49 74.50 74.48 74.48 74.35 74.39 74.48 74.35 74.22 74.38 74.27 74.20 74.07 73.90 74.10 73.79 73.65 73.47 73.35 73.35 73.31 73.08 72.77 72.60 72.42 72.79 72.45 72.42 72.31 72.24 72.26 72.39 72.03 72.35 72.24 72.43 72.44 73.07 73.20 73.09 73.14 73.31 73.21 73.20 72.98 73.34 73.39 73.41 73.26 73.10 72.29 72.08 71.82 72.25 72.17 72.37 72.03 72.19 72.75 72.79 73.18 73.10 73.20 73.14 73.19 73.14 72.85 72.72 72.67 72.72 72.69 72.52 72.82 72.47 73.16 73.15 72.76 72.77 73.05 73.14 72.93 73.00 72.71 72.60 72.88 73.58 73.61 73.73 73.98 74.35 74.50 74.64 74.69 74.64 74.60 74.70 74.79 74.63 74.77 74.62
74.75 74.53 74.80 74.82 74.17 74.15 74.30 74.51 74.37 74.38 74.28 74.24 74.26 74.02 74.15 74.08 74.01 73.79 73.65 73.41 73.12 72.88 72.48 72.10 71.51 70.94 70.11 68.50 66.17 64.23 65.28 67.94 68.20 68.21 68.12 68.74 68.67 68.39 67.94 67.71 68.16 68.50 68.45 68.95 69.37 69.78 70.44 70.63 70.82 71.04 70.95 71.57 74.20 74.69 76.72 76.80 73.43 70.49 70.33 71.30 71.91 72.10 72.35 72.55 72.94 72.86 73.03 74.02 73.53 73.68 76.18 74.52 76.25 74.64 74.45 75.03 74.92 74.66 74.79 74.82 74.54 74.55 74.58 74.51 74.54 74.49 74.62 74.43 74.48 74.34 74.34 74.45 74.11 74.00 73.86 73.85 73.88 73.61 72.69 73.01 73.36 73.40 73.01 72.81 72.71 72.43 72.40 72.47 72.27 72.30 72.65 72.39 72.46 72.21 72.41 72.52 72.45 72.64 72.94 72.76 72.88 73.08 73.04 72.97 72.72 73.32 73.28 73.46 73.28 73.25 73.03 72.39 71.93 72.12 72.08 72.54 72.27 72.66 72.95 72.97 73.30 73.25 73.13 73.21 73.23 73.20 73.10 73.14 72.93 72.91 72.77 72.49 72.17 72.58 72.53 72.75 73.08 73.17 72.96 73.29 73.10 73.48 73.67 73.42 73.58 74.32 73.69 73.98 74.14 74.45 74.56 74.60 74.80 74.75 74.85 74.93 74.93 74.52 74.63 74.43
74.28 74.43 74.40 74.66 74.83 74.28 74.54 74.38 74.54 74.61 74.38 74.44 74.29 74.24 74.24 74.10 74.10 73.92 73.79 73.52 73.31 72.96 72.66 72.21 71.71 71.08 70.32 69.56 66.54 62.90 62.89 66.90 68.08 68.09 68.16 68.04 68.45 68.24 68.27 67.97 68.10 68.70 70.27 71.77 70.75 69.86 70.41 70.96 70.91 71.29 74.39 75.14 75.05 76.53 74.70 70.95 70.13 71.77 70.73 71.87 72.10 72.23 72.78 72.72 73.10 73.25 74.31 73.62 75.11 73.88 76.29 76.33 76.65 75.70 75.42 75.00 74.56 74.71 74.74 75.27 74.83 74.53 74.62 74.64 74.60 74.63 74.74 74.47 74.50 74.51 74.61 74.24 74.24 74.19 74.00 73.81 73.87 73.70 73.26 73.18 73.41 73.21 72.93 73.06 73.03 72.68 72.44 72.75 73.59 73.83 72.52 72.74 72.61 72.68 72.64 72.51 72.51 72.57 72.78 72.83 72.80 72.65 72.82 72.66 72.63 72.73 72.97 73.25 73.30 73.30 73.03 72.70 71.97 72.68 72.68 72.21 72.93 73.14 72.68 73.04 73.31 73.35 73.46 73.32 73.32 73.16 73.09 73.39 73.31 73.00 72.38 72.57 72.19 72.82 73.17 73.06 73.23 73.54 73.24 73.38 73.73 74.32 74.53 74.20 74.17 74.53 74.50 74.40 74.55 74.58 74.67 74.77 74.88 75.45 75.09 75.04 74.57 73.36 74.61 74.51
74.57 74.53 74.46 74.46 75.15 74.95 74.64 74.70 75.00 74.77 74.69 74.52 74.40 74.38 74.37 74.41 74.35 74.10 73.91 73.69 73.44 73.13 72.83 72.35 71.86 71.38 70.77 70.21 67.18 64.16 64.91 66.36 67.77 68.02 68.18 68.39 67.97 67.99 68.40 67.99 71.08 71.41 68.96 72.51 71.83 71.82 72.21 74.09 73.88 73.06 71.91 70.66 73.01 76.23 74.32 74.70 74.99 72.44 71.73 72.29 72.41 72.43 72.69 72.84 73.75 74.88 74.92 74.56 73.35 73.50 74.90 76.43 76.33 75.79 76.18 75.70 75.32 74.63 74.60 74.75 74.79 74.70 74.73 74.58 74.63 74.57 74.48 74.41 74.37 74.43 74.38 74.46 74.23 74.18 74.17 74.21 74.21 73.85 73.49 73.60 72.95 72.91 73.02 73.08 72.51 72.90 73.02 72.77 72.75 72.79 72.95 72.93 73.03 72.44 72.52 72.53 72.51 72.93 72.96 72.80 72.47 72.33 72.40 72.22 72.58 73.01 72.82 72.96 73.30 73.31 73.22 73.13 72.31 72.24 72.61 72.80 72.85 72.94 72.82 73.14 73.36 73.33 73.55 73.52 73.48 73.52 73.58 73.60 73.57 73.75 72.22 72.09 72.25 72.84 72.49 73.48 74.32 73.92 74.00 73.97 74.34 74.53 74.47 74.38 74.71 74.90 74.74 74.87 74.88 74.85 74.88 74.86 74.97 75.16 75.36 75.35 74.94 74.79 74.71 74.57
74.62 74.69 74.77 74.74 74.59 75.22 75.14 75.12 75.26 74.84 74.68 74.39 74.49 74.57 74.69 74.77 74.77 74.53 74.01 73.99 73.69 73.42 73.10 72.64 72.22 71.73 71.24 70.43 69.33 67.82 66.58 66.81 67.79 67.92 68.27 68.52 68.50 69.46 68.78 68.18 68.53 68.82 69.24 73.08 71.60 73.39 71.51 72.32 71.57 70.90 70.50 73.14 73.89 74.34 73.77 71.02 71.36 72.34 74.37 74.41 72.65 72.77 72.86 72.91 73.44 73.17 73.71 73.36 73.44 73.65 74.04 74.49 75.64 74.34 74.32 75.58 75.84 75.48 74.46 74.57 75.25 74.89 74.84 74.73 74.68 74.56 74.45 74.46 74.56 74.47 74.40 74.35 74.42 74.15 74.17 74.25 74.21 74.19 73.97 74.03 73.48 72.77 72.92 73.06 73.31 73.08 72.99 72.93 73.02 72.88 73.33 73.38 73.25 72.64 72.49 72.53 72.32 72.50 72.27 72.74 72.48 72.75 72.54 72.55 72.76 72.60 73.06 72.78 73.22 73.28 73.17 72.73 72.84 72.41 72.80 72.95 73.21 73.15 73.24 73.35 73.27 73.46 73.81 73.85 73.70 73.68 74.13 73.94 73.62 73.46 73.02 72.67 73.31 73.25 73.18 73.59 74.78 74.37 76.05 74.88 74.67 74.45 74.46 74.77 74.77 75.06 75.07 74.99 75.00 75.06 75.14 75.07 75.29 75.27 75.25 75.32 75.35 75.09 74.89 74.74
74.75 74.72 74.88 74.91 74.80 75.58 75.59 75.41 75.00 75.17 74.54 74.18 74.75 75.22 75.15 75.28 74.47 74.04 74.52 74.27 74.07 73.67 73.57 73.13 72.61 72.14 71.67 70.86 70.23 69.03 68.11 67.93 67.65 67.62 68.38 68.80 69.12 69.28 69.33 68.93 68.75 69.30 69.66 70.49 70.77 70.82 71.39 71.43 71.27 70.98 70.76 70.55 71.01 72.76 72.39 71.51 72.05 72.51 72.80 74.97 72.65 73.22 73.19 73.34 73.46 73.54 74.24 73.77 73.88 74.11 74.25 74.37 76.48 74.62 74.55 75.34 75.04 75.14 74.69 74.74 74.86 74.85 75.21 74.90 74.71 74.62 74.68 74.57 74.55 74.52 74.47 74.40 74.34 74.31 74.23 74.20 73.91 74.20 74.19 74.22 73.66 73.23 73.09 73.22 73.42 73.06 73.17 73.31 73.26 73.26 73.43 73.43 73.19 72.95 72.80 72.42 72.16 73.15 72.95 72.80 72.72 72.81 72.66 72.95 72.54 72.83 72.63 73.19 73.24 73.42 73.08 73.20 73.13 73.02 73.35 73.84 73.06 73.58 73.49 73.29 73.49 73.54 74.04 74.04 73.77 74.23 74.11 73.81 73.59 73.39 72.96 73.14 73.06 73.22 73.39 74.00 74.82 74.79 74.85 74.58 74.88 74.80 74.77 74.72 74.85 75.09 74.96 74.77 75.31 75.35 75.29 75.41 75.45 75.50 75.48 75.48 75.41 75.28 74.98 74.93
75.00 74.94 74.99 75.15 75.25 75.62 75.63 75.37 75.20 74.75 74.45 74.09 74.82 75.17 75.51 74.90 74.54 74.73 74.65 74.31 74.21 74.03 73.84 73.50 73.07 72.43 71.89 71.26 70.64 69.97 69.01 68.46 67.13 65.65 68.60 69.02 69.28 69.54 69.70 69.74 69.78 70.57 70.91 71.19 71.43 71.93 72.21 72.40 72.62 72.76 72.14 73.33 75.18 71.53 71.64 71.91 72.64 72.93 73.01 73.86 73.27 73.46 73.47 73.46 73.64 73.71 73.70 74.33 74.36 74.32 75.21 74.43 76.13 76.26 74.84 74.84 74.73 74.76 74.80 75.02 75.48 75.23 75.12 74.76 74.80 74.77 74.67 74.57 74.50 74.48 74.51 74.57 74.41 74.38 74.26 74.21 73.84 74.18 74.17 74.21 73.69 73.56 73.43 73.27 73.44 73.38 73.34 73.47 73.51 73.55 73.64 73.62 73.11 72.92 72.89 72.61 72.35 73.20 73.03 73.00 73.02 72.69 72.75 72.59 72.90 72.95 73.11 73.23 73.66 73.56 73.30 72.86 73.29 73.38 73.84 73.83 73.66 74.23 73.55 73.43 73.59 73.70 74.11 74.14 74.17 74.27 74.20 73.54 73.75 73.42 73.33 73.41 73.89 73.94 74.17 74.76 75.01 75.18 75.01 74.97 75.31 75.14 74.88 74.86 75.13 75.01 74.75 74.99 75.27 75.39 75.41 75.44 75.44 75.51 75.53 75.50 75.34 75.36 75.18 75.04
75.09 75.00 75.16 75.47 75.35 75.49 75.65 75.86 75.26 74.88 74.52 74.53 75.11 75.53 75.54 75.20 74.97 74.85 74.28 74.55 74.33 74.33 73.88 73.35 72.93 72.80 72.25 71.45 70.74 70.49 70.10 69.60 67.52 64.92 65.88 69.32 69.46 69.58 69.89 70.21 70.60 70.91 71.13 71.43 71.80 72.25 72.53 72.84 73.28 73.54 72.41 71.49 71.32 71.68 71.97 72.50 72.89 73.24 73.29 73.61 73.42 73.60 74.04 73.59 73.69 73.79 73.69 74.74 74.08 74.27 74.52 76.05 77.09 76.97 74.63 74.75 74.76 74.81 74.64 75.56 74.63 75.46 74.91 74.73 74.98 74.86 74.70 74.56 74.62 74.50 74.49 74.54 74.44 74.43 74.40 74.25 74.19 73.97 73.99 73.86 73.84 73.88 73.72 73.83 73.50 73.33 73.37 73.75 73.63 73.60 73.58 73.29 73.37 73.27 72.95 72.79 73.06 73.04 72.79 73.13 72.97 72.85 72.92 72.95 72.95 73.05 73.20 73.41 73.45 73.62 73.93 73.80 74.13 74.11 74.15 74.13 73.93 73.90 74.04 73.84 74.14 74.18 74.36 74.34 74.39 74.17 73.79 73.75 73.79 73.58 73.77 74.05 74.57 74.69 74.73 74.80 75.03 75.21 75.12 75.29 75.14 75.14 75.03 75.23 75.18 75.05 74.89 75.21 75.33 75.37 75.43 75.47 75.47 75.49 75.51 75.51 75.52 75.45 75.37 75.26
75.56 75.46 75.51 75.62 75.75 75.80 75.75 75.66 75.53 74.89 74.77 74.82 75.60 75.73 75.69 75.46 75.27 74.58 74.49 74.72 74.59 74.14 73.73 73.21 72.68 73.27 72.68 70.94 70.77 70.87 70.76 70.89 70.44 67.24 68.69 69.62 69.38 69.49 69.97 70.41 70.80 71.02 71.21 71.19 72.17 72.56 72.98 73.24 73.50 73.96 74.00 72.93 72.41 72.61 72.94 73.22 73.40 73.48 73.54 73.76 73.70 73.62 73.41 74.10 74.19 73.92 74.02 74.31 74.36 74.53 74.60 74.72 76.46 76.62 76.08 75.64 75.69 75.42 75.23 75.17 74.80 74.70 74.93 74.80 74.73 74.98 74.66 74.52 74.58 74.57 74.63 74.55 74.51 74.45 74.39 74.27 74.25 74.09 74.18 74.07 74.06 74.07 74.06 73.90 73.90 73.49 73.69 73.96 74.20 73.57 73.67 73.48 73.18 73.15 73.03 73.35 73.19 73.19 72.94 73.17 73.04 72.92 72.90 73.02 73.04 73.11 73.32 73.44 73.64 73.74 74.32 74.60 74.85 75.01 75.35 74.90 74.26 74.18 74.07 74.26 74.28 74.40 74.48 74.39 74.34 74.03 74.00 73.90 73.80 73.59 74.20 74.79 74.73 74.62 74.67 75.01 75.12 75.25 75.29 75.38 75.10 75.36 75.26 75.32 75.28 75.12 75.17 75.30 75.35 75.37 75.38 75.45 75.48 75.48 75.48 75.51 75.53 75.56 75.58 75.60
75.56 75.67 75.96 75.68 75.86 75.87 75.80 75.77 75.66 75.27 75.09 75.00 75.77 75.89 75.88 75.73 75.00 74.47 74.94 74.83 74.49 73.86 73.42 73.09 73.32 73.41 73.23 72.19 70.89 70.80 71.02 71.42 71.65 71.36 70.54 69.95 69.22 69.04 70.10 70.67 71.06 71.27 71.38 71.15 72.37 73.04 73.34 73.54 73.82 74.21 74.37 73.31 73.29 73.52 73.67 73.79 73.77 73.80 73.83 73.95 74.15 73.85 73.57 73.69 73.89 74.20 74.35 74.42 74.45 74.66 74.94 76.26 74.95 75.74 76.55 76.05 75.41 74.91 74.80 74.84 74.69 74.84 74.73 74.80 75.03 74.78 74.74 74.56 74.61 74.56 74.53 74.54 74.39 74.37 74.34 74.33 74.30 74.31 74.23 74.09 74.08 74.07 74.01 74.06 74.00 73.98 74.02 73.95 74.01 73.46 73.59 73.01 73.16 73.06 73.21 73.09 73.11 73.23 73.17 73.16 73.05 72.96 72.88 72.93 73.39 73.20 73.32 73.55 73.79 74.11 74.62 76.49 76.66 76.65 76.59 76.33 75.79 74.70 74.53 74.48 74.45 74.60 74.51 74.36 74.38 74.12 74.00 74.03 73.69 73.75 74.78 74.72 74.83 74.85 74.94 74.97 75.19 75.28 75.36 75.38 75.33 75.28 75.34 75.34 75.34 75.33 75.32 75.30 75.35 75.35 75.34 75.40 75.44 75.46 75.47 75.51 75.55 75.57 75.60 75.64
75.63 75.70 75.76 75.78 75.87 75.90 75.88 75.86 75.78 75.54 75.25 75.59 75.93 76.01 76.02 75.78 74.89 75.25 75.16 74.86 74.31 73.94 74.01 73.83 73.72 73.68 73.43 72.80 70.52 70.68 71.02 71.78 72.03 71.80 71.22 70.37 68.32 68.30 70.56 71.02 71.29 71.47 71.58 71.83 72.85 73.17 73.42 73.68 73.93 74.18 74.40 74.43 73.77 73.75 73.75 73.77 73.88 73.98 74.08 74.15 74.19 74.05 73.72 74.03 74.30 74.38 74.52 74.58 74.63 74.79 75.06 76.35 76.80 76.25 76.55 74.98 74.91 74.84 75.29 75.44 75.20 74.81 74.85 74.95 74.79 74.65 74.66 74.56 74.62 74.51 74.56 74.52 74.50 74.56 74.34 74.29 74.24 74.33 74.18 74.01 74.01 74.05 74.11 74.01 73.98 74.12 73.82 74.23 74.01 74.05 73.72 73.42 73.35 72.95 73.04 73.13 73.04 73.18 73.18 73.21 73.03 73.09 72.91 73.35 73.64 73.14 73.34 73.62 74.12 74.74 76.42 76.82 76.74 76.70 76.69 76.58 76.52 75.98 74.74 74.71 74.75 74.64 74.45 74.49 74.14 73.92 74.01 74.23 74.06 74.04 74.70 74.92 74.98 75.08 75.24 75.12 75.33 75.39 75.32 75.39 75.42 75.31 75.34 75.33 75.36 75.35 75.32 75.31 75.29 75.29 75.31 75.26 75.39 75.45 75.42 75.53 75.59 75.62 75.64 75.67
75.73 75.86 75.63 75.70 75.92 75.90 75.92 75.88 75.98 75.65 75.39 75.89 76.07 76.11 76.06 75.58 75.27 75.55 75.11 74.62 74.53 74.37 74.30 74.19 74.05 73.84 73.62 72.91 71.04 70.96 71.51 72.28 72.27 72.44 72.05 70.80 67.71 65.95 69.90 71.30 71.46 71.67 71.89 72.24 72.79 73.19 73.48 73.76 73.95 74.21 74.41 74.45 74.33 73.92 73.87 73.88 73.97 74.08 74.16 74.26 74.35 74.28 74.17 74.22 74.32 74.56 74.81 74.85 74.90 75.35 76.36 76.42 76.22 76.73 75.29 75.22 75.30 75.17 75.50 74.90 74.90 74.85 74.80 74.87 74.95 74.79 74.73 74.83 74.72 74.74 74.59 74.55 74.47 74.51 74.42 74.58 74.34 74.25 74.21 74.25 74.21 73.94 73.79 73.74 74.07 74.17 74.21 73.91 73.86 73.75 73.71 73.70 73.58 73.70 73.46 73.25 73.15 73.18 73.18 72.94 73.12 73.06 72.83 73.83 73.23 73.15 73.46 73.82 74.33 75.41 76.61 76.87 76.87 76.82 76.73 76.67 76.59 76.37 75.77 75.19 74.93 75.03 74.45 74.30 74.29 74.23 74.47 74.60 74.51 74.52 74.85 75.10 75.37 75.09 75.35 75.47 75.36 75.33 75.24 75.26 75.73 75.16 75.12 75.20 75.30 75.35 75.22 75.26 75.15 75.20 75.21 75.37 75.39 75.47 75.40 75.54 75.60 75.65 75.68 75.68
75.81 75.80 75.80 75.79 76.00 76.00 76.06 76.02 76.16 76.07 75.93 76.21 76.23 76.18 76.11 76.04 75.61 75.63 75.11 74.75 74.63 74.54 74.37 74.21 74.03 73.87 73.55 72.89 72.25 72.53 72.48 72.48 72.51 72.52 72.62 72.51 68.32 62.62 64.28 71.31 71.62 71.85 72.11 72.44 72.80 73.24 73.60 73.82 74.05 74.20 74.37 74.47 74.44 74.05 73.98 73.97 74.06 74.16 74.22 74.30 74.38 74.23 74.17 74.44 74.59 74.75 75.08 75.34 75.59 75.39 76.84 76.56 75.29 76.79 76.29 75.20 76.24 75.03 74.91 75.13 74.88 74.83 74.75 74.70 74.80 74.84 75.00 74.83 74.81 74.80 74.61 74.57 74.58 74.58 74.67 74.43 74.58 74.26 74.30 74.34 74.26 74.24 74.03 73.77 74.17 74.11 74.58 74.07 74.33 73.71 73.86 73.83 73.79 73.91 73.69 73.31 73.15 73.34 73.50 73.09 73.24 73.17 73.00 72.91 73.06 73.41 73.69 74.03 74.61 75.76 76.89 76.93 76.96 76.84 76.70 76.68 76.55 76.46 76.04 75.40 75.15 74.50 74.64 74.54 74.41 74.68 74.88 74.99 74.99 75.05 75.22 75.43 75.65 75.68 75.50 75.57 75.45 75.44 75.20 75.09 74.98 74.87 74.90 74.94 75.01 75.06 75.07 75.06 75.09 75.44 74.80 75.22 75.37 75.37 75.37 75.61 75.65 75.63 75.25 75.69
75.71 75.88 75.47 75.49 76.01 75.98 76.10 76.17 76.22 76.26 76.31 76.37 76.34 76.29 76.24 76.08 75.91 75.57 74.72 74.78 74.68 74.47 74.34 74.23 74.00 73.79 73.57 73.30 72.71 72.72 72.62 72.62 72.62 72.71 72.88 73.02 72.37 64.67 65.94 70.50 71.45 72.07 72.40 72.63 69.82 73.44 73.71 73.91 74.10 74.20 74.40 74.46 74.47 74.10 74.06 74.10 74.17 74.24 74.29 74.35 74.37 74.42 74.53 74.43 74.72 75.24 75.52 75.78 75.90 76.66 76.77 76.59 75.80 75.65 75.39 76.21 75.50 75.32 74.91 74.72 74.71 74.87 74.76 74.81 74.80 74.80 76.44 74.81 75.50 74.74 74.59 74.62 74.62 74.76 74.74 74.41 74.42 74.46 74.51 74.53 74.49 74.20 74.11 74.16 74.22 74.30 74.22 74.36 74.60 74.04 74.03 74.20 73.95 73.89 73.80 73.66 73.49 73.57 73.67 73.63 73.51 73.28 73.21 73.25 73.33 73.51 73.82 74.24 74.83 75.88 76.91 76.92 76.88 76.79 76.69 76.66 76.59 76.50 76.20 75.62 75.36 74.87 74.91 74.97 74.96 75.06 75.03 75.44 75.28 75.57 75.67 75.76 75.96 76.07 76.09 75.80 75.70 75.41 75.06 74.79 74.56 74.45 74.60 74.61 74.74 74.83 74.87 74.99 74.96 74.99 75.01 74.88 75.38 75.34 75.44 75.47 75.63 75.61 74.91 75.45
75.77 75.93 75.95 76.16 76.10 76.00 76.20 76.33 76.36 76.41 76.46 76.54 76.50 76.45 76.42 76.21 75.62 75.19 74.82 74.80 74.38 72.06 67.83 67.27 69.63 73.71 73.49 73.42 73.24 72.87 72.80 72.71 72.74 72.81 72.89 72.99 73.02 71.95 70.05 70.43 71.66 72.25 72.62 72.83 73.20 73.65 73.81 73.98 74.11 74.20 74.36 74.45 74.50 74.15 74.16 74.15 74.21 74.30 74.35 74.37 74.41 74.41 74.38 74.60 75.28 75.64 75.88 76.05 76.08 76.60 76.87 76.68 76.24 75.91 76.30 75.78 75.70 75.36 75.16 75.06 75.31 74.87 74.53 75.85 74.88 74.82 74.86 74.80 74.81 74.83 75.33 74.89 74.69 74.63 74.70 74.53 74.56 74.59 74.63 74.70 74.61 74.58 74.31 74.26 74.31 74.33 74.23 74.65 74.47 73.91 74.08 74.11 74.15 74.17 73.87 73.82 73.67 73.57 73.63 73.64 73.50 73.58 73.46 73.51 73.60 73.73 73.97 74.45 75.18 76.88 76.89 76.78 76.88 76.78 76.70 76.65 76.57 76.52 76.28 75.80 75.53 75.41 75.25 75.21 75.18 75.23 75.34 75.50 75.81 75.89 76.02 76.14 76.14 76.22 76.23 76.15 75.80 75.36 74.88 74.58 74.38 74.25 74.12 74.25 74.36 74.63 74.75 74.84 74.85 74.91 74.95 74.98 75.15 75.32 75.37 75.47 75.51 75.73 75.22 76.44
75.90 76.05 76.09 76.22 75.70 76.20 76.24 76.32 76.47 76.50 76.57 76.63 76.64 76.61 76.64 75.86 75.40 75.32 74.97 74.99 74.02 66.91 63.03 61.76 64.83 71.59 73.46 73.44 73.63 73.27 73.04 72.82 72.77 72.84 72.91 73.01 73.03 72.86 71.89 71.78 72.23 72.44 72.68 72.91 73.25 73.67 73.89 74.04 74.15 74.24 74.31 74.50 74.46 74.04 74.07 74.24 74.27 74.32 74.35 74.39 74.43 74.50 74.65 75.07 75.39 75.93 76.17 76.41 76.69 76.75 76.53 76.72 76.59 76.34 76.43 76.01 75.55 75.61 75.47 75.06 74.94 74.71 75.05 75.56 74.81 74.86 74.87 76.23 74.90 75.08 74.86 74.84 74.69 74.62 74.69 74.76 74.71 74.72 74.71 74.81 74.79 74.69 74.48 74.42 74.57 74.55 74.55 74.52 74.18 74.04 74.16 74.18 74.09 73.99 73.95 73.90 73.74 73.31 73.57 73.66 73.69 73.69 73.65 73.70 73.76 73.88 74.33 74.55 75.30 76.69 76.85 76.86 76.80 76.73 76.69 76.69 76.61 76.45 76.32 76.10 75.85 75.95 75.77 75.77 75.74 75.94 75.98 76.08 76.20 76.29 76.36 76.35 76.36 76.44 76.38 76.34 76.07 75.34 74.89 74.44 74.19 73.95 73.77 73.77 74.01 74.48 74.67 74.72 74.71 74.80 74.90 75.02 75.17 75.31 75.28 75.45 75.80 75.78 75.66 75.98
75.92 76.10 76.24 76.29 76.34 76.23 76.27 76.40 76.54 76.60 76.66 76.74 76.75 76.74 76.76 76.00 75.47 75.17 74.65 74.84 74.30 66.99 63.10 62.17 64.34 71.83 73.67 73.77 73.81 73.72 73.31 72.94 72.72 72.67 72.69 72.93 73.06 73.05 72.66 72.52 72.60 72.65 72.73 72.90 73.14 73.54 73.94 74.08 74.21 74.25 74.31 74.52 74.37 74.42 74.04 74.16 74.27 74.31 74.38 74.39 74.50 74.51 74.80 75.38 75.86 76.23 76.63 76.74 76.96 76.96 77.07 76.92 76.85 76.71 76.59 76.03 75.86 75.90 76.30 75.21 75.00 74.88 75.07 75.01 76.18 74.77 74.84 74.71 74.86 74.90 74.91 74.92 75.24 74.79 74.77 74.83 74.78 74.78 74.77 74.81 74.82 74.62 75.50 74.61 74.72 74.44 74.32 74.51 74.31 74.26 74.18 74.11 73.97 73.94 73.96 74.12 73.65 73.78 73.63 73.86 73.97 74.10 73.72 73.76 73.82 73.95 74.27 74.16 74.87 75.75 76.45 76.79 76.71 76.69 76.66 76.59 76.58 76.53 76.44 76.35 76.34 76.34 76.49 76.37 76.40 76.38 76.51 76.54 76.56 76.64 76.69 76.62 76.74 76.67 76.63 76.44 76.18 75.35 74.70 74.29 73.85 73.56 73.46 73.65 73.68 72.98 74.48 74.58 74.66 74.74 74.86 75.01 75.18 75.33 75.38 75.66 75.30 75.92 75.86 76.00
76.38 76.26 76.23 76.44 76.55 76.54 76.50 76.59 76.71 76.73 76.81 76.82 76.84 76.84 76.83 76.00 75.48 74.79 74.67 74.94 74.70 68.96 66.68 65.77 67.63 73.33 73.99 74.00 73.94 73.78 73.49 73.09 72.70 72.49 72.34 72.26 73.02 73.04 72.90 72.78 72.75 72.76 72.81 72.92 73.13 73.52 74.00 74.07 74.15 74.23 74.23 74.40 74.54 74.66 74.10 74.16 74.19 74.28 74.31 74.42 74.49 74.54 75.00 75.44 75.94 76.79 76.90 76.97 77.09 77.11 77.11 77.05 76.86 76.88 76.74 76.32 76.20 76.24 75.75 75.24 75.27 75.60 75.16 75.00 74.77 75.09 75.26 74.87 74.91 74.98 74.90 74.90 74.82 74.80 74.93 74.87 74.81 74.83 74.83 74.82 74.91 74.66 74.54 74.75 74.46 74.55 74.73 74.09 74.33 74.54 74.08 73.96 73.95 74.00 74.01 74.13 73.85 73.86 73.20 74.03 74.08 74.05 73.59 73.71 73.91 73.95 74.23 74.12 74.41 74.76 75.59 75.81 76.29 76.41 76.40 76.58 76.57 76.58 76.58 76.56 76.60 76.73 76.73 76.76 76.80 76.77 76.86 76.91 76.91 76.85 76.90 76.85 76.87 76.75 76.78 76.76 76.50 75.48 74.64 74.06 73.46 73.31 73.24 73.21 73.57 73.99 74.32 74.45 74.57 74.71 74.89 75.01 75.17 75.30 75.54 75.60 75.33 76.01 76.01 76.13
76.36 76.42 76.47 76.57 76.63 76.71 76.75 76.83 76.87 76.87 76.90 76.90 76.90 76.88 76.87 76.06 75.27 74.71 74.91 75.13 75.15 73.50 71.64 71.08 73.65 74.38 74.17 74.12 74.02 73.71 73.41 73.10 72.78 72.39 72.17 72.09 72.78 73.04 72.98 72.77 72.77 72.58 72.82 72.96 72.98 73.65 73.82 73.98 74.04 74.14 74.20 74.27 74.40 74.59 74.43 74.25 74.72 75.58 75.30 74.68 74.56 74.41 75.05 75.49 76.04 76.78 77.04 77.12 77.22 77.27 77.18 77.25 76.90 77.16 77.02 76.71 76.62 76.65 76.52 75.81 75.32 74.94 74.78 74.95 74.84 74.98 74.97 74.96 74.95 74.83 75.00 75.06 74.97 74.89 75.04 75.08 75.27 74.71 74.97 74.94 74.84 74.69 74.56 74.69 74.71 74.65 74.65 74.50 74.31 74.42 74.25 74.07 74.07 73.96 73.94 73.98 74.07 73.85 73.35 73.99 74.07 73.93 74.51 74.28 73.89 73.86 74.04 74.18 74.25 74.52 74.78 75.05 75.40 75.75 76.14 76.45 76.58 76.66 76.75 76.79 76.81 77.01 76.91 77.07 77.14 77.20 77.26 77.20 77.36 77.25 77.26 77.20 77.15 77.14 77.16 77.01 76.90 75.69 74.60 73.99 73.56 73.24 73.10 71.64 72.42 73.60 74.14 74.39 74.59 74.72 74.89 75.04 75.27 75.46 75.73 75.56 75.91 76.02 75.73 76.31
76.48 76.53 76.50 76.71 76.83 76.82 76.89 76.89 76.90 76.94 76.95 76.94 76.92 76.91 76.90 76.16 75.09 74.84 74.91 74.78 75.19 75.07 75.03 75.01 74.74 74.47 74.04 74.18 73.90 73.59 73.24 73.00 72.63 72.30 72.10 71.64 71.69 72.96 73.03 72.75 72.84 72.76 72.85 72.14 73.21 73.67 73.89 73.96 74.00 74.05 73.95 74.16 74.18 74.69 74.17 74.21 74.25 74.22 74.82 75.92 76.15 74.81 75.32 76.33 76.76 77.12 77.23 77.25 77.32 77.38 77.36 77.31 77.24 77.14 76.84 76.95 76.91 77.00 77.13 76.28 75.88 75.13 75.01 75.23 75.34 75.04 75.12 75.03 75.05 74.88 74.99 75.23 75.03 75.04 75.06 75.51 75.14 75.01 74.91 74.98 74.67 74.70 74.80 74.70 74.64 74.89 74.79 74.47 74.61 74.54 74.28 74.41 74.36 74.34 74.56 74.03 74.16 73.65 73.82 73.47 73.74 73.69 73.71 73.89 73.91 73.98 73.93 73.88 74.29 74.15 74.68 75.13 75.11 75.48 76.22 76.57 76.70 76.91 76.98 77.04 77.17 77.24 77.32 77.44 77.57 77.69 77.76 77.79 77.77 77.69 77.61 77.55 77.56 77.47 77.37 77.25 77.06 76.80 74.96 74.25 73.50 73.21 71.71 65.47 71.40 73.50 74.16 74.44 74.58 74.75 75.05 75.02 75.35 75.57 75.91 75.95 76.08 76.05 76.31 76.39
76.67 76.73 76.76 76.73 76.94 76.84 77.02 77.03 77.02 77.01 77.00 76.98 76.96 76.94 76.93 76.38 75.25 74.87 74.92 74.88 74.84 74.92 74.52 74.65 74.68 74.53 74.38 73.98 73.73 73.48 73.12 72.85 72.56 72.23 71.65 71.57 71.86 73.09 73.24 72.91 73.04 73.02 73.04 72.13 72.91 73.64 73.83 73.91 73.95 73.85 73.70 73.77 74.21 74.41 74.63 74.82 74.76 75.03 75.15 76.00 75.47 74.69 76.72 76.92 77.09 77.18 77.18 77.29 77.42 77.45 77.21 77.38 77.39 77.28 77.01 77.31 77.08 77.16 77.26 77.21 76.25 75.90 75.63 75.48 75.53 75.23 75.05 74.98 75.06 75.07 75.14 75.16 75.08 75.02 75.15 75.00 75.22 75.13 74.83 74.68 75.30 74.62 74.78 74.80 74.43 75.06 74.23 74.55 74.62 74.46 74.45 74.50 74.47 74.42 74.35 74.44 74.36 74.72 74.14 73.93 74.09 74.49 73.87 74.05 74.10 73.72 73.53 74.05 74.43 74.19 74.73 74.92 75.32 76.02 76.53 76.81 77.05 77.07 77.18 77.31 77.40 77.58 77.68 77.89 78.06 78.10 78.16 78.10 78.09 77.99 77.93 77.92 77.77 77.63 77.47 77.34 77.15 76.92 76.03 74.37 73.77 73.32 72.66 72.01 72.66 73.96 74.37 74.55 74.66 74.82 74.89 75.33 75.54 75.75 76.02 76.20 76.20 76.27 76.42 76.58
76.87 76.91 76.98 77.03 77.10 77.08 77.12 77.14 77.13 77.09 77.08 77.08 77.04 76.85 77.00 76.94 76.19 75.13 74.79 74.82 74.83 74.89 74.50 74.44 74.81 74.62 74.15 73.90 73.65 73.34 73.05 72.75 72.54 72.19 71.11 71.46 72.35 73.09 73.19 73.03 73.26 73.30 73.26 73.34 73.49 73.65 73.85 73.94 73.92 73.64 73.70 73.88 73.89 74.43 74.49 74.57 74.59 74.94 75.06 75.46 75.38 75.90 76.57 76.27 75.89 76.97 77.09 77.26 77.43 77.51 77.43 77.55 77.49 77.55 77.50 77.44 77.32 77.37 77.44 77.48 77.42 76.45 76.11 75.81 75.92 75.36 75.16 77.82 75.19 75.10 75.24 75.50 75.19 75.29 75.02 75.05 75.18 75.16 74.87 74.87 74.74 74.90 74.77 74.82 74.62 74.52 74.33 74.45 74.49 74.32 74.48 74.45 74.62 74.84 74.79 74.77 74.49 74.16 74.10 74.06 74.21 74.04 73.94 74.03 73.84 74.15 74.68 74.88 74.84 75.03 75.16 75.51 76.22 76.47 76.74 77.07 77.17 77.32 77.50 77.67 77.84 77.99 78.20 78.34 78.43 78.56 78.51 78.34 78.43 78.28 78.22 78.07 77.93 77.74 77.62 77.52 77.35 77.19 76.60 74.99 74.35 73.95 73.54 73.50 73.88 74.42 74.58 74.67 74.75 74.86 75.27 75.47 75.78 76.04 76.28 76.46 76.48 76.51 76.72 76.81
77.12 77.05 77.16 77.18 77.19 77.18 77.20 77.25 77.25 77.20 77.16 77.17 77.15 77.12 77.08 77.04 76.60 75.92 75.56 75.49 75.21 75.09 74.81 74.77 74.95 74.24 74.05 73.84 73.51 73.28 72.98 72.89 72.46 72.22 71.78 71.82 72.35 73.12 73.15 73.14 73.31 73.40 73.51 73.51 73.60 73.71 73.83 73.96 73.88 73.46 73.87 73.95 73.99 74.16 74.23 74.33 74.49 74.54 74.70 75.33 75.17 75.78 76.06 76.33 76.72 76.77 77.06 77.19 77.26 77.51 77.56 77.55 77.63 77.72 77.66 77.79 77.48 77.56 77.63 77.53 77.50 77.34 76.77 77.10 76.40 75.98 75.41 75.09 75.35 75.44 75.51 75.33 75.18 75.12 75.67 75.29 75.05 74.88 74.82 75.03 74.72 74.75 74.87 74.87 74.70 74.64 74.40 74.42 74.51 74.41 74.37 74.34 74.62 74.76 74.70 74.70 74.40 74.17 74.29 74.32 74.27 74.68 74.08 73.98 74.27 74.15 74.46 75.01 74.91 75.17 75.51 76.14 76.32 76.71 76.94 77.16 77.36 77.59 77.88 78.07 78.21 78.39 78.76 78.62 78.76 78.84 78.79 78.70 78.64 78.51 78.32 78.22 78.30 77.93 77.90 77.77 77.60 77.44 77.01 76.40 75.08 74.70 74.53 74.50 74.37 74.08 74.79 74.79 74.86 74.97 74.73 76.86 76.17 75.27 76.61 76.15 76.78 76.82 76.85 77.05
77.31 76.68 77.20 77.20 77.29 77.27 77.27 77.32 77.28 77.29 77.27 77.28 77.26 77.22 77.25 77.21 77.15 76.71 75.89 75.02 75.17 75.15 75.25 75.10 74.46 74.12 73.96 73.74 73.57 73.11 72.85 72.62 72.25 71.91 71.62 71.71 72.25 72.99 73.25 73.32 73.43 73.54 73.59 73.64 73.55 73.69 73.67 73.56 73.55 73.65 73.87 74.04 74.06 74.01 74.19 74.41 74.52 74.58 74.55 74.60 74.57 74.59 75.04 76.30 76.31 77.04 77.19 77.25 77.32 77.50 77.64 77.86 77.86 77.86 77.81 77.96 77.88 77.90 77.87 77.64 77.80 77.76 77.46 77.03 76.62 76.12 75.65 75.36 75.76 75.49 75.44 75.00 75.30 75.28 75.32 75.05 75.16 74.87 75.08 75.18 74.66 74.62 74.81 74.55 75.09 74.46 74.52 74.35 74.50 74.21 74.09 74.24 74.50 74.61 74.52 74.35 74.34 74.45 74.30 74.63 74.56 74.65 74.59 74.22 74.41 74.75 74.80 75.07 75.33 75.83 76.03 76.43 76.65 76.91 77.14 77.37 77.64 77.97 78.19 78.32 78.55 78.67 78.82 78.93 79.12 78.93 78.86 78.83 78.76 78.43 78.53 78.44 78.30 78.10 77.90 78.05 77.97 77.78 77.60 77.40 77.07 76.66 76.43 75.91 75.57 74.84 75.40 75.08 75.02 75.20 75.29 76.13 76.52 76.63 76.83 76.94 76.99 77.12 77.19 77.27
77.45 77.36 77.36 77.31 77.35 77.33 77.35 77.35 77.33 77.35 77.37 77.36 77.34 77.30 77.34 77.26 77.31 77.20 76.64 74.46 74.91 75.13 74.97 74.56 73.99 74.11 73.94 73.72 73.40 72.96 72.52 72.00 71.46 71.20 71.02 70.95 71.36 71.97 72.93 73.42 73.57 73.63 73.68 73.66 73.11 73.30 73.76 73.88 73.68 73.59 73.86 73.78 73.67 73.79 74.09 74.40 74.54 74.64 74.65 74.68 74.70 74.65 74.98 76.27 76.91 77.10 77.22 77.23 77.38 77.52 77.59 77.91 77.81 77.96 78.00 78.12 78.09 78.21 78.08 77.95 77.90 77.81 77.83 77.00 76.73 76.28 76.11 75.93 75.67 75.81 75.12 75.18 75.24 75.64 75.86 75.00 75.18 74.97 75.12 74.93 74.98 74.87 74.83 74.77 74.74 74.53 74.41 74.80 74.39 74.11 74.53 74.18 74.22 74.16 74.09 74.05 74.21 74.32 74.40 74.76 74.79 74.73 75.28 75.05 74.91 75.28 75.21 75.35 75.72 76.02 76.35 76.67 76.83 77.09 77.28 77.59 77.85 78.18 78.43 78.63 78.71 78.83 79.06 79.20 79.28 79.24 79.10 79.07 78.86 78.82 78.67 78.27 78.46 78.27 78.22 78.18 78.06 77.92 77.89 77.72 77.60 77.35 77.24 77.16 76.89 76.72 76.30 75.69 75.42 75.49 75.50 75.98 76.05 76.79 76.91 77.01 77.14 77.33 77.44 77.48
77.59 77.42 77.43 77.33 77.43 77.39 77.43 77.42 77.38 77.40 77.42 77.42 77.41 77.36 77.31 77.28 77.24 77.14 77.08 74.96 74.95 74.86 74.65 74.43 74.11 74.14 73.96 73.74 73.44 72.70 71.76 71.04 70.31 69.85 69.85 70.22 70.59 70.70 71.65 72.80 73.49 73.75 73.79 73.76 73.68 73.56 73.66 73.76 73.86 74.08 73.66 73.55 73.43 73.28 73.73 74.17 74.51 74.60 74.64 74.62 74.69 74.62 75.32 76.43 76.89 77.08 77.20 77.30 77.38 77.61 77.66 77.83 77.89 78.09 78.13 78.28 78.41 78.37 78.35 78.18 78.24 78.15 78.02 77.95 77.62 77.40 77.31 77.06 76.59 77.07 75.67 75.45 75.18 75.14 75.41 75.17 75.39 75.66 75.00 75.51 75.08 75.35 74.95 75.64 75.07 75.09 74.72 74.56 74.46 74.26 74.17 74.11 74.10 73.97 73.98 73.98 74.09 74.45 75.35 75.05 74.92 74.72 74.86 74.76 75.20 75.37 75.47 75.54 76.09 76.30 76.60 76.90 77.07 77.23 77.59 77.86 78.02 78.35 78.55 78.84 78.97 79.17 79.33 79.37 79.42 79.46 79.39 79.23 79.19 79.00 78.91 78.80 78.72 78.52 78.67 78.60 78.34 78.09 78.09 77.86 77.65 77.54 77.24 77.12 76.84 76.74 76.42 76.08 75.84 75.81 75.72 76.11 75.97 76.95 77.00 77.11 77.35 77.39 77.50 77.51
77.53 77.48 77.50 77.43 77.03 77.45 77.47 77.21 77.46 77.44 77.41 77.43 77.36 77.35 77.31 77.26 77.25 77.28 77.05 76.47 74.70 74.60 74.88 74.48 74.46 74.19 74.05 73.85 73.29 72.13 70.88 69.77 69.04 68.94 68.58 68.83 70.09 70.31 70.74 71.94 73.19 73.77 73.88 73.85 73.63 73.71 73.57 72.84 73.71 73.75 73.73 73.59 73.28 73.02 73.33 73.86 74.30 74.46 74.56 74.54 74.84 74.87 74.90 75.82 76.92 77.15 77.20 77.26 77.46 77.61 77.80 77.96 77.98 78.22 78.34 78.42 78.48 78.54 78.55 78.66 78.33 78.33 78.27 78.20 78.01 77.45 77.63 77.34 76.83 76.74 76.48 75.88 75.86 75.77 75.67 75.33 75.14 75.07 75.66 75.41 75.63 76.77 75.60 74.93 75.81 74.84 74.74 74.70 74.59 74.61 74.41 74.15 74.81 74.04 74.06 74.31 74.18 74.34 75.24 75.25 75.28 75.24 75.28 75.47 75.51 75.64 75.79 76.09 76.25 76.57 76.82 77.09 77.16 77.52 77.73 78.03 78.23 78.41 78.75 78.82 79.28 79.45 79.51 79.52 79.52 79.55 79.44 79.41 79.29 79.37 79.13 79.07 78.88 78.84 78.76 78.69 78.58 78.24 77.89 77.96 77.72 77.58 77.36 77.12 76.83 76.82 76.59 76.41 76.29 76.13 76.00 75.54 74.79 77.01 77.07 77.10 77.34 77.49 77.54 77.48
77.51 77.53 77.56 77.53 77.50 77.48 77.43 77.47 77.45 77.43 77.44 77.46 77.40 77.44 77.32 77.35 77.26 76.99 76.84 76.47 75.82 75.32 74.93 74.75 74.54 74.35 74.22 73.89 73.20 71.86 70.44 69.55 69.22 69.15 68.37 68.77 69.85 70.42 70.99 72.23 73.32 73.82 73.89 73.85 73.29 73.76 73.61 73.31 73.56 73.46 73.48 73.35 73.33 73.43 73.61 73.75 74.11 74.43 74.44 74.40 74.62 74.88 74.88 75.61 76.66 77.24 77.32 77.21 77.50 77.69 77.82 78.04 78.15 78.30 78.45 78.58 78.64 78.68 78.69 78.67 78.62 78.59 78.47 78.70 78.65 78.16 77.85 77.76 77.39 77.44 76.71 77.29 76.86 76.45 76.57 75.86 75.54 76.21 75.24 75.80 76.96 76.96 76.86 75.25 75.60 74.70 74.66 74.88 74.91 74.76 74.60 74.78 76.09 75.23 74.53 74.72 75.54 74.56 75.40 75.23 75.32 75.30 75.74 75.81 76.00 75.87 76.14 76.20 76.57 76.89 77.03 77.12 77.34 77.57 77.97 78.20 78.46 78.59 79.01 79.18 79.31 79.54 79.58 79.57 79.56 79.51 79.54 79.49 79.44 79.31 79.22 79.26 79.23 79.08 78.92 78.75 78.60 78.48 78.27 78.06 77.80 77.54 77.39 77.17 76.89 76.89 76.79 76.65 76.63 76.34 75.28 75.66 75.30 76.82 77.04 77.22 77.26 77.47 77.46 77.55
77.51 77.59 77.59 77.55 77.52 77.51 77.48 77.46 77.45 77.48 77.45 77.54 77.48 77.50 77.37 77.33 77.19 76.99 76.62 76.09 75.65 75.30 75.00 74.81 74.64 74.50 74.32 74.13 73.62 72.71 71.41 70.33 69.80 69.64 69.52 69.66 70.26 70.66 72.45 73.47 73.93 74.06 73.96 73.93 73.94 73.52 73.76 73.16 73.47 73.49 73.41 73.53 72.95 73.42 73.88 73.77 73.90 74.28 74.45 74.70 74.66 74.70 74.87 75.61 76.61 77.28 77.48 77.54 77.64 77.79 78.04 78.16 78.41 78.49 78.90 78.62 78.75 78.67 78.78 78.79 78.73 78.72 78.53 78.57 78.63 78.29 78.19 77.83 77.73 77.78 77.60 77.47 77.45 77.24 76.90 76.34 76.09 75.86 76.61 76.80 77.08 76.91 76.07 76.75 76.05 76.68 76.40 76.63 74.66 74.60 74.49 75.45 74.62 74.41 75.66 75.74 75.51 75.33 75.41 75.60 75.66 75.67 76.26 76.68 76.20 76.19 76.27 76.69 76.93 77.03 76.95 77.32 77.36 77.68 77.99 78.36 78.57 78.62 78.99 79.23 79.43 79.53 79.48 79.30 79.56 79.48 79.43 79.32 79.47 79.16 79.22 79.19 79.09 79.04 79.05 78.86 78.68 78.60 78.16 78.06 77.79 77.53 77.23 77.13 77.01 76.90 76.74 76.81 76.78 76.45 75.99 75.61 75.02 76.70 77.18 77.19 77.42 77.46 77.54 77.61
77.66 77.66 77.60 77.60 77.59 77.55 77.52 77.47 77.46 77.51 77.52 77.46 77.45 77.40 77.38 77.23 77.01 76.74 76.36 75.99 75.57 75.25 75.01 74.88 74.79 74.68 74.54 74.36 74.05 73.51 73.03 72.61 72.45 70.88 70.17 69.99 70.68 72.15 73.10 73.75 74.04 74.16 74.16 74.23 74.32 74.41 74.45 74.27 73.69 73.32 72.90 73.31 73.86 73.80 73.78 73.97 74.46 74.32 74.43 74.73 74.86 75.16 75.46 75.97 76.62 77.35 77.41 77.65 77.81 77.98 78.08 78.37 78.48 78.62 78.60 78.83 78.81 78.82 78.96 78.96 78.75 78.83 78.75 78.71 78.61 78.52 78.22 78.31 78.16 77.86 77.82 77.96 77.63 77.45 77.41 77.29 76.77 76.47 77.03 77.00 76.42 76.01 75.68 76.81 76.05 76.68 76.75 76.79 76.03 75.37 74.93 75.63 75.33 75.15 75.72 75.40 75.15 75.66 75.73 75.88 75.81 76.14 76.30 76.55 76.55 76.68 76.74 76.78 77.02 77.12 77.25 77.28 77.63 77.78 78.24 78.47 78.69 78.92 79.02 79.22 79.38 79.54 79.53 79.54 79.51 79.37 79.43 79.45 79.40 79.38 79.24 79.33 79.25 78.94 79.05 79.00 78.79 78.50 78.04 77.85 77.71 77.36 77.18 77.08 77.05 76.98 76.96 76.95 76.94 76.80 76.60 76.12 75.34 76.89 76.90 77.01 77.30 77.58 77.57 77.66
77.67 77.65 77.65 77.57 77.56 77.56 77.52 77.54 77.44 77.58 77.55 77.49 77.49 77.38 77.21 77.16 76.83 76.59 76.29 75.98 75.55 75.36 75.18 75.06 74.95 74.85 74.71 74.64 74.49 74.30 74.10 74.03 74.04 74.01 73.25 73.07 73.62 73.87 73.92 73.97 74.10 74.17 74.16 74.20 74.33 74.44 74.44 74.40 73.54 73.29 73.71 74.02 74.47 74.21 74.29 74.67 74.47 75.41 74.44 74.65 74.90 75.31 75.92 76.62 77.14 77.43 77.60 77.70 78.03 78.09 78.33 78.47 78.54 78.66 78.70 78.66 78.53 78.32 78.90 78.92 78.86 78.94 78.82 78.80 78.68 78.62 78.59 78.51 78.37 78.23 78.10 78.05 78.00 77.88 77.54 77.61 77.36 77.20 77.21 77.27 77.09 76.96 77.27 76.89 76.49 76.84 76.31 76.37 76.71 76.10 75.61 75.99 76.04 76.23 76.29 75.28 75.74 75.92 76.04 76.30 76.31 76.44 76.70 76.53 76.83 76.86 76.87 76.93 77.11 77.17 77.44 77.51 77.74 77.92 78.77 78.81 78.69 78.83 79.02 79.17 79.33 79.49 79.49 79.43 79.44 79.40 79.36 79.36 79.23 79.39 79.34 79.30 79.14 79.14 79.14 78.89 78.65 78.35 78.11 77.00 77.23 77.57 77.32 77.27 77.18 77.11 77.12 77.03 77.06 77.00 76.92 76.66 76.74 76.83 76.95 77.25 77.31 77.51 77.57 77.69
77.70 77.66 77.65 77.58 77.63 77.62 77.59 77.59 77.54 77.54 77.58 77.48 77.46 77.29 77.12 76.95 76.68 76.51 76.29 76.01 75.74 75.60 75.41 75.24 75.02 74.93 74.88 74.80 74.74 74.66 74.59 74.53 74.47 74.43 74.35 74.39 74.42 74.41 74.25 74.16 74.14 74.24 74.22 74.04 74.15 74.28 74.29 74.28 74.66 73.69 75.52 75.94 76.20 75.56 75.44 74.65 74.69 74.71 75.58 74.72 75.24 75.77 76.49 76.99 77.12 77.57 77.79 78.01 78.04 78.36 78.36 78.47 78.61 78.63 78.66 78.68 78.75 78.88 78.95 78.94 78.96 78.88 78.87 78.82 78.79 78.70 78.70 78.50 78.45 78.39 78.30 78.17 77.95 77.85 77.73 77.76 77.56 77.61 77.61 77.52 77.15 77.38 76.93 77.08 80.33 77.65 76.47 76.98 76.81 76.39 76.22 76.41 76.30 76.23 75.95 76.45 76.35 76.47 76.58 76.49 76.52 76.62 76.81 76.79 76.79 76.91 76.86 77.01 77.11 77.27 77.49 77.67 77.88 78.10 78.59 78.71 78.62 78.86 78.86 79.10 79.22 79.31 79.39 79.38 79.33 79.35 79.32 79.32 79.24 79.10 79.32 79.18 79.03 78.92 78.94 78.64 78.49 78.21 78.08 77.07 76.88 77.62 77.43 77.37 77.35 77.27 77.30 77.24 77.11 77.18 77.06 77.07 76.35 76.70 77.39 77.32 77.29 77.61 77.79 77.62
77.68 77.69 77.63 77.64 77.66 77.67 77.54 77.52 77.56 77.54 77.48 77.37 77.28 77.17 77.00 76.81 76.58 76.33 76.17 75.98 75.57 75.64 75.47 75.25 75.18 75.06 74.97 74.91 74.84 74.80 74.74 74.67 74.59 74.56 74.57 74.59 74.52 74.49 74.37 74.27 74.22 74.24 74.27 74.31 74.23 74.37 74.54 74.77 75.34 75.64 75.91 76.14 76.44 76.60 76.63 75.98 74.89 74.78 74.96 75.63 75.99 76.55 76.91 77.44 77.45 77.68 77.85 78.08 78.25 78.36 78.53 78.65 78.73 78.72 78.79 78.83 78.85 78.71 79.11 79.21 78.91 78.90 78.97 78.59 78.84 78.74 78.57 78.53 78.62 78.47 78.44 78.34 78.20 78.07 77.97 77.89 77.78 77.51 77.78 77.58 77.57 77.56 76.95 79.43 79.89 77.44 76.10 76.99 76.88 76.68 76.69 76.65 76.64 76.70 76.86 76.65 76.73 76.68 76.80 76.83 76.78 76.88 76.81 76.83 76.92 76.93 76.86 77.03 77.13 77.24 77.38 77.63 77.89 78.07 78.31 78.34 78.64 78.72 78.93 79.03 79.13 79.20 79.33 79.30 79.33 79.31 79.20 79.29 79.26 79.18 79.15 79.00 79.00 78.74 78.43 78.52 78.37 78.18 78.05 77.94 77.77 77.68 77.59 77.45 77.41 77.42 77.31 77.36 77.25 77.21 77.17 77.20 77.03 77.34 77.35 77.19 77.33 77.60 77.77 77.75
77.63 77.60 77.68 77.69 77.67 77.64 77.58 77.52 77.48 77.35 77.40 77.33 77.17 77.04 76.85 76.58 76.22 76.28 76.21 76.02 75.88 75.77 75.58 75.46 75.32 75.21 75.09 74.99 74.95 74.87 74.82 74.79 74.73 74.71 74.72 74.71 74.71 74.62 74.50 74.41 74.34 74.33 74.37 74.42 74.54 74.71 74.82 75.04 75.36 75.76 76.10 76.29 76.46 76.63 76.75 76.91 75.69 76.09 75.34 76.50 77.24 77.39 77.53 77.60 77.74 77.91 78.17 78.29 78.42 78.48 78.70 78.76 78.78 78.81 78.87 78.95 78.95 78.90 79.01 78.96 78.87 78.96 78.90 78.97 78.85 79.03 78.95 78.70 78.67 78.48 78.52 78.43 78.28 78.23 78.05 77.93 77.98 78.27 77.80 77.77 77.54 77.56 77.39 77.24 76.80 76.86 76.81 77.15 76.96 77.05 76.94 76.95 76.83 76.94 76.93 76.89 77.00 77.10 76.94 77.05 76.95 76.90 76.77 76.85 76.91 76.84 76.82 76.99 77.08 77.15 77.40 77.61 77.79 77.95 77.92 78.18 78.34 78.55 78.58 78.70 78.74 78.87 78.89 79.02 79.07 79.09 79.01 79.03 78.86 78.88 78.91 78.90 78.65 78.45 78.36 78.20 78.28 78.12 78.02 77.90 77.79 77.66 77.58 77.52 77.48 77.42 77.46 77.42 77.09 77.21 77.13 77.28 77.23 77.21 77.27 77.46 77.63 77.62 77.72 77.74
77.74 77.71 77.62 77.51 77.56 77.38 77.45 77.49 77.42 77.37 77.35 77.21 77.14 76.97 76.92 76.62 78.74 76.13 76.26 76.16 76.03 75.87 75.77 75.71 75.51 75.37 75.25 75.11 75.02 74.97 74.92 74.92 74.87 74.89 74.87 74.89 74.83 74.79 74.73 74.65 74.55 74.55 74.50 74.54 74.62 74.80 75.01 76.10 75.96 76.26 76.37 76.40 76.79 76.62 76.78 76.98 77.13 77.20 77.44 77.55 77.66 77.77 77.99 78.06 78.21 78.34 78.37 78.49 78.54 78.64 78.77 78.82 78.83 78.91 78.95 78.88 78.92 78.93 78.99 79.11 78.86 78.91 78.96 78.89 79.03 78.87 78.71 78.70 78.55 78.57 78.53 78.50 78.38 78.25 78.03 78.02 78.01 77.99 77.90 77.79 77.72 77.64 77.48 77.49 77.44 77.28 77.18 77.19 77.20 77.11 77.12 77.12 77.04 77.16 77.06 77.18 77.30 77.26 77.24 77.18 77.00 76.95 76.87 76.83 76.74 76.77 76.97 77.08 77.08 77.13 77.32 77.51 77.64 77.66 77.84 78.02 78.15 78.28 78.29 78.37 78.44 78.53 78.56 78.67 78.72 78.65 78.69 78.69 78.40 78.44 78.57 78.42 78.40 78.22 78.12 78.21 77.94 78.06 77.99 77.72 77.62 77.59 77.55 77.56 77.43 77.45 77.38 77.27 77.22 77.29 77.31 77.08 77.14 77.11 77.33 77.48 77.60 77.70 77.78 77.81
77.70 77.69 77.65 77.59 77.64 77.51 77.41 77.37 77.36 77.38 77.23 77.13 77.14 76.97 76.86 76.82 76.32 76.42 76.27 76.26 76.15 76.07 75.94 75.82 75.74 75.62 75.47 75.33 75.34 75.20 75.16 75.11 75.07 75.09 75.07 75.08 75.05 75.01 74.98 74.83 74.79 74.73 74.71 74.73 74.81 75.02 75.33 75.62 76.05 76.22 76.37 76.46 76.56 76.70 76.88 77.05 77.23 77.43 77.60 77.74 78.03 78.12 78.19 78.25 78.35 78.39 78.49 78.58 78.63 78.76 78.76 79.25 78.93 78.93 78.94 79.00 78.98 78.93 78.95 78.94 78.92 79.07 78.84 78.88 78.22 79.64 78.71 78.65 78.63 78.54 78.58 78.42 78.35 78.29 78.26 78.11 78.11 77.99 77.92 77.72 77.74 77.68 77.51 77.35 77.29 77.31 77.29 77.18 77.35 77.27 77.22 77.31 77.41 77.39 77.38 77.43 77.50 77.42 77.32 77.12 77.04 77.06 76.99 76.90 76.89 76.93 76.86 76.96 77.05 77.08 77.27 77.32 77.49 77.48 77.56 77.69 77.91 77.97 78.02 77.95 78.16 78.10 78.26 78.39 78.40 78.35 78.32 78.36 78.32 78.21 78.30 78.23 78.25 78.23 78.05 78.11 77.97 78.02 77.96 77.77 77.66 77.69 77.55 77.50 77.46 77.36 77.36 77.30 77.14 77.27 77.25 77.16 77.39 77.27 77.28 77.45 77.62 77.60 77.66 77.68
77.60 77.64 77.61 77.46 77.57 77.55 77.29 77.45 77.44 77.45 77.37 77.27 77.16 77.08 76.92 76.74 76.79 76.63 76.54 76.44 76.34 76.23 76.08 75.97 75.96 75.91 75.86 75.75 75.68 75.60 75.55 75.44 75.39 75.43 75.53 75.43 75.42 75.43 75.28 75.12 75.06 75.01 75.02 75.19 75.30 75.60 75.79 75.99 76.23 76.36 76.47 76.66 76.72 76.85 77.02 77.14 77.33 77.50 77.67 77.91 78.19 78.02 78.37 78.43 78.45 78.51 78.62 78.68 78.71 78.70 78.81 78.79 78.84 78.93 78.94 78.95 78.90 78.99 79.06 79.02 78.92 78.90 78.92 78.84 78.82 78.80 78.76 78.74 78.67 78.52 78.41 78.48 78.34 78.35 78.09 78.19 78.17 78.07 77.87 77.82 77.71 77.67 77.64 77.58 77.58 77.51 77.34 77.35 77.38 77.43 77.53 77.56 77.55 77.55 77.44 77.54 77.53 77.53 77.32 77.23 77.19 77.12 76.96 76.98 76.88 76.89 76.83 76.91 76.99 77.01 77.13 77.10 77.33 77.50 77.43 77.28 77.54 77.61 77.57 77.76 77.88 77.71 77.90 78.02 78.01 77.92 78.01 77.99 78.00 78.01 77.99 78.04 78.03 77.95 77.94 78.00 77.96 77.83 77.83 77.72 77.77 77.63 77.57 77.47 77.41 77.33 77.14 77.16 77.13 77.21 77.26 77.28 77.35 77.33 77.37 77.43 77.53 77.65 77.46 77.58
77.53 77.54 77.53 77.55 77.52 77.59 77.48 77.41 77.47 77.32 77.26 77.28 77.20 77.09 76.98 76.91 76.82 76.74 76.67 76.55 76.44 76.41 76.34 76.27 76.19 76.16 76.08 76.02 75.97 75.97 75.96 75.90 75.94 75.94 75.90 75.86 75.84 75.87 75.82 76.24 75.76 75.74 75.75 75.80 75.85 75.94 76.04 76.20 76.42 76.55 76.60 76.86 77.03 77.15 77.26 77.44 77.58 77.72 77.87 77.97 78.18 78.38 78.46 78.52 78.62 79.05 78.52 78.77 78.80 78.81 78.91 78.77 78.87 79.02 79.08 79.05 79.01 79.04 78.94 78.99 78.94 78.95 78.90 78.92 78.84 78.81 78.72 78.67 78.59 78.53 78.45 78.41 78.39 78.29 78.29 78.29 78.11 78.02 77.99 77.86 77.81 77.74 77.63 77.62 77.59 77.62 77.47 77.56 77.54 77.63 77.61 77.63 77.67 77.65 77.55 77.63 77.55 77.55 77.49 77.28 77.36 77.31 76.90 77.05 77.00 76.94 76.84 76.79 76.85 76.95 76.95 76.99 77.06 76.58 77.06 77.27 77.31 77.26 77.44 77.53 77.59 77.39 77.67 77.73 77.73 77.58 77.69 77.67 77.75 77.80 77.74 77.81 77.75 77.68 77.77 77.79 77.71 77.69 77.71 77.62 77.57 77.60 77.50 77.47 77.42 77.19 77.32 77.27 77.16 77.23 77.19 77.29 77.34 77.31 77.42 77.43 77.38 77.52 77.49 77.40
77.59 77.44 77.44 78.32 77.48 77.53 77.54 77.51 77.48 77.45 77.39 77.27 77.26 77.14 77.10 77.07 76.98 76.93 76.77 76.62 76.38 76.60 76.54 76.48 76.44 76.42 76.34 76.36 76.35 76.29 76.27 76.21 76.19 76.15 76.11 76.07 76.05 76.08 76.07 76.06 76.04 76.09 76.10 76.16 76.26 76.32 76.42 76.47 76.65 76.79 77.00 77.13 77.28 77.45 77.64 77.73 77.84 77.96 78.11 78.14 78.26 78.41 78.54 78.67 78.66 78.69 78.85 78.83 78.81 78.80 78.88 78.83 78.91 78.91 78.94 79.01 78.96 78.89 78.89 78.94 78.93 78.92 78.82 78.76 78.72 78.46 78.53 78.49 78.49 78.46 78.45 78.36 78.24 78.20 78.26 77.97 77.94 77.96 77.92 77.84 77.83 77.75 77.67 77.68 77.69 77.66 77.65 77.67 77.66 77.63 77.70 77.68 77.74 77.68 77.65 77.61 77.60 77.50 77.58 77.49 77.39 77.34 77.32 77.20 77.12 77.05 76.93 76.89 76.85 76.84 76.85 76.91 76.97 76.96 77.04 77.14 77.19 77.18 77.28 77.12 77.36 77.17 77.39 77.48 77.35 77.50 77.49 77.50 77.54 77.55 77.51 77.53 77.63 77.63 77.62 77.57 77.58 77.52 77.57 77.59 77.54 77.47 77.50 77.46 77.31 77.37 77.37 77.38 77.15 77.23 77.26 77.30 77.20 77.35 77.44 77.48 77.44 77.49 77.51 77.53
77.53 77.66 77.54 77.65 77.64 77.60 77.57 77.60 77.35 77.46 77.39 77.39 77.41 77.37 77.54 77.19 77.14 77.08 76.95 77.03 76.97 76.86 76.83 76.80 76.76 76.73 76.60 76.65 76.62 76.59 76.54 76.48 76.47 76.42 76.36 76.30 76.30 76.31 76.27 76.26 76.27 76.33 76.41 76.48 76.58 76.68 76.75 76.87 76.96 77.08 77.20 77.23 77.49 77.72 77.89 78.06 78.22 78.39 78.45 78.48 78.50 78.63 78.69 78.66 78.79 78.83 78.84 78.76 78.82 78.88 78.77 78.79 78.90 78.91 78.91 78.94 78.94 78.88 78.90 78.89 78.92 78.84 78.79 78.48 79.47 81.12 77.83 78.37 78.47 78.38 78.43 78.28 78.31 78.14 78.13 78.05 77.97 77.95 77.95 77.90 77.82 77.82 77.77 77.64 77.75 77.63 77.62 77.67 77.66 77.64 77.72 77.72 77.77 77.68 77.54 77.56 77.69 77.56 77.52 77.60 77.55 77.46 77.42 77.22 77.20 77.01 77.04 76.95 76.92 76.78 76.87 76.84 76.83 76.86 76.94 76.91 76.98 77.01 76.93 77.05 77.14 77.12 77.21 77.23 77.15 77.30 77.28 77.32 77.29 77.32 77.38 77.39 77.40 77.44 77.26 77.46 77.43 77.52 77.49 77.48 77.39 77.37 77.49 77.47 77.36 77.48 77.47 77.28 77.41 77.31 77.44 77.43 77.38 77.40 77.40 77.48 77.37 77.39 77.56 77.25
77.64 77.63 77.70 77.66 77.64 77.76 77.70 77.64 77.69 77.64 77.47 77.51 77.56 77.43 77.46 77.39 77.38 77.33 77.31 77.30 77.12 77.18 77.04 76.98 76.98 76.85 76.97 76.93 76.84 76.81 76.78 76.69 76.70 76.60 76.88 76.50 76.50 76.50 76.47 76.50 76.53 76.59 76.70 76.74 76.82 76.93 77.05 77.20 77.30 77.43 77.59 77.76 77.91 78.09 78.27 78.43 78.61 78.73 78.85 78.96 79.00 78.97 78.88 78.83 78.83 78.83 78.79 78.83 78.90 78.85 78.89 78.89 78.86 78.92 78.92 78.88 78.85 78.75 78.92 78.88 78.85 78.79 78.63 78.58 78.57 78.43 78.40 78.43 78.38 78.42 78.33 78.25 78.24 78.14 78.10 78.01 77.98 77.93 77.89 77.79 77.73 77.79 77.75 77.63 77.66 77.66 77.68 77.62 77.57 77.47 77.54 77.69 77.75 77.68 77.64 77.65 77.53 77.61 77.59 77.57 77.52 77.40 77.44 77.36 77.28 77.21 77.19 77.03 76.94 76.91 76.84 76.75 76.76 76.76 76.67 76.83 76.83 76.86 76.57 76.92 76.97 77.05 77.07 77.01 77.05 77.06 76.90 77.16 77.15 77.18 77.16 77.29 77.26 77.31 77.34 77.33 77.35 77.37 77.38 77.43 77.28 77.31 77.31 77.38 77.36 77.36 77.48 77.48 77.49 77.43 77.49 77.43 77.52 77.50 77.38 77.44 77.46 77.60 77.57 77.61
77.54 77.74 77.76 77.71 77.75 77.76 77.74 77.78 77.65 77.83 77.71 77.70 77.67 77.70 77.53 77.45 77.45 77.56 77.60 77.49 77.51 77.49 77.46 77.42 77.29 77.27 76.92 77.21 77.20 77.03 77.17 76.97 77.00 76.88 76.78 76.71 76.74 76.74 76.76 76.77 76.79 76.92 76.99 77.09 77.17 77.29 77.50 77.67 77.86 77.99 78.07 78.17 78.22 78.35 78.43 78.57 78.65 78.69 78.80 78.83 78.83 78.85 78.83 78.82 78.78 78.82 78.84 78.85 78.80 78.87 78.88 78.85 78.93 78.91 78.78 78.86 78.84 78.77 78.79 78.75 78.69 78.65 78.69 78.60 78.48 78.50 78.35 78.31 78.29 78.24 78.24 78.17 78.08 78.07 78.07 77.88 77.93 77.92 77.87 77.84 77.82 77.81 77.78 77.68 77.70 77.78 77.73 77.68 77.67 77.71 77.48 77.53 77.64 77.63 77.67 77.63 77.57 77.60 77.58 77.47 77.41 77.45 77.40 77.39 77.25 77.22 77.20 77.16 77.10 77.04 76.97 76.87 76.85 76.78 76.70 76.63 76.69 76.79 76.86 76.82 76.85 76.85 76.89 76.89 76.90 76.91 76.95 77.00 77.00 76.98 77.06 77.01 77.08 77.17 77.24 77.28 77.24 77.30 77.47 77.40 77.35 77.34 77.34 77.43 77.43 77.48 77.50 77.56 77.52 77.48 77.47 77.56 77.59 77.63 77.75 77.69 77.64 77.68 77.63 77.58
77.76 77.85 77.91 77.82 77.77 77.85 78.19 77.73 77.84 77.86 77.72 77.79 77.82 77.76 77.87 77.89 77.87 77.80 77.94 77.68 77.58 77.72 77.72 77.66 77.56 77.52 77.43 77.34 77.40 77.25 77.29 77.32 77.34 77.17 77.28 77.29 77.17 77.18 77.20 77.23 77.18 77.35 77.41 77.46 77.58 77.66 77.77 77.94 78.03 78.15 78.25 78.32 78.33 78.30 78.38 78.41 78.44 78.49 78.54 78.54 78.51 78.58 78.59 78.63 78.78 78.70 78.73 78.77 78.87 78.80 78.84 78.80 78.79 78.84 78.77 78.71 78.72 78.75 78.71 78.65 78.60 78.59 78.55 78.48 78.41 78.38 78.33 78.32 78.27 78.16 78.05 77.97 78.03 78.05 77.95 77.94 77.89 77.87 77.85 77.80 77.73 77.68 77.65 77.62 77.69 77.72 77.70 77.64 77.66 77.64 77.71 77.63 77.60 77.61 77.54 77.59 77.52 77.49 77.39 77.47 77.33 77.41 77.38 77.26 77.26 77.24 77.21 77.21 77.14 77.06 77.01 77.02 76.95 76.91 76.82 76.82 76.76 76.71 76.67 76.64 76.58 76.56 76.60 76.64 76.70 76.75 76.83 76.85 76.95 76.92 77.00 76.99 76.99 77.02 77.12 77.08 77.22 77.29 77.35 77.38 77.40 77.32 77.44 77.46 77.49 77.56 77.53 77.56 77.42 77.59 77.59 77.57 77.49 77.63 77.66 77.70 77.80 77.65 77.74 77.72
77.92 78.00 78.01 77.96 77.89 78.05 78.08 78.03 78.03 78.09 78.17 78.06 78.09 77.97 78.21 78.04 78.01 77.98 77.91 77.91 77.96 77.69 77.71 77.79 77.68 77.80 77.68 78.08 77.87 77.76 77.84 77.68 77.61 77.55 77.46 77.54 77.45 77.50 77.54 77.64 77.70 77.76 77.81 77.85 77.94 78.00 78.04 78.09 78.14 78.21 78.30 78.44 78.39 78.40 78.39 78.38 78.33 78.33 78.27 78.34 78.38 78.43 78.48 78.47 78.52 78.60 78.63 78.60 78.60 78.64 78.73 78.78 78.77 78.67 78.74 78.75 78.76 78.67 78.61 78.50 78.52 78.46 78.41 78.36 78.39 78.36 78.31 78.25 78.19 78.18 78.10 77.92 77.93 77.93 77.91 77.79 77.81 77.80 77.76 77.78 77.73 77.73 77.69 77.56 77.65 77.67 77.59 77.56 77.55 77.50 77.57 77.58 77.62 77.60 77.55 77.60 77.61 77.53 77.42 77.36 77.40 77.47 77.43 77.32 77.29 77.25 77.19 77.23 77.12 77.10 77.05 77.00 77.01 76.95 76.96 76.91 76.86 76.81 76.79 76.80 76.82 76.84 76.86 76.86 76.89 76.91 76.93 76.94 76.99 77.01 76.98 77.05 77.05 77.09 77.09 77.09 77.22 77.28 77.31 77.29 77.42 77.41 77.36 77.47 77.55 77.61 77.53 77.61 77.69 77.73 77.25 78.60 77.45 76.44 77.70 77.77 77.91 77.87 77.71 77.83
77.93 78.06 78.00 78.06 78.07 78.20 78.04 78.14 78.17 78.16 78.22 78.13 78.15 78.26 78.15 78.21 78.21 78.01 78.11 78.16 78.10 78.21 78.26 78.35 78.17 77.97 78.00 78.01 77.74 77.83 77.86 77.81 77.95 78.00 78.08 77.89 77.83 77.85 77.75 77.90 77.88 77.93 78.04 78.03 78.03 77.96 78.06 78.12 78.16 78.28 78.34 78.36 78.35 78.37 78.37 78.50 78.35 78.34 78.37 78.39 78.48 78.53 78.58 78.58 78.58 78.55 78.52 78.55 78.60 78.51 78.64 78.64 78.65 78.65 78.62 78.66 78.60 78.59 78.48 78.51 78.42 78.41 78.33 78.48 78.29 78.22 78.16 78.10 78.09 78.09 78.01 77.99 77.94 77.88 77.89 77.85 77.94 77.75 77.71 77.68 77.66 77.66 77.65 77.60 77.62 77.64 77.64 77.60 77.53 77.60 77.56 77.52 77.58 77.57 77.56 77.53 77.50 77.52 77.43 77.43 77.41 77.38 77.31 77.41 77.40 77.36 77.24 77.22 77.21 77.12 77.19 77.14 77.14 77.10 77.01 77.03 76.99 76.98 76.96 76.95 76.93 76.99 76.99 76.87 76.94 76.98 77.03 77.04 76.99 77.00 77.03 77.08 77.11 77.13 77.16 77.17 77.20 77.28 77.33 77.38 77.38 77.46 77.47 77.55 77.58 77.57 77.58 77.62 77.67 77.72 77.73 77.79 77.73 77.98 78.00 78.02 78.03 78.03 77.97 77.89
78.18 78.05 77.80 77.68 77.84 78.15 78.05 77.64 77.67 78.11 78.22 78.23 78.27 78.22 78.21 78.03 77.71 77.76 77.65 78.01 77.79 77.92 78.37 78.67 78.22 78.03 78.01 78.15 78.08 78.06 78.05 78.06 78.11 78.02 77.68 78.00 77.89 77.98 77.95 77.91 78.09 78.06 77.98 77.98 78.07 78.15 78.19 78.23 78.28 78.31 78.33 78.37 78.23 78.44 78.47 78.52 78.55 78.55 78.55 78.55 78.59 77.89 77.93 78.35 78.49 78.46 78.46 78.49 78.41 78.41 78.48 78.50 78.50 78.51 78.46 78.47 78.45 78.46 78.49 78.47 78.41 78.30 78.28 78.24 78.24 78.17 78.04 78.02 78.10 78.05 78.06 78.00 77.92 77.82 77.81 77.84 77.84 77.82 77.78 77.74 77.72 77.72 77.67 77.75 77.66 77.64 77.65 77.63 77.62 77.61 77.60 77.58 77.54 77.47 77.47 77.46 77.51 77.43 77.43 77.33 77.37 77.40 77.41 77.42 77.40 77.41 77.37 77.34 77.30 77.24 77.27 77.20 77.16 77.08 76.80 77.01 77.10 77.11 77.13 77.11 77.05 77.06 77.06 77.05 77.06 77.03 77.09 77.04 77.07 77.02 77.09 77.14 77.13 77.18 77.22 77.25 77.28 77.30 77.27 77.34 77.37 77.44 77.54 77.59 77.61 77.62 77.67 77.75 77.75 77.72 77.80 77.73 77.79 77.87 77.84 78.05 78.16 78.13 78.05 78.12
77.90 77.77 77.78 77.88 77.91 77.87 77.82 77.82 77.86 77.85 77.87 77.71 77.97 77.92 77.96 78.05 78.05 78.09 78.09 78.03 78.01 78.13 78.11 78.15 78.20 78.25 78.16 77.92 77.99 77.87 77.92 77.97 78.01 78.02 77.98 78.05 78.00 78.10 78.09 78.08 78.10 78.13 78.13 78.08 78.02 78.05 78.09 78.13 78.16 78.25 78.33 78.30 78.34 78.38 78.42 78.44 78.40 78.46 78.53 78.53 78.58 78.61 78.60 78.63 78.58 78.58 78.65 78.60 78.50 78.44 78.38 78.34 78.26 78.29 78.30 78.13 78.09 78.13 78.24 78.25 78.14 78.19 78.02 77.53 77.82 78.14 76.96 77.17 77.86 76.53 76.97 77.52 77.19 76.78 77.36 76.61 76.75 77.44 77.17 76.81 76.93 77.03 77.16 77.56 77.60 77.53 77.58 77.59 77.61 77.58 77.57 77.56 77.55 77.53 77.48 77.50 77.47 77.46 77.44 77.23 77.78 77.20 77.38 77.35 77.32 77.36 77.32 77.29 77.29 77.29 77.29 77.29 77.27 77.27 77.26 77.26 77.28 77.27 77.22 77.24 77.21 77.16 77.10 77.11 77.12 77.04 76.95 76.97 77.02 77.08 77.11 77.07 77.16 77.22 77.22 77.30 77.27 77.34 77.32 77.34 77.38 77.46 77.49 77.57 77.59 77.65 77.62 77.61 77.66 77.78 77.77 77.80 77.81 77.86 77.88 77.83 77.82 77.96 77.96 77.93
76.98 77.00 77.03 77.09 77.03 77.04 77.07 77.06 77.07 77.10 77.13 77.16 77.19 77.21 77.25 77.28 77.29 77.32 77.32 77.34 77.36 77.39 77.42 77.46 77.50 77.56 77.65 77.75 77.75 77.82 77.90 77.79 77.80 77.99 77.49 77.48 77.29 77.56 76.96 77.09 77.31 77.42 77.86 77.87 77.89 77.97 78.05 78.01 77.83 77.80 77.32 77.31 77.10 77.29 77.78 77.40 77.32 77.30 77.30 77.42 78.05 77.90 77.99 78.00 78.08 78.15 78.24 77.88 77.70 77.41 77.41 77.42 76.93 77.17 76.96 76.65 76.44 76.63 76.39 76.16 76.12 75.82 75.87 75.69 75.69 75.76 75.51 75.49 75.50 75.40 75.47 75.60 75.31 75.30 75.60 75.38 75.41 75.20 75.20 75.25 75.60 75.71 75.68 75.68 75.71 75.80 75.46 76.29 76.39 77.09 77.04 76.43 76.69 77.33 76.99 77.08 76.79 76.93 77.19 76.62 76.66 76.56 76.64 76.68 76.94 77.28 76.77 76.86 76.86 76.84 76.91 76.88 76.88 76.91 76.93 76.95 77.04 77.15 77.25 77.25 77.26 77.26 77.26 77.23 77.26 77.21 77.22 77.25 77.26 77.32 77.32 77.35 77.36 77.38 77.38 77.36 77.36 77.40 77.41 77.37 77.38 77.40 77.44 77.44 77.44 77.43 77.40 77.37 77.36 77.27 77.18 77.20 77.19 77.17 77.16 77.10 77.05 77.00 76.99 76.98
76.58 76.59 76.60 76.60 76.60 76.60 76.61 76.62 76.64 76.66 76.69 76.72 76.74 76.77 76.79 76.84 76.88 76.89 76.97 76.97 77.01 77.02 77.02 77.02 77.01 76.95 77.10 77.06 77.01 76.42 76.28 76.07 76.34 76.45 76.08 76.28 76.02 76.05 76.06 75.96 75.82 75.95 75.73 75.60 75.62 75.80 75.77 75.72 75.81 75.91 76.10 76.29 76.51 76.58 76.16 76.26 76.06 75.91 75.90 76.05 75.95 76.67 76.62 77.44 77.61 77.80 77.95 78.04 78.01 77.67 77.38 77.03 76.73 76.51 76.40 76.19 76.08 75.95 75.86 75.80 75.74 75.66 75.61 75.57 75.49 75.43 75.39 75.34 75.31 75.30 75.30 75.29 75.27 75.25 75.21 75.18 75.15 75.12 75.11 75.09 75.08 75.05 75.03 75.01 75.00 74.98 74.98 74.97 74.98 75.09 75.24 75.44 75.41 75.49 75.31 75.46 75.67 75.74 75.62 75.51 75.44 75.46 75.72 75.54 75.61 75.48 75.59 75.63 75.53 75.59 75.43 75.47 75.60 75.79 75.71 75.68 75.74 75.58 75.67 75.70 75.85 76.17 76.25 76.39 76.83 76.80 77.10 77.28 77.31 77.27 77.23 77.21 77.22 77.22 77.28 77.30 77.28 77.26 77.19 77.16 77.14 77.12 77.09 77.06 77.03 76.99 76.95 76.91 76.89 76.87 76.83 76.82 76.78 76.75 76.74 76.72 76.68 76.64 76.61 76.60
76.76 76.63 76.76 76.90 76.99 77.22 76.00 75.87 76.10 76.28 75.73 76.06 75.86 75.77 75.88 76.09 75.42 75.23 75.19 75.20 75.21 75.44 75.92 75.64 75.65 75.80 76.14 75.87 75.81 76.04 75.95 75.06 75.14 75.45 75.17 75.06 75.04 75.03 75.04 75.07 75.06 75.17 75.10 75.04 75.07 75.02 74.98 75.00 74.99 75.11 75.11 75.09 75.16 75.35 75.32 75.22 75.24 75.27 75.34 75.41 75.46 75.37 75.52 75.42 75.39 75.39 75.66 75.67 76.03 76.22 76.36 76.64 76.42 76.40 76.36 76.50 76.67 76.85 76.92 76.94 77.01 77.03 76.66 76.30 75.91 75.86 75.92 76.00 76.11 76.35 76.76 76.73 75.50 75.30 75.28 75.36 75.30 75.25 75.14 75.08 75.05 75.12 75.04 75.01 74.98 74.96 74.95 74.93 74.93 74.91 74.91 74.91 74.91 74.92 74.93 74.94 74.95 74.96 74.97 74.96 74.97 74.99 74.99 74.98 74.97 74.97 74.97 74.97 74.98 74.97 74.97 74.97 74.96 74.97 74.99 74.99 75.07 75.06 75.04 75.21 75.01 75.01 75.01 75.34 75.36 75.40 75.52 75.83 75.54 75.33 75.46 75.32 75.63 75.72 75.93 76.15 75.71 75.92 76.09 76.18 76.14 75.90 76.02 76.43 76.28 76.34 76.54 76.93 76.70 77.01 76.77 76.57 76.42 76.27 76.44 76.67 76.82 76.51 76.51 76.53
74.79 74.86 74.83 74.85 74.90 74.87 74.87 74.86 74.76 74.74 74.74 74.75 74.77 74.79 74.76 74.72 74.72 74.73 74.71 74.71 74.72 74.77 74.77 74.66 74.67 74.67 74.69 74.70 74.71 74.72 74.73 74.68 74.65 74.68 74.65 74.61 74.58 74.58 74.57 74.58 74.61 74.60 74.64 74.63 74.61 74.56 74.55 74.54 74.56 74.58 74.58 74.58 74.59 74.60 74.64 74.70 74.71 74.74 74.76 74.76 74.73 74.71 74.70 74.69 74.69 74.68 74.68 74.69 74.70 74.72 74.83 75.07 75.12 75.03 74.99 74.95 75.00 74.95 74.92 74.98 74.90 74.86 74.85 74.85 74.88 74.84 74.87 74.95 74.89 74.93 74.83 74.80 74.83 74.78 74.74 74.74 74.75 74.75 74.78 74.77 74.74 74.70 74.70 74.74 74.74 74.68 74.67 74.65 74.64 74.63 74.63 74.64 74.62 74.63 74.63 74.64 74.65 74.67 74.65 74.73 74.63 74.64 74.66 74.68 74.74 74.78 74.69 74.68 74.71 74.71 74.75 74.70 74.63 74.64 74.64 74.64 74.64 74.66 74.70 74.70 74.70 74.71 74.72 74.71 74.74 74.74 74.75 74.73 74.69 74.65 74.68 74.65 74.70 74.68 74.63 74.63 74.65 74.78 74.73 74.77 74.72 74.83 74.83 74.89 74.88 74.90 74.86 74.84 74.85 74.86 74.85 74.90 74.93 74.91 74.92 74.94 74.91 74.95 74.99 74.87
74.46 74.46 74.46 74.48 74.48 74.43 74.43 74.41 74.40 74.41 74.41 74.40 74.40 74.40 74.40 74.39 74.39 74.39 74.39 74.39 74.38 74.38 74.39 74.39 74.39 74.39 74.38 74.37 74.36 74.35 74.34 74.33 74.33 74.33 74.32 74.32 74.32 74.31 74.31 74.31 74.31 74.31 74.30 74.30 74.30 74.30 74.30 74.30 74.31 74.31 74.31 74.32 74.33 74.34 74.35 74.36 74.37 74.38 74.38 74.38 74.38 74.39 74.39 74.40 74.40 74.41 74.41 74.42 74.42 74.42 74.42 74.42 74.43 74.44 74.44 74.45 74.46 74.46 74.47 74.48 74.47 74.47 74.47 74.48 74.47 74.48 74.48 74.48 74.48 74.48 74.48 74.49 74.50 74.50 74.48 74.47 74.46 74.47 74.51 74.51 74.50 74.47 74.47 74.46 74.45 74.45 74.44 74.44 74.43 74.42 74.42 74.42 74.41 74.41 74.41 74.40 74.40 74.40 74.39 74.39 74.39 74.39 74.39 74.39 74.40 74.39 74.39 74.39 74.38 74.38 74.37 74.37 74.37 74.37 74.36 74.35 74.35 74.34 74.33 74.33 74.33 74.32 74.32 74.32 74.32 74.32 74.33 74.33 74.33 74.33 74.34 74.34 74.35 74.36 74.37 74.38 74.38 74.39 74.39 74.38 74.38 74.38 74.39 74.39 74.38 74.39 74.39 74.39 74.39 74.40 74.41 74.41 74.42 74.42 74.43 74.44 74.45 74.45 74.45 74.46
