Mars Surface Radiation Result (absorbed dose in thin silicon slab) (1E-6 Gy/day).
Column 1 is East longitude (°)
Line 1 is North latitude (°)

-179  -177  -175  -173  -171  -169  -167  -165  -163  -161  -159  -157  -155  -153  -151  -149  -147  -145  -143  -141  -139  -137  -135  -133  -131  -129  -127  -125  -123  -121  -119  -117  -115  -113  -111  -109  -107  -105  -103  -101  -99  -97  -95  -93  -91  -89  -87  -85  -83  -81  -79  -77  -75  -73  -71  -69  -67  -65  -63  -61  -59  -57  -55  -53  -51  -49  -47  -45  -43  -41  -39  -37  -35  -33  -31  -29  -27  -25  -23  -21  -19  -17  -15  -13  -11  -9  -7  -5  -3  -1  1  3  5  7  9  11  13  15  17  19  21  23  25  27  29  31  33  35  37  39  41  43  45  47  49  51  53  55  57  59  61  63  65  67  69  71  73  75  77  79  81  83  85  87  89  91  93  95  97  99  101  103  105  107  109  111  113  115  117  119  121  123  125  127  129  131  133  135  137  139  141  143  145  147  149  151  153  155  157  159  161  163  165  167  169  171  173  175  177  179  
--------------------------------------------------------------------------------------------------
-89°N ||     81.04 81.10 81.17 81.19 81.19 81.18 81.17 81.18 81.21 81.25 81.41 81.46 81.44 81.50 81.71 81.81 81.86 81.94 81.96 81.84 81.77 81.92 81.93 81.88 81.82 81.79 81.73 81.74 81.83 81.79 81.88 81.99 81.94 81.87 81.97 81.91 81.83 81.77 81.68 81.61 81.55 81.48 81.42 81.40 81.38 81.39 81.38 81.40 81.39 81.38 81.36 81.35 81.33 81.32 81.32 81.32 81.25 81.23 81.21 81.21 81.20 81.19 81.20 81.17 81.19 81.22 81.23 81.10 81.05 81.07 81.02 81.01 81.01 81.02 80.97 80.95 80.94 80.93 80.92 80.92 80.91 80.93 80.94 80.92 80.94 80.94 80.94 80.93 80.93 80.93 80.95 80.97 80.97 80.97 80.97 80.98 80.98 80.98 80.98 80.97 80.94 80.94 80.94 80.93 80.95 80.95 80.96 80.97 80.97 80.97 80.98 80.96 80.93 80.96 81.01 81.04 81.02 81.02 81.03 81.05 81.07 81.08 81.09 81.11 81.15 81.18 81.17 81.20 81.22 81.24 81.25 81.26 81.27 81.28 81.29 81.31 81.31 81.31 81.30 81.31 81.27 81.28 81.26 81.23 81.25 81.25 81.24 81.20 81.17 81.14 81.13 81.12 81.11 81.07 81.05 81.03 81.01 80.99 80.98 80.99 80.97 80.96 80.95 80.92 80.91 80.90 80.91 80.93 80.95 80.96 80.99 81.01 81.02 81.03 81.03 81.04 81.03 81.03 81.03 81.04
-87°N ||     82.84 82.95 83.00 83.15 83.11 83.18 83.08 83.05 83.02 82.93 82.92 82.90 82.81 82.71 82.66 82.65 82.67 82.68 82.68 82.63 82.62 82.66 82.78 82.81 82.77 82.71 82.71 82.60 82.66 82.50 82.74 82.76 82.60 82.59 82.59 82.61 82.61 82.59 82.59 82.54 82.48 82.54 82.51 82.49 82.46 82.45 82.46 82.40 82.36 82.31 82.18 82.34 82.15 81.90 81.94 81.88 81.77 81.66 81.60 81.58 81.76 81.29 81.39 81.15 81.08 81.07 81.01 80.97 80.95 80.93 80.90 80.89 80.95 80.94 80.67 80.62 80.55 80.46 80.43 80.61 80.31 80.13 80.13 80.04 80.01 80.02 80.05 80.08 80.11 80.13 80.16 80.15 80.14 80.11 80.11 80.54 80.44 80.62 80.44 80.63 80.61 80.62 80.72 80.74 80.78 80.87 80.93 81.08 81.17 81.22 81.06 81.05 81.09 81.11 81.14 81.13 81.18 81.21 81.29 81.30 81.37 81.43 81.43 81.48 81.55 81.53 81.54 81.61 81.68 81.66 81.72 81.73 81.75 81.81 81.94 82.06 82.14 82.28 82.21 82.03 81.89 81.85 81.83 81.82 81.79 81.81 81.74 81.47 81.43 81.41 81.42 81.43 81.48 81.47 81.45 81.45 81.50 81.60 81.69 81.67 81.74 81.79 81.87 81.89 82.00 82.08 82.20 82.28 82.45 82.51 82.71 82.73 82.75 82.73 82.78 82.62 82.31 82.42 82.81 83.03
-85°N ||     82.22 82.26 82.31 82.32 82.33 82.32 82.33 82.36 82.36 82.34 82.33 82.33 82.36 82.45 82.39 82.32 82.33 82.45 82.43 82.43 82.42 82.43 82.45 82.45 82.43 82.42 82.45 82.55 82.61 82.75 83.08 83.11 83.08 83.08 83.12 82.99 83.21 83.12 83.04 82.96 83.17 83.45 83.41 83.44 83.24 83.21 83.11 83.01 82.92 82.83 82.86 82.75 82.74 82.72 82.97 83.06 82.78 82.62 82.66 83.00 82.85 81.97 81.87 81.91 82.03 82.11 81.94 82.03 82.01 81.63 81.81 81.73 81.45 81.38 81.44 81.18 81.50 81.76 82.06 81.73 81.57 81.50 81.58 81.59 81.69 81.55 81.48 81.36 81.35 81.47 81.35 81.36 81.46 81.41 81.41 81.43 81.46 81.50 81.50 81.57 81.53 81.66 81.98 82.27 82.19 82.14 82.10 82.11 82.07 82.13 82.22 82.28 82.32 82.38 82.15 82.20 82.31 82.34 82.28 82.20 82.19 82.23 82.26 82.36 82.47 82.55 82.55 82.48 82.48 82.42 82.36 82.32 82.28 82.28 82.30 82.38 82.93 83.99 84.33 84.11 83.55 83.29 83.19 83.25 82.82 82.60 82.49 82.36 82.41 82.49 82.37 82.40 82.46 82.61 82.77 82.81 82.82 82.83 82.78 82.76 82.74 82.58 82.44 82.35 82.31 82.40 82.48 82.58 82.73 82.90 82.64 82.70 82.69 82.66 82.57 82.48 82.40 82.37 82.25 82.20
-83°N ||     82.36 82.39 82.41 82.43 82.43 82.43 82.44 82.45 82.46 82.48 82.50 82.52 82.55 82.56 82.55 82.56 82.58 82.61 82.64 82.66 82.69 82.71 82.74 82.78 82.82 82.88 82.92 82.98 83.09 83.21 83.12 82.95 82.91 82.83 82.93 83.06 83.06 83.03 83.09 83.13 82.88 82.90 82.94 82.96 82.99 83.03 83.00 83.48 83.58 83.65 83.56 83.57 83.51 83.52 83.55 83.51 83.46 83.74 83.79 83.75 83.30 83.64 83.55 83.43 83.73 83.43 83.44 83.42 83.81 83.50 83.80 84.06 84.24 84.26 84.13 83.98 84.00 83.98 83.99 84.10 84.09 84.06 83.91 83.95 83.96 83.88 83.83 83.82 83.88 83.87 83.62 83.62 83.71 84.03 83.64 83.57 83.49 83.44 83.45 83.30 83.50 82.98 83.14 82.87 83.26 83.50 83.55 83.30 83.19 83.23 83.29 83.42 83.64 83.70 83.77 83.72 83.34 83.36 83.32 83.32 83.26 83.23 82.92 82.84 82.91 82.98 82.98 82.84 82.83 82.97 82.90 82.90 83.06 83.06 83.25 83.78 84.48 84.40 84.42 84.39 84.42 83.37 83.30 83.36 83.34 83.48 83.45 83.38 83.35 83.35 83.30 83.18 83.08 83.04 82.98 82.81 82.72 82.75 83.03 83.36 83.85 84.16 83.75 83.24 82.52 82.52 82.21 82.14 82.11 82.01 82.04 82.26 82.84 82.91 82.65 82.43 82.33 82.29 82.31 82.34
-81°N ||     82.67 82.73 82.73 82.87 82.60 82.67 82.71 82.76 82.81 82.87 82.92 82.99 83.15 83.18 82.96 82.92 82.93 82.96 83.04 83.12 83.17 83.21 83.23 83.26 83.30 83.35 83.41 83.43 83.45 83.47 83.51 83.65 83.61 83.63 83.73 83.68 83.48 83.52 83.49 83.51 83.70 83.56 83.26 83.32 83.16 83.04 83.11 83.28 83.32 83.20 83.36 83.25 83.47 84.27 83.92 84.14 84.43 84.01 84.40 84.28 83.97 84.10 84.18 84.14 84.12 84.06 84.10 84.12 84.06 83.98 84.09 83.95 83.78 83.82 83.85 83.86 83.80 83.80 83.80 83.85 84.23 83.77 83.61 83.57 83.55 83.58 83.57 83.59 83.57 83.57 83.56 83.59 83.49 83.33 83.15 82.86 82.20 81.48 82.33 82.44 82.93 83.26 83.20 83.31 83.60 83.79 83.92 84.14 84.11 84.00 83.79 84.08 84.18 84.28 84.26 84.33 84.35 84.42 84.41 84.41 84.39 84.42 84.36 84.30 84.28 84.31 83.96 84.00 84.07 84.14 84.19 84.38 84.43 84.51 84.53 84.50 84.46 83.86 83.02 82.80 82.77 82.76 82.77 82.98 83.08 83.13 83.08 83.25 83.36 83.44 83.57 83.66 83.77 83.56 83.66 83.86 84.00 83.66 83.52 83.55 84.01 83.83 83.62 83.63 83.75 83.68 84.12 83.51 82.74 82.34 82.28 82.43 82.65 82.96 83.29 82.62 82.74 82.74 82.52 82.58
-79°N ||     82.95 82.99 83.00 83.11 83.08 83.03 83.03 83.07 83.09 83.29 83.14 83.23 83.28 83.30 83.38 83.44 83.27 83.41 83.19 83.51 83.44 83.47 83.43 83.87 84.27 83.30 83.72 84.15 83.96 84.05 83.99 83.99 83.96 83.97 84.02 84.04 84.04 84.02 83.92 83.89 83.90 83.67 84.25 84.36 83.47 83.68 83.68 83.54 83.49 83.73 83.92 83.70 84.31 84.13 84.17 84.39 84.63 83.52 84.11 83.59 84.31 84.11 83.53 83.96 83.95 84.22 84.24 84.18 84.16 84.13 84.10 84.13 84.12 84.13 84.10 84.07 84.10 84.14 84.12 83.94 84.04 84.19 83.93 83.90 83.93 84.14 83.82 84.00 83.85 83.88 83.95 83.85 83.83 83.57 82.79 82.81 82.39 82.87 83.40 83.67 83.58 83.83 83.87 83.93 83.98 84.18 84.01 84.14 83.91 84.16 83.74 84.03 83.87 83.87 83.52 83.41 84.10 84.24 84.48 84.51 84.55 84.53 84.55 84.53 84.57 84.54 84.51 84.55 84.53 84.56 84.51 84.49 84.56 84.54 84.54 84.54 84.59 84.59 84.54 84.53 84.54 84.58 84.29 83.95 84.17 83.66 83.21 83.24 83.26 83.15 83.20 83.31 83.70 84.70 84.58 83.76 83.55 84.10 82.97 83.04 83.68 83.10 82.79 82.63 82.54 82.65 82.55 83.01 82.80 82.75 82.74 82.81 82.95 82.66 82.57 82.69 82.80 82.90 82.89 82.89
-77°N ||     83.69 83.39 83.32 83.28 83.19 83.47 83.42 83.77 83.71 83.73 83.67 83.67 84.00 83.83 83.79 83.81 83.85 83.81 83.98 83.88 83.85 83.88 83.83 83.91 83.85 83.98 84.15 84.21 84.05 84.15 84.12 84.15 84.16 84.16 84.16 84.17 84.12 84.14 84.12 84.12 84.11 84.13 84.07 83.94 83.88 83.68 83.18 83.84 83.09 83.37 84.11 83.95 83.76 83.19 83.32 83.56 83.76 83.73 83.84 83.79 84.06 84.25 84.09 84.16 84.31 84.32 84.29 84.32 84.32 84.30 84.28 84.29 84.25 84.27 84.25 84.24 84.21 84.11 83.93 83.98 83.92 83.79 83.73 83.60 83.84 84.03 83.91 83.94 83.75 83.88 83.91 83.88 83.57 83.44 83.32 83.15 82.65 82.24 83.39 84.39 84.70 84.82 84.82 83.83 84.06 83.91 83.95 84.13 83.88 84.19 83.94 83.90 83.87 84.27 84.58 84.42 83.92 83.77 83.34 83.08 82.96 82.54 82.37 82.98 83.59 84.10 84.37 84.34 84.23 84.03 83.47 84.02 84.16 83.56 84.12 84.31 84.58 84.51 84.30 84.20 83.91 83.88 83.59 84.05 84.65 84.63 84.52 84.44 83.80 83.83 83.89 83.11 83.79 84.09 84.10 83.32 83.00 83.12 82.92 82.99 83.08 82.90 82.88 83.13 82.99 82.93 83.09 83.22 83.28 83.25 83.13 83.21 83.42 83.08 83.09 83.16 83.37 83.53 83.61 83.42
-75°N ||     83.84 83.92 83.68 83.82 83.64 83.65 83.76 84.33 83.95 83.82 84.60 84.79 83.91 84.10 84.14 84.24 84.05 84.15 84.15 83.99 83.99 84.18 84.18 84.31 84.18 84.25 84.28 84.30 84.28 84.24 84.25 84.23 84.28 84.26 83.87 84.20 84.19 84.16 84.14 84.13 84.08 84.04 84.05 84.06 84.09 84.13 84.06 83.99 83.83 83.74 83.86 83.40 83.22 83.53 83.99 84.06 84.00 84.29 84.40 84.42 84.44 84.43 84.39 84.35 84.32 84.31 84.28 84.08 84.23 84.15 84.07 83.97 83.96 83.84 83.81 83.86 83.75 83.89 83.76 83.81 83.89 83.93 84.02 83.87 84.19 83.98 83.99 84.13 83.97 83.99 83.94 83.68 83.57 83.86 83.99 83.99 83.98 83.98 84.04 83.92 83.78 83.89 83.91 83.83 84.08 84.11 84.12 83.97 83.96 83.87 83.81 83.68 83.28 83.49 83.67 83.11 83.48 83.31 83.07 83.22 82.94 82.84 83.54 83.92 83.83 83.72 84.69 83.38 83.52 83.51 83.62 84.05 83.94 83.81 83.75 83.59 83.93 83.02 82.71 82.34 82.21 82.73 84.70 84.59 84.71 83.68 84.30 83.72 84.45 84.69 84.57 84.50 84.43 84.44 84.55 83.66 82.71 82.71 82.69 82.70 82.68 82.84 83.50 83.38 83.55 82.95 83.00 83.18 83.24 83.20 83.25 83.22 83.22 83.44 83.44 83.53 83.67 83.63 83.68 83.73
-73°N ||     84.73 83.76 84.32 84.30 84.21 83.93 84.54 84.29 84.31 84.27 83.84 83.49 84.34 83.88 84.20 84.35 84.30 84.28 84.21 84.08 83.92 83.59 84.51 83.39 83.63 84.39 84.18 84.15 84.17 84.22 84.25 84.25 84.32 84.02 83.95 83.64 83.84 84.17 84.07 84.13 84.12 84.15 84.06 84.11 84.14 84.14 84.15 83.94 84.43 85.11 85.11 85.20 85.16 83.90 84.36 84.36 84.50 84.52 84.53 84.54 84.55 84.53 84.49 84.41 84.43 84.07 84.20 84.36 84.38 84.39 84.37 84.16 83.98 84.12 84.02 83.92 83.85 83.97 84.20 83.89 83.90 83.90 83.93 84.22 84.07 84.29 84.40 84.36 84.26 84.32 84.04 84.02 83.69 84.05 84.03 84.13 84.28 84.30 84.29 84.26 84.29 84.31 84.39 84.33 84.24 84.16 84.31 83.91 83.86 83.72 83.25 82.90 83.18 83.66 84.07 83.77 83.94 83.81 83.90 83.52 83.65 83.23 83.00 82.96 83.35 83.36 83.64 83.60 83.82 83.79 83.78 83.91 83.97 84.09 84.21 84.24 84.25 84.37 84.11 83.80 84.12 82.71 82.79 83.44 83.56 83.63 83.72 83.95 84.48 84.30 84.11 83.24 83.98 84.42 84.68 84.81 84.36 83.46 82.59 83.03 82.78 83.10 83.61 83.65 82.98 83.27 83.70 83.84 83.68 84.01 84.66 84.46 84.10 83.96 83.97 83.93 84.10 83.92 83.97 84.65
-71°N ||     84.56 84.58 84.64 84.68 84.72 84.84 84.94 84.87 84.88 84.90 84.91 84.37 83.83 83.60 83.03 83.02 83.67 83.80 84.67 83.94 83.98 83.85 83.67 83.76 85.19 84.25 84.27 84.28 84.16 83.96 84.06 83.97 83.95 84.12 84.03 83.99 83.91 84.20 84.06 84.09 84.20 84.04 84.16 84.07 84.13 84.17 83.92 83.76 83.83 84.56 85.08 84.95 85.19 83.65 84.44 84.54 84.57 84.61 84.54 84.56 84.62 84.36 84.26 84.36 84.45 84.49 84.52 84.36 84.37 83.53 83.85 84.07 83.94 84.12 83.85 84.06 83.96 83.57 83.41 83.31 83.20 84.09 84.04 84.01 84.17 84.19 84.31 84.13 84.36 84.22 84.64 84.56 84.23 84.32 84.32 84.20 84.15 83.55 84.10 84.34 84.45 84.23 84.28 84.28 84.24 84.27 84.00 83.20 83.55 83.82 83.81 83.89 83.90 84.06 84.07 83.97 84.20 84.01 84.12 84.18 84.09 84.27 84.28 84.10 84.20 83.93 83.26 83.43 84.54 84.57 83.71 83.97 83.85 82.77 83.67 83.87 83.97 83.52 83.24 83.56 83.82 83.30 84.05 84.21 84.43 84.45 84.43 84.18 84.20 84.34 84.58 84.49 84.67 84.49 85.08 85.20 85.15 84.90 84.60 84.42 84.64 84.50 84.32 84.61 84.76 84.70 84.70 84.57 84.46 84.81 84.47 84.72 84.64 84.67 84.23 84.23 84.28 84.37 84.06 84.49
-69°N ||     84.00 84.07 84.37 84.56 84.18 85.24 85.12 84.87 84.98 84.95 84.92 84.76 84.28 84.39 84.04 84.17 83.17 83.36 83.70 84.14 84.45 84.25 83.98 83.84 83.77 84.31 84.13 84.27 83.94 84.42 83.64 83.73 83.63 83.86 83.88 83.95 84.17 84.17 84.27 84.28 84.34 84.28 84.25 84.30 84.31 84.75 84.14 84.41 84.42 84.39 84.41 84.50 84.50 84.59 84.60 84.53 84.55 84.55 84.38 84.37 84.20 84.54 84.50 84.63 84.52 84.33 83.75 83.72 83.72 83.72 83.73 83.91 83.90 84.09 84.19 84.43 84.30 83.85 83.35 83.63 83.78 84.19 84.17 83.81 83.79 83.56 83.63 83.58 83.83 84.09 84.11 84.23 83.37 84.28 84.36 84.31 84.45 84.45 84.43 84.46 84.43 84.42 84.49 84.41 84.20 83.90 83.22 84.27 84.43 84.33 84.17 84.00 84.09 83.99 84.11 83.64 83.56 84.06 84.40 84.55 84.69 84.56 84.58 84.64 84.62 84.54 84.17 83.74 83.43 83.55 84.08 84.05 84.06 84.05 84.82 83.85 82.77 83.13 83.24 83.40 83.57 83.53 83.15 83.26 83.73 84.14 84.25 84.03 84.44 84.52 84.51 84.58 84.16 82.52 84.47 85.05 84.93 83.08 85.05 84.98 84.93 84.77 84.73 84.66 84.44 84.20 83.98 84.04 83.37 83.12 84.03 84.54 84.52 84.37 84.23 84.05 83.92 83.83 84.09 84.12
-67°N ||     85.07 83.93 83.74 84.36 84.37 84.43 84.43 84.87 84.87 84.95 84.97 84.96 84.84 84.74 84.46 84.23 83.98 83.59 83.54 83.30 83.29 83.01 83.32 83.33 83.65 83.59 83.48 83.43 83.88 83.27 83.29 83.32 83.77 84.98 83.69 83.86 83.84 84.42 84.16 84.21 84.31 84.30 84.26 84.28 84.29 84.33 84.29 84.38 84.38 84.33 84.35 84.43 84.46 84.46 84.39 84.51 84.62 84.50 84.57 84.49 84.01 84.33 84.52 84.52 84.33 84.16 85.49 85.45 85.07 83.62 83.88 84.02 84.05 84.21 84.34 84.03 83.77 83.30 83.35 83.02 83.36 83.44 83.83 83.81 84.08 83.97 84.06 84.08 84.07 84.07 84.11 84.26 84.19 84.32 84.28 84.40 84.30 84.27 84.29 84.16 84.19 83.58 83.42 83.45 83.11 83.62 84.68 85.01 84.92 84.60 84.55 84.21 84.26 83.96 84.10 83.98 84.29 84.39 84.60 84.61 84.57 84.55 84.59 84.56 84.48 84.66 84.62 84.72 84.72 84.40 83.87 83.36 83.90 84.08 83.42 83.27 83.16 82.82 83.34 82.68 82.92 83.25 83.24 84.03 83.81 83.76 83.34 83.64 84.04 84.31 84.55 84.63 84.43 84.57 84.67 84.71 84.74 84.69 84.45 84.57 84.53 84.60 84.46 84.27 84.48 84.42 84.42 84.40 84.34 83.99 84.54 84.35 84.31 84.15 83.70 84.13 83.45 83.43 83.58 84.09
-65°N ||     83.99 83.67 83.41 83.79 83.81 84.51 84.57 84.88 84.82 84.86 84.84 84.92 84.92 84.92 84.85 84.72 84.62 84.57 84.50 84.25 83.82 83.69 83.74 83.54 83.84 83.75 83.46 84.10 84.01 83.56 83.38 83.66 83.45 83.65 83.81 83.90 83.91 83.96 83.99 84.18 84.21 84.29 84.32 84.32 84.39 84.42 84.39 84.38 84.39 84.38 84.29 84.21 84.12 84.19 84.29 84.41 84.41 84.42 84.32 83.53 84.42 84.55 84.68 84.82 84.28 84.55 84.51 84.47 83.97 83.90 84.14 84.08 84.14 84.26 84.44 84.33 83.91 83.75 83.40 83.09 83.15 83.48 84.27 83.83 83.98 84.01 84.00 83.94 83.72 84.06 84.06 84.10 84.06 84.22 84.05 84.24 84.46 84.32 84.11 84.19 83.99 84.04 83.94 83.86 83.52 83.81 83.64 83.83 83.89 83.81 83.80 83.69 83.78 84.24 84.49 84.86 84.81 84.67 84.52 84.43 84.42 84.57 84.69 84.64 84.73 84.67 84.62 84.65 84.64 84.78 84.02 84.00 83.96 83.86 85.01 83.46 83.43 83.53 83.92 82.96 82.93 82.96 83.39 83.43 83.48 83.11 83.00 84.05 83.82 83.55 84.24 84.14 84.06 84.50 84.48 83.22 83.76 83.92 84.40 84.13 83.60 83.76 84.40 84.10 84.30 84.54 84.41 84.46 84.41 84.37 84.08 84.01 83.86 83.32 84.15 84.31 83.92 83.78 83.49 83.45
-63°N ||     83.93 83.91 84.20 83.68 83.44 83.82 84.28 84.36 84.58 84.52 84.73 84.61 84.86 84.76 84.77 84.64 84.69 84.71 84.65 84.26 83.80 83.77 83.52 83.62 83.53 83.66 83.67 83.52 83.48 83.56 83.50 83.63 83.84 83.85 83.81 83.62 83.46 83.77 84.11 83.87 84.25 83.98 83.81 84.15 84.20 84.17 84.00 84.26 84.19 84.16 83.99 84.04 84.22 84.52 84.22 83.64 84.05 84.58 84.45 84.49 84.43 84.40 84.51 84.68 84.96 84.75 84.13 84.79 84.02 84.49 84.26 84.07 84.12 84.02 84.12 84.53 84.64 84.52 84.47 84.15 84.00 83.66 83.77 83.77 83.80 83.86 83.98 83.98 83.99 83.96 83.94 83.96 84.07 84.02 84.07 83.89 84.01 84.07 83.93 84.17 84.20 83.95 84.03 84.22 84.12 83.92 83.77 83.57 83.60 83.40 83.83 83.92 84.19 84.64 84.95 84.99 85.00 84.82 84.67 84.61 84.57 84.53 84.57 84.58 84.75 84.79 84.69 84.65 84.67 84.71 84.57 84.08 83.98 84.21 83.87 83.50 83.30 83.45 83.29 82.58 84.12 83.14 83.69 83.60 83.58 83.32 83.22 83.09 82.90 83.20 83.50 83.85 83.72 83.82 84.12 84.40 84.59 84.60 84.37 84.27 83.84 83.90 84.07 84.08 84.00 83.28 83.21 83.51 83.92 84.15 84.25 84.30 84.14 84.37 84.34 83.58 83.99 84.09 84.06 84.25
-61°N ||     84.47 83.68 83.35 83.85 84.11 84.28 84.26 83.71 83.80 83.98 83.60 83.81 84.27 83.79 85.14 83.85 84.18 84.12 84.57 84.31 84.23 84.18 84.19 83.64 83.49 83.32 84.20 83.94 83.48 83.58 83.98 84.25 84.27 84.17 84.14 83.89 83.57 83.75 83.68 83.67 84.05 83.44 83.82 84.10 83.85 83.01 84.30 84.44 84.48 84.43 84.40 84.52 84.49 84.17 83.78 84.63 84.64 84.45 84.65 84.62 84.55 84.39 84.48 84.53 84.74 85.00 84.77 84.24 84.86 84.88 84.72 84.47 83.69 84.38 84.57 84.12 84.05 84.13 84.03 83.81 83.07 83.09 83.71 83.95 83.75 83.70 83.60 83.85 83.97 83.94 84.00 83.94 83.97 84.12 84.04 84.09 84.05 83.90 84.02 84.13 84.19 84.08 84.02 84.03 83.57 84.07 84.00 84.03 84.06 84.16 84.25 84.31 84.39 84.53 84.73 84.77 84.38 84.33 84.38 84.20 85.17 84.76 84.24 84.44 84.58 84.63 84.78 84.84 84.58 84.79 85.05 84.85 83.03 84.69 84.57 84.39 83.48 83.64 83.62 83.95 83.29 83.24 83.18 83.26 83.32 83.24 83.26 83.08 83.29 83.20 83.40 83.38 83.46 83.57 83.62 84.45 84.89 84.83 84.81 84.69 84.54 84.33 84.14 83.96 83.92 83.64 83.30 83.49 83.57 82.74 83.39 84.00 84.12 83.90 83.07 83.39 83.58 84.31 84.35 84.33
-59°N ||     84.49 84.08 83.92 84.16 84.18 84.04 83.03 83.60 83.76 83.57 83.98 83.59 83.78 83.12 83.94 84.28 84.04 84.15 83.89 84.12 84.24 84.25 83.99 83.87 83.18 83.54 83.70 83.76 84.10 83.55 83.74 84.29 84.36 84.09 84.32 84.11 83.67 83.25 83.14 83.28 83.53 84.02 84.29 84.27 84.21 83.94 84.37 84.50 84.65 84.64 84.65 84.65 84.68 84.70 84.47 84.31 84.41 84.26 84.52 84.62 84.35 84.08 84.71 84.59 83.99 84.93 83.96 84.51 84.78 83.51 83.84 84.52 85.07 84.28 84.74 84.16 84.19 83.93 83.75 83.78 83.31 83.41 83.67 83.48 83.54 83.90 83.76 83.73 84.05 83.06 83.81 84.01 84.08 84.00 84.37 83.85 83.79 83.82 84.63 83.77 83.71 84.06 83.94 83.97 84.04 84.09 84.08 84.04 84.03 84.30 84.38 84.54 84.60 84.61 84.48 84.18 84.21 84.30 84.02 83.68 83.71 83.73 84.28 84.59 84.88 84.96 85.02 84.95 85.02 85.14 84.95 84.92 84.71 84.57 84.63 84.42 84.03 83.17 82.75 83.00 84.55 84.41 82.78 82.80 83.87 83.05 83.15 82.65 83.14 83.45 83.07 83.13 83.56 84.09 84.31 84.48 84.62 84.57 84.64 84.63 84.60 84.53 84.42 84.28 83.94 83.68 83.41 83.36 83.53 83.37 84.16 82.89 83.50 83.68 83.45 83.97 84.17 84.03 84.25 84.37
-57°N ||     84.31 84.34 84.47 84.67 84.33 83.36 83.68 83.55 83.22 83.27 83.35 84.61 83.32 83.44 83.14 83.20 83.72 84.08 83.71 83.59 84.52 83.61 83.64 83.62 83.04 83.55 83.76 83.75 83.72 83.09 82.68 84.25 84.06 84.13 84.10 83.88 84.00 83.52 83.37 83.42 83.27 83.74 83.94 84.06 84.14 83.92 83.57 83.53 84.22 84.61 84.63 84.68 84.55 84.52 84.33 83.82 83.66 83.67 83.48 83.37 83.91 85.03 84.23 83.73 84.85 85.15 85.00 84.23 85.67 82.58 85.29 84.25 83.80 84.34 84.00 84.73 84.93 84.69 84.41 84.99 85.02 84.30 83.72 83.79 83.98 83.76 83.81 83.61 83.57 83.83 83.90 83.98 83.75 83.51 83.52 83.48 83.49 83.57 83.91 83.57 83.37 83.49 83.48 83.55 83.55 84.04 84.09 84.24 84.38 84.50 84.60 84.71 84.81 84.88 84.79 84.59 84.68 84.69 84.80 84.60 84.53 84.68 84.98 85.20 85.34 85.33 85.35 85.34 85.34 85.47 85.15 85.06 84.90 85.03 84.95 84.88 84.82 84.45 83.07 83.88 84.57 84.81 83.21 83.35 83.76 83.61 83.33 83.15 83.13 83.43 83.79 83.93 84.03 83.83 84.19 84.01 84.40 83.97 83.34 83.53 84.43 84.51 84.44 84.19 83.85 83.61 83.42 83.41 83.50 83.42 83.18 83.08 83.46 83.53 84.27 83.52 83.54 83.64 83.87 84.26
-55°N ||     84.34 84.37 84.46 84.51 84.04 83.99 83.92 83.60 83.46 83.84 83.81 83.72 83.60 83.70 83.44 83.61 84.02 83.93 83.92 83.85 83.42 82.87 82.87 84.42 82.84 83.54 83.81 83.82 83.81 83.59 83.41 84.10 84.08 83.97 84.11 83.81 83.59 83.38 83.06 82.97 83.07 82.99 82.95 83.13 83.75 83.51 83.39 83.70 84.15 84.37 84.57 84.59 84.59 84.20 83.89 83.13 83.41 83.05 83.33 84.72 83.80 85.13 85.28 84.87 83.95 85.83 85.79 85.87 85.77 85.77 85.77 85.37 83.66 84.05 84.92 84.37 84.16 84.76 84.62 84.54 84.13 83.89 83.99 83.97 83.90 83.78 83.79 83.58 83.67 83.44 83.66 83.82 84.01 83.75 83.83 84.18 84.73 83.84 83.81 83.89 83.87 83.81 83.35 83.50 83.38 83.60 84.19 84.28 84.47 84.63 84.76 84.86 85.01 85.13 85.13 85.24 85.31 85.38 85.41 85.57 85.72 85.80 85.83 85.89 85.99 85.82 85.72 85.70 85.94 85.54 85.37 85.29 85.18 85.00 85.12 85.05 83.99 84.56 84.44 84.17 84.01 83.86 83.93 83.95 83.07 83.40 83.51 83.51 83.78 84.04 84.31 84.31 84.83 84.54 83.96 84.11 84.28 83.27 83.42 84.49 84.27 84.09 83.93 83.95 83.63 83.51 83.65 83.81 84.01 83.83 83.80 83.32 83.91 83.61 83.45 83.54 83.75 84.07 84.10 84.29
-53°N ||     84.38 84.06 84.12 84.59 84.75 83.50 84.11 84.21 84.20 84.03 84.14 83.72 83.56 83.86 83.86 83.85 83.62 83.92 83.82 83.89 83.78 83.21 82.93 83.85 83.48 83.72 84.58 83.69 83.86 83.71 83.98 83.88 83.88 84.09 83.93 83.91 83.87 83.20 82.94 82.90 82.81 82.94 83.35 83.54 83.73 83.86 84.00 83.97 84.64 85.11 83.70 83.76 84.00 83.80 83.90 84.33 84.17 83.57 83.48 84.25 83.82 85.21 85.28 85.37 86.10 85.94 85.81 85.81 85.83 85.83 85.82 85.74 85.50 85.25 84.60 84.45 84.66 84.89 84.30 84.48 84.61 84.48 84.36 84.21 84.02 84.71 84.16 83.82 83.93 83.97 83.72 83.67 83.58 83.96 83.51 83.39 83.66 83.74 83.82 83.72 83.85 83.94 83.58 82.99 84.02 83.84 84.01 84.28 84.40 84.49 84.84 84.98 85.18 85.33 85.40 85.53 85.75 85.85 86.21 86.78 87.27 87.68 87.87 87.94 87.98 87.54 87.38 87.45 87.46 87.34 86.52 85.57 85.57 85.70 85.10 85.23 85.25 85.04 84.22 84.21 84.32 83.93 83.99 83.69 83.82 84.37 83.72 83.71 83.78 83.59 83.83 84.13 84.42 84.56 84.99 84.31 84.21 83.06 84.51 84.22 84.34 84.36 84.35 84.07 83.85 83.79 83.53 83.82 83.34 83.81 83.98 83.45 83.00 83.00 83.49 83.99 84.06 84.15 84.33 84.38
-51°N ||     84.29 84.15 83.87 83.93 84.41 84.27 84.19 83.54 84.35 83.94 83.65 83.88 83.75 83.96 83.83 83.74 83.82 83.25 83.69 83.75 83.57 83.25 82.86 82.70 82.44 83.49 83.21 83.54 83.80 83.81 83.71 83.88 83.63 83.54 83.71 83.47 83.49 83.38 83.13 82.48 82.46 82.33 82.66 83.54 83.72 83.89 83.98 83.68 84.69 85.00 83.60 83.58 83.18 82.94 83.82 84.63 84.79 84.76 83.99 83.48 83.46 83.66 85.31 85.75 85.93 85.78 85.90 85.83 85.83 85.82 85.82 85.87 85.51 85.54 85.63 85.83 84.67 84.71 84.42 84.44 84.56 84.48 84.15 83.98 83.79 84.26 83.64 83.73 83.94 83.91 83.88 83.93 84.03 84.10 83.86 83.53 83.64 83.72 83.78 83.46 83.95 83.71 83.46 83.84 83.74 83.89 84.17 84.41 84.60 84.65 85.06 85.18 85.24 85.46 85.62 85.87 86.24 86.85 87.50 88.27 88.55 88.95 89.11 89.32 89.31 89.33 89.14 89.15 89.01 88.80 89.14 88.54 86.29 86.19 85.69 85.36 84.88 83.89 83.22 84.57 84.29 83.77 84.55 83.70 83.23 83.45 83.74 84.22 84.00 84.07 84.37 84.39 84.28 84.19 83.68 84.19 84.23 84.35 84.28 84.30 84.24 83.85 83.96 84.27 84.23 84.05 83.61 84.21 83.88 84.16 83.85 83.52 83.89 83.39 83.49 83.75 83.87 84.08 84.15 84.27
-49°N ||     83.53 83.74 83.62 83.96 84.59 84.75 84.85 84.18 84.19 83.36 83.75 83.36 83.35 83.22 83.48 83.32 83.26 83.30 82.67 82.89 83.16 83.39 82.74 82.61 83.17 82.98 83.30 83.78 83.76 83.76 83.59 83.80 83.50 82.46 82.44 82.59 82.85 82.85 82.89 82.46 82.31 82.38 82.53 83.27 83.58 83.75 83.78 83.78 83.72 83.62 83.46 83.18 82.78 82.61 82.85 83.24 84.16 84.23 83.66 83.48 84.95 85.15 85.27 85.44 85.80 86.06 85.87 85.88 85.84 85.94 85.94 85.78 85.62 84.89 85.18 84.48 84.46 84.72 84.38 84.48 84.49 84.42 84.20 83.91 83.93 83.56 83.68 84.82 84.27 83.93 83.75 83.89 84.37 84.38 83.93 83.71 83.20 84.08 83.50 83.50 83.47 83.49 83.73 84.04 84.12 83.83 83.79 84.43 84.60 84.85 84.60 85.05 85.42 85.68 86.21 86.85 87.52 87.96 88.60 89.01 89.64 90.04 89.65 89.62 88.71 89.24 89.34 89.45 89.32 89.28 89.31 89.32 89.07 88.52 87.08 86.14 85.31 84.80 85.05 84.69 84.87 84.34 83.50 83.96 84.10 83.30 83.87 83.67 84.10 84.21 83.64 84.05 84.03 83.99 83.87 84.24 84.06 83.89 83.60 83.62 82.59 83.28 83.93 83.80 83.53 84.00 84.32 84.56 84.04 84.54 84.45 84.21 84.17 83.76 83.40 83.05 83.22 83.42 83.73 83.87
-47°N ||     83.34 83.77 83.55 83.51 84.10 84.57 83.99 83.55 83.99 83.63 83.36 83.46 82.60 83.76 82.77 82.97 82.27 82.47 83.14 82.95 83.37 82.83 83.14 83.41 83.38 83.76 83.22 83.53 83.69 83.66 83.67 83.67 83.72 83.01 82.84 82.96 83.21 83.25 83.24 82.98 82.61 82.51 82.82 82.93 82.81 83.37 83.38 83.46 83.28 83.32 83.02 82.87 82.56 82.57 82.51 82.82 83.11 83.09 83.57 83.98 83.15 84.70 84.38 85.22 85.22 85.91 86.05 86.02 85.97 86.03 85.99 85.85 85.72 84.98 85.19 85.15 84.48 84.42 84.24 83.78 84.35 84.15 84.06 84.02 83.73 83.78 83.56 83.78 84.06 83.96 84.05 84.06 84.50 84.02 83.82 83.21 83.49 83.37 83.66 84.15 83.51 83.19 83.41 83.71 84.46 84.48 84.13 84.40 84.75 84.70 84.58 84.86 85.31 85.48 87.47 88.70 89.15 89.89 90.31 89.60 89.17 89.44 89.80 89.70 89.29 88.99 88.78 89.17 89.35 89.25 89.27 89.07 89.09 88.99 88.43 87.37 86.36 85.53 85.22 85.06 84.97 84.86 84.38 83.98 84.47 84.45 83.96 84.27 84.21 84.20 84.21 83.69 83.54 83.87 83.51 83.76 83.81 83.30 82.98 83.59 84.25 84.35 83.53 83.45 83.90 84.36 84.24 84.40 84.56 84.47 84.42 84.36 83.62 83.64 83.38 83.86 83.57 83.44 83.77 83.65
-45°N ||     83.78 83.85 83.71 83.76 83.99 83.95 84.05 84.08 84.18 83.45 83.22 83.71 83.25 83.07 83.15 83.15 84.00 83.09 83.43 83.54 83.33 83.59 84.12 83.23 83.56 83.78 83.62 83.50 83.51 83.47 83.34 83.43 83.36 83.17 83.18 83.14 83.17 83.19 83.28 83.29 82.99 82.90 83.07 82.99 82.96 83.15 83.15 82.96 82.80 82.64 82.57 82.56 82.52 82.11 81.95 82.95 83.33 83.46 83.82 84.08 84.38 84.35 84.71 84.84 84.82 85.58 85.78 86.78 86.61 86.22 86.09 85.93 85.48 85.30 85.11 85.24 84.32 84.27 84.24 84.98 83.92 84.11 83.85 83.81 83.75 83.66 83.65 84.10 84.08 83.99 83.88 83.96 84.15 83.94 83.75 83.85 83.52 83.54 83.50 84.15 82.79 83.38 83.56 83.64 84.19 83.64 84.17 84.39 84.59 84.62 84.72 84.66 85.32 86.22 88.76 89.25 90.21 90.32 89.71 90.09 89.88 90.13 89.96 89.95 89.72 90.09 90.22 89.29 89.15 89.62 89.25 89.15 89.14 89.01 88.41 88.06 86.85 85.75 85.35 85.18 84.97 85.07 83.36 84.48 84.50 84.25 84.35 84.08 83.92 84.24 83.94 83.74 83.99 83.72 83.79 83.47 83.27 83.34 82.88 82.23 83.31 83.14 83.62 84.38 84.48 84.39 83.92 84.51 84.04 84.10 84.36 84.27 83.61 83.65 83.72 82.95 83.00 83.53 83.70 83.62
-43°N ||     84.27 83.55 84.37 84.02 84.25 83.93 84.03 84.00 83.78 83.56 83.21 83.27 83.09 82.91 83.22 83.25 83.60 83.67 83.54 83.51 83.05 83.27 83.45 83.46 83.19 83.51 83.60 83.60 82.99 83.26 83.13 83.37 83.41 82.99 83.07 83.06 83.09 83.18 83.35 83.43 82.89 82.67 81.76 81.82 82.57 82.93 82.79 82.58 82.61 82.37 82.27 82.29 82.21 82.30 82.35 83.02 83.12 83.28 83.39 83.75 83.75 83.85 84.27 83.83 85.08 84.99 85.41 85.50 85.59 85.65 85.56 85.54 85.11 85.31 85.19 84.45 84.34 84.50 84.37 84.47 84.25 85.26 83.84 84.02 83.87 83.87 83.73 84.13 84.09 83.86 83.78 83.93 83.99 83.90 83.87 83.65 83.85 83.63 83.93 83.49 83.43 83.54 83.40 83.04 83.11 83.44 84.07 84.71 84.29 84.49 84.59 84.69 85.44 87.22 89.09 89.96 89.94 89.66 89.89 90.26 90.03 90.02 89.75 90.09 90.02 89.34 89.51 89.43 89.69 89.42 89.23 89.19 88.98 88.64 87.62 87.49 86.89 85.93 85.34 85.34 85.18 85.22 84.97 84.90 84.70 84.53 84.33 84.15 84.15 84.70 84.37 84.23 84.16 83.81 83.76 83.48 83.21 83.19 83.26 83.29 83.08 83.18 83.82 84.52 84.67 84.63 84.46 84.36 84.02 84.21 84.19 84.32 83.10 83.81 83.85 84.48 83.55 83.77 84.05 84.00
-41°N ||     84.42 84.34 84.36 84.67 84.50 83.85 83.94 83.85 84.39 84.70 85.20 85.06 84.02 83.29 83.53 83.42 83.00 83.25 82.97 83.30 82.97 83.49 83.44 83.43 83.25 82.47 82.96 83.13 83.35 82.92 82.80 83.04 82.87 82.88 82.66 82.94 83.00 83.16 83.19 81.28 80.99 80.83 79.19 78.95 79.03 81.15 81.15 81.16 81.86 82.19 81.94 82.29 82.06 82.24 82.21 82.28 82.38 82.85 83.66 83.52 83.21 82.71 83.96 84.52 84.49 84.97 84.96 85.18 85.43 85.47 85.42 85.13 85.31 84.82 84.86 84.85 84.67 85.35 84.60 84.21 84.40 84.28 83.97 83.98 83.81 83.82 83.93 84.19 84.19 84.05 83.81 84.00 83.74 83.79 83.89 83.44 83.29 83.75 83.70 83.59 83.29 83.37 82.94 82.73 84.18 83.53 83.89 84.38 84.41 84.43 84.63 84.86 85.42 87.27 88.74 89.99 89.98 89.30 90.11 90.14 90.12 89.93 90.19 90.33 89.91 89.34 89.68 89.77 89.54 89.70 89.45 89.16 88.43 87.81 87.51 87.22 86.55 85.85 85.60 85.36 85.47 84.77 84.58 84.80 83.91 84.01 84.35 84.43 84.48 84.43 84.34 84.33 84.33 83.75 83.62 83.56 83.33 83.72 83.67 83.46 83.40 83.35 83.92 84.27 84.40 84.29 84.37 84.30 83.62 84.03 84.04 83.36 83.27 83.94 83.87 83.95 84.00 84.19 84.36 84.05
-39°N ||     84.28 84.40 84.13 83.78 84.56 83.75 84.17 84.04 83.37 83.77 84.86 84.85 83.59 83.29 83.84 83.57 83.81 83.37 83.60 83.67 83.82 83.13 83.84 83.83 83.57 83.57 83.36 83.10 83.24 83.12 83.00 81.27 82.28 82.66 82.66 82.82 82.95 82.92 82.24 82.10 81.56 80.39 80.08 80.17 80.52 80.64 80.55 80.79 80.25 81.26 81.93 81.96 82.00 82.11 82.26 82.30 82.52 82.83 82.92 83.39 83.41 83.56 83.15 83.37 84.07 83.56 84.58 85.34 85.26 85.22 85.25 85.24 84.94 84.80 84.91 84.81 84.74 84.56 84.42 84.43 84.37 84.38 84.23 84.06 84.02 83.80 84.12 84.36 84.07 84.01 84.21 84.25 84.17 83.76 83.95 83.61 83.62 83.58 83.55 83.94 83.33 83.51 83.17 83.29 83.21 83.17 83.84 84.24 84.46 84.50 84.50 85.01 85.47 86.35 88.53 90.09 90.35 90.21 89.75 90.04 90.34 90.19 90.30 90.34 90.03 89.68 90.05 89.78 89.91 89.53 89.25 88.69 87.97 87.59 87.05 86.72 86.48 86.17 85.56 85.13 85.03 84.53 84.50 84.40 84.38 84.56 84.66 84.51 83.84 84.38 84.43 84.51 84.28 84.11 83.77 84.01 83.77 83.50 84.03 83.88 83.60 83.48 83.50 83.70 84.02 84.14 84.52 84.36 84.09 84.06 84.18 84.00 84.32 84.22 84.25 83.98 84.11 84.32 84.46 84.57
-37°N ||     84.58 84.41 84.41 84.06 84.97 84.72 84.35 83.59 83.11 82.52 82.25 83.12 83.01 83.82 84.19 84.16 84.16 84.16 84.01 83.92 83.90 83.88 83.57 83.76 83.45 83.10 83.18 82.74 82.63 83.12 83.01 82.16 82.30 81.74 82.40 81.56 82.10 80.34 80.46 82.05 80.31 79.59 80.80 80.83 80.75 80.71 80.91 81.56 81.00 80.98 80.79 81.36 81.92 82.38 82.40 82.52 82.44 82.97 83.09 82.94 82.93 83.64 83.63 83.97 84.38 84.35 84.73 84.88 83.64 85.05 84.77 84.84 84.89 84.97 84.86 84.72 84.62 84.60 84.61 84.41 84.20 84.06 83.79 84.95 84.09 83.89 83.90 83.81 84.28 84.01 84.13 84.26 84.22 84.02 83.60 83.87 83.54 83.47 83.85 83.81 83.26 83.24 83.11 83.28 83.46 83.44 84.73 83.91 84.37 84.56 84.62 84.71 85.09 86.14 87.28 89.66 90.39 90.69 90.99 90.09 90.16 90.19 89.72 90.31 89.81 89.90 89.70 89.81 89.76 89.64 89.44 88.38 87.47 87.10 86.62 86.34 85.90 85.59 85.37 85.17 84.64 84.71 84.27 84.28 84.14 84.26 84.52 84.53 84.50 84.38 84.53 84.39 84.31 84.25 84.10 84.13 84.32 84.14 84.04 83.40 83.71 83.66 83.25 83.22 83.87 84.04 84.50 84.12 84.16 84.29 84.43 84.40 84.38 84.36 84.18 84.02 84.60 84.71 84.60 84.91
-35°N ||     84.57 84.98 84.42 83.77 84.32 83.73 83.63 83.80 83.21 82.52 82.39 83.15 83.80 83.96 84.12 84.04 84.16 82.84 83.94 83.89 83.82 83.63 83.62 83.44 82.97 83.19 83.02 82.89 82.39 82.52 82.23 82.10 82.19 81.92 82.05 82.20 81.55 80.23 80.33 80.29 79.79 80.76 81.42 81.33 81.04 81.29 81.12 81.20 81.45 81.50 81.34 80.56 81.29 82.26 82.58 82.78 82.78 82.81 82.84 82.94 83.12 83.29 83.28 84.25 84.21 83.68 83.91 84.27 84.20 84.84 84.76 84.88 84.68 84.42 84.53 84.66 84.66 84.64 84.80 84.55 84.24 83.96 84.14 83.98 84.06 83.76 83.67 83.79 83.91 83.99 84.02 84.19 84.11 83.71 83.73 83.71 83.93 84.15 83.54 83.41 83.45 82.92 83.05 83.41 83.58 83.54 83.61 83.97 84.47 84.36 84.34 84.50 84.80 85.01 85.87 87.28 90.05 90.43 90.80 90.87 90.13 90.10 90.73 90.71 89.75 89.86 89.80 89.67 89.75 89.56 88.73 86.98 86.37 86.32 86.08 85.83 85.94 85.57 85.54 85.50 84.83 84.55 83.82 84.25 84.03 84.16 84.29 84.36 84.48 84.55 84.42 84.23 83.65 83.67 83.74 84.02 83.74 83.55 83.86 84.06 83.84 83.54 83.93 84.12 83.96 83.96 83.82 84.05 84.02 83.61 84.47 84.53 84.28 84.23 84.38 84.45 84.88 84.75 84.45 83.91
-33°N ||     84.64 84.72 83.78 83.63 83.80 83.01 83.37 82.54 82.56 83.08 83.03 83.26 83.87 84.01 84.29 83.95 84.18 84.21 83.89 83.90 83.22 83.65 83.58 83.55 83.26 83.01 83.01 82.83 82.62 82.35 82.19 81.44 81.79 81.58 81.27 81.44 80.82 79.92 79.78 79.15 79.40 80.79 81.60 81.24 81.91 81.33 82.15 82.23 82.00 82.04 81.49 80.64 79.90 81.42 82.25 82.77 82.75 82.83 82.87 82.87 83.23 83.62 83.51 84.22 84.29 84.35 84.32 84.31 84.25 84.10 84.29 84.71 84.66 84.42 84.74 84.43 84.79 84.59 84.55 84.63 84.44 84.26 84.44 84.14 84.08 83.96 83.90 83.79 83.80 83.88 83.91 83.62 83.82 83.98 83.77 83.89 83.68 83.91 83.64 83.16 83.32 83.16 82.93 83.14 83.39 83.50 83.51 83.45 84.06 84.33 84.20 84.15 83.97 84.28 84.82 85.71 88.10 89.51 90.17 90.59 90.57 90.89 89.90 89.69 89.92 89.91 89.64 89.60 88.70 87.70 87.17 86.17 85.70 85.65 85.62 85.61 85.78 85.65 85.43 85.38 85.10 84.57 84.25 84.15 84.00 83.95 84.10 84.07 84.17 84.30 84.27 84.03 83.90 83.71 83.22 83.12 83.23 83.18 83.80 83.42 83.74 83.99 83.56 83.82 83.70 83.64 83.99 84.12 84.32 83.96 84.13 84.53 83.88 84.33 84.35 84.49 84.61 84.44 84.17 84.15
-31°N ||     84.59 83.98 83.85 83.77 83.18 83.24 82.76 83.15 83.27 83.13 83.30 83.33 83.69 83.95 84.20 84.19 84.20 83.78 83.64 83.91 83.54 83.59 83.52 83.44 83.25 83.19 82.99 82.80 82.50 82.20 81.93 81.77 81.71 81.16 81.01 81.51 80.73 79.73 79.87 79.13 80.05 80.82 81.19 81.74 81.96 82.17 82.20 82.40 82.40 82.52 81.67 80.64 81.01 81.12 81.26 81.23 82.47 82.99 82.98 83.28 83.65 83.99 84.20 84.25 84.39 84.35 84.41 84.52 84.45 84.41 84.48 85.08 84.43 84.23 84.38 84.38 84.45 84.54 84.69 84.67 84.72 84.63 84.44 84.44 84.32 83.99 83.74 83.61 83.78 83.82 83.81 83.88 83.64 83.84 83.90 83.81 83.87 83.76 83.72 83.34 83.31 83.75 83.46 83.29 83.55 83.71 83.79 83.53 84.08 84.29 84.49 84.15 84.48 84.40 85.00 85.00 85.66 86.06 86.48 89.05 89.80 90.35 89.48 89.77 89.59 89.71 89.30 88.75 86.53 85.71 86.20 85.93 85.55 85.54 85.50 85.30 85.27 85.42 85.39 85.21 85.14 84.27 84.31 84.06 84.16 83.78 83.91 83.89 83.91 83.99 84.10 83.91 83.72 83.73 83.40 83.32 83.90 83.13 82.97 82.80 83.83 84.13 84.45 83.93 84.10 84.24 84.36 84.29 84.32 84.20 84.08 84.31 84.01 84.26 84.25 84.09 84.25 84.38 84.35 84.30
-29°N ||     84.59 83.98 82.78 83.77 83.18 83.02 83.50 83.09 83.39 83.21 83.21 83.42 83.93 84.11 84.20 84.16 84.13 83.17 84.00 83.97 83.78 83.53 83.52 83.40 83.32 83.16 83.00 82.71 82.40 82.13 81.87 81.56 81.36 81.31 81.26 80.54 80.57 80.12 78.84 77.99 79.95 80.96 81.36 81.66 81.98 82.25 82.43 82.56 82.66 82.66 82.63 82.51 81.88 81.89 81.81 81.15 81.43 81.90 82.95 83.23 83.71 84.26 84.37 84.34 84.61 84.38 84.25 84.35 84.54 84.51 84.64 84.86 84.64 84.34 84.53 84.75 84.58 84.55 84.83 84.78 84.74 84.75 84.56 84.65 84.16 84.13 83.99 83.78 83.67 83.82 83.89 83.91 84.01 83.94 83.91 83.83 83.86 83.44 83.77 83.44 83.88 83.93 83.66 83.67 83.90 84.01 84.08 83.99 83.49 84.22 83.98 84.44 84.56 84.65 84.11 84.34 85.22 85.13 85.54 85.55 86.01 85.97 86.91 88.52 87.51 87.74 86.57 86.98 85.69 85.47 85.32 85.12 85.33 85.43 85.32 85.09 85.19 85.17 85.12 84.74 84.69 84.44 84.21 84.08 84.04 83.90 83.88 83.94 83.94 83.98 84.02 83.83 83.81 83.40 83.60 83.21 82.76 82.99 83.68 82.74 83.64 84.04 84.19 83.77 84.23 83.51 84.19 84.36 84.15 84.04 84.21 84.10 83.92 84.03 84.09 84.27 84.13 84.26 84.38 84.52
-27°N ||     84.32 83.95 83.90 83.84 83.30 83.17 83.69 82.88 83.28 83.59 83.50 83.85 83.80 83.94 84.23 84.03 84.24 83.50 84.00 83.48 83.51 83.52 83.41 83.38 83.19 83.08 82.94 82.81 82.37 82.06 81.73 81.42 81.04 81.05 80.88 81.04 81.23 79.94 79.68 78.21 80.18 80.99 81.35 81.74 82.07 82.34 82.55 82.69 82.78 82.93 82.93 83.00 82.78 82.22 82.22 82.32 82.60 82.58 82.51 82.51 82.31 83.76 84.41 84.44 84.40 84.43 84.51 84.66 84.49 84.40 84.43 84.89 84.96 85.12 84.79 84.51 84.75 84.76 84.93 84.92 84.90 84.89 84.81 84.60 84.50 84.27 84.32 84.34 83.99 83.88 83.82 84.00 84.01 83.63 83.77 83.89 83.90 83.64 83.63 83.62 83.88 84.08 83.61 83.88 84.06 83.95 84.21 83.64 83.27 83.53 84.11 84.14 84.39 84.22 84.18 84.26 84.26 85.17 85.12 85.26 85.35 85.35 85.52 85.56 85.60 85.76 86.10 85.78 85.69 85.44 85.15 85.29 85.32 85.20 84.91 85.05 83.36 85.10 85.08 83.81 84.29 83.99 83.91 83.91 83.94 83.95 83.95 83.97 83.88 83.85 83.83 83.60 83.16 83.06 82.93 83.20 83.75 82.85 82.93 83.53 83.21 83.63 84.06 84.05 84.42 83.65 84.26 84.06 84.25 84.38 84.32 84.18 83.81 83.61 83.65 84.00 84.01 84.06 84.39 84.43
-25°N ||     84.43 83.80 84.12 83.87 83.80 83.74 83.87 84.18 83.68 83.98 83.81 84.34 84.33 84.26 84.35 84.16 84.21 83.84 83.51 83.92 83.59 83.44 83.39 83.26 83.13 82.93 82.78 82.62 82.26 81.82 81.49 81.20 80.94 80.76 80.70 80.06 80.43 80.77 79.67 80.00 80.42 80.94 81.41 81.76 81.98 82.24 82.41 82.64 82.79 82.82 83.00 83.06 82.80 82.45 81.64 82.31 82.61 82.76 82.77 82.64 81.98 83.14 84.21 84.27 84.38 84.40 84.40 83.95 84.15 84.28 84.34 84.37 84.78 85.25 85.38 84.89 85.00 85.06 85.20 85.01 85.01 84.94 85.14 84.86 85.02 84.52 84.58 84.59 84.55 83.98 84.27 84.14 84.35 83.58 83.96 83.92 83.92 83.52 83.21 83.85 83.88 83.77 83.84 83.88 83.74 83.39 83.81 83.19 83.00 83.34 83.62 83.72 84.07 83.93 84.38 84.77 84.47 84.95 85.11 85.23 85.32 85.24 85.18 85.49 85.29 85.63 85.52 85.18 85.09 84.95 85.08 84.88 84.85 85.03 84.86 84.23 84.14 84.42 83.63 84.04 83.91 83.73 83.59 83.64 83.74 83.81 84.08 83.86 83.81 83.70 83.65 83.46 83.12 82.75 82.89 83.14 83.50 83.09 82.61 83.01 82.91 83.30 83.69 84.08 83.77 83.81 84.22 83.81 84.10 84.26 84.25 83.90 83.61 84.14 84.18 84.01 84.12 84.46 84.67 84.39
-23°N ||     84.40 84.39 83.92 83.92 83.84 83.93 84.12 84.27 84.39 84.46 84.44 84.40 84.56 84.63 84.38 84.51 83.31 83.61 84.00 83.63 83.62 83.36 83.35 83.25 83.07 82.80 82.58 82.25 81.88 81.52 81.18 80.81 80.61 80.50 80.55 80.48 79.71 80.07 79.62 79.89 80.37 80.92 81.26 81.52 81.77 81.99 82.23 82.46 82.71 82.86 83.13 83.12 83.12 82.80 82.11 82.28 82.58 82.60 82.57 82.24 81.62 83.34 84.09 84.15 83.90 84.08 84.30 83.99 84.31 84.29 84.14 84.53 84.65 85.07 85.19 85.30 84.96 85.07 84.99 85.12 85.12 85.06 85.08 85.25 84.98 84.72 84.80 84.88 84.76 83.83 84.36 84.17 84.40 84.43 84.44 84.01 83.92 84.84 83.84 83.47 83.63 83.43 83.23 83.09 83.36 83.75 83.05 83.00 82.72 83.28 83.52 83.94 83.84 83.52 83.49 83.74 84.25 84.46 84.68 84.85 85.15 84.97 85.16 85.30 85.31 85.49 85.27 84.97 84.96 84.84 84.54 84.59 84.72 84.81 84.13 83.64 83.05 83.22 83.58 83.86 83.66 83.49 83.20 83.34 83.64 83.74 83.81 83.90 83.66 83.61 83.55 83.48 83.66 83.53 83.59 83.09 83.54 83.11 82.76 83.07 82.71 83.47 83.68 83.91 83.92 84.08 84.01 84.15 84.08 84.58 84.11 84.85 84.10 84.17 84.24 84.18 84.03 84.56 84.82 84.40
-21°N ||     84.22 84.30 83.94 83.94 83.91 83.92 84.21 84.77 84.53 84.45 84.33 84.38 84.47 84.32 84.43 84.52 84.19 83.86 83.89 83.68 83.51 83.33 83.28 83.12 82.94 82.73 82.35 81.90 81.40 80.99 80.69 80.35 80.14 80.11 80.24 79.78 79.95 79.29 79.44 79.92 80.29 80.70 80.95 81.21 81.50 81.71 82.02 82.25 82.49 82.70 82.85 83.04 83.09 82.74 82.30 82.57 82.21 82.48 82.19 81.87 81.95 82.28 83.99 83.97 84.05 83.94 84.25 84.35 84.31 84.34 84.45 84.44 84.63 84.84 85.22 85.40 85.20 85.11 85.21 85.24 85.19 85.15 85.11 85.25 85.17 85.26 84.91 84.92 84.77 84.45 84.31 84.43 84.56 84.59 84.24 84.12 83.96 83.65 83.60 83.75 83.84 83.92 83.03 83.36 83.60 83.50 83.71 82.83 82.74 83.16 83.58 83.23 83.68 83.67 83.74 83.98 84.09 84.45 84.52 84.85 84.97 85.08 84.78 85.19 85.01 84.92 84.94 84.19 84.54 84.55 84.44 84.30 84.66 84.16 83.78 83.54 82.52 82.65 83.42 83.30 83.50 83.49 83.17 82.87 83.68 83.79 83.81 83.85 83.85 83.64 83.41 83.18 82.92 83.20 83.88 83.21 83.37 83.31 82.85 83.50 83.38 83.54 83.42 83.42 83.96 84.09 84.30 84.12 83.89 84.56 84.68 84.42 84.47 84.69 84.60 84.18 83.85 84.31 84.31 84.10
-19°N ||     83.57 83.84 83.84 83.68 84.01 84.24 84.53 85.05 85.02 84.75 84.63 84.40 84.49 84.47 84.62 84.45 84.24 84.16 83.74 83.68 83.51 83.29 83.14 82.89 82.72 82.46 82.10 81.44 80.64 80.21 79.93 79.79 79.66 79.77 79.98 78.52 79.66 79.19 79.33 79.62 79.80 80.16 80.45 80.73 81.07 81.41 81.75 82.01 82.31 82.52 82.66 82.77 82.92 82.87 82.49 82.11 82.09 82.08 82.20 82.10 81.77 83.04 83.79 83.74 83.93 84.09 84.40 84.43 84.48 84.32 84.44 84.61 84.84 85.13 85.50 85.52 85.48 85.14 85.26 85.29 85.41 85.25 85.18 85.16 85.32 85.34 85.07 84.86 84.87 84.92 84.76 84.62 84.65 84.56 84.21 84.29 83.96 83.87 84.07 83.42 83.76 83.84 83.22 83.56 83.16 83.48 82.83 82.66 83.14 83.16 82.99 83.34 83.32 83.51 83.63 83.79 83.82 83.78 83.84 84.63 84.79 84.80 84.87 84.87 84.70 84.70 84.34 84.35 84.42 84.33 84.27 83.83 83.67 83.90 83.63 83.35 82.92 82.78 83.17 83.36 83.62 83.66 83.86 83.85 83.73 83.77 83.80 83.82 83.71 83.61 83.79 83.30 82.98 83.07 83.45 83.58 83.47 83.65 83.19 83.56 83.66 83.48 83.38 83.31 83.81 83.83 83.73 83.68 84.28 84.62 84.84 84.95 85.01 85.16 84.94 84.97 84.86 84.64 84.68 83.63
-17°N ||     83.63 83.61 83.73 84.06 84.08 84.29 84.85 84.96 84.95 84.88 84.76 84.54 84.59 84.07 84.57 84.89 84.36 84.34 84.00 83.64 83.49 83.29 82.93 82.64 82.43 82.15 81.68 80.64 79.77 79.23 79.14 79.21 79.38 79.53 79.23 78.64 79.02 79.22 79.09 78.99 79.11 79.51 79.90 80.19 80.67 81.06 81.42 81.70 82.02 82.30 82.43 82.64 82.66 82.75 82.42 82.07 81.59 81.62 82.12 82.00 81.78 83.18 83.76 83.26 83.66 85.45 86.02 85.33 84.41 84.54 84.19 84.56 84.80 85.03 85.51 85.49 85.51 85.15 85.32 85.21 85.32 85.28 85.29 85.28 85.31 85.27 85.16 85.15 85.09 84.95 84.66 84.69 84.70 84.57 84.39 84.36 84.03 84.08 83.76 84.33 83.88 83.64 83.26 83.25 83.23 83.16 83.27 82.80 83.27 83.24 83.39 83.23 83.04 83.03 83.33 83.39 83.55 84.10 84.17 83.75 84.20 84.11 84.28 84.31 84.24 84.59 84.51 84.50 84.41 84.30 83.81 83.88 82.94 83.26 83.38 83.23 82.71 82.72 83.22 83.45 83.72 83.76 83.88 83.97 83.80 83.77 83.74 83.69 83.65 83.43 83.56 83.47 83.16 83.26 83.14 83.21 83.46 83.66 83.47 83.94 83.67 83.63 83.43 83.25 84.13 83.31 83.60 83.83 84.32 84.81 84.94 85.08 85.09 85.20 85.28 85.04 85.06 84.86 85.03 84.53
-15°N ||     84.75 83.64 84.42 84.19 84.48 84.64 85.22 85.16 84.85 84.91 84.90 84.58 84.42 84.46 84.60 84.87 83.65 84.40 84.59 83.76 83.55 83.25 82.97 82.66 82.28 81.79 80.97 79.62 78.23 77.80 78.24 78.79 78.96 79.22 79.36 79.30 79.48 79.51 78.87 78.55 78.53 79.10 79.45 79.78 80.27 80.82 81.20 81.49 81.70 81.86 81.89 82.28 82.48 82.49 82.20 82.09 81.72 82.63 81.97 82.78 83.14 85.25 85.81 86.07 86.34 86.13 85.82 86.31 86.28 84.66 84.57 84.97 84.92 85.01 85.39 85.38 85.47 85.37 85.29 85.26 85.29 85.30 85.27 85.36 85.27 85.23 85.24 85.14 85.07 85.01 85.05 84.90 84.80 84.54 84.41 84.42 84.32 84.13 83.67 84.10 83.52 83.61 83.48 83.15 83.26 83.00 83.13 83.10 82.96 83.04 83.42 82.98 82.81 82.80 82.88 82.57 83.40 84.09 84.11 84.14 83.74 84.14 84.12 84.03 84.25 84.42 84.37 84.56 84.10 83.79 83.61 82.83 82.75 82.79 83.05 82.92 82.70 82.86 82.92 83.32 83.61 83.82 83.79 83.82 83.92 83.83 83.65 83.73 83.46 83.60 83.45 83.64 83.09 82.82 83.68 83.84 83.25 83.81 83.87 83.65 83.70 83.60 83.28 83.49 83.89 84.01 83.90 83.93 84.17 84.98 85.15 85.48 85.35 85.29 85.03 85.37 85.16 85.48 84.50 84.62
-13°N ||     84.87 84.80 84.57 84.32 84.51 84.83 85.10 85.29 85.20 85.27 85.11 84.80 84.70 84.82 84.80 84.86 84.47 84.43 84.30 83.98 83.69 83.32 83.01 82.66 82.17 81.55 80.61 78.72 76.52 76.04 77.27 78.35 78.69 78.79 78.87 79.53 79.31 79.27 78.71 78.46 78.51 79.69 79.00 79.49 80.01 80.51 81.00 81.30 81.53 81.70 81.76 82.47 81.93 83.08 85.62 85.22 85.21 83.52 86.26 86.59 85.25 83.26 83.18 83.41 85.45 85.72 85.37 85.39 84.09 86.04 84.74 84.85 85.03 85.15 85.21 85.37 85.34 85.47 85.55 85.34 85.32 85.32 85.31 85.30 85.20 85.23 85.30 85.19 85.07 85.21 85.11 85.05 84.91 84.71 84.93 84.59 84.43 84.21 84.07 84.07 84.02 83.76 83.41 83.22 83.03 83.45 83.07 83.05 82.93 82.86 82.89 83.04 82.66 83.01 82.91 83.12 83.14 83.85 84.01 83.88 83.94 84.14 84.03 84.02 83.77 84.17 84.24 84.26 84.08 83.90 83.00 82.77 82.49 82.95 82.85 83.04 82.67 82.83 83.44 83.47 83.91 83.82 83.94 83.87 83.93 83.87 83.55 83.40 83.35 83.41 83.37 83.18 83.52 83.12 83.89 83.87 83.43 83.43 83.75 83.86 83.61 83.70 83.37 83.25 83.55 84.36 84.40 84.54 84.82 85.19 85.32 85.42 85.45 85.42 85.39 85.46 85.51 85.41 85.50 85.40
-11°N ||     85.49 85.33 85.52 85.53 85.00 84.99 85.15 85.32 85.21 85.21 85.13 85.08 85.11 84.85 85.00 84.91 84.84 84.59 84.43 84.14 83.80 83.53 83.07 82.66 82.04 81.44 80.57 78.92 76.59 74.67 75.69 78.33 78.59 78.60 78.52 79.15 79.09 78.81 78.37 78.15 78.61 78.95 78.91 79.43 79.86 80.29 80.97 81.17 81.37 81.60 81.50 82.16 85.05 85.46 86.83 86.87 83.90 81.02 80.84 81.87 82.52 82.72 82.99 83.21 83.65 83.55 83.74 84.84 84.32 84.50 86.32 85.18 86.32 85.43 85.28 85.59 85.57 85.44 85.52 85.54 85.36 85.36 85.38 85.33 85.35 85.31 85.41 85.26 85.30 85.18 85.18 85.27 84.95 84.83 84.66 84.66 84.68 84.37 83.31 83.67 84.07 84.13 83.67 83.44 83.34 83.03 83.00 83.08 82.87 82.91 83.31 83.02 83.10 82.84 83.07 83.20 83.13 83.35 83.69 83.50 83.63 83.86 83.82 83.74 83.46 84.14 84.09 84.30 84.10 84.07 83.82 83.10 82.59 82.79 82.74 83.23 82.92 83.33 83.65 83.68 84.05 83.98 83.85 83.94 83.96 83.94 83.83 83.87 83.63 83.61 83.46 83.14 82.79 83.23 83.17 83.41 83.78 83.87 83.64 84.02 83.80 84.24 84.45 84.17 84.35 85.15 84.49 84.81 84.98 85.28 85.37 85.39 85.52 85.48 85.55 85.59 85.59 85.33 85.41 85.26
-9°N ||     85.13 85.26 85.23 85.40 85.53 85.12 85.34 85.22 85.34 85.39 85.20 85.27 85.14 85.08 85.08 84.94 84.93 84.74 84.59 84.26 84.02 83.61 83.27 82.78 82.25 81.58 80.79 80.01 76.96 73.37 73.36 77.29 78.46 78.47 78.55 78.44 78.86 78.65 78.69 78.39 78.53 79.15 80.78 82.35 81.28 80.35 80.92 81.50 81.45 81.85 84.95 85.72 85.68 86.64 85.29 81.50 80.64 82.42 81.26 82.46 82.71 82.85 83.46 83.39 83.82 83.99 85.02 84.37 85.64 84.65 86.39 86.38 86.62 85.98 85.80 85.61 85.37 85.47 85.49 85.76 85.54 85.35 85.41 85.43 85.40 85.40 85.49 85.30 85.31 85.30 85.39 85.09 85.08 85.03 84.83 84.61 84.67 84.48 83.95 83.86 84.12 83.89 83.57 83.72 83.68 83.29 83.03 83.37 84.36 84.65 83.13 83.40 83.25 83.34 83.30 83.16 83.18 83.26 83.50 83.55 83.54 83.36 83.55 83.38 83.35 83.47 83.73 84.05 84.10 84.10 83.80 83.43 82.63 83.38 83.38 82.86 83.64 83.86 83.34 83.75 84.05 84.09 84.23 84.06 84.07 83.89 83.81 84.16 84.07 83.71 83.02 83.22 82.80 83.49 83.87 83.74 83.94 84.29 83.95 84.11 84.52 85.15 85.33 85.04 85.01 85.33 85.31 85.23 85.34 85.37 85.44 85.50 85.56 85.84 85.67 85.65 85.29 84.10 85.40 85.33
-7°N ||     85.37 85.34 85.28 85.28 85.69 85.59 85.42 85.44 85.61 85.50 85.44 85.32 85.24 85.21 85.20 85.23 85.18 84.94 84.73 84.47 84.17 83.81 83.46 82.93 82.40 81.89 81.25 80.67 77.60 74.59 75.32 76.75 78.15 78.40 78.56 78.78 78.37 78.39 78.82 78.41 81.60 81.95 79.42 83.15 82.45 82.48 82.87 84.87 84.29 83.76 82.55 81.18 83.76 86.49 85.16 85.39 85.61 83.12 82.30 82.90 83.03 83.06 83.35 83.52 84.51 85.44 85.40 85.27 84.10 84.27 85.48 86.45 86.38 86.00 86.28 85.95 85.79 85.42 85.40 85.49 85.52 85.46 85.49 85.39 85.42 85.37 85.31 85.25 85.21 85.27 85.23 85.28 85.08 85.03 85.01 85.05 85.05 84.65 84.22 84.36 83.59 83.53 83.66 83.73 83.08 83.52 83.67 83.38 83.37 83.41 83.61 83.58 83.71 83.06 83.16 83.17 83.16 83.63 83.68 83.51 83.16 83.00 83.09 82.89 83.29 83.76 83.56 83.71 84.10 84.11 84.01 83.89 82.98 82.90 83.29 83.49 83.53 83.63 83.50 83.86 84.11 84.07 84.33 84.30 84.25 84.30 84.37 84.39 84.36 84.57 82.83 82.69 82.86 83.50 83.11 84.23 85.15 84.72 84.82 84.79 85.17 85.32 85.28 85.21 85.45 85.56 85.47 85.55 85.56 85.54 85.55 85.55 85.61 85.70 85.78 85.78 85.60 85.50 85.46 85.37
-5°N ||     85.40 85.45 85.50 85.48 85.38 85.72 85.69 85.68 85.74 85.54 85.44 85.22 85.29 85.37 85.45 85.50 85.50 85.34 84.83 84.81 84.47 84.15 83.76 83.24 82.78 82.26 81.73 80.88 79.76 78.22 76.98 77.19 78.17 78.30 78.65 78.91 78.90 79.87 79.19 78.60 78.95 79.26 79.69 83.77 82.16 84.13 82.09 82.98 82.14 81.42 81.01 83.88 84.63 85.12 84.57 81.56 81.91 82.97 85.17 84.90 83.28 83.42 83.52 83.58 84.19 83.88 84.52 84.10 84.20 84.45 84.89 85.27 85.95 85.18 85.17 85.95 86.04 85.84 85.30 85.38 85.74 85.58 85.55 85.49 85.45 85.37 85.29 85.29 85.36 85.30 85.24 85.20 85.25 84.99 85.02 85.10 85.05 85.03 84.79 84.85 84.21 83.37 83.54 83.71 83.99 83.73 83.62 83.56 83.67 83.51 84.03 84.10 83.96 83.27 83.11 83.17 82.94 83.15 82.91 83.43 83.15 83.45 83.22 83.23 83.47 83.29 83.82 83.50 83.99 84.05 83.93 83.43 83.55 83.07 83.49 83.65 83.94 83.87 83.97 84.09 83.99 84.22 84.62 84.67 84.50 84.48 84.98 84.78 84.42 84.22 83.71 83.32 84.03 83.96 83.88 84.35 85.48 85.19 86.18 85.50 85.39 85.27 85.25 85.49 85.49 85.64 85.65 85.61 85.61 85.65 85.68 85.66 85.75 85.74 85.74 85.76 85.78 85.67 85.57 85.48
-3°N ||     85.49 85.47 85.56 85.58 85.51 85.86 85.87 85.80 85.62 85.69 85.34 85.02 85.43 85.72 85.69 85.75 85.29 84.87 85.33 85.11 84.90 84.44 84.32 83.80 83.21 82.68 82.18 81.32 80.66 79.43 78.49 78.31 78.03 78.00 78.75 79.18 79.51 79.69 79.74 79.35 79.17 79.73 80.11 80.97 81.26 81.31 81.92 81.96 81.80 81.50 81.27 81.06 81.54 83.46 83.04 82.06 82.64 83.13 83.45 85.59 83.27 83.92 83.89 84.06 84.20 84.30 85.02 84.57 84.70 84.95 85.10 85.21 86.43 85.40 85.36 85.79 85.62 85.70 85.46 85.49 85.56 85.56 85.74 85.58 85.47 85.42 85.46 85.38 85.37 85.34 85.31 85.24 85.18 85.16 85.08 85.05 84.73 85.04 85.03 85.06 84.42 83.91 83.73 83.88 84.13 83.71 83.83 84.00 83.94 83.95 84.16 84.16 83.89 83.62 83.46 83.04 82.76 83.88 83.66 83.49 83.40 83.51 83.35 83.68 83.21 83.54 83.32 83.94 84.00 84.20 83.81 83.95 83.85 83.73 84.10 84.65 83.77 84.36 84.25 84.01 84.24 84.30 84.88 84.88 84.58 85.08 84.96 84.63 84.38 84.14 83.64 83.84 83.74 83.92 84.12 84.82 85.45 85.50 85.51 85.36 85.55 85.50 85.49 85.46 85.53 85.66 85.59 85.49 85.75 85.76 85.75 85.80 85.82 85.84 85.83 85.83 85.80 85.75 85.61 85.59
-1°N ||     85.63 85.59 85.62 85.69 85.73 85.89 85.89 85.78 85.71 85.49 85.28 84.93 85.52 85.70 85.84 85.57 85.34 85.47 85.42 85.15 85.04 84.85 84.63 84.23 83.72 83.00 82.41 81.73 81.08 80.38 79.40 78.84 77.51 76.06 78.97 79.40 79.67 79.94 80.11 80.16 80.21 81.03 81.38 81.69 81.94 82.47 82.77 82.98 83.22 83.39 82.74 84.04 85.71 82.08 82.20 82.48 83.26 83.58 83.67 84.63 83.97 84.19 84.20 84.20 84.40 84.49 84.48 85.04 85.14 85.15 85.74 85.25 86.23 86.33 85.54 85.54 85.48 85.50 85.52 85.62 85.87 85.74 85.68 85.51 85.53 85.51 85.45 85.38 85.33 85.31 85.33 85.37 85.25 85.22 85.11 85.05 84.65 85.03 85.02 85.05 84.46 84.30 84.14 83.95 84.14 84.08 84.03 84.19 84.24 84.29 84.41 84.38 83.79 83.57 83.54 83.24 82.96 83.93 83.73 83.70 83.73 83.36 83.43 83.25 83.59 83.66 83.83 83.97 84.46 84.35 84.05 83.57 84.04 84.13 84.64 84.63 84.45 85.04 84.31 84.17 84.35 84.48 84.94 84.98 85.01 85.12 85.05 84.31 84.55 84.17 84.05 84.14 84.69 84.75 85.00 85.48 85.61 85.69 85.60 85.59 85.74 85.67 85.55 85.54 85.67 85.62 85.48 85.61 85.73 85.78 85.80 85.81 85.81 85.84 85.85 85.84 85.77 85.78 85.71 85.65
1°N ||     85.67 85.61 85.69 85.82 85.77 85.83 85.90 86.10 85.74 85.56 85.33 85.33 85.66 85.85 85.86 85.71 85.61 85.54 85.12 85.35 85.17 85.17 84.68 84.05 83.55 83.40 82.79 81.93 81.17 80.90 80.50 79.98 77.90 75.34 76.29 79.70 79.85 79.98 80.31 80.64 81.05 81.37 81.61 81.93 82.32 82.80 83.11 83.45 83.95 84.25 82.99 82.02 81.85 82.23 82.53 83.10 83.53 83.92 83.99 84.36 84.14 84.35 84.86 84.35 84.46 84.57 84.46 85.34 84.90 85.10 85.31 86.16 86.85 86.78 85.40 85.48 85.49 85.52 85.40 85.89 85.42 85.83 85.59 85.48 85.61 85.56 85.46 85.37 85.41 85.33 85.31 85.36 85.28 85.27 85.24 85.09 85.04 84.79 84.82 84.67 84.64 84.69 84.49 84.59 84.22 84.02 84.07 84.52 84.39 84.36 84.34 83.99 84.10 83.98 83.61 83.44 83.75 83.73 83.46 83.85 83.67 83.53 83.61 83.65 83.65 83.75 83.93 84.16 84.21 84.40 84.75 84.61 84.97 84.94 84.96 84.96 84.74 84.71 84.87 84.64 84.96 85.02 85.19 85.18 85.22 85.01 84.59 84.55 84.60 84.35 84.55 84.86 85.31 85.43 85.45 85.50 85.63 85.70 85.66 85.73 85.68 85.68 85.63 85.71 85.69 85.64 85.56 85.71 85.76 85.78 85.80 85.82 85.82 85.84 85.84 85.84 85.85 85.82 85.78 85.74
3°N ||     85.86 85.81 85.84 85.88 85.94 85.97 85.94 85.90 85.85 85.57 85.50 85.53 85.88 85.95 85.93 85.82 85.75 85.38 85.28 85.47 85.38 84.97 84.50 83.88 83.27 83.95 83.26 81.40 81.20 81.30 81.17 81.30 80.83 77.63 79.06 80.00 79.77 79.88 80.38 80.84 81.25 81.49 81.68 81.67 82.71 83.13 83.60 83.91 84.21 84.72 84.78 83.56 82.99 83.22 83.58 83.90 84.10 84.21 84.28 84.54 84.46 84.37 84.13 84.91 85.00 84.72 84.83 85.13 85.17 85.31 85.37 85.46 86.37 86.49 86.19 85.89 85.93 85.80 85.72 85.70 85.51 85.46 85.60 85.53 85.48 85.60 85.44 85.34 85.38 85.37 85.41 85.36 85.33 85.28 85.23 85.12 85.10 84.93 85.02 84.90 84.89 84.89 84.88 84.70 84.70 84.21 84.45 84.77 85.04 84.32 84.45 84.21 83.87 83.83 83.71 84.08 83.90 83.90 83.62 83.89 83.74 83.61 83.59 83.71 83.74 83.82 84.05 84.19 84.42 84.53 85.14 85.36 85.49 85.56 85.75 85.53 85.09 85.01 84.89 85.09 85.11 85.22 85.28 85.21 85.17 84.86 84.83 84.71 84.60 84.35 85.01 85.49 85.45 85.38 85.42 85.61 85.66 85.71 85.73 85.77 85.66 85.76 85.72 85.75 85.73 85.67 85.69 85.75 85.76 85.78 85.78 85.81 85.83 85.83 85.83 85.84 85.85 85.86 85.87 85.88
5°N ||     85.86 85.91 86.12 85.91 86.00 86.01 85.97 85.95 85.90 85.74 85.66 85.63 85.96 86.04 86.04 85.95 85.62 85.30 85.59 85.54 85.30 84.66 84.13 83.75 84.01 84.11 83.89 82.72 81.32 81.23 81.43 81.84 82.09 81.78 80.94 80.34 79.60 79.42 80.51 81.10 81.51 81.73 81.85 81.63 82.92 83.66 84.01 84.26 84.58 85.01 85.18 83.99 83.98 84.25 84.42 84.56 84.54 84.58 84.62 84.75 84.96 84.64 84.32 84.45 84.68 85.02 85.15 85.22 85.25 85.41 85.57 86.27 85.58 86.01 86.45 86.11 85.79 85.56 85.51 85.52 85.45 85.54 85.48 85.52 85.63 85.51 85.49 85.37 85.40 85.37 85.34 85.35 85.23 85.20 85.18 85.17 85.15 85.15 85.07 84.92 84.91 84.90 84.84 84.89 84.82 84.80 84.84 84.76 84.83 84.20 84.34 83.66 83.84 83.74 83.92 83.78 83.81 83.94 83.87 83.87 83.75 83.64 83.55 83.61 84.12 83.90 84.04 84.30 84.59 84.94 85.35 86.37 86.50 86.50 86.46 86.27 86.07 85.44 85.32 85.27 85.26 85.38 85.31 85.19 85.21 84.95 84.83 84.84 84.46 84.54 85.48 85.45 85.51 85.52 85.57 85.59 85.69 85.73 85.76 85.77 85.75 85.73 85.76 85.75 85.76 85.75 85.75 85.74 85.77 85.77 85.77 85.79 85.81 85.82 85.82 85.84 85.86 85.87 85.88 85.90
7°N ||     85.89 85.92 85.95 85.96 86.01 86.03 86.02 86.00 85.96 85.85 85.73 85.88 86.06 86.12 86.13 85.99 85.57 85.74 85.70 85.55 85.15 84.75 84.83 84.62 84.48 84.43 84.13 83.38 80.94 81.10 81.44 82.22 82.49 82.26 81.66 80.77 78.70 78.68 80.97 81.45 81.75 81.93 82.07 82.33 83.44 83.81 84.11 84.42 84.70 84.98 85.20 85.23 84.53 84.51 84.51 84.54 84.67 84.79 84.89 84.97 85.00 84.86 84.49 84.84 85.11 85.17 85.30 85.35 85.38 85.48 85.63 86.32 86.59 86.28 86.44 85.60 85.57 85.53 85.74 85.83 85.71 85.52 85.55 85.58 85.51 85.43 85.43 85.36 85.41 85.33 85.36 85.33 85.31 85.35 85.18 85.13 85.08 85.16 85.02 84.83 84.83 84.88 84.94 84.83 84.80 84.95 84.61 85.05 84.84 84.87 84.49 84.15 84.07 83.61 83.72 83.82 83.73 83.88 83.89 83.92 83.72 83.78 83.58 84.07 84.41 83.83 84.06 84.39 84.94 85.46 86.32 86.62 86.57 86.55 86.54 86.46 86.42 86.05 85.46 85.45 85.47 85.41 85.26 85.30 84.96 84.73 84.83 85.06 84.88 84.85 85.44 85.56 85.59 85.63 85.69 85.65 85.74 85.77 85.74 85.77 85.79 85.74 85.76 85.75 85.77 85.76 85.75 85.75 85.74 85.74 85.75 85.73 85.79 85.81 85.80 85.85 85.87 85.89 85.89 85.91
9°N ||     85.93 86.04 85.89 85.92 86.04 86.03 86.04 86.01 86.08 85.90 85.79 86.04 86.16 86.19 86.16 85.88 85.75 85.87 85.68 85.40 85.34 85.20 85.13 85.02 84.87 84.62 84.35 83.51 81.48 81.39 81.95 82.77 82.76 82.96 82.54 81.22 78.10 76.36 80.30 81.74 81.92 82.15 82.39 82.77 83.37 83.83 84.18 84.50 84.73 85.01 85.21 85.25 85.13 84.71 84.66 84.67 84.77 84.89 84.97 85.08 85.17 85.10 84.98 85.01 85.14 85.33 85.49 85.51 85.54 85.75 86.31 86.35 86.22 86.54 85.73 85.70 85.74 85.69 85.83 85.57 85.57 85.54 85.51 85.55 85.59 85.51 85.47 85.53 85.47 85.47 85.38 85.35 85.29 85.32 85.25 85.36 85.16 85.09 85.05 85.06 85.01 84.76 84.58 84.52 84.89 85.01 85.04 84.73 84.67 84.54 84.49 84.49 84.34 84.49 84.21 83.96 83.84 83.88 83.88 83.62 83.81 83.75 83.49 84.63 83.94 83.84 84.19 84.61 85.15 85.77 86.46 86.66 86.67 86.64 86.58 86.53 86.48 86.32 85.93 85.69 85.57 85.60 85.26 85.13 85.11 85.06 85.27 85.37 85.30 85.30 85.52 85.64 85.78 85.64 85.74 85.79 85.75 85.74 85.71 85.72 86.00 85.69 85.67 85.70 85.74 85.76 85.71 85.73 85.69 85.70 85.70 85.78 85.78 85.82 85.79 85.85 85.88 85.90 85.91 85.91
11°N ||     85.97 85.96 86.00 85.97 86.09 86.10 86.13 86.11 86.21 86.14 86.05 86.25 86.28 86.25 86.20 86.15 85.90 85.91 85.68 85.49 85.41 85.34 85.20 85.04 84.83 84.64 84.26 83.48 82.76 83.05 83.00 82.99 83.03 83.05 83.16 83.03 78.73 73.12 74.75 81.75 82.08 82.33 82.62 82.98 83.38 83.88 84.31 84.57 84.84 85.01 85.18 85.26 85.24 84.86 84.79 84.78 84.87 84.98 85.04 85.13 85.20 85.05 84.99 85.21 85.36 85.46 85.62 85.72 85.82 85.74 86.57 86.41 85.72 86.59 86.34 85.69 86.22 85.63 85.57 85.66 85.56 85.53 85.48 85.45 85.51 85.53 85.60 85.53 85.51 85.48 85.39 85.37 85.37 85.37 85.42 85.25 85.33 85.09 85.13 85.17 85.10 85.07 84.84 84.56 85.00 84.94 85.37 84.89 85.16 84.49 84.67 84.64 84.59 84.73 84.48 84.04 83.84 84.07 84.26 83.79 83.96 83.87 83.68 83.57 83.74 84.13 84.46 84.85 85.37 85.91 86.67 86.71 86.74 86.65 86.55 86.54 86.45 86.38 86.08 85.77 85.67 85.30 85.40 85.32 85.21 85.41 85.54 85.60 85.59 85.62 85.68 85.76 85.85 85.87 85.80 85.83 85.79 85.78 85.70 85.65 85.60 85.54 85.56 85.58 85.62 85.64 85.65 85.65 85.66 85.86 85.50 85.71 85.77 85.78 85.78 85.88 85.89 85.89 85.73 85.91
13°N ||     85.93 86.01 85.82 85.83 86.10 86.08 86.16 86.21 86.24 86.28 86.32 86.36 86.35 86.33 86.29 86.18 86.07 85.88 85.48 85.51 85.45 85.29 85.16 85.06 84.80 84.54 84.27 83.94 83.26 83.26 83.15 83.15 83.16 83.26 83.45 83.60 82.90 75.13 76.38 80.92 81.91 82.56 82.93 83.18 80.31 84.12 84.45 84.68 84.90 85.01 85.20 85.26 85.27 84.92 84.87 84.92 85.00 85.07 85.11 85.17 85.19 85.23 85.29 85.23 85.44 85.68 85.78 85.89 85.94 86.44 86.52 86.44 85.95 85.89 85.76 86.19 85.81 85.74 85.57 85.46 85.46 85.54 85.49 85.52 85.51 85.51 86.37 85.52 85.84 85.47 85.38 85.40 85.40 85.47 85.44 85.23 85.24 85.27 85.32 85.33 85.30 85.03 84.94 84.99 85.06 85.14 85.05 85.19 85.38 84.86 84.86 85.04 84.77 84.71 84.60 84.44 84.24 84.34 84.46 84.41 84.27 84.00 83.92 83.95 84.04 84.24 84.61 85.06 85.51 85.98 86.68 86.70 86.68 86.62 86.55 86.53 86.48 86.42 86.20 85.86 85.75 85.52 85.56 85.59 85.58 85.62 85.61 85.77 85.71 85.81 85.86 85.89 85.98 86.06 86.08 85.93 85.89 85.77 85.64 85.50 85.35 85.27 85.38 85.38 85.47 85.52 85.54 85.61 85.59 85.61 85.62 85.56 85.78 85.76 85.80 85.82 85.88 85.92 85.56 85.83
15°N ||     85.99 86.05 86.06 86.20 86.16 86.10 86.23 86.33 86.35 86.38 86.43 86.49 86.47 86.44 86.43 86.28 85.90 85.72 85.53 85.52 85.21 82.63 78.23 77.65 80.03 84.42 84.16 84.08 83.86 83.43 83.36 83.25 83.28 83.37 83.46 83.57 83.60 82.44 80.48 80.86 82.13 82.76 83.17 83.41 83.83 84.37 84.56 84.77 84.91 85.01 85.17 85.26 85.30 84.97 84.98 84.98 85.04 85.13 85.17 85.19 85.22 85.22 85.19 85.36 85.70 85.83 85.93 86.01 86.04 86.39 86.60 86.49 86.20 86.01 86.25 85.96 85.98 85.75 85.68 85.64 85.74 85.54 85.33 85.99 85.55 85.52 85.54 85.51 85.51 85.52 85.74 85.54 85.43 85.40 85.39 85.33 85.35 85.37 85.40 85.44 85.37 85.37 85.14 85.09 85.14 85.16 85.06 85.41 85.28 84.72 84.91 84.94 84.98 85.01 84.68 84.63 84.45 84.33 84.41 84.42 84.26 84.34 84.20 84.25 84.34 84.50 84.77 85.26 85.67 86.63 86.66 86.59 86.68 86.61 86.55 86.52 86.46 86.42 86.25 85.94 85.82 85.77 85.71 85.69 85.68 85.69 85.73 85.79 85.91 85.95 86.02 86.10 86.10 86.16 86.17 86.13 85.93 85.76 85.55 85.36 85.20 85.08 84.94 85.08 85.18 85.40 85.48 85.53 85.53 85.57 85.59 85.61 85.68 85.75 85.77 85.84 85.83 85.93 85.71 86.40
17°N ||     86.02 86.12 86.15 86.24 85.92 86.23 86.26 86.32 86.43 86.46 86.51 86.56 86.58 86.56 86.58 86.03 85.80 85.77 85.61 85.62 84.79 77.30 73.47 72.26 75.23 82.12 84.12 84.10 84.32 83.89 83.63 83.38 83.33 83.40 83.48 83.59 83.62 83.43 82.38 82.27 82.74 82.97 83.25 83.51 83.90 84.40 84.66 84.84 84.96 85.06 85.13 85.29 85.27 84.86 84.90 85.06 85.10 85.15 85.18 85.21 85.24 85.30 85.39 85.62 85.74 85.96 86.09 86.25 86.45 86.49 86.36 86.49 86.42 86.25 86.31 86.08 85.83 85.85 85.79 85.64 85.58 85.45 85.60 85.89 85.51 85.54 85.54 86.23 85.54 85.63 85.54 85.52 85.41 85.39 85.44 85.48 85.44 85.45 85.45 85.51 85.50 85.44 85.28 85.23 85.36 85.34 85.34 85.32 85.02 84.87 84.99 85.01 84.92 84.81 84.77 84.71 84.53 84.02 84.33 84.43 84.47 84.46 84.42 84.47 84.53 84.66 85.14 85.33 85.72 86.49 86.62 86.64 86.61 86.57 86.54 86.54 86.49 86.37 86.27 86.11 85.97 86.01 85.91 85.91 85.90 85.99 86.01 86.07 86.14 86.20 86.25 86.24 86.25 86.32 86.28 86.26 86.09 85.75 85.55 85.25 85.02 84.76 84.55 84.55 84.82 85.28 85.42 85.45 85.45 85.50 85.56 85.62 85.69 85.74 85.74 85.81 85.96 85.95 85.90 86.14
19°N ||     86.05 86.15 86.25 86.28 86.32 86.25 86.28 86.38 86.49 86.53 86.59 86.65 86.66 86.66 86.68 86.12 85.84 85.70 85.42 85.54 85.12 77.40 73.55 72.65 74.77 82.31 84.38 84.51 84.55 84.44 83.95 83.51 83.27 83.21 83.24 83.51 83.66 83.65 83.21 83.06 83.15 83.21 83.31 83.49 83.78 84.25 84.72 84.88 85.02 85.07 85.13 85.31 85.19 85.23 84.86 84.99 85.10 85.14 85.20 85.21 85.29 85.30 85.49 85.74 85.93 86.14 86.39 86.47 86.64 86.64 86.73 86.63 86.58 86.49 86.41 86.04 85.95 85.97 86.22 85.69 85.61 85.55 85.61 85.61 86.17 85.49 85.53 85.45 85.53 85.55 85.56 85.56 85.70 85.49 85.48 85.52 85.49 85.49 85.48 85.50 85.51 85.38 85.80 85.38 85.45 85.25 85.15 85.31 85.14 85.10 85.01 84.93 84.78 84.75 84.77 84.94 84.41 84.56 84.40 84.65 84.78 84.92 84.49 84.53 84.60 84.75 85.08 84.98 85.53 85.91 86.33 86.59 86.54 86.53 86.51 86.46 86.45 86.42 86.34 86.28 86.27 86.26 86.35 86.27 86.29 86.27 86.36 86.37 86.38 86.44 86.48 86.43 86.52 86.48 86.46 86.33 86.16 85.75 85.45 85.12 84.65 84.30 84.19 84.41 84.44 83.68 85.28 85.36 85.41 85.46 85.53 85.61 85.69 85.75 85.77 85.89 85.74 86.03 85.99 86.08
21°N ||     86.34 86.25 86.24 86.39 86.47 86.47 86.45 86.52 86.62 86.64 86.70 86.72 86.74 86.74 86.74 86.12 85.84 85.52 85.44 85.59 85.45 79.40 77.08 76.17 78.04 84.00 84.78 84.78 84.71 84.51 84.16 83.69 83.25 83.03 82.86 82.77 83.61 83.64 83.49 83.36 83.32 83.34 83.40 83.53 83.77 84.23 84.77 84.87 84.96 85.05 85.05 85.22 85.33 85.39 84.93 84.99 85.03 85.11 85.14 85.23 85.30 85.32 85.60 85.76 85.96 86.51 86.58 86.63 86.72 86.74 86.75 86.71 86.58 86.59 86.50 86.22 86.14 86.17 85.90 85.70 85.71 85.85 85.67 85.61 85.49 85.63 85.74 85.54 85.56 85.59 85.55 85.55 85.51 85.49 85.57 85.53 85.50 85.51 85.51 85.51 85.54 85.41 85.33 85.47 85.26 85.34 85.44 84.92 85.15 85.33 84.90 84.76 84.76 84.81 84.82 84.95 84.64 84.66 83.89 84.85 84.89 84.86 84.33 84.47 84.70 84.75 85.05 84.93 85.22 85.47 85.83 85.95 86.23 86.32 86.31 86.44 86.43 86.44 86.44 86.41 86.44 86.52 86.52 86.54 86.56 86.54 86.60 86.63 86.63 86.59 86.63 86.59 86.62 86.53 86.57 86.56 86.38 85.80 85.40 84.89 84.20 84.01 83.92 83.89 84.30 84.79 85.13 85.26 85.35 85.45 85.55 85.61 85.68 85.73 85.83 85.86 85.75 86.08 86.08 86.16
23°N ||     86.32 86.36 86.40 86.48 86.52 86.59 86.63 86.70 86.73 86.74 86.78 86.78 86.79 86.78 86.77 86.17 85.75 85.47 85.58 85.68 85.69 84.17 82.28 81.64 84.40 85.20 84.98 84.92 84.80 84.44 84.08 83.71 83.34 82.92 82.68 82.60 83.35 83.64 83.58 83.35 83.35 83.15 83.41 83.58 83.61 84.39 84.58 84.77 84.85 84.96 85.02 85.10 85.22 85.36 85.24 85.07 85.44 85.83 85.71 85.40 85.33 85.23 85.62 85.78 86.02 86.49 86.68 86.74 86.81 86.85 86.79 86.85 86.60 86.81 86.68 86.47 86.41 86.43 86.35 85.94 85.72 85.57 85.49 85.58 85.52 85.57 85.58 85.59 85.58 85.51 85.60 85.62 85.58 85.54 85.62 85.64 85.71 85.44 85.59 85.57 85.51 85.43 85.34 85.43 85.44 85.41 85.41 85.29 85.13 85.23 85.07 84.89 84.89 84.77 84.75 84.79 84.88 84.64 84.06 84.79 84.88 84.73 85.29 85.09 84.68 84.64 84.85 85.00 85.07 85.32 85.49 85.63 85.77 85.91 86.13 86.34 86.43 86.49 86.55 86.57 86.58 86.72 86.65 86.76 86.81 86.85 86.89 86.85 86.96 86.88 86.89 86.85 86.82 86.82 86.84 86.74 86.67 85.89 85.38 84.81 84.31 83.93 83.76 82.20 83.03 84.34 84.96 85.21 85.36 85.45 85.55 85.63 85.72 85.79 85.90 85.84 86.01 86.08 85.94 86.28
25°N ||     86.40 86.43 86.42 86.57 86.67 86.67 86.73 86.74 86.76 86.80 86.82 86.82 86.81 86.81 86.80 86.24 85.68 85.55 85.58 85.51 85.71 85.65 85.63 85.63 85.47 85.28 84.86 84.99 84.68 84.30 83.88 83.60 83.19 82.83 82.61 82.13 82.19 83.55 83.63 83.33 83.43 83.35 83.46 82.72 83.87 84.41 84.67 84.75 84.81 84.87 84.76 84.98 85.00 85.42 85.00 85.04 85.09 85.06 85.49 86.05 86.17 85.47 85.72 86.20 86.49 86.73 86.81 86.82 86.87 86.92 86.90 86.87 86.82 86.76 86.54 86.62 86.60 86.65 86.75 86.18 85.95 85.66 85.61 85.69 85.74 85.62 85.65 85.62 85.63 85.54 85.60 85.69 85.61 85.62 85.62 85.83 85.66 85.60 85.55 85.59 85.42 85.44 85.49 85.44 85.38 85.54 85.49 85.26 85.38 85.32 85.10 85.22 85.18 85.13 85.33 84.84 84.98 84.40 84.60 84.19 84.51 84.45 84.46 84.67 84.70 84.78 84.72 84.66 85.11 84.98 85.43 85.65 85.64 85.80 86.18 86.42 86.51 86.66 86.71 86.75 86.84 86.89 86.94 87.03 87.13 87.22 87.27 87.29 87.28 87.22 87.15 87.11 87.12 87.06 86.99 86.91 86.77 86.59 85.58 85.07 84.25 83.89 82.25 76.00 81.97 84.23 84.98 85.24 85.36 85.47 85.61 85.61 85.74 85.83 85.98 86.01 86.10 86.10 86.27 86.33
27°N ||     86.53 86.58 86.60 86.59 86.75 86.68 86.82 86.84 86.84 86.84 86.85 86.85 86.83 86.82 86.82 86.40 85.74 85.56 85.59 85.56 85.54 85.58 85.33 85.42 85.43 85.33 85.20 84.79 84.48 84.18 83.76 83.44 83.12 82.75 82.14 82.06 82.37 83.70 83.88 83.51 83.66 83.64 83.68 82.71 83.55 84.38 84.61 84.70 84.75 84.64 84.48 84.57 85.03 85.23 85.39 85.50 85.45 85.61 85.66 86.02 85.80 85.39 86.47 86.60 86.71 86.77 86.77 86.85 86.94 86.96 86.79 86.92 86.92 86.85 86.65 86.87 86.71 86.77 86.83 86.80 86.15 85.98 85.85 85.78 85.80 85.69 85.63 85.59 85.63 85.64 85.66 85.67 85.63 85.61 85.65 85.59 85.69 85.65 85.51 85.42 85.71 85.39 85.49 85.50 85.24 85.62 85.05 85.31 85.39 85.27 85.25 85.30 85.27 85.22 85.17 85.24 85.15 85.44 84.94 84.73 84.90 85.27 84.66 84.86 84.89 84.49 84.27 84.86 85.21 85.03 85.46 85.57 85.74 86.06 86.40 86.59 86.76 86.78 86.85 86.94 87.01 87.14 87.22 87.38 87.51 87.53 87.58 87.54 87.53 87.45 87.39 87.39 87.28 87.17 87.05 86.96 86.83 86.66 86.07 85.19 84.56 84.05 83.29 82.61 83.31 84.77 85.19 85.33 85.41 85.51 85.54 85.73 85.82 85.90 86.05 86.17 86.18 86.23 86.34 86.46
29°N ||     86.67 86.71 86.76 86.81 86.87 86.86 86.90 86.92 86.92 86.90 86.91 86.91 86.89 86.75 86.87 86.82 86.25 85.68 85.51 85.53 85.53 85.55 85.31 85.26 85.51 85.39 84.99 84.70 84.40 84.03 83.68 83.34 83.11 82.72 81.59 81.95 82.89 83.71 83.82 83.65 83.92 83.96 83.93 84.03 84.21 84.40 84.63 84.74 84.73 84.41 84.49 84.69 84.71 85.24 85.29 85.35 85.36 85.57 85.62 85.77 85.75 85.96 86.36 86.16 85.94 86.62 86.70 86.82 86.94 87.00 86.95 87.03 86.99 87.03 87.00 86.96 86.87 86.91 86.96 86.99 86.95 86.28 86.07 85.92 85.98 85.74 85.67 87.30 85.68 85.64 85.70 85.80 85.68 85.72 85.59 85.62 85.67 85.66 85.53 85.53 85.46 85.53 85.48 85.51 85.38 85.30 85.15 85.26 85.28 85.14 85.28 85.25 85.38 85.52 85.49 85.48 85.28 84.98 84.92 84.88 85.03 84.85 84.74 84.83 84.62 84.95 85.40 85.55 85.53 85.61 85.68 85.84 86.21 86.35 86.54 86.78 86.84 86.96 87.09 87.21 87.34 87.45 87.62 87.73 87.80 87.91 87.86 87.71 87.79 87.67 87.62 87.50 87.39 87.24 87.15 87.08 86.96 86.84 86.42 85.59 85.18 84.77 84.31 84.27 84.68 85.23 85.36 85.42 85.47 85.53 85.71 85.79 85.91 86.06 86.22 86.35 86.37 86.40 86.55 86.63
31°N ||     86.87 86.82 86.91 86.92 86.93 86.93 86.95 86.99 87.00 86.97 86.95 86.97 86.96 86.94 86.92 86.88 86.54 86.07 85.86 85.83 85.71 85.66 85.51 85.49 85.59 85.08 84.87 84.64 84.24 83.96 83.62 83.51 83.02 82.76 82.29 82.34 82.91 83.75 83.79 83.79 83.99 84.09 84.23 84.23 84.35 84.48 84.61 84.76 84.68 84.22 84.68 84.77 84.81 84.98 85.06 85.16 85.29 85.33 85.42 85.72 85.62 85.89 86.02 86.19 86.45 86.48 86.68 86.77 86.82 87.00 87.04 87.04 87.10 87.16 87.13 87.23 87.00 87.05 87.11 87.03 87.01 86.90 86.50 86.74 86.26 86.04 85.76 85.65 85.75 85.78 85.80 85.73 85.68 85.65 85.86 85.72 85.62 85.54 85.51 85.61 85.45 85.47 85.54 85.53 85.42 85.40 85.21 85.22 85.30 85.21 85.18 85.16 85.38 85.47 85.44 85.43 85.21 85.00 85.11 85.13 85.09 85.39 84.90 84.80 85.09 84.98 85.23 85.61 85.57 85.68 85.82 86.14 86.26 86.53 86.69 86.84 86.99 87.15 87.38 87.52 87.63 87.77 88.09 87.95 88.07 88.14 88.09 88.01 87.96 87.84 87.69 87.60 87.68 87.37 87.36 87.26 87.13 87.02 86.70 86.29 85.63 85.44 85.33 85.31 85.13 84.87 85.49 85.50 85.53 85.59 85.45 86.61 86.14 85.72 86.45 86.16 86.58 86.62 86.65 86.81
33°N ||     87.01 86.55 86.93 86.94 87.01 86.99 87.00 87.04 87.01 87.03 87.02 87.04 87.03 87.01 87.04 87.00 86.95 86.61 86.03 85.63 85.70 85.69 85.73 85.67 85.28 84.96 84.78 84.53 84.31 83.77 83.47 83.21 82.81 82.45 82.15 82.25 82.82 83.62 83.91 84.00 84.14 84.27 84.33 84.39 84.30 84.46 84.45 84.33 84.31 84.42 84.67 84.85 84.88 84.83 85.02 85.23 85.31 85.35 85.34 85.37 85.36 85.37 85.61 86.17 86.18 86.67 86.77 86.82 86.87 87.00 87.11 87.28 87.28 87.28 87.25 87.36 87.30 87.32 87.29 87.12 87.24 87.20 86.99 86.68 86.42 86.10 85.86 85.75 85.90 85.81 85.79 85.61 85.73 85.72 85.75 85.63 85.67 85.54 85.63 85.67 85.42 85.39 85.50 85.34 85.64 85.27 85.31 85.18 85.29 85.04 84.91 85.06 85.29 85.37 85.31 85.17 85.16 85.24 85.13 85.38 85.33 85.39 85.35 85.06 85.22 85.46 85.49 85.65 85.75 85.96 86.07 86.33 86.48 86.66 86.82 86.99 87.19 87.44 87.61 87.72 87.90 88.00 88.11 88.21 88.37 88.20 88.14 88.11 88.05 87.77 87.85 87.77 87.66 87.50 87.34 87.46 87.40 87.26 87.12 86.98 86.74 86.46 86.31 86.00 85.84 85.44 85.76 85.64 85.61 85.69 85.72 86.11 86.38 86.46 86.61 86.70 86.74 86.84 86.91 86.98
35°N ||     87.12 87.06 87.06 87.02 87.05 87.04 87.06 87.06 87.05 87.07 87.09 87.08 87.07 87.05 87.09 87.02 87.06 86.98 86.58 85.28 85.58 85.67 85.60 85.36 84.83 84.95 84.76 84.50 84.12 83.61 83.12 82.56 82.00 81.73 81.54 81.48 81.90 82.53 83.57 84.13 84.30 84.37 84.43 84.41 83.82 84.02 84.54 84.68 84.46 84.37 84.66 84.58 84.46 84.59 84.92 85.22 85.33 85.39 85.40 85.43 85.44 85.41 85.59 86.17 86.59 86.72 86.81 86.82 86.93 87.03 87.09 87.33 87.26 87.38 87.41 87.51 87.49 87.58 87.47 87.37 87.33 87.26 87.28 86.68 86.49 86.20 86.10 85.99 85.87 85.95 85.66 85.69 85.71 85.92 85.97 85.61 85.68 85.59 85.65 85.57 85.58 85.54 85.52 85.49 85.47 85.33 85.24 85.50 85.22 84.94 85.32 85.01 85.05 84.99 84.92 84.88 85.04 85.14 85.21 85.47 85.50 85.46 85.72 85.63 85.56 85.74 85.70 85.75 85.91 86.06 86.27 86.49 86.60 86.79 86.92 87.16 87.35 87.61 87.80 87.96 88.03 88.12 88.32 88.44 88.51 88.47 88.34 88.31 88.13 88.09 87.96 87.64 87.78 87.63 87.59 87.55 87.46 87.35 87.34 87.22 87.14 86.95 86.88 86.82 86.61 86.49 86.21 85.87 85.77 85.80 85.81 86.03 86.12 86.58 86.67 86.75 86.86 87.01 87.10 87.14
37°N ||     87.24 87.11 87.12 87.04 87.12 87.09 87.12 87.11 87.08 87.10 87.11 87.12 87.11 87.08 87.05 87.02 86.99 86.92 86.88 85.61 85.60 85.55 85.43 85.26 84.94 84.99 84.78 84.53 84.17 83.34 82.33 81.58 80.83 80.37 80.37 80.74 81.12 81.24 82.22 83.44 84.22 84.51 84.55 84.53 84.45 84.32 84.43 84.55 84.65 84.89 84.44 84.32 84.20 84.04 84.54 85.01 85.31 85.37 85.39 85.38 85.42 85.39 85.72 86.26 86.58 86.72 86.81 86.88 86.95 87.11 87.16 87.29 87.35 87.50 87.54 87.66 87.76 87.73 87.71 87.58 87.61 87.54 87.44 87.38 87.14 86.98 86.91 86.73 86.41 86.75 85.88 85.79 85.69 85.67 85.78 85.68 85.80 85.93 85.61 85.84 85.64 85.75 85.59 85.94 85.64 85.63 85.44 85.35 85.27 85.09 85.01 84.94 84.94 84.80 84.80 84.80 84.93 85.26 85.74 85.62 85.55 85.46 85.54 85.49 85.70 85.76 85.80 85.83 86.09 86.23 86.43 86.64 86.76 86.88 87.15 87.35 87.47 87.73 87.90 88.14 88.24 88.41 88.56 88.58 88.63 88.66 88.60 88.45 88.41 88.24 88.16 88.07 87.99 87.82 87.94 87.88 87.68 87.48 87.48 87.31 87.16 87.08 86.87 86.78 86.58 86.51 86.29 86.08 85.94 85.93 85.90 86.11 86.07 86.70 86.74 86.83 87.02 87.06 87.15 87.17
39°N ||     87.19 87.16 87.18 87.12 86.82 87.14 87.15 86.96 87.14 87.13 87.10 87.11 87.06 87.06 87.03 86.99 86.99 87.01 86.84 86.42 85.45 85.39 85.52 85.29 85.29 85.04 84.89 84.67 84.02 82.75 81.45 80.30 79.57 79.47 79.11 79.37 80.64 80.87 81.32 82.55 83.89 84.54 84.65 84.62 84.39 84.48 84.32 83.55 84.49 84.53 84.51 84.36 84.04 83.77 84.11 84.70 85.13 85.28 85.35 85.33 85.52 85.54 85.56 85.92 86.61 86.79 86.84 86.88 87.03 87.15 87.30 87.43 87.45 87.64 87.74 87.81 87.85 87.90 87.90 88.01 87.72 87.72 87.67 87.61 87.46 87.04 87.17 86.95 86.59 86.53 86.35 85.98 85.96 85.93 85.88 85.75 85.68 85.65 85.90 85.78 85.92 86.55 85.90 85.58 85.94 85.53 85.48 85.45 85.38 85.39 85.24 84.99 85.50 84.88 84.91 85.14 85.02 85.18 85.70 85.71 85.72 85.71 85.73 85.80 85.82 85.87 85.93 86.09 86.19 86.40 86.57 86.76 86.82 87.08 87.24 87.47 87.63 87.78 88.06 88.11 88.51 88.66 88.72 88.72 88.72 88.75 88.65 88.62 88.51 88.58 88.35 88.30 88.13 88.09 88.02 87.96 87.86 87.60 87.33 87.38 87.21 87.11 86.95 86.78 86.58 86.57 86.42 86.29 86.22 86.12 86.05 85.84 85.51 86.76 86.81 86.84 87.02 87.14 87.19 87.16
41°N ||     87.19 87.20 87.23 87.21 87.18 87.16 87.12 87.15 87.13 87.11 87.12 87.13 87.09 87.11 87.02 87.05 86.99 86.78 86.68 86.41 85.98 85.76 85.59 85.49 85.35 85.20 85.07 84.72 83.94 82.50 81.03 80.11 79.78 79.70 78.92 79.34 80.43 81.02 81.61 82.88 84.05 84.60 84.67 84.63 84.03 84.53 84.38 84.05 84.33 84.23 84.24 84.11 84.10 84.22 84.43 84.59 84.97 85.26 85.27 85.24 85.40 85.55 85.56 85.85 86.46 86.87 86.94 86.87 87.09 87.23 87.34 87.52 87.61 87.73 87.87 87.97 88.02 88.05 88.06 88.03 87.99 87.96 87.86 88.04 88.00 87.59 87.36 87.28 87.00 87.03 86.52 86.91 86.61 86.33 86.41 85.96 85.83 86.20 85.72 86.02 86.68 86.68 86.61 85.74 85.87 85.44 85.37 85.55 85.57 85.49 85.39 85.48 86.23 85.70 85.32 85.44 85.81 85.33 85.76 85.71 85.74 85.74 85.90 85.94 86.03 85.98 86.12 86.16 86.39 86.61 86.71 86.78 86.94 87.11 87.42 87.60 87.81 87.92 88.27 88.42 88.54 88.75 88.78 88.77 88.76 88.71 88.74 88.70 88.65 88.53 88.45 88.47 88.44 88.30 88.16 88.01 87.89 87.79 87.62 87.46 87.27 87.08 86.97 86.82 86.63 86.62 86.55 86.46 86.45 86.27 85.74 85.89 85.76 86.64 86.80 86.93 86.97 87.13 87.13 87.21
43°N ||     87.19 87.25 87.25 87.21 87.19 87.18 87.16 87.14 87.13 87.14 87.12 87.18 87.14 87.15 87.05 87.02 86.92 86.78 86.50 86.14 85.89 85.75 85.63 85.53 85.43 85.33 85.17 84.99 84.43 83.43 82.07 80.95 80.42 80.25 80.14 80.29 80.90 81.31 83.16 84.26 84.76 84.88 84.76 84.72 84.74 84.29 84.55 83.92 84.25 84.28 84.19 84.33 83.73 84.24 84.74 84.64 84.78 85.14 85.29 85.45 85.44 85.46 85.56 85.87 86.44 86.92 87.08 87.13 87.22 87.34 87.54 87.65 87.85 87.92 88.30 88.04 88.15 88.08 88.16 88.17 88.12 88.10 87.94 87.96 88.01 87.73 87.64 87.36 87.28 87.31 87.17 87.07 87.05 86.88 86.64 86.26 86.10 85.99 86.46 86.57 86.77 86.65 86.15 86.55 86.14 86.49 86.32 86.47 85.44 85.40 85.31 85.80 85.38 85.26 85.88 85.90 85.81 85.74 85.77 85.85 85.87 85.88 86.20 86.49 86.16 86.15 86.20 86.47 86.63 86.70 86.66 86.92 86.95 87.19 87.44 87.73 87.90 87.96 88.26 88.48 88.65 88.75 88.70 88.54 88.77 88.71 88.66 88.56 88.73 88.42 88.46 88.42 88.33 88.27 88.28 88.11 87.96 87.89 87.55 87.46 87.26 87.08 86.86 86.80 86.71 86.65 86.54 86.58 86.56 86.35 86.06 85.88 85.65 86.56 86.92 86.92 87.10 87.13 87.20 87.26
45°N ||     87.31 87.30 87.25 87.25 87.24 87.21 87.19 87.15 87.13 87.17 87.17 87.12 87.11 87.07 87.05 86.94 86.79 86.59 86.32 86.07 85.86 85.74 85.64 85.57 85.52 85.45 85.36 85.22 84.93 84.36 83.82 83.37 83.21 81.61 80.90 80.72 81.41 82.90 83.90 84.60 84.90 85.00 84.99 85.05 85.13 85.21 85.24 85.08 84.51 84.14 83.71 84.13 84.72 84.67 84.66 84.85 85.29 85.19 85.29 85.48 85.55 85.69 85.81 86.05 86.47 87.00 87.05 87.24 87.37 87.51 87.60 87.84 87.94 88.06 88.05 88.24 88.23 88.23 88.35 88.35 88.17 88.22 88.15 88.11 88.02 87.94 87.69 87.76 87.63 87.40 87.35 87.45 87.19 87.06 87.02 86.93 86.57 86.37 86.74 86.73 86.36 86.11 85.93 86.60 86.11 86.50 86.55 86.57 86.15 85.80 85.54 85.87 85.76 85.68 85.91 85.78 85.68 85.87 85.90 85.97 85.94 86.12 86.22 86.38 86.38 86.46 86.50 86.53 86.69 86.76 86.86 86.90 87.15 87.28 87.63 87.82 88.01 88.21 88.30 88.48 88.62 88.77 88.76 88.78 88.75 88.63 88.68 88.69 88.65 88.62 88.50 88.56 88.48 88.21 88.30 88.24 88.06 87.82 87.48 87.33 87.23 86.98 86.84 86.78 86.76 86.71 86.70 86.69 86.67 86.60 86.47 86.17 85.80 86.71 86.73 86.81 87.02 87.23 87.23 87.30
47°N ||     87.31 87.30 87.29 87.23 87.22 87.21 87.18 87.19 87.12 87.21 87.18 87.14 87.13 87.05 86.93 86.88 86.65 86.48 86.27 86.06 85.86 85.78 85.71 85.66 85.61 85.55 85.48 85.43 85.33 85.18 85.00 84.92 84.93 84.90 84.12 83.93 84.49 84.74 84.80 84.85 84.97 85.03 85.01 85.05 85.16 85.25 85.25 85.23 84.40 84.16 84.59 84.89 85.29 85.10 85.17 85.44 85.31 85.75 85.31 85.45 85.59 85.76 86.04 86.49 86.86 87.08 87.21 87.30 87.56 87.61 87.82 87.94 88.00 88.11 88.16 88.13 88.02 87.85 88.33 88.34 88.28 88.35 88.24 88.21 88.10 88.05 88.01 87.94 87.82 87.70 87.58 87.53 87.48 87.38 87.13 87.17 86.99 86.87 86.87 86.91 86.79 86.71 86.91 86.65 86.40 86.60 86.31 86.29 86.51 86.16 85.87 86.03 86.09 86.18 86.21 85.74 85.91 86.00 86.06 86.22 86.22 86.31 86.48 86.37 86.56 86.58 86.59 86.63 86.75 86.81 87.00 87.07 87.25 87.40 88.07 88.12 88.03 88.15 88.32 88.45 88.60 88.75 88.75 88.70 88.71 88.67 88.64 88.64 88.52 88.65 88.60 88.56 88.41 88.40 88.39 88.17 87.96 87.73 87.56 86.79 86.94 87.14 86.95 86.92 86.86 86.81 86.82 86.75 86.77 86.74 86.69 86.53 86.60 86.67 86.77 86.98 87.03 87.18 87.23 87.32
49°N ||     87.33 87.30 87.29 87.24 87.27 87.26 87.23 87.23 87.18 87.18 87.20 87.13 87.10 86.98 86.85 86.73 86.54 86.42 86.26 86.08 85.93 85.87 85.80 85.73 85.65 85.60 85.57 85.53 85.50 85.45 85.41 85.36 85.32 85.28 85.23 85.25 85.28 85.26 85.13 85.04 85.02 85.11 85.09 84.93 85.03 85.14 85.15 85.15 85.42 84.62 85.81 86.00 86.15 85.88 85.81 85.45 85.48 85.48 85.90 85.51 85.75 85.98 86.43 86.78 86.88 87.21 87.38 87.56 87.60 87.85 87.86 87.97 88.09 88.12 88.15 88.17 88.23 88.34 88.40 88.39 88.40 88.32 88.31 88.25 88.22 88.14 88.13 87.96 87.91 87.84 87.76 87.64 87.46 87.37 87.28 87.29 87.14 87.17 87.16 87.09 86.84 86.98 86.68 86.78 89.41 87.18 86.35 86.67 86.56 86.29 86.17 86.28 86.22 86.19 86.05 86.31 86.25 86.32 86.39 86.34 86.36 86.42 86.55 86.54 86.53 86.61 86.59 86.69 86.76 86.88 87.05 87.19 87.36 87.55 87.94 88.05 87.99 88.20 88.21 88.42 88.53 88.62 88.69 88.69 88.64 88.66 88.63 88.63 88.56 88.43 88.61 88.48 88.34 88.24 88.24 87.99 87.86 87.64 87.56 86.87 86.71 87.20 87.04 87.00 86.98 86.93 86.95 86.90 86.81 86.86 86.79 86.81 86.35 86.60 87.07 87.03 87.02 87.26 87.40 87.27
51°N ||     87.33 87.33 87.28 87.29 87.30 87.31 87.21 87.19 87.21 87.19 87.14 87.05 86.98 86.90 86.78 86.64 86.47 86.30 86.19 86.06 85.87 85.89 85.82 85.74 85.71 85.66 85.62 85.59 85.56 85.54 85.50 85.46 85.41 85.39 85.39 85.40 85.36 85.33 85.24 85.16 85.11 85.13 85.15 85.19 85.13 85.24 85.36 85.50 85.75 85.87 85.99 86.13 86.32 86.43 86.45 86.09 85.58 85.53 85.63 85.91 86.12 86.49 86.74 87.13 87.15 87.32 87.46 87.65 87.79 87.89 88.04 88.15 88.22 88.22 88.29 88.32 88.34 88.23 88.56 88.65 88.38 88.36 88.42 88.09 88.29 88.20 88.05 88.01 88.07 87.93 87.90 87.80 87.68 87.57 87.48 87.40 87.32 87.12 87.31 87.15 87.13 87.11 86.69 88.61 89.36 86.96 86.12 86.67 86.60 86.47 86.48 86.45 86.44 86.48 86.58 86.45 86.49 86.47 86.54 86.56 86.54 86.60 86.55 86.56 86.62 86.63 86.59 86.71 86.78 86.87 86.99 87.18 87.38 87.54 87.74 87.78 88.03 88.11 88.29 88.38 88.48 88.55 88.67 88.64 88.67 88.65 88.56 88.63 88.61 88.53 88.49 88.36 88.35 88.12 87.86 87.92 87.79 87.64 87.54 87.45 87.32 87.25 87.18 87.08 87.05 87.05 86.97 87.00 86.93 86.90 86.88 86.91 86.81 87.03 87.05 86.95 87.06 87.26 87.39 87.38
53°N ||     87.31 87.28 87.34 87.34 87.32 87.30 87.25 87.20 87.16 87.06 87.09 87.03 86.91 86.82 86.68 86.49 86.25 86.27 86.22 86.10 86.01 85.95 85.87 85.82 85.77 85.73 85.68 85.64 85.62 85.58 85.55 85.54 85.50 85.49 85.49 85.49 85.48 85.43 85.35 85.28 85.23 85.22 85.25 85.29 85.37 85.47 85.54 85.65 85.77 85.93 86.12 86.25 86.36 86.47 86.56 86.64 85.94 86.18 85.80 86.45 86.97 87.10 87.22 87.28 87.39 87.53 87.74 87.85 87.95 88.01 88.20 88.26 88.29 88.32 88.38 88.45 88.46 88.41 88.50 88.45 88.37 88.44 88.38 88.43 88.32 88.47 88.39 88.17 88.13 87.96 87.98 87.89 87.76 87.71 87.56 87.45 87.48 87.72 87.33 87.30 87.12 87.12 86.99 86.86 86.56 86.58 86.55 86.78 86.66 86.72 86.64 86.64 86.57 86.64 86.63 86.60 86.68 86.75 86.64 86.71 86.65 86.61 86.53 86.58 86.62 86.57 86.57 86.69 86.75 86.82 87.01 87.18 87.32 87.47 87.46 87.67 87.81 87.99 88.03 88.14 88.17 88.29 88.31 88.43 88.47 88.49 88.42 88.44 88.30 88.30 88.32 88.30 88.09 87.92 87.84 87.71 87.76 87.62 87.54 87.44 87.35 87.26 87.19 87.15 87.12 87.07 87.10 87.07 86.84 86.92 86.87 86.98 86.95 86.95 87.00 87.15 87.29 87.29 87.37 87.38
55°N ||     87.41 87.38 87.31 87.23 87.26 87.12 87.16 87.19 87.14 87.09 87.07 86.96 86.91 86.78 86.73 86.52 88.06 86.19 86.26 86.19 86.11 86.01 85.96 85.93 85.85 85.79 85.75 85.70 85.66 85.63 85.61 85.60 85.58 85.59 85.58 85.59 85.55 85.53 85.50 85.45 85.39 85.39 85.36 85.38 85.44 85.53 85.64 86.21 86.04 86.24 86.32 86.35 86.66 86.51 86.62 86.76 86.87 86.92 87.12 87.23 87.33 87.42 87.60 87.68 87.80 87.91 87.94 88.04 88.10 88.19 88.31 88.36 88.37 88.44 88.48 88.43 88.46 88.46 88.51 88.60 88.38 88.42 88.46 88.39 88.50 88.36 88.21 88.19 88.06 88.07 88.01 87.98 87.86 87.75 87.57 87.54 87.52 87.50 87.42 87.33 87.27 87.19 87.07 87.07 87.02 86.90 86.82 86.83 86.84 86.77 86.77 86.77 86.72 86.80 86.73 86.81 86.90 86.87 86.86 86.82 86.69 86.66 86.60 86.58 86.52 86.54 86.68 86.76 86.77 86.82 86.97 87.12 87.23 87.26 87.41 87.56 87.68 87.79 87.81 87.89 87.95 88.03 88.07 88.17 88.21 88.15 88.18 88.18 87.94 87.97 88.07 87.95 87.92 87.77 87.68 87.75 87.53 87.62 87.56 87.34 87.27 87.24 87.21 87.21 87.11 87.12 87.07 86.99 86.95 87.01 87.02 86.86 86.91 86.90 87.07 87.24 87.28 87.37 87.43 87.46
57°N ||     87.39 87.38 87.34 87.30 87.33 87.23 87.15 87.12 87.10 87.11 86.99 86.91 86.92 86.79 86.71 86.67 86.32 86.37 86.28 86.27 86.20 86.14 86.06 85.99 85.94 85.89 85.83 85.78 85.78 85.73 85.72 85.69 85.68 85.69 85.67 85.68 85.67 85.65 85.63 85.56 85.54 85.50 85.49 85.50 85.55 85.65 85.77 85.89 86.12 86.23 86.34 86.40 86.48 86.58 86.72 86.85 86.98 87.14 87.28 87.40 87.65 87.72 87.79 87.84 87.94 87.97 88.06 88.14 88.19 88.30 88.32 88.80 88.48 88.48 88.49 88.54 88.52 88.47 88.48 88.47 88.44 88.57 88.36 88.38 87.82 89.17 88.22 88.16 88.13 88.04 88.06 87.91 87.85 87.79 87.74 87.62 87.61 87.50 87.44 87.27 87.28 87.23 87.09 86.97 86.92 86.93 86.91 86.83 86.94 86.89 86.85 86.91 86.98 86.97 86.96 87.00 87.05 86.99 86.92 86.78 86.73 86.73 86.69 86.63 86.62 86.65 86.61 86.68 86.75 86.79 86.93 86.99 87.12 87.13 87.21 87.32 87.50 87.56 87.61 87.56 87.74 87.70 87.83 87.94 87.96 87.91 87.89 87.92 87.89 87.80 87.87 87.81 87.83 87.81 87.65 87.70 87.58 87.62 87.56 87.41 87.33 87.34 87.23 87.19 87.16 87.08 87.08 87.03 86.92 87.01 87.00 86.93 87.11 87.03 87.05 87.18 87.31 87.30 87.36 87.37
59°N ||     87.32 87.35 87.33 87.21 87.29 87.27 87.07 87.19 87.18 87.18 87.11 87.04 86.95 86.88 86.77 86.63 86.66 86.54 86.47 86.40 86.33 86.26 86.16 86.09 86.08 86.05 86.01 85.96 85.93 85.89 85.87 85.83 85.81 85.82 85.86 85.82 85.82 85.82 85.76 85.70 85.67 85.65 85.65 85.72 85.77 85.88 85.97 86.09 86.25 86.34 86.42 86.56 86.61 86.71 86.84 86.94 87.08 87.23 87.37 87.57 87.80 87.68 87.97 88.03 88.04 88.10 88.19 88.25 88.28 88.27 88.38 88.36 88.40 88.48 88.50 88.50 88.45 88.53 88.58 88.54 88.44 88.42 88.43 88.36 88.33 88.30 88.26 88.24 88.17 88.02 87.92 87.96 87.83 87.83 87.61 87.67 87.65 87.56 87.40 87.35 87.26 87.22 87.19 87.14 87.14 87.08 86.95 86.95 86.98 87.01 87.08 87.11 87.10 87.10 87.02 87.09 87.08 87.09 86.93 86.87 86.84 86.79 86.67 86.69 86.63 86.63 86.60 86.66 86.72 86.74 86.84 86.83 87.01 87.15 87.11 87.01 87.22 87.28 87.26 87.42 87.52 87.39 87.55 87.65 87.64 87.58 87.65 87.63 87.65 87.65 87.64 87.68 87.66 87.60 87.59 87.63 87.60 87.49 87.49 87.40 87.43 87.32 87.27 87.19 87.14 87.08 86.94 86.95 86.93 86.99 87.03 87.04 87.10 87.09 87.13 87.17 87.25 87.36 87.21 87.30
61°N ||     87.27 87.28 87.27 87.28 87.26 87.31 87.22 87.16 87.21 87.09 87.04 87.05 86.99 86.90 86.81 86.76 86.69 86.63 86.57 86.48 86.40 86.38 86.33 86.28 86.23 86.21 86.15 86.12 86.09 86.08 86.07 86.04 86.06 86.06 86.03 86.01 85.99 86.01 85.99 86.28 85.95 85.94 85.94 85.97 86.00 86.06 86.12 86.22 86.38 86.47 86.51 86.70 86.83 86.93 87.02 87.16 87.28 87.40 87.52 87.61 87.80 87.97 88.04 88.10 88.18 88.61 88.10 88.32 88.35 88.35 88.44 88.32 88.41 88.54 88.60 88.57 88.53 88.55 88.45 88.49 88.43 88.44 88.38 88.40 88.32 88.29 88.20 88.15 88.07 88.00 87.92 87.88 87.85 87.76 87.75 87.74 87.58 87.50 87.47 87.36 87.32 87.26 87.17 87.16 87.13 87.15 87.03 87.10 87.09 87.15 87.14 87.16 87.18 87.17 87.09 87.16 87.10 87.09 87.05 86.90 86.96 86.93 86.63 86.74 86.70 86.66 86.60 86.57 86.61 86.70 86.70 86.74 86.80 86.47 86.83 86.99 87.03 87.00 87.15 87.22 87.28 87.13 87.36 87.40 87.42 87.30 87.39 87.37 87.44 87.48 87.44 87.49 87.44 87.39 87.46 87.47 87.41 87.38 87.40 87.33 87.28 87.31 87.23 87.20 87.16 86.98 87.08 87.05 86.96 87.01 86.98 87.06 87.10 87.08 87.17 87.18 87.14 87.25 87.23 87.17
63°N ||     87.32 87.20 87.20 87.99 87.23 87.27 87.27 87.25 87.21 87.19 87.14 87.05 87.03 86.94 86.91 86.88 86.81 86.77 86.65 86.54 86.37 86.52 86.47 86.43 86.40 86.39 86.34 86.35 86.34 86.30 86.28 86.25 86.23 86.20 86.17 86.15 86.14 86.15 86.15 86.14 86.13 86.16 86.16 86.20 86.27 86.31 86.38 86.42 86.55 86.65 86.80 86.90 87.02 87.16 87.32 87.39 87.49 87.59 87.72 87.75 87.85 87.98 88.10 88.21 88.21 88.23 88.38 88.35 88.34 88.33 88.39 88.34 88.42 88.41 88.44 88.50 88.45 88.38 88.37 88.41 88.39 88.38 88.28 88.22 88.18 87.95 88.00 87.96 87.95 87.92 87.89 87.81 87.70 87.66 87.70 87.46 87.42 87.44 87.40 87.33 87.32 87.25 87.19 87.19 87.20 87.18 87.17 87.18 87.17 87.15 87.20 87.18 87.23 87.18 87.16 87.14 87.13 87.05 87.12 87.04 86.97 86.94 86.93 86.84 86.78 86.73 86.66 86.63 86.61 86.61 86.62 86.67 86.72 86.73 86.79 86.88 86.92 86.92 87.01 86.89 87.09 86.94 87.12 87.19 87.10 87.23 87.22 87.23 87.27 87.27 87.25 87.26 87.34 87.34 87.34 87.30 87.31 87.26 87.29 87.31 87.27 87.22 87.24 87.20 87.08 87.13 87.13 87.14 86.96 87.02 87.04 87.07 87.00 87.12 87.19 87.23 87.20 87.24 87.26 87.27
65°N ||     87.26 87.37 87.26 87.34 87.33 87.29 87.27 87.29 87.09 87.18 87.13 87.13 87.13 87.10 87.26 86.96 86.92 86.87 86.77 86.83 86.78 86.70 86.67 86.65 86.62 86.60 86.50 86.54 86.52 86.50 86.45 86.42 86.40 86.37 86.33 86.29 86.28 86.29 86.26 86.25 86.26 86.30 86.35 86.40 86.47 86.54 86.59 86.68 86.74 86.84 86.93 86.95 87.16 87.35 87.48 87.63 87.76 87.92 87.97 88.00 88.02 88.14 88.19 88.16 88.28 88.31 88.32 88.24 88.29 88.34 88.24 88.26 88.35 88.36 88.36 88.38 88.38 88.31 88.32 88.31 88.32 88.25 88.19 87.91 89.05 91.08 87.36 87.80 87.88 87.80 87.83 87.69 87.71 87.56 87.55 87.48 87.41 87.39 87.38 87.35 87.28 87.27 87.23 87.13 87.22 87.12 87.11 87.15 87.15 87.13 87.19 87.19 87.23 87.17 87.06 87.08 87.18 87.08 87.05 87.11 87.08 87.01 86.99 86.84 86.83 86.69 86.72 86.66 86.64 86.54 86.62 86.60 86.60 86.63 86.70 86.68 86.74 86.77 86.72 86.82 86.89 86.88 86.95 86.98 86.92 87.04 87.03 87.06 87.04 87.07 87.11 87.13 87.13 87.17 87.02 87.19 87.16 87.23 87.21 87.20 87.13 87.12 87.21 87.19 87.11 87.20 87.19 87.04 87.14 87.07 87.18 87.16 87.13 87.14 87.15 87.21 87.12 87.14 87.29 87.03
67°N ||     87.33 87.32 87.37 87.34 87.31 87.41 87.36 87.31 87.34 87.30 87.16 87.20 87.24 87.13 87.16 87.10 87.09 87.05 87.03 87.02 86.88 86.93 86.82 86.77 86.77 86.67 86.76 86.73 86.66 86.63 86.62 86.54 86.56 86.48 86.71 86.41 86.41 86.40 86.38 86.39 86.42 86.45 86.53 86.56 86.62 86.70 86.79 86.90 86.98 87.08 87.21 87.35 87.47 87.63 87.78 87.92 88.08 88.18 88.30 88.40 88.43 88.40 88.31 88.27 88.27 88.26 88.22 88.25 88.31 88.26 88.29 88.29 88.25 88.31 88.30 88.25 88.22 88.12 88.28 88.23 88.20 88.14 87.99 87.94 87.93 87.80 87.78 87.80 87.75 87.78 87.69 87.62 87.61 87.52 87.49 87.41 87.38 87.34 87.30 87.22 87.17 87.22 87.18 87.09 87.12 87.12 87.13 87.09 87.05 86.98 87.03 87.15 87.20 87.15 87.12 87.13 87.04 87.10 87.09 87.08 87.04 86.95 86.99 86.94 86.87 86.83 86.82 86.70 86.64 86.63 86.58 86.52 86.53 86.53 86.47 86.60 86.61 86.63 86.43 86.69 86.73 86.80 86.82 86.78 86.81 86.83 86.70 86.91 86.90 86.93 86.91 87.02 87.00 87.04 87.06 87.05 87.07 87.09 87.10 87.14 87.02 87.04 87.04 87.10 87.09 87.09 87.18 87.18 87.19 87.14 87.20 87.15 87.23 87.21 87.12 87.16 87.18 87.29 87.27 87.31
69°N ||     87.20 87.37 87.37 87.33 87.36 87.37 87.34 87.38 87.27 87.41 87.32 87.30 87.28 87.30 87.17 87.10 87.10 87.19 87.22 87.13 87.14 87.13 87.10 87.07 86.97 86.95 86.68 86.90 86.89 86.76 86.86 86.71 86.73 86.64 86.57 86.51 86.53 86.53 86.54 86.54 86.55 86.64 86.70 86.77 86.83 86.93 87.09 87.22 87.37 87.48 87.56 87.63 87.68 87.79 87.86 87.98 88.05 88.09 88.18 88.21 88.21 88.23 88.20 88.19 88.14 88.17 88.18 88.19 88.14 88.20 88.21 88.17 88.24 88.21 88.09 88.16 88.14 88.07 88.08 88.04 87.98 87.95 87.98 87.90 87.78 87.80 87.67 87.63 87.60 87.56 87.56 87.50 87.42 87.41 87.40 87.25 87.28 87.28 87.23 87.21 87.19 87.19 87.16 87.08 87.10 87.16 87.13 87.09 87.09 87.12 86.94 86.98 87.08 87.07 87.11 87.07 87.03 87.06 87.05 86.97 86.92 86.96 86.93 86.92 86.82 86.80 86.79 86.76 86.73 86.69 86.64 86.57 86.56 86.51 86.46 86.42 86.46 86.54 86.60 86.58 86.60 86.61 86.64 86.64 86.65 86.66 86.70 86.74 86.74 86.73 86.79 86.75 86.81 86.87 86.93 86.97 86.94 86.99 87.12 87.06 87.02 87.02 87.02 87.09 87.09 87.13 87.15 87.20 87.18 87.14 87.13 87.21 87.24 87.27 87.37 87.32 87.28 87.31 87.27 87.24
71°N ||     87.34 87.41 87.46 87.38 87.33 87.40 87.82 87.29 87.38 87.39 87.28 87.33 87.35 87.31 87.39 87.41 87.40 87.33 87.46 87.24 87.16 87.27 87.27 87.22 87.14 87.10 87.04 86.96 87.00 86.89 86.92 86.94 86.95 86.82 86.90 86.91 86.81 86.81 86.82 86.84 86.79 86.92 86.97 87.01 87.10 87.16 87.26 87.39 87.46 87.57 87.65 87.71 87.72 87.69 87.76 87.78 87.80 87.84 87.88 87.88 87.84 87.90 87.90 87.93 88.06 87.98 88.00 88.03 88.12 88.04 88.08 88.04 88.03 88.07 88.00 87.94 87.95 87.98 87.94 87.87 87.83 87.82 87.78 87.72 87.65 87.63 87.58 87.57 87.53 87.43 87.34 87.27 87.32 87.33 87.25 87.24 87.20 87.18 87.16 87.12 87.07 87.03 87.01 86.99 87.04 87.07 87.06 87.01 87.03 87.02 87.08 87.02 87.00 87.01 86.96 87.01 86.95 86.94 86.86 86.93 86.83 86.90 86.88 86.79 86.80 86.79 86.77 86.77 86.73 86.67 86.64 86.64 86.60 86.58 86.51 86.52 86.48 86.45 86.43 86.40 86.36 86.36 86.39 86.42 86.46 86.50 86.56 86.58 86.65 86.64 86.70 86.69 86.69 86.72 86.79 86.76 86.87 86.93 86.97 87.00 87.02 86.95 87.05 87.07 87.08 87.14 87.12 87.15 87.05 87.19 87.18 87.17 87.11 87.22 87.25 87.28 87.37 87.24 87.32 87.30
73°N ||     87.40 87.47 87.47 87.42 87.36 87.50 87.52 87.48 87.47 87.52 87.59 87.50 87.52 87.41 87.63 87.48 87.45 87.42 87.36 87.36 87.40 87.18 87.19 87.26 87.17 87.27 87.17 87.51 87.32 87.23 87.29 87.16 87.10 87.05 86.97 87.03 86.96 86.99 87.02 87.10 87.14 87.19 87.22 87.25 87.33 87.37 87.40 87.44 87.49 87.54 87.62 87.74 87.69 87.69 87.69 87.67 87.63 87.61 87.56 87.61 87.64 87.68 87.71 87.70 87.73 87.80 87.83 87.79 87.78 87.82 87.89 87.94 87.93 87.83 87.89 87.90 87.91 87.83 87.77 87.67 87.68 87.64 87.59 87.54 87.57 87.55 87.50 87.45 87.39 87.39 87.32 87.17 87.17 87.17 87.16 87.06 87.08 87.07 87.03 87.06 87.02 87.02 86.98 86.88 86.96 86.97 86.92 86.90 86.90 86.86 86.92 86.93 86.97 86.96 86.93 86.97 86.98 86.92 86.84 86.80 86.84 86.89 86.87 86.79 86.77 86.74 86.71 86.74 86.66 86.65 86.62 86.58 86.60 86.55 86.57 86.54 86.50 86.47 86.46 86.47 86.49 86.50 86.52 86.52 86.54 86.56 86.58 86.59 86.62 86.64 86.62 86.68 86.68 86.71 86.71 86.71 86.81 86.85 86.88 86.86 86.96 86.96 86.92 87.00 87.07 87.12 87.06 87.13 87.20 87.23 86.84 88.15 87.00 86.27 87.21 87.27 87.39 87.36 87.22 87.33
75°N ||     87.35 87.45 87.39 87.44 87.44 87.56 87.41 87.50 87.52 87.51 87.57 87.48 87.50 87.60 87.51 87.56 87.56 87.38 87.46 87.51 87.45 87.54 87.59 87.67 87.51 87.34 87.37 87.38 87.15 87.22 87.24 87.19 87.31 87.35 87.41 87.25 87.20 87.21 87.12 87.24 87.22 87.26 87.35 87.33 87.33 87.27 87.35 87.40 87.43 87.53 87.57 87.58 87.58 87.59 87.59 87.70 87.56 87.54 87.56 87.58 87.64 87.69 87.71 87.71 87.71 87.68 87.64 87.66 87.70 87.62 87.73 87.73 87.73 87.73 87.71 87.74 87.68 87.67 87.58 87.60 87.53 87.52 87.46 87.60 87.42 87.35 87.31 87.26 87.24 87.25 87.19 87.16 87.13 87.08 87.08 87.06 87.14 86.98 86.94 86.92 86.91 86.90 86.90 86.86 86.88 86.90 86.90 86.87 86.83 86.89 86.86 86.84 86.89 86.89 86.88 86.86 86.85 86.87 86.80 86.81 86.80 86.78 86.73 86.82 86.81 86.78 86.70 86.68 86.68 86.61 86.67 86.64 86.65 86.62 86.55 86.57 86.54 86.54 86.53 86.53 86.51 86.56 86.56 86.47 86.53 86.56 86.60 86.61 86.57 86.58 86.60 86.64 86.66 86.67 86.70 86.71 86.73 86.80 86.83 86.87 86.87 86.93 86.94 87.00 87.03 87.02 87.03 87.06 87.11 87.15 87.16 87.21 87.16 87.37 87.39 87.42 87.43 87.42 87.38 87.31
77°N ||     87.50 87.38 87.16 87.05 87.19 87.45 87.36 87.01 87.03 87.41 87.50 87.50 87.54 87.50 87.49 87.33 87.09 87.14 87.02 87.32 87.13 87.23 87.63 87.90 87.49 87.32 87.31 87.43 87.36 87.35 87.33 87.33 87.38 87.29 87.00 87.27 87.18 87.25 87.22 87.18 87.33 87.30 87.22 87.22 87.29 87.36 87.39 87.42 87.46 87.48 87.49 87.52 87.39 87.57 87.59 87.63 87.65 87.64 87.64 87.64 87.66 87.06 87.07 87.42 87.54 87.51 87.50 87.53 87.46 87.45 87.51 87.53 87.53 87.53 87.49 87.50 87.48 87.49 87.52 87.50 87.46 87.36 87.35 87.32 87.31 87.26 87.15 87.13 87.20 87.16 87.17 87.13 87.06 86.98 86.96 87.00 87.00 86.98 86.94 86.91 86.90 86.90 86.86 86.93 86.86 86.85 86.86 86.85 86.85 86.85 86.85 86.84 86.81 86.76 86.77 86.76 86.81 86.75 86.75 86.68 86.72 86.74 86.76 86.76 86.76 86.77 86.74 86.72 86.69 86.65 86.68 86.63 86.60 86.55 86.34 86.50 86.57 86.58 86.60 86.58 86.54 86.55 86.55 86.54 86.55 86.54 86.58 86.55 86.57 86.53 86.58 86.62 86.62 86.65 86.69 86.70 86.73 86.74 86.72 86.77 86.80 86.85 86.92 86.97 86.99 86.99 87.03 87.10 87.11 87.08 87.15 87.09 87.14 87.21 87.19 87.37 87.47 87.45 87.38 87.44
79°N ||     87.19 87.08 87.08 87.17 87.19 87.15 87.11 87.11 87.14 87.12 87.14 87.00 87.22 87.17 87.20 87.28 87.28 87.32 87.32 87.27 87.25 87.35 87.33 87.36 87.40 87.44 87.37 87.16 87.22 87.12 87.17 87.20 87.23 87.24 87.20 87.25 87.21 87.30 87.28 87.27 87.28 87.30 87.30 87.25 87.20 87.21 87.24 87.28 87.30 87.37 87.43 87.39 87.42 87.45 87.48 87.49 87.45 87.50 87.56 87.55 87.58 87.60 87.59 87.60 87.55 87.55 87.61 87.56 87.47 87.42 87.36 87.34 87.27 87.29 87.30 87.16 87.13 87.16 87.26 87.27 87.18 87.23 87.09 86.70 86.92 87.20 86.33 86.48 86.97 86.04 86.30 86.70 86.48 86.21 86.59 86.08 86.21 86.66 86.47 86.27 86.35 86.39 86.47 86.75 86.79 86.73 86.77 86.79 86.81 86.79 86.78 86.78 86.78 86.77 86.73 86.75 86.74 86.74 86.72 86.57 87.01 86.56 86.69 86.67 86.65 86.68 86.66 86.64 86.64 86.65 86.65 86.65 86.63 86.64 86.63 86.64 86.65 86.65 86.61 86.62 86.60 86.57 86.52 86.54 86.54 86.48 86.42 86.43 86.47 86.51 86.54 86.51 86.58 86.62 86.62 86.68 86.66 86.71 86.70 86.71 86.74 86.80 86.82 86.89 86.90 86.95 86.93 86.92 86.96 87.07 87.06 87.09 87.10 87.14 87.16 87.12 87.11 87.24 87.24 87.22
81°N ||     86.42 86.43 86.45 86.50 86.45 86.46 86.48 86.47 86.47 86.49 86.51 86.53 86.55 86.57 86.60 86.62 86.62 86.65 86.64 86.66 86.67 86.69 86.72 86.75 86.78 86.83 86.90 86.99 86.98 87.05 87.12 87.04 87.05 87.20 86.78 86.78 86.63 86.84 86.37 86.47 86.65 86.72 87.07 87.07 87.09 87.15 87.21 87.18 87.01 86.97 86.56 86.53 86.39 86.54 86.93 86.65 86.66 86.63 86.60 86.67 87.12 86.96 87.02 87.02 87.08 87.13 87.22 86.91 86.78 86.56 86.57 86.60 86.24 86.42 86.28 86.08 85.95 86.05 85.96 85.84 85.84 85.72 85.74 85.68 85.68 85.71 85.63 85.62 85.62 85.59 85.62 85.66 85.56 85.56 85.66 85.59 85.60 85.53 85.53 85.55 85.67 85.70 85.69 85.69 85.71 85.75 85.62 86.06 86.05 86.43 86.40 86.02 86.16 86.61 86.37 86.44 86.25 86.34 86.53 86.12 86.16 86.09 86.16 86.18 86.36 86.61 86.25 86.31 86.32 86.31 86.35 86.33 86.33 86.36 86.37 86.39 86.45 86.52 86.59 86.60 86.60 86.60 86.60 86.57 86.59 86.55 86.56 86.58 86.59 86.64 86.64 86.66 86.67 86.69 86.68 86.67 86.67 86.70 86.71 86.68 86.69 86.70 86.73 86.73 86.73 86.73 86.71 86.69 86.68 86.62 86.55 86.57 86.56 86.55 86.54 86.50 86.47 86.43 86.43 86.42
83°N ||     86.13 86.13 86.13 86.13 86.13 86.12 86.13 86.14 86.15 86.16 86.18 86.20 86.21 86.23 86.24 86.27 86.30 86.31 86.36 86.36 86.39 86.40 86.40 86.40 86.39 86.35 86.46 86.43 86.42 86.00 85.98 85.85 85.97 86.03 85.87 86.00 85.83 85.84 85.85 85.81 85.75 85.81 85.72 85.67 85.67 85.73 85.72 85.71 85.73 85.77 85.82 85.88 86.00 86.05 85.85 85.89 85.81 85.76 85.75 85.81 85.76 86.10 86.05 86.58 86.71 86.85 86.98 87.06 87.04 86.77 86.57 86.31 86.12 85.99 85.95 85.85 85.81 85.76 85.73 85.71 85.70 85.67 85.66 85.64 85.62 85.60 85.59 85.57 85.56 85.56 85.56 85.56 85.55 85.55 85.53 85.52 85.51 85.51 85.50 85.49 85.49 85.48 85.47 85.46 85.45 85.45 85.44 85.44 85.45 85.49 85.55 85.62 85.60 85.63 85.57 85.62 85.70 85.73 85.68 85.64 85.62 85.63 85.72 85.66 85.68 85.64 85.68 85.69 85.66 85.68 85.62 85.64 85.68 85.75 85.72 85.71 85.73 85.67 85.70 85.71 85.76 85.93 85.97 86.03 86.25 86.22 86.43 86.57 86.59 86.57 86.54 86.53 86.53 86.53 86.57 86.59 86.58 86.57 86.51 86.49 86.47 86.46 86.44 86.42 86.40 86.37 86.35 86.32 86.31 86.30 86.27 86.27 86.24 86.23 86.22 86.20 86.17 86.15 86.14 86.13
85°N ||     86.27 86.17 86.26 86.36 86.41 86.60 85.89 85.81 85.97 86.08 85.73 85.86 85.78 85.74 85.83 85.92 85.62 85.55 85.54 85.55 85.55 85.63 85.81 85.69 85.70 85.76 85.89 85.79 85.78 85.88 85.89 85.49 85.52 85.63 85.52 85.48 85.48 85.48 85.48 85.50 85.49 85.53 85.50 85.48 85.49 85.46 85.44 85.44 85.44 85.49 85.49 85.48 85.50 85.58 85.57 85.53 85.54 85.55 85.57 85.59 85.60 85.58 85.62 85.59 85.58 85.58 85.67 85.67 85.84 85.97 86.05 86.18 86.02 86.00 86.02 86.13 86.25 86.40 86.46 86.45 86.46 86.39 86.11 85.94 85.78 85.75 85.78 85.81 85.88 86.02 86.36 86.39 85.63 85.56 85.56 85.58 85.56 85.54 85.51 85.48 85.47 85.50 85.47 85.45 85.44 85.43 85.42 85.42 85.42 85.41 85.40 85.41 85.41 85.41 85.42 85.42 85.43 85.44 85.44 85.44 85.44 85.45 85.46 85.45 85.45 85.45 85.45 85.45 85.45 85.44 85.45 85.44 85.44 85.45 85.46 85.46 85.48 85.48 85.48 85.53 85.47 85.47 85.47 85.58 85.59 85.60 85.64 85.75 85.65 85.58 85.62 85.58 85.68 85.71 85.81 85.91 85.71 85.79 85.86 85.90 85.87 85.79 85.85 86.03 85.97 86.03 86.13 86.37 86.19 86.43 86.24 86.09 86.03 85.97 86.03 86.16 86.25 86.07 86.09 86.13
87°N ||     85.35 85.39 85.37 85.38 85.41 85.38 85.39 85.37 85.32 85.31 85.31 85.31 85.33 85.34 85.32 85.29 85.29 85.30 85.29 85.29 85.29 85.32 85.32 85.25 85.25 85.25 85.27 85.28 85.29 85.29 85.30 85.27 85.23 85.25 85.23 85.19 85.17 85.17 85.16 85.17 85.19 85.18 85.22 85.21 85.19 85.14 85.13 85.12 85.14 85.16 85.16 85.16 85.17 85.17 85.21 85.26 85.26 85.28 85.29 85.29 85.28 85.26 85.26 85.25 85.24 85.24 85.23 85.24 85.25 85.27 85.34 85.43 85.45 85.42 85.42 85.40 85.43 85.41 85.40 85.42 85.39 85.37 85.36 85.36 85.38 85.36 85.37 85.42 85.38 85.41 85.35 85.33 85.34 85.32 85.29 85.29 85.30 85.30 85.32 85.31 85.29 85.26 85.26 85.28 85.28 85.24 85.24 85.23 85.21 85.21 85.20 85.22 85.20 85.21 85.21 85.22 85.23 85.24 85.23 85.29 85.21 85.22 85.23 85.25 85.29 85.32 85.26 85.26 85.28 85.28 85.31 85.27 85.21 85.21 85.21 85.21 85.21 85.23 85.26 85.26 85.27 85.27 85.28 85.27 85.29 85.29 85.30 85.28 85.26 85.23 85.25 85.23 85.27 85.25 85.21 85.21 85.22 85.33 85.29 85.32 85.28 85.36 85.36 85.39 85.39 85.40 85.37 85.35 85.36 85.37 85.36 85.39 85.41 85.41 85.41 85.42 85.39 85.40 85.43 85.39
89°N ||     85.06 85.05 85.05 85.07 85.07 85.01 85.01 84.99 84.98 84.98 84.99 84.98 84.98 84.97 84.97 84.97 84.96 84.96 84.96 84.96 84.95 84.96 84.97 84.96 84.96 84.96 84.95 84.93 84.92 84.91 84.90 84.89 84.89 84.88 84.88 84.87 84.87 84.86 84.86 84.86 84.86 84.85 84.85 84.85 84.85 84.85 84.84 84.84 84.85 84.85 84.86 84.86 84.88 84.89 84.90 84.92 84.93 84.93 84.94 84.94 84.94 84.95 84.95 84.96 84.96 84.97 84.98 84.98 84.98 84.99 84.99 84.99 85.00 85.01 85.02 85.02 85.03 85.03 85.05 85.05 85.05 85.04 85.05 85.05 85.05 85.06 85.06 85.05 85.06 85.05 85.05 85.07 85.08 85.07 85.06 85.05 85.04 85.05 85.09 85.09 85.07 85.04 85.04 85.04 85.03 85.02 85.02 85.01 85.00 84.99 84.99 84.99 84.98 84.98 84.98 84.97 84.97 84.97 84.96 84.96 84.96 84.96 84.96 84.96 84.97 84.96 84.96 84.96 84.95 84.94 84.94 84.94 84.93 84.93 84.92 84.91 84.90 84.89 84.89 84.88 84.88 84.87 84.87 84.87 84.87 84.87 84.87 84.88 84.88 84.88 84.89 84.90 84.90 84.91 84.92 84.93 84.95 84.96 84.95 84.94 84.94 84.94 84.95 84.95 84.94 84.95 84.95 84.95 84.96 84.97 84.98 84.99 84.99 85.00 85.01 85.02 85.03 85.03 85.03 85.05
