Mars Surface Radiation Result (absorbed dose in thin silicon slab) (1E-6 Gy/day).
Column 1 is East longitude (°)
Line 1 is North latitude (°)

-179  -177  -175  -173  -171  -169  -167  -165  -163  -161  -159  -157  -155  -153  -151  -149  -147  -145  -143  -141  -139  -137  -135  -133  -131  -129  -127  -125  -123  -121  -119  -117  -115  -113  -111  -109  -107  -105  -103  -101  -99  -97  -95  -93  -91  -89  -87  -85  -83  -81  -79  -77  -75  -73  -71  -69  -67  -65  -63  -61  -59  -57  -55  -53  -51  -49  -47  -45  -43  -41  -39  -37  -35  -33  -31  -29  -27  -25  -23  -21  -19  -17  -15  -13  -11  -9  -7  -5  -3  -1  1  3  5  7  9  11  13  15  17  19  21  23  25  27  29  31  33  35  37  39  41  43  45  47  49  51  53  55  57  59  61  63  65  67  69  71  73  75  77  79  81  83  85  87  89  91  93  95  97  99  101  103  105  107  109  111  113  115  117  119  121  123  125  127  129  131  133  135  137  139  141  143  145  147  149  151  153  155  157  159  161  163  165  167  169  171  173  175  177  179  
--------------------------------------------------------------------------------------------------
-89°N ||     70.09 70.15 70.20 70.22 70.22 70.21 70.20 70.22 70.24 70.28 70.41 70.46 70.44 70.50 70.67 70.75 70.80 70.87 70.89 70.79 70.73 70.85 70.86 70.82 70.76 70.73 70.68 70.69 70.76 70.73 70.80 70.88 70.84 70.78 70.86 70.81 70.75 70.71 70.62 70.55 70.50 70.44 70.39 70.37 70.35 70.36 70.36 70.37 70.37 70.36 70.34 70.34 70.32 70.31 70.32 70.32 70.26 70.24 70.22 70.23 70.22 70.22 70.23 70.21 70.22 70.25 70.26 70.15 70.10 70.12 70.08 70.09 70.09 70.09 70.05 70.03 70.03 70.02 70.01 70.02 70.00 70.03 70.04 70.02 70.04 70.04 70.04 70.04 70.04 70.04 70.05 70.07 70.07 70.07 70.07 70.08 70.07 70.08 70.07 70.06 70.03 70.03 70.03 70.03 70.04 70.05 70.05 70.05 70.06 70.06 70.06 70.04 70.02 70.04 70.08 70.11 70.10 70.10 70.11 70.13 70.15 70.16 70.16 70.19 70.21 70.24 70.24 70.26 70.29 70.30 70.31 70.32 70.33 70.34 70.35 70.37 70.37 70.37 70.37 70.38 70.34 70.34 70.32 70.29 70.31 70.31 70.29 70.26 70.22 70.20 70.19 70.18 70.18 70.15 70.13 70.11 70.10 70.09 70.08 70.09 70.08 70.06 70.05 70.02 70.01 70.00 70.01 70.02 70.03 70.04 70.07 70.09 70.10 70.11 70.10 70.10 70.09 70.09 70.08 70.09
-87°N ||     71.48 71.57 71.61 71.72 71.69 71.75 71.68 71.66 71.63 71.56 71.56 71.55 71.49 71.41 71.38 71.37 71.39 71.40 71.39 71.36 71.35 71.38 71.47 71.50 71.47 71.42 71.41 71.33 71.38 71.25 71.44 71.46 71.33 71.32 71.32 71.35 71.36 71.35 71.34 71.28 71.22 71.27 71.25 71.24 71.22 71.22 71.22 71.18 71.15 71.11 71.00 71.13 70.98 70.77 70.80 70.76 70.67 70.58 70.53 70.51 70.68 70.28 70.38 70.18 70.12 70.11 70.06 70.03 70.00 69.99 69.99 70.00 70.06 70.04 69.80 69.76 69.69 69.62 69.60 69.77 69.50 69.34 69.35 69.27 69.24 69.25 69.28 69.31 69.34 69.36 69.38 69.37 69.35 69.31 69.30 69.70 69.61 69.77 69.58 69.73 69.71 69.73 69.83 69.84 69.88 69.96 70.01 70.14 70.22 70.25 70.10 70.09 70.13 70.15 70.17 70.17 70.21 70.24 70.31 70.32 70.38 70.43 70.44 70.48 70.53 70.51 70.52 70.58 70.64 70.61 70.67 70.67 70.69 70.74 70.84 70.94 71.00 71.11 71.06 70.92 70.81 70.78 70.76 70.75 70.73 70.74 70.68 70.45 70.41 70.40 70.41 70.42 70.46 70.46 70.44 70.44 70.48 70.57 70.64 70.62 70.67 70.71 70.77 70.78 70.87 70.93 71.02 71.08 71.21 71.26 71.42 71.43 71.44 71.43 71.46 71.32 71.08 71.16 71.45 71.62
-85°N ||     70.94 70.98 71.03 71.05 71.05 71.05 71.05 71.08 71.07 71.06 71.06 71.06 71.09 71.15 71.11 71.07 71.08 71.17 71.15 71.15 71.15 71.16 71.17 71.17 71.15 71.15 71.17 71.25 71.29 71.40 71.65 71.68 71.66 71.66 71.69 71.60 71.78 71.73 71.66 71.57 71.74 71.96 71.93 71.96 71.82 71.80 71.72 71.64 71.57 71.49 71.52 71.42 71.42 71.41 71.62 71.69 71.47 71.34 71.37 71.63 71.52 70.80 70.72 70.76 70.86 70.92 70.78 70.86 70.84 70.52 70.69 70.65 70.41 70.35 70.41 70.18 70.45 70.68 70.95 70.68 70.55 70.49 70.56 70.58 70.66 70.54 70.49 70.38 70.38 70.49 70.38 70.39 70.46 70.41 70.40 70.43 70.46 70.49 70.47 70.52 70.47 70.60 70.87 71.12 71.05 71.01 70.98 70.99 70.95 71.00 71.08 71.13 71.16 71.21 71.01 71.04 71.12 71.14 71.09 71.04 71.03 71.05 71.08 71.15 71.23 71.29 71.28 71.23 71.22 71.17 71.13 71.10 71.06 71.07 71.08 71.14 71.54 72.26 72.49 72.34 71.97 71.79 71.72 71.78 71.47 71.31 71.22 71.13 71.17 71.22 71.14 71.16 71.20 71.31 71.42 71.45 71.45 71.45 71.40 71.39 71.37 71.26 71.15 71.09 71.05 71.11 71.18 71.25 71.37 71.49 71.30 71.34 71.33 71.31 71.24 71.16 71.08 71.05 70.96 70.93
-83°N ||     71.04 71.06 71.08 71.10 71.10 71.11 71.11 71.12 71.14 71.15 71.17 71.19 71.21 71.23 71.22 71.23 71.24 71.27 71.30 71.32 71.34 71.36 71.38 71.41 71.45 71.49 71.52 71.57 71.66 71.74 71.68 71.55 71.51 71.45 71.52 71.63 71.64 71.63 71.66 71.69 71.49 71.52 71.56 71.58 71.61 71.64 71.61 71.98 72.06 72.11 72.03 72.04 71.99 72.01 72.03 72.01 71.97 72.18 72.20 72.15 71.80 72.07 72.01 71.91 72.13 71.89 71.89 71.89 72.19 71.96 72.19 72.39 72.53 72.55 72.46 72.35 72.36 72.34 72.36 72.45 72.45 72.43 72.33 72.35 72.36 72.31 72.27 72.26 72.31 72.31 72.13 72.12 72.18 72.41 72.14 72.09 72.03 71.99 71.99 71.87 72.01 71.60 71.72 71.50 71.81 71.99 72.02 71.84 71.75 71.79 71.85 71.94 72.09 72.12 72.15 72.11 71.83 71.86 71.83 71.84 71.79 71.77 71.54 71.48 71.53 71.58 71.58 71.47 71.46 71.57 71.51 71.52 71.63 71.63 71.75 72.11 72.58 72.52 72.53 72.51 72.53 71.83 71.78 71.83 71.82 71.92 71.90 71.84 71.83 71.82 71.78 71.70 71.63 71.60 71.55 71.43 71.36 71.36 71.56 71.79 72.12 72.34 72.06 71.71 71.20 71.20 70.97 70.91 70.89 70.80 70.81 70.97 71.39 71.45 71.27 71.10 71.02 70.99 71.00 71.02
-81°N ||     71.24 71.29 71.29 71.39 71.21 71.26 71.30 71.33 71.37 71.42 71.46 71.51 71.63 71.66 71.50 71.47 71.48 71.50 71.57 71.63 71.68 71.71 71.72 71.75 71.78 71.82 71.86 71.88 71.90 71.92 71.94 72.04 72.01 72.02 72.10 72.07 71.93 71.97 71.94 71.96 72.10 72.00 71.78 71.84 71.71 71.62 71.67 71.80 71.83 71.74 71.86 71.78 71.95 72.53 72.27 72.44 72.66 72.37 72.63 72.53 72.29 72.40 72.46 72.43 72.40 72.34 72.37 72.39 72.35 72.30 72.39 72.29 72.17 72.20 72.23 72.24 72.18 72.18 72.19 72.24 72.53 72.19 72.07 72.03 72.02 72.04 72.04 72.06 72.04 72.04 72.04 72.06 71.99 71.88 71.73 71.50 70.95 70.31 71.05 71.12 71.53 71.79 71.74 71.82 72.03 72.16 72.25 72.40 72.37 72.30 72.16 72.36 72.41 72.47 72.46 72.50 72.51 72.56 72.55 72.55 72.54 72.56 72.52 72.48 72.47 72.50 72.26 72.28 72.33 72.37 72.40 72.52 72.55 72.60 72.62 72.59 72.56 72.15 71.57 71.40 71.38 71.37 71.38 71.53 71.61 71.65 71.61 71.73 71.81 71.87 71.96 72.01 72.08 71.94 72.01 72.14 72.22 71.99 71.90 71.91 72.22 72.10 71.96 71.97 72.05 71.99 72.28 71.87 71.33 71.03 70.97 71.08 71.24 71.46 71.69 71.22 71.31 71.30 71.15 71.18
-79°N ||     71.43 71.46 71.47 71.54 71.53 71.50 71.50 71.54 71.55 71.69 71.60 71.66 71.70 71.72 71.78 71.82 71.69 71.78 71.65 71.88 71.84 71.87 71.85 72.15 72.43 71.77 72.06 72.35 72.23 72.29 72.24 72.25 72.23 72.24 72.27 72.29 72.29 72.28 72.22 72.19 72.21 72.04 72.46 72.55 71.92 72.08 72.08 71.99 71.95 72.11 72.26 72.11 72.55 72.41 72.42 72.59 72.78 71.98 72.41 72.00 72.54 72.40 71.99 72.31 72.28 72.47 72.48 72.44 72.43 72.41 72.39 72.42 72.41 72.42 72.40 72.38 72.39 72.42 72.42 72.29 72.37 72.47 72.28 72.25 72.28 72.44 72.21 72.34 72.22 72.25 72.30 72.24 72.23 72.05 71.44 71.45 71.11 71.51 71.91 72.10 72.02 72.21 72.23 72.26 72.29 72.41 72.30 72.39 72.23 72.40 72.11 72.30 72.19 72.19 71.95 71.87 72.34 72.43 72.58 72.60 72.63 72.61 72.62 72.61 72.64 72.62 72.59 72.62 72.61 72.63 72.59 72.58 72.63 72.61 72.61 72.61 72.64 72.64 72.60 72.60 72.60 72.62 72.43 72.20 72.35 72.01 71.69 71.72 71.74 71.65 71.69 71.76 72.02 72.71 72.61 72.06 71.91 72.27 71.51 71.55 71.99 71.59 71.37 71.25 71.19 71.26 71.18 71.50 71.36 71.31 71.30 71.34 71.44 71.23 71.17 71.26 71.33 71.39 71.39 71.39
-77°N ||     71.92 71.72 71.68 71.65 71.60 71.78 71.76 71.99 71.96 71.98 71.94 71.94 72.16 72.05 72.03 72.04 72.07 72.04 72.17 72.11 72.09 72.12 72.08 72.15 72.11 72.20 72.32 72.36 72.25 72.31 72.30 72.32 72.33 72.33 72.34 72.34 72.31 72.33 72.32 72.32 72.32 72.34 72.30 72.21 72.18 72.05 71.68 72.17 71.62 71.83 72.38 72.27 72.12 71.67 71.77 71.96 72.12 72.11 72.19 72.14 72.34 72.48 72.38 72.43 72.53 72.53 72.50 72.53 72.53 72.51 72.51 72.52 72.50 72.52 72.51 72.50 72.47 72.39 72.26 72.31 72.27 72.17 72.12 72.02 72.21 72.35 72.26 72.28 72.14 72.23 72.26 72.25 72.03 71.94 71.86 71.73 71.32 71.00 71.89 72.60 72.80 72.89 72.89 72.18 72.33 72.22 72.25 72.37 72.20 72.41 72.24 72.21 72.19 72.46 72.67 72.56 72.21 72.11 71.81 71.63 71.54 71.24 71.12 71.55 71.96 72.31 72.49 72.46 72.39 72.26 71.90 72.26 72.36 71.96 72.32 72.45 72.63 72.58 72.44 72.38 72.18 72.15 71.94 72.26 72.66 72.65 72.57 72.52 72.09 72.11 72.15 71.61 72.07 72.27 72.27 71.75 71.53 71.61 71.46 71.51 71.57 71.44 71.41 71.58 71.49 71.44 71.54 71.63 71.67 71.65 71.56 71.62 71.75 71.52 71.53 71.57 71.71 71.81 71.87 71.73
-75°N ||     72.01 72.06 71.91 72.00 71.88 71.89 71.97 72.37 72.10 72.02 72.55 72.70 72.08 72.21 72.24 72.32 72.19 72.26 72.26 72.16 72.16 72.29 72.29 72.38 72.29 72.34 72.37 72.38 72.36 72.34 72.35 72.33 72.37 72.37 72.11 72.33 72.33 72.31 72.29 72.29 72.26 72.23 72.24 72.25 72.27 72.31 72.26 72.22 72.12 72.07 72.16 71.85 71.70 71.92 72.24 72.30 72.26 72.46 72.54 72.55 72.57 72.56 72.54 72.51 72.49 72.48 72.46 72.31 72.43 72.37 72.33 72.27 72.28 72.20 72.19 72.21 72.12 72.22 72.12 72.17 72.23 72.26 72.33 72.22 72.45 72.31 72.31 72.40 72.29 72.30 72.27 72.10 72.01 72.22 72.30 72.30 72.28 72.27 72.32 72.23 72.14 72.21 72.22 72.16 72.32 72.34 72.35 72.24 72.24 72.18 72.14 72.06 71.78 71.93 72.07 71.66 71.91 71.79 71.62 71.72 71.52 71.45 71.93 72.18 72.12 72.04 72.71 71.83 71.92 71.91 71.99 72.27 72.19 72.11 72.07 71.96 72.18 71.58 71.36 71.09 70.99 71.36 72.68 72.60 72.68 72.00 72.41 72.03 72.50 72.66 72.58 72.52 72.47 72.48 72.56 71.97 71.31 71.30 71.28 71.29 71.27 71.38 71.82 71.73 71.83 71.43 71.47 71.58 71.62 71.60 71.63 71.61 71.61 71.75 71.76 71.81 71.90 71.87 71.90 71.93
-73°N ||     72.61 71.95 72.33 72.31 72.25 72.07 72.49 72.32 72.33 72.30 72.01 71.76 72.40 72.04 72.26 72.37 72.33 72.31 72.26 72.18 72.08 71.85 72.48 71.71 71.88 72.40 72.26 72.24 72.26 72.29 72.30 72.30 72.36 72.16 72.12 71.91 72.05 72.27 72.21 72.25 72.25 72.27 72.22 72.25 72.28 72.28 72.29 72.16 72.50 73.03 73.04 73.14 73.10 72.16 72.48 72.47 72.57 72.58 72.59 72.60 72.60 72.60 72.57 72.52 72.53 72.28 72.37 72.49 72.50 72.52 72.52 72.38 72.26 72.37 72.31 72.24 72.19 72.27 72.44 72.22 72.24 72.23 72.25 72.44 72.34 72.50 72.57 72.54 72.47 72.50 72.32 72.31 72.09 72.32 72.31 72.36 72.46 72.46 72.45 72.43 72.45 72.47 72.52 72.48 72.41 72.36 72.46 72.19 72.16 72.06 71.74 71.50 71.70 72.04 72.31 72.11 72.22 72.13 72.18 71.92 72.01 71.73 71.56 71.54 71.81 71.81 72.00 71.97 72.11 72.10 72.08 72.16 72.19 72.26 72.33 72.35 72.36 72.44 72.28 72.08 72.30 71.35 71.41 71.84 71.92 71.96 72.03 72.18 72.56 72.39 72.26 71.69 72.18 72.46 72.63 72.74 72.43 71.83 71.24 71.53 71.35 71.57 71.90 71.91 71.47 71.65 71.93 72.02 71.92 72.13 72.57 72.42 72.19 72.10 72.10 72.07 72.17 72.06 72.09 72.55
-71°N ||     72.48 72.49 72.54 72.56 72.60 72.69 72.77 72.72 72.72 72.74 72.75 72.35 71.97 71.82 71.42 71.42 71.87 71.94 72.55 72.05 72.08 71.99 71.88 71.94 73.00 72.28 72.28 72.29 72.21 72.08 72.14 72.08 72.07 72.18 72.13 72.11 72.06 72.25 72.16 72.18 72.26 72.16 72.24 72.19 72.24 72.27 72.11 72.01 72.06 72.58 72.97 72.88 73.08 71.96 72.48 72.55 72.57 72.60 72.56 72.57 72.61 72.44 72.37 72.44 72.50 72.54 72.57 72.45 72.46 71.88 72.11 72.27 72.19 72.32 72.14 72.30 72.25 71.98 71.87 71.81 71.73 72.34 72.29 72.26 72.37 72.38 72.46 72.34 72.49 72.40 72.68 72.62 72.40 72.45 72.46 72.37 72.34 71.95 72.31 72.46 72.54 72.39 72.43 72.42 72.40 72.42 72.24 71.68 71.94 72.12 72.10 72.15 72.15 72.25 72.26 72.19 72.33 72.21 72.28 72.32 72.26 72.37 72.38 72.26 72.35 72.16 71.74 71.86 72.55 72.57 72.03 72.17 72.08 71.36 71.95 72.08 72.14 71.85 71.68 71.88 72.06 71.73 72.22 72.32 72.46 72.48 72.46 72.31 72.31 72.41 72.56 72.50 72.62 72.50 72.93 73.03 72.98 72.79 72.58 72.44 72.59 72.49 72.37 72.56 72.65 72.61 72.61 72.51 72.43 72.69 72.44 72.61 72.55 72.57 72.26 72.26 72.29 72.35 72.14 72.45
-69°N ||     72.09 72.13 72.33 72.46 72.21 73.02 72.92 72.70 72.79 72.77 72.74 72.62 72.28 72.37 72.13 72.22 71.51 71.62 71.85 72.14 72.35 72.22 72.04 71.96 71.91 72.29 72.15 72.24 72.02 72.36 71.82 71.88 71.81 71.98 72.00 72.05 72.20 72.21 72.28 72.29 72.34 72.30 72.28 72.32 72.33 72.68 72.23 72.41 72.42 72.41 72.43 72.49 72.49 72.55 72.56 72.52 72.53 72.53 72.41 72.41 72.30 72.53 72.51 72.60 72.52 72.39 72.01 72.00 72.01 72.01 72.02 72.14 72.14 72.27 72.34 72.52 72.45 72.15 71.82 72.01 72.11 72.37 72.35 72.11 72.10 71.96 72.00 71.97 72.13 72.29 72.31 72.38 71.81 72.41 72.46 72.43 72.51 72.51 72.50 72.52 72.49 72.48 72.53 72.48 72.34 72.15 71.71 72.41 72.53 72.44 72.32 72.21 72.26 72.19 72.27 71.97 71.92 72.24 72.46 72.56 72.65 72.56 72.57 72.62 72.60 72.55 72.32 72.07 71.88 71.93 72.23 72.20 72.20 72.19 72.69 72.06 71.36 71.59 71.66 71.76 71.87 71.86 71.63 71.70 72.00 72.26 72.33 72.19 72.46 72.50 72.50 72.54 72.28 71.21 72.47 72.89 72.79 71.56 72.88 72.83 72.79 72.66 72.62 72.57 72.43 72.27 72.12 72.17 71.73 71.56 72.14 72.48 72.45 72.34 72.25 72.14 72.07 72.01 72.16 72.17
-67°N ||     72.83 72.01 71.88 72.29 72.31 72.36 72.37 72.72 72.69 72.75 72.77 72.76 72.66 72.58 72.37 72.20 72.02 71.75 71.70 71.53 71.53 71.34 71.56 71.57 71.79 71.76 71.69 71.65 71.95 71.52 71.54 71.55 71.87 72.73 71.83 71.96 71.97 72.39 72.19 72.22 72.28 72.28 72.26 72.27 72.28 72.32 72.30 72.36 72.36 72.34 72.36 72.41 72.43 72.43 72.39 72.47 72.55 72.47 72.51 72.46 72.14 72.36 72.48 72.49 72.36 72.25 73.32 73.27 72.92 71.93 72.09 72.18 72.21 72.31 72.40 72.21 72.05 71.74 71.77 71.56 71.79 71.84 72.08 72.07 72.24 72.18 72.25 72.26 72.25 72.26 72.29 72.38 72.34 72.42 72.39 72.46 72.40 72.38 72.39 72.30 72.31 71.92 71.81 71.83 71.61 71.94 72.63 72.88 72.83 72.60 72.55 72.33 72.35 72.16 72.25 72.18 72.38 72.45 72.59 72.60 72.57 72.56 72.58 72.57 72.51 72.63 72.61 72.68 72.69 72.45 72.08 71.75 72.08 72.18 71.76 71.67 71.60 71.38 71.70 71.27 71.43 71.65 71.66 72.16 72.02 71.99 71.73 71.92 72.17 72.35 72.51 72.59 72.43 72.53 72.59 72.61 72.63 72.62 72.44 72.53 72.50 72.53 72.43 72.30 72.43 72.40 72.39 72.38 72.34 72.11 72.45 72.32 72.29 72.17 71.89 72.20 71.78 71.77 71.84 72.14
-65°N ||     72.03 71.82 71.65 71.90 71.93 72.40 72.46 72.70 72.64 72.67 72.65 72.71 72.71 72.70 72.64 72.54 72.46 72.42 72.36 72.17 71.88 71.80 71.83 71.70 71.90 71.85 71.66 72.09 72.02 71.71 71.59 71.77 71.64 71.79 71.90 71.97 71.98 72.02 72.04 72.17 72.19 72.25 72.27 72.28 72.33 72.35 72.33 72.33 72.34 72.34 72.28 72.23 72.18 72.25 72.33 72.40 72.40 72.40 72.33 71.83 72.44 72.49 72.57 72.69 72.32 72.51 72.52 72.51 72.13 72.09 72.24 72.20 72.25 72.32 72.44 72.39 72.13 72.05 71.82 71.62 71.65 71.86 72.35 72.07 72.17 72.20 72.20 72.16 72.03 72.24 72.24 72.27 72.24 72.34 72.23 72.36 72.49 72.41 72.27 72.31 72.18 72.21 72.15 72.09 71.87 72.05 71.95 72.08 72.12 72.06 72.06 71.99 72.06 72.36 72.51 72.77 72.75 72.64 72.54 72.48 72.48 72.57 72.65 72.62 72.68 72.65 72.62 72.64 72.63 72.70 72.20 72.17 72.14 72.08 72.83 71.81 71.77 71.83 72.08 71.49 71.46 71.47 71.73 71.76 71.79 71.56 71.48 72.14 71.99 71.85 72.32 72.26 72.20 72.46 72.44 71.65 71.99 72.09 72.39 72.22 71.89 71.97 72.38 72.17 72.28 72.42 72.34 72.39 72.36 72.34 72.15 72.10 72.00 71.65 72.18 72.29 72.04 71.95 71.75 71.70
-63°N ||     71.97 71.95 72.16 71.81 71.66 71.92 72.23 72.30 72.45 72.41 72.56 72.47 72.68 72.57 72.58 72.49 72.52 72.53 72.47 72.18 71.87 71.84 71.68 71.74 71.69 71.77 71.78 71.67 71.64 71.69 71.66 71.75 71.89 71.90 71.88 71.76 71.66 71.86 72.09 71.94 72.20 72.02 71.92 72.14 72.17 72.16 72.05 72.23 72.18 72.17 72.05 72.09 72.25 72.48 72.30 71.90 72.15 72.48 72.40 72.42 72.38 72.37 72.44 72.57 72.77 72.63 72.22 72.66 72.14 72.44 72.30 72.19 72.22 72.15 72.22 72.49 72.57 72.51 72.47 72.26 72.16 71.96 72.03 72.03 72.05 72.08 72.16 72.17 72.18 72.16 72.16 72.17 72.23 72.20 72.23 72.13 72.21 72.24 72.16 72.29 72.31 72.16 72.20 72.30 72.23 72.10 72.00 71.88 71.90 71.78 72.06 72.13 72.32 72.62 72.84 72.88 72.89 72.76 72.64 72.60 72.57 72.54 72.57 72.59 72.70 72.74 72.67 72.65 72.66 72.67 72.56 72.25 72.19 72.32 72.10 71.85 71.70 71.79 71.71 71.27 72.22 71.58 71.89 71.84 71.83 71.67 71.58 71.48 71.34 71.60 71.86 72.09 71.98 72.01 72.19 72.37 72.51 72.51 72.35 72.28 72.00 72.04 72.15 72.12 72.04 71.55 71.52 71.74 72.02 72.17 72.25 72.28 72.18 72.32 72.30 71.80 72.05 72.11 72.07 72.21
-61°N ||     72.36 71.81 71.57 71.92 72.11 72.23 72.22 71.84 71.91 72.03 71.76 71.91 72.23 71.88 72.90 71.92 72.15 72.12 72.44 72.23 72.16 72.13 72.13 71.76 71.65 71.53 72.16 71.95 71.64 71.71 71.99 72.17 72.19 72.13 72.12 71.95 71.74 71.85 71.81 71.80 72.05 71.66 71.92 72.12 71.95 71.39 72.25 72.35 72.38 72.35 72.33 72.41 72.39 72.19 71.95 72.51 72.51 72.38 72.52 72.50 72.46 72.36 72.43 72.48 72.64 72.85 72.68 72.32 72.73 72.74 72.62 72.45 71.95 72.40 72.53 72.24 72.20 72.26 72.18 72.03 71.54 71.57 71.97 72.13 72.01 71.97 71.91 72.08 72.16 72.15 72.19 72.15 72.16 72.26 72.21 72.24 72.22 72.13 72.20 72.26 72.30 72.23 72.19 72.19 71.89 72.20 72.16 72.18 72.20 72.27 72.34 72.38 72.44 72.55 72.69 72.73 72.47 72.44 72.46 72.33 73.03 72.71 72.37 72.50 72.61 72.65 72.75 72.79 72.62 72.76 72.94 72.79 71.60 72.66 72.57 72.43 71.80 71.90 71.88 72.11 71.66 71.60 71.54 71.60 71.64 71.59 71.59 71.46 71.60 71.58 71.76 71.75 71.79 71.84 71.87 72.42 72.75 72.69 72.67 72.58 72.47 72.32 72.19 72.05 72.00 71.79 71.56 71.70 71.77 71.19 71.64 72.06 72.14 72.00 71.42 71.64 71.76 72.26 72.29 72.27
-59°N ||     72.41 72.10 71.98 72.15 72.17 72.07 71.33 71.75 71.86 71.72 72.03 71.74 71.87 71.37 71.96 72.23 72.05 72.13 71.95 72.11 72.19 72.20 72.02 71.93 71.44 71.68 71.80 71.84 72.08 71.70 71.84 72.23 72.28 72.10 72.26 72.11 71.81 71.52 71.43 71.51 71.70 72.05 72.25 72.24 72.21 72.02 72.31 72.40 72.51 72.50 72.51 72.50 72.53 72.54 72.37 72.26 72.33 72.23 72.42 72.50 72.32 72.15 72.67 72.55 72.17 72.84 72.21 72.53 72.70 71.88 72.06 72.52 72.91 72.34 72.66 72.27 72.29 72.12 71.98 71.99 71.67 71.75 71.94 71.82 71.86 72.10 72.01 72.00 72.22 71.56 72.06 72.19 72.23 72.18 72.44 72.09 72.04 72.06 72.60 72.03 71.99 72.22 72.14 72.16 72.21 72.24 72.23 72.21 72.20 72.39 72.44 72.56 72.60 72.60 72.52 72.33 72.36 72.41 72.22 71.97 72.00 72.02 72.39 72.61 72.83 72.90 72.95 72.90 72.95 73.06 72.91 72.88 72.72 72.61 72.65 72.48 72.19 71.55 71.23 71.41 72.52 72.42 71.23 71.24 72.03 71.43 71.51 71.13 71.51 71.75 71.48 71.53 71.83 72.19 72.34 72.46 72.56 72.52 72.57 72.56 72.54 72.48 72.40 72.30 72.05 71.85 71.65 71.61 71.73 71.60 72.17 71.23 71.69 71.82 71.66 72.04 72.18 72.08 72.24 72.33
-57°N ||     72.29 72.30 72.40 72.56 72.30 71.56 71.80 71.71 71.45 71.49 71.55 72.52 71.52 71.60 71.37 71.42 71.82 72.10 71.82 71.72 72.43 71.75 71.77 71.76 71.31 71.70 71.86 71.85 71.83 71.35 71.05 72.22 72.08 72.13 72.11 71.95 72.04 71.69 71.58 71.61 71.50 71.86 72.01 72.10 72.16 72.00 71.74 71.71 72.21 72.49 72.51 72.55 72.45 72.43 72.28 71.92 71.81 71.83 71.69 71.62 72.02 72.89 72.29 71.94 72.81 73.02 72.92 72.37 73.62 71.13 73.17 72.35 72.02 72.39 72.15 72.68 72.83 72.65 72.45 72.89 72.91 72.37 71.97 72.02 72.16 72.01 72.04 71.91 71.88 72.07 72.12 72.17 72.01 71.84 71.85 71.82 71.83 71.89 72.12 71.89 71.74 71.83 71.82 71.87 71.87 72.22 72.25 72.35 72.45 72.53 72.61 72.69 72.77 72.83 72.76 72.62 72.69 72.69 72.77 72.62 72.57 72.68 72.92 73.12 73.28 73.27 73.29 73.28 73.28 73.46 73.08 73.00 72.87 72.98 72.90 72.84 72.78 72.48 71.43 72.05 72.56 72.76 71.53 71.65 71.96 71.84 71.63 71.49 71.47 71.70 71.98 72.08 72.15 71.99 72.25 72.12 72.40 72.08 71.61 71.75 72.42 72.47 72.42 72.24 71.98 71.79 71.64 71.64 71.70 71.64 71.44 71.36 71.66 71.71 72.27 71.70 71.71 71.79 71.96 72.25
-55°N ||     72.32 72.34 72.41 72.45 72.09 72.05 72.00 71.74 71.63 71.94 71.91 71.84 71.74 71.82 71.61 71.75 72.07 72.00 71.99 71.93 71.60 71.16 71.16 72.39 71.14 71.70 71.92 71.92 71.91 71.74 71.59 72.13 72.10 72.02 72.12 71.90 71.73 71.57 71.33 71.26 71.34 71.27 71.25 71.39 71.87 71.69 71.59 71.82 72.16 72.33 72.47 72.49 72.50 72.19 71.97 71.39 71.62 71.35 71.56 72.64 71.93 73.01 73.15 72.81 72.09 73.84 73.81 73.92 73.80 73.81 73.82 73.33 71.91 72.20 72.87 72.44 72.27 72.72 72.61 72.56 72.26 72.08 72.16 72.15 72.10 72.01 72.02 71.87 71.94 71.77 71.93 72.05 72.19 72.01 72.06 72.32 72.74 72.08 72.06 72.12 72.10 72.06 71.72 71.82 71.74 71.90 72.33 72.40 72.53 72.65 72.75 72.83 72.95 73.07 73.07 73.18 73.26 73.35 73.40 73.62 73.88 74.01 74.06 74.15 74.29 74.04 73.87 73.84 74.28 73.59 73.34 73.25 73.13 72.95 73.06 72.99 72.14 72.58 72.48 72.27 72.15 72.03 72.09 72.10 71.40 71.67 71.76 71.75 71.96 72.15 72.35 72.35 72.80 72.52 72.07 72.19 72.31 71.52 71.64 72.47 72.30 72.16 72.04 72.05 71.80 71.71 71.81 71.94 72.10 71.95 71.93 71.54 72.01 71.78 71.64 71.71 71.87 72.12 72.13 72.28
-53°N ||     72.34 72.10 72.14 72.53 72.65 71.65 72.14 72.22 72.21 72.08 72.17 71.84 71.70 71.95 71.94 71.93 71.75 71.99 71.91 71.97 71.88 71.43 71.20 71.94 71.66 71.84 72.52 71.82 71.94 71.82 72.03 71.95 71.95 72.12 71.98 71.97 71.95 71.41 71.21 71.19 71.11 71.22 71.55 71.70 71.85 71.95 72.05 72.02 72.56 72.96 71.81 71.85 72.04 71.89 71.98 72.31 72.20 71.74 71.68 72.26 71.94 73.07 73.15 73.26 74.20 74.02 73.84 73.85 73.88 73.90 73.89 73.78 73.45 73.15 72.57 72.46 72.62 72.82 72.35 72.49 72.60 72.50 72.41 72.30 72.16 72.69 72.28 72.02 72.10 72.13 71.96 71.92 71.85 72.13 71.80 71.71 71.92 71.98 72.05 71.97 72.07 72.14 71.87 71.41 72.20 72.07 72.19 72.39 72.48 72.54 72.81 72.93 73.12 73.28 73.36 73.55 73.91 74.09 74.60 75.21 75.71 76.10 76.28 76.35 76.39 75.97 75.83 75.90 75.92 75.80 74.96 73.62 73.62 73.82 73.04 73.17 73.18 72.97 72.30 72.29 72.37 72.07 72.12 71.88 71.98 72.40 71.90 71.89 71.94 71.79 71.97 72.20 72.42 72.53 72.89 72.33 72.25 71.33 72.49 72.26 72.35 72.36 72.35 72.13 71.96 71.92 71.71 71.94 71.54 71.92 72.06 71.63 71.26 71.27 71.66 72.06 72.11 72.17 72.31 72.34
-51°N ||     72.27 72.16 71.94 71.99 72.37 72.26 72.20 71.68 72.33 72.00 71.77 71.95 71.85 72.02 71.91 71.84 71.90 71.44 71.80 71.85 71.71 71.46 71.14 71.01 70.79 71.65 71.42 71.69 71.89 71.90 71.82 71.94 71.74 71.67 71.81 71.62 71.64 71.54 71.35 70.82 70.81 70.70 70.98 71.70 71.83 71.96 72.03 71.79 72.60 72.85 71.72 71.71 71.40 71.21 71.91 72.56 72.69 72.67 72.06 71.66 71.64 71.80 73.19 73.76 74.02 73.81 73.96 73.89 73.88 73.87 73.88 73.94 73.45 73.49 73.63 73.92 72.62 72.65 72.42 72.45 72.55 72.48 72.23 72.11 71.97 72.33 71.85 71.93 72.09 72.07 72.05 72.09 72.17 72.22 72.04 71.79 71.88 71.94 72.00 71.75 72.13 71.95 71.76 72.05 71.98 72.09 72.31 72.49 72.63 72.66 73.01 73.12 73.18 73.46 73.69 74.13 74.64 75.29 75.94 76.67 76.93 77.30 77.45 77.64 77.64 77.66 77.49 77.51 77.39 77.20 77.50 76.96 74.65 74.56 73.83 73.32 72.84 72.04 71.47 72.56 72.34 71.92 72.55 71.86 71.49 71.66 71.90 72.26 72.09 72.14 72.38 72.39 72.30 72.23 71.82 72.23 72.26 72.35 72.29 72.31 72.26 71.95 72.04 72.28 72.24 72.10 71.75 72.23 71.96 72.19 71.94 71.67 71.97 71.57 71.65 71.86 71.95 72.11 72.16 72.25
-49°N ||     71.66 71.83 71.73 72.01 72.52 72.65 72.74 72.19 72.19 71.53 71.84 71.53 71.52 71.41 71.63 71.50 71.45 71.48 70.96 71.15 71.38 71.57 71.03 70.92 71.38 71.23 71.49 71.87 71.86 71.85 71.71 71.87 71.63 70.77 70.76 70.87 71.10 71.10 71.14 70.78 70.66 70.72 70.85 71.46 71.71 71.85 71.87 71.86 71.81 71.74 71.61 71.39 71.07 70.93 71.13 71.46 72.19 72.24 71.80 71.66 72.84 73.02 73.14 73.34 73.84 74.18 73.93 73.95 73.89 74.04 74.06 73.81 73.60 72.78 73.10 72.45 72.46 72.67 72.38 72.46 72.47 72.42 72.25 72.03 72.05 71.77 71.87 72.75 72.33 72.06 71.92 72.04 72.41 72.42 72.08 71.90 71.51 72.20 71.76 71.76 71.74 71.76 71.96 72.19 72.25 72.03 72.00 72.49 72.62 72.83 72.62 73.00 73.40 73.80 74.59 75.30 75.97 76.40 76.99 77.36 77.93 78.28 77.94 77.92 77.10 77.59 77.68 77.79 77.67 77.64 77.66 77.68 77.44 76.94 75.50 74.47 73.25 72.78 72.97 72.65 72.80 72.37 71.70 72.06 72.17 71.52 71.98 71.82 72.15 72.24 71.79 72.11 72.09 72.06 71.97 72.25 72.11 71.97 71.74 71.76 70.90 71.47 72.00 71.89 71.68 72.05 72.31 72.50 72.08 72.48 72.41 72.22 72.18 71.86 71.56 71.27 71.41 71.57 71.83 71.93
-47°N ||     71.49 71.85 71.67 71.64 72.12 72.50 72.03 71.68 72.04 71.74 71.53 71.61 70.89 71.86 71.03 71.21 70.61 70.78 71.34 71.19 71.54 71.10 71.36 71.58 71.55 71.85 71.41 71.67 71.79 71.77 71.77 71.77 71.81 71.22 71.08 71.18 71.39 71.43 71.42 71.20 70.90 70.82 71.08 71.16 71.07 71.53 71.54 71.60 71.45 71.48 71.24 71.13 70.88 70.89 70.85 71.10 71.35 71.33 71.72 72.05 71.38 72.62 72.35 73.10 73.08 73.99 74.18 74.14 74.07 74.16 74.10 73.90 73.73 72.88 73.05 73.01 72.44 72.40 72.26 71.90 72.35 72.20 72.13 72.10 71.88 71.92 71.75 71.93 72.15 72.07 72.14 72.15 72.50 72.12 71.97 71.49 71.72 71.63 71.86 72.24 71.75 71.50 71.68 71.92 72.50 72.52 72.25 72.46 72.74 72.69 72.60 72.83 73.26 73.56 75.91 77.10 77.50 78.17 78.53 77.91 77.52 77.76 78.08 78.00 77.65 77.38 77.18 77.54 77.71 77.61 77.63 77.45 77.47 77.38 76.86 75.83 74.73 73.55 73.14 72.98 72.89 72.79 72.39 72.07 72.46 72.43 72.04 72.29 72.23 72.23 72.23 71.81 71.68 71.95 71.66 71.86 71.90 71.48 71.22 71.72 72.25 72.33 71.67 71.60 71.96 72.33 72.23 72.36 72.49 72.42 72.38 72.33 71.74 71.75 71.54 71.93 71.70 71.59 71.85 71.76
-45°N ||     71.86 71.92 71.81 71.85 72.04 72.01 72.09 72.11 72.19 71.60 71.41 71.81 71.43 71.28 71.35 71.35 72.05 71.30 71.59 71.68 71.51 71.72 72.16 71.43 71.70 71.87 71.74 71.64 71.65 71.61 71.50 71.57 71.51 71.35 71.35 71.32 71.34 71.37 71.44 71.45 71.20 71.13 71.27 71.20 71.18 71.34 71.34 71.19 71.05 70.92 70.86 70.86 70.84 70.49 70.36 71.21 71.53 71.64 71.92 72.13 72.36 72.33 72.63 72.74 72.77 73.53 73.81 74.91 74.73 74.35 74.22 74.03 73.39 73.17 72.97 73.11 72.30 72.27 72.24 72.87 72.01 72.16 71.96 71.93 71.88 71.81 71.81 72.16 72.15 72.08 72.00 72.06 72.21 72.05 71.90 71.98 71.72 71.75 71.72 72.23 71.14 71.63 71.79 71.85 72.28 71.85 72.27 72.44 72.60 72.62 72.70 72.64 73.27 74.48 77.16 77.61 78.46 78.56 78.01 78.35 78.17 78.39 78.24 78.23 78.03 78.36 78.48 77.65 77.53 77.96 77.62 77.52 77.52 77.40 76.84 76.51 75.30 73.91 73.29 73.10 72.89 72.98 71.54 72.46 72.47 72.27 72.35 72.13 71.99 72.25 72.00 71.84 72.04 71.82 71.88 71.62 71.45 71.51 71.11 70.55 71.47 71.33 71.72 72.34 72.42 72.34 71.97 72.45 72.06 72.12 72.33 72.25 71.72 71.76 71.80 71.18 71.22 71.66 71.80 71.73
-43°N ||     72.26 71.68 72.34 72.06 72.25 71.99 72.08 72.05 71.87 71.69 71.40 71.45 71.30 71.15 71.41 71.43 71.72 71.78 71.68 71.66 71.27 71.45 71.61 71.61 71.39 71.65 71.73 71.73 71.21 71.44 71.32 71.52 71.55 71.18 71.26 71.25 71.27 71.35 71.49 71.56 71.10 70.92 70.14 70.19 70.84 71.15 71.04 70.86 70.89 70.69 70.61 70.62 70.56 70.64 70.69 71.27 71.35 71.47 71.57 71.87 71.86 71.94 72.27 71.91 72.95 72.87 73.31 73.42 73.54 73.63 73.50 73.47 72.98 73.18 73.05 72.39 72.32 72.45 72.35 72.43 72.26 73.15 71.94 72.09 71.97 71.97 71.87 72.18 72.15 71.97 71.90 72.03 72.07 72.00 71.98 71.81 71.97 71.80 72.04 71.69 71.65 71.74 71.64 71.35 71.40 71.67 72.18 72.71 72.35 72.52 72.59 72.68 73.44 75.70 77.47 78.26 78.23 77.98 78.19 78.51 78.31 78.30 78.06 78.36 78.30 77.70 77.85 77.78 78.03 77.78 77.61 77.57 77.37 77.06 76.08 75.96 75.35 74.25 73.33 73.27 73.10 73.14 72.88 72.82 72.64 72.50 72.33 72.18 72.18 72.63 72.35 72.23 72.17 71.89 71.85 71.62 71.39 71.38 71.43 71.45 71.28 71.35 71.88 72.45 72.57 72.54 72.40 72.32 72.04 72.20 72.19 72.29 71.29 71.89 71.92 72.44 71.67 71.86 72.08 72.04
-41°N ||     72.39 72.32 72.34 72.60 72.46 71.93 72.01 71.93 72.37 72.64 73.09 72.95 72.06 71.46 71.66 71.57 71.22 71.44 71.20 71.48 71.21 71.64 71.60 71.60 71.44 70.77 71.19 71.33 71.51 71.14 71.03 71.24 71.09 71.10 70.91 71.14 71.20 71.33 71.35 69.70 69.44 69.30 67.81 67.60 67.67 69.61 69.61 69.62 70.24 70.53 70.31 70.62 70.43 70.58 70.57 70.63 70.71 71.12 71.79 71.68 71.41 70.99 72.02 72.47 72.44 72.86 72.83 73.05 73.32 73.37 73.32 73.00 73.18 72.70 72.74 72.73 72.59 73.26 72.54 72.23 72.38 72.29 72.05 72.06 71.92 71.93 72.02 72.23 72.22 72.12 71.93 72.07 71.87 71.90 71.99 71.62 71.50 71.88 71.84 71.76 71.51 71.58 71.24 71.06 72.25 71.74 72.03 72.42 72.44 72.46 72.62 72.80 73.40 75.76 77.16 78.29 78.27 77.66 78.38 78.41 78.39 78.22 78.46 78.58 78.21 77.70 78.01 78.10 77.90 78.04 77.82 77.54 76.87 76.27 75.97 75.69 74.98 74.09 73.65 73.30 73.47 72.72 72.56 72.74 71.99 72.07 72.34 72.41 72.44 72.40 72.33 72.32 72.32 71.84 71.73 71.68 71.49 71.80 71.77 71.59 71.53 71.48 71.96 72.24 72.34 72.25 72.32 72.26 71.71 72.05 72.07 71.51 71.44 72.00 71.94 72.01 72.04 72.20 72.34 72.09
-39°N ||     72.28 72.38 72.17 71.89 72.52 71.86 72.20 72.10 71.54 71.87 72.77 72.77 71.71 71.46 71.92 71.70 71.90 71.54 71.73 71.79 71.92 71.35 71.94 71.93 71.72 71.72 71.53 71.31 71.42 71.32 71.21 69.68 70.58 70.91 70.91 71.04 71.15 71.12 70.53 70.42 69.94 68.90 68.63 68.71 69.03 69.15 69.07 69.29 68.80 69.72 70.31 70.34 70.37 70.47 70.60 70.64 70.83 71.10 71.17 71.56 71.57 71.69 71.35 71.53 72.10 71.67 72.51 73.23 73.13 73.10 73.12 73.11 72.82 72.69 72.79 72.71 72.65 72.50 72.39 72.41 72.37 72.38 72.27 72.13 72.10 71.92 72.18 72.38 72.13 72.08 72.24 72.27 72.21 71.88 72.03 71.76 71.77 71.74 71.71 72.02 71.53 71.68 71.42 71.52 71.46 71.43 71.98 72.30 72.47 72.50 72.50 72.95 73.46 74.78 76.97 78.39 78.61 78.48 78.07 78.32 78.59 78.46 78.56 78.60 78.32 78.01 78.35 78.11 78.23 77.89 77.64 77.12 76.43 76.06 75.52 75.17 74.91 74.51 73.60 73.06 72.95 72.53 72.49 72.41 72.39 72.53 72.65 72.48 71.93 72.36 72.40 72.47 72.28 72.14 71.86 72.05 71.86 71.63 72.06 71.94 71.70 71.59 71.60 71.77 72.03 72.13 72.45 72.32 72.10 72.08 72.19 72.05 72.31 72.23 72.26 72.04 72.15 72.32 72.43 72.52
-37°N ||     72.54 72.40 72.40 72.12 72.88 72.67 72.36 71.74 71.33 70.82 70.58 71.32 71.23 71.90 72.21 72.18 72.19 72.19 72.07 72.00 72.00 71.98 71.72 71.88 71.62 71.32 71.39 71.01 70.91 71.32 71.22 70.48 70.60 70.10 70.68 69.94 70.42 68.84 68.95 70.37 68.81 68.16 69.27 69.31 69.24 69.21 69.39 69.98 69.48 69.46 69.29 69.80 70.31 70.71 70.72 70.83 70.75 71.20 71.30 71.17 71.16 71.75 71.74 72.01 72.35 72.34 72.64 72.76 71.74 72.92 72.67 72.73 72.77 72.86 72.76 72.64 72.56 72.55 72.56 72.41 72.25 72.14 71.93 72.87 72.17 72.01 72.02 71.93 72.32 72.09 72.18 72.28 72.25 72.09 71.75 71.97 71.69 71.63 71.94 71.91 71.47 71.46 71.35 71.50 71.66 71.64 72.70 72.03 72.40 72.55 72.60 72.67 73.02 74.45 75.73 78.00 78.65 78.90 79.16 78.37 78.43 78.45 78.03 78.57 78.12 78.20 78.04 78.14 78.10 78.00 77.82 76.84 75.95 75.58 75.06 74.75 74.20 73.63 73.34 73.09 72.62 72.67 72.30 72.31 72.20 72.28 72.49 72.50 72.47 72.37 72.49 72.38 72.31 72.26 72.13 72.15 72.31 72.16 72.07 71.53 71.79 71.74 71.39 71.36 71.91 72.05 72.43 72.12 72.16 72.27 72.39 72.38 72.37 72.36 72.21 72.08 72.55 72.65 72.56 72.82
-35°N ||     72.55 72.90 72.43 71.91 72.35 71.87 71.78 71.92 71.42 70.83 70.70 71.35 71.89 72.03 72.15 72.09 72.20 71.10 72.03 71.99 71.94 71.78 71.77 71.63 71.23 71.42 71.26 71.15 70.71 70.82 70.56 70.43 70.51 70.27 70.38 70.50 69.93 68.74 68.83 68.79 68.34 69.23 69.83 69.75 69.50 69.73 69.58 69.66 69.89 69.93 69.78 69.08 69.74 70.60 70.88 71.05 71.05 71.06 71.08 71.16 71.31 71.46 71.45 72.25 72.21 71.78 71.97 72.26 72.20 72.74 72.68 72.81 72.60 72.40 72.49 72.60 72.61 72.60 72.75 72.54 72.30 72.08 72.22 72.10 72.17 71.92 71.84 71.94 72.03 72.08 72.10 72.24 72.17 71.84 71.86 71.84 72.02 72.20 71.70 71.59 71.62 71.18 71.30 71.60 71.76 71.73 71.78 72.08 72.49 72.38 72.36 72.51 72.75 72.92 74.10 75.72 78.36 78.69 79.00 79.07 78.40 78.37 78.93 78.92 78.07 78.17 78.12 78.01 78.10 77.94 77.17 75.46 74.76 74.75 74.45 74.06 74.20 73.62 73.56 73.51 72.82 72.54 71.94 72.29 72.11 72.21 72.32 72.37 72.46 72.52 72.41 72.26 71.78 71.79 71.85 72.08 71.85 71.69 71.94 72.10 71.91 71.65 71.96 72.13 71.99 71.99 71.88 72.07 72.05 71.72 72.45 72.50 72.30 72.26 72.38 72.44 72.81 72.69 72.44 72.01
-33°N ||     72.62 72.69 71.93 71.81 71.94 71.28 71.59 70.86 70.88 71.31 71.26 71.45 71.95 72.07 72.30 72.03 72.22 72.25 72.00 72.01 71.45 71.81 71.76 71.73 71.49 71.27 71.27 71.11 70.92 70.69 70.54 69.85 70.17 69.97 69.69 69.84 69.28 68.45 68.32 67.74 67.97 69.26 69.99 69.67 70.28 69.76 70.50 70.57 70.37 70.41 69.92 69.15 68.47 69.86 70.59 71.04 71.02 71.08 71.11 71.10 71.40 71.73 71.63 72.22 72.28 72.33 72.31 72.31 72.25 72.14 72.29 72.66 72.63 72.42 72.69 72.43 72.74 72.58 72.55 72.63 72.48 72.34 72.49 72.25 72.20 72.11 72.06 71.96 71.96 72.01 72.03 71.79 71.95 72.08 71.90 71.99 71.82 72.01 71.78 71.38 71.52 71.39 71.20 71.38 71.59 71.69 71.69 71.64 72.14 72.36 72.25 72.20 72.05 72.30 72.75 73.82 76.56 77.86 78.46 78.82 78.79 79.08 78.19 78.01 78.22 78.21 77.97 77.95 77.12 76.18 75.66 74.53 73.82 73.74 73.69 73.67 73.94 73.76 73.41 73.34 73.04 72.56 72.30 72.22 72.10 72.05 72.18 72.14 72.22 72.33 72.30 72.11 72.00 71.84 71.43 71.34 71.43 71.38 71.89 71.57 71.83 72.03 71.67 71.89 71.79 71.73 72.03 72.15 72.32 72.03 72.18 72.52 71.99 72.36 72.37 72.49 72.58 72.45 72.24 72.23
-31°N ||     72.60 72.11 72.01 71.95 71.45 71.50 71.08 71.41 71.50 71.37 71.50 71.52 71.82 72.03 72.23 72.24 72.25 71.91 71.81 72.04 71.74 71.79 71.73 71.66 71.50 71.45 71.27 71.10 70.84 70.57 70.32 70.17 70.11 69.60 69.46 69.91 69.20 68.28 68.40 67.71 68.57 69.28 69.62 70.12 70.32 70.51 70.53 70.72 70.73 70.84 70.09 69.16 69.50 69.59 69.72 69.69 70.78 71.22 71.21 71.46 71.76 72.04 72.21 72.25 72.37 72.34 72.40 72.49 72.44 72.40 72.47 73.00 72.44 72.28 72.42 72.41 72.48 72.56 72.68 72.68 72.74 72.67 72.51 72.51 72.41 72.15 71.95 71.83 71.97 72.00 71.98 72.03 71.82 71.98 72.02 71.94 71.99 71.90 71.87 71.55 71.53 71.89 71.66 71.52 71.73 71.87 71.94 71.72 72.16 72.33 72.49 72.20 72.46 72.40 72.93 72.92 73.78 74.36 74.86 77.44 78.12 78.60 77.81 78.07 77.92 78.02 77.67 77.17 74.96 73.85 74.61 74.24 73.59 73.57 73.50 73.24 73.21 73.40 73.36 73.14 73.07 72.33 72.36 72.16 72.24 71.93 72.03 72.01 72.03 72.09 72.18 72.03 71.87 71.88 71.60 71.53 72.01 71.36 71.21 71.05 71.92 72.16 72.42 71.99 72.13 72.25 72.36 72.30 72.33 72.25 72.16 72.35 72.11 72.31 72.31 72.18 72.31 72.42 72.40 72.36
-29°N ||     72.61 72.13 71.13 71.97 71.47 71.32 71.72 71.36 71.60 71.45 71.43 71.60 72.02 72.17 72.25 72.23 72.21 71.41 72.12 72.10 71.95 71.75 71.74 71.65 71.57 71.43 71.29 71.04 70.77 70.52 70.28 69.99 69.81 69.76 69.71 69.04 69.07 68.64 67.44 66.63 68.48 69.41 69.78 70.05 70.33 70.58 70.74 70.86 70.95 70.97 70.95 70.85 70.29 70.30 70.23 69.62 69.87 70.28 71.19 71.42 71.82 72.27 72.36 72.33 72.61 72.38 72.29 72.37 72.53 72.51 72.62 72.82 72.63 72.39 72.56 72.74 72.60 72.59 72.83 72.79 72.76 72.77 72.62 72.70 72.30 72.28 72.17 72.00 71.90 72.02 72.06 72.07 72.15 72.09 72.05 71.98 72.00 71.65 71.92 71.65 72.01 72.06 71.84 71.84 72.04 72.12 72.18 72.11 71.69 72.28 72.07 72.45 72.54 72.61 72.15 72.34 73.13 73.06 73.56 73.57 74.24 74.23 75.32 76.90 75.93 76.16 74.99 75.42 73.79 73.46 73.26 73.05 73.30 73.41 73.27 73.02 73.12 73.11 73.05 72.70 72.67 72.46 72.29 72.19 72.15 72.05 72.02 72.08 72.07 72.10 72.13 71.98 71.96 71.62 71.79 71.46 71.07 71.26 71.83 71.02 71.78 72.11 72.22 71.87 72.25 71.66 72.23 72.37 72.21 72.14 72.28 72.20 72.06 72.15 72.20 72.34 72.23 72.34 72.43 72.55
-27°N ||     72.41 72.12 72.09 72.03 71.58 71.47 71.90 71.20 71.53 71.79 71.70 71.98 71.94 72.06 72.30 72.14 72.32 71.72 72.14 71.72 71.75 71.76 71.67 71.65 71.49 71.39 71.26 71.15 70.76 70.48 70.18 69.89 69.53 69.54 69.38 69.52 69.69 68.49 68.24 66.83 68.70 69.44 69.76 70.11 70.41 70.66 70.84 70.97 71.07 71.21 71.22 71.29 71.10 70.61 70.61 70.70 70.93 70.91 70.83 70.82 70.64 71.88 72.41 72.43 72.41 72.44 72.51 72.65 72.50 72.44 72.47 72.88 72.97 73.11 72.79 72.56 72.76 72.78 72.93 72.93 72.92 72.91 72.84 72.67 72.59 72.41 72.45 72.45 72.18 72.09 72.03 72.17 72.17 71.86 71.97 72.06 72.06 71.85 71.84 71.83 72.03 72.20 71.81 72.03 72.18 72.09 72.29 71.83 71.52 71.72 72.19 72.21 72.40 72.26 72.22 72.28 72.28 73.08 73.02 73.17 73.29 73.33 73.51 73.58 73.65 73.92 74.34 73.96 73.82 73.43 73.07 73.28 73.27 73.16 72.86 72.99 71.59 73.04 73.03 71.96 72.35 72.12 72.06 72.06 72.09 72.10 72.10 72.11 72.04 72.01 71.99 71.81 71.43 71.35 71.24 71.47 71.93 71.16 71.22 71.72 71.44 71.79 72.14 72.13 72.43 71.81 72.31 72.15 72.31 72.43 72.39 72.28 71.99 71.83 71.87 72.15 72.16 72.21 72.46 72.50
-25°N ||     72.52 72.02 72.28 72.08 72.01 71.96 72.06 72.29 71.88 72.12 71.98 72.39 72.39 72.33 72.41 72.27 72.31 72.02 71.75 72.10 71.83 71.72 71.67 71.57 71.45 71.28 71.15 71.01 70.68 70.29 69.97 69.71 69.46 69.29 69.23 68.63 68.97 69.27 68.24 68.54 68.92 69.39 69.82 70.13 70.33 70.57 70.73 70.94 71.08 71.11 71.28 71.34 71.13 70.83 70.11 70.70 70.95 71.09 71.08 70.95 70.36 71.38 72.26 72.31 72.41 72.43 72.44 72.08 72.25 72.36 72.41 72.44 72.80 73.25 73.40 72.90 73.00 73.06 73.22 73.02 73.03 72.97 73.20 72.89 73.06 72.62 72.67 72.67 72.63 72.18 72.41 72.30 72.46 71.85 72.14 72.11 72.10 71.77 71.51 72.04 72.06 71.96 72.02 72.05 71.94 71.65 71.98 71.47 71.29 71.58 71.81 71.89 72.16 72.03 72.40 72.73 72.46 72.86 73.02 73.14 73.24 73.15 73.09 73.49 73.21 73.72 73.54 73.12 73.03 72.89 73.03 72.83 72.81 72.98 72.82 72.31 72.24 72.47 71.82 72.16 72.06 71.92 71.81 71.86 71.94 71.99 72.21 72.04 72.00 71.90 71.86 71.71 71.42 71.10 71.22 71.44 71.73 71.39 70.96 71.30 71.21 71.54 71.86 72.18 71.92 71.96 72.29 71.97 72.21 72.36 72.35 72.09 71.85 72.28 72.32 72.18 72.27 72.54 72.70 72.48
-23°N ||     72.52 72.49 72.13 72.13 72.05 72.13 72.27 72.38 72.47 72.52 72.50 72.47 72.60 72.66 72.46 72.57 71.60 71.84 72.18 71.88 71.88 71.67 71.66 71.57 71.42 71.19 70.99 70.70 70.37 70.03 69.72 69.37 69.18 69.06 69.11 69.04 68.31 68.64 68.20 68.44 68.89 69.39 69.70 69.93 70.15 70.36 70.58 70.79 71.02 71.16 71.40 71.41 71.41 71.14 70.55 70.69 70.95 70.97 70.93 70.64 70.07 71.57 72.19 72.24 72.05 72.20 72.38 72.14 72.40 72.38 72.27 72.58 72.69 73.06 73.20 73.32 72.97 73.08 73.01 73.14 73.14 73.08 73.10 73.29 73.01 72.79 72.85 72.92 72.82 72.08 72.50 72.34 72.52 72.54 72.54 72.20 72.13 72.86 72.04 71.75 71.88 71.71 71.54 71.42 71.64 71.96 71.38 71.33 71.08 71.55 71.75 72.08 71.99 71.72 71.69 71.89 72.30 72.46 72.65 72.78 73.07 72.91 73.09 73.24 73.25 73.50 73.21 72.92 72.90 72.80 72.56 72.60 72.72 72.79 72.24 71.84 71.36 71.50 71.80 72.04 71.88 71.74 71.50 71.62 71.87 71.95 72.01 72.08 71.89 71.84 71.79 71.74 71.89 71.78 71.83 71.41 71.79 71.42 71.11 71.38 71.06 71.71 71.88 72.07 72.07 72.20 72.15 72.27 72.21 72.63 72.26 72.87 72.26 72.33 72.38 72.33 72.21 72.63 72.85 72.50
-21°N ||     72.38 72.44 72.16 72.16 72.13 72.13 72.35 72.79 72.60 72.53 72.44 72.47 72.54 72.43 72.52 72.59 72.33 72.08 72.11 71.94 71.80 71.66 71.61 71.48 71.33 71.14 70.81 70.40 69.94 69.56 69.27 68.95 68.75 68.71 68.83 68.40 68.55 67.91 68.05 68.50 68.83 69.20 69.43 69.66 69.93 70.12 70.41 70.62 70.84 71.04 71.18 71.36 71.40 71.10 70.72 70.96 70.64 70.88 70.62 70.33 70.39 70.69 72.14 72.13 72.20 72.11 72.36 72.45 72.42 72.44 72.54 72.52 72.68 72.87 73.26 73.47 73.23 73.12 73.23 73.28 73.21 73.17 73.14 73.28 73.20 73.30 72.95 72.97 72.83 72.58 72.47 72.56 72.65 72.69 72.40 72.30 72.18 71.92 71.88 72.00 72.07 72.13 71.39 71.67 71.86 71.78 71.95 71.20 71.11 71.47 71.81 71.51 71.87 71.86 71.92 72.10 72.19 72.48 72.52 72.80 72.91 73.02 72.78 73.16 72.95 72.89 72.95 72.27 72.57 72.57 72.49 72.38 72.67 72.27 71.97 71.77 70.91 71.03 71.69 71.59 71.77 71.76 71.49 71.24 71.92 72.01 72.02 72.05 72.05 71.88 71.69 71.49 71.27 71.52 72.08 71.52 71.66 71.60 71.22 71.76 71.66 71.79 71.69 71.68 72.13 72.23 72.40 72.26 72.08 72.62 72.73 72.53 72.57 72.75 72.68 72.35 72.09 72.45 72.45 72.28
-19°N ||     71.87 72.09 72.09 71.96 72.21 72.39 72.62 73.06 73.04 72.79 72.70 72.51 72.58 72.56 72.68 72.55 72.39 72.33 72.00 71.96 71.82 71.63 71.51 71.29 71.14 70.92 70.59 69.99 69.25 68.84 68.57 68.44 68.31 68.41 68.61 67.20 68.29 67.84 67.97 68.23 68.39 68.73 68.98 69.24 69.56 69.87 70.18 70.42 70.70 70.90 71.03 71.14 71.27 71.24 70.91 70.57 70.55 70.54 70.64 70.55 70.25 71.37 72.00 71.97 72.12 72.25 72.50 72.53 72.57 72.44 72.54 72.67 72.86 73.15 73.63 73.67 73.60 73.17 73.34 73.33 73.55 73.29 73.23 73.20 73.37 73.46 73.10 72.92 72.93 72.97 72.83 72.71 72.74 72.67 72.39 72.45 72.19 72.12 72.27 71.75 72.02 72.08 71.57 71.85 71.52 71.78 71.23 71.07 71.48 71.49 71.34 71.63 71.61 71.76 71.85 71.97 71.99 71.95 71.99 72.63 72.76 72.77 72.84 72.83 72.70 72.70 72.41 72.42 72.48 72.40 72.36 72.01 71.88 72.08 71.86 71.63 71.27 71.16 71.49 71.66 71.88 71.91 72.07 72.07 71.97 72.00 72.02 72.04 71.94 71.86 72.01 71.59 71.33 71.41 71.74 71.84 71.76 71.90 71.52 71.83 71.91 71.76 71.67 71.61 72.02 72.03 71.96 71.92 72.40 72.68 72.87 72.98 73.03 73.18 72.97 73.01 72.90 72.72 72.77 71.91
-17°N ||     71.93 71.91 72.01 72.26 72.28 72.44 72.88 73.00 72.98 72.92 72.82 72.63 72.68 72.27 72.66 72.93 72.49 72.48 72.22 71.94 71.81 71.65 71.33 71.08 70.90 70.64 70.22 69.26 68.42 67.90 67.82 67.89 68.05 68.20 67.90 67.33 67.69 67.88 67.75 67.65 67.76 68.13 68.49 68.77 69.22 69.58 69.91 70.17 70.47 70.72 70.84 71.04 71.07 71.14 70.86 70.55 70.12 70.14 70.59 70.49 70.29 71.51 72.00 71.59 71.92 73.82 74.70 73.50 72.53 72.63 72.36 72.66 72.84 73.08 73.66 73.62 73.67 73.18 73.41 73.24 73.38 73.32 73.34 73.33 73.36 73.32 73.20 73.19 73.15 73.00 72.75 72.78 72.78 72.69 72.54 72.52 72.26 72.30 72.05 72.48 72.13 71.94 71.63 71.62 71.59 71.53 71.62 71.22 71.61 71.58 71.70 71.56 71.39 71.38 71.63 71.67 71.80 72.23 72.28 71.95 72.30 72.23 72.37 72.39 72.34 72.62 72.56 72.56 72.48 72.39 72.01 72.05 71.28 71.56 71.67 71.54 71.10 71.12 71.55 71.75 71.97 72.01 72.10 72.17 72.03 72.01 71.99 71.94 71.91 71.72 71.83 71.76 71.50 71.59 71.49 71.54 71.76 71.93 71.76 72.15 71.93 71.90 71.72 71.58 72.29 71.62 71.87 72.06 72.45 72.87 72.97 73.11 73.12 73.23 73.34 73.08 73.09 72.91 73.08 72.64
-15°N ||     72.82 71.93 72.55 72.38 72.60 72.72 73.31 73.19 72.90 72.95 72.94 72.68 72.55 72.58 72.69 72.91 71.94 72.54 72.69 72.03 71.87 71.62 71.37 71.11 70.76 70.32 69.57 68.29 66.93 66.50 66.94 67.49 67.66 67.90 68.03 67.97 68.15 68.18 67.55 67.24 67.22 67.75 68.09 68.40 68.86 69.38 69.73 70.01 70.20 70.35 70.38 70.74 70.92 70.93 70.68 70.58 70.25 71.04 70.47 71.17 71.47 73.54 74.22 74.66 75.12 74.87 74.32 75.14 75.12 72.74 72.66 73.00 72.95 73.04 73.47 73.46 73.60 73.45 73.35 73.31 73.35 73.36 73.32 73.48 73.32 73.28 73.29 73.18 73.11 73.06 73.11 72.96 72.88 72.66 72.56 72.56 72.49 72.34 71.98 72.32 71.86 71.93 71.82 71.55 71.64 71.42 71.52 71.49 71.37 71.43 71.74 71.37 71.22 71.20 71.27 70.98 71.69 72.24 72.26 72.27 71.95 72.28 72.26 72.19 72.37 72.49 72.47 72.61 72.25 72.00 71.86 71.20 71.13 71.17 71.40 71.30 71.10 71.25 71.31 71.65 71.89 72.06 72.04 72.05 72.14 72.06 71.92 71.98 71.75 71.86 71.74 71.90 71.45 71.22 71.94 72.07 71.59 72.05 72.10 71.92 71.97 71.88 71.62 71.79 72.12 72.21 72.13 72.15 72.34 73.00 73.19 73.68 73.42 73.35 73.11 73.45 73.23 73.63 72.62 72.72
-13°N ||     72.93 72.87 72.68 72.48 72.63 72.89 73.13 73.34 73.24 73.32 73.15 72.87 72.78 72.88 72.86 72.91 72.60 72.56 72.46 72.22 71.98 71.68 71.41 71.11 70.68 70.11 69.23 67.41 65.22 64.74 65.99 67.07 67.40 67.49 67.57 68.21 67.99 67.96 67.41 67.16 67.21 68.33 67.68 68.15 68.64 69.11 69.57 69.84 70.06 70.22 70.28 70.92 70.44 71.43 73.93 73.54 73.50 71.83 74.91 75.37 73.76 71.60 71.53 71.73 73.99 74.10 73.50 73.58 72.29 74.73 73.02 72.90 73.06 73.19 73.24 73.49 73.40 73.60 73.76 73.41 73.38 73.39 73.36 73.37 73.24 73.28 73.36 73.23 73.11 73.27 73.16 73.09 72.96 72.80 72.99 72.70 72.58 72.41 72.30 72.30 72.27 72.06 71.78 71.62 71.45 71.80 71.48 71.46 71.36 71.30 71.31 71.44 71.11 71.40 71.31 71.48 71.50 72.08 72.20 72.09 72.14 72.29 72.20 72.19 71.99 72.32 72.37 72.38 72.25 72.10 71.35 71.15 70.91 71.31 71.24 71.41 71.09 71.24 71.76 71.79 72.14 72.07 72.16 72.11 72.15 72.10 71.84 71.72 71.67 71.71 71.69 71.52 71.81 71.48 72.12 72.11 71.75 71.75 72.02 72.10 71.90 71.97 71.70 71.60 71.85 72.50 72.53 72.64 72.87 73.23 73.37 73.53 73.58 73.52 73.49 73.59 73.69 73.52 73.67 73.51
-11°N ||     73.65 73.42 73.70 73.72 73.06 73.04 73.19 73.40 73.26 73.27 73.16 73.12 73.15 72.92 73.04 72.97 72.91 72.69 72.57 72.34 72.08 71.86 71.48 71.12 70.55 70.01 69.19 67.61 65.30 63.33 64.39 67.05 67.31 67.32 67.24 67.86 67.79 67.52 67.08 66.86 67.31 67.64 67.60 68.10 68.52 68.92 69.56 69.75 69.93 70.15 70.05 70.66 73.11 73.61 75.77 75.86 72.48 69.61 69.45 70.40 70.98 71.15 71.39 71.57 71.94 71.86 72.02 72.94 72.48 72.61 75.20 73.45 75.27 73.54 73.34 73.98 73.86 73.56 73.70 73.73 73.44 73.44 73.48 73.40 73.43 73.38 73.52 73.32 73.36 73.22 73.22 73.33 73.00 72.90 72.76 72.76 72.79 72.54 71.70 71.99 72.31 72.35 71.99 71.81 71.72 71.46 71.43 71.49 71.31 71.34 71.67 71.44 71.50 71.27 71.46 71.57 71.50 71.68 71.95 71.79 71.90 72.08 72.05 71.98 71.75 72.30 72.26 72.43 72.27 72.24 72.04 71.44 71.01 71.19 71.15 71.57 71.32 71.67 71.94 71.96 72.26 72.20 72.10 72.17 72.18 72.16 72.07 72.11 71.91 71.89 71.76 71.50 71.20 71.58 71.54 71.74 72.05 72.12 71.93 72.24 72.07 72.41 72.58 72.36 72.50 73.19 72.60 72.87 73.02 73.33 73.44 73.48 73.70 73.64 73.75 73.84 73.85 73.41 73.52 73.31
-9°N ||     73.16 73.32 73.29 73.56 73.73 73.17 73.43 73.27 73.43 73.50 73.26 73.33 73.18 73.12 73.12 72.99 72.98 72.82 72.69 72.44 72.25 71.93 71.65 71.23 70.75 70.14 69.40 68.66 65.67 61.97 61.96 66.02 67.19 67.20 67.27 67.16 67.57 67.36 67.40 67.11 67.24 67.84 69.38 70.83 69.85 68.99 69.53 70.06 70.02 70.38 73.39 74.11 74.02 75.59 73.68 70.07 69.27 70.81 69.85 70.94 71.16 71.28 71.78 71.74 72.08 72.22 73.25 72.57 74.07 72.82 75.31 75.35 75.67 74.71 74.40 73.93 73.45 73.62 73.66 74.25 73.74 73.42 73.52 73.54 73.49 73.53 73.65 73.36 73.39 73.40 73.51 73.13 73.13 73.08 72.90 72.72 72.77 72.62 72.22 72.14 72.35 72.17 71.91 72.04 72.00 71.68 71.47 71.75 72.52 72.75 71.54 71.74 71.63 71.70 71.66 71.55 71.55 71.61 71.81 71.85 71.82 71.69 71.84 71.69 71.67 71.77 71.98 72.24 72.28 72.28 72.04 71.73 71.05 71.71 71.71 71.27 71.93 72.12 71.69 72.03 72.26 72.30 72.40 72.27 72.27 72.13 72.06 72.34 72.26 71.98 71.40 71.57 71.22 71.81 72.12 72.02 72.18 72.46 72.19 72.32 72.64 73.20 73.41 73.08 73.05 73.41 73.38 73.28 73.42 73.46 73.56 73.67 73.78 74.39 74.03 73.98 73.48 72.31 73.50 73.40
-7°N ||     73.45 73.42 73.34 73.34 74.11 73.87 73.53 73.59 73.92 73.67 73.58 73.40 73.29 73.26 73.25 73.29 73.23 72.99 72.81 72.60 72.37 72.09 71.81 71.36 70.89 70.43 69.84 69.30 66.31 63.26 64.02 65.49 66.89 67.13 67.30 67.50 67.09 67.11 67.53 67.12 70.14 70.48 68.10 71.52 70.87 70.83 71.23 73.00 72.91 72.04 70.95 69.78 72.00 75.26 73.24 73.64 73.94 71.46 70.81 71.34 71.45 71.47 71.71 71.85 72.69 73.84 73.91 73.49 72.32 72.45 73.85 75.46 75.36 74.80 75.21 74.71 74.29 73.53 73.50 73.66 73.71 73.60 73.64 73.48 73.53 73.47 73.37 73.30 73.27 73.32 73.27 73.35 73.12 73.07 73.06 73.09 73.09 72.76 72.43 72.53 71.93 71.89 71.99 72.05 71.52 71.88 71.99 71.76 71.75 71.79 71.94 71.92 72.02 71.47 71.55 71.56 71.55 71.93 71.97 71.82 71.52 71.39 71.45 71.29 71.63 72.02 71.85 71.97 72.28 72.29 72.21 72.12 71.37 71.30 71.64 71.81 71.85 71.93 71.82 72.12 72.32 72.28 72.48 72.45 72.42 72.45 72.51 72.52 72.50 72.66 71.25 71.12 71.28 71.83 71.50 72.41 73.20 72.82 72.89 72.86 73.21 73.41 73.34 73.25 73.59 73.81 73.62 73.76 73.78 73.75 73.78 73.76 73.89 74.11 74.32 74.32 73.86 73.71 73.60 73.46
-5°N ||     73.51 73.59 73.67 73.63 73.48 74.19 74.10 74.08 74.23 73.76 73.57 73.27 73.38 73.46 73.59 73.67 73.67 73.42 72.90 72.88 72.60 72.35 72.05 71.63 71.23 70.77 70.29 69.51 68.44 66.94 65.71 65.94 66.91 67.04 67.38 67.64 67.62 68.56 67.90 67.31 67.66 67.96 68.37 72.05 70.67 72.34 70.56 71.33 70.64 70.01 69.63 72.12 72.85 73.27 72.72 70.13 70.46 71.39 73.27 73.40 71.67 71.79 71.86 71.91 72.39 72.15 72.64 72.32 72.40 72.59 72.95 73.41 74.63 73.23 73.21 74.55 74.86 74.49 73.36 73.47 74.22 73.82 73.76 73.64 73.59 73.46 73.34 73.35 73.46 73.37 73.29 73.24 73.31 73.05 73.06 73.14 73.10 73.07 72.87 72.93 72.42 71.76 71.90 72.03 72.26 72.05 71.96 71.91 72.00 71.87 72.28 72.33 72.22 71.66 71.52 71.56 71.37 71.54 71.33 71.77 71.53 71.77 71.58 71.59 71.79 71.64 72.06 71.81 72.21 72.26 72.16 71.76 71.86 71.46 71.81 71.95 72.18 72.13 72.21 72.30 72.23 72.40 72.72 72.75 72.62 72.60 73.02 72.84 72.55 72.40 71.99 71.68 72.26 72.20 72.14 72.51 73.67 73.24 75.02 73.80 73.57 73.33 73.34 73.66 73.66 73.99 74.00 73.90 73.91 74.00 74.07 74.01 74.25 74.23 74.22 74.29 74.32 74.05 73.80 73.64
-3°N ||     73.65 73.62 73.79 73.83 73.70 74.56 74.57 74.39 73.93 74.12 73.43 73.07 73.68 74.18 74.10 74.25 73.35 72.93 73.40 73.15 72.95 72.58 72.49 72.08 71.60 71.15 70.71 69.92 69.31 68.14 67.22 67.05 66.77 66.74 67.49 67.90 68.22 68.39 68.44 68.05 67.88 68.42 68.78 69.59 69.86 69.92 70.47 70.51 70.36 70.08 69.87 69.68 70.13 71.77 71.44 70.60 71.12 71.55 71.82 73.91 71.67 72.20 72.17 72.31 72.41 72.49 73.15 72.70 72.80 73.01 73.15 73.26 75.50 73.52 73.45 74.32 73.99 74.09 73.60 73.65 73.78 73.78 74.19 73.84 73.62 73.53 73.59 73.47 73.45 73.41 73.37 73.29 73.23 73.20 73.12 73.09 72.82 73.08 73.08 73.10 72.58 72.19 72.05 72.17 72.36 72.03 72.13 72.26 72.21 72.22 72.38 72.37 72.16 71.94 71.81 71.46 71.22 72.14 71.96 71.82 71.75 71.83 71.69 71.95 71.58 71.85 71.67 72.17 72.22 72.38 72.07 72.18 72.11 72.01 72.31 72.76 72.05 72.52 72.43 72.25 72.43 72.48 72.94 72.94 72.68 73.12 73.00 72.72 72.52 72.34 71.94 72.11 72.03 72.18 72.33 72.90 73.75 73.68 73.76 73.47 73.79 73.70 73.67 73.60 73.75 74.04 73.87 73.66 74.26 74.31 74.26 74.38 74.43 74.47 74.46 74.47 74.39 74.26 73.91 73.86
-1°N ||     73.94 73.86 73.92 74.12 74.23 74.61 74.62 74.34 74.18 73.66 73.34 72.99 73.74 74.13 74.49 73.82 73.43 73.62 73.54 73.19 73.09 72.92 72.73 72.42 72.03 71.43 70.91 70.31 69.70 69.05 68.11 67.57 66.25 64.77 67.70 68.12 68.38 68.63 68.80 68.84 68.89 69.66 69.99 70.27 70.50 70.98 71.24 71.43 71.63 71.76 71.18 72.29 74.13 70.63 70.73 70.99 71.67 71.93 72.01 72.78 72.24 72.41 72.42 72.42 72.57 72.64 72.63 73.26 73.26 73.21 74.14 73.32 75.13 75.26 73.76 73.76 73.64 73.67 73.72 73.96 74.48 74.22 74.08 73.68 73.72 73.68 73.58 73.47 73.40 73.37 73.40 73.47 73.31 73.27 73.15 73.10 72.76 73.07 73.07 73.09 72.61 72.49 72.37 72.23 72.37 72.32 72.29 72.41 72.44 72.48 72.57 72.55 72.09 71.91 71.89 71.63 71.39 72.18 72.03 72.00 72.02 71.72 71.78 71.63 71.91 71.96 72.10 72.21 72.60 72.51 72.28 71.86 72.27 72.34 72.76 72.74 72.59 73.12 72.49 72.38 72.52 72.62 73.00 73.03 73.06 73.16 73.09 72.48 72.67 72.37 72.28 72.35 72.79 72.83 73.06 73.66 73.93 74.13 73.93 73.88 74.26 74.08 73.79 73.76 74.08 73.93 73.64 73.91 74.23 74.35 74.39 74.42 74.42 74.49 74.51 74.49 74.32 74.34 74.15 74.00
1°N ||     74.05 73.93 74.13 74.45 74.33 74.48 74.65 74.85 74.24 73.81 73.41 73.42 74.06 74.51 74.52 74.16 73.90 73.75 73.17 73.43 73.21 73.21 72.77 72.29 71.90 71.77 71.25 70.49 69.80 69.55 69.17 68.68 66.63 64.03 65.01 68.41 68.56 68.68 68.99 69.30 69.68 69.98 70.21 70.50 70.85 71.28 71.55 71.83 72.23 72.48 71.44 70.58 70.43 70.77 71.04 71.54 71.90 72.21 72.26 72.55 72.38 72.54 72.95 72.54 72.62 72.71 72.62 73.68 72.98 73.17 73.42 75.04 76.10 75.98 73.53 73.66 73.67 73.73 73.54 74.57 73.54 74.47 73.85 73.64 73.93 73.79 73.61 73.46 73.53 73.40 73.38 73.44 73.34 73.33 73.29 73.14 73.09 72.87 72.89 72.77 72.75 72.79 72.64 72.74 72.43 72.28 72.31 72.66 72.56 72.53 72.52 72.25 72.33 72.24 71.95 71.80 72.05 72.03 71.81 72.12 71.97 71.87 71.93 71.96 71.96 72.05 72.19 72.37 72.41 72.56 72.84 72.73 73.03 73.01 73.05 73.02 72.83 72.81 72.94 72.75 73.03 73.07 73.24 73.23 73.27 73.06 72.70 72.67 72.71 72.51 72.68 72.95 73.45 73.57 73.62 73.70 73.96 74.16 74.06 74.25 74.10 74.09 73.96 74.19 74.13 73.98 73.79 74.17 74.30 74.35 74.41 74.45 74.45 74.48 74.50 74.50 74.52 74.44 74.36 74.24
3°N ||     74.56 74.45 74.50 74.62 74.75 74.80 74.75 74.66 74.53 73.81 73.68 73.73 74.60 74.73 74.68 74.44 74.25 73.47 73.39 73.62 73.48 73.03 72.64 72.16 71.67 72.21 71.66 70.00 69.83 69.92 69.81 69.93 69.49 66.37 67.80 68.70 68.48 68.58 69.06 69.49 69.88 70.10 70.28 70.27 71.20 71.57 71.96 72.20 72.43 72.86 72.91 71.93 71.45 71.64 71.94 72.20 72.36 72.44 72.49 72.69 72.64 72.56 72.37 73.00 73.09 72.83 72.92 73.20 73.25 73.42 73.50 73.63 75.47 75.64 75.08 74.62 74.70 74.42 74.20 74.15 73.74 73.61 73.88 73.73 73.65 73.94 73.57 73.42 73.49 73.47 73.54 73.45 73.41 73.34 73.28 73.17 73.14 72.99 73.08 72.96 72.96 72.96 72.95 72.81 72.80 72.42 72.61 72.86 73.09 72.51 72.60 72.42 72.15 72.13 72.02 72.32 72.17 72.17 71.95 72.16 72.04 71.93 71.91 72.02 72.04 72.10 72.29 72.40 72.58 72.66 73.21 73.50 73.76 73.94 74.30 73.82 73.15 73.07 72.97 73.15 73.17 73.29 73.36 73.27 73.23 72.93 72.90 72.80 72.72 72.52 73.08 73.68 73.61 73.50 73.56 73.92 74.07 74.20 74.25 74.34 74.04 74.32 74.22 74.29 74.25 74.07 74.13 74.27 74.32 74.35 74.36 74.44 74.47 74.48 74.47 74.51 74.53 74.56 74.58 74.60
5°N ||     74.56 74.68 74.97 74.68 74.87 74.88 74.81 74.77 74.66 74.26 74.06 73.95 74.77 74.90 74.88 74.73 73.94 73.36 73.86 73.74 73.37 72.76 72.36 72.06 72.26 72.34 72.17 71.20 69.94 69.85 70.05 70.43 70.66 70.38 69.60 69.02 68.32 68.14 69.19 69.75 70.12 70.33 70.44 70.23 71.39 72.01 72.29 72.47 72.73 73.10 73.25 72.27 72.26 72.47 72.60 72.72 72.70 72.72 72.76 72.86 73.05 72.77 72.52 72.63 72.81 73.10 73.24 73.31 73.34 73.56 73.87 75.24 73.88 74.71 75.57 75.06 74.40 73.84 73.73 73.78 73.60 73.77 73.64 73.72 73.99 73.70 73.66 73.46 73.51 73.46 73.43 73.44 73.29 73.26 73.24 73.22 73.20 73.21 73.12 72.99 72.98 72.97 72.92 72.96 72.90 72.88 72.92 72.85 72.91 72.41 72.52 72.00 72.14 72.05 72.19 72.08 72.10 72.21 72.15 72.14 72.05 71.97 71.89 71.94 72.35 72.18 72.29 72.49 72.72 73.00 73.53 75.47 75.64 75.63 75.56 75.31 74.74 73.59 73.41 73.37 73.33 73.48 73.40 73.24 73.27 73.02 72.91 72.92 72.61 72.67 73.67 73.61 73.72 73.75 73.85 73.88 74.14 74.25 74.33 74.34 74.30 74.25 74.32 74.31 74.31 74.30 74.29 74.27 74.33 74.33 74.33 74.39 74.43 74.46 74.47 74.52 74.56 74.57 74.60 74.65
7°N ||     74.64 74.71 74.77 74.80 74.89 74.91 74.90 74.87 74.80 74.54 74.23 74.59 74.94 75.02 75.03 74.79 73.81 74.23 74.13 73.77 73.20 72.84 72.90 72.74 72.63 72.59 72.35 71.77 69.58 69.73 70.06 70.78 71.02 70.81 70.26 69.44 67.44 67.42 69.63 70.08 70.35 70.52 70.64 70.88 71.84 72.14 72.36 72.60 72.83 73.06 73.28 73.32 72.69 72.67 72.67 72.70 72.80 72.89 72.98 73.05 73.09 72.95 72.66 72.94 73.19 73.28 73.41 73.48 73.52 73.69 74.03 75.33 75.81 75.25 75.57 73.92 73.85 73.76 74.29 74.43 74.18 73.73 73.78 73.89 73.71 73.56 73.57 73.46 73.53 73.41 73.46 73.42 73.39 73.47 73.24 73.19 73.13 73.23 73.08 72.92 72.92 72.95 73.01 72.92 72.89 73.01 72.73 73.13 72.92 72.96 72.65 72.38 72.32 71.95 72.03 72.11 72.04 72.16 72.17 72.19 72.03 72.08 71.92 72.31 72.58 72.12 72.31 72.56 73.01 73.64 75.40 75.80 75.72 75.69 75.67 75.56 75.50 74.96 73.64 73.61 73.65 73.53 73.34 73.38 73.03 72.83 72.91 73.12 72.96 72.93 73.59 73.82 73.88 74.01 74.17 74.06 74.30 74.36 74.29 74.36 74.40 74.29 74.32 74.30 74.34 74.33 74.29 74.29 74.27 74.28 74.30 74.24 74.39 74.45 74.42 74.54 74.60 74.63 74.65 74.69
9°N ||     74.75 74.87 74.65 74.72 74.94 74.92 74.94 74.90 75.00 74.66 74.39 74.90 75.09 75.13 75.08 74.59 74.27 74.56 74.09 73.51 73.42 73.26 73.18 73.07 72.94 72.74 72.53 71.87 70.09 70.01 70.53 71.26 71.26 71.41 71.06 69.86 66.84 65.09 68.99 70.36 70.52 70.73 70.94 71.27 71.79 72.16 72.42 72.67 72.85 73.09 73.29 73.33 73.22 72.83 72.79 72.80 72.88 72.98 73.06 73.15 73.25 73.18 73.07 73.12 73.22 73.46 73.72 73.76 73.82 74.30 75.34 75.41 75.22 75.74 74.28 74.21 74.29 74.15 74.49 73.83 73.83 73.77 73.72 73.79 73.89 73.71 73.64 73.75 73.63 73.65 73.50 73.45 73.37 73.41 73.32 73.49 73.24 73.15 73.11 73.15 73.12 72.85 72.71 72.66 72.97 73.07 73.11 72.83 72.78 72.68 72.64 72.64 72.53 72.63 72.42 72.23 72.13 72.16 72.16 71.95 72.11 72.06 71.85 72.75 72.21 72.13 72.41 72.74 73.22 74.38 75.60 75.86 75.85 75.81 75.72 75.66 75.58 75.36 74.76 74.14 73.85 73.95 73.34 73.19 73.17 73.12 73.35 73.49 73.39 73.40 73.75 74.04 74.30 74.02 74.31 74.43 74.32 74.30 74.21 74.23 74.71 74.13 74.09 74.17 74.28 74.33 74.20 74.24 74.13 74.17 74.19 74.37 74.39 74.47 74.41 74.55 74.61 74.67 74.70 74.70
11°N ||     74.84 74.82 74.82 74.81 75.03 75.03 75.09 75.05 75.19 75.10 74.95 75.24 75.26 75.21 75.14 75.07 74.63 74.65 74.09 73.66 73.53 73.43 73.25 73.09 72.91 72.76 72.46 71.85 71.25 71.50 71.46 71.46 71.48 71.50 71.59 71.49 67.44 61.69 63.40 70.37 70.67 70.90 71.15 71.47 71.80 72.20 72.53 72.73 72.95 73.09 73.25 73.35 73.33 72.96 72.89 72.89 72.97 73.07 73.12 73.20 73.28 73.13 73.07 73.34 73.49 73.66 74.04 74.32 74.57 74.38 75.83 75.56 74.28 75.81 75.28 74.18 75.26 73.99 73.84 74.09 73.80 73.75 73.66 73.61 73.72 73.76 73.93 73.75 73.74 73.72 73.51 73.47 73.48 73.48 73.59 73.32 73.50 73.15 73.20 73.23 73.16 73.13 72.94 72.69 73.06 73.01 73.48 72.98 73.23 72.64 72.78 72.75 72.72 72.83 72.63 72.29 72.14 72.31 72.45 72.09 72.22 72.16 72.01 71.92 72.06 72.37 72.62 72.94 73.51 74.74 75.88 75.92 75.95 75.83 75.69 75.68 75.55 75.46 75.03 74.38 74.11 73.39 73.54 73.43 73.30 73.58 73.78 73.92 73.92 73.98 74.16 74.39 74.61 74.64 74.46 74.54 74.42 74.41 74.17 74.05 73.91 73.78 73.82 73.86 73.95 74.02 74.04 74.03 74.06 74.42 73.72 74.21 74.37 74.38 74.38 74.63 74.67 74.65 74.24 74.71
13°N ||     74.75 74.92 74.49 74.50 75.04 75.01 75.14 75.21 75.25 75.29 75.35 75.40 75.37 75.33 75.28 75.11 74.95 74.59 73.63 73.69 73.59 73.36 73.22 73.11 72.89 72.68 72.48 72.23 71.68 71.68 71.59 71.59 71.59 71.68 71.84 71.97 71.36 63.80 65.08 69.59 70.52 71.11 71.42 71.64 68.96 72.39 72.64 72.82 72.99 73.10 73.28 73.34 73.36 73.01 72.96 73.00 73.08 73.15 73.19 73.25 73.27 73.31 73.44 73.33 73.62 74.21 74.50 74.77 74.90 75.66 75.77 75.59 74.80 74.65 74.39 75.23 74.50 74.31 73.84 73.64 73.62 73.80 73.67 73.73 73.71 73.71 75.45 73.73 74.49 73.65 73.49 73.52 73.52 73.68 73.66 73.30 73.31 73.35 73.41 73.43 73.39 73.10 73.01 73.06 73.12 73.20 73.12 73.26 73.50 72.95 72.94 73.10 72.86 72.81 72.73 72.60 72.45 72.52 72.62 72.57 72.47 72.26 72.20 72.22 72.29 72.45 72.74 73.13 73.74 74.87 75.91 75.92 75.87 75.80 75.70 75.67 75.60 75.51 75.21 74.61 74.34 73.79 73.83 73.90 73.88 74.00 73.97 74.41 74.25 74.53 74.64 74.72 74.92 75.04 75.06 74.77 74.68 74.39 74.02 73.70 73.45 73.34 73.49 73.51 73.64 73.75 73.79 73.93 73.89 73.93 73.97 73.82 74.38 74.35 74.46 74.49 74.66 74.63 73.87 74.44
15°N ||     74.81 74.98 74.99 75.21 75.15 75.04 75.25 75.38 75.40 75.45 75.50 75.58 75.55 75.49 75.47 75.26 74.65 74.19 73.75 73.73 73.28 71.09 66.96 66.40 68.72 72.60 72.40 72.34 72.17 71.82 71.76 71.68 71.70 71.77 71.85 71.95 71.97 70.98 69.16 69.53 70.71 71.28 71.63 71.83 72.17 72.58 72.73 72.89 73.00 73.09 73.25 73.34 73.40 73.06 73.06 73.06 73.12 73.20 73.25 73.27 73.31 73.31 73.28 73.50 74.26 74.63 74.87 75.05 75.08 75.60 75.88 75.69 75.26 74.92 75.32 74.79 74.69 74.35 74.14 74.02 74.27 73.79 73.43 74.85 73.80 73.73 73.78 73.71 73.72 73.75 74.30 73.83 73.59 73.52 73.62 73.42 73.45 73.49 73.53 73.60 73.51 73.48 73.20 73.15 73.21 73.22 73.13 73.56 73.37 72.82 72.98 73.01 73.05 73.07 72.79 72.75 72.61 72.51 72.58 72.58 72.46 72.53 72.42 72.46 72.54 72.66 72.88 73.34 74.13 75.87 75.89 75.78 75.88 75.79 75.70 75.66 75.58 75.53 75.28 74.80 74.52 74.39 74.23 74.18 74.14 74.20 74.31 74.47 74.78 74.86 74.99 75.11 75.11 75.19 75.20 75.14 74.79 74.34 73.80 73.47 73.27 73.15 73.02 73.14 73.25 73.53 73.66 73.76 73.77 73.84 73.89 73.94 74.13 74.33 74.38 74.48 74.53 74.77 74.22 75.50
17°N ||     74.95 75.10 75.14 75.27 74.73 75.25 75.29 75.38 75.53 75.56 75.62 75.68 75.69 75.66 75.68 74.90 74.42 74.33 73.92 73.96 72.94 66.04 62.10 60.78 63.94 70.58 72.37 72.35 72.53 72.19 71.99 71.78 71.74 71.80 71.87 71.96 71.99 71.83 70.93 70.83 71.26 71.46 71.69 71.91 72.22 72.61 72.80 72.95 73.05 73.13 73.20 73.39 73.36 72.95 72.98 73.15 73.17 73.23 73.26 73.29 73.33 73.41 73.55 74.03 74.38 74.93 75.17 75.42 75.69 75.75 75.53 75.73 75.61 75.35 75.44 75.02 74.56 74.62 74.46 74.03 73.86 73.61 73.99 74.52 73.72 73.77 73.79 75.23 73.82 74.02 73.78 73.76 73.60 73.52 73.59 73.67 73.61 73.62 73.61 73.72 73.70 73.60 73.37 73.31 73.47 73.44 73.45 73.42 73.08 72.95 73.06 73.08 72.99 72.90 72.87 72.81 72.67 72.28 72.52 72.60 72.63 72.62 72.59 72.63 72.68 72.79 73.22 73.44 74.28 75.68 75.84 75.86 75.81 75.74 75.70 75.70 75.62 75.46 75.32 75.10 74.85 74.94 74.76 74.76 74.73 74.93 74.97 75.07 75.19 75.27 75.34 75.33 75.33 75.43 75.36 75.33 75.06 74.32 73.81 73.33 73.09 72.86 72.69 72.69 72.91 73.37 73.57 73.62 73.62 73.71 73.82 73.99 74.17 74.32 74.29 74.47 74.84 74.82 74.70 75.03
19°N ||     74.97 75.16 75.29 75.34 75.39 75.29 75.32 75.46 75.61 75.66 75.72 75.80 75.81 75.80 75.81 75.04 74.50 74.17 73.56 73.78 73.19 66.12 62.17 61.21 63.44 70.84 72.57 72.66 72.70 72.61 72.23 71.89 71.69 71.64 71.67 71.89 72.02 72.01 71.65 71.52 71.61 71.66 71.74 71.90 72.12 72.49 72.85 72.98 73.10 73.14 73.20 73.42 73.27 73.32 72.95 73.07 73.17 73.22 73.28 73.29 73.41 73.41 73.72 74.37 74.87 75.23 75.63 75.74 75.96 75.96 76.06 75.92 75.86 75.72 75.60 75.04 74.87 74.90 75.30 74.20 73.95 73.80 74.01 73.95 75.19 73.68 73.75 73.61 73.78 73.82 73.83 73.83 74.20 73.69 73.67 73.74 73.69 73.69 73.68 73.72 73.73 73.52 74.47 73.51 73.62 73.33 73.21 73.41 73.20 73.16 73.08 73.01 72.88 72.85 72.87 73.01 72.58 72.70 72.57 72.77 72.88 73.00 72.65 72.68 72.74 72.86 73.16 73.06 73.78 74.75 75.45 75.79 75.72 75.70 75.67 75.60 75.59 75.54 75.44 75.36 75.34 75.34 75.48 75.36 75.40 75.37 75.50 75.52 75.55 75.62 75.67 75.60 75.72 75.65 75.62 75.43 75.18 74.33 73.61 73.18 72.77 72.50 72.41 72.59 72.61 71.98 73.37 73.48 73.56 73.65 73.78 73.97 74.18 74.34 74.40 74.69 74.31 74.97 74.90 75.05
21°N ||     75.44 75.32 75.28 75.50 75.62 75.61 75.57 75.66 75.79 75.81 75.88 75.89 75.91 75.91 75.89 75.05 74.51 73.72 73.58 73.91 73.62 68.09 65.81 64.89 66.76 72.26 72.88 72.88 72.83 72.67 72.40 72.04 71.68 71.48 71.34 71.27 71.98 72.00 71.88 71.77 71.75 71.77 71.82 71.92 72.12 72.47 72.92 72.97 73.05 73.13 73.13 73.30 73.44 73.57 73.02 73.07 73.10 73.18 73.22 73.32 73.40 73.45 73.96 74.44 74.95 75.79 75.89 75.96 76.08 76.11 76.10 76.05 75.86 75.88 75.74 75.33 75.21 75.24 74.74 74.23 74.22 74.57 74.12 73.94 73.68 74.02 74.20 73.78 73.82 73.91 73.81 73.81 73.73 73.70 73.85 73.78 73.71 73.74 73.74 73.73 73.83 73.55 73.43 73.65 73.35 73.44 73.65 72.99 73.22 73.44 72.98 72.87 72.86 72.91 72.92 73.03 72.76 72.78 72.17 72.93 72.98 72.95 72.52 72.64 72.82 72.86 73.12 73.02 73.30 73.67 74.58 74.81 75.29 75.42 75.41 75.59 75.58 75.58 75.58 75.56 75.60 75.72 75.73 75.75 75.79 75.76 75.85 75.89 75.89 75.83 75.89 75.83 75.86 75.74 75.78 75.76 75.50 74.47 73.54 72.96 72.42 72.27 72.21 72.18 72.51 72.89 73.21 73.34 73.46 73.62 73.81 73.97 74.16 74.30 74.56 74.63 74.33 75.06 75.06 75.19
23°N ||     75.43 75.49 75.54 75.64 75.70 75.78 75.83 75.91 75.95 75.95 75.98 75.98 75.97 75.95 75.94 75.12 74.29 73.63 73.85 74.13 74.15 72.48 70.64 70.12 72.57 73.26 73.05 73.00 72.90 72.61 72.33 72.04 71.75 71.39 71.18 71.11 71.76 72.01 71.96 71.77 71.77 71.60 71.82 71.96 71.98 72.59 72.74 72.89 72.95 73.04 73.10 73.17 73.30 73.49 73.33 73.16 73.63 74.60 74.28 73.62 73.47 73.32 74.02 74.49 75.05 75.78 76.03 76.11 76.21 76.25 76.17 76.24 75.90 76.14 76.01 75.70 75.62 75.65 75.51 74.80 74.29 73.87 73.69 73.88 73.76 73.91 73.90 73.89 73.87 73.74 73.93 73.99 73.89 73.80 73.98 74.03 74.23 73.60 73.89 73.86 73.74 73.59 73.45 73.59 73.61 73.55 73.55 73.39 73.20 73.31 73.13 72.97 72.97 72.86 72.85 72.89 72.97 72.76 72.31 72.89 72.96 72.84 73.39 73.17 72.80 72.77 72.94 73.08 73.14 73.42 73.69 74.01 74.40 74.76 75.15 75.46 75.59 75.66 75.75 75.78 75.80 76.00 75.90 76.06 76.13 76.19 76.24 76.19 76.34 76.23 76.24 76.18 76.14 76.12 76.15 76.01 75.91 74.69 73.50 72.90 72.50 72.22 72.09 70.73 71.46 72.53 73.04 73.28 73.49 73.63 73.82 74.01 74.27 74.47 74.76 74.58 74.96 75.08 74.77 75.37
25°N ||     75.55 75.60 75.57 75.78 75.91 75.90 75.97 75.98 75.99 76.03 76.04 76.02 76.01 75.99 75.98 75.22 74.09 73.78 73.85 73.70 74.18 74.04 73.99 73.96 73.64 73.35 72.93 73.05 72.80 72.50 72.18 71.96 71.62 71.31 71.12 70.69 70.74 71.93 72.00 71.75 71.83 71.77 71.86 71.20 72.19 72.60 72.80 72.87 72.91 72.96 72.87 73.06 73.08 73.60 73.07 73.11 73.16 73.13 73.76 74.93 75.15 73.75 74.30 75.34 75.76 76.11 76.21 76.23 76.30 76.35 76.34 76.29 76.22 76.13 75.83 75.94 75.90 75.98 76.11 75.27 74.87 74.10 73.95 74.19 74.29 73.98 74.07 73.98 74.01 73.80 73.92 74.20 73.96 73.98 74.00 74.46 74.10 73.93 73.82 73.90 73.56 73.59 73.70 73.60 73.54 73.80 73.69 73.36 73.51 73.42 73.17 73.29 73.25 73.24 73.45 72.92 73.06 72.57 72.74 72.41 72.66 72.61 72.63 72.79 72.81 72.88 72.83 72.80 73.19 73.05 73.59 74.08 74.06 74.48 75.23 75.58 75.70 75.90 75.97 76.03 76.15 76.22 76.30 76.42 76.54 76.66 76.73 76.76 76.74 76.67 76.58 76.53 76.54 76.45 76.35 76.25 76.06 75.81 73.90 73.15 72.45 72.18 70.79 64.63 70.51 72.45 73.06 73.33 73.48 73.66 74.00 73.97 74.35 74.59 74.94 74.99 75.13 75.10 75.37 75.45
27°N ||     75.75 75.81 75.84 75.80 76.02 75.92 76.10 76.12 76.11 76.10 76.09 76.07 76.05 76.02 76.01 75.45 74.26 73.80 73.87 73.82 73.76 73.84 73.42 73.55 73.58 73.42 73.26 72.87 72.63 72.40 72.08 71.82 71.56 71.24 70.69 70.62 70.90 72.05 72.19 71.89 72.01 72.00 72.03 71.19 71.92 72.58 72.75 72.82 72.86 72.77 72.64 72.71 73.12 73.31 73.54 73.74 73.68 73.99 74.14 75.02 74.45 73.62 75.73 75.92 76.08 76.16 76.17 76.27 76.39 76.42 76.19 76.36 76.36 76.26 75.99 76.28 76.06 76.14 76.22 76.18 75.24 74.89 74.62 74.46 74.52 74.21 74.00 73.92 74.02 74.03 74.09 74.13 74.02 73.96 74.09 73.93 74.17 74.07 73.74 73.57 74.24 73.51 73.69 73.70 73.31 74.01 73.12 73.44 73.51 73.35 73.33 73.39 73.35 73.31 73.23 73.32 73.25 73.61 73.03 72.83 72.99 73.37 72.78 72.94 73.00 72.64 72.47 72.96 73.33 73.09 73.64 73.85 74.31 75.03 75.54 75.81 76.05 76.06 76.17 76.29 76.38 76.55 76.65 76.85 77.01 77.05 77.12 77.06 77.06 76.96 76.89 76.89 76.75 76.61 76.45 76.34 76.15 75.92 75.03 73.27 72.69 72.29 71.69 71.09 71.69 72.87 73.26 73.44 73.56 73.73 73.82 74.33 74.55 74.78 75.06 75.25 75.25 75.33 75.49 75.65
29°N ||     75.95 75.99 76.06 76.11 76.18 76.16 76.21 76.22 76.22 76.18 76.17 76.17 76.13 75.94 76.08 76.02 75.25 74.12 73.71 73.74 73.75 73.83 73.40 73.33 73.72 73.51 73.04 72.80 72.56 72.28 72.01 71.74 71.54 71.21 70.18 70.52 71.36 72.05 72.14 72.01 72.22 72.25 72.23 72.30 72.44 72.59 72.77 72.85 72.84 72.58 72.64 72.80 72.82 73.32 73.38 73.47 73.49 73.88 74.03 74.46 74.38 74.92 75.57 75.27 74.89 75.96 76.08 76.24 76.40 76.47 76.41 76.51 76.46 76.51 76.47 76.41 76.29 76.34 76.40 76.43 76.38 75.43 75.10 74.80 74.91 74.34 74.13 76.78 74.17 74.06 74.21 74.48 74.16 74.23 73.95 73.99 74.14 74.11 73.78 73.79 73.64 73.82 73.68 73.72 73.51 73.40 73.21 73.33 73.38 73.21 73.36 73.33 73.51 73.75 73.69 73.67 73.37 73.05 72.99 72.96 73.10 72.93 72.84 72.93 72.76 73.05 73.60 73.81 73.76 73.98 74.14 74.51 75.23 75.48 75.74 76.07 76.16 76.30 76.48 76.64 76.80 76.94 77.15 77.28 77.36 77.50 77.45 77.29 77.38 77.24 77.18 77.04 76.90 76.72 76.61 76.51 76.35 76.19 75.60 73.93 73.25 72.86 72.49 72.46 72.80 73.32 73.48 73.57 73.66 73.78 74.24 74.48 74.81 75.08 75.33 75.52 75.55 75.58 75.80 75.89
31°N ||     76.21 76.14 76.25 76.26 76.27 76.26 76.28 76.33 76.33 76.29 76.25 76.26 76.24 76.20 76.16 76.12 75.66 74.97 74.58 74.49 74.19 74.05 73.74 73.67 73.88 73.12 72.94 72.75 72.44 72.22 71.95 71.86 71.46 71.23 70.82 70.86 71.37 72.08 72.11 72.11 72.26 72.35 72.45 72.45 72.54 72.64 72.75 72.86 72.80 72.43 72.79 72.87 72.91 73.06 73.13 73.23 73.39 73.44 73.62 74.32 74.15 74.79 75.07 75.34 75.72 75.77 76.05 76.18 76.24 76.48 76.53 76.52 76.60 76.68 76.63 76.75 76.46 76.52 76.59 76.49 76.46 76.31 75.75 76.06 75.38 74.97 74.40 74.06 74.33 74.43 74.50 74.31 74.15 74.07 74.66 74.26 74.00 73.79 73.73 73.97 73.63 73.66 73.79 73.78 73.60 73.54 73.28 73.30 73.39 73.29 73.25 73.22 73.51 73.66 73.60 73.59 73.28 73.06 73.18 73.21 73.15 73.59 72.97 72.89 73.16 73.04 73.37 73.96 73.84 74.14 74.51 75.16 75.33 75.72 75.94 76.15 76.35 76.56 76.84 77.02 77.15 77.32 77.68 77.54 77.68 77.76 77.72 77.64 77.58 77.46 77.28 77.18 77.26 76.91 76.88 76.75 76.59 76.44 76.02 75.41 74.03 73.61 73.43 73.40 73.29 73.01 73.70 73.71 73.78 73.91 73.65 75.90 75.21 74.27 75.67 75.21 75.85 75.89 75.93 76.14
33°N ||     76.40 75.77 76.29 76.29 76.37 76.35 76.36 76.40 76.36 76.37 76.35 76.36 76.34 76.30 76.33 76.28 76.21 75.76 74.92 73.98 74.16 74.13 74.23 74.06 73.35 73.01 72.86 72.65 72.50 72.07 71.83 71.61 71.26 70.94 70.67 70.76 71.27 71.96 72.20 72.27 72.37 72.48 72.52 72.57 72.49 72.62 72.61 72.51 72.50 72.59 72.79 72.94 72.96 72.92 73.09 73.31 73.42 73.48 73.45 73.51 73.48 73.50 74.00 75.31 75.32 76.04 76.18 76.24 76.30 76.47 76.61 76.82 76.82 76.82 76.78 76.92 76.85 76.86 76.83 76.60 76.76 76.71 76.43 76.01 75.61 75.12 74.65 74.35 74.76 74.48 74.42 73.95 74.28 74.26 74.29 74.00 74.12 73.80 74.03 74.13 73.55 73.52 73.73 73.44 74.05 73.34 73.41 73.24 73.38 73.10 72.98 73.12 73.38 73.49 73.40 73.23 73.22 73.33 73.19 73.52 73.46 73.56 73.49 73.12 73.31 73.66 73.72 74.04 74.32 74.83 75.04 75.44 75.65 75.90 76.12 76.35 76.60 76.92 77.12 77.26 77.47 77.59 77.73 77.84 78.02 77.85 77.79 77.76 77.70 77.39 77.49 77.40 77.27 77.08 76.88 77.03 76.95 76.77 76.59 76.40 76.07 75.67 75.45 74.92 74.55 73.79 74.39 74.06 73.98 74.19 74.29 75.16 75.57 75.69 75.90 76.01 76.07 76.20 76.28 76.36
35°N ||     76.55 76.46 76.45 76.40 76.43 76.41 76.43 76.43 76.41 76.43 76.45 76.43 76.41 76.36 76.41 76.32 76.36 76.25 75.68 73.36 73.83 74.08 73.90 73.45 72.89 73.00 72.84 72.63 72.33 71.93 71.52 71.03 70.52 70.27 70.10 70.04 70.43 71.01 71.91 72.36 72.50 72.55 72.60 72.58 72.10 72.27 72.68 72.79 72.61 72.53 72.77 72.70 72.60 72.72 72.99 73.30 73.44 73.54 73.56 73.59 73.61 73.57 73.93 75.28 75.92 76.10 76.22 76.22 76.37 76.51 76.57 76.88 76.78 76.94 76.97 77.09 77.06 77.17 77.04 76.92 76.87 76.78 76.79 76.00 75.73 75.29 75.13 74.94 74.68 74.81 74.10 74.17 74.22 74.62 74.86 73.94 74.13 73.90 74.07 73.85 73.91 73.80 73.75 73.68 73.64 73.42 73.30 73.72 73.28 73.00 73.42 73.07 73.11 73.05 72.98 72.94 73.10 73.21 73.28 73.66 73.70 73.63 74.26 74.00 73.84 74.24 74.19 74.34 74.72 75.02 75.35 75.67 75.82 76.08 76.26 76.56 76.81 77.12 77.35 77.54 77.62 77.74 77.96 78.09 78.17 78.14 78.02 78.00 77.80 77.77 77.62 77.25 77.43 77.24 77.20 77.16 77.04 76.90 76.88 76.72 76.60 76.36 76.26 76.18 75.91 75.74 75.32 74.70 74.43 74.50 74.52 75.02 75.09 75.85 75.98 76.08 76.22 76.42 76.53 76.58
37°N ||     76.69 76.52 76.53 76.42 76.52 76.48 76.51 76.50 76.46 76.47 76.49 76.49 76.47 76.42 76.37 76.33 76.28 76.18 76.12 73.91 73.88 73.78 73.55 73.31 73.01 73.03 72.85 72.65 72.37 71.69 70.81 70.12 69.41 68.97 68.96 69.32 69.69 69.80 70.71 71.80 72.43 72.66 72.69 72.67 72.61 72.50 72.59 72.68 72.76 72.97 72.59 72.50 72.39 72.26 72.66 73.07 73.41 73.50 73.54 73.52 73.60 73.53 74.31 75.44 75.91 76.09 76.21 76.30 76.38 76.60 76.65 76.81 76.88 77.07 77.11 77.25 77.37 77.33 77.31 77.15 77.20 77.12 76.99 76.92 76.61 76.39 76.31 76.06 75.60 76.07 74.68 74.46 74.18 74.12 74.40 74.15 74.35 74.64 73.95 74.48 74.04 74.34 73.88 74.62 74.03 74.04 73.64 73.46 73.35 73.15 73.06 73.00 73.00 72.87 72.88 72.88 72.99 73.34 74.32 73.99 73.85 73.63 73.78 73.67 74.18 74.36 74.46 74.53 75.08 75.29 75.59 75.89 76.05 76.21 76.55 76.81 76.96 77.28 77.47 77.74 77.86 78.05 78.21 78.25 78.31 78.35 78.29 78.15 78.12 77.94 77.86 77.76 77.68 77.49 77.63 77.56 77.32 77.08 77.07 76.86 76.65 76.55 76.26 76.14 75.86 75.76 75.45 75.11 74.86 74.84 74.75 75.16 75.02 76.02 76.07 76.19 76.44 76.48 76.59 76.61
39°N ||     76.63 76.59 76.60 76.53 76.13 76.54 76.55 76.30 76.53 76.52 76.48 76.49 76.42 76.40 76.36 76.30 76.29 76.31 76.09 75.51 73.63 73.50 73.81 73.37 73.35 73.07 72.94 72.76 72.24 71.16 69.96 68.88 68.16 68.07 67.72 67.97 69.20 69.42 69.85 71.00 72.16 72.68 72.78 72.75 72.56 72.63 72.50 71.86 72.63 72.66 72.64 72.52 72.26 72.03 72.31 72.79 73.19 73.36 73.46 73.44 73.76 73.80 73.84 74.85 75.94 76.17 76.22 76.28 76.47 76.62 76.80 76.96 76.98 77.21 77.33 77.40 77.46 77.51 77.52 77.63 77.31 77.31 77.25 77.18 77.00 76.46 76.63 76.35 75.85 75.77 75.51 74.90 74.88 74.78 74.68 74.33 74.13 74.05 74.67 74.40 74.60 75.78 74.57 73.85 74.81 73.76 73.65 73.61 73.48 73.51 73.30 73.04 73.72 72.93 72.96 73.20 73.07 73.22 74.19 74.22 74.26 74.22 74.27 74.46 74.50 74.63 74.78 75.08 75.24 75.56 75.80 76.06 76.14 76.48 76.68 76.97 77.16 77.34 77.66 77.72 78.15 78.32 78.38 78.39 78.40 78.44 78.34 78.32 78.22 78.30 78.07 78.02 77.84 77.80 77.73 77.66 77.54 77.23 76.89 76.95 76.73 76.59 76.38 76.14 75.86 75.85 75.63 75.44 75.33 75.18 75.05 74.58 73.74 76.09 76.15 76.19 76.43 76.58 76.64 76.59
41°N ||     76.62 76.63 76.66 76.63 76.60 76.57 76.52 76.56 76.53 76.51 76.51 76.52 76.46 76.49 76.36 76.38 76.30 76.02 75.88 75.50 74.83 74.31 73.86 73.66 73.43 73.24 73.10 72.79 72.16 70.91 69.54 68.66 68.35 68.27 67.51 67.91 68.98 69.54 70.10 71.28 72.28 72.73 72.79 72.76 72.26 72.67 72.54 72.27 72.49 72.41 72.42 72.31 72.29 72.39 72.56 72.68 73.02 73.33 73.34 73.30 73.54 73.81 73.82 74.64 75.70 76.27 76.35 76.25 76.53 76.70 76.83 77.05 77.16 77.30 77.45 77.57 77.63 77.66 77.67 77.65 77.60 77.57 77.45 77.67 77.62 77.15 76.86 76.77 76.41 76.45 75.74 76.30 75.88 75.47 75.59 74.88 74.55 75.22 74.24 74.80 75.97 75.97 75.87 74.21 74.60 73.62 73.58 73.81 73.84 73.67 73.50 73.69 75.05 74.20 73.43 73.63 74.50 73.46 74.38 74.21 74.31 74.28 74.73 74.81 74.99 74.86 75.13 75.19 75.55 75.86 76.00 76.09 76.30 76.53 76.91 77.13 77.38 77.50 77.90 78.06 78.19 78.41 78.45 78.45 78.44 78.40 78.44 78.40 78.36 78.25 78.17 78.20 78.18 78.03 77.88 77.72 77.57 77.46 77.26 77.05 76.81 76.56 76.41 76.20 75.93 75.93 75.83 75.69 75.68 75.40 74.31 74.72 74.33 75.90 76.13 76.31 76.36 76.56 76.56 76.66
43°N ||     76.62 76.69 76.69 76.64 76.61 76.59 76.57 76.54 76.53 76.55 76.51 76.60 76.53 76.54 76.41 76.36 76.22 76.02 75.65 75.11 74.66 74.29 73.94 73.72 73.54 73.39 73.20 73.02 72.55 71.71 70.49 69.43 68.92 68.76 68.66 68.80 69.39 69.78 71.49 72.42 72.84 72.95 72.86 72.83 72.84 72.47 72.68 72.15 72.42 72.44 72.37 72.48 71.97 72.39 72.80 72.71 72.84 73.18 73.36 73.62 73.58 73.62 73.83 74.64 75.66 76.32 76.51 76.57 76.67 76.82 77.06 77.18 77.42 77.50 77.88 77.63 77.75 77.67 77.77 77.78 77.73 77.70 77.53 77.56 77.62 77.29 77.19 76.85 76.76 76.80 76.62 76.49 76.47 76.25 75.92 75.37 75.11 74.88 75.63 75.81 76.09 75.93 75.08 75.76 75.06 75.69 75.41 75.65 73.58 73.50 73.40 74.45 73.55 73.32 74.65 74.74 74.49 74.30 74.38 74.59 74.65 74.67 75.25 75.64 75.19 75.18 75.26 75.66 75.90 76.00 75.93 76.28 76.32 76.63 76.94 77.28 77.49 77.55 77.89 78.12 78.31 78.41 78.36 78.21 78.45 78.39 78.35 78.26 78.40 78.12 78.17 78.14 78.05 77.99 78.00 77.82 77.65 77.57 77.16 77.05 76.80 76.55 76.27 76.17 76.05 75.95 75.80 75.86 75.83 75.52 75.05 74.67 74.02 75.79 76.28 76.28 76.51 76.55 76.64 76.71
45°N ||     76.76 76.75 76.68 76.69 76.67 76.63 76.60 76.55 76.53 76.58 76.58 76.51 76.50 76.45 76.42 76.26 76.05 75.77 75.39 75.01 74.57 74.24 73.97 73.81 73.70 73.58 73.44 73.25 72.96 72.46 72.02 71.63 71.49 70.00 69.33 69.15 69.82 71.22 72.10 72.69 72.95 73.06 73.06 73.12 73.20 73.30 73.33 73.16 72.63 72.31 71.93 72.30 72.79 72.73 72.73 72.90 73.36 73.23 73.35 73.66 73.80 74.18 74.50 75.02 75.68 76.39 76.46 76.69 76.84 77.01 77.11 77.39 77.50 77.64 77.62 77.83 77.82 77.83 77.95 77.96 77.76 77.83 77.75 77.71 77.61 77.52 77.23 77.32 77.17 76.89 76.83 76.97 76.64 76.47 76.42 76.31 75.80 75.51 76.05 76.01 75.45 75.04 74.71 75.83 75.08 75.69 75.76 75.80 75.03 74.35 73.90 74.64 74.32 74.13 74.73 74.39 74.12 74.66 74.73 74.87 74.81 75.13 75.29 75.53 75.53 75.65 75.71 75.75 75.98 76.08 76.22 76.25 76.59 76.74 77.18 77.40 77.61 77.83 77.93 78.13 78.27 78.42 78.42 78.44 78.42 78.30 78.36 78.38 78.34 78.32 78.20 78.27 78.20 77.91 78.01 77.95 77.76 77.48 77.05 76.87 76.74 76.41 76.22 76.13 76.10 76.04 76.02 76.01 75.99 75.87 75.67 75.20 74.41 75.99 76.00 76.12 76.40 76.67 76.67 76.76
47°N ||     76.76 76.74 76.73 76.65 76.64 76.63 76.59 76.61 76.51 76.64 76.60 76.54 76.54 76.42 76.26 76.20 75.86 75.63 75.31 74.99 74.56 74.36 74.16 74.03 73.88 73.76 73.62 73.54 73.39 73.19 73.01 72.94 72.95 72.92 72.24 72.08 72.57 72.79 72.84 72.89 73.00 73.07 73.06 73.10 73.22 73.33 73.33 73.29 72.52 72.29 72.66 72.94 73.36 73.12 73.20 73.57 73.38 74.37 73.36 73.58 73.86 74.35 74.99 75.69 76.19 76.48 76.64 76.75 77.06 77.12 77.35 77.49 77.56 77.68 77.72 77.69 77.57 77.37 77.91 77.93 77.87 77.94 77.82 77.80 77.68 77.62 77.59 77.51 77.37 77.24 77.10 77.05 76.99 76.88 76.55 76.62 76.38 76.22 76.22 76.27 76.10 75.98 76.27 75.90 75.51 75.84 75.32 75.38 75.71 75.10 74.62 74.98 75.03 75.23 75.28 74.25 74.74 74.91 75.03 75.28 75.30 75.42 75.67 75.51 75.80 75.82 75.84 75.90 76.07 76.14 76.40 76.48 76.71 76.89 77.68 77.73 77.62 77.77 77.94 78.09 78.25 78.39 78.40 78.35 78.37 78.33 78.30 78.31 78.19 78.34 78.29 78.25 78.10 78.09 78.09 77.86 77.62 77.35 77.13 76.10 76.31 76.61 76.36 76.31 76.23 76.16 76.17 76.08 76.11 76.06 75.98 75.74 75.83 75.92 76.05 76.34 76.40 76.59 76.66 76.77
49°N ||     76.77 76.73 76.72 76.65 76.70 76.69 76.66 76.65 76.60 76.60 76.63 76.52 76.50 76.33 76.16 75.99 75.72 75.54 75.31 75.02 74.74 74.60 74.40 74.23 73.98 73.86 73.80 73.71 73.65 73.57 73.50 73.42 73.37 73.32 73.25 73.28 73.32 73.30 73.16 73.06 73.05 73.14 73.12 72.96 73.06 73.18 73.19 73.19 73.57 72.67 74.50 74.93 75.18 74.53 74.42 73.57 73.62 73.64 74.54 73.67 74.29 74.84 75.57 76.06 76.18 76.62 76.84 77.05 77.08 77.38 77.39 77.50 77.64 77.66 77.70 77.72 77.78 77.90 77.97 77.96 77.97 77.89 77.88 77.82 77.79 77.71 77.70 77.51 77.45 77.39 77.30 77.16 76.95 76.85 76.74 76.76 76.57 76.60 76.59 76.51 76.16 76.36 75.93 76.05 79.06 76.56 75.47 75.95 75.79 75.38 75.21 75.39 75.28 75.23 74.95 75.43 75.34 75.45 75.55 75.47 75.50 75.60 75.78 75.76 75.76 75.88 75.84 75.98 76.08 76.24 76.46 76.64 76.85 77.07 77.53 77.65 77.58 77.81 77.82 78.04 78.16 78.25 78.32 78.32 78.28 78.30 78.27 78.27 78.21 78.07 78.28 78.15 78.00 77.90 77.90 77.62 77.48 77.22 77.11 76.16 75.97 76.66 76.47 76.41 76.38 76.32 76.34 76.28 76.16 76.22 76.12 76.13 75.44 75.79 76.46 76.39 76.38 76.68 76.86 76.70
51°N ||     76.76 76.76 76.70 76.70 76.72 76.74 76.61 76.59 76.62 76.60 76.53 76.42 76.33 76.21 76.05 75.86 75.62 75.37 75.19 74.99 74.58 74.65 74.47 74.24 74.16 74.03 73.91 73.84 73.76 73.72 73.65 73.57 73.50 73.46 73.47 73.49 73.42 73.39 73.27 73.17 73.13 73.14 73.18 73.21 73.15 73.27 73.45 73.69 74.33 74.65 74.92 75.14 75.43 75.58 75.61 74.97 73.85 73.71 73.93 74.68 75.06 75.63 75.98 76.50 76.52 76.74 76.91 77.13 77.30 77.40 77.57 77.69 77.76 77.76 77.83 77.87 77.89 77.76 78.12 78.22 77.94 77.92 77.99 77.62 77.85 77.76 77.59 77.55 77.62 77.47 77.44 77.34 77.20 77.07 76.97 76.88 76.78 76.52 76.76 76.57 76.55 76.54 75.95 78.24 78.72 76.36 75.10 75.96 75.85 75.66 75.67 75.63 75.62 75.68 75.83 75.64 75.70 75.66 75.77 75.80 75.76 75.85 75.78 75.80 75.88 75.90 75.84 76.01 76.11 76.23 76.37 76.62 76.87 77.06 77.30 77.33 77.61 77.70 77.90 77.99 78.09 78.17 78.29 78.26 78.29 78.27 78.18 78.26 78.23 78.16 78.13 77.99 77.98 77.73 77.44 77.52 77.37 77.19 77.07 76.97 76.80 76.71 76.62 76.49 76.45 76.46 76.36 76.40 76.30 76.26 76.22 76.25 76.10 76.40 76.41 76.27 76.41 76.67 76.84 76.82
53°N ||     76.71 76.68 76.75 76.76 76.74 76.71 76.65 76.58 76.54 76.41 76.46 76.38 76.22 76.09 75.90 75.63 75.27 75.32 75.23 75.04 74.90 74.78 74.59 74.46 74.32 74.21 74.07 73.94 73.89 73.80 73.74 73.71 73.64 73.62 73.64 73.63 73.62 73.53 73.40 73.31 73.25 73.24 73.28 73.33 73.44 73.62 73.75 74.01 74.37 74.78 75.11 75.31 75.47 75.63 75.75 75.88 74.70 75.06 74.37 75.55 76.28 76.44 76.59 76.67 76.80 76.97 77.22 77.34 77.46 77.52 77.74 77.80 77.82 77.85 77.91 77.99 78.00 77.94 78.05 77.99 77.91 77.99 77.92 77.98 77.87 78.03 77.95 77.71 77.68 77.49 77.52 77.43 77.28 77.23 77.05 76.93 76.98 77.24 76.79 76.76 76.53 76.54 76.37 76.21 75.78 75.82 75.78 76.11 75.93 76.02 75.91 75.92 75.81 75.92 75.90 75.86 75.97 76.07 75.91 76.02 75.92 75.88 75.75 75.83 75.88 75.82 75.81 75.98 76.07 76.15 76.40 76.62 76.79 76.96 76.94 77.19 77.35 77.56 77.59 77.71 77.75 77.87 77.89 78.02 78.06 78.08 78.01 78.03 77.88 77.89 77.91 77.90 77.67 77.47 77.39 77.23 77.30 77.14 77.04 76.92 76.82 76.69 76.61 76.56 76.52 76.46 76.50 76.46 76.15 76.27 76.19 76.34 76.29 76.28 76.34 76.52 76.70 76.70 76.79 76.81
55°N ||     76.81 76.78 76.70 76.59 76.63 76.46 76.52 76.55 76.49 76.43 76.40 76.27 76.20 76.03 75.97 75.66 77.65 75.16 75.29 75.19 75.06 74.90 74.79 74.73 74.53 74.38 74.25 74.10 73.99 73.92 73.86 73.85 73.80 73.82 73.80 73.82 73.76 73.71 73.65 73.56 73.46 73.46 73.41 73.44 73.54 73.72 73.98 75.06 74.98 75.29 75.40 75.43 75.81 75.66 75.82 76.00 76.15 76.22 76.47 76.60 76.71 76.82 77.04 77.13 77.27 77.39 77.43 77.54 77.60 77.69 77.82 77.87 77.89 77.96 78.00 77.94 77.98 77.98 78.04 78.14 77.91 77.95 78.00 77.93 78.04 77.89 77.73 77.72 77.57 77.59 77.54 77.51 77.38 77.26 77.05 77.03 77.01 76.99 76.90 76.78 76.72 76.62 76.46 76.47 76.41 76.25 76.15 76.16 76.18 76.09 76.09 76.10 76.02 76.13 76.03 76.15 76.27 76.23 76.21 76.16 75.98 75.93 75.86 75.82 75.73 75.76 75.96 76.07 76.08 76.14 76.34 76.53 76.67 76.70 76.87 77.06 77.19 77.31 77.33 77.41 77.48 77.56 77.60 77.71 77.75 77.69 77.72 77.73 77.45 77.49 77.61 77.47 77.44 77.26 77.16 77.25 76.99 77.10 77.03 76.76 76.67 76.64 76.60 76.61 76.48 76.50 76.43 76.32 76.27 76.35 76.37 76.15 76.21 76.19 76.40 76.54 76.67 76.77 76.85 76.88
57°N ||     76.77 76.77 76.72 76.66 76.70 76.57 76.48 76.43 76.42 76.44 76.29 76.18 76.19 76.02 75.91 75.87 75.36 75.45 75.31 75.29 75.19 75.10 74.97 74.85 74.76 74.64 74.48 74.33 74.34 74.20 74.16 74.09 74.05 74.08 74.05 74.06 74.03 73.97 73.92 73.76 73.71 73.65 73.62 73.64 73.74 73.98 74.33 74.63 75.08 75.25 75.41 75.50 75.60 75.75 75.93 76.10 76.27 76.47 76.64 76.79 77.08 77.17 77.24 77.30 77.41 77.44 77.55 77.63 77.69 77.80 77.81 78.27 77.98 77.98 77.99 78.04 78.03 77.97 77.99 77.98 77.95 78.10 77.87 77.90 77.27 78.61 77.73 77.67 77.64 77.55 77.58 77.43 77.36 77.29 77.25 77.11 77.11 76.98 76.91 76.71 76.72 76.66 76.49 76.33 76.27 76.28 76.27 76.16 76.31 76.24 76.19 76.28 76.37 76.35 76.35 76.40 76.47 76.39 76.29 76.10 76.02 76.04 75.98 75.89 75.89 75.92 75.86 75.96 76.06 76.10 76.29 76.36 76.53 76.52 76.61 76.75 76.96 77.03 77.08 77.02 77.23 77.16 77.32 77.44 77.46 77.40 77.37 77.41 77.37 77.27 77.35 77.28 77.31 77.28 77.10 77.16 77.02 77.07 77.00 76.82 76.71 76.73 76.60 76.55 76.51 76.41 76.41 76.35 76.20 76.33 76.30 76.21 76.45 76.33 76.35 76.52 76.68 76.67 76.73 76.75
59°N ||     76.66 76.70 76.68 76.53 76.63 76.61 76.35 76.51 76.50 76.50 76.42 76.32 76.21 76.13 75.97 75.79 75.84 75.68 75.58 75.48 75.38 75.27 75.11 75.00 75.00 74.94 74.89 74.78 74.70 74.62 74.57 74.45 74.40 74.44 74.54 74.44 74.43 74.44 74.28 74.11 74.03 73.98 73.98 74.18 74.30 74.61 74.81 75.02 75.26 75.40 75.51 75.70 75.77 75.90 76.08 76.20 76.38 76.56 76.73 76.97 77.24 77.08 77.42 77.48 77.50 77.56 77.67 77.73 77.76 77.74 77.86 77.84 77.88 77.96 77.98 77.99 77.93 78.03 78.08 78.04 77.94 77.92 77.93 77.86 77.83 77.81 77.77 77.75 77.67 77.52 77.41 77.47 77.33 77.34 77.08 77.17 77.15 77.05 76.85 76.80 76.69 76.65 76.61 76.55 76.55 76.48 76.31 76.31 76.35 76.40 76.49 76.53 76.52 76.52 76.41 76.51 76.50 76.50 76.30 76.21 76.17 76.10 75.95 75.97 75.88 75.89 75.84 75.92 76.00 76.03 76.16 76.14 76.38 76.55 76.49 76.34 76.61 76.68 76.64 76.84 76.96 76.78 76.97 77.09 77.08 76.99 77.08 77.06 77.07 77.07 77.06 77.10 77.08 77.01 77.00 77.05 77.01 76.89 76.89 76.78 76.82 76.67 76.62 76.51 76.46 76.38 76.19 76.21 76.18 76.26 76.31 76.33 76.40 76.38 76.43 76.48 76.59 76.71 76.53 76.64
61°N ||     76.59 76.60 76.58 76.60 76.57 76.63 76.52 76.46 76.51 76.36 76.30 76.32 76.24 76.13 76.02 75.94 75.85 75.77 75.70 75.58 75.47 75.44 75.37 75.30 75.21 75.18 75.10 75.04 75.00 74.99 74.98 74.92 74.96 74.96 74.91 74.87 74.85 74.88 74.83 75.24 74.77 74.75 74.76 74.81 74.86 74.96 75.06 75.22 75.44 75.58 75.63 75.89 76.06 76.18 76.30 76.47 76.62 76.76 76.90 77.00 77.21 77.41 77.49 77.55 77.64 78.06 77.55 77.79 77.82 77.82 77.92 77.78 77.88 78.02 78.08 78.05 78.01 78.04 77.94 77.99 77.93 77.94 77.88 77.91 77.82 77.79 77.70 77.65 77.57 77.50 77.42 77.38 77.36 77.26 77.26 77.25 77.07 76.98 76.95 76.82 76.77 76.70 76.59 76.57 76.55 76.57 76.42 76.51 76.50 76.58 76.56 76.59 76.62 76.61 76.51 76.59 76.52 76.51 76.45 76.25 76.33 76.29 75.88 76.04 75.99 75.93 75.84 75.80 75.86 75.97 75.97 76.02 76.10 75.62 76.11 76.33 76.37 76.33 76.51 76.59 76.66 76.46 76.74 76.79 76.80 76.65 76.76 76.74 76.81 76.86 76.80 76.86 76.80 76.74 76.82 76.84 76.77 76.74 76.75 76.67 76.61 76.64 76.54 76.51 76.46 76.22 76.36 76.31 76.20 76.27 76.23 76.33 76.38 76.35 76.46 76.47 76.42 76.56 76.54 76.45
63°N ||     76.63 76.48 76.47 77.34 76.52 76.57 76.57 76.54 76.50 76.47 76.42 76.29 76.28 76.16 76.12 76.09 76.00 75.95 75.79 75.64 75.40 75.62 75.56 75.50 75.46 75.44 75.36 75.38 75.37 75.30 75.28 75.23 75.21 75.17 75.12 75.08 75.07 75.09 75.09 75.07 75.05 75.10 75.11 75.17 75.27 75.33 75.44 75.49 75.67 75.81 76.01 76.14 76.30 76.47 76.66 76.74 76.85 76.97 77.12 77.15 77.26 77.41 77.54 77.66 77.65 77.68 77.84 77.81 77.79 77.78 77.86 77.80 77.88 77.88 77.91 77.97 77.93 77.85 77.85 77.89 77.88 77.87 77.78 77.72 77.67 77.42 77.48 77.45 77.44 77.41 77.39 77.30 77.18 77.14 77.20 76.92 76.88 76.91 76.86 76.79 76.77 76.69 76.61 76.62 76.63 76.60 76.59 76.61 76.60 76.57 76.64 76.62 76.69 76.62 76.60 76.57 76.55 76.46 76.54 76.45 76.35 76.31 76.29 76.18 76.10 76.03 75.92 75.89 75.85 75.85 75.86 75.93 75.99 76.00 76.07 76.19 76.24 76.23 76.33 76.17 76.42 76.22 76.45 76.53 76.41 76.56 76.55 76.55 76.60 76.60 76.56 76.58 76.68 76.67 76.66 76.62 76.63 76.56 76.61 76.62 76.57 76.51 76.53 76.49 76.33 76.40 76.39 76.41 76.18 76.26 76.29 76.32 76.22 76.38 76.47 76.51 76.47 76.52 76.54 76.56
65°N ||     76.54 76.67 76.55 76.65 76.64 76.59 76.56 76.59 76.34 76.45 76.39 76.39 76.40 76.36 76.53 76.18 76.14 76.08 75.94 76.03 75.97 75.85 75.83 75.80 75.75 75.73 75.60 75.65 75.62 75.59 75.53 75.48 75.46 75.42 75.36 75.29 75.29 75.30 75.26 75.25 75.26 75.32 75.39 75.47 75.57 75.66 75.74 75.86 75.94 76.07 76.19 76.21 76.47 76.70 76.86 77.03 77.18 77.36 77.41 77.43 77.46 77.59 77.64 77.61 77.74 77.77 77.79 77.70 77.75 77.81 77.70 77.72 77.82 77.83 77.83 77.86 77.86 77.79 77.81 77.80 77.83 77.75 77.69 77.39 78.35 79.96 76.74 77.28 77.38 77.29 77.34 77.18 77.21 77.05 77.04 76.97 76.89 76.86 76.86 76.82 76.73 76.73 76.68 76.55 76.66 76.54 76.53 76.58 76.58 76.56 76.64 76.64 76.69 76.61 76.47 76.50 76.63 76.50 76.46 76.54 76.49 76.41 76.38 76.18 76.16 75.98 76.02 75.93 75.91 75.77 75.87 75.84 75.84 75.87 75.96 75.92 76.01 76.03 75.96 76.09 76.17 76.15 76.24 76.27 76.18 76.33 76.32 76.35 76.32 76.35 76.40 76.42 76.42 76.46 76.27 76.48 76.44 76.53 76.50 76.49 76.39 76.38 76.49 76.47 76.36 76.48 76.47 76.28 76.40 76.31 76.44 76.43 76.39 76.40 76.41 76.49 76.37 76.39 76.56 76.26
67°N ||     76.63 76.61 76.67 76.63 76.61 76.72 76.66 76.61 76.65 76.60 76.43 76.47 76.52 76.39 76.42 76.35 76.34 76.30 76.27 76.26 76.08 76.15 76.01 75.95 75.94 75.81 75.93 75.90 75.81 75.77 75.75 75.65 75.67 75.57 75.85 75.47 75.47 75.46 75.43 75.46 75.49 75.55 75.66 75.70 75.78 75.89 76.01 76.16 76.25 76.38 76.54 76.71 76.85 77.03 77.21 77.36 77.54 77.65 77.77 77.87 77.91 77.88 77.78 77.73 77.73 77.72 77.68 77.72 77.78 77.74 77.77 77.76 77.73 77.79 77.79 77.74 77.71 77.61 77.78 77.73 77.71 77.65 77.49 77.44 77.43 77.29 77.26 77.29 77.24 77.28 77.19 77.12 77.11 77.01 76.97 76.89 76.85 76.81 76.77 76.67 76.61 76.67 76.63 76.51 76.54 76.55 76.56 76.51 76.47 76.37 76.43 76.59 76.65 76.58 76.55 76.56 76.45 76.53 76.51 76.49 76.45 76.33 76.37 76.31 76.22 76.16 76.14 75.99 75.91 75.88 75.81 75.73 75.74 75.74 75.65 75.82 75.83 75.86 75.56 75.92 75.98 76.06 76.08 76.02 76.06 76.07 75.90 76.16 76.15 76.19 76.15 76.28 76.25 76.30 76.32 76.31 76.33 76.35 76.36 76.41 76.26 76.28 76.28 76.36 76.33 76.33 76.45 76.45 76.46 76.40 76.46 76.40 76.50 76.48 76.36 76.42 76.44 76.58 76.55 76.60
69°N ||     76.47 76.68 76.69 76.64 76.67 76.69 76.66 76.70 76.57 76.75 76.63 76.62 76.59 76.61 76.45 76.37 76.37 76.48 76.52 76.41 76.43 76.41 76.38 76.34 76.21 76.19 75.84 76.13 76.12 75.95 76.09 75.89 75.92 75.80 75.70 75.64 75.67 75.66 75.68 75.69 75.70 75.83 75.91 76.00 76.08 76.20 76.41 76.58 76.76 76.89 76.97 77.06 77.11 77.23 77.32 77.45 77.53 77.56 77.66 77.69 77.69 77.71 77.69 77.67 77.62 77.66 77.68 77.69 77.63 77.70 77.71 77.67 77.75 77.72 77.59 77.67 77.66 77.58 77.60 77.56 77.50 77.46 77.50 77.41 77.29 77.31 77.17 77.13 77.10 77.06 77.06 77.00 76.91 76.90 76.90 76.72 76.76 76.76 76.71 76.68 76.66 76.66 76.62 76.52 76.54 76.62 76.58 76.53 76.53 76.57 76.34 76.39 76.51 76.50 76.55 76.51 76.45 76.49 76.48 76.37 76.31 76.35 76.32 76.30 76.17 76.14 76.13 76.09 76.04 75.98 75.92 75.82 75.80 75.73 75.66 75.59 75.65 75.75 75.82 75.79 75.82 75.82 75.86 75.86 75.87 75.87 75.91 75.96 75.96 75.94 76.02 75.96 76.03 76.11 76.18 76.22 76.18 76.24 76.41 76.33 76.28 76.27 76.27 76.36 76.35 76.41 76.42 76.48 76.45 76.41 76.40 76.49 76.52 76.56 76.68 76.62 76.58 76.61 76.56 76.52
71°N ||     76.66 76.74 76.80 76.71 76.65 76.74 77.06 76.60 76.72 76.73 76.60 76.66 76.69 76.63 76.74 76.76 76.75 76.67 76.82 76.56 76.46 76.60 76.59 76.53 76.44 76.39 76.31 76.22 76.27 76.13 76.17 76.20 76.21 76.05 76.16 76.17 76.05 76.05 76.08 76.10 76.04 76.22 76.28 76.33 76.45 76.52 76.63 76.79 76.88 77.00 77.10 77.16 77.17 77.14 77.22 77.24 77.27 77.31 77.36 77.35 77.32 77.39 77.39 77.43 77.57 77.49 77.51 77.54 77.64 77.56 77.60 77.57 77.55 77.61 77.53 77.47 77.48 77.51 77.47 77.40 77.36 77.35 77.31 77.24 77.17 77.15 77.10 77.08 77.04 76.93 76.83 76.76 76.81 76.83 76.74 76.73 76.69 76.67 76.65 76.60 76.53 76.48 76.45 76.43 76.50 76.53 76.51 76.46 76.48 76.47 76.54 76.46 76.44 76.45 76.38 76.45 76.37 76.35 76.25 76.34 76.20 76.29 76.26 76.14 76.15 76.14 76.11 76.11 76.05 75.97 75.92 75.93 75.87 75.83 75.74 75.75 75.68 75.64 75.60 75.57 75.50 75.49 75.53 75.57 75.62 75.67 75.75 75.77 75.87 75.84 75.92 75.90 75.89 75.93 76.02 75.98 76.12 76.19 76.24 76.27 76.29 76.20 76.33 76.35 76.36 76.43 76.41 76.44 76.31 76.48 76.48 76.45 76.38 76.52 76.55 76.59 76.69 76.54 76.64 76.61
73°N ||     76.76 76.84 76.84 76.79 76.72 76.88 76.91 76.86 76.86 76.92 76.99 76.89 76.91 76.79 77.04 76.86 76.83 76.80 76.73 76.73 76.78 76.51 76.52 76.61 76.50 76.63 76.51 76.91 76.69 76.59 76.67 76.50 76.43 76.37 76.28 76.36 76.27 76.32 76.36 76.46 76.51 76.58 76.62 76.66 76.75 76.80 76.84 76.89 76.94 77.00 77.09 77.23 77.17 77.18 77.17 77.15 77.10 77.09 77.03 77.09 77.13 77.18 77.21 77.21 77.25 77.33 77.36 77.32 77.32 77.36 77.44 77.50 77.49 77.38 77.45 77.46 77.47 77.38 77.32 77.22 77.23 77.18 77.13 77.08 77.11 77.09 77.04 76.98 76.92 76.92 76.84 76.66 76.67 76.68 76.66 76.54 76.56 76.56 76.52 76.55 76.50 76.50 76.46 76.32 76.42 76.44 76.37 76.34 76.34 76.29 76.36 76.38 76.43 76.41 76.36 76.42 76.43 76.35 76.25 76.19 76.24 76.31 76.27 76.16 76.14 76.10 76.05 76.09 75.98 75.96 75.92 75.87 75.89 75.82 75.84 75.79 75.75 75.69 75.67 75.68 75.70 75.72 75.74 75.74 75.77 75.79 75.80 75.81 75.86 75.88 75.85 75.92 75.91 75.95 75.95 75.94 76.07 76.12 76.15 76.12 76.25 76.24 76.19 76.30 76.38 76.43 76.36 76.44 76.52 76.56 76.07 77.44 76.27 75.25 76.53 76.60 76.75 76.71 76.55 76.67
75°N ||     76.72 76.85 76.78 76.84 76.84 76.98 76.81 76.91 76.94 76.93 76.99 76.90 76.92 77.03 76.92 76.99 76.98 76.78 76.88 76.93 76.86 76.98 77.03 77.12 76.94 76.74 76.78 76.78 76.51 76.60 76.63 76.57 76.72 76.77 76.85 76.66 76.60 76.62 76.51 76.66 76.64 76.69 76.80 76.79 76.78 76.72 76.81 76.87 76.91 77.01 77.07 77.08 77.08 77.09 77.10 77.22 77.06 77.05 77.07 77.09 77.17 77.22 77.26 77.26 77.26 77.23 77.20 77.22 77.26 77.17 77.30 77.30 77.31 77.31 77.28 77.32 77.25 77.25 77.14 77.17 77.10 77.08 77.01 77.17 76.97 76.90 76.84 76.78 76.77 76.78 76.71 76.69 76.65 76.59 76.60 76.57 76.66 76.47 76.43 76.40 76.39 76.38 76.38 76.33 76.35 76.37 76.38 76.34 76.28 76.36 76.32 76.28 76.35 76.34 76.33 76.31 76.28 76.31 76.22 76.22 76.21 76.19 76.11 76.22 76.22 76.17 76.06 76.04 76.03 75.94 76.01 75.97 75.98 75.93 75.84 75.87 75.82 75.82 75.80 75.79 75.76 75.83 75.83 75.70 75.77 75.81 75.86 75.87 75.82 75.82 75.85 75.90 75.92 75.93 75.97 75.97 75.99 76.08 76.12 76.17 76.17 76.24 76.25 76.33 76.35 76.34 76.35 76.39 76.44 76.50 76.50 76.56 76.51 76.76 76.78 76.81 76.82 76.81 76.76 76.68
77°N ||     76.92 76.79 76.53 76.40 76.57 76.88 76.77 76.36 76.39 76.84 76.95 76.95 76.99 76.95 76.94 76.75 76.43 76.48 76.37 76.74 76.51 76.64 77.09 77.40 76.93 76.74 76.73 76.87 76.80 76.78 76.77 76.78 76.83 76.73 76.39 76.71 76.61 76.70 76.66 76.62 76.80 76.77 76.68 76.68 76.77 76.86 76.89 76.93 76.97 77.00 77.02 77.05 76.90 77.11 77.14 77.18 77.21 77.20 77.20 77.20 77.24 76.52 76.55 76.97 77.11 77.09 77.08 77.11 77.03 77.03 77.10 77.12 77.12 77.13 77.08 77.09 77.07 77.08 77.12 77.10 77.04 76.93 76.92 76.89 76.88 76.82 76.69 76.67 76.75 76.70 76.72 76.67 76.59 76.49 76.48 76.52 76.52 76.50 76.46 76.42 76.41 76.41 76.36 76.44 76.36 76.34 76.35 76.33 76.33 76.33 76.33 76.31 76.27 76.21 76.21 76.20 76.26 76.18 76.18 76.09 76.13 76.16 76.18 76.18 76.17 76.18 76.15 76.12 76.08 76.02 76.05 75.99 75.95 75.87 75.58 75.80 75.89 75.90 75.92 75.89 75.84 75.84 75.84 75.83 75.84 75.81 75.87 75.82 75.85 75.79 75.86 75.91 75.89 75.93 75.98 76.00 76.03 76.04 76.00 76.08 76.10 76.17 76.26 76.32 76.33 76.34 76.39 76.47 76.48 76.44 76.52 76.45 76.51 76.59 76.57 76.78 76.90 76.87 76.79 76.86
79°N ||     76.60 76.46 76.47 76.58 76.60 76.56 76.51 76.51 76.55 76.53 76.55 76.38 76.65 76.60 76.64 76.73 76.73 76.77 76.77 76.71 76.69 76.81 76.79 76.83 76.88 76.92 76.83 76.59 76.66 76.55 76.61 76.65 76.69 76.70 76.65 76.72 76.68 76.78 76.76 76.75 76.77 76.80 76.80 76.75 76.68 76.71 76.75 76.79 76.81 76.90 76.97 76.93 76.97 77.01 77.05 77.06 77.02 77.07 77.14 77.14 77.18 77.21 77.20 77.22 77.16 77.17 77.24 77.18 77.08 77.03 76.96 76.93 76.85 76.88 76.90 76.73 76.69 76.73 76.84 76.86 76.75 76.81 76.64 76.14 76.44 76.77 75.59 75.80 76.49 75.16 75.61 76.16 75.84 75.43 76.01 75.26 75.41 76.10 75.83 75.47 75.60 75.70 75.83 76.23 76.28 76.21 76.26 76.27 76.30 76.27 76.27 76.26 76.25 76.24 76.19 76.21 76.19 76.19 76.16 75.96 76.51 75.93 76.12 76.08 76.06 76.10 76.06 76.03 76.04 76.04 76.04 76.04 76.01 76.02 76.01 76.01 76.02 76.02 75.96 75.98 75.95 75.90 75.83 75.85 75.85 75.77 75.68 75.69 75.74 75.79 75.82 75.78 75.87 75.92 75.92 76.00 75.97 76.03 76.01 76.03 76.06 76.14 76.17 76.25 76.26 76.32 76.29 76.28 76.33 76.46 76.45 76.48 76.49 76.54 76.57 76.51 76.50 76.65 76.65 76.63
81°N ||     75.65 75.66 75.69 75.75 75.70 75.70 75.73 75.72 75.73 75.76 75.79 75.81 75.84 75.87 75.90 75.93 75.94 75.97 75.97 75.99 76.01 76.04 76.06 76.11 76.14 76.21 76.30 76.40 76.40 76.47 76.56 76.46 76.48 76.66 76.15 76.15 75.95 76.23 75.62 75.75 75.98 76.08 76.53 76.54 76.56 76.64 76.72 76.68 76.48 76.44 75.92 75.89 75.69 75.89 76.40 76.02 75.94 75.92 75.92 76.03 76.66 76.48 76.55 76.56 76.64 76.71 76.80 76.44 76.27 75.98 75.99 76.01 75.52 75.77 75.56 75.26 75.05 75.25 75.01 74.79 74.76 74.46 74.51 74.35 74.35 74.42 74.18 74.16 74.18 74.08 74.15 74.28 73.99 74.00 74.29 74.07 74.11 73.91 73.91 73.95 74.30 74.40 74.38 74.38 74.41 74.50 74.16 74.99 75.09 75.79 75.74 75.13 75.39 76.03 75.69 75.79 75.50 75.64 75.90 75.32 75.37 75.27 75.36 75.40 75.66 76.01 75.50 75.59 75.59 75.57 75.64 75.61 75.61 75.64 75.66 75.68 75.76 75.86 75.96 75.96 75.96 75.96 75.95 75.92 75.94 75.89 75.89 75.92 75.93 75.99 75.98 76.01 76.02 76.04 76.03 76.02 76.02 76.05 76.06 76.02 76.03 76.05 76.08 76.08 76.08 76.07 76.04 76.01 76.00 75.92 75.83 75.85 75.84 75.83 75.82 75.76 75.71 75.66 75.66 75.65
83°N ||     75.25 75.25 75.26 75.26 75.26 75.25 75.27 75.28 75.29 75.31 75.34 75.38 75.39 75.42 75.44 75.48 75.53 75.53 75.61 75.61 75.65 75.66 75.66 75.66 75.65 75.59 75.74 75.71 75.65 75.07 74.94 74.73 75.00 75.11 74.75 74.94 74.69 74.72 74.73 74.63 74.49 74.62 74.40 74.27 74.28 74.46 74.43 74.38 74.47 74.55 74.71 74.87 75.11 75.19 74.79 74.89 74.69 74.55 74.54 74.68 74.57 75.27 75.20 76.00 76.17 76.36 76.52 76.62 76.60 76.26 75.98 75.64 75.34 75.13 75.03 74.83 74.71 74.59 74.51 74.45 74.40 74.33 74.28 74.24 74.17 74.11 74.07 74.02 74.00 74.00 73.99 73.98 73.97 73.95 73.92 73.89 73.87 73.85 73.83 73.82 73.81 73.79 73.77 73.75 73.74 73.73 73.72 73.71 73.73 73.82 73.97 74.16 74.12 74.19 74.02 74.17 74.38 74.45 74.33 74.21 74.14 74.17 74.44 74.25 74.33 74.19 74.30 74.34 74.25 74.31 74.15 74.18 74.31 74.50 74.42 74.39 74.44 74.28 74.37 74.39 74.53 74.85 74.93 75.05 75.48 75.44 75.74 75.92 75.95 75.91 75.88 75.86 75.86 75.86 75.91 75.93 75.91 75.90 75.83 75.79 75.77 75.75 75.72 75.69 75.65 75.62 75.58 75.55 75.53 75.51 75.47 75.46 75.43 75.40 75.39 75.37 75.33 75.29 75.27 75.26
85°N ||     75.46 75.33 75.45 75.59 75.67 75.90 74.68 74.56 74.79 74.97 74.41 74.74 74.55 74.45 74.57 74.77 74.11 73.92 73.90 73.91 73.92 74.13 74.61 74.32 74.34 74.47 74.81 74.55 74.50 74.73 74.65 73.78 73.85 74.15 73.88 73.78 73.76 73.76 73.77 73.80 73.79 73.87 73.82 73.76 73.79 73.74 73.71 73.72 73.71 73.81 73.81 73.79 73.85 74.03 74.02 73.91 73.93 73.96 74.02 74.10 74.14 74.04 74.17 74.08 74.04 74.04 74.31 74.31 74.68 74.88 75.01 75.30 75.08 75.05 75.02 75.16 75.33 75.52 75.59 75.61 75.68 75.70 75.33 74.97 74.58 74.53 74.59 74.66 74.78 75.02 75.45 75.43 74.19 74.00 73.99 74.07 74.01 73.96 73.85 73.80 73.78 73.84 73.77 73.74 73.72 73.70 73.69 73.67 73.67 73.65 73.65 73.65 73.66 73.66 73.67 73.68 73.69 73.70 73.71 73.70 73.71 73.73 73.74 73.72 73.72 73.72 73.71 73.71 73.72 73.71 73.71 73.71 73.70 73.71 73.73 73.73 73.79 73.78 73.77 73.93 73.74 73.75 73.74 74.05 74.07 74.09 74.20 74.50 74.20 74.01 74.13 74.01 74.30 74.39 74.60 74.82 74.38 74.59 74.75 74.84 74.80 74.56 74.68 75.08 74.94 74.99 75.21 75.60 75.37 75.68 75.43 75.22 75.09 74.94 75.10 75.32 75.46 75.15 75.17 75.22
87°N ||     73.54 73.60 73.58 73.59 73.63 73.60 73.61 73.59 73.50 73.48 73.48 73.49 73.52 73.53 73.51 73.47 73.46 73.47 73.46 73.45 73.46 73.51 73.51 73.41 73.41 73.41 73.43 73.44 73.46 73.46 73.47 73.43 73.39 73.42 73.40 73.35 73.32 73.32 73.32 73.32 73.35 73.34 73.38 73.37 73.34 73.30 73.29 73.28 73.30 73.32 73.32 73.32 73.33 73.34 73.38 73.44 73.44 73.47 73.49 73.49 73.46 73.44 73.43 73.42 73.42 73.42 73.41 73.42 73.43 73.45 73.56 73.78 73.84 73.74 73.70 73.66 73.72 73.67 73.65 73.70 73.63 73.59 73.58 73.58 73.61 73.58 73.60 73.68 73.62 73.66 73.57 73.54 73.56 73.52 73.48 73.47 73.49 73.49 73.52 73.50 73.48 73.44 73.44 73.47 73.48 73.42 73.41 73.40 73.38 73.37 73.37 73.39 73.37 73.37 73.38 73.39 73.39 73.41 73.40 73.47 73.38 73.39 73.41 73.43 73.49 73.52 73.43 73.43 73.46 73.46 73.50 73.44 73.38 73.38 73.38 73.38 73.38 73.40 73.44 73.44 73.45 73.45 73.47 73.45 73.48 73.48 73.48 73.46 73.42 73.38 73.42 73.38 73.44 73.41 73.36 73.37 73.38 73.52 73.46 73.50 73.45 73.56 73.56 73.62 73.61 73.62 73.59 73.57 73.58 73.59 73.57 73.62 73.66 73.64 73.65 73.66 73.62 73.66 73.71 73.60
89°N ||     73.21 73.20 73.21 73.23 73.23 73.18 73.17 73.15 73.15 73.15 73.15 73.14 73.14 73.14 73.14 73.14 73.13 73.13 73.13 73.13 73.12 73.12 73.13 73.13 73.12 73.13 73.12 73.10 73.10 73.08 73.08 73.07 73.07 73.06 73.06 73.05 73.05 73.05 73.04 73.04 73.04 73.04 73.04 73.04 73.04 73.04 73.03 73.03 73.04 73.04 73.05 73.05 73.06 73.07 73.08 73.09 73.10 73.11 73.12 73.12 73.11 73.12 73.13 73.13 73.14 73.14 73.15 73.15 73.15 73.16 73.16 73.16 73.17 73.18 73.18 73.19 73.20 73.20 73.21 73.22 73.21 73.21 73.21 73.22 73.21 73.22 73.22 73.22 73.22 73.22 73.22 73.23 73.24 73.24 73.22 73.21 73.20 73.21 73.25 73.26 73.24 73.21 73.21 73.20 73.19 73.19 73.18 73.17 73.17 73.16 73.16 73.16 73.15 73.15 73.15 73.14 73.14 73.14 73.13 73.13 73.13 73.13 73.13 73.13 73.14 73.13 73.13 73.12 73.12 73.11 73.11 73.11 73.11 73.10 73.09 73.09 73.08 73.07 73.07 73.06 73.06 73.05 73.05 73.05 73.05 73.05 73.05 73.06 73.06 73.06 73.07 73.07 73.08 73.09 73.10 73.10 73.11 73.13 73.12 73.11 73.11 73.11 73.12 73.12 73.11 73.12 73.12 73.12 73.13 73.13 73.14 73.15 73.15 73.16 73.17 73.18 73.18 73.19 73.19 73.20
