Mars Surface Radiation Result (absorbed dose in thin silicon slab) (1E-6 Gy/day).
Column 1 is East longitude (°)
Line 1 is North latitude (°)

-179  -177  -175  -173  -171  -169  -167  -165  -163  -161  -159  -157  -155  -153  -151  -149  -147  -145  -143  -141  -139  -137  -135  -133  -131  -129  -127  -125  -123  -121  -119  -117  -115  -113  -111  -109  -107  -105  -103  -101  -99  -97  -95  -93  -91  -89  -87  -85  -83  -81  -79  -77  -75  -73  -71  -69  -67  -65  -63  -61  -59  -57  -55  -53  -51  -49  -47  -45  -43  -41  -39  -37  -35  -33  -31  -29  -27  -25  -23  -21  -19  -17  -15  -13  -11  -9  -7  -5  -3  -1  1  3  5  7  9  11  13  15  17  19  21  23  25  27  29  31  33  35  37  39  41  43  45  47  49  51  53  55  57  59  61  63  65  67  69  71  73  75  77  79  81  83  85  87  89  91  93  95  97  99  101  103  105  107  109  111  113  115  117  119  121  123  125  127  129  131  133  135  137  139  141  143  145  147  149  151  153  155  157  159  161  163  165  167  169  171  173  175  177  179  
--------------------------------------------------------------------------------------------------
-89°N ||     83.67 83.73 83.80 83.83 83.82 83.81 83.81 83.82 83.85 83.89 84.04 84.10 84.08 84.14 84.33 84.43 84.49 84.56 84.58 84.47 84.41 84.54 84.55 84.50 84.45 84.42 84.36 84.37 84.45 84.41 84.49 84.59 84.54 84.49 84.58 84.52 84.46 84.41 84.32 84.24 84.19 84.12 84.07 84.05 84.03 84.04 84.03 84.05 84.04 84.03 84.01 84.01 83.98 83.98 83.98 83.98 83.91 83.89 83.87 83.88 83.87 83.87 83.88 83.85 83.87 83.90 83.91 83.78 83.73 83.75 83.71 83.71 83.71 83.71 83.67 83.64 83.63 83.63 83.61 83.62 83.60 83.63 83.63 83.62 83.63 83.64 83.63 83.63 83.62 83.63 83.64 83.66 83.66 83.65 83.65 83.67 83.66 83.67 83.66 83.64 83.62 83.62 83.62 83.61 83.63 83.63 83.64 83.65 83.65 83.65 83.66 83.64 83.62 83.64 83.69 83.72 83.71 83.71 83.72 83.74 83.76 83.77 83.78 83.80 83.83 83.86 83.86 83.88 83.91 83.92 83.93 83.94 83.95 83.97 83.97 83.99 83.99 83.98 83.98 83.99 83.95 83.95 83.93 83.91 83.93 83.93 83.92 83.88 83.84 83.81 83.81 83.79 83.79 83.75 83.72 83.70 83.68 83.66 83.65 83.66 83.64 83.62 83.61 83.58 83.56 83.54 83.56 83.58 83.60 83.62 83.65 83.67 83.68 83.69 83.69 83.68 83.67 83.66 83.66 83.66
-87°N ||     85.31 85.42 85.47 85.60 85.57 85.63 85.55 85.53 85.49 85.41 85.40 85.39 85.32 85.23 85.19 85.18 85.21 85.22 85.21 85.16 85.15 85.19 85.29 85.32 85.28 85.22 85.22 85.11 85.17 85.02 85.24 85.26 85.12 85.11 85.11 85.14 85.15 85.14 85.13 85.07 85.01 85.06 85.04 85.03 85.01 85.00 85.01 84.96 84.92 84.88 84.76 84.90 84.74 84.50 84.54 84.49 84.39 84.28 84.23 84.21 84.39 83.95 84.05 83.83 83.77 83.75 83.70 83.66 83.63 83.62 83.61 83.61 83.67 83.65 83.39 83.34 83.27 83.18 83.16 83.34 83.05 82.87 82.87 82.78 82.75 82.76 82.79 82.82 82.85 82.87 82.90 82.88 82.86 82.82 82.81 83.25 83.15 83.33 83.13 83.30 83.28 83.30 83.41 83.42 83.46 83.55 83.61 83.76 83.84 83.89 83.73 83.71 83.76 83.79 83.81 83.80 83.85 83.88 83.96 83.97 84.04 84.09 84.10 84.15 84.21 84.19 84.20 84.27 84.33 84.31 84.37 84.38 84.40 84.46 84.58 84.68 84.75 84.88 84.82 84.66 84.52 84.49 84.47 84.46 84.44 84.47 84.40 84.13 84.08 84.07 84.08 84.09 84.13 84.13 84.11 84.10 84.15 84.24 84.32 84.30 84.36 84.40 84.47 84.48 84.57 84.64 84.77 84.84 85.00 85.07 85.26 85.27 85.29 85.27 85.30 85.13 84.83 84.92 85.27 85.47
-85°N ||     84.72 84.77 84.83 84.85 84.85 84.84 84.85 84.88 84.87 84.85 84.85 84.84 84.88 84.96 84.91 84.85 84.86 84.97 84.96 84.95 84.95 84.95 84.97 84.97 84.94 84.93 84.96 85.05 85.10 85.23 85.51 85.53 85.51 85.51 85.54 85.44 85.63 85.57 85.49 85.41 85.59 85.83 85.79 85.82 85.66 85.64 85.55 85.47 85.39 85.31 85.34 85.24 85.23 85.22 85.45 85.52 85.28 85.14 85.17 85.45 85.34 84.55 84.46 84.51 84.61 84.68 84.53 84.61 84.59 84.24 84.42 84.37 84.10 84.03 84.10 83.84 84.15 84.40 84.69 84.38 84.24 84.18 84.25 84.26 84.35 84.23 84.17 84.05 84.05 84.16 84.04 84.05 84.13 84.08 84.07 84.10 84.13 84.16 84.15 84.21 84.16 84.29 84.59 84.86 84.79 84.74 84.71 84.71 84.67 84.72 84.81 84.86 84.90 84.95 84.73 84.78 84.88 84.90 84.85 84.79 84.79 84.82 84.86 84.94 85.04 85.11 85.11 85.05 85.05 84.99 84.94 84.91 84.86 84.87 84.88 84.95 85.43 86.27 86.51 86.36 85.95 85.75 85.66 85.73 85.36 85.17 85.07 84.95 85.00 85.07 84.96 84.99 85.05 85.18 85.32 85.35 85.35 85.35 85.30 85.28 85.26 85.12 84.99 84.90 84.86 84.93 85.02 85.11 85.25 85.39 85.15 85.21 85.20 85.18 85.09 84.99 84.89 84.85 84.74 84.70
-83°N ||     84.86 84.89 84.91 84.93 84.93 84.93 84.94 84.95 84.96 84.97 84.99 85.01 85.03 85.05 85.04 85.04 85.07 85.10 85.13 85.15 85.17 85.19 85.22 85.25 85.29 85.33 85.37 85.43 85.52 85.62 85.54 85.39 85.34 85.27 85.36 85.48 85.49 85.47 85.50 85.54 85.32 85.35 85.39 85.41 85.44 85.47 85.44 85.84 85.92 85.98 85.91 85.91 85.86 85.87 85.90 85.88 85.83 86.05 86.08 86.03 85.67 85.95 85.88 85.78 86.02 85.77 85.78 85.77 86.08 85.84 86.08 86.28 86.42 86.44 86.35 86.24 86.25 86.23 86.24 86.33 86.33 86.31 86.21 86.23 86.24 86.19 86.15 86.14 86.19 86.18 86.00 85.99 86.06 86.28 86.01 85.96 85.89 85.86 85.86 85.73 85.88 85.46 85.59 85.35 85.69 85.88 85.92 85.72 85.62 85.66 85.72 85.82 85.99 86.03 86.07 86.02 85.73 85.76 85.72 85.74 85.68 85.65 85.39 85.32 85.39 85.45 85.45 85.33 85.33 85.45 85.39 85.39 85.53 85.52 85.67 86.09 86.59 86.53 86.54 86.52 86.54 85.78 85.73 85.79 85.77 85.89 85.87 85.81 85.79 85.79 85.75 85.65 85.57 85.53 85.48 85.32 85.23 85.24 85.47 85.74 86.15 86.39 86.06 85.66 85.07 85.07 84.78 84.70 84.67 84.54 84.52 84.72 85.27 85.37 85.16 84.94 84.84 84.80 84.81 84.84
-81°N ||     85.12 85.18 85.17 85.29 85.06 85.12 85.16 85.20 85.25 85.30 85.35 85.41 85.55 85.57 85.38 85.33 85.33 85.35 85.43 85.51 85.57 85.60 85.62 85.65 85.68 85.72 85.77 85.79 85.80 85.82 85.84 85.96 85.92 85.93 86.01 85.97 85.81 85.85 85.82 85.84 85.99 85.88 85.63 85.69 85.55 85.46 85.51 85.66 85.69 85.59 85.72 85.63 85.81 86.42 86.12 86.30 86.53 86.24 86.51 86.42 86.18 86.29 86.35 86.32 86.30 86.24 86.27 86.29 86.25 86.19 86.28 86.18 86.06 86.09 86.12 86.13 86.07 86.07 86.08 86.13 86.40 86.07 85.95 85.91 85.90 85.93 85.92 85.94 85.92 85.92 85.92 85.94 85.87 85.75 85.59 85.34 84.74 84.05 84.86 84.95 85.39 85.68 85.63 85.71 85.94 86.09 86.19 86.35 86.33 86.25 86.09 86.31 86.38 86.44 86.43 86.47 86.48 86.54 86.53 86.53 86.52 86.54 86.49 86.46 86.44 86.46 86.22 86.25 86.30 86.35 86.39 86.52 86.55 86.60 86.62 86.59 86.56 86.12 85.43 85.23 85.20 85.20 85.23 85.42 85.52 85.57 85.53 85.68 85.78 85.85 85.95 86.01 86.09 85.94 86.02 86.17 86.26 85.99 85.89 85.90 86.24 86.09 85.98 85.99 86.08 86.00 86.36 85.88 85.23 84.84 84.74 84.88 85.10 85.40 85.68 85.10 85.21 85.20 85.00 85.05
-79°N ||     85.35 85.38 85.38 85.48 85.45 85.40 85.41 85.44 85.46 85.63 85.50 85.58 85.62 85.64 85.71 85.74 85.57 85.65 85.50 85.79 85.76 85.79 85.76 86.11 86.41 85.65 85.99 86.30 86.17 86.24 86.19 86.19 86.17 86.18 86.21 86.23 86.23 86.21 86.14 86.11 86.12 85.94 86.38 86.47 85.79 85.97 85.97 85.86 85.82 85.97 86.11 85.98 86.42 86.29 86.31 86.48 86.66 85.84 86.28 85.86 86.42 86.28 85.84 86.19 86.16 86.36 86.37 86.33 86.32 86.30 86.28 86.30 86.29 86.30 86.29 86.26 86.28 86.31 86.31 86.18 86.26 86.36 86.17 86.15 86.18 86.33 86.10 86.24 86.12 86.15 86.20 86.14 86.12 85.94 85.27 85.29 84.92 85.35 85.80 86.01 85.93 86.13 86.16 86.20 86.23 86.37 86.25 86.35 86.18 86.36 86.05 86.26 86.14 86.14 85.86 85.77 86.31 86.40 86.57 86.59 86.61 86.60 86.61 86.60 86.62 86.60 86.58 86.61 86.60 86.62 86.59 86.57 86.62 86.61 86.61 86.60 86.64 86.64 86.60 86.60 86.60 86.63 86.43 86.18 86.36 85.98 85.62 85.66 85.69 85.59 85.63 85.71 86.01 86.73 86.65 86.06 85.88 86.32 85.41 85.48 86.01 85.53 85.24 85.09 85.00 85.10 85.01 85.44 85.27 85.21 85.20 85.25 85.38 85.12 85.04 85.15 85.24 85.32 85.30 85.30
-77°N ||     85.95 85.69 85.63 85.59 85.52 85.75 85.71 86.00 85.95 85.97 85.91 85.90 86.16 86.03 86.00 86.01 86.03 85.99 86.14 86.08 86.06 86.09 86.04 86.11 86.07 86.17 86.30 86.34 86.21 86.29 86.26 86.29 86.30 86.30 86.31 86.31 86.28 86.28 86.27 86.27 86.26 86.29 86.24 86.14 86.10 85.94 85.52 86.05 85.45 85.69 86.27 86.17 86.00 85.51 85.62 85.83 85.99 85.96 86.06 86.00 86.22 86.36 86.25 86.31 86.41 86.41 86.39 86.41 86.41 86.39 86.39 86.40 86.38 86.40 86.38 86.38 86.35 86.28 86.15 86.19 86.16 86.06 86.01 85.90 86.10 86.25 86.16 86.18 86.04 86.14 86.18 86.16 85.92 85.82 85.72 85.58 85.12 84.75 85.77 86.52 86.72 86.80 86.80 86.11 86.28 86.16 86.20 86.33 86.14 86.37 86.18 86.15 86.14 86.42 86.65 86.54 86.17 86.05 85.69 85.46 85.35 84.96 84.80 85.36 85.85 86.29 86.49 86.46 86.38 86.24 85.80 86.19 86.29 85.86 86.31 86.44 86.63 86.58 86.44 86.36 86.15 86.11 85.84 86.22 86.68 86.68 86.61 86.55 86.07 86.09 86.15 85.50 86.05 86.30 86.30 85.69 85.43 85.54 85.37 85.44 85.52 85.35 85.33 85.54 85.41 85.35 85.50 85.62 85.68 85.64 85.53 85.59 85.76 85.46 85.47 85.53 85.70 85.84 85.90 85.73
-75°N ||     86.05 86.10 85.90 86.01 85.85 85.88 85.96 86.39 86.11 85.99 86.58 86.70 86.02 86.20 86.25 86.32 86.17 86.26 86.26 86.14 86.14 86.28 86.28 86.38 86.28 86.34 86.37 86.38 86.36 86.34 86.34 86.33 86.37 86.37 86.07 86.32 86.31 86.29 86.27 86.27 86.23 86.20 86.21 86.21 86.23 86.26 86.21 86.16 86.04 85.98 86.07 85.72 85.55 85.79 86.15 86.21 86.16 86.37 86.45 86.46 86.47 86.47 86.44 86.41 86.39 86.38 86.35 86.19 86.31 86.25 86.21 86.14 86.15 86.06 86.05 86.08 85.99 86.09 86.00 86.05 86.12 86.15 86.22 86.12 86.35 86.21 86.22 86.32 86.21 86.23 86.20 86.01 85.92 86.15 86.24 86.23 86.22 86.22 86.27 86.17 86.07 86.16 86.17 86.10 86.28 86.30 86.30 86.18 86.18 86.12 86.08 85.98 85.66 85.80 86.00 85.51 85.81 85.67 85.46 85.58 85.33 85.23 85.83 86.15 86.11 85.94 86.71 85.74 85.84 85.83 85.92 86.24 86.15 86.06 86.01 85.88 86.16 85.44 85.18 84.86 84.72 85.15 86.69 86.62 86.71 85.96 86.44 85.98 86.55 86.71 86.63 86.57 86.52 86.53 86.61 85.97 85.19 85.20 85.18 85.19 85.16 85.31 85.86 85.76 85.88 85.39 85.43 85.58 85.62 85.58 85.60 85.56 85.56 85.72 85.72 85.81 85.93 85.89 85.92 85.96
-73°N ||     86.69 85.95 86.38 86.36 86.29 86.07 86.53 86.35 86.35 86.32 85.96 85.64 86.32 86.01 86.28 86.40 86.36 86.35 86.29 86.18 86.06 85.78 86.51 85.60 85.82 86.42 86.27 86.25 86.26 86.30 86.32 86.32 86.38 86.16 86.10 85.85 86.02 86.27 86.20 86.24 86.24 86.26 86.19 86.23 86.26 86.25 86.27 86.11 86.48 86.96 86.96 87.02 86.99 86.06 86.42 86.41 86.51 86.52 86.53 86.53 86.53 86.53 86.50 86.44 86.45 86.17 86.27 86.40 86.41 86.42 86.42 86.27 86.14 86.24 86.18 86.11 86.06 86.16 86.34 86.12 86.14 86.13 86.15 86.36 86.26 86.42 86.50 86.47 86.40 86.44 86.25 86.24 85.99 86.27 86.26 86.32 86.43 86.44 86.43 86.41 86.43 86.45 86.51 86.46 86.38 86.32 86.43 86.14 86.11 86.00 85.59 85.29 85.54 85.95 86.27 86.04 86.16 86.05 86.12 85.80 85.90 85.55 85.33 85.32 85.68 85.70 85.92 85.87 86.03 86.02 86.02 86.13 86.18 86.28 86.36 86.39 86.40 86.49 86.32 86.10 86.32 85.14 85.19 85.75 85.86 85.92 86.00 86.17 86.54 86.42 86.29 85.54 86.14 86.49 86.68 86.78 86.46 85.77 85.03 85.42 85.19 85.49 85.91 85.91 85.37 85.62 85.96 86.08 85.95 86.19 86.66 86.51 86.24 86.13 86.14 86.11 86.24 86.10 86.14 86.63
-71°N ||     86.55 86.56 86.60 86.62 86.65 86.73 86.80 86.75 86.75 86.76 86.77 86.36 85.94 85.77 85.29 85.28 85.85 85.95 86.60 86.05 86.07 85.98 85.84 85.92 87.00 86.30 86.32 86.33 86.23 86.07 86.16 86.09 86.07 86.20 86.14 86.10 86.04 86.27 86.17 86.19 86.28 86.15 86.24 86.18 86.23 86.27 86.08 85.96 86.03 86.56 86.93 86.83 87.01 85.84 86.46 86.53 86.54 86.56 86.51 86.52 86.57 86.38 86.31 86.39 86.45 86.48 86.49 86.37 86.38 85.71 85.99 86.18 86.08 86.23 86.02 86.19 86.14 85.84 85.73 85.67 85.56 86.25 86.23 86.20 86.32 86.33 86.42 86.29 86.45 86.36 86.65 86.60 86.37 86.43 86.44 86.36 86.33 85.85 86.28 86.45 86.53 86.37 86.41 86.41 86.37 86.39 86.20 85.55 85.87 86.07 86.05 86.10 86.11 86.23 86.24 86.16 86.32 86.18 86.25 86.30 86.23 86.35 86.36 86.22 86.28 86.10 85.52 85.66 86.52 86.56 85.93 86.14 86.06 85.14 85.94 86.11 86.19 85.80 85.61 85.87 86.00 85.62 86.20 86.35 86.50 86.51 86.50 86.33 86.34 86.44 86.61 86.54 86.66 86.53 86.93 87.02 86.98 86.81 86.59 86.46 86.62 86.53 86.40 86.61 86.71 86.67 86.67 86.58 86.50 86.74 86.50 86.67 86.61 86.64 86.32 86.31 86.36 86.42 86.19 86.50
-69°N ||     86.11 86.16 86.38 86.51 86.23 87.00 86.91 86.73 86.80 86.78 86.76 86.64 86.28 86.37 86.10 86.17 85.38 85.53 85.80 86.17 86.41 86.26 86.03 85.90 85.90 86.30 86.18 86.28 86.02 86.38 85.79 85.87 85.78 85.98 85.99 86.04 86.21 86.22 86.30 86.31 86.36 86.31 86.29 86.33 86.34 86.66 86.23 86.43 86.44 86.42 86.42 86.49 86.48 86.54 86.55 86.50 86.50 86.51 86.37 86.37 86.24 86.49 86.47 86.57 86.49 86.34 85.88 85.83 85.82 85.82 85.86 86.01 86.02 86.18 86.25 86.45 86.36 86.04 85.64 85.89 86.01 86.31 86.27 86.02 86.01 85.84 85.89 85.85 86.05 86.24 86.26 86.35 85.63 86.39 86.45 86.42 86.52 86.52 86.50 86.52 86.49 86.49 86.55 86.49 86.33 86.10 85.56 86.38 86.50 86.42 86.30 86.17 86.24 86.16 86.25 85.88 85.80 86.20 86.44 86.55 86.64 86.55 86.56 86.60 86.58 86.52 86.25 85.92 85.67 85.77 86.17 86.17 86.19 86.18 86.72 86.01 85.20 85.51 85.57 85.71 85.85 85.82 85.53 85.61 85.98 86.27 86.35 86.20 86.49 86.54 86.54 86.58 86.29 84.96 86.50 86.89 86.80 85.39 86.88 86.83 86.80 86.69 86.66 86.61 86.46 86.28 86.12 86.16 85.64 85.42 86.15 86.51 86.50 86.39 86.29 86.16 86.06 86.00 86.19 86.21
-67°N ||     86.84 86.02 85.87 86.34 86.35 86.40 86.40 86.72 86.72 86.77 86.78 86.77 86.68 86.59 86.38 86.21 86.02 85.70 85.65 85.45 85.45 85.20 85.47 85.47 85.73 85.69 85.61 85.57 85.90 85.44 85.46 85.47 85.82 86.75 85.80 85.93 85.92 86.34 86.18 86.22 86.29 86.29 86.26 86.27 86.29 86.32 86.29 86.36 86.36 86.32 86.34 86.40 86.42 86.42 86.37 86.45 86.53 86.44 86.49 86.44 86.07 86.31 86.45 86.46 86.33 86.19 87.22 87.16 86.85 85.69 85.95 86.09 86.12 86.24 86.33 86.11 85.93 85.55 85.59 85.31 85.61 85.70 86.00 86.01 86.21 86.12 86.19 86.21 86.20 86.20 86.24 86.34 86.30 86.39 86.36 86.44 86.38 86.36 86.37 86.29 86.30 85.86 85.73 85.76 85.47 85.88 86.65 86.86 86.80 86.57 86.54 86.30 86.34 86.12 86.22 86.13 86.35 86.41 86.57 86.57 86.54 86.51 86.54 86.51 86.45 86.57 86.54 86.61 86.61 86.38 85.99 85.61 86.02 86.14 85.65 85.54 85.46 85.19 85.59 85.09 85.29 85.55 85.55 86.13 85.99 85.96 85.66 85.89 86.17 86.36 86.53 86.59 86.45 86.55 86.61 86.63 86.65 86.61 86.45 86.53 86.50 86.54 86.44 86.31 86.45 86.41 86.41 86.39 86.35 86.09 86.48 86.35 86.32 86.20 85.86 86.17 85.66 85.64 85.76 86.15
-65°N ||     86.03 85.80 85.61 85.90 85.92 86.42 86.47 86.69 86.65 86.68 86.66 86.71 86.71 86.71 86.65 86.56 86.48 86.45 86.39 86.19 85.85 85.75 85.77 85.62 85.84 85.78 85.57 86.03 85.97 85.65 85.51 85.72 85.57 85.73 85.85 85.92 85.93 85.97 86.00 86.15 86.18 86.24 86.26 86.27 86.32 86.34 86.32 86.32 86.33 86.32 86.26 86.20 86.14 86.21 86.29 86.36 86.36 86.36 86.29 85.69 86.34 86.45 86.54 86.65 86.26 86.46 86.43 86.38 86.00 85.94 86.15 86.12 86.17 86.25 86.38 86.32 86.02 85.92 85.65 85.40 85.45 85.72 86.30 86.00 86.11 86.13 86.12 86.08 85.93 86.17 86.18 86.20 86.18 86.29 86.17 86.31 86.45 86.37 86.22 86.28 86.14 86.18 86.12 86.05 85.80 86.01 85.88 86.01 86.04 85.98 85.99 85.91 85.98 86.31 86.48 86.73 86.70 86.60 86.50 86.43 86.42 86.51 86.59 86.55 86.61 86.57 86.53 86.55 86.54 86.62 86.11 86.10 86.07 86.00 86.76 85.70 85.66 85.73 86.00 85.35 85.33 85.34 85.63 85.67 85.71 85.46 85.37 86.10 85.93 85.80 86.30 86.26 86.19 86.46 86.44 85.58 85.96 86.07 86.38 86.20 85.82 85.93 86.36 86.14 86.26 86.41 86.33 86.38 86.35 86.33 86.13 86.09 85.98 85.58 86.17 86.28 86.00 85.89 85.68 85.64
-63°N ||     85.93 85.91 86.12 85.76 85.60 85.89 86.22 86.29 86.45 86.42 86.56 86.47 86.65 86.57 86.57 86.47 86.50 86.51 86.44 86.13 85.78 85.75 85.55 85.62 85.56 85.65 85.66 85.54 85.51 85.56 85.53 85.63 85.79 85.81 85.79 85.65 85.54 85.76 86.02 85.87 86.14 85.96 85.84 86.10 86.13 86.11 86.00 86.18 86.14 86.12 85.99 86.02 86.16 86.39 86.21 85.79 86.07 86.43 86.34 86.37 86.32 86.30 86.38 86.50 86.70 86.55 86.11 86.57 86.02 86.35 86.19 86.06 86.10 86.03 86.10 86.40 86.48 86.40 86.37 86.15 86.04 85.81 85.89 85.89 85.92 85.96 86.05 86.06 86.07 86.05 86.05 86.07 86.14 86.11 86.14 86.03 86.11 86.15 86.05 86.21 86.24 86.06 86.11 86.24 86.17 86.02 85.91 85.77 85.80 85.66 85.97 86.05 86.25 86.56 86.77 86.80 86.81 86.69 86.58 86.53 86.50 86.47 86.49 86.50 86.61 86.64 86.57 86.54 86.55 86.56 86.45 86.13 86.06 86.21 85.97 85.70 85.53 85.64 85.55 85.07 86.12 85.43 85.77 85.72 85.71 85.54 85.45 85.35 85.20 85.49 85.79 86.03 85.93 85.96 86.15 86.33 86.46 86.47 86.30 86.22 85.93 85.97 86.08 86.05 85.96 85.43 85.40 85.64 85.95 86.12 86.20 86.24 86.13 86.28 86.26 85.72 86.00 86.07 86.03 86.15
-61°N ||     86.32 85.73 85.48 85.87 86.07 86.20 86.20 85.79 85.86 86.00 85.71 85.86 86.20 85.83 86.83 85.87 86.11 86.07 86.38 86.17 86.10 86.05 86.05 85.64 85.51 85.38 86.04 85.85 85.50 85.58 85.89 86.09 86.11 86.04 86.03 85.84 85.61 85.74 85.70 85.69 85.97 85.54 85.84 86.05 85.88 85.25 86.20 86.30 86.33 86.30 86.27 86.36 86.34 86.12 85.85 86.45 86.45 86.32 86.46 86.44 86.39 86.28 86.34 86.39 86.54 86.73 86.58 86.21 86.62 86.63 86.51 86.33 85.79 86.28 86.41 86.10 86.06 86.12 86.04 85.87 85.33 85.36 85.82 86.00 85.87 85.83 85.76 85.95 86.04 86.03 86.07 86.03 86.05 86.16 86.10 86.14 86.11 86.02 86.09 86.17 86.21 86.13 86.09 86.09 85.77 86.12 86.07 86.10 86.12 86.20 86.27 86.32 86.37 86.47 86.61 86.64 86.39 86.35 86.37 86.23 86.89 86.61 86.26 86.40 86.50 86.54 86.64 86.67 86.51 86.63 86.80 86.67 85.41 86.55 86.46 86.33 85.65 85.76 85.75 85.99 85.51 85.45 85.39 85.46 85.51 85.46 85.47 85.33 85.48 85.47 85.67 85.67 85.71 85.77 85.79 86.37 86.67 86.62 86.60 86.52 86.40 86.25 86.12 85.97 85.91 85.68 85.44 85.59 85.67 85.04 85.54 86.00 86.08 85.93 85.30 85.54 85.69 86.22 86.25 86.23
-59°N ||     86.36 86.05 85.92 86.09 86.12 86.02 85.22 85.68 85.80 85.65 85.97 85.67 85.81 85.25 85.90 86.16 85.99 86.08 85.87 86.03 86.11 86.11 85.92 85.81 85.27 85.54 85.66 85.71 85.97 85.56 85.71 86.13 86.19 86.00 86.16 86.01 85.69 85.36 85.26 85.36 85.57 85.96 86.17 86.17 86.13 85.94 86.25 86.34 86.45 86.44 86.44 86.44 86.46 86.47 86.30 86.18 86.26 86.15 86.34 86.42 86.23 86.04 86.50 86.42 86.00 86.69 86.01 86.40 86.57 85.68 85.89 86.36 86.75 86.20 86.52 86.12 86.14 85.96 85.81 85.82 85.47 85.56 85.78 85.64 85.69 85.96 85.86 85.85 86.09 85.37 85.92 86.06 86.11 86.06 86.31 85.96 85.92 85.94 86.49 85.90 85.86 86.10 86.02 86.04 86.10 86.14 86.13 86.10 86.10 86.30 86.36 86.47 86.51 86.51 86.43 86.23 86.25 86.31 86.10 85.83 85.85 85.87 86.27 86.50 86.70 86.76 86.80 86.75 86.80 86.89 86.76 86.74 86.60 86.50 86.53 86.37 86.07 85.39 85.03 85.23 86.42 86.32 85.05 85.07 85.92 85.29 85.37 84.96 85.38 85.65 85.36 85.42 85.74 86.13 86.28 86.39 86.49 86.45 86.50 86.48 86.46 86.40 86.32 86.21 85.95 85.74 85.53 85.49 85.62 85.48 86.09 85.08 85.59 85.73 85.56 85.98 86.13 86.02 86.19 86.28
-57°N ||     86.23 86.25 86.34 86.50 86.24 85.45 85.72 85.62 85.34 85.38 85.45 86.47 85.42 85.51 85.25 85.29 85.74 86.03 85.73 85.61 86.35 85.62 85.64 85.62 85.13 85.56 85.73 85.72 85.69 85.18 84.83 86.12 85.97 86.03 86.01 85.83 85.92 85.55 85.42 85.47 85.35 85.75 85.91 86.01 86.08 85.91 85.63 85.59 86.14 86.43 86.44 86.47 86.37 86.35 86.20 85.80 85.68 85.70 85.55 85.46 85.89 86.75 86.15 85.76 86.63 86.85 86.75 86.15 87.26 84.85 86.95 86.16 85.85 86.25 86.00 86.54 86.69 86.52 86.31 86.74 86.76 86.24 85.82 85.87 86.02 85.86 85.90 85.75 85.72 85.93 85.99 86.05 85.87 85.69 85.70 85.67 85.68 85.75 86.00 85.75 85.59 85.68 85.68 85.73 85.73 86.11 86.14 86.26 86.36 86.44 86.52 86.59 86.66 86.71 86.65 86.51 86.57 86.57 86.65 86.50 86.45 86.55 86.77 86.93 87.04 87.03 87.05 87.04 87.04 87.16 86.90 86.84 86.73 86.82 86.76 86.70 86.65 86.38 85.26 85.93 86.46 86.64 85.38 85.51 85.85 85.73 85.50 85.35 85.33 85.59 85.90 86.00 86.07 85.91 86.17 86.04 86.33 86.00 85.49 85.64 86.34 86.39 86.33 86.15 85.88 85.68 85.51 85.51 85.58 85.52 85.30 85.22 85.55 85.61 86.21 85.60 85.62 85.70 85.89 86.19
-55°N ||     86.26 86.27 86.35 86.38 86.01 85.97 85.92 85.65 85.53 85.86 85.83 85.75 85.65 85.73 85.51 85.65 85.99 85.92 85.90 85.83 85.46 84.98 84.97 86.30 84.94 85.56 85.79 85.79 85.78 85.59 85.44 86.02 86.00 85.91 86.01 85.77 85.60 85.41 85.15 85.08 85.16 85.10 85.07 85.23 85.77 85.56 85.46 85.72 86.08 86.25 86.40 86.41 86.42 86.11 85.85 85.22 85.47 85.17 85.40 86.53 85.78 86.85 86.95 86.64 85.91 87.43 87.39 87.47 87.38 87.39 87.40 87.06 85.67 86.03 86.70 86.27 86.14 86.59 86.49 86.43 86.13 85.94 86.03 86.02 85.96 85.87 85.88 85.72 85.79 85.61 85.79 85.92 86.07 85.87 85.93 86.20 86.62 85.95 85.93 85.99 85.98 85.94 85.56 85.67 85.59 85.77 86.23 86.30 86.43 86.55 86.64 86.71 86.81 86.90 86.90 86.98 87.03 87.09 87.12 87.27 87.45 87.55 87.59 87.66 87.78 87.57 87.44 87.42 87.76 87.25 87.08 87.02 86.94 86.80 86.89 86.84 86.01 86.47 86.38 86.17 86.05 85.92 85.99 86.00 85.24 85.55 85.64 85.63 85.87 86.06 86.28 86.28 86.66 86.44 85.98 86.10 86.23 85.39 85.51 86.39 86.21 86.07 85.94 85.95 85.69 85.58 85.70 85.83 86.00 85.85 85.83 85.42 85.92 85.67 85.53 85.61 85.78 86.05 86.07 86.22
-53°N ||     86.27 86.02 86.06 86.44 86.56 85.54 86.06 86.14 86.13 86.00 86.09 85.74 85.60 85.86 85.86 85.85 85.64 85.90 85.81 85.87 85.77 85.27 85.02 85.83 85.51 85.71 86.42 85.68 85.82 85.69 85.92 85.83 85.83 85.99 85.87 85.86 85.83 85.25 85.02 85.00 84.92 85.04 85.41 85.57 85.74 85.84 85.96 85.93 86.46 86.83 85.69 85.74 85.94 85.78 85.86 86.22 86.10 85.60 85.53 86.16 85.78 86.90 86.96 87.03 87.70 87.54 87.42 87.42 87.44 87.45 87.45 87.37 87.15 86.94 86.45 86.34 86.50 86.68 86.23 86.37 86.48 86.38 86.30 86.18 86.04 86.57 86.14 85.88 85.98 86.01 85.82 85.78 85.70 86.01 85.65 85.55 85.78 85.85 85.92 85.84 85.95 86.02 85.73 85.23 86.09 85.94 86.09 86.29 86.38 86.44 86.69 86.79 86.94 87.04 87.10 87.22 87.48 87.61 88.06 88.66 89.17 89.58 89.76 89.84 89.88 89.44 89.29 89.36 89.38 89.26 88.41 87.27 87.27 87.40 86.87 86.97 86.98 86.82 86.19 86.18 86.28 85.96 86.01 85.76 85.87 86.31 85.79 85.78 85.84 85.67 85.87 86.12 86.34 86.45 86.77 86.25 86.17 85.18 86.40 86.16 86.26 86.27 86.26 86.03 85.85 85.80 85.58 85.83 85.41 85.81 85.96 85.51 85.11 85.12 85.55 85.97 86.03 86.10 86.24 86.27
-51°N ||     86.19 86.08 85.84 85.90 86.29 86.18 86.10 85.55 86.24 85.91 85.66 85.86 85.75 85.93 85.82 85.74 85.81 85.31 85.69 85.74 85.58 85.30 84.94 84.80 84.55 85.50 85.25 85.55 85.77 85.77 85.69 85.83 85.61 85.52 85.68 85.47 85.50 85.39 85.18 84.60 84.59 84.47 84.78 85.57 85.72 85.86 85.94 85.67 86.50 86.74 85.60 85.58 85.23 85.03 85.77 86.46 86.58 86.56 85.94 85.51 85.47 85.64 86.98 87.37 87.55 87.40 87.51 87.45 87.44 87.44 87.44 87.51 87.16 87.18 87.28 87.48 86.50 86.54 86.31 86.33 86.43 86.37 86.11 85.99 85.83 86.20 85.70 85.79 85.96 85.94 85.92 85.97 86.05 86.11 85.92 85.65 85.75 85.82 85.87 85.61 86.01 85.83 85.62 85.93 85.85 85.97 86.20 86.39 86.53 86.56 86.85 86.94 86.98 87.16 87.31 87.63 88.10 88.74 89.40 90.17 90.44 90.83 90.99 91.19 91.18 91.21 91.03 91.04 90.92 90.72 91.04 90.46 88.12 88.03 87.44 87.07 86.69 85.92 85.30 86.46 86.24 85.80 86.43 85.73 85.34 85.53 85.79 86.17 86.00 86.05 86.29 86.31 86.22 86.14 85.71 86.14 86.17 86.26 86.20 86.22 86.17 85.84 85.93 86.19 86.15 86.00 85.63 86.13 85.86 86.10 85.83 85.55 85.87 85.44 85.53 85.76 85.86 86.03 86.09 86.18
-49°N ||     85.54 85.73 85.62 85.91 86.43 86.56 86.64 86.09 86.10 85.39 85.73 85.40 85.38 85.27 85.51 85.36 85.30 85.34 84.77 84.97 85.22 85.42 84.82 84.70 85.21 85.04 85.33 85.75 85.73 85.72 85.58 85.75 85.49 84.55 84.54 84.66 84.92 84.91 84.96 84.56 84.43 84.50 84.64 85.32 85.59 85.73 85.76 85.75 85.70 85.61 85.47 85.22 84.87 84.72 84.94 85.29 86.08 86.13 85.66 85.51 86.71 86.86 86.95 87.09 87.42 87.69 87.48 87.50 87.46 87.56 87.57 87.40 87.26 86.65 86.89 86.33 86.32 86.53 86.27 86.35 86.36 86.31 86.14 85.90 85.92 85.62 85.73 86.63 86.20 85.94 85.78 85.91 86.30 86.31 85.96 85.76 85.35 86.08 85.62 85.62 85.60 85.62 85.83 86.08 86.15 85.92 85.89 86.39 86.52 86.70 86.52 86.84 87.12 87.39 88.05 88.74 89.42 89.87 90.49 90.89 91.50 91.87 91.51 91.48 90.61 91.13 91.23 91.34 91.22 91.17 91.20 91.22 90.97 90.43 88.96 87.95 87.02 86.63 86.82 86.54 86.68 86.26 85.56 85.95 86.06 85.38 85.88 85.70 86.06 86.15 85.67 86.01 86.00 85.96 85.86 86.16 86.02 85.87 85.62 85.64 84.70 85.32 85.89 85.77 85.55 85.95 86.21 86.40 85.97 86.39 86.32 86.13 86.09 85.75 85.43 85.12 85.27 85.45 85.72 85.84
-47°N ||     85.35 85.73 85.55 85.51 86.01 86.40 85.93 85.54 85.93 85.62 85.38 85.48 84.69 85.74 84.85 85.04 84.38 84.57 85.18 85.01 85.39 84.90 85.18 85.43 85.39 85.72 85.24 85.52 85.66 85.64 85.64 85.64 85.69 85.05 84.89 85.00 85.23 85.27 85.26 85.03 84.70 84.61 84.90 84.99 84.89 85.39 85.40 85.47 85.31 85.34 85.07 84.94 84.66 84.67 84.62 84.90 85.17 85.14 85.58 85.93 85.21 86.51 86.24 86.92 86.91 87.54 87.69 87.65 87.59 87.66 87.61 87.47 87.34 86.72 86.88 86.85 86.33 86.29 86.14 85.77 86.24 86.08 86.01 85.98 85.74 85.79 85.61 85.80 86.03 85.95 86.03 86.04 86.39 86.01 85.85 85.33 85.58 85.48 85.73 86.14 85.61 85.35 85.55 85.80 86.40 86.42 86.15 86.36 86.63 86.59 86.49 86.70 87.03 87.22 89.37 90.60 91.02 91.73 92.12 91.46 91.05 91.31 91.65 91.56 91.18 90.90 90.69 91.07 91.25 91.15 91.16 90.97 90.99 90.89 90.34 89.27 88.18 87.22 86.94 86.82 86.75 86.66 86.28 85.96 86.36 86.33 85.92 86.19 86.14 86.13 86.13 85.69 85.55 85.84 85.53 85.75 85.79 85.34 85.06 85.60 86.16 86.24 85.54 85.47 85.85 86.24 86.13 86.27 86.40 86.32 86.28 86.24 85.62 85.63 85.40 85.82 85.58 85.46 85.74 85.64
-45°N ||     85.75 85.80 85.69 85.73 85.93 85.89 85.98 86.00 86.09 85.45 85.25 85.69 85.27 85.12 85.18 85.19 85.94 85.13 85.45 85.54 85.35 85.58 86.03 85.26 85.55 85.74 85.60 85.50 85.50 85.46 85.35 85.43 85.36 85.19 85.20 85.16 85.19 85.21 85.30 85.31 85.04 84.96 85.11 85.03 85.01 85.18 85.19 85.02 84.87 84.72 84.65 84.65 84.62 84.23 84.09 85.01 85.36 85.48 85.79 86.01 86.26 86.23 86.51 86.61 86.59 87.21 87.40 88.39 88.22 87.84 87.72 87.55 87.12 86.97 86.82 86.93 86.20 86.16 86.13 86.73 85.88 86.04 85.83 85.79 85.74 85.67 85.67 86.05 86.04 85.96 85.87 85.94 86.10 85.94 85.78 85.86 85.59 85.62 85.58 86.13 84.95 85.50 85.66 85.73 86.19 85.73 86.18 86.34 86.50 86.52 86.59 86.54 87.04 88.02 90.66 91.13 92.03 92.14 91.56 91.93 91.74 91.97 91.81 91.80 91.59 91.94 92.06 91.19 91.05 91.51 91.15 91.05 91.04 90.91 90.32 89.97 88.73 87.46 87.05 86.91 86.75 86.82 85.36 86.36 86.37 86.16 86.25 86.02 85.88 86.15 85.89 85.72 85.92 85.70 85.76 85.49 85.30 85.37 84.94 84.33 85.32 85.17 85.60 86.25 86.32 86.25 85.86 86.35 85.96 86.01 86.23 86.16 85.60 85.63 85.67 85.00 85.05 85.53 85.68 85.60
-43°N ||     86.16 85.54 86.24 85.94 86.14 85.87 85.96 85.93 85.74 85.54 85.23 85.29 85.13 84.96 85.24 85.27 85.58 85.65 85.54 85.51 85.09 85.29 85.45 85.46 85.21 85.50 85.59 85.59 85.03 85.28 85.15 85.37 85.40 85.00 85.10 85.09 85.11 85.20 85.35 85.42 84.93 84.73 83.88 83.93 84.64 84.98 84.86 84.66 84.69 84.47 84.37 84.39 84.32 84.40 84.45 85.08 85.17 85.30 85.42 85.73 85.73 85.82 86.16 85.79 86.80 86.72 87.07 87.14 87.22 87.28 87.19 87.17 86.81 86.98 86.88 86.29 86.21 86.34 86.24 86.32 86.15 86.96 85.80 85.96 85.84 85.84 85.73 86.06 86.04 85.84 85.78 85.91 85.96 85.89 85.87 85.68 85.84 85.67 85.93 85.56 85.51 85.62 85.51 85.19 85.25 85.54 86.09 86.58 86.26 86.41 86.49 86.56 87.15 89.14 90.98 91.81 91.78 91.52 91.75 92.09 91.88 91.87 91.62 91.94 91.88 91.24 91.40 91.32 91.58 91.32 91.13 91.09 90.88 90.55 89.53 89.39 88.77 87.72 87.05 87.03 86.91 86.94 86.74 86.69 86.52 86.39 86.22 86.07 86.07 86.51 86.25 86.13 86.07 85.78 85.73 85.48 85.24 85.22 85.29 85.31 85.12 85.20 85.77 86.36 86.48 86.44 86.30 86.22 85.94 86.10 86.09 86.20 85.12 85.77 85.81 86.34 85.54 85.74 85.97 85.93
-41°N ||     86.28 86.21 86.23 86.49 86.35 85.80 85.88 85.80 86.26 86.51 86.91 86.80 85.93 85.30 85.52 85.41 85.04 85.27 85.01 85.32 85.02 85.49 85.45 85.44 85.27 84.54 85.00 85.16 85.36 84.96 84.84 85.07 84.91 84.92 84.72 84.97 85.03 85.18 85.20 83.39 83.12 82.96 81.33 81.10 81.18 83.29 83.29 83.30 83.98 84.30 84.05 84.38 84.18 84.34 84.32 84.38 84.48 84.92 85.65 85.53 85.25 84.79 85.90 86.36 86.33 86.71 86.70 86.88 87.08 87.11 87.07 86.83 86.98 86.58 86.62 86.61 86.47 87.03 86.42 86.11 86.27 86.18 85.92 85.93 85.78 85.79 85.88 86.11 86.11 86.00 85.80 85.95 85.74 85.78 85.87 85.48 85.36 85.76 85.73 85.63 85.38 85.45 85.08 84.88 86.16 85.61 85.93 86.32 86.35 86.36 86.51 86.68 87.12 89.19 90.64 91.84 91.83 91.18 91.95 91.98 91.96 91.80 92.04 92.18 91.78 91.24 91.57 91.66 91.44 91.59 91.35 91.06 90.34 89.72 89.41 89.11 88.40 87.59 87.28 87.05 87.16 86.58 86.43 86.61 85.85 85.95 86.23 86.30 86.34 86.30 86.22 86.20 86.21 85.71 85.60 85.55 85.34 85.67 85.64 85.45 85.39 85.34 85.85 86.15 86.25 86.16 86.23 86.16 85.58 85.94 85.96 85.36 85.28 85.88 85.81 85.87 85.93 86.09 86.23 85.97
-39°N ||     86.16 86.27 86.04 85.75 86.40 85.70 86.08 85.97 85.38 85.72 86.64 86.63 85.57 85.29 85.79 85.55 85.77 85.37 85.59 85.65 85.78 85.16 85.80 85.80 85.56 85.56 85.37 85.13 85.25 85.15 85.03 83.37 84.35 84.71 84.72 84.87 84.98 84.95 84.31 84.18 83.66 82.53 82.23 82.32 82.66 82.79 82.70 82.94 82.41 83.40 84.05 84.08 84.11 84.21 84.36 84.40 84.61 84.90 84.98 85.41 85.42 85.56 85.19 85.38 85.98 85.51 86.40 87.01 86.94 86.91 86.93 86.92 86.68 86.57 86.66 86.59 86.53 86.39 86.28 86.29 86.25 86.25 86.13 86.00 85.97 85.78 86.06 86.25 86.01 85.96 86.13 86.17 86.10 85.75 85.90 85.63 85.64 85.61 85.59 85.91 85.40 85.55 85.27 85.38 85.31 85.28 85.87 86.21 86.38 86.41 86.40 86.79 87.16 88.22 90.45 91.94 92.18 92.04 91.62 91.89 92.17 92.04 92.15 92.19 91.90 91.57 91.93 91.67 91.80 91.43 91.16 90.61 89.88 89.50 88.94 88.59 88.33 87.96 87.24 86.87 86.79 86.37 86.37 86.28 86.27 86.41 86.48 86.37 85.79 86.25 86.29 86.35 86.17 86.03 85.73 85.94 85.73 85.49 85.95 85.82 85.57 85.45 85.47 85.65 85.93 86.03 86.35 86.22 85.99 85.96 86.08 85.93 86.20 86.12 86.15 85.92 86.03 86.20 86.32 86.41
-37°N ||     86.42 86.28 86.28 85.98 86.73 86.54 86.23 85.58 85.14 84.59 84.33 85.14 85.04 85.77 86.09 86.07 86.07 86.08 85.94 85.87 85.86 85.84 85.56 85.73 85.45 85.13 85.20 84.80 84.69 85.15 85.04 84.24 84.38 83.84 84.47 83.66 84.18 82.46 82.58 84.14 82.43 81.72 82.93 82.97 82.89 82.85 83.04 83.69 83.14 83.12 82.93 83.49 84.04 84.47 84.49 84.61 84.53 85.02 85.14 84.99 84.98 85.62 85.62 85.91 86.24 86.20 86.52 86.64 85.60 86.77 86.55 86.61 86.64 86.71 86.62 86.52 86.44 86.43 86.44 86.28 86.11 86.00 85.77 86.72 86.03 85.87 85.87 85.79 86.18 85.96 86.06 86.17 86.14 85.97 85.61 85.85 85.56 85.50 85.83 85.79 85.33 85.31 85.20 85.36 85.53 85.51 86.59 85.93 86.30 86.45 86.49 86.55 86.85 87.98 89.18 91.53 92.21 92.48 92.76 91.94 92.00 92.04 91.60 92.16 91.69 91.78 91.60 91.71 91.66 91.54 91.35 90.31 89.38 89.00 88.48 88.18 87.66 87.26 87.07 86.90 86.48 86.54 86.18 86.19 86.07 86.16 86.38 86.39 86.36 86.25 86.37 86.26 86.19 86.14 86.01 86.04 86.20 86.04 85.95 85.39 85.66 85.61 85.23 85.21 85.79 85.94 86.33 86.02 86.05 86.16 86.28 86.27 86.25 86.24 86.09 85.95 86.43 86.53 86.44 86.68
-35°N ||     86.42 86.75 86.30 85.75 86.21 85.71 85.60 85.77 85.23 84.59 84.46 85.17 85.76 85.90 86.03 85.97 86.08 84.89 85.89 85.85 85.80 85.62 85.61 85.46 85.02 85.23 85.06 84.94 84.47 84.59 84.31 84.19 84.27 84.02 84.13 84.28 83.66 82.35 82.46 82.42 81.92 82.89 83.54 83.45 83.17 83.42 83.26 83.34 83.58 83.63 83.47 82.70 83.42 84.36 84.66 84.85 84.85 84.87 84.90 84.99 85.15 85.31 85.30 86.15 86.11 85.65 85.85 86.15 86.08 86.61 86.55 86.63 86.48 86.27 86.37 86.48 86.48 86.47 86.60 86.41 86.16 85.93 86.08 85.94 86.02 85.75 85.67 85.78 85.89 85.94 85.97 86.11 86.04 85.70 85.72 85.70 85.90 86.08 85.56 85.45 85.49 85.01 85.14 85.46 85.63 85.60 85.65 85.97 86.37 86.29 86.27 86.39 86.62 86.78 87.62 89.18 91.91 92.26 92.59 92.66 91.97 91.95 92.53 92.53 91.64 91.75 91.70 91.58 91.66 91.48 90.67 88.89 88.21 88.17 87.89 87.55 87.68 87.25 87.22 87.18 86.64 86.41 85.79 86.17 85.98 86.09 86.19 86.25 86.34 86.40 86.29 86.13 85.63 85.64 85.71 85.95 85.71 85.54 85.81 85.98 85.78 85.51 85.84 86.02 85.87 85.88 85.75 85.95 85.93 85.57 86.32 86.38 86.17 86.13 86.26 86.32 86.66 86.56 86.32 85.86
-33°N ||     86.48 86.55 85.77 85.63 85.78 85.07 85.40 84.62 84.64 85.12 85.07 85.28 85.82 85.95 86.17 85.90 86.10 86.13 85.86 85.87 85.26 85.65 85.59 85.56 85.29 85.06 85.07 84.89 84.69 84.44 84.29 83.55 83.89 83.69 83.39 83.55 82.94 82.05 81.91 81.27 81.52 82.92 83.72 83.36 84.02 83.46 84.26 84.33 84.11 84.15 83.61 82.77 82.04 83.54 84.34 84.84 84.81 84.88 84.92 84.92 85.25 85.60 85.48 86.11 86.18 86.22 86.20 86.19 86.13 86.01 86.17 86.51 86.47 86.28 86.54 86.30 86.59 86.44 86.41 86.48 86.33 86.18 86.33 86.09 86.04 85.94 85.89 85.79 85.79 85.85 85.88 85.62 85.80 85.94 85.75 85.86 85.68 85.88 85.65 85.22 85.37 85.23 85.02 85.22 85.45 85.55 85.56 85.50 86.04 86.26 86.15 86.11 85.95 86.20 86.63 87.43 90.02 91.39 92.01 92.40 92.38 92.67 91.76 91.58 91.80 91.80 91.55 91.52 90.64 89.64 89.10 88.00 87.39 87.34 87.30 87.29 87.50 87.34 87.12 87.07 86.85 86.43 86.17 86.08 85.96 85.91 86.04 86.01 86.09 86.20 86.17 85.97 85.85 85.69 85.24 85.15 85.24 85.20 85.75 85.41 85.69 85.91 85.52 85.75 85.65 85.59 85.90 86.03 86.20 85.89 86.04 86.38 85.84 86.23 86.24 86.36 86.45 86.32 86.10 86.08
-31°N ||     86.45 85.95 85.84 85.77 85.24 85.29 84.84 85.20 85.31 85.17 85.32 85.35 85.67 85.90 86.11 86.11 86.12 85.75 85.65 85.89 85.57 85.61 85.54 85.48 85.30 85.24 85.05 84.88 84.59 84.30 84.04 83.88 83.82 83.28 83.13 83.62 82.85 81.85 81.99 81.25 82.18 82.95 83.32 83.86 84.07 84.27 84.30 84.49 84.50 84.61 83.79 82.78 83.14 83.25 83.39 83.36 84.55 85.03 85.02 85.30 85.63 85.92 86.10 86.14 86.26 86.23 86.28 86.37 86.31 86.27 86.34 86.82 86.30 86.14 86.26 86.27 86.33 86.41 86.53 86.52 86.56 86.50 86.34 86.35 86.24 85.98 85.76 85.64 85.79 85.82 85.81 85.86 85.65 85.82 85.88 85.79 85.85 85.76 85.73 85.39 85.37 85.76 85.51 85.36 85.59 85.73 85.81 85.58 86.05 86.22 86.38 86.10 86.37 86.30 86.78 86.77 87.39 87.85 88.32 90.94 91.66 92.18 91.37 91.65 91.49 91.60 91.23 90.69 88.42 87.42 88.05 87.72 87.24 87.22 87.18 87.01 86.98 87.11 87.09 86.93 86.88 86.19 86.23 86.02 86.09 85.78 85.88 85.86 85.88 85.94 86.04 85.88 85.71 85.71 85.42 85.35 85.86 85.16 85.01 84.84 85.78 86.04 86.29 85.86 86.00 86.13 86.23 86.17 86.21 86.11 86.02 86.21 85.96 86.18 86.17 86.03 86.17 86.28 86.26 86.22
-29°N ||     86.46 85.96 84.88 85.79 85.25 85.09 85.52 85.14 85.42 85.25 85.24 85.43 85.89 86.04 86.12 86.10 86.07 85.22 85.97 85.95 85.78 85.57 85.55 85.45 85.37 85.22 85.07 84.80 84.50 84.24 83.99 83.68 83.49 83.43 83.39 82.67 82.70 82.25 80.95 80.08 82.08 83.09 83.49 83.78 84.09 84.35 84.52 84.64 84.74 84.75 84.72 84.61 84.00 84.01 83.93 83.28 83.54 84.00 85.00 85.25 85.68 86.16 86.25 86.22 86.43 86.26 86.15 86.24 86.39 86.37 86.47 86.65 86.48 86.24 86.40 86.58 86.45 86.43 86.65 86.62 86.59 86.60 86.46 86.52 86.13 86.10 85.99 85.80 85.70 85.83 85.87 85.90 85.98 85.92 85.89 85.82 85.85 85.48 85.77 85.48 85.87 85.92 85.69 85.69 85.90 85.99 86.05 85.98 85.54 86.17 85.96 86.34 86.43 86.50 86.06 86.24 86.94 86.88 87.23 87.24 87.77 87.74 88.78 90.42 89.41 89.66 88.45 88.89 87.39 87.16 87.02 86.87 87.04 87.12 87.03 86.85 86.92 86.91 86.87 86.57 86.53 86.33 86.15 86.05 86.01 85.89 85.87 85.92 85.92 85.95 85.98 85.81 85.79 85.42 85.61 85.25 84.83 85.04 85.65 84.79 85.62 85.97 86.09 85.72 86.12 85.48 86.09 86.24 86.07 85.99 86.14 86.05 85.90 86.00 86.04 86.20 86.08 86.19 86.29 86.40
-27°N ||     86.25 85.95 85.91 85.84 85.36 85.25 85.71 84.96 85.33 85.61 85.52 85.82 85.78 85.92 86.16 85.99 86.18 85.54 85.98 85.53 85.56 85.57 85.47 85.44 85.27 85.16 85.03 84.90 84.49 84.19 83.86 83.56 83.18 83.19 83.03 83.18 83.37 82.07 81.81 80.30 82.32 83.13 83.48 83.86 84.17 84.44 84.63 84.77 84.86 85.01 85.01 85.08 84.86 84.33 84.34 84.43 84.68 84.67 84.58 84.58 84.39 85.73 86.29 86.31 86.28 86.30 86.38 86.50 86.36 86.29 86.32 86.68 86.75 86.88 86.61 86.40 86.59 86.61 86.74 86.73 86.73 86.72 86.65 86.50 86.41 86.23 86.27 86.28 85.99 85.89 85.84 85.98 85.99 85.66 85.78 85.89 85.90 85.67 85.66 85.66 85.88 86.05 85.65 85.88 86.04 85.94 86.16 85.68 85.35 85.57 86.07 86.10 86.30 86.16 86.12 86.19 86.17 86.90 86.87 86.97 87.05 87.07 87.20 87.24 87.29 87.47 87.89 87.53 87.40 87.14 86.89 87.02 87.03 86.94 86.71 86.82 85.41 86.86 86.84 85.81 86.22 85.97 85.91 85.91 85.93 85.94 85.94 85.95 85.88 85.85 85.82 85.62 85.22 85.12 85.01 85.25 85.75 84.92 84.99 85.54 85.23 85.61 85.99 85.98 86.29 85.63 86.17 86.00 86.16 86.28 86.24 86.12 85.81 85.64 85.68 85.99 85.99 86.04 86.31 86.35
-25°N ||     86.35 85.83 86.11 85.89 85.82 85.77 85.88 86.14 85.70 85.96 85.81 86.25 86.25 86.19 86.27 86.12 86.16 85.86 85.56 85.93 85.64 85.51 85.47 85.35 85.22 85.04 84.90 84.74 84.39 83.97 83.64 83.35 83.09 82.92 82.85 82.21 82.58 82.92 81.81 82.14 82.57 83.08 83.55 83.88 84.09 84.34 84.51 84.73 84.87 84.90 85.07 85.13 84.90 84.57 83.78 84.43 84.70 84.85 84.85 84.71 84.07 85.17 86.13 86.18 86.27 86.29 86.29 85.92 86.10 86.20 86.25 86.28 86.61 86.99 87.09 86.70 86.79 86.85 86.96 86.81 86.82 86.76 86.92 86.70 86.82 86.44 86.49 86.49 86.45 85.99 86.22 86.12 86.28 85.63 85.96 85.92 85.93 85.57 85.29 85.87 85.89 85.79 85.86 85.89 85.77 85.46 85.82 85.27 85.09 85.41 85.66 85.75 86.04 85.92 86.29 86.59 86.36 86.73 86.86 86.95 87.02 86.96 86.91 87.18 87.00 87.33 87.21 86.92 86.85 86.75 86.84 86.69 86.67 86.81 86.67 86.17 86.10 86.33 85.65 86.02 85.91 85.75 85.64 85.68 85.76 85.82 86.05 85.87 85.82 85.72 85.68 85.51 85.19 84.85 84.98 85.21 85.53 85.16 84.70 85.07 84.97 85.33 85.68 86.02 85.75 85.78 86.14 85.79 86.05 86.19 86.20 85.91 85.66 86.10 86.15 86.00 86.10 86.38 86.54 86.32
-23°N ||     86.34 86.33 85.94 85.94 85.86 85.94 86.10 86.22 86.31 86.36 86.35 86.32 86.45 86.50 86.31 86.42 85.39 85.64 86.01 85.69 85.68 85.45 85.44 85.34 85.18 84.93 84.71 84.40 84.04 83.68 83.35 82.98 82.78 82.66 82.71 82.65 81.86 82.22 81.77 82.04 82.52 83.07 83.41 83.66 83.89 84.11 84.34 84.56 84.80 84.95 85.20 85.20 85.20 84.90 84.25 84.41 84.69 84.71 84.67 84.35 83.74 85.37 86.04 86.09 85.88 86.04 86.23 85.97 86.24 86.22 86.10 86.42 86.52 86.85 86.94 87.03 86.77 86.86 86.80 86.90 86.90 86.85 86.87 87.01 86.80 86.60 86.66 86.72 86.63 85.87 86.31 86.15 86.34 86.35 86.36 86.02 85.94 86.68 85.84 85.54 85.68 85.51 85.32 85.20 85.44 85.79 85.16 85.11 84.85 85.37 85.58 85.95 85.85 85.57 85.54 85.76 86.19 86.36 86.53 86.66 86.89 86.76 86.90 87.01 87.02 87.18 86.99 86.76 86.76 86.66 86.43 86.47 86.57 86.64 86.10 85.68 85.15 85.31 85.62 85.87 85.70 85.55 85.29 85.42 85.69 85.78 85.84 85.91 85.70 85.65 85.60 85.54 85.70 85.58 85.63 85.18 85.58 85.19 84.85 85.14 84.80 85.51 85.69 85.89 85.90 86.04 85.98 86.10 86.04 86.46 86.08 86.69 86.08 86.15 86.21 86.16 86.04 86.47 86.67 86.34
-21°N ||     86.21 86.27 85.97 85.97 85.94 85.94 86.17 86.62 86.43 86.37 86.28 86.31 86.39 86.27 86.36 86.43 86.17 85.90 85.93 85.75 85.60 85.43 85.38 85.24 85.07 84.87 84.51 84.07 83.58 83.17 82.86 82.51 82.31 82.28 82.41 81.94 82.11 81.44 81.59 82.09 82.46 82.86 83.11 83.36 83.65 83.85 84.15 84.37 84.61 84.81 84.95 85.14 85.18 84.86 84.44 84.69 84.35 84.60 84.32 84.00 84.07 84.40 85.97 85.96 86.03 85.94 86.20 86.28 86.25 86.28 86.36 86.36 86.51 86.68 86.98 87.12 86.96 86.89 86.97 87.00 86.95 86.93 86.90 87.00 86.94 87.01 86.75 86.76 86.64 86.39 86.27 86.38 86.47 86.50 86.22 86.12 85.99 85.71 85.67 85.80 85.88 85.95 85.15 85.46 85.67 85.58 85.76 84.96 84.87 85.26 85.63 85.33 85.72 85.71 85.78 85.98 86.07 86.35 86.41 86.67 86.76 86.85 86.61 86.94 86.79 86.73 86.75 86.15 86.44 86.44 86.36 86.25 86.54 86.14 85.81 85.59 84.66 84.79 85.50 85.39 85.58 85.57 85.27 85.00 85.73 85.83 85.85 85.88 85.87 85.69 85.48 85.27 85.02 85.29 85.90 85.29 85.45 85.38 84.96 85.55 85.44 85.58 85.48 85.47 85.95 86.06 86.24 86.09 85.90 86.46 86.56 86.36 86.40 86.57 86.51 86.17 85.89 86.28 86.28 86.10
-19°N ||     85.66 85.90 85.90 85.75 86.02 86.21 86.44 86.84 86.82 86.61 86.52 86.34 86.42 86.40 86.52 86.39 86.20 86.16 85.80 85.76 85.61 85.40 85.27 85.03 84.87 84.63 84.27 83.63 82.82 82.38 82.10 81.96 81.83 81.94 82.16 80.65 81.83 81.35 81.49 81.78 81.97 82.33 82.61 82.89 83.23 83.56 83.90 84.15 84.45 84.65 84.79 84.90 85.04 84.99 84.64 84.27 84.25 84.23 84.34 84.23 83.91 85.13 85.81 85.77 85.94 86.08 86.33 86.36 86.40 86.27 86.37 86.50 86.68 86.90 87.22 87.24 87.20 86.92 87.03 87.03 87.16 87.00 86.96 86.94 87.06 87.10 86.87 86.72 86.72 86.76 86.63 86.53 86.55 86.48 86.21 86.26 85.99 85.92 86.09 85.52 85.82 85.89 85.34 85.64 85.28 85.57 84.98 84.81 85.26 85.28 85.12 85.44 85.43 85.59 85.69 85.82 85.86 85.81 85.86 86.51 86.63 86.64 86.69 86.69 86.56 86.57 86.28 86.29 86.35 86.28 86.23 85.86 85.72 85.92 85.69 85.44 85.05 84.92 85.28 85.46 85.70 85.73 85.90 85.89 85.78 85.82 85.85 85.86 85.76 85.67 85.82 85.37 85.09 85.18 85.53 85.64 85.55 85.70 85.28 85.62 85.71 85.55 85.45 85.38 85.83 85.84 85.77 85.72 86.23 86.51 86.69 86.77 86.82 86.94 86.77 86.79 86.71 86.54 86.57 85.70
-17°N ||     85.72 85.70 85.80 86.08 86.10 86.27 86.69 86.78 86.78 86.72 86.63 86.46 86.50 86.09 86.49 86.73 86.32 86.31 86.04 85.73 85.59 85.42 85.08 84.80 84.61 84.33 83.87 82.83 81.94 81.38 81.29 81.37 81.55 81.70 81.39 80.78 81.17 81.38 81.25 81.15 81.27 81.67 82.07 82.36 82.84 83.23 83.59 83.86 84.18 84.45 84.57 84.78 84.80 84.88 84.58 84.24 83.77 83.79 84.27 84.16 83.94 85.27 85.80 85.36 85.72 87.34 87.95 87.12 86.35 86.45 86.18 86.47 86.66 86.83 87.24 87.21 87.24 86.93 87.07 86.97 87.07 87.03 87.04 87.03 87.05 87.03 86.94 86.94 86.89 86.78 86.56 86.59 86.59 86.49 86.35 86.33 86.07 86.11 85.84 86.30 85.93 85.73 85.39 85.38 85.36 85.29 85.39 84.96 85.39 85.36 85.50 85.35 85.18 85.17 85.44 85.49 85.63 86.10 86.15 85.80 86.18 86.10 86.24 86.26 86.21 86.49 86.43 86.42 86.34 86.26 85.85 85.89 85.07 85.37 85.48 85.34 84.86 84.88 85.34 85.55 85.79 85.82 85.93 86.00 85.86 85.83 85.80 85.75 85.72 85.52 85.63 85.55 85.27 85.37 85.26 85.31 85.54 85.73 85.55 85.96 85.73 85.69 85.51 85.35 86.12 85.40 85.67 85.87 86.27 86.66 86.77 86.88 86.88 86.97 87.03 86.85 86.86 86.72 86.84 86.46
-15°N ||     86.64 85.72 86.37 86.20 86.42 86.54 87.00 86.94 86.70 86.75 86.74 86.50 86.38 86.41 86.52 86.72 85.73 86.36 86.50 85.83 85.66 85.38 85.12 84.83 84.46 83.98 83.17 81.79 80.34 79.89 80.36 80.94 81.12 81.38 81.53 81.47 81.66 81.69 81.02 80.70 80.68 81.25 81.61 81.95 82.44 83.00 83.38 83.67 83.87 84.03 84.06 84.45 84.64 84.65 84.37 84.26 83.91 84.76 84.14 84.90 85.21 87.14 87.69 88.01 88.33 88.10 87.65 88.34 88.31 86.56 86.49 86.79 86.75 86.82 87.12 87.11 87.20 87.11 87.04 87.02 87.04 87.05 87.03 87.12 87.02 87.00 87.00 86.93 86.88 86.83 86.86 86.75 86.67 86.48 86.37 86.38 86.30 86.15 85.76 86.12 85.63 85.71 85.59 85.30 85.40 85.16 85.28 85.25 85.12 85.19 85.53 85.13 84.98 84.96 85.04 84.74 85.51 86.10 86.12 86.14 85.80 86.14 86.12 86.05 86.23 86.36 86.31 86.47 86.11 85.84 85.69 84.98 84.90 84.94 85.18 85.07 84.86 85.02 85.07 85.44 85.70 85.88 85.86 85.88 85.97 85.88 85.73 85.80 85.55 85.66 85.54 85.70 85.21 84.97 85.75 85.89 85.37 85.86 85.91 85.72 85.77 85.67 85.39 85.57 85.93 86.03 85.94 85.97 86.16 86.80 86.93 87.24 87.09 87.04 86.85 87.11 86.95 87.21 86.44 86.54
-13°N ||     86.72 86.67 86.49 86.30 86.45 86.70 86.89 87.04 86.97 87.03 86.91 86.67 86.60 86.69 86.67 86.71 86.42 86.39 86.28 86.03 85.78 85.45 85.16 84.84 84.36 83.75 82.80 80.85 78.54 78.03 79.34 80.49 80.84 80.94 81.03 81.71 81.48 81.45 80.87 80.60 80.66 81.86 81.16 81.66 82.20 82.70 83.19 83.48 83.71 83.88 83.94 84.63 84.12 85.15 87.41 87.12 87.05 85.50 88.25 88.60 87.21 85.36 85.29 85.51 87.41 87.51 87.13 87.19 86.10 88.00 86.70 86.71 86.84 86.93 86.98 87.12 87.08 87.20 87.29 87.09 87.07 87.07 87.06 87.06 86.97 87.00 87.05 86.97 86.87 86.98 86.91 86.86 86.75 86.61 86.77 86.52 86.39 86.22 86.11 86.11 86.07 85.85 85.54 85.37 85.19 85.56 85.23 85.21 85.10 85.04 85.06 85.20 84.85 85.17 85.08 85.26 85.29 85.91 86.04 85.93 85.98 86.14 86.05 86.04 85.83 86.17 86.22 86.24 86.10 85.95 85.14 84.93 84.66 85.09 85.01 85.19 84.84 85.00 85.55 85.59 85.97 85.89 85.98 85.93 85.98 85.92 85.64 85.51 85.46 85.50 85.48 85.30 85.60 85.24 85.94 85.93 85.54 85.53 85.82 85.91 85.70 85.77 85.48 85.37 85.64 86.32 86.36 86.46 86.68 86.96 87.06 87.15 87.18 87.15 87.13 87.19 87.25 87.15 87.24 87.14
-11°N ||     87.23 87.08 87.26 87.27 86.83 86.82 86.93 87.07 86.98 86.99 86.92 86.89 86.90 86.71 86.82 86.76 86.70 86.52 86.39 86.16 85.88 85.64 85.23 84.84 84.23 83.64 82.77 81.07 78.62 76.56 77.66 80.46 80.74 80.75 80.67 81.33 81.26 80.97 80.51 80.28 80.76 81.11 81.07 81.60 82.05 82.48 83.16 83.37 83.57 83.80 83.70 84.35 86.85 87.20 88.94 89.01 85.97 83.21 83.04 84.06 84.68 84.87 85.13 85.33 85.73 85.65 85.81 86.69 86.28 86.43 88.37 87.08 88.42 87.16 87.04 87.45 87.36 87.17 87.26 87.28 87.10 87.10 87.12 87.08 87.10 87.06 87.15 87.02 87.05 86.96 86.96 87.03 86.79 86.70 86.57 86.57 86.59 86.34 85.45 85.77 86.12 86.16 85.77 85.57 85.48 85.20 85.17 85.24 85.05 85.08 85.44 85.19 85.26 85.02 85.23 85.35 85.28 85.48 85.78 85.61 85.72 85.92 85.89 85.82 85.57 86.14 86.11 86.28 86.11 86.09 85.88 85.23 84.76 84.96 84.91 85.36 85.08 85.46 85.75 85.77 86.09 86.03 85.92 85.99 86.01 85.99 85.89 85.93 85.71 85.69 85.55 85.27 84.94 85.35 85.30 85.52 85.85 85.93 85.73 86.05 85.87 86.23 86.40 86.18 86.32 86.93 86.43 86.68 86.81 87.03 87.10 87.13 87.25 87.22 87.29 87.34 87.34 87.08 87.15 87.02
-9°N ||     86.92 87.02 87.00 87.16 87.27 86.92 87.09 86.99 87.09 87.13 86.98 87.03 86.93 86.88 86.89 86.78 86.77 86.63 86.51 86.26 86.06 85.71 85.41 84.96 84.44 83.79 82.99 82.19 79.01 75.17 75.16 79.37 80.61 80.62 80.70 80.58 81.02 80.80 80.85 80.54 80.68 81.32 82.97 84.53 83.48 82.55 83.13 83.70 83.65 84.04 86.91 87.51 87.45 88.76 87.20 83.70 82.84 84.50 83.46 84.63 84.87 85.00 85.54 85.51 85.88 86.02 86.87 86.33 87.51 86.56 88.47 88.49 88.78 87.94 87.73 87.42 87.11 87.21 87.23 87.60 87.28 87.09 87.15 87.17 87.14 87.15 87.23 87.05 87.07 87.07 87.14 86.89 86.89 86.85 86.70 86.53 86.58 86.43 86.01 85.94 86.16 85.95 85.69 85.82 85.79 85.44 85.20 85.51 86.34 86.57 85.29 85.51 85.40 85.48 85.44 85.32 85.33 85.40 85.61 85.66 85.63 85.49 85.66 85.50 85.47 85.58 85.81 86.08 86.12 86.13 85.87 85.54 84.80 85.51 85.50 85.03 85.74 85.94 85.48 85.84 86.09 86.13 86.23 86.10 86.10 85.95 85.88 86.17 86.09 85.78 85.16 85.35 84.96 85.60 85.93 85.82 85.99 86.28 86.00 86.12 86.46 86.94 87.08 86.85 86.83 87.08 87.06 87.00 87.09 87.11 87.17 87.23 87.30 87.75 87.44 87.41 87.09 86.11 87.14 87.08
-7°N ||     87.11 87.09 87.04 87.04 87.48 87.35 87.16 87.19 87.39 87.24 87.19 87.08 87.00 86.99 86.98 87.00 86.96 86.78 86.62 86.43 86.19 85.89 85.58 85.09 84.59 84.10 83.46 82.88 79.69 76.49 77.28 78.81 80.29 80.54 80.72 80.94 80.51 80.53 80.98 80.55 83.78 84.14 81.59 85.26 84.57 84.49 84.95 86.72 86.37 85.72 84.65 83.39 85.78 88.53 86.95 87.27 87.49 85.19 84.49 85.07 85.18 85.21 85.47 85.62 86.44 87.35 87.32 87.07 86.13 86.27 87.37 88.58 88.50 88.01 88.36 87.93 87.66 87.16 87.14 87.24 87.26 87.20 87.23 87.13 87.16 87.12 87.06 87.01 86.99 87.03 87.00 87.04 86.89 86.85 86.83 86.86 86.86 86.57 86.24 86.34 85.71 85.66 85.76 85.84 85.25 85.65 85.78 85.52 85.51 85.55 85.73 85.70 85.82 85.23 85.32 85.33 85.32 85.74 85.78 85.62 85.30 85.16 85.23 85.05 85.42 85.84 85.66 85.80 86.12 86.13 86.05 85.95 85.14 85.06 85.42 85.60 85.65 85.73 85.62 85.93 86.14 86.11 86.32 86.29 86.25 86.29 86.34 86.36 86.33 86.49 85.00 84.85 85.02 85.61 85.25 86.23 86.94 86.61 86.69 86.67 86.95 87.08 87.04 86.98 87.19 87.31 87.21 87.29 87.30 87.28 87.30 87.29 87.36 87.48 87.63 87.62 87.35 87.26 87.20 87.12
-5°N ||     87.14 87.19 87.24 87.22 87.13 87.52 87.48 87.47 87.56 87.29 87.18 86.99 87.06 87.11 87.19 87.24 87.24 87.09 86.70 86.69 86.42 86.17 85.85 85.39 84.96 84.46 83.94 83.10 81.95 80.35 79.04 79.28 80.30 80.44 80.81 81.08 81.06 82.07 81.37 80.75 81.12 81.44 81.88 85.83 84.34 86.11 84.20 85.04 84.32 83.63 83.22 85.91 86.50 86.95 86.45 83.77 84.12 85.11 86.97 86.91 85.42 85.55 85.63 85.68 86.20 85.94 86.46 86.13 86.22 86.41 86.74 87.06 87.93 86.96 86.95 87.88 88.06 87.75 87.05 87.12 87.61 87.33 87.29 87.23 87.20 87.12 87.04 87.05 87.11 87.06 87.01 86.98 87.02 86.82 86.84 86.90 86.87 86.85 86.67 86.72 86.22 85.51 85.67 85.81 86.05 85.83 85.74 85.68 85.78 85.64 86.09 86.14 86.02 85.43 85.28 85.33 85.12 85.30 85.08 85.56 85.30 85.57 85.37 85.38 85.59 85.43 85.87 85.61 86.04 86.09 85.99 85.56 85.66 85.23 85.60 85.76 85.99 85.94 86.03 86.13 86.05 86.23 86.54 86.58 86.44 86.44 86.81 86.65 86.38 86.23 85.79 85.45 86.06 86.02 85.95 86.34 87.24 86.97 88.22 87.31 87.16 87.03 87.03 87.23 87.23 87.41 87.42 87.37 87.37 87.42 87.48 87.43 87.57 87.56 87.55 87.60 87.63 87.45 87.32 87.22
-3°N ||     87.23 87.21 87.31 87.33 87.26 87.81 87.82 87.67 87.39 87.51 87.09 86.85 87.23 87.54 87.49 87.57 87.05 86.73 87.08 86.91 86.75 86.41 86.31 85.88 85.36 84.87 84.39 83.54 82.88 81.62 80.65 80.46 80.16 80.12 80.91 81.36 81.70 81.88 81.94 81.53 81.34 81.93 82.31 83.18 83.47 83.53 84.13 84.17 84.01 83.71 83.48 83.28 83.76 85.46 85.12 84.27 84.83 85.29 85.58 87.36 85.42 85.99 85.96 86.09 86.22 86.30 86.86 86.51 86.60 86.79 86.90 86.98 88.60 87.15 87.10 87.67 87.45 87.53 87.20 87.23 87.31 87.31 87.58 87.34 87.21 87.16 87.20 87.12 87.11 87.09 87.06 87.01 86.97 86.94 86.89 86.86 86.63 86.86 86.85 86.87 86.40 85.97 85.83 85.96 86.16 85.81 85.92 86.06 86.01 86.01 86.19 86.18 85.96 85.73 85.59 85.21 84.95 85.95 85.75 85.61 85.53 85.62 85.48 85.76 85.36 85.65 85.45 86.00 86.05 86.21 85.89 86.00 85.93 85.82 86.13 86.56 85.85 86.34 86.26 86.07 86.25 86.30 86.74 86.74 86.51 86.89 86.80 86.55 86.35 86.16 85.73 85.91 85.83 85.99 86.15 86.70 87.25 87.24 87.28 87.11 87.30 87.25 87.23 87.20 87.28 87.44 87.35 87.23 87.58 87.60 87.57 87.66 87.70 87.74 87.73 87.74 87.68 87.57 87.38 87.35
-1°N ||     87.39 87.35 87.38 87.49 87.56 87.85 87.86 87.66 87.52 87.23 87.04 86.78 87.28 87.51 87.76 87.32 87.09 87.21 87.16 86.94 86.86 86.72 86.55 86.24 85.82 85.17 84.61 83.95 83.30 82.59 81.58 81.01 79.61 78.07 81.14 81.59 81.86 82.14 82.32 82.37 82.42 83.25 83.60 83.90 84.15 84.67 84.95 85.15 85.38 85.52 84.85 86.08 87.56 84.29 84.41 84.68 85.42 85.70 85.78 86.55 86.03 86.22 86.22 86.22 86.38 86.45 86.44 86.92 86.95 86.94 87.64 87.02 88.30 88.43 87.29 87.29 87.22 87.24 87.27 87.43 87.79 87.57 87.51 87.25 87.27 87.25 87.19 87.12 87.08 87.06 87.08 87.12 87.02 86.99 86.91 86.87 86.57 86.85 86.84 86.86 86.43 86.30 86.17 86.02 86.17 86.13 86.09 86.21 86.25 86.29 86.38 86.36 85.88 85.69 85.67 85.39 85.14 85.99 85.83 85.80 85.82 85.50 85.56 85.40 85.71 85.77 85.92 86.03 86.42 86.34 86.10 85.65 86.08 86.16 86.56 86.56 86.41 86.86 86.31 86.20 86.34 86.45 86.79 86.81 86.84 86.92 86.86 86.29 86.49 86.19 86.09 86.17 86.60 86.64 86.83 87.23 87.38 87.48 87.38 87.35 87.56 87.46 87.30 87.29 87.46 87.38 87.22 87.38 87.55 87.64 87.67 87.69 87.70 87.76 87.78 87.76 87.62 87.64 87.51 87.42
1°N ||     87.45 87.39 87.49 87.72 87.63 87.75 87.88 88.09 87.57 87.32 87.08 87.09 87.47 87.78 87.79 87.53 87.37 87.29 86.92 87.10 86.95 86.95 86.59 86.10 85.68 85.54 84.97 84.15 83.39 83.12 82.71 82.18 80.02 77.30 78.31 81.90 82.05 82.19 82.52 82.86 83.27 83.59 83.83 84.14 84.52 84.99 85.28 85.59 86.03 86.26 85.16 84.24 84.07 84.45 84.74 85.28 85.66 86.00 86.06 86.35 86.17 86.35 86.73 86.34 86.43 86.52 86.43 87.20 86.76 86.91 87.08 88.24 89.14 89.04 87.15 87.22 87.23 87.27 87.16 87.83 87.16 87.75 87.34 87.22 87.42 87.31 87.21 87.12 87.16 87.08 87.07 87.10 87.04 87.03 87.01 86.90 86.86 86.68 86.70 86.58 86.56 86.60 86.45 86.51 86.24 86.08 86.11 86.47 86.37 86.35 86.32 86.05 86.13 86.04 85.73 85.57 85.84 85.83 85.59 85.93 85.77 85.65 85.73 85.76 85.76 85.85 86.00 86.19 86.23 86.38 86.65 86.54 86.81 86.79 86.80 86.80 86.64 86.62 86.73 86.57 86.81 86.85 86.97 86.96 86.99 86.84 86.52 86.49 86.53 86.33 86.50 86.73 87.09 87.18 87.20 87.25 87.40 87.50 87.45 87.55 87.46 87.46 87.40 87.52 87.49 87.41 87.31 87.51 87.59 87.63 87.68 87.72 87.72 87.75 87.76 87.77 87.78 87.72 87.65 87.57
3°N ||     87.81 87.72 87.77 87.86 87.97 88.01 87.97 87.89 87.79 87.32 87.24 87.27 87.85 87.96 87.92 87.73 87.57 87.12 87.05 87.21 87.13 86.81 86.46 85.96 85.42 86.01 85.41 83.61 83.42 83.52 83.39 83.52 83.05 79.73 81.24 82.21 81.97 82.08 82.59 83.06 83.48 83.71 83.91 83.90 84.91 85.30 85.73 85.99 86.24 86.63 86.67 85.69 85.18 85.38 85.71 85.99 86.16 86.24 86.30 86.50 86.43 86.37 86.17 86.77 86.84 86.63 86.71 86.93 86.97 87.08 87.13 87.20 88.55 88.71 88.27 87.89 87.91 87.69 87.57 87.50 87.27 87.20 87.36 87.27 87.23 87.40 87.18 87.09 87.13 87.12 87.16 87.11 87.08 87.04 87.00 86.92 86.90 86.78 86.85 86.76 86.75 86.75 86.74 86.61 86.61 86.23 86.42 86.66 86.85 86.31 86.42 86.23 85.95 85.92 85.81 86.13 85.98 85.97 85.73 85.96 85.83 85.72 85.70 85.82 85.84 85.91 86.10 86.22 86.40 86.48 86.94 87.12 87.28 87.39 87.63 87.31 86.90 86.84 86.76 86.90 86.92 87.00 87.05 86.99 86.96 86.73 86.70 86.62 86.53 86.34 86.84 87.24 87.20 87.13 87.16 87.38 87.45 87.52 87.55 87.62 87.44 87.60 87.53 87.58 87.55 87.45 87.49 87.57 87.61 87.63 87.65 87.71 87.74 87.74 87.74 87.77 87.79 87.81 87.83 87.84
5°N ||     87.81 87.91 88.17 87.92 88.07 88.08 88.02 87.99 87.89 87.57 87.45 87.40 88.00 88.11 88.10 87.97 87.39 87.05 87.35 87.28 87.06 86.58 86.17 85.85 86.06 86.15 85.96 84.90 83.54 83.45 83.66 84.06 84.30 84.01 83.16 82.55 81.80 81.61 82.72 83.33 83.73 83.96 84.08 83.86 85.10 85.78 86.08 86.28 86.53 86.85 86.97 86.06 86.05 86.27 86.41 86.51 86.50 86.53 86.56 86.66 86.81 86.57 86.33 86.43 86.61 86.85 86.96 87.01 87.03 87.16 87.34 88.39 87.35 88.00 88.66 88.21 87.68 87.33 87.26 87.29 87.20 87.30 87.22 87.27 87.43 87.26 87.23 87.12 87.15 87.12 87.10 87.10 87.00 86.99 86.97 86.96 86.94 86.95 86.88 86.78 86.76 86.76 86.71 86.75 86.70 86.68 86.71 86.66 86.70 86.22 86.34 85.78 85.93 85.84 85.98 85.87 85.90 86.01 85.95 85.95 85.85 85.76 85.68 85.73 86.16 85.98 86.10 86.31 86.53 86.79 87.14 88.56 88.71 88.71 88.65 88.42 88.00 87.19 87.08 87.05 87.03 87.12 87.07 86.97 86.99 86.80 86.71 86.72 86.43 86.49 87.23 87.19 87.26 87.28 87.33 87.35 87.49 87.54 87.61 87.62 87.58 87.55 87.60 87.59 87.60 87.59 87.59 87.57 87.62 87.62 87.62 87.67 87.71 87.72 87.74 87.78 87.81 87.82 87.85 87.88
7°N ||     87.88 87.94 87.99 88.01 88.08 88.11 88.10 88.08 88.01 87.80 87.55 87.84 88.14 88.21 88.23 88.02 87.33 87.57 87.50 87.30 86.94 86.65 86.71 86.55 86.44 86.40 86.15 85.52 83.16 83.31 83.66 84.43 84.70 84.47 83.88 83.00 80.86 80.85 83.20 83.68 83.98 84.16 84.29 84.55 85.59 85.92 86.16 86.41 86.62 86.83 86.99 87.01 86.49 86.48 86.48 86.50 86.60 86.68 86.76 86.82 86.84 86.74 86.46 86.73 86.92 86.97 87.07 87.11 87.14 87.24 87.41 88.47 88.85 88.39 88.65 87.37 87.33 87.28 87.59 87.75 87.55 87.27 87.30 87.37 87.26 87.17 87.18 87.11 87.15 87.08 87.11 87.09 87.07 87.11 86.97 86.93 86.89 86.96 86.85 86.71 86.71 86.74 86.79 86.71 86.69 86.79 86.54 86.87 86.71 86.74 86.44 86.18 86.12 85.72 85.82 85.90 85.82 85.96 85.97 85.99 85.83 85.88 85.71 86.12 86.39 85.93 86.12 86.38 86.79 87.21 88.50 88.87 88.80 88.77 88.75 88.65 88.60 88.13 87.21 87.19 87.22 87.15 87.03 87.06 86.81 86.63 86.71 86.88 86.75 86.73 87.18 87.31 87.35 87.41 87.54 87.44 87.58 87.63 87.58 87.63 87.66 87.58 87.60 87.59 87.62 87.61 87.58 87.58 87.57 87.58 87.59 87.57 87.67 87.72 87.70 87.79 87.84 87.87 87.89 87.92
9°N ||     87.96 88.08 87.88 87.94 88.13 88.12 88.13 88.10 88.18 87.90 87.67 88.11 88.28 88.32 88.27 87.85 87.59 87.83 87.48 87.15 87.09 86.98 86.93 86.85 86.73 86.55 86.34 85.63 83.70 83.61 84.16 84.96 84.95 85.13 84.74 83.45 80.24 78.40 82.51 83.98 84.15 84.38 84.61 84.97 85.53 85.93 86.22 86.47 86.64 86.85 86.99 87.02 86.94 86.63 86.59 86.60 86.67 86.76 86.82 86.90 86.97 86.92 86.83 86.86 86.94 87.10 87.25 87.27 87.31 87.64 88.46 88.51 88.34 88.79 87.56 87.52 87.58 87.50 87.77 87.33 87.33 87.29 87.27 87.31 87.37 87.26 87.22 87.28 87.21 87.23 87.13 87.10 87.05 87.08 87.02 87.12 86.96 86.90 86.87 86.88 86.85 86.66 86.52 86.47 86.75 86.84 86.86 86.63 86.59 86.49 86.45 86.45 86.34 86.45 86.23 86.03 85.93 85.96 85.96 85.73 85.91 85.85 85.62 86.56 86.02 85.93 86.23 86.55 86.95 87.65 88.68 88.92 88.92 88.88 88.81 88.75 88.68 88.48 87.95 87.49 87.33 87.43 87.03 86.93 86.92 86.88 87.04 87.12 87.06 87.07 87.27 87.42 87.65 87.42 87.58 87.68 87.60 87.58 87.52 87.54 87.98 87.48 87.46 87.50 87.57 87.61 87.52 87.54 87.48 87.53 87.53 87.65 87.67 87.73 87.68 87.80 87.85 87.89 87.93 87.93
11°N ||     88.04 88.03 88.03 88.02 88.21 88.21 88.26 88.23 88.36 88.27 88.15 88.40 88.43 88.39 88.33 88.27 87.89 87.90 87.48 87.24 87.16 87.09 86.98 86.86 86.71 86.57 86.26 85.61 84.94 85.22 85.17 85.17 85.20 85.22 85.33 85.21 80.88 74.90 76.65 83.98 84.32 84.56 84.84 85.18 85.54 85.98 86.33 86.53 86.73 86.85 86.97 87.04 87.02 86.74 86.69 86.68 86.75 86.83 86.87 86.93 86.99 86.88 86.83 87.01 87.12 87.22 87.42 87.57 87.76 87.61 88.85 88.62 87.56 88.85 88.46 87.51 88.38 87.41 87.33 87.48 87.31 87.28 87.23 87.20 87.26 87.29 87.40 87.28 87.27 87.27 87.14 87.12 87.12 87.12 87.18 87.02 87.12 86.90 86.94 86.96 86.91 86.88 86.72 86.50 86.83 86.79 87.12 86.75 86.95 86.45 86.59 86.56 86.53 86.64 86.44 86.08 85.93 86.12 86.27 85.88 86.03 85.96 85.79 85.70 85.85 86.18 86.43 86.73 87.13 87.93 88.94 88.98 89.01 88.91 88.78 88.77 88.65 88.57 88.19 87.64 87.47 87.06 87.15 87.09 87.00 87.17 87.29 87.37 87.37 87.40 87.49 87.63 87.81 87.84 87.70 87.76 87.67 87.67 87.50 87.44 87.37 87.30 87.32 87.34 87.39 87.42 87.43 87.43 87.45 87.75 87.26 87.53 87.65 87.65 87.66 87.86 87.89 87.88 87.58 87.93
13°N ||     87.96 88.11 87.75 87.79 88.22 88.19 88.31 88.37 88.41 88.45 88.50 88.55 88.53 88.50 88.45 88.31 88.17 87.86 87.22 87.26 87.19 87.05 86.95 86.87 86.68 86.48 86.28 86.01 85.40 85.41 85.31 85.31 85.32 85.42 85.59 85.73 85.07 77.06 78.40 83.16 84.15 84.79 85.13 85.37 82.50 86.18 86.44 86.61 86.77 86.85 86.99 87.03 87.04 86.78 86.75 86.78 86.84 86.89 86.93 86.96 86.98 87.01 87.08 87.02 87.19 87.52 87.71 87.92 88.02 88.69 88.79 88.65 87.97 87.85 87.64 88.34 87.73 87.58 87.33 87.21 87.20 87.30 87.23 87.27 87.26 87.26 88.56 87.27 87.78 87.22 87.13 87.14 87.15 87.23 87.22 87.01 87.02 87.04 87.08 87.09 87.06 86.86 86.79 86.83 86.88 86.94 86.87 86.97 87.13 86.73 86.73 86.87 86.67 86.62 86.54 86.42 86.26 86.34 86.43 86.39 86.28 86.06 86.00 86.03 86.10 86.27 86.55 86.89 87.27 88.03 88.96 88.98 88.95 88.88 88.79 88.76 88.70 88.62 88.34 87.83 87.61 87.30 87.32 87.36 87.35 87.41 87.39 87.65 87.53 87.75 87.83 87.90 88.07 88.17 88.19 87.96 87.88 87.65 87.42 87.24 87.10 87.03 87.13 87.13 87.21 87.27 87.30 87.38 87.36 87.38 87.40 87.32 87.67 87.63 87.72 87.75 87.88 87.89 87.35 87.77
15°N ||     88.02 88.15 88.17 88.36 88.31 88.22 88.40 88.52 88.54 88.59 88.64 88.72 88.69 88.64 88.62 88.44 87.90 87.53 87.29 87.28 86.99 84.79 80.36 79.76 82.23 86.40 86.19 86.12 85.94 85.56 85.50 85.40 85.43 85.51 85.60 85.70 85.73 84.65 82.71 83.10 84.36 84.97 85.35 85.58 85.94 86.38 86.52 86.67 86.78 86.85 86.96 87.03 87.06 86.82 86.83 86.82 86.87 86.93 86.97 86.98 87.01 87.01 86.98 87.12 87.54 87.80 88.00 88.15 88.18 88.63 88.89 88.73 88.35 88.07 88.41 87.96 87.95 87.62 87.48 87.42 87.64 87.30 87.09 88.03 87.31 87.27 87.29 87.26 87.26 87.27 87.63 87.31 87.18 87.15 87.20 87.08 87.10 87.13 87.15 87.19 87.14 87.12 86.94 86.90 86.94 86.95 86.88 87.16 87.05 86.63 86.77 86.79 86.82 86.84 86.60 86.56 86.42 86.33 86.39 86.40 86.27 86.34 86.23 86.27 86.34 86.47 86.67 87.03 87.48 88.91 88.94 88.85 88.95 88.87 88.79 88.75 88.68 88.63 88.41 87.99 87.75 87.65 87.53 87.50 87.48 87.51 87.58 87.70 87.95 88.02 88.13 88.23 88.23 88.30 88.32 88.26 87.97 87.61 87.30 87.11 86.98 86.90 86.79 86.89 86.97 87.15 87.22 87.28 87.29 87.33 87.36 87.38 87.49 87.61 87.66 87.76 87.78 87.97 87.56 88.62
17°N ||     88.13 88.26 88.30 88.41 87.95 88.40 88.44 88.52 88.66 88.69 88.75 88.80 88.82 88.79 88.82 88.11 87.71 87.65 87.39 87.41 86.68 79.39 75.30 73.98 77.18 84.22 86.15 86.14 86.32 85.97 85.74 85.52 85.47 85.54 85.62 85.72 85.75 85.58 84.60 84.49 84.95 85.17 85.42 85.66 86.00 86.40 86.59 86.73 86.81 86.88 86.93 87.06 87.04 86.73 86.76 86.89 86.91 86.95 86.97 87.00 87.02 87.07 87.15 87.41 87.61 88.05 88.25 88.46 88.71 88.77 88.58 88.75 88.65 88.43 88.51 88.16 87.77 87.82 87.70 87.42 87.34 87.20 87.42 87.85 87.26 87.29 87.30 88.36 87.32 87.46 87.29 87.28 87.18 87.14 87.18 87.23 87.19 87.20 87.20 87.26 87.25 87.19 87.05 87.01 87.11 87.10 87.10 87.08 86.85 86.74 86.83 86.85 86.77 86.70 86.67 86.62 86.48 86.08 86.33 86.41 86.44 86.43 86.40 86.45 86.49 86.59 86.95 87.09 87.56 88.74 88.90 88.92 88.88 88.82 88.79 88.78 88.71 88.57 88.44 88.24 88.03 88.10 87.94 87.94 87.91 88.08 88.11 88.19 88.29 88.37 88.43 88.42 88.43 88.51 88.46 88.43 88.20 87.60 87.31 87.02 86.85 86.66 86.50 86.50 86.70 87.05 87.17 87.20 87.20 87.25 87.32 87.41 87.50 87.60 87.59 87.73 88.03 88.01 87.91 88.21
19°N ||     88.15 88.31 88.43 88.48 88.52 88.43 88.47 88.59 88.73 88.78 88.84 88.91 88.92 88.92 88.93 88.23 87.77 87.53 87.18 87.31 86.93 79.48 75.37 74.40 76.67 84.50 86.37 86.46 86.50 86.41 86.01 85.63 85.42 85.37 85.40 85.64 85.78 85.77 85.38 85.24 85.33 85.39 85.48 85.65 85.89 86.28 86.64 86.76 86.86 86.89 86.93 87.08 86.98 87.01 86.74 86.83 86.91 86.94 86.99 87.00 87.07 87.07 87.25 87.60 88.00 88.30 88.65 88.75 88.95 88.95 89.05 88.92 88.87 88.74 88.64 88.15 88.02 88.05 88.39 87.50 87.38 87.31 87.45 87.39 88.31 87.24 87.28 87.19 87.29 87.31 87.32 87.32 87.54 87.24 87.23 87.27 87.24 87.24 87.23 87.26 87.26 87.14 87.74 87.13 87.20 87.02 86.94 87.07 86.94 86.91 86.84 86.79 86.68 86.65 86.67 86.79 86.39 86.50 86.38 86.58 86.68 86.78 86.46 86.49 86.54 86.66 86.90 86.82 87.29 87.92 88.54 88.85 88.79 88.77 88.75 88.69 88.68 88.63 88.54 88.46 88.45 88.44 88.57 88.46 88.48 88.46 88.57 88.59 88.61 88.67 88.72 88.66 88.77 88.71 88.68 88.52 88.30 87.61 87.19 86.92 86.57 86.30 86.22 86.39 86.42 85.76 87.05 87.12 87.16 87.21 87.29 87.40 87.50 87.61 87.66 87.90 87.63 88.14 88.08 88.22
21°N ||     88.56 88.45 88.42 88.62 88.73 88.72 88.69 88.77 88.89 88.91 88.98 89.00 89.02 89.01 89.00 88.23 87.78 87.27 87.18 87.37 87.20 81.57 79.15 78.18 80.15 86.05 86.67 86.67 86.62 86.47 86.19 85.79 85.40 85.19 85.04 84.96 85.73 85.76 85.63 85.51 85.49 85.51 85.56 85.67 85.89 86.26 86.67 86.75 86.81 86.88 86.88 87.00 87.09 87.16 86.79 86.83 86.86 86.92 86.94 87.01 87.06 87.09 87.38 87.66 88.06 88.79 88.88 88.95 89.06 89.08 89.08 89.03 88.86 88.88 88.76 88.40 88.29 88.33 87.91 87.52 87.58 87.84 87.48 87.38 87.24 87.48 87.60 87.29 87.32 87.36 87.31 87.31 87.26 87.24 87.33 87.29 87.25 87.27 87.27 87.26 87.31 87.16 87.08 87.22 87.04 87.09 87.21 86.77 86.95 87.09 86.77 86.66 86.66 86.70 86.70 86.80 86.57 86.58 85.97 86.72 86.76 86.74 86.33 86.44 86.61 86.65 86.88 86.79 87.00 87.23 87.79 87.99 88.40 88.51 88.50 88.67 88.66 88.66 88.66 88.64 88.68 88.78 88.78 88.80 88.83 88.81 88.88 88.92 88.92 88.86 88.91 88.87 88.89 88.79 88.82 88.81 88.59 87.71 87.15 86.75 86.22 86.07 86.00 85.97 86.31 86.68 86.94 87.03 87.11 87.20 87.31 87.40 87.49 87.58 87.79 87.85 87.66 88.21 88.22 88.33
23°N ||     88.54 88.59 88.64 88.74 88.79 88.87 88.92 89.00 89.04 89.04 89.08 89.07 89.07 89.05 89.04 88.29 87.59 87.21 87.34 87.49 87.50 86.06 84.25 83.76 86.36 86.98 86.82 86.77 86.69 86.41 86.12 85.81 85.48 85.09 84.86 84.79 85.50 85.77 85.71 85.51 85.51 85.32 85.57 85.71 85.74 86.38 86.54 86.67 86.73 86.81 86.86 86.91 87.00 87.12 87.01 86.89 87.20 87.79 87.60 87.18 87.10 87.01 87.41 87.69 88.15 88.78 89.01 89.08 89.17 89.21 89.14 89.20 88.89 89.13 89.00 88.72 88.65 88.67 88.56 87.96 87.58 87.34 87.24 87.35 87.28 87.38 87.36 87.35 87.34 87.27 87.37 87.41 87.35 87.30 87.40 87.42 87.54 87.19 87.36 87.34 87.27 87.18 87.10 87.18 87.19 87.16 87.16 87.06 86.93 87.01 86.89 86.75 86.75 86.66 86.65 86.68 86.75 86.57 86.11 86.68 86.75 86.64 87.06 86.91 86.60 86.57 86.73 86.84 86.89 87.08 87.24 87.41 87.65 87.94 88.28 88.55 88.66 88.73 88.81 88.84 88.86 89.03 88.94 89.08 89.14 89.19 89.24 89.19 89.32 89.23 89.24 89.18 89.14 89.14 89.16 89.04 88.95 87.89 87.13 86.69 86.31 86.01 85.86 84.40 85.20 86.34 86.81 86.99 87.12 87.20 87.31 87.42 87.56 87.72 87.95 87.81 88.12 88.22 87.97 88.48
25°N ||     88.65 88.69 88.66 88.86 88.98 88.98 89.05 89.06 89.07 89.11 89.13 89.11 89.10 89.09 89.08 88.38 87.47 87.30 87.34 87.26 87.52 87.44 87.41 87.40 87.22 87.04 86.72 86.83 86.59 86.30 85.96 85.71 85.34 85.00 84.80 84.34 84.40 85.68 85.75 85.49 85.58 85.51 85.61 84.91 85.97 86.40 86.60 86.66 86.70 86.74 86.66 86.83 86.84 87.18 86.84 86.87 86.90 86.88 87.26 88.09 88.29 87.26 87.61 88.40 88.77 89.08 89.17 89.19 89.25 89.30 89.28 89.24 89.18 89.09 88.82 88.92 88.89 88.96 89.08 88.35 88.01 87.46 87.38 87.52 87.63 87.40 87.44 87.40 87.41 87.30 87.37 87.51 87.39 87.40 87.41 87.78 87.46 87.37 87.31 87.36 87.17 87.18 87.24 87.19 87.14 87.30 87.24 87.04 87.13 87.08 86.91 87.00 86.97 86.94 87.10 86.72 86.82 86.38 86.53 86.21 86.47 86.42 86.43 86.59 86.61 86.68 86.63 86.58 86.92 86.82 87.18 87.49 87.46 87.71 88.34 88.65 88.76 88.95 89.01 89.07 89.17 89.23 89.30 89.41 89.53 89.63 89.70 89.72 89.71 89.63 89.55 89.50 89.51 89.43 89.35 89.25 89.08 88.85 87.35 86.88 86.26 85.97 84.46 77.95 84.17 86.25 86.83 87.02 87.12 87.22 87.42 87.40 87.62 87.80 88.10 88.14 88.27 88.25 88.48 88.55
27°N ||     88.82 88.88 88.91 88.88 89.08 88.99 89.16 89.19 89.18 89.17 89.17 89.16 89.13 89.11 89.10 88.58 87.58 87.31 87.35 87.32 87.29 87.34 87.08 87.16 87.18 87.08 86.98 86.67 86.44 86.20 85.85 85.57 85.27 84.93 84.34 84.27 84.57 85.81 85.96 85.65 85.78 85.77 85.80 84.90 85.68 86.38 86.55 86.62 86.65 86.57 86.45 86.52 86.86 87.01 87.14 87.26 87.22 87.39 87.47 88.12 87.75 87.19 88.74 88.91 89.05 89.13 89.13 89.22 89.33 89.36 89.15 89.30 89.30 89.21 88.97 89.24 89.04 89.11 89.19 89.15 88.32 88.03 87.81 87.69 87.73 87.51 87.41 87.37 87.41 87.42 87.47 87.47 87.42 87.39 87.46 87.37 87.53 87.45 87.26 87.17 87.60 87.14 87.24 87.24 87.01 87.41 86.87 87.08 87.13 87.03 87.02 87.06 87.04 87.00 86.96 87.02 86.96 87.19 86.79 86.63 86.76 87.04 86.58 86.73 86.75 86.45 86.28 86.73 87.00 86.86 87.21 87.33 87.59 88.17 88.62 88.86 89.08 89.09 89.19 89.30 89.38 89.54 89.63 89.82 89.98 90.01 90.07 90.01 90.00 89.91 89.84 89.84 89.71 89.58 89.43 89.32 89.16 88.95 88.17 86.98 86.50 86.09 85.44 84.80 85.45 86.67 86.98 87.10 87.17 87.27 87.31 87.60 87.78 87.96 88.20 88.37 88.37 88.44 88.58 88.73
29°N ||     89.01 89.05 89.11 89.16 89.23 89.22 89.26 89.28 89.28 89.24 89.24 89.24 89.20 89.03 89.16 89.10 88.39 87.49 87.26 87.28 87.28 87.32 87.07 87.03 87.26 87.14 86.82 86.60 86.37 86.08 85.78 85.48 85.26 84.90 83.79 84.16 85.07 85.82 85.92 85.77 86.00 86.04 86.01 86.09 86.24 86.39 86.56 86.64 86.63 86.39 86.45 86.60 86.62 87.02 87.05 87.11 87.12 87.34 87.41 87.68 87.63 88.04 88.60 88.34 88.02 88.94 89.05 89.19 89.34 89.41 89.34 89.44 89.40 89.44 89.40 89.35 89.24 89.29 89.35 89.38 89.33 88.49 88.20 87.96 88.05 87.60 87.47 89.74 87.49 87.44 87.52 87.71 87.49 87.59 87.39 87.40 87.48 87.48 87.29 87.29 87.21 87.32 87.23 87.26 87.13 87.07 86.94 87.02 87.05 86.94 87.04 87.02 87.13 87.27 87.24 87.23 87.05 86.82 86.77 86.74 86.86 86.72 86.64 86.71 86.54 86.79 87.18 87.31 87.28 87.40 87.48 87.76 88.35 88.56 88.80 89.10 89.18 89.31 89.47 89.63 89.77 89.91 90.11 90.24 90.31 90.44 90.39 90.22 90.31 90.17 90.11 89.98 89.84 89.67 89.56 89.48 89.33 89.18 88.65 87.37 86.97 86.66 86.31 86.27 86.60 87.02 87.12 87.17 87.22 87.30 87.59 87.72 87.99 88.22 88.44 88.61 88.64 88.67 88.86 88.95
31°N ||     89.25 89.19 89.29 89.30 89.31 89.31 89.33 89.38 89.38 89.34 89.31 89.31 89.30 89.26 89.23 89.19 88.76 88.14 87.82 87.75 87.53 87.45 87.27 87.24 87.35 86.88 86.73 86.55 86.24 86.01 85.72 85.62 85.18 84.93 84.48 84.53 85.08 85.85 85.89 85.89 86.05 86.14 86.25 86.26 86.35 86.44 86.55 86.66 86.60 86.23 86.59 86.66 86.70 86.82 86.88 86.95 87.05 87.09 87.19 87.56 87.48 87.92 88.16 88.39 88.73 88.77 89.02 89.14 89.19 89.42 89.46 89.46 89.53 89.60 89.55 89.68 89.40 89.46 89.53 89.44 89.41 89.27 88.77 89.07 88.45 88.11 87.64 87.44 87.62 87.67 87.72 87.58 87.48 87.47 87.85 87.56 87.41 87.30 87.26 87.39 87.20 87.22 87.30 87.29 87.18 87.15 86.99 87.00 87.06 86.99 86.97 86.95 87.13 87.22 87.18 87.18 86.99 86.83 86.92 86.93 86.90 87.17 86.76 86.68 86.90 86.82 87.03 87.39 87.33 87.49 87.75 88.28 88.44 88.78 88.98 89.17 89.35 89.55 89.82 89.99 90.11 90.28 90.63 90.49 90.62 90.70 90.65 90.57 90.50 90.38 90.20 90.11 90.19 89.84 89.82 89.69 89.55 89.41 89.02 88.48 87.43 87.19 87.09 87.07 86.94 86.73 87.25 87.25 87.30 87.37 87.22 88.95 88.34 87.60 88.75 88.34 88.91 88.95 88.99 89.18
33°N ||     89.43 88.85 89.33 89.33 89.41 89.39 89.40 89.44 89.40 89.41 89.39 89.41 89.39 89.35 89.38 89.34 89.27 88.85 88.10 87.41 87.50 87.48 87.54 87.45 87.04 86.80 86.66 86.47 86.30 85.85 85.59 85.35 84.97 84.62 84.33 84.43 84.98 85.73 85.99 86.06 86.17 86.28 86.33 86.38 86.30 86.43 86.42 86.32 86.30 86.39 86.59 86.72 86.75 86.71 86.85 87.00 87.07 87.11 87.09 87.13 87.11 87.12 87.40 88.37 88.37 89.01 89.15 89.20 89.26 89.42 89.55 89.74 89.75 89.75 89.70 89.84 89.77 89.78 89.76 89.54 89.69 89.65 89.39 89.00 88.66 88.23 87.84 87.61 87.93 87.73 87.69 87.38 87.58 87.57 87.62 87.41 87.48 87.30 87.43 87.52 87.16 87.14 87.25 87.09 87.44 87.03 87.07 86.96 87.06 86.86 86.76 86.87 87.05 87.12 87.07 86.96 86.95 87.02 86.93 87.14 87.10 87.16 87.12 86.88 87.00 87.22 87.25 87.43 87.59 88.01 88.18 88.53 88.72 88.94 89.14 89.35 89.59 89.89 90.09 90.22 90.43 90.54 90.67 90.77 90.96 90.77 90.71 90.68 90.61 90.30 90.40 90.31 90.18 89.99 89.81 89.95 89.88 89.71 89.54 89.37 89.08 88.72 88.53 88.08 87.85 87.31 87.65 87.44 87.40 87.51 87.58 88.30 88.66 88.77 88.96 89.06 89.12 89.24 89.32 89.40
35°N ||     89.58 89.49 89.49 89.44 89.47 89.45 89.47 89.46 89.45 89.47 89.48 89.47 89.45 89.41 89.45 89.37 89.41 89.30 88.79 87.04 87.33 87.48 87.37 87.11 86.69 86.79 86.65 86.45 86.14 85.70 85.26 84.72 84.18 83.91 83.72 83.66 84.08 84.71 85.68 86.16 86.31 86.36 86.41 86.39 85.89 86.07 86.49 86.59 86.42 86.34 86.58 86.51 86.41 86.52 86.77 87.00 87.09 87.14 87.15 87.18 87.19 87.16 87.36 88.35 88.91 89.08 89.19 89.20 89.33 89.46 89.52 89.81 89.72 89.86 89.90 90.01 89.98 90.09 89.97 89.85 89.80 89.72 89.74 89.00 88.76 88.37 88.24 88.08 87.87 87.98 87.46 87.49 87.53 87.87 88.02 87.38 87.53 87.36 87.46 87.34 87.38 87.30 87.27 87.23 87.21 87.08 87.01 87.25 86.99 86.78 87.08 86.83 86.86 86.82 86.76 86.73 86.86 86.94 86.99 87.22 87.25 87.21 87.56 87.41 87.33 87.60 87.51 87.62 87.91 88.16 88.45 88.73 88.86 89.10 89.26 89.55 89.78 90.08 90.30 90.49 90.57 90.68 90.90 91.03 91.11 91.07 90.94 90.91 90.71 90.67 90.52 90.16 90.33 90.15 90.11 90.07 89.96 89.83 89.81 89.67 89.57 89.34 89.26 89.19 88.94 88.79 88.42 87.90 87.68 87.74 87.77 88.18 88.25 88.92 89.04 89.13 89.26 89.45 89.56 89.60
37°N ||     89.72 89.55 89.56 89.46 89.55 89.51 89.55 89.54 89.50 89.51 89.52 89.52 89.50 89.45 89.41 89.37 89.33 89.24 89.18 87.37 87.36 87.30 87.17 87.02 86.78 86.81 86.66 86.46 86.18 85.45 84.49 83.75 82.99 82.52 82.51 82.90 83.29 83.41 84.40 85.56 86.24 86.47 86.50 86.49 86.42 86.31 86.40 86.49 86.57 86.75 86.39 86.30 86.20 86.06 86.47 86.84 87.07 87.12 87.14 87.13 87.18 87.14 87.58 88.49 88.91 89.08 89.19 89.28 89.35 89.56 89.61 89.76 89.82 90.01 90.05 90.18 90.30 90.26 90.24 90.09 90.13 90.05 89.93 89.86 89.57 89.37 89.29 89.06 88.65 89.08 87.87 87.69 87.50 87.47 87.67 87.49 87.69 87.91 87.39 87.80 87.43 87.61 87.35 87.89 87.42 87.44 87.21 87.10 87.03 86.89 86.83 86.78 86.78 86.67 86.67 86.67 86.77 87.03 87.59 87.41 87.33 87.21 87.30 87.24 87.52 87.64 87.70 87.76 88.21 88.39 88.65 88.92 89.07 89.21 89.53 89.78 89.92 90.22 90.41 90.68 90.80 90.99 91.15 91.19 91.24 91.28 91.21 91.06 91.02 90.84 90.75 90.66 90.57 90.39 90.53 90.46 90.22 89.99 89.99 89.79 89.61 89.51 89.25 89.15 88.89 88.81 88.53 88.24 88.04 88.02 87.95 88.30 88.19 89.07 89.13 89.24 89.47 89.51 89.62 89.64
39°N ||     89.66 89.62 89.64 89.56 89.19 89.58 89.59 89.35 89.57 89.55 89.52 89.52 89.45 89.43 89.39 89.34 89.33 89.36 89.15 88.62 87.21 87.14 87.33 87.05 87.04 86.85 86.74 86.57 86.05 84.88 83.60 82.43 81.67 81.56 81.19 81.47 82.78 83.02 83.48 84.71 85.96 86.49 86.58 86.56 86.37 86.44 86.32 85.64 86.44 86.47 86.45 86.32 86.06 85.82 86.12 86.59 86.93 87.04 87.10 87.09 87.27 87.30 87.32 87.99 88.94 89.17 89.22 89.27 89.45 89.59 89.77 89.92 89.94 90.16 90.28 90.35 90.40 90.45 90.46 90.57 90.25 90.25 90.19 90.13 89.95 89.44 89.60 89.33 88.88 88.80 88.58 88.06 88.04 87.95 87.88 87.60 87.47 87.44 87.88 87.70 87.90 88.83 87.87 87.34 87.98 87.28 87.22 87.20 87.12 87.14 87.00 86.81 87.25 86.73 86.75 86.93 86.84 86.95 87.54 87.53 87.55 87.53 87.56 87.70 87.74 87.84 87.96 88.21 88.34 88.62 88.83 89.07 89.14 89.45 89.65 89.92 90.11 90.28 90.59 90.66 91.09 91.26 91.32 91.33 91.33 91.37 91.27 91.24 91.13 91.21 90.97 90.92 90.74 90.69 90.62 90.56 90.44 90.14 89.82 89.88 89.67 89.55 89.35 89.15 88.90 88.88 88.69 88.53 88.44 88.31 88.20 87.82 87.28 89.14 89.20 89.24 89.46 89.61 89.67 89.62
41°N ||     89.65 89.67 89.69 89.67 89.63 89.61 89.56 89.59 89.56 89.54 89.54 89.55 89.49 89.51 89.39 89.42 89.34 89.08 88.95 88.61 88.03 87.61 87.35 87.23 87.09 86.97 86.88 86.61 85.98 84.63 83.15 82.21 81.87 81.79 80.98 81.41 82.55 83.15 83.76 85.02 86.09 86.54 86.59 86.57 86.05 86.49 86.36 86.08 86.31 86.22 86.23 86.11 86.10 86.20 86.37 86.50 86.80 87.02 87.03 87.01 87.15 87.30 87.31 87.83 88.74 89.26 89.34 89.25 89.52 89.69 89.81 90.02 90.13 90.26 90.41 90.53 90.58 90.62 90.63 90.60 90.56 90.52 90.41 90.62 90.57 90.10 89.83 89.73 89.40 89.43 88.79 89.29 88.90 88.54 88.65 88.04 87.77 88.33 87.55 88.03 89.00 89.00 88.91 87.60 87.83 87.20 87.18 87.31 87.33 87.23 87.13 87.24 88.29 87.52 87.08 87.20 87.75 87.09 87.64 87.52 87.59 87.58 87.92 87.98 88.13 88.03 88.25 88.30 88.60 88.88 89.00 89.08 89.29 89.50 89.85 90.07 90.31 90.43 90.83 90.99 91.12 91.35 91.38 91.38 91.38 91.33 91.37 91.33 91.28 91.16 91.07 91.11 91.08 90.93 90.78 90.62 90.47 90.37 90.17 89.98 89.75 89.52 89.39 89.20 88.96 88.96 88.87 88.75 88.74 88.50 87.61 87.93 87.66 88.98 89.18 89.35 89.40 89.60 89.59 89.69
43°N ||     89.65 89.72 89.72 89.68 89.64 89.63 89.60 89.58 89.57 89.58 89.55 89.62 89.56 89.57 89.44 89.40 89.26 89.08 88.74 88.26 87.88 87.59 87.39 87.27 87.16 87.08 86.95 86.81 86.38 85.50 84.19 83.06 82.51 82.34 82.22 82.38 83.01 83.43 85.26 86.25 86.65 86.75 86.66 86.64 86.64 86.28 86.49 85.95 86.23 86.26 86.18 86.28 85.76 86.21 86.61 86.53 86.65 86.92 87.04 87.20 87.18 87.20 87.32 87.85 88.70 89.32 89.51 89.56 89.67 89.81 90.05 90.16 90.39 90.47 90.87 90.60 90.72 90.64 90.74 90.74 90.69 90.67 90.49 90.52 90.58 90.26 90.15 89.82 89.73 89.76 89.59 89.47 89.45 89.25 88.94 88.45 88.23 88.05 88.69 88.85 89.10 88.96 88.24 88.81 88.22 88.75 88.51 88.72 87.18 87.14 87.07 87.70 87.15 87.02 87.85 87.91 87.73 87.60 87.67 87.80 87.85 87.86 88.35 88.71 88.29 88.28 88.35 88.70 88.91 89.00 88.94 89.26 89.30 89.59 89.88 90.21 90.41 90.47 90.81 91.05 91.24 91.35 91.30 91.14 91.38 91.32 91.28 91.18 91.34 91.03 91.08 91.05 90.96 90.90 90.91 90.73 90.55 90.48 90.08 89.98 89.74 89.52 89.25 89.17 89.07 88.98 88.84 88.91 88.88 88.61 88.21 87.90 87.45 88.88 89.32 89.33 89.55 89.59 89.67 89.74
45°N ||     89.79 89.78 89.72 89.72 89.70 89.67 89.64 89.59 89.57 89.62 89.61 89.55 89.53 89.48 89.45 89.30 89.11 88.85 88.51 88.17 87.81 87.56 87.41 87.32 87.26 87.19 87.10 86.99 86.76 86.31 85.84 85.43 85.27 83.69 82.97 82.78 83.49 84.98 85.92 86.52 86.75 86.84 86.83 86.88 86.94 87.00 87.02 86.89 86.43 86.12 85.73 86.11 86.60 86.55 86.54 86.69 87.04 86.96 87.04 87.22 87.31 87.50 87.73 88.16 88.73 89.40 89.47 89.69 89.84 90.00 90.10 90.38 90.49 90.62 90.60 90.82 90.80 90.81 90.93 90.93 90.73 90.80 90.72 90.68 90.58 90.48 90.20 90.28 90.14 89.86 89.80 89.93 89.61 89.45 89.41 89.30 88.84 88.58 89.06 89.04 88.54 88.19 87.92 88.87 88.22 88.75 88.81 88.84 88.24 87.68 87.36 87.85 87.63 87.50 87.92 87.66 87.48 87.85 87.91 88.03 87.98 88.25 88.38 88.58 88.58 88.69 88.74 88.78 88.98 89.07 89.20 89.23 89.54 89.69 90.11 90.32 90.54 90.76 90.86 91.05 91.20 91.36 91.36 91.38 91.35 91.23 91.28 91.31 91.27 91.24 91.11 91.19 91.11 90.82 90.92 90.86 90.66 90.40 89.99 89.82 89.70 89.39 89.22 89.14 89.11 89.06 89.04 89.04 89.02 88.92 88.75 88.35 87.71 89.05 89.07 89.18 89.44 89.70 89.70 89.78
47°N ||     89.78 89.76 89.75 89.68 89.67 89.67 89.63 89.64 89.56 89.67 89.63 89.58 89.57 89.46 89.30 89.24 88.94 88.72 88.44 88.16 87.81 87.65 87.51 87.44 87.37 87.30 87.21 87.17 87.08 86.95 86.81 86.75 86.76 86.73 86.08 85.92 86.41 86.62 86.66 86.70 86.80 86.85 86.83 86.87 86.95 87.03 87.03 87.00 86.31 86.12 86.48 86.72 87.04 86.88 86.94 87.18 87.06 87.68 87.05 87.18 87.35 87.62 88.13 88.75 89.21 89.49 89.65 89.75 90.05 90.12 90.34 90.48 90.55 90.67 90.72 90.68 90.56 90.36 90.90 90.91 90.85 90.92 90.80 90.77 90.65 90.59 90.56 90.48 90.34 90.20 90.07 90.01 89.95 89.84 89.53 89.58 89.36 89.22 89.22 89.27 89.11 89.01 89.26 88.93 88.59 88.87 88.44 88.47 88.76 88.24 87.83 88.12 88.17 88.33 88.37 87.59 87.92 88.06 88.16 88.37 88.38 88.49 88.71 88.56 88.82 88.84 88.85 88.90 89.05 89.13 89.36 89.44 89.65 89.83 90.60 90.65 90.55 90.69 90.87 91.02 91.18 91.33 91.34 91.29 91.30 91.27 91.24 91.24 91.12 91.27 91.22 91.18 91.02 91.01 91.01 90.77 90.54 90.28 90.08 89.14 89.32 89.59 89.35 89.31 89.23 89.17 89.18 89.10 89.13 89.09 89.03 88.82 88.90 88.99 89.11 89.38 89.43 89.62 89.68 89.79
49°N ||     89.79 89.76 89.75 89.68 89.73 89.71 89.69 89.68 89.63 89.63 89.66 89.56 89.53 89.37 89.22 89.06 88.81 88.64 88.44 88.19 87.95 87.84 87.68 87.55 87.42 87.36 87.32 87.27 87.23 87.19 87.14 87.10 87.06 87.03 86.98 87.01 87.03 87.02 86.92 86.85 86.84 86.90 86.89 86.77 86.85 86.93 86.94 86.93 87.17 86.50 87.75 88.07 88.29 87.80 87.71 87.18 87.20 87.21 87.86 87.24 87.59 88.02 88.65 89.10 89.22 89.63 89.84 90.04 90.08 90.38 90.39 90.50 90.64 90.66 90.70 90.72 90.78 90.90 90.96 90.95 90.96 90.88 90.86 90.80 90.77 90.68 90.67 90.48 90.42 90.35 90.26 90.12 89.91 89.81 89.70 89.72 89.54 89.57 89.56 89.48 89.16 89.34 88.96 89.07 92.03 89.54 88.53 88.96 88.81 88.46 88.31 88.46 88.37 88.32 88.10 88.49 88.41 88.51 88.60 88.53 88.56 88.64 88.80 88.78 88.78 88.88 88.84 88.97 89.07 89.21 89.42 89.59 89.79 90.01 90.46 90.58 90.51 90.74 90.75 90.97 91.09 91.19 91.26 91.26 91.22 91.24 91.21 91.21 91.14 91.00 91.21 91.08 90.93 90.83 90.83 90.55 90.41 90.16 90.06 89.20 89.03 89.63 89.45 89.39 89.37 89.31 89.33 89.28 89.17 89.24 89.14 89.16 88.56 88.87 89.48 89.42 89.41 89.70 89.87 89.72
51°N ||     89.77 89.78 89.72 89.73 89.74 89.76 89.64 89.62 89.66 89.63 89.57 89.46 89.38 89.27 89.12 88.94 88.73 88.50 88.35 88.17 87.84 87.88 87.74 87.57 87.51 87.45 87.39 87.35 87.30 87.28 87.23 87.19 87.14 87.12 87.13 87.14 87.10 87.08 87.00 86.93 86.90 86.91 86.93 86.96 86.91 87.00 87.11 87.24 87.60 87.85 88.07 88.26 88.51 88.65 88.67 88.13 87.33 87.26 87.39 87.90 88.22 88.71 89.04 89.52 89.54 89.75 89.92 90.13 90.30 90.40 90.57 90.69 90.76 90.76 90.83 90.87 90.89 90.76 91.12 91.22 90.93 90.91 90.97 90.61 90.83 90.73 90.57 90.53 90.59 90.44 90.40 90.29 90.15 90.03 89.92 89.84 89.74 89.50 89.72 89.54 89.52 89.49 88.96 91.17 91.80 89.30 88.21 88.95 88.86 88.69 88.70 88.66 88.65 88.71 88.84 88.67 88.73 88.69 88.79 88.82 88.78 88.85 88.79 88.81 88.88 88.89 88.85 89.00 89.09 89.20 89.34 89.57 89.81 89.99 90.23 90.26 90.55 90.64 90.83 90.93 91.03 91.11 91.24 91.20 91.24 91.22 91.12 91.21 91.18 91.10 91.07 90.93 90.92 90.67 90.38 90.45 90.31 90.14 90.02 89.92 89.76 89.68 89.59 89.47 89.44 89.45 89.35 89.39 89.30 89.27 89.23 89.27 89.14 89.42 89.43 89.31 89.44 89.68 89.84 89.83
53°N ||     89.73 89.69 89.76 89.77 89.75 89.73 89.68 89.61 89.58 89.46 89.50 89.43 89.28 89.16 88.99 88.74 88.42 88.45 88.38 88.22 88.09 88.00 87.84 87.74 87.62 87.54 87.47 87.41 87.38 87.33 87.29 87.27 87.23 87.22 87.23 87.22 87.21 87.16 87.09 87.03 86.99 86.98 87.01 87.04 87.11 87.21 87.28 87.42 87.64 87.97 88.25 88.42 88.56 88.70 88.80 88.90 87.91 88.22 87.67 88.64 89.30 89.46 89.60 89.68 89.81 89.97 90.22 90.34 90.46 90.53 90.74 90.80 90.82 90.86 90.92 90.99 91.00 90.94 91.04 90.99 90.89 90.98 90.91 90.96 90.85 91.01 90.92 90.68 90.65 90.46 90.48 90.38 90.24 90.18 90.00 89.88 89.92 90.18 89.74 89.71 89.49 89.49 89.33 89.17 88.78 88.81 88.78 89.08 88.92 89.00 88.90 88.91 88.81 88.91 88.89 88.86 88.95 89.04 88.90 89.00 88.91 88.87 88.76 88.83 88.87 88.82 88.81 88.97 89.05 89.13 89.37 89.57 89.74 89.91 89.89 90.14 90.29 90.50 90.54 90.65 90.69 90.82 90.84 90.97 91.02 91.04 90.96 90.98 90.83 90.84 90.86 90.85 90.62 90.42 90.34 90.18 90.25 90.10 90.00 89.88 89.78 89.66 89.59 89.54 89.50 89.45 89.48 89.45 89.16 89.27 89.20 89.34 89.30 89.30 89.36 89.53 89.70 89.70 89.79 89.81
55°N ||     89.82 89.79 89.71 89.61 89.65 89.49 89.55 89.58 89.52 89.47 89.45 89.32 89.26 89.10 89.05 88.77 90.63 88.32 88.43 88.34 88.23 88.10 88.01 87.96 87.79 87.67 87.58 87.49 87.43 87.40 87.36 87.36 87.33 87.34 87.32 87.34 87.29 87.27 87.23 87.18 87.12 87.12 87.09 87.11 87.17 87.27 87.41 88.27 88.14 88.40 88.50 88.53 88.89 88.73 88.87 89.04 89.17 89.23 89.47 89.60 89.72 89.83 90.04 90.13 90.27 90.39 90.43 90.55 90.61 90.70 90.83 90.88 90.90 90.97 91.01 90.94 90.98 90.98 91.03 91.14 90.89 90.93 90.98 90.91 91.03 90.87 90.71 90.70 90.54 90.56 90.50 90.46 90.34 90.21 90.00 89.98 89.96 89.93 89.84 89.73 89.66 89.57 89.42 89.42 89.37 89.21 89.12 89.13 89.14 89.06 89.06 89.06 89.00 89.10 89.01 89.12 89.23 89.19 89.17 89.12 88.96 88.92 88.85 88.82 88.74 88.77 88.95 89.05 89.06 89.13 89.31 89.49 89.63 89.66 89.83 90.01 90.14 90.27 90.29 90.37 90.44 90.52 90.56 90.67 90.71 90.65 90.68 90.69 90.41 90.45 90.56 90.43 90.40 90.23 90.13 90.22 89.96 90.07 90.00 89.74 89.65 89.63 89.58 89.59 89.47 89.49 89.43 89.33 89.28 89.35 89.37 89.17 89.23 89.21 89.41 89.58 89.67 89.78 89.85 89.88
57°N ||     89.78 89.77 89.73 89.68 89.71 89.60 89.51 89.47 89.46 89.48 89.34 89.24 89.25 89.10 88.99 88.95 88.50 88.57 88.44 88.43 88.34 88.27 88.15 88.05 87.98 87.88 87.75 87.64 87.64 87.54 87.51 87.48 87.46 87.47 87.45 87.46 87.44 87.41 87.39 87.29 87.27 87.23 87.22 87.23 87.28 87.41 87.62 87.85 88.22 88.37 88.51 88.59 88.68 88.81 88.97 89.13 89.29 89.48 89.65 89.79 90.07 90.16 90.23 90.30 90.40 90.44 90.54 90.63 90.69 90.81 90.82 91.31 90.98 90.98 90.99 91.04 91.02 90.96 90.98 90.96 90.93 91.08 90.84 90.87 90.24 91.66 90.70 90.63 90.61 90.51 90.54 90.38 90.30 90.24 90.19 90.05 90.04 89.92 89.85 89.66 89.66 89.60 89.44 89.29 89.23 89.24 89.22 89.12 89.26 89.19 89.14 89.23 89.31 89.30 89.29 89.34 89.40 89.33 89.24 89.07 89.00 89.01 88.96 88.87 88.87 88.90 88.85 88.95 89.04 89.09 89.26 89.33 89.49 89.50 89.58 89.72 89.92 90.00 90.04 89.99 90.19 90.13 90.28 90.41 90.42 90.37 90.34 90.38 90.34 90.24 90.32 90.25 90.27 90.25 90.08 90.13 90.00 90.04 89.98 89.80 89.70 89.72 89.59 89.54 89.50 89.41 89.41 89.36 89.21 89.33 89.31 89.23 89.45 89.34 89.36 89.52 89.68 89.67 89.73 89.75
59°N ||     89.66 89.70 89.68 89.54 89.64 89.62 89.38 89.53 89.53 89.54 89.46 89.37 89.26 89.19 89.05 88.88 88.92 88.78 88.69 88.60 88.51 88.41 88.28 88.18 88.18 88.13 88.09 88.00 87.93 87.86 87.82 87.73 87.69 87.72 87.80 87.72 87.71 87.72 87.59 87.48 87.44 87.42 87.42 87.52 87.60 87.84 88.00 88.17 88.38 88.50 88.60 88.77 88.83 88.95 89.11 89.23 89.40 89.57 89.73 89.96 90.23 90.08 90.42 90.48 90.50 90.56 90.66 90.73 90.76 90.74 90.86 90.84 90.88 90.96 90.97 90.98 90.91 91.01 91.06 91.02 90.91 90.88 90.90 90.82 90.79 90.77 90.73 90.70 90.63 90.47 90.36 90.41 90.27 90.27 90.02 90.10 90.07 89.98 89.79 89.73 89.63 89.59 89.55 89.49 89.48 89.42 89.26 89.26 89.29 89.34 89.42 89.46 89.45 89.45 89.35 89.44 89.43 89.44 89.24 89.17 89.13 89.07 88.93 88.95 88.87 88.88 88.83 88.91 88.99 89.02 89.15 89.13 89.35 89.52 89.47 89.33 89.59 89.66 89.63 89.82 89.93 89.77 89.95 90.06 90.05 89.97 90.05 90.03 90.04 90.04 90.03 90.08 90.06 89.99 89.98 90.03 89.99 89.87 89.87 89.76 89.81 89.67 89.61 89.51 89.46 89.38 89.21 89.23 89.20 89.27 89.32 89.33 89.40 89.39 89.43 89.49 89.58 89.71 89.53 89.64
61°N ||     89.58 89.60 89.58 89.60 89.58 89.64 89.53 89.47 89.53 89.39 89.34 89.35 89.28 89.18 89.08 89.01 88.92 88.85 88.78 88.67 88.58 88.55 88.49 88.43 88.35 88.33 88.26 88.21 88.17 88.16 88.15 88.11 88.14 88.14 88.10 88.07 88.05 88.07 88.03 88.40 87.97 87.95 87.95 88.00 88.04 88.11 88.20 88.33 88.53 88.65 88.69 88.93 89.08 89.20 89.31 89.47 89.61 89.75 89.89 89.99 90.19 90.39 90.46 90.53 90.62 91.07 90.53 90.77 90.80 90.80 90.90 90.75 90.85 91.00 91.06 91.02 90.98 91.00 90.89 90.94 90.87 90.88 90.83 90.85 90.76 90.73 90.64 90.59 90.50 90.43 90.34 90.30 90.28 90.17 90.17 90.16 89.98 89.89 89.86 89.73 89.69 89.62 89.51 89.50 89.47 89.50 89.35 89.44 89.42 89.50 89.48 89.51 89.54 89.53 89.43 89.51 89.44 89.44 89.38 89.19 89.27 89.23 88.86 89.00 88.96 88.91 88.83 88.79 88.85 88.96 88.96 89.01 89.09 88.66 89.11 89.31 89.35 89.31 89.49 89.57 89.64 89.45 89.71 89.77 89.78 89.63 89.73 89.71 89.79 89.83 89.78 89.84 89.78 89.72 89.81 89.82 89.75 89.72 89.74 89.66 89.60 89.63 89.54 89.50 89.46 89.24 89.36 89.32 89.21 89.28 89.24 89.33 89.38 89.35 89.46 89.47 89.42 89.56 89.54 89.45
63°N ||     89.62 89.48 89.47 90.36 89.52 89.57 89.57 89.55 89.51 89.49 89.44 89.32 89.31 89.21 89.17 89.14 89.05 89.00 88.86 88.72 88.51 88.70 88.65 88.60 88.56 88.54 88.48 88.49 88.49 88.43 88.42 88.37 88.35 88.31 88.27 88.24 88.22 88.25 88.24 88.22 88.20 88.24 88.25 88.30 88.38 88.43 88.52 88.57 88.72 88.85 89.03 89.15 89.30 89.46 89.64 89.72 89.82 89.94 90.08 90.11 90.22 90.37 90.51 90.62 90.61 90.64 90.80 90.77 90.75 90.74 90.81 90.75 90.83 90.82 90.85 90.91 90.86 90.78 90.77 90.82 90.80 90.79 90.69 90.63 90.58 90.32 90.39 90.35 90.34 90.31 90.29 90.20 90.09 90.04 90.10 89.82 89.78 89.81 89.76 89.69 89.67 89.59 89.52 89.53 89.54 89.51 89.50 89.52 89.51 89.48 89.55 89.52 89.59 89.53 89.51 89.48 89.46 89.37 89.45 89.37 89.28 89.24 89.23 89.12 89.05 88.99 88.90 88.86 88.84 88.84 88.85 88.92 88.98 88.99 89.06 89.17 89.22 89.21 89.31 89.16 89.40 89.21 89.43 89.51 89.39 89.54 89.53 89.53 89.58 89.58 89.54 89.56 89.66 89.66 89.65 89.60 89.61 89.55 89.60 89.61 89.56 89.50 89.53 89.49 89.34 89.40 89.40 89.41 89.19 89.27 89.29 89.32 89.23 89.38 89.46 89.50 89.47 89.52 89.54 89.56
65°N ||     89.52 89.65 89.53 89.63 89.62 89.58 89.55 89.58 89.34 89.45 89.39 89.39 89.41 89.37 89.55 89.20 89.16 89.11 88.98 89.06 89.01 88.90 88.88 88.85 88.81 88.79 88.67 88.72 88.69 88.67 88.61 88.57 88.55 88.51 88.46 88.40 88.40 88.41 88.37 88.35 88.36 88.41 88.47 88.53 88.62 88.71 88.77 88.87 88.95 89.06 89.17 89.19 89.44 89.65 89.81 89.97 90.12 90.29 90.34 90.37 90.39 90.52 90.57 90.54 90.67 90.70 90.71 90.62 90.67 90.73 90.61 90.63 90.73 90.73 90.73 90.76 90.75 90.68 90.70 90.68 90.71 90.63 90.57 90.26 91.38 93.29 89.63 90.15 90.25 90.16 90.21 90.06 90.09 89.92 89.91 89.84 89.76 89.74 89.74 89.70 89.61 89.61 89.57 89.45 89.55 89.44 89.42 89.48 89.47 89.45 89.53 89.53 89.58 89.50 89.37 89.40 89.52 89.40 89.37 89.44 89.40 89.32 89.30 89.11 89.10 88.93 88.97 88.89 88.87 88.75 88.84 88.82 88.82 88.85 88.94 88.91 88.99 89.02 88.95 89.07 89.15 89.13 89.22 89.24 89.17 89.31 89.30 89.33 89.30 89.33 89.38 89.39 89.40 89.44 89.26 89.46 89.43 89.51 89.48 89.48 89.38 89.37 89.48 89.46 89.35 89.47 89.46 89.27 89.39 89.30 89.43 89.41 89.37 89.39 89.39 89.47 89.36 89.38 89.55 89.25
67°N ||     89.59 89.58 89.64 89.60 89.57 89.69 89.63 89.57 89.62 89.57 89.41 89.46 89.51 89.38 89.41 89.35 89.34 89.30 89.28 89.27 89.10 89.16 89.03 88.97 88.97 88.85 88.96 88.93 88.84 88.81 88.79 88.70 88.72 88.63 88.90 88.54 88.53 88.52 88.49 88.51 88.54 88.59 88.69 88.72 88.79 88.89 89.00 89.13 89.22 89.34 89.48 89.64 89.78 89.95 90.12 90.28 90.45 90.56 90.68 90.79 90.82 90.79 90.69 90.63 90.63 90.62 90.57 90.61 90.66 90.61 90.64 90.63 90.59 90.65 90.64 90.60 90.57 90.45 90.63 90.58 90.55 90.49 90.33 90.28 90.27 90.13 90.10 90.13 90.09 90.13 90.04 89.96 89.96 89.86 89.83 89.74 89.71 89.67 89.63 89.53 89.47 89.53 89.50 89.39 89.42 89.42 89.44 89.39 89.35 89.25 89.32 89.46 89.52 89.46 89.43 89.45 89.34 89.41 89.40 89.39 89.34 89.24 89.28 89.22 89.14 89.09 89.08 88.94 88.86 88.84 88.78 88.71 88.72 88.72 88.64 88.80 88.81 88.84 88.57 88.90 88.96 89.03 89.05 89.00 89.04 89.05 88.89 89.14 89.13 89.16 89.13 89.25 89.23 89.27 89.30 89.29 89.30 89.32 89.33 89.39 89.24 89.26 89.26 89.33 89.31 89.31 89.42 89.42 89.43 89.37 89.43 89.38 89.47 89.46 89.34 89.39 89.41 89.55 89.52 89.56
69°N ||     89.42 89.62 89.63 89.58 89.61 89.63 89.60 89.65 89.52 89.69 89.58 89.57 89.54 89.57 89.41 89.33 89.33 89.45 89.48 89.38 89.40 89.38 89.35 89.31 89.19 89.17 88.84 89.12 89.11 88.95 89.08 88.89 88.92 88.81 88.71 88.65 88.68 88.67 88.68 88.69 88.70 88.81 88.88 88.96 89.04 89.14 89.34 89.50 89.67 89.79 89.87 89.95 90.00 90.12 90.20 90.33 90.41 90.44 90.54 90.57 90.56 90.58 90.55 90.53 90.48 90.51 90.52 90.53 90.47 90.53 90.54 90.50 90.57 90.54 90.40 90.48 90.47 90.39 90.40 90.37 90.30 90.27 90.30 90.22 90.09 90.12 89.97 89.94 89.91 89.87 89.88 89.82 89.73 89.72 89.73 89.55 89.59 89.59 89.54 89.52 89.50 89.50 89.47 89.37 89.39 89.47 89.43 89.39 89.39 89.43 89.21 89.26 89.38 89.37 89.42 89.38 89.32 89.36 89.35 89.25 89.20 89.24 89.21 89.20 89.08 89.05 89.04 89.01 88.96 88.91 88.86 88.77 88.75 88.69 88.63 88.57 88.62 88.72 88.79 88.76 88.79 88.79 88.83 88.83 88.84 88.85 88.88 88.93 88.93 88.91 88.99 88.93 89.00 89.07 89.14 89.18 89.14 89.20 89.36 89.29 89.24 89.23 89.23 89.31 89.31 89.36 89.38 89.44 89.41 89.36 89.35 89.44 89.47 89.51 89.63 89.57 89.52 89.56 89.51 89.47
71°N ||     89.58 89.66 89.72 89.62 89.57 89.65 90.05 89.52 89.63 89.65 89.52 89.58 89.61 89.56 89.66 89.69 89.67 89.60 89.74 89.49 89.39 89.53 89.53 89.47 89.38 89.33 89.26 89.17 89.22 89.08 89.12 89.14 89.16 89.00 89.10 89.11 88.99 88.99 89.01 89.03 88.97 89.13 89.19 89.23 89.34 89.41 89.51 89.67 89.75 89.87 89.96 90.02 90.02 89.99 90.06 90.08 90.11 90.15 90.19 90.18 90.14 90.20 90.20 90.24 90.38 90.29 90.30 90.34 90.44 90.35 90.39 90.34 90.33 90.38 90.30 90.23 90.25 90.28 90.24 90.17 90.12 90.12 90.08 90.01 89.94 89.92 89.87 89.86 89.82 89.72 89.62 89.55 89.61 89.63 89.54 89.54 89.49 89.48 89.46 89.41 89.35 89.30 89.28 89.26 89.33 89.36 89.35 89.29 89.32 89.31 89.38 89.31 89.29 89.30 89.24 89.30 89.23 89.21 89.12 89.21 89.08 89.16 89.14 89.03 89.04 89.03 89.01 89.01 88.95 88.88 88.84 88.85 88.80 88.77 88.69 88.70 88.64 88.60 88.57 88.54 88.48 88.47 88.51 88.55 88.60 88.64 88.71 88.73 88.82 88.80 88.87 88.86 88.85 88.88 88.96 88.93 89.06 89.13 89.17 89.20 89.22 89.14 89.26 89.28 89.29 89.36 89.34 89.37 89.25 89.41 89.41 89.38 89.31 89.44 89.48 89.52 89.61 89.46 89.56 89.53
73°N ||     89.65 89.72 89.73 89.67 89.61 89.76 89.79 89.74 89.74 89.80 89.88 89.77 89.79 89.68 89.93 89.75 89.72 89.69 89.62 89.62 89.67 89.41 89.42 89.50 89.40 89.52 89.41 89.80 89.58 89.48 89.55 89.39 89.32 89.27 89.17 89.25 89.16 89.20 89.23 89.33 89.38 89.44 89.47 89.51 89.59 89.64 89.68 89.72 89.77 89.83 89.91 90.04 89.98 89.98 89.97 89.95 89.90 89.88 89.82 89.87 89.91 89.95 89.98 89.97 90.01 90.08 90.11 90.07 90.06 90.10 90.18 90.24 90.22 90.11 90.18 90.19 90.21 90.12 90.05 89.95 89.97 89.92 89.87 89.82 89.85 89.83 89.78 89.73 89.67 89.68 89.60 89.43 89.44 89.45 89.44 89.32 89.35 89.35 89.31 89.34 89.29 89.29 89.26 89.14 89.23 89.25 89.19 89.16 89.16 89.12 89.19 89.20 89.25 89.24 89.20 89.25 89.27 89.19 89.10 89.04 89.09 89.16 89.13 89.03 89.01 88.98 88.93 88.97 88.87 88.86 88.82 88.78 88.80 88.74 88.76 88.71 88.67 88.63 88.61 88.62 88.64 88.66 88.68 88.68 88.70 88.72 88.74 88.75 88.79 88.81 88.78 88.84 88.84 88.87 88.87 88.87 88.98 89.03 89.06 89.04 89.16 89.15 89.10 89.20 89.28 89.33 89.26 89.34 89.42 89.46 88.99 90.42 89.18 88.25 89.42 89.50 89.63 89.60 89.44 89.56
75°N ||     89.58 89.70 89.63 89.69 89.70 89.83 89.66 89.76 89.79 89.78 89.84 89.75 89.78 89.89 89.78 89.85 89.84 89.63 89.73 89.78 89.71 89.83 89.88 89.97 89.79 89.59 89.63 89.63 89.37 89.46 89.48 89.42 89.56 89.61 89.68 89.49 89.43 89.45 89.34 89.48 89.46 89.50 89.61 89.59 89.58 89.52 89.61 89.66 89.69 89.80 89.85 89.85 89.84 89.85 89.86 89.98 89.82 89.80 89.82 89.83 89.91 89.95 89.99 89.98 89.98 89.94 89.91 89.93 89.97 89.88 90.00 90.00 90.00 90.01 89.98 90.02 89.95 89.95 89.85 89.88 89.80 89.80 89.73 89.89 89.69 89.62 89.57 89.51 89.51 89.52 89.45 89.43 89.40 89.34 89.35 89.33 89.42 89.24 89.20 89.18 89.17 89.17 89.16 89.12 89.14 89.16 89.17 89.14 89.09 89.16 89.13 89.10 89.16 89.16 89.15 89.13 89.10 89.13 89.05 89.05 89.04 89.02 88.96 89.06 89.06 89.02 88.92 88.90 88.90 88.81 88.88 88.85 88.85 88.81 88.73 88.76 88.72 88.71 88.70 88.69 88.67 88.73 88.73 88.62 88.68 88.72 88.76 88.77 88.72 88.72 88.75 88.80 88.82 88.83 88.86 88.86 88.89 88.97 89.00 89.05 89.05 89.12 89.12 89.20 89.22 89.21 89.22 89.26 89.31 89.36 89.37 89.43 89.37 89.61 89.63 89.66 89.67 89.67 89.62 89.54
77°N ||     89.75 89.62 89.36 89.24 89.40 89.70 89.60 89.19 89.22 89.66 89.77 89.77 89.81 89.77 89.76 89.57 89.28 89.33 89.21 89.56 89.34 89.46 89.91 90.22 89.75 89.56 89.54 89.68 89.61 89.59 89.58 89.58 89.63 89.53 89.20 89.51 89.40 89.49 89.45 89.41 89.58 89.54 89.45 89.45 89.54 89.62 89.65 89.68 89.72 89.74 89.75 89.79 89.64 89.84 89.86 89.90 89.92 89.91 89.91 89.90 89.93 89.24 89.26 89.66 89.80 89.77 89.76 89.79 89.71 89.71 89.77 89.79 89.79 89.80 89.75 89.77 89.74 89.76 89.80 89.78 89.73 89.62 89.61 89.59 89.58 89.52 89.40 89.38 89.47 89.42 89.44 89.40 89.32 89.23 89.22 89.26 89.27 89.25 89.21 89.18 89.16 89.17 89.13 89.21 89.13 89.12 89.12 89.11 89.11 89.11 89.11 89.10 89.06 89.01 89.01 89.01 89.06 88.99 89.00 88.91 88.95 88.98 89.00 89.01 89.00 89.01 88.97 88.95 88.91 88.86 88.89 88.84 88.80 88.73 88.48 88.67 88.76 88.76 88.78 88.76 88.71 88.72 88.72 88.71 88.71 88.69 88.74 88.70 88.72 88.67 88.73 88.78 88.76 88.80 88.84 88.86 88.89 88.90 88.87 88.93 88.96 89.02 89.10 89.15 89.17 89.17 89.22 89.30 89.31 89.27 89.35 89.29 89.34 89.42 89.39 89.61 89.72 89.69 89.61 89.69
79°N ||     89.40 89.27 89.27 89.38 89.40 89.36 89.31 89.31 89.35 89.33 89.35 89.19 89.44 89.39 89.43 89.52 89.51 89.56 89.56 89.50 89.48 89.59 89.57 89.60 89.65 89.69 89.61 89.37 89.44 89.33 89.38 89.42 89.46 89.46 89.42 89.48 89.44 89.53 89.51 89.50 89.51 89.54 89.53 89.48 89.42 89.44 89.47 89.51 89.54 89.61 89.68 89.64 89.67 89.70 89.74 89.75 89.70 89.75 89.82 89.81 89.85 89.88 89.86 89.88 89.82 89.82 89.89 89.83 89.73 89.68 89.62 89.59 89.51 89.54 89.56 89.40 89.36 89.40 89.51 89.53 89.42 89.48 89.33 88.87 89.14 89.46 88.40 88.59 89.20 88.04 88.41 88.90 88.62 88.27 88.78 88.13 88.27 88.86 88.63 88.33 88.45 88.52 88.64 88.99 89.04 88.97 89.02 89.04 89.06 89.04 89.04 89.04 89.03 89.02 88.98 89.00 88.98 88.98 88.96 88.77 89.29 88.75 88.92 88.89 88.87 88.91 88.88 88.85 88.86 88.86 88.86 88.87 88.84 88.85 88.84 88.84 88.85 88.85 88.80 88.81 88.78 88.74 88.68 88.70 88.70 88.62 88.54 88.55 88.60 88.65 88.67 88.64 88.72 88.76 88.76 88.83 88.80 88.86 88.84 88.85 88.89 88.95 88.98 89.06 89.07 89.13 89.10 89.09 89.13 89.26 89.25 89.28 89.29 89.34 89.36 89.31 89.30 89.45 89.45 89.43
81°N ||     88.50 88.51 88.54 88.59 88.54 88.54 88.57 88.56 88.57 88.59 88.61 88.64 88.66 88.68 88.72 88.74 88.75 88.77 88.77 88.80 88.81 88.83 88.86 88.90 88.93 88.99 89.07 89.17 89.17 89.24 89.32 89.23 89.24 89.41 88.93 88.93 88.75 88.99 88.44 88.56 88.77 88.86 89.27 89.27 89.29 89.36 89.43 89.39 89.21 89.16 88.67 88.63 88.46 88.65 89.11 88.77 88.74 88.71 88.70 88.79 89.34 89.15 89.22 89.22 89.30 89.36 89.45 89.11 88.95 88.69 88.70 88.74 88.30 88.52 88.35 88.09 87.92 88.08 87.90 87.73 87.71 87.50 87.54 87.45 87.45 87.51 87.38 87.37 87.38 87.34 87.37 87.44 87.31 87.31 87.47 87.34 87.36 87.27 87.27 87.29 87.47 87.49 87.49 87.48 87.56 87.63 87.39 88.03 88.04 88.60 88.56 88.04 88.25 88.82 88.52 88.60 88.36 88.48 88.71 88.20 88.25 88.17 88.25 88.28 88.50 88.82 88.36 88.44 88.44 88.43 88.49 88.46 88.46 88.49 88.51 88.52 88.60 88.69 88.78 88.78 88.78 88.77 88.77 88.74 88.76 88.70 88.71 88.73 88.74 88.80 88.79 88.82 88.82 88.84 88.83 88.82 88.82 88.85 88.86 88.82 88.83 88.84 88.87 88.87 88.87 88.86 88.84 88.82 88.81 88.73 88.65 88.67 88.66 88.65 88.64 88.60 88.55 88.51 88.51 88.50
83°N ||     88.14 88.14 88.15 88.15 88.15 88.14 88.15 88.16 88.17 88.19 88.21 88.24 88.25 88.28 88.29 88.33 88.37 88.37 88.44 88.44 88.47 88.48 88.48 88.48 88.47 88.42 88.55 88.52 88.49 87.98 87.89 87.72 87.92 88.01 87.75 87.91 87.68 87.70 87.73 87.66 87.55 87.66 87.50 87.43 87.43 87.51 87.50 87.47 87.53 87.58 87.67 87.78 87.97 88.04 87.72 87.80 87.65 87.55 87.55 87.66 87.57 88.10 88.03 88.71 88.87 89.04 89.18 89.28 89.26 88.95 88.71 88.40 88.15 87.98 87.91 87.75 87.67 87.58 87.53 87.50 87.48 87.44 87.42 87.40 87.37 87.35 87.33 87.31 87.30 87.30 87.31 87.30 87.30 87.29 87.27 87.26 87.25 87.24 87.24 87.23 87.22 87.21 87.20 87.20 87.19 87.18 87.18 87.18 87.18 87.23 87.30 87.39 87.37 87.40 87.32 87.39 87.53 87.57 87.47 87.40 87.38 87.39 87.54 87.43 87.46 87.40 87.46 87.48 87.43 87.46 87.38 87.40 87.46 87.56 87.52 87.52 87.56 87.44 87.49 87.50 87.59 87.85 87.90 87.99 88.33 88.29 88.55 88.71 88.74 88.71 88.67 88.66 88.65 88.66 88.70 88.72 88.70 88.69 88.62 88.59 88.57 88.56 88.53 88.50 88.47 88.44 88.41 88.38 88.37 88.35 88.32 88.31 88.28 88.26 88.25 88.23 88.20 88.17 88.15 88.15
85°N ||     88.32 88.20 88.30 88.43 88.50 88.71 87.77 87.67 87.87 88.00 87.52 87.74 87.62 87.52 87.71 87.81 87.36 87.28 87.27 87.27 87.28 87.37 87.67 87.46 87.52 87.60 87.78 87.65 87.64 87.76 87.77 87.21 87.24 87.39 87.25 87.21 87.20 87.20 87.21 87.22 87.21 87.26 87.23 87.20 87.21 87.19 87.17 87.17 87.17 87.22 87.22 87.21 87.23 87.31 87.31 87.26 87.27 87.28 87.31 87.34 87.36 87.32 87.37 87.33 87.31 87.31 87.44 87.44 87.72 87.89 87.99 88.16 87.97 87.95 87.95 88.09 88.23 88.41 88.47 88.47 88.51 88.49 88.16 87.88 87.66 87.62 87.65 87.71 87.79 87.97 88.37 88.40 87.39 87.31 87.30 87.34 87.31 87.29 87.24 87.22 87.21 87.24 87.20 87.19 87.18 87.17 87.16 87.15 87.15 87.14 87.14 87.14 87.14 87.15 87.15 87.16 87.17 87.17 87.17 87.17 87.18 87.19 87.19 87.18 87.18 87.18 87.18 87.18 87.18 87.18 87.18 87.18 87.17 87.18 87.19 87.19 87.22 87.21 87.21 87.28 87.19 87.19 87.19 87.33 87.34 87.35 87.40 87.54 87.40 87.32 87.37 87.31 87.44 87.50 87.66 87.81 87.48 87.62 87.73 87.80 87.76 87.65 87.72 87.99 87.89 87.95 88.10 88.43 88.23 88.50 88.28 88.10 88.00 87.89 88.01 88.18 88.30 88.05 88.07 88.12
87°N ||     87.08 87.12 87.10 87.11 87.13 87.11 87.12 87.11 87.06 87.05 87.05 87.05 87.07 87.08 87.06 87.04 87.04 87.04 87.03 87.03 87.04 87.06 87.06 87.00 87.00 87.00 87.02 87.02 87.03 87.04 87.04 87.01 86.99 87.00 86.99 86.96 86.94 86.94 86.94 86.94 86.96 86.95 86.98 86.97 86.95 86.92 86.91 86.90 86.92 86.93 86.93 86.93 86.94 86.95 86.97 87.01 87.01 87.03 87.04 87.04 87.03 87.01 87.01 87.00 87.00 87.00 86.99 87.00 87.01 87.02 87.08 87.18 87.21 87.17 87.16 87.14 87.17 87.14 87.13 87.16 87.12 87.10 87.10 87.10 87.12 87.10 87.11 87.15 87.12 87.14 87.09 87.07 87.09 87.06 87.04 87.04 87.05 87.05 87.06 87.06 87.04 87.01 87.02 87.04 87.04 87.00 87.00 86.99 86.98 86.97 86.97 86.98 86.97 86.97 86.98 86.99 86.99 87.00 86.99 87.04 86.98 86.99 87.00 87.01 87.05 87.07 87.02 87.01 87.03 87.03 87.05 87.02 86.98 86.98 86.98 86.97 86.98 86.99 87.01 87.02 87.02 87.03 87.03 87.02 87.04 87.04 87.04 87.03 87.01 86.98 87.01 86.98 87.02 87.00 86.97 86.97 86.98 87.07 87.03 87.06 87.02 87.09 87.09 87.12 87.12 87.13 87.10 87.09 87.10 87.10 87.10 87.12 87.14 87.14 87.14 87.15 87.12 87.14 87.17 87.12
89°N ||     86.86 86.85 86.85 86.86 86.87 86.83 86.82 86.81 86.80 86.80 86.81 86.80 86.80 86.80 86.80 86.79 86.79 86.79 86.79 86.79 86.78 86.78 86.79 86.79 86.78 86.79 86.78 86.77 86.76 86.75 86.74 86.74 86.73 86.73 86.72 86.72 86.72 86.71 86.71 86.71 86.71 86.71 86.70 86.70 86.70 86.70 86.70 86.70 86.70 86.70 86.71 86.71 86.72 86.73 86.74 86.75 86.76 86.77 86.77 86.77 86.77 86.78 86.78 86.79 86.79 86.80 86.80 86.81 86.80 86.81 86.81 86.81 86.82 86.83 86.83 86.83 86.84 86.84 86.85 86.86 86.85 86.85 86.85 86.86 86.85 86.86 86.86 86.86 86.86 86.86 86.86 86.87 86.88 86.87 86.86 86.85 86.85 86.86 86.88 86.89 86.87 86.85 86.85 86.85 86.84 86.83 86.83 86.82 86.82 86.81 86.81 86.81 86.81 86.80 86.80 86.80 86.80 86.79 86.79 86.79 86.79 86.79 86.79 86.79 86.79 86.79 86.79 86.78 86.78 86.77 86.77 86.77 86.77 86.76 86.76 86.75 86.74 86.73 86.73 86.72 86.72 86.72 86.72 86.72 86.72 86.71 86.72 86.72 86.72 86.72 86.73 86.73 86.74 86.75 86.76 86.76 86.77 86.78 86.77 86.76 86.76 86.77 86.77 86.77 86.77 86.77 86.78 86.78 86.78 86.79 86.80 86.80 86.81 86.81 86.82 86.83 86.83 86.84 86.84 86.85
