Mars Surface Radiation Result (absorbed dose in thin silicon slab) (1E-6 Gy/day).
Column 1 is East longitude (°)
Line 1 is North latitude (°)

-179  -177  -175  -173  -171  -169  -167  -165  -163  -161  -159  -157  -155  -153  -151  -149  -147  -145  -143  -141  -139  -137  -135  -133  -131  -129  -127  -125  -123  -121  -119  -117  -115  -113  -111  -109  -107  -105  -103  -101  -99  -97  -95  -93  -91  -89  -87  -85  -83  -81  -79  -77  -75  -73  -71  -69  -67  -65  -63  -61  -59  -57  -55  -53  -51  -49  -47  -45  -43  -41  -39  -37  -35  -33  -31  -29  -27  -25  -23  -21  -19  -17  -15  -13  -11  -9  -7  -5  -3  -1  1  3  5  7  9  11  13  15  17  19  21  23  25  27  29  31  33  35  37  39  41  43  45  47  49  51  53  55  57  59  61  63  65  67  69  71  73  75  77  79  81  83  85  87  89  91  93  95  97  99  101  103  105  107  109  111  113  115  117  119  121  123  125  127  129  131  133  135  137  139  141  143  145  147  149  151  153  155  157  159  161  163  165  167  169  171  173  175  177  179  
--------------------------------------------------------------------------------------------------
-89°N ||     85.34 85.41 85.48 85.50 85.50 85.49 85.48 85.50 85.53 85.57 85.72 85.77 85.75 85.82 86.01 86.11 86.16 86.24 86.26 86.15 86.09 86.22 86.23 86.18 86.12 86.09 86.03 86.05 86.12 86.09 86.17 86.27 86.22 86.16 86.26 86.20 86.14 86.09 86.00 85.92 85.87 85.80 85.74 85.72 85.71 85.71 85.71 85.72 85.72 85.71 85.69 85.68 85.66 85.65 85.66 85.66 85.59 85.57 85.55 85.56 85.55 85.54 85.55 85.53 85.54 85.57 85.58 85.46 85.41 85.43 85.38 85.38 85.38 85.38 85.34 85.32 85.31 85.30 85.29 85.29 85.28 85.30 85.31 85.29 85.31 85.31 85.31 85.30 85.30 85.30 85.31 85.33 85.34 85.33 85.33 85.34 85.34 85.34 85.34 85.32 85.29 85.30 85.29 85.29 85.30 85.31 85.31 85.32 85.33 85.33 85.34 85.32 85.29 85.32 85.37 85.40 85.38 85.38 85.39 85.41 85.43 85.44 85.45 85.48 85.51 85.54 85.53 85.56 85.58 85.60 85.61 85.62 85.63 85.64 85.65 85.67 85.66 85.66 85.66 85.67 85.62 85.63 85.61 85.58 85.61 85.61 85.59 85.56 85.52 85.49 85.48 85.47 85.47 85.43 85.40 85.38 85.36 85.34 85.33 85.33 85.32 85.30 85.28 85.25 85.24 85.22 85.24 85.26 85.27 85.29 85.32 85.35 85.36 85.37 85.36 85.36 85.34 85.33 85.33 85.34
-87°N ||     86.99 87.10 87.15 87.28 87.25 87.31 87.23 87.21 87.18 87.09 87.08 87.07 87.00 86.91 86.88 86.87 86.89 86.90 86.89 86.84 86.83 86.87 86.98 87.00 86.96 86.90 86.90 86.80 86.86 86.70 86.92 86.94 86.80 86.79 86.79 86.82 86.83 86.82 86.81 86.75 86.69 86.75 86.72 86.71 86.69 86.68 86.69 86.64 86.60 86.56 86.44 86.58 86.42 86.18 86.22 86.17 86.07 85.96 85.91 85.89 86.07 85.62 85.73 85.50 85.44 85.43 85.37 85.33 85.30 85.30 85.28 85.28 85.35 85.33 85.06 85.01 84.94 84.85 84.83 85.01 84.72 84.54 84.54 84.45 84.42 84.43 84.46 84.48 84.52 84.54 84.56 84.55 84.53 84.49 84.48 84.92 84.82 85.00 84.80 84.97 84.95 84.97 85.08 85.09 85.13 85.22 85.28 85.44 85.52 85.56 85.40 85.39 85.43 85.46 85.48 85.47 85.52 85.56 85.64 85.64 85.71 85.77 85.78 85.82 85.89 85.87 85.87 85.94 86.01 85.99 86.05 86.06 86.08 86.14 86.25 86.36 86.43 86.56 86.50 86.34 86.20 86.17 86.15 86.14 86.12 86.15 86.08 85.81 85.76 85.75 85.75 85.77 85.81 85.81 85.79 85.78 85.82 85.92 86.00 85.98 86.04 86.08 86.15 86.16 86.25 86.32 86.45 86.52 86.68 86.75 86.94 86.96 86.97 86.95 86.98 86.81 86.51 86.60 86.95 87.15
-85°N ||     86.40 86.45 86.51 86.53 86.53 86.52 86.53 86.56 86.55 86.53 86.53 86.52 86.56 86.64 86.59 86.53 86.54 86.65 86.64 86.63 86.63 86.63 86.65 86.65 86.62 86.61 86.64 86.73 86.78 86.91 87.19 87.21 87.19 87.19 87.22 87.12 87.31 87.25 87.17 87.09 87.27 87.51 87.47 87.50 87.34 87.32 87.24 87.15 87.08 86.99 87.02 86.92 86.92 86.90 87.13 87.20 86.96 86.82 86.85 87.14 87.02 86.23 86.14 86.19 86.29 86.36 86.20 86.29 86.27 85.92 86.10 86.05 85.78 85.71 85.77 85.52 85.83 86.08 86.37 86.06 85.91 85.85 85.93 85.94 86.03 85.90 85.84 85.72 85.72 85.84 85.72 85.73 85.81 85.76 85.75 85.78 85.81 85.84 85.83 85.88 85.83 85.97 86.27 86.54 86.47 86.42 86.39 86.39 86.35 86.40 86.49 86.54 86.58 86.63 86.41 86.46 86.56 86.58 86.53 86.47 86.47 86.50 86.54 86.62 86.72 86.80 86.80 86.73 86.73 86.67 86.62 86.59 86.54 86.55 86.56 86.63 87.11 87.95 88.19 88.03 87.63 87.43 87.34 87.41 87.04 86.86 86.75 86.63 86.68 86.75 86.64 86.67 86.73 86.86 87.00 87.03 87.04 87.03 86.98 86.96 86.94 86.80 86.67 86.58 86.54 86.61 86.70 86.79 86.93 87.07 86.83 86.89 86.88 86.86 86.78 86.67 86.57 86.53 86.42 86.38
-83°N ||     86.54 86.57 86.59 86.61 86.61 86.61 86.62 86.63 86.64 86.65 86.67 86.69 86.71 86.73 86.72 86.73 86.75 86.78 86.81 86.83 86.85 86.87 86.90 86.93 86.97 87.02 87.05 87.11 87.20 87.30 87.22 87.07 87.03 86.96 87.04 87.16 87.17 87.15 87.19 87.22 87.00 87.03 87.07 87.09 87.12 87.15 87.12 87.52 87.60 87.66 87.59 87.59 87.54 87.55 87.58 87.56 87.51 87.73 87.76 87.71 87.35 87.63 87.56 87.47 87.70 87.45 87.46 87.45 87.76 87.52 87.76 87.96 88.09 88.11 88.02 87.92 87.93 87.91 87.92 88.01 88.00 87.99 87.88 87.91 87.92 87.86 87.83 87.82 87.87 87.86 87.68 87.67 87.74 87.95 87.69 87.64 87.57 87.54 87.54 87.42 87.56 87.14 87.27 87.03 87.37 87.56 87.60 87.40 87.30 87.34 87.40 87.50 87.67 87.71 87.75 87.70 87.41 87.44 87.40 87.42 87.37 87.33 87.07 87.01 87.07 87.13 87.13 87.01 87.01 87.13 87.07 87.07 87.21 87.20 87.35 87.76 88.26 88.20 88.21 88.19 88.22 87.46 87.41 87.47 87.45 87.57 87.55 87.49 87.47 87.47 87.43 87.33 87.25 87.21 87.16 87.00 86.91 86.92 87.15 87.42 87.82 88.06 87.73 87.34 86.75 86.75 86.46 86.38 86.35 86.22 86.20 86.39 86.95 87.05 86.84 86.62 86.52 86.48 86.49 86.52
-81°N ||     86.80 86.86 86.85 86.98 86.74 86.80 86.84 86.88 86.93 86.98 87.03 87.09 87.23 87.25 87.06 87.02 87.02 87.03 87.11 87.19 87.25 87.29 87.30 87.33 87.36 87.40 87.45 87.47 87.48 87.50 87.52 87.64 87.60 87.61 87.68 87.65 87.49 87.53 87.50 87.52 87.67 87.56 87.32 87.37 87.24 87.14 87.19 87.34 87.37 87.27 87.40 87.31 87.49 88.09 87.80 87.97 88.20 87.92 88.18 88.09 87.86 87.97 88.02 87.99 87.98 87.92 87.95 87.97 87.92 87.87 87.96 87.86 87.74 87.77 87.80 87.80 87.75 87.75 87.76 87.80 88.07 87.75 87.63 87.59 87.58 87.61 87.60 87.62 87.60 87.60 87.60 87.62 87.55 87.43 87.27 87.02 86.42 85.72 86.54 86.63 87.07 87.36 87.31 87.39 87.62 87.77 87.87 88.02 88.00 87.93 87.77 87.98 88.05 88.12 88.10 88.14 88.16 88.21 88.20 88.20 88.19 88.21 88.17 88.13 88.12 88.13 87.90 87.93 87.98 88.03 88.06 88.19 88.22 88.27 88.29 88.26 88.24 87.79 87.11 86.91 86.88 86.88 86.91 87.10 87.20 87.25 87.21 87.36 87.46 87.53 87.63 87.69 87.77 87.62 87.70 87.84 87.93 87.67 87.57 87.58 87.91 87.77 87.65 87.67 87.76 87.68 88.03 87.56 86.92 86.52 86.42 86.56 86.79 87.08 87.36 86.78 86.89 86.88 86.68 86.73
-79°N ||     87.03 87.06 87.06 87.16 87.13 87.08 87.09 87.12 87.14 87.31 87.18 87.26 87.30 87.32 87.39 87.42 87.25 87.33 87.19 87.47 87.44 87.47 87.44 87.78 88.08 87.33 87.66 87.98 87.85 87.92 87.87 87.87 87.85 87.86 87.89 87.90 87.90 87.89 87.82 87.79 87.80 87.62 88.05 88.14 87.47 87.65 87.65 87.54 87.50 87.64 87.78 87.66 88.10 87.97 87.98 88.15 88.32 87.52 87.96 87.53 88.10 87.96 87.52 87.86 87.84 88.03 88.04 88.00 87.99 87.97 87.95 87.98 87.97 87.98 87.96 87.94 87.96 87.99 87.98 87.86 87.93 88.04 87.85 87.83 87.86 88.01 87.78 87.91 87.80 87.83 87.88 87.82 87.80 87.62 86.95 86.97 86.60 87.03 87.48 87.69 87.61 87.81 87.84 87.87 87.91 88.04 87.93 88.02 87.85 88.03 87.73 87.94 87.82 87.82 87.54 87.45 87.98 88.08 88.24 88.26 88.28 88.27 88.28 88.27 88.29 88.27 88.25 88.28 88.27 88.29 88.26 88.24 88.29 88.28 88.28 88.27 88.30 88.31 88.27 88.27 88.27 88.30 88.10 87.86 88.03 87.65 87.30 87.34 87.37 87.27 87.31 87.39 87.69 88.39 88.32 87.74 87.56 87.99 87.09 87.16 87.69 87.21 86.93 86.77 86.68 86.78 86.69 87.12 86.95 86.89 86.88 86.93 87.06 86.80 86.72 86.83 86.92 87.00 86.99 86.98
-77°N ||     87.63 87.37 87.31 87.28 87.20 87.43 87.39 87.68 87.63 87.65 87.59 87.58 87.84 87.71 87.68 87.69 87.71 87.67 87.81 87.76 87.74 87.77 87.72 87.79 87.75 87.85 87.97 88.01 87.89 87.96 87.94 87.96 87.97 87.98 87.98 87.99 87.95 87.96 87.95 87.95 87.94 87.96 87.91 87.82 87.78 87.62 87.20 87.73 87.13 87.37 87.94 87.85 87.67 87.19 87.30 87.51 87.67 87.64 87.73 87.68 87.90 88.04 87.93 87.98 88.09 88.09 88.06 88.08 88.08 88.07 88.07 88.08 88.05 88.07 88.06 88.05 88.02 87.95 87.82 87.87 87.83 87.74 87.69 87.58 87.78 87.92 87.84 87.86 87.72 87.82 87.85 87.84 87.60 87.50 87.40 87.26 86.80 86.43 87.45 88.19 88.39 88.46 88.46 87.79 87.96 87.84 87.87 88.00 87.82 88.04 87.86 87.82 87.82 88.09 88.31 88.21 87.85 87.73 87.37 87.15 87.03 86.64 86.48 87.05 87.52 87.96 88.17 88.14 88.06 87.92 87.48 87.86 87.96 87.54 87.98 88.11 88.30 88.25 88.11 88.04 87.83 87.79 87.52 87.89 88.34 88.34 88.27 88.23 87.74 87.77 87.82 87.18 87.73 87.97 87.97 87.37 87.12 87.23 87.06 87.12 87.20 87.03 87.01 87.22 87.10 87.03 87.18 87.30 87.36 87.32 87.21 87.28 87.44 87.14 87.15 87.21 87.38 87.52 87.58 87.41
-75°N ||     87.73 87.78 87.58 87.69 87.53 87.56 87.64 88.06 87.79 87.67 88.25 88.37 87.70 87.88 87.92 88.00 87.85 87.93 87.94 87.82 87.82 87.96 87.96 88.06 87.96 88.01 88.04 88.06 88.04 88.01 88.02 88.01 88.05 88.04 87.75 88.00 87.99 87.96 87.95 87.94 87.91 87.88 87.89 87.89 87.91 87.94 87.89 87.84 87.72 87.66 87.75 87.40 87.23 87.47 87.83 87.88 87.84 88.05 88.13 88.13 88.15 88.14 88.11 88.08 88.06 88.05 88.03 87.87 87.99 87.92 87.89 87.82 87.83 87.74 87.73 87.76 87.67 87.77 87.68 87.72 87.79 87.83 87.90 87.79 88.03 87.89 87.89 87.99 87.88 87.90 87.88 87.69 87.60 87.83 87.92 87.91 87.90 87.89 87.94 87.85 87.75 87.84 87.85 87.78 87.96 87.97 87.98 87.86 87.86 87.80 87.76 87.66 87.34 87.48 87.67 87.19 87.49 87.35 87.14 87.26 87.01 86.91 87.51 87.83 87.79 87.61 88.38 87.42 87.52 87.51 87.60 87.92 87.83 87.74 87.69 87.56 87.84 87.12 86.86 86.54 86.40 86.83 88.36 88.29 88.38 87.64 88.11 87.66 88.22 88.38 88.30 88.24 88.19 88.20 88.28 87.65 86.87 86.89 86.86 86.87 86.84 86.99 87.54 87.44 87.56 87.07 87.11 87.26 87.30 87.26 87.28 87.24 87.24 87.40 87.40 87.49 87.61 87.57 87.60 87.64
-73°N ||     88.35 87.63 88.06 88.03 87.97 87.75 88.20 88.02 88.03 87.99 87.64 87.33 87.99 87.69 87.96 88.07 88.03 88.02 87.96 87.86 87.74 87.46 88.18 87.29 87.50 88.10 87.95 87.92 87.94 87.98 88.00 88.00 88.05 87.83 87.78 87.53 87.69 87.95 87.87 87.92 87.92 87.94 87.87 87.91 87.93 87.93 87.95 87.79 88.15 88.61 88.61 88.67 88.64 87.74 88.09 88.09 88.18 88.19 88.20 88.20 88.20 88.20 88.17 88.11 88.13 87.85 87.94 88.07 88.08 88.10 88.09 87.95 87.81 87.92 87.86 87.79 87.74 87.84 88.02 87.79 87.81 87.81 87.83 88.04 87.94 88.10 88.17 88.14 88.07 88.11 87.93 87.92 87.67 87.95 87.93 88.00 88.11 88.12 88.10 88.08 88.11 88.12 88.18 88.13 88.06 88.00 88.10 87.82 87.79 87.68 87.27 86.98 87.22 87.63 87.94 87.71 87.84 87.73 87.79 87.48 87.58 87.23 87.01 87.00 87.36 87.38 87.60 87.55 87.71 87.70 87.70 87.80 87.85 87.95 88.04 88.07 88.08 88.16 87.99 87.78 87.99 86.82 86.87 87.43 87.54 87.60 87.68 87.84 88.20 88.09 87.96 87.22 87.82 88.16 88.34 88.44 88.13 87.45 86.71 87.10 86.87 87.17 87.59 87.59 87.05 87.30 87.64 87.76 87.62 87.87 88.33 88.18 87.92 87.81 87.81 87.78 87.91 87.78 87.82 88.29
-71°N ||     88.22 88.23 88.27 88.29 88.31 88.39 88.46 88.41 88.41 88.43 88.43 88.04 87.62 87.45 86.97 86.96 87.53 87.63 88.27 87.73 87.75 87.66 87.52 87.60 88.65 87.97 88.00 88.00 87.91 87.75 87.83 87.77 87.75 87.88 87.81 87.78 87.72 87.94 87.85 87.87 87.96 87.83 87.92 87.86 87.91 87.95 87.76 87.64 87.71 88.23 88.59 88.49 88.66 87.52 88.13 88.20 88.21 88.24 88.19 88.20 88.24 88.06 87.99 88.07 88.12 88.15 88.16 88.05 88.06 87.39 87.67 87.86 87.76 87.91 87.70 87.86 87.82 87.52 87.41 87.35 87.24 87.93 87.90 87.87 87.99 88.01 88.09 87.97 88.12 88.03 88.32 88.27 88.04 88.11 88.12 88.03 88.00 87.53 87.96 88.12 88.20 88.05 88.09 88.08 88.05 88.07 87.87 87.23 87.55 87.75 87.73 87.78 87.79 87.91 87.91 87.83 88.00 87.85 87.93 87.98 87.90 88.03 88.04 87.90 87.95 87.78 87.21 87.34 88.20 88.23 87.61 87.82 87.74 86.81 87.62 87.79 87.87 87.47 87.29 87.55 87.67 87.30 87.87 88.02 88.17 88.19 88.17 88.01 88.02 88.11 88.28 88.21 88.33 88.20 88.58 88.66 88.63 88.47 88.26 88.13 88.29 88.20 88.07 88.28 88.38 88.34 88.34 88.25 88.17 88.40 88.17 88.34 88.28 88.31 87.99 87.99 88.03 88.09 87.86 88.16
-69°N ||     87.79 87.84 88.05 88.18 87.91 88.65 88.57 88.39 88.47 88.45 88.42 88.31 87.96 88.05 87.78 87.84 87.06 87.22 87.48 87.85 88.08 87.94 87.71 87.57 87.58 87.98 87.85 87.95 87.70 88.05 87.47 87.55 87.46 87.66 87.67 87.72 87.89 87.90 87.98 87.99 88.03 87.99 87.97 88.01 88.02 88.32 87.90 88.10 88.11 88.09 88.10 88.16 88.16 88.21 88.22 88.17 88.18 88.18 88.05 88.05 87.92 88.17 88.15 88.24 88.16 88.02 87.56 87.51 87.50 87.50 87.54 87.69 87.70 87.85 87.93 88.12 88.03 87.72 87.32 87.57 87.69 87.98 87.94 87.70 87.69 87.52 87.57 87.53 87.73 87.92 87.94 88.03 87.30 88.07 88.12 88.09 88.19 88.19 88.17 88.19 88.17 88.16 88.22 88.16 88.01 87.78 87.24 88.06 88.18 88.10 87.98 87.85 87.92 87.83 87.93 87.56 87.48 87.87 88.12 88.22 88.31 88.22 88.23 88.27 88.25 88.19 87.92 87.60 87.35 87.45 87.85 87.85 87.87 87.85 88.39 87.69 86.89 87.19 87.25 87.39 87.53 87.50 87.21 87.30 87.66 87.95 88.03 87.88 88.16 88.21 88.21 88.25 87.97 86.64 88.17 88.55 88.47 87.07 88.54 88.50 88.46 88.36 88.33 88.28 88.14 87.96 87.80 87.83 87.32 87.11 87.83 88.18 88.17 88.07 87.97 87.84 87.74 87.68 87.87 87.89
-67°N ||     88.50 87.70 87.55 88.01 88.02 88.07 88.08 88.38 88.38 88.43 88.44 88.43 88.34 88.26 88.06 87.89 87.70 87.38 87.33 87.13 87.13 86.88 87.15 87.16 87.41 87.37 87.29 87.25 87.58 87.12 87.14 87.15 87.50 88.41 87.48 87.61 87.60 88.01 87.85 87.89 87.97 87.96 87.94 87.95 87.96 87.99 87.97 88.03 88.04 88.00 88.02 88.07 88.10 88.09 88.04 88.13 88.20 88.12 88.17 88.11 87.75 87.99 88.13 88.14 88.01 87.87 88.85 88.80 88.51 87.38 87.63 87.77 87.80 87.91 88.01 87.79 87.61 87.24 87.27 86.99 87.29 87.38 87.67 87.69 87.88 87.80 87.87 87.89 87.87 87.88 87.92 88.02 87.97 88.06 88.04 88.12 88.06 88.04 88.05 87.96 87.98 87.54 87.41 87.44 87.15 87.56 88.31 88.52 88.46 88.24 88.21 87.98 88.01 87.80 87.90 87.81 88.03 88.09 88.24 88.24 88.21 88.19 88.21 88.18 88.12 88.24 88.22 88.28 88.28 88.06 87.67 87.29 87.70 87.82 87.33 87.22 87.14 86.87 87.27 86.77 86.97 87.23 87.24 87.80 87.67 87.64 87.34 87.57 87.85 88.04 88.20 88.26 88.13 88.22 88.28 88.30 88.32 88.28 88.12 88.20 88.17 88.22 88.12 87.99 88.12 88.08 88.08 88.07 88.02 87.77 88.15 88.02 87.99 87.88 87.54 87.85 87.34 87.32 87.44 87.83
-65°N ||     87.71 87.48 87.29 87.58 87.60 88.09 88.14 88.35 88.32 88.35 88.33 88.38 88.38 88.37 88.32 88.23 88.16 88.12 88.06 87.86 87.53 87.43 87.46 87.30 87.52 87.47 87.25 87.71 87.65 87.33 87.19 87.40 87.25 87.41 87.53 87.60 87.61 87.65 87.68 87.83 87.86 87.92 87.94 87.95 88.00 88.02 88.00 87.99 88.01 88.00 87.93 87.88 87.82 87.88 87.97 88.04 88.03 88.04 87.96 87.37 88.01 88.12 88.21 88.31 87.94 88.13 88.10 88.05 87.68 87.62 87.82 87.80 87.84 87.92 88.05 87.99 87.70 87.60 87.33 87.08 87.13 87.40 87.97 87.68 87.79 87.81 87.80 87.76 87.61 87.85 87.85 87.88 87.86 87.96 87.85 87.99 88.13 88.04 87.90 87.95 87.82 87.86 87.80 87.73 87.48 87.69 87.56 87.69 87.72 87.66 87.67 87.59 87.66 87.98 88.16 88.40 88.37 88.27 88.17 88.10 88.10 88.18 88.26 88.23 88.28 88.24 88.20 88.22 88.21 88.29 87.79 87.78 87.75 87.68 88.42 87.38 87.34 87.41 87.68 87.03 87.01 87.02 87.32 87.35 87.39 87.14 87.05 87.78 87.61 87.48 87.98 87.93 87.87 88.13 88.12 87.26 87.64 87.75 88.06 87.87 87.50 87.61 88.03 87.82 87.94 88.08 88.00 88.05 88.03 88.01 87.81 87.76 87.66 87.26 87.85 87.96 87.68 87.57 87.36 87.32
-63°N ||     87.61 87.59 87.80 87.44 87.28 87.57 87.90 87.97 88.12 88.09 88.23 88.15 88.32 88.24 88.24 88.15 88.17 88.18 88.12 87.81 87.46 87.43 87.24 87.30 87.24 87.33 87.34 87.22 87.19 87.25 87.21 87.31 87.47 87.49 87.47 87.33 87.22 87.44 87.70 87.55 87.82 87.64 87.52 87.77 87.81 87.79 87.68 87.86 87.82 87.80 87.67 87.70 87.83 88.07 87.88 87.47 87.74 88.11 88.02 88.04 88.00 87.98 88.05 88.17 88.37 88.22 87.79 88.24 87.70 88.03 87.87 87.74 87.78 87.71 87.78 88.08 88.16 88.08 88.05 87.83 87.72 87.49 87.57 87.57 87.60 87.64 87.73 87.74 87.75 87.73 87.73 87.74 87.82 87.79 87.82 87.70 87.79 87.83 87.73 87.89 87.91 87.74 87.79 87.92 87.84 87.70 87.59 87.45 87.48 87.34 87.65 87.73 87.93 88.23 88.43 88.46 88.47 88.35 88.25 88.20 88.17 88.14 88.16 88.17 88.28 88.31 88.24 88.21 88.22 88.23 88.13 87.81 87.74 87.88 87.65 87.38 87.21 87.32 87.23 86.75 87.79 87.11 87.45 87.40 87.40 87.22 87.13 87.03 86.88 87.17 87.47 87.71 87.60 87.64 87.83 88.01 88.14 88.14 87.98 87.90 87.61 87.65 87.76 87.73 87.64 87.11 87.08 87.32 87.63 87.80 87.87 87.92 87.81 87.96 87.94 87.40 87.68 87.75 87.71 87.83
-61°N ||     88.00 87.41 87.16 87.55 87.75 87.88 87.87 87.47 87.54 87.68 87.39 87.54 87.88 87.51 88.49 87.55 87.79 87.75 88.05 87.85 87.78 87.73 87.73 87.32 87.19 87.06 87.72 87.53 87.18 87.26 87.57 87.77 87.79 87.72 87.71 87.52 87.30 87.42 87.38 87.37 87.65 87.22 87.52 87.73 87.56 86.93 87.88 87.98 88.01 87.97 87.95 88.03 88.01 87.80 87.53 88.12 88.12 87.99 88.13 88.11 88.07 87.96 88.02 88.06 88.22 88.40 88.25 87.88 88.29 88.30 88.18 88.01 87.47 87.95 88.08 87.78 87.74 87.80 87.72 87.55 87.01 87.04 87.50 87.68 87.55 87.51 87.44 87.63 87.72 87.71 87.75 87.71 87.73 87.83 87.78 87.82 87.79 87.70 87.77 87.84 87.89 87.81 87.77 87.77 87.45 87.80 87.75 87.78 87.80 87.87 87.95 87.99 88.05 88.15 88.28 88.31 88.06 88.03 88.04 87.91 88.55 88.28 87.94 88.07 88.18 88.21 88.30 88.34 88.18 88.30 88.46 88.33 87.09 88.22 88.13 88.00 87.33 87.44 87.43 87.67 87.19 87.13 87.07 87.14 87.19 87.14 87.15 87.01 87.16 87.15 87.35 87.35 87.39 87.45 87.47 88.04 88.33 88.29 88.27 88.19 88.08 87.93 87.80 87.65 87.59 87.37 87.12 87.27 87.35 86.72 87.22 87.68 87.76 87.61 86.99 87.22 87.37 87.90 87.92 87.90
-59°N ||     88.03 87.73 87.60 87.77 87.80 87.70 86.90 87.36 87.49 87.33 87.65 87.35 87.49 86.93 87.58 87.84 87.67 87.75 87.55 87.71 87.79 87.79 87.60 87.49 86.95 87.22 87.35 87.39 87.65 87.24 87.39 87.81 87.86 87.67 87.84 87.69 87.37 87.04 86.94 87.04 87.25 87.64 87.85 87.85 87.81 87.62 87.93 88.02 88.12 88.11 88.12 88.11 88.13 88.14 87.97 87.86 87.94 87.83 88.02 88.09 87.91 87.72 88.17 88.10 87.68 88.36 87.68 88.08 88.24 87.36 87.57 88.04 88.41 87.88 88.19 87.80 87.82 87.64 87.49 87.50 87.15 87.24 87.46 87.33 87.37 87.64 87.54 87.53 87.77 87.05 87.60 87.74 87.79 87.73 87.99 87.64 87.60 87.62 88.16 87.58 87.54 87.78 87.70 87.72 87.78 87.81 87.81 87.78 87.78 87.97 88.03 88.14 88.18 88.18 88.10 87.91 87.93 87.98 87.78 87.51 87.53 87.55 87.95 88.17 88.37 88.42 88.46 88.42 88.46 88.55 88.43 88.41 88.27 88.17 88.20 88.05 87.74 87.07 86.71 86.91 88.10 87.99 86.73 86.75 87.60 86.97 87.05 86.64 87.06 87.33 87.04 87.10 87.42 87.81 87.96 88.07 88.16 88.12 88.17 88.16 88.13 88.08 87.99 87.89 87.63 87.42 87.21 87.17 87.30 87.16 87.77 86.76 87.27 87.41 87.24 87.66 87.80 87.70 87.87 87.96
-57°N ||     87.91 87.93 88.02 88.17 87.92 87.13 87.40 87.30 87.02 87.06 87.13 88.14 87.10 87.19 86.93 86.97 87.42 87.71 87.41 87.29 88.03 87.30 87.32 87.31 86.81 87.24 87.41 87.40 87.37 86.86 86.52 87.80 87.65 87.71 87.69 87.51 87.60 87.23 87.11 87.15 87.03 87.43 87.59 87.69 87.76 87.59 87.31 87.28 87.82 88.10 88.12 88.15 88.05 88.03 87.88 87.48 87.37 87.38 87.23 87.14 87.57 88.41 87.82 87.44 88.29 88.51 88.41 87.81 88.90 86.52 88.61 87.83 87.53 87.93 87.67 88.21 88.36 88.19 87.99 88.40 88.42 87.91 87.50 87.55 87.70 87.54 87.58 87.43 87.40 87.61 87.67 87.72 87.55 87.37 87.38 87.35 87.36 87.43 87.68 87.43 87.27 87.36 87.36 87.41 87.41 87.79 87.82 87.93 88.03 88.11 88.19 88.26 88.33 88.37 88.32 88.18 88.24 88.24 88.32 88.17 88.12 88.23 88.44 88.59 88.69 88.68 88.69 88.69 88.69 88.80 88.56 88.50 88.39 88.48 88.42 88.37 88.32 88.06 86.94 87.61 88.14 88.31 87.06 87.19 87.53 87.41 87.18 87.03 87.02 87.27 87.58 87.68 87.75 87.59 87.85 87.72 88.00 87.68 87.17 87.32 88.01 88.06 88.01 87.83 87.56 87.36 87.19 87.19 87.26 87.20 86.98 86.90 87.23 87.29 87.88 87.28 87.30 87.38 87.57 87.87
-55°N ||     87.93 87.95 88.02 88.06 87.69 87.65 87.60 87.33 87.21 87.54 87.51 87.43 87.33 87.41 87.19 87.34 87.67 87.60 87.58 87.52 87.14 86.66 86.65 87.98 86.62 87.24 87.47 87.47 87.46 87.27 87.12 87.70 87.68 87.59 87.69 87.45 87.28 87.09 86.83 86.76 86.84 86.78 86.75 86.91 87.45 87.24 87.14 87.40 87.76 87.93 88.07 88.09 88.09 87.78 87.52 86.90 87.15 86.85 87.08 88.20 87.46 88.51 88.61 88.30 87.58 89.06 89.01 89.09 89.01 89.02 89.02 88.70 87.34 87.71 88.37 87.94 87.81 88.26 88.16 88.11 87.80 87.62 87.71 87.70 87.64 87.55 87.56 87.40 87.47 87.29 87.47 87.60 87.75 87.55 87.61 87.87 88.29 87.63 87.61 87.67 87.66 87.62 87.25 87.36 87.27 87.45 87.90 87.97 88.11 88.22 88.31 88.37 88.47 88.56 88.55 88.63 88.68 88.74 88.76 88.90 89.07 89.17 89.21 89.28 89.39 89.19 89.06 89.04 89.37 88.88 88.73 88.67 88.59 88.46 88.55 88.50 87.68 88.15 88.05 87.85 87.73 87.60 87.67 87.68 86.92 87.23 87.32 87.31 87.55 87.74 87.96 87.95 88.33 88.12 87.66 87.78 87.91 87.07 87.19 88.07 87.89 87.74 87.62 87.63 87.37 87.26 87.38 87.52 87.68 87.53 87.51 87.10 87.60 87.35 87.22 87.29 87.46 87.73 87.75 87.90
-53°N ||     87.95 87.70 87.74 88.11 88.24 87.22 87.74 87.82 87.81 87.68 87.77 87.42 87.28 87.54 87.54 87.53 87.32 87.58 87.50 87.55 87.45 86.95 86.70 87.51 87.19 87.39 88.09 87.36 87.50 87.37 87.60 87.51 87.51 87.67 87.55 87.54 87.51 86.93 86.70 86.68 86.60 86.72 87.09 87.25 87.42 87.52 87.64 87.61 88.13 88.49 87.37 87.42 87.62 87.46 87.54 87.89 87.77 87.28 87.21 87.84 87.45 88.56 88.61 88.68 89.32 89.16 89.04 89.05 89.06 89.08 89.07 89.00 88.79 88.60 88.12 88.01 88.18 88.35 87.91 88.05 88.16 88.06 87.98 87.86 87.72 88.24 87.82 87.56 87.66 87.69 87.50 87.46 87.38 87.69 87.34 87.24 87.46 87.53 87.60 87.52 87.63 87.70 87.41 86.91 87.77 87.62 87.76 87.97 88.05 88.11 88.36 88.45 88.59 88.69 88.74 88.85 89.11 89.23 89.68 90.28 90.78 91.19 91.38 91.45 91.49 91.05 90.90 90.98 90.99 90.87 90.02 88.90 88.90 89.03 88.53 88.62 88.63 88.48 87.87 87.86 87.95 87.64 87.69 87.44 87.55 87.99 87.47 87.46 87.52 87.35 87.55 87.79 88.02 88.12 88.43 87.93 87.85 86.86 88.07 87.84 87.93 87.95 87.94 87.71 87.53 87.49 87.26 87.51 87.09 87.49 87.64 87.19 86.79 86.80 87.23 87.65 87.71 87.78 87.92 87.95
-51°N ||     87.87 87.76 87.52 87.58 87.96 87.85 87.78 87.24 87.92 87.59 87.35 87.54 87.43 87.61 87.50 87.42 87.49 86.99 87.37 87.42 87.26 86.98 86.62 86.48 86.23 87.18 86.93 87.23 87.45 87.45 87.37 87.51 87.29 87.20 87.36 87.15 87.18 87.08 86.87 86.28 86.27 86.15 86.46 87.25 87.40 87.54 87.62 87.35 88.17 88.40 87.28 87.26 86.92 86.71 87.45 88.13 88.25 88.23 87.62 87.19 87.15 87.32 88.63 88.99 89.17 89.02 89.13 89.07 89.07 89.06 89.07 89.13 88.79 88.82 88.91 89.10 88.17 88.21 87.99 88.01 88.11 88.05 87.79 87.67 87.52 87.87 87.38 87.47 87.64 87.62 87.60 87.65 87.73 87.78 87.60 87.33 87.43 87.50 87.55 87.29 87.69 87.51 87.30 87.61 87.53 87.65 87.88 88.06 88.20 88.23 88.51 88.59 88.63 88.80 88.94 89.25 89.71 90.35 91.01 91.78 92.06 92.45 92.61 92.81 92.80 92.83 92.65 92.66 92.54 92.34 92.66 92.08 89.73 89.64 89.07 88.71 88.36 87.60 86.98 88.13 87.91 87.48 88.10 87.40 87.02 87.21 87.47 87.85 87.68 87.73 87.97 87.98 87.90 87.82 87.39 87.81 87.84 87.94 87.88 87.90 87.85 87.52 87.61 87.87 87.83 87.68 87.31 87.81 87.54 87.77 87.51 87.23 87.55 87.12 87.21 87.44 87.54 87.71 87.76 87.86
-49°N ||     87.22 87.41 87.30 87.59 88.11 88.23 88.31 87.77 87.78 87.07 87.41 87.08 87.06 86.95 87.19 87.04 86.99 87.02 86.45 86.65 86.90 87.10 86.50 86.38 86.89 86.72 87.01 87.43 87.41 87.40 87.26 87.43 87.17 86.23 86.22 86.34 86.60 86.59 86.64 86.24 86.11 86.18 86.32 87.00 87.27 87.42 87.44 87.43 87.38 87.30 87.15 86.91 86.55 86.40 86.62 86.97 87.75 87.81 87.34 87.19 88.37 88.52 88.60 88.73 89.05 89.31 89.10 89.12 89.08 89.18 89.19 89.02 88.89 88.32 88.54 88.00 87.99 88.20 87.94 88.03 88.03 87.99 87.82 87.58 87.60 87.30 87.41 88.30 87.88 87.62 87.46 87.59 87.98 87.99 87.64 87.44 87.03 87.76 87.30 87.30 87.28 87.30 87.51 87.76 87.83 87.60 87.57 88.07 88.19 88.36 88.19 88.50 88.76 89.02 89.67 90.35 91.04 91.48 92.11 92.51 93.12 93.49 93.13 93.10 92.23 92.75 92.85 92.96 92.84 92.79 92.82 92.84 92.59 92.05 90.57 89.56 88.67 88.29 88.48 88.21 88.35 87.94 87.24 87.63 87.74 87.06 87.56 87.38 87.74 87.83 87.35 87.69 87.68 87.64 87.54 87.84 87.70 87.55 87.30 87.32 86.38 87.00 87.57 87.45 87.23 87.63 87.89 88.07 87.65 88.07 88.00 87.80 87.77 87.43 87.11 86.80 86.96 87.13 87.40 87.52
-47°N ||     87.03 87.41 87.23 87.19 87.69 88.08 87.61 87.23 87.61 87.30 87.07 87.16 86.37 87.42 86.53 86.72 86.06 86.25 86.86 86.69 87.08 86.58 86.87 87.11 87.07 87.40 86.92 87.20 87.34 87.32 87.33 87.32 87.37 86.73 86.57 86.69 86.91 86.96 86.95 86.71 86.38 86.29 86.58 86.67 86.57 87.07 87.08 87.15 86.99 87.02 86.75 86.62 86.34 86.35 86.30 86.58 86.85 86.82 87.26 87.61 86.89 88.18 87.92 88.57 88.56 89.16 89.31 89.27 89.21 89.28 89.23 89.09 88.97 88.38 88.54 88.51 88.01 87.96 87.82 87.45 87.92 87.76 87.69 87.66 87.42 87.47 87.29 87.48 87.71 87.63 87.71 87.72 88.07 87.69 87.53 87.01 87.27 87.17 87.41 87.82 87.29 87.03 87.23 87.48 88.08 88.09 87.83 88.04 88.30 88.26 88.17 88.36 88.68 88.85 90.98 92.22 92.64 93.35 93.74 93.08 92.67 92.93 93.27 93.18 92.80 92.52 92.31 92.69 92.87 92.77 92.78 92.59 92.61 92.51 91.95 90.88 89.80 88.85 88.60 88.48 88.41 88.33 87.95 87.64 88.03 88.01 87.60 87.87 87.81 87.81 87.81 87.37 87.23 87.52 87.21 87.43 87.47 87.02 86.74 87.28 87.84 87.92 87.22 87.15 87.53 87.92 87.81 87.94 88.07 88.00 87.96 87.91 87.30 87.31 87.08 87.50 87.26 87.14 87.42 87.32
-45°N ||     87.43 87.49 87.37 87.41 87.61 87.57 87.66 87.68 87.76 87.13 86.93 87.37 86.95 86.80 86.86 86.87 87.62 86.81 87.13 87.22 87.03 87.26 87.71 86.94 87.23 87.42 87.28 87.18 87.18 87.15 87.03 87.11 87.04 86.87 86.88 86.85 86.87 86.89 86.98 86.99 86.72 86.64 86.79 86.72 86.69 86.86 86.87 86.70 86.55 86.40 86.33 86.33 86.30 85.91 85.77 86.70 87.04 87.16 87.47 87.69 87.93 87.90 88.19 88.28 88.25 88.85 89.03 90.00 89.83 89.46 89.34 89.17 88.76 88.63 88.48 88.58 87.87 87.84 87.81 88.39 87.56 87.72 87.51 87.48 87.42 87.35 87.35 87.73 87.72 87.64 87.56 87.62 87.78 87.62 87.46 87.54 87.27 87.30 87.26 87.81 86.63 87.18 87.34 87.41 87.86 87.42 87.86 88.02 88.17 88.19 88.26 88.21 88.68 89.64 92.28 92.75 93.65 93.76 93.18 93.55 93.36 93.59 93.43 93.42 93.21 93.56 93.68 92.81 92.67 93.13 92.77 92.67 92.66 92.53 91.93 91.58 90.34 89.08 88.69 88.57 88.41 88.49 87.04 88.03 88.05 87.84 87.92 87.70 87.55 87.83 87.57 87.40 87.60 87.38 87.44 87.17 86.98 87.05 86.62 86.01 87.00 86.85 87.28 87.93 88.00 87.93 87.54 88.03 87.64 87.69 87.91 87.84 87.28 87.31 87.35 86.69 86.73 87.21 87.36 87.28
-43°N ||     87.83 87.22 87.92 87.62 87.82 87.55 87.64 87.61 87.42 87.22 86.91 86.97 86.81 86.64 86.92 86.95 87.26 87.33 87.22 87.19 86.78 86.97 87.13 87.14 86.90 87.19 87.27 87.27 86.71 86.96 86.83 87.05 87.08 86.68 86.78 86.77 86.79 86.88 87.03 87.11 86.61 86.41 85.55 85.61 86.32 86.66 86.54 86.34 86.37 86.15 86.05 86.07 85.99 86.08 86.13 86.76 86.85 86.98 87.10 87.41 87.41 87.50 87.84 87.47 88.46 88.39 88.71 88.78 88.86 88.91 88.82 88.81 88.47 88.63 88.54 87.96 87.89 88.01 87.92 88.00 87.82 88.61 87.48 87.64 87.52 87.52 87.41 87.74 87.72 87.53 87.46 87.59 87.64 87.57 87.55 87.36 87.52 87.35 87.61 87.24 87.19 87.30 87.19 86.87 86.93 87.22 87.77 88.24 87.94 88.08 88.16 88.23 88.79 90.75 92.60 93.43 93.40 93.14 93.37 93.71 93.50 93.49 93.24 93.56 93.50 92.86 93.02 92.94 93.20 92.94 92.75 92.71 92.50 92.16 91.14 91.01 90.38 89.33 88.70 88.68 88.57 88.59 88.41 88.35 88.19 88.06 87.90 87.75 87.75 88.19 87.93 87.81 87.75 87.46 87.41 87.16 86.92 86.90 86.97 86.99 86.80 86.88 87.45 88.04 88.15 88.11 87.98 87.90 87.62 87.78 87.77 87.87 86.80 87.45 87.49 88.01 87.22 87.42 87.65 87.61
-41°N ||     87.96 87.89 87.91 88.16 88.02 87.48 87.56 87.48 87.93 88.18 88.57 88.46 87.61 86.98 87.20 87.09 86.72 86.95 86.69 87.00 86.70 87.17 87.13 87.12 86.95 86.22 86.68 86.84 87.04 86.64 86.52 86.75 86.59 86.60 86.40 86.65 86.71 86.86 86.88 85.07 84.79 84.63 82.99 82.75 82.84 84.96 84.96 84.97 85.66 85.97 85.73 86.06 85.85 86.02 86.00 86.06 86.16 86.60 87.33 87.21 86.93 86.47 87.58 88.03 88.01 88.38 88.37 88.53 88.72 88.75 88.72 88.49 88.63 88.25 88.29 88.28 88.15 88.67 88.09 87.78 87.94 87.85 87.60 87.61 87.47 87.47 87.56 87.79 87.79 87.68 87.48 87.63 87.42 87.46 87.55 87.16 87.04 87.44 87.41 87.32 87.06 87.13 86.76 86.56 87.84 87.29 87.61 88.00 88.02 88.04 88.18 88.35 88.77 90.81 92.26 93.46 93.45 92.80 93.57 93.60 93.59 93.42 93.66 93.80 93.40 92.86 93.19 93.28 93.06 93.21 92.97 92.68 91.96 91.34 91.02 90.73 90.02 89.21 88.91 88.70 88.80 88.25 88.10 88.28 87.53 87.63 87.91 87.98 88.01 87.97 87.90 87.88 87.88 87.40 87.28 87.23 87.02 87.35 87.32 87.13 87.08 87.02 87.53 87.83 87.93 87.84 87.90 87.84 87.26 87.62 87.64 87.04 86.96 87.56 87.50 87.55 87.61 87.77 87.91 87.65
-39°N ||     87.84 87.95 87.72 87.43 88.07 87.38 87.76 87.65 87.06 87.40 88.31 88.30 87.25 86.97 87.47 87.24 87.45 87.05 87.27 87.33 87.47 86.84 87.48 87.48 87.24 87.25 87.05 86.81 86.93 86.83 86.72 85.05 86.03 86.39 86.40 86.55 86.67 86.63 85.99 85.86 85.34 84.19 83.89 83.98 84.33 84.45 84.37 84.61 84.07 85.07 85.72 85.75 85.79 85.89 86.04 86.08 86.29 86.58 86.66 87.09 87.11 87.24 86.87 87.06 87.66 87.19 88.07 88.66 88.60 88.56 88.59 88.58 88.35 88.24 88.33 88.26 88.20 88.06 87.95 87.97 87.93 87.93 87.81 87.68 87.65 87.46 87.74 87.93 87.69 87.64 87.81 87.84 87.78 87.43 87.58 87.31 87.32 87.29 87.27 87.59 87.08 87.23 86.95 87.06 86.99 86.97 87.55 87.88 88.06 88.08 88.07 88.45 88.80 89.84 92.06 93.56 93.80 93.67 93.24 93.51 93.79 93.66 93.77 93.81 93.52 93.19 93.55 93.29 93.42 93.05 92.78 92.22 91.50 91.11 90.55 90.20 89.94 89.57 88.88 88.53 88.45 88.04 88.04 87.96 87.95 88.09 88.15 88.04 87.47 87.93 87.97 88.03 87.84 87.71 87.41 87.62 87.41 87.17 87.63 87.50 87.25 87.14 87.15 87.33 87.61 87.71 88.03 87.89 87.67 87.64 87.76 87.61 87.88 87.80 87.82 87.60 87.71 87.88 87.99 88.08
-37°N ||     88.09 87.95 87.96 87.66 88.40 88.21 87.91 87.26 86.83 86.27 86.01 86.82 86.72 87.45 87.77 87.75 87.75 87.75 87.62 87.55 87.54 87.52 87.24 87.41 87.13 86.81 86.88 86.48 86.37 86.83 86.72 85.92 86.06 85.51 86.15 85.34 85.86 84.13 84.25 85.81 84.10 83.38 84.60 84.64 84.56 84.52 84.71 85.36 84.81 84.79 84.60 85.17 85.72 86.15 86.17 86.29 86.21 86.70 86.82 86.67 86.67 87.31 87.30 87.59 87.92 87.87 88.19 88.31 87.28 88.43 88.22 88.27 88.31 88.38 88.29 88.19 88.12 88.10 88.11 87.96 87.79 87.68 87.45 88.39 87.71 87.55 87.55 87.47 87.86 87.64 87.74 87.85 87.81 87.65 87.29 87.53 87.24 87.18 87.51 87.47 87.01 86.99 86.88 87.04 87.21 87.19 88.26 87.61 87.98 88.12 88.16 88.22 88.51 89.60 90.79 93.15 93.83 94.10 94.37 93.56 93.62 93.66 93.22 93.78 93.31 93.40 93.22 93.33 93.28 93.16 92.97 91.92 91.00 90.61 90.10 89.79 89.28 88.90 88.72 88.56 88.15 88.21 87.86 87.87 87.75 87.84 88.05 88.06 88.03 87.93 88.05 87.94 87.87 87.82 87.69 87.72 87.88 87.72 87.63 87.07 87.34 87.29 86.92 86.89 87.47 87.62 88.00 87.70 87.73 87.84 87.96 87.95 87.93 87.92 87.77 87.63 88.11 88.20 88.11 88.35
-35°N ||     88.09 88.41 87.98 87.43 87.89 87.39 87.28 87.45 86.91 86.27 86.14 86.85 87.44 87.58 87.71 87.65 87.76 86.57 87.57 87.53 87.48 87.30 87.29 87.14 86.70 86.91 86.74 86.62 86.15 86.27 85.99 85.86 85.95 85.69 85.81 85.96 85.33 84.02 84.12 84.08 83.58 84.56 85.22 85.13 84.85 85.09 84.93 85.01 85.26 85.31 85.14 84.37 85.09 86.04 86.34 86.53 86.53 86.55 86.58 86.67 86.83 86.99 86.98 87.82 87.78 87.33 87.53 87.83 87.76 88.28 88.22 88.30 88.16 87.95 88.04 88.15 88.16 88.14 88.27 88.08 87.83 87.61 87.76 87.62 87.70 87.43 87.35 87.46 87.57 87.62 87.65 87.79 87.72 87.38 87.40 87.38 87.58 87.75 87.24 87.13 87.17 86.69 86.82 87.14 87.31 87.28 87.33 87.65 88.05 87.96 87.95 88.06 88.29 88.45 89.24 90.79 93.53 93.88 94.21 94.28 93.59 93.57 94.15 94.15 93.26 93.37 93.32 93.20 93.28 93.10 92.29 90.50 89.82 89.79 89.51 89.17 89.30 88.88 88.85 88.82 88.30 88.09 87.47 87.84 87.66 87.76 87.87 87.93 88.02 88.07 87.96 87.81 87.31 87.32 87.39 87.63 87.39 87.22 87.49 87.66 87.46 87.19 87.52 87.69 87.55 87.56 87.43 87.63 87.61 87.26 87.99 88.06 87.85 87.81 87.94 87.99 88.33 88.23 87.99 87.54
-33°N ||     88.16 88.22 87.45 87.31 87.46 86.75 87.08 86.30 86.32 86.80 86.75 86.96 87.50 87.63 87.85 87.58 87.78 87.81 87.54 87.55 86.94 87.33 87.27 87.24 86.98 86.74 86.75 86.57 86.37 86.12 85.96 85.22 85.57 85.36 85.06 85.22 84.61 83.71 83.57 82.93 83.18 84.59 85.39 85.04 85.70 85.13 85.93 86.01 85.78 85.82 85.29 84.44 83.70 85.22 86.02 86.52 86.49 86.56 86.60 86.60 86.93 87.28 87.16 87.79 87.86 87.90 87.88 87.87 87.81 87.69 87.85 88.18 88.14 87.96 88.21 87.97 88.26 88.11 88.08 88.15 88.01 87.86 88.01 87.77 87.72 87.62 87.57 87.47 87.47 87.53 87.56 87.30 87.48 87.62 87.43 87.54 87.36 87.56 87.33 86.90 87.05 86.91 86.70 86.90 87.13 87.23 87.24 87.19 87.72 87.94 87.83 87.79 87.63 87.88 88.30 89.06 91.64 93.01 93.64 94.02 94.00 94.29 93.38 93.20 93.42 93.42 93.17 93.14 92.26 91.26 90.71 89.61 89.02 88.97 88.93 88.92 89.13 88.97 88.76 88.72 88.51 88.10 87.85 87.76 87.64 87.59 87.72 87.69 87.77 87.88 87.85 87.65 87.54 87.37 86.92 86.83 86.93 86.88 87.43 87.09 87.37 87.59 87.20 87.43 87.33 87.27 87.58 87.71 87.88 87.57 87.72 88.06 87.52 87.90 87.92 88.03 88.12 87.99 87.78 87.75
-31°N ||     88.13 87.63 87.52 87.45 86.92 86.98 86.52 86.88 86.99 86.85 87.00 87.03 87.35 87.58 87.79 87.79 87.80 87.43 87.33 87.57 87.25 87.29 87.22 87.16 86.98 86.92 86.74 86.56 86.27 85.98 85.71 85.55 85.50 84.95 84.80 85.30 84.52 83.51 83.66 82.90 83.84 84.62 84.99 85.53 85.75 85.95 85.98 86.17 86.17 86.29 85.46 84.45 84.81 84.92 85.06 85.03 86.23 86.71 86.70 86.98 87.31 87.60 87.78 87.82 87.94 87.90 87.95 88.04 87.99 87.95 88.02 88.48 87.98 87.82 87.94 87.94 88.01 88.08 88.20 88.19 88.23 88.17 88.02 88.03 87.92 87.66 87.44 87.32 87.47 87.50 87.49 87.54 87.33 87.50 87.56 87.48 87.53 87.44 87.41 87.07 87.05 87.44 87.19 87.04 87.27 87.41 87.49 87.26 87.73 87.90 88.06 87.78 88.04 87.98 88.44 88.43 89.02 89.47 89.94 92.56 93.29 93.80 92.99 93.27 93.11 93.23 92.85 92.31 90.03 89.04 89.67 89.34 88.87 88.86 88.82 88.66 88.63 88.75 88.73 88.59 88.54 87.87 87.90 87.69 87.77 87.46 87.56 87.54 87.56 87.62 87.72 87.56 87.39 87.39 87.10 87.03 87.54 86.84 86.69 86.52 87.46 87.71 87.97 87.54 87.68 87.80 87.91 87.85 87.88 87.79 87.70 87.88 87.64 87.85 87.85 87.71 87.85 87.96 87.94 87.89
-29°N ||     88.14 87.64 86.56 87.47 86.93 86.77 87.20 86.82 87.10 86.93 86.92 87.11 87.57 87.72 87.80 87.77 87.75 86.90 87.65 87.63 87.46 87.25 87.24 87.13 87.05 86.90 86.75 86.48 86.18 85.92 85.67 85.36 85.16 85.11 85.07 84.34 84.37 83.91 82.60 81.73 83.75 84.76 85.16 85.46 85.77 86.03 86.20 86.32 86.42 86.43 86.40 86.29 85.67 85.69 85.61 84.95 85.22 85.68 86.68 86.93 87.36 87.84 87.92 87.90 88.10 87.93 87.83 87.92 88.07 88.05 88.14 88.31 88.15 87.91 88.08 88.25 88.12 88.10 88.32 88.29 88.26 88.27 88.13 88.20 87.81 87.78 87.66 87.48 87.38 87.51 87.55 87.58 87.66 87.60 87.57 87.50 87.53 87.16 87.45 87.16 87.55 87.60 87.37 87.37 87.58 87.67 87.73 87.66 87.22 87.85 87.64 88.02 88.11 88.17 87.74 87.92 88.60 88.53 88.87 88.87 89.39 89.36 90.40 92.04 91.03 91.27 90.07 90.51 89.01 88.80 88.67 88.53 88.69 88.76 88.68 88.51 88.58 88.56 88.52 88.24 88.21 88.01 87.83 87.72 87.69 87.57 87.55 87.60 87.60 87.63 87.66 87.49 87.47 87.11 87.29 86.93 86.51 86.72 87.33 86.47 87.30 87.65 87.77 87.40 87.80 87.16 87.77 87.91 87.75 87.67 87.82 87.73 87.58 87.68 87.72 87.87 87.76 87.87 87.96 88.08
-27°N ||     87.93 87.63 87.58 87.52 87.05 86.93 87.39 86.64 87.01 87.29 87.20 87.50 87.46 87.60 87.84 87.67 87.86 87.22 87.66 87.21 87.24 87.25 87.15 87.12 86.95 86.84 86.71 86.58 86.17 85.87 85.54 85.23 84.85 84.86 84.70 84.85 85.04 83.74 83.48 81.95 83.98 84.80 85.15 85.53 85.85 86.12 86.31 86.45 86.54 86.69 86.69 86.76 86.55 86.01 86.02 86.11 86.36 86.35 86.26 86.26 86.07 87.41 87.96 87.98 87.96 87.98 88.05 88.17 88.03 87.97 87.99 88.35 88.41 88.53 88.28 88.07 88.26 88.28 88.40 88.40 88.39 88.38 88.32 88.17 88.09 87.91 87.95 87.96 87.67 87.57 87.52 87.66 87.67 87.34 87.46 87.57 87.58 87.35 87.34 87.34 87.56 87.73 87.33 87.55 87.72 87.62 87.83 87.36 87.03 87.25 87.75 87.78 87.98 87.84 87.80 87.86 87.85 88.56 88.53 88.63 88.70 88.71 88.83 88.88 88.92 89.09 89.51 89.15 89.02 88.78 88.55 88.67 88.68 88.59 88.38 88.48 87.09 88.52 88.50 87.49 87.90 87.65 87.59 87.59 87.61 87.62 87.62 87.63 87.56 87.53 87.50 87.30 86.90 86.81 86.69 86.93 87.43 86.61 86.67 87.22 86.92 87.29 87.67 87.66 87.97 87.31 87.84 87.67 87.84 87.96 87.91 87.80 87.49 87.32 87.36 87.67 87.67 87.72 87.98 88.02
-25°N ||     88.03 87.52 87.78 87.57 87.50 87.45 87.56 87.81 87.38 87.64 87.49 87.93 87.93 87.87 87.95 87.80 87.84 87.54 87.24 87.61 87.32 87.19 87.15 87.03 86.91 86.72 86.58 86.42 86.07 85.64 85.31 85.02 84.76 84.59 84.52 83.87 84.25 84.59 83.47 83.80 84.23 84.75 85.22 85.56 85.77 86.02 86.19 86.41 86.55 86.58 86.76 86.81 86.58 86.25 85.46 86.10 86.38 86.53 86.53 86.39 85.75 86.85 87.80 87.85 87.95 87.97 87.97 87.60 87.78 87.88 87.93 87.96 88.28 88.64 88.73 88.37 88.45 88.51 88.61 88.47 88.48 88.43 88.58 88.37 88.48 88.11 88.16 88.16 88.13 87.67 87.90 87.80 87.96 87.31 87.64 87.60 87.61 87.25 86.97 87.55 87.57 87.47 87.54 87.57 87.45 87.14 87.49 86.95 86.77 87.09 87.34 87.43 87.72 87.60 87.96 88.26 88.03 88.40 88.52 88.60 88.67 88.61 88.57 88.82 88.65 88.96 88.85 88.57 88.51 88.41 88.50 88.36 88.34 88.47 88.34 87.85 87.78 88.01 87.33 87.70 87.59 87.44 87.32 87.36 87.44 87.50 87.72 87.55 87.51 87.40 87.36 87.19 86.87 86.53 86.66 86.89 87.21 86.84 86.38 86.75 86.65 87.01 87.36 87.70 87.43 87.46 87.82 87.47 87.73 87.87 87.87 87.59 87.34 87.78 87.83 87.68 87.78 88.05 88.21 88.00
-23°N ||     88.01 88.00 87.62 87.62 87.54 87.62 87.78 87.89 87.99 88.04 88.03 87.99 88.12 88.18 87.98 88.09 87.07 87.32 87.69 87.37 87.36 87.13 87.12 87.03 86.86 86.61 86.39 86.08 85.72 85.36 85.02 84.65 84.44 84.33 84.38 84.31 83.52 83.89 83.43 83.70 84.19 84.74 85.08 85.33 85.57 85.79 86.02 86.24 86.48 86.63 86.88 86.88 86.88 86.58 85.93 86.09 86.37 86.39 86.35 86.03 85.42 87.05 87.72 87.77 87.56 87.72 87.91 87.65 87.92 87.90 87.78 88.09 88.19 88.51 88.60 88.68 88.44 88.52 88.46 88.56 88.56 88.51 88.53 88.66 88.46 88.27 88.33 88.38 88.30 87.55 87.99 87.83 88.02 88.03 88.04 87.70 87.62 88.34 87.51 87.23 87.37 87.19 87.00 86.88 87.12 87.47 86.84 86.79 86.53 87.05 87.26 87.63 87.53 87.25 87.22 87.44 87.87 88.03 88.20 88.33 88.55 88.42 88.56 88.66 88.67 88.82 88.64 88.42 88.42 88.33 88.10 88.14 88.24 88.31 87.78 87.36 86.83 86.99 87.30 87.56 87.38 87.23 86.97 87.10 87.37 87.46 87.52 87.59 87.38 87.34 87.28 87.22 87.38 87.26 87.32 86.86 87.26 86.87 86.54 86.82 86.48 87.19 87.37 87.57 87.58 87.72 87.66 87.77 87.72 88.13 87.76 88.35 87.76 87.83 87.89 87.84 87.71 88.14 88.33 88.02
-21°N ||     87.88 87.95 87.65 87.65 87.62 87.62 87.85 88.29 88.10 88.05 87.95 87.99 88.06 87.94 88.03 88.10 87.84 87.58 87.61 87.43 87.28 87.12 87.06 86.93 86.75 86.55 86.19 85.75 85.25 84.84 84.53 84.18 83.97 83.94 84.08 83.61 83.78 83.10 83.25 83.75 84.12 84.53 84.78 85.03 85.32 85.53 85.83 86.05 86.29 86.49 86.63 86.82 86.86 86.54 86.12 86.37 86.03 86.28 86.00 85.68 85.75 86.07 87.65 87.64 87.71 87.62 87.88 87.96 87.93 87.96 88.04 88.03 88.18 88.35 88.63 88.76 88.61 88.55 88.62 88.65 88.61 88.58 88.56 88.65 88.60 88.66 88.41 88.42 88.31 88.07 87.95 88.05 88.14 88.17 87.89 87.80 87.67 87.40 87.35 87.48 87.56 87.63 86.83 87.14 87.35 87.26 87.44 86.64 86.55 86.94 87.31 87.01 87.40 87.39 87.46 87.66 87.75 88.03 88.09 88.34 88.43 88.51 88.27 88.59 88.46 88.39 88.41 87.83 88.11 88.11 88.04 87.93 88.21 87.81 87.50 87.27 86.34 86.47 87.18 87.07 87.26 87.25 86.95 86.68 87.41 87.51 87.53 87.56 87.55 87.37 87.16 86.95 86.70 86.97 87.58 86.97 87.13 87.06 86.64 87.23 87.12 87.27 87.16 87.15 87.63 87.74 87.91 87.77 87.58 88.13 88.23 88.03 88.07 88.24 88.18 87.85 87.57 87.95 87.96 87.78
-19°N ||     87.34 87.58 87.58 87.43 87.70 87.89 88.11 88.50 88.48 88.28 88.19 88.02 88.09 88.07 88.19 88.06 87.87 87.84 87.48 87.44 87.29 87.08 86.95 86.71 86.55 86.31 85.95 85.30 84.49 84.05 83.77 83.62 83.49 83.61 83.82 82.31 83.49 83.00 83.15 83.44 83.63 83.99 84.28 84.56 84.90 85.23 85.57 85.83 86.12 86.33 86.47 86.58 86.72 86.68 86.32 85.95 85.92 85.91 86.02 85.91 85.59 86.81 87.49 87.45 87.62 87.75 88.01 88.03 88.08 87.95 88.04 88.18 88.35 88.56 88.85 88.87 88.84 88.58 88.68 88.68 88.80 88.65 88.61 88.60 88.71 88.74 88.53 88.38 88.39 88.42 88.30 88.20 88.22 88.15 87.88 87.93 87.67 87.60 87.77 87.20 87.50 87.57 87.02 87.32 86.96 87.25 86.66 86.49 86.94 86.96 86.80 87.12 87.11 87.27 87.37 87.50 87.54 87.49 87.54 88.18 88.30 88.30 88.36 88.36 88.23 88.24 87.96 87.97 88.03 87.95 87.91 87.54 87.40 87.60 87.37 87.12 86.73 86.60 86.96 87.14 87.38 87.41 87.58 87.57 87.46 87.50 87.53 87.54 87.44 87.35 87.50 87.05 86.77 86.86 87.21 87.32 87.23 87.38 86.97 87.31 87.39 87.23 87.13 87.06 87.51 87.52 87.45 87.40 87.91 88.19 88.35 88.44 88.48 88.59 88.43 88.46 88.37 88.21 88.24 87.38
-17°N ||     87.40 87.38 87.48 87.76 87.77 87.94 88.36 88.44 88.44 88.39 88.30 88.14 88.18 87.77 88.16 88.40 88.00 87.98 87.72 87.41 87.28 87.10 86.76 86.48 86.29 86.01 85.55 84.50 83.60 83.04 82.95 83.03 83.20 83.36 83.05 82.43 82.83 83.04 82.91 82.80 82.93 83.33 83.73 84.03 84.51 84.90 85.26 85.54 85.85 86.13 86.25 86.46 86.49 86.56 86.26 85.92 85.45 85.47 85.95 85.84 85.62 86.95 87.48 87.04 87.40 88.98 89.57 88.77 88.03 88.13 87.86 88.14 88.33 88.49 88.87 88.85 88.87 88.58 88.72 88.62 88.71 88.68 88.69 88.68 88.70 88.68 88.59 88.59 88.55 88.45 88.23 88.26 88.26 88.16 88.03 88.00 87.74 87.78 87.52 87.98 87.61 87.41 87.07 87.06 87.04 86.98 87.07 86.64 87.07 87.04 87.18 87.03 86.86 86.85 87.12 87.17 87.31 87.78 87.83 87.48 87.85 87.78 87.91 87.94 87.89 88.16 88.10 88.10 88.02 87.94 87.53 87.57 86.75 87.05 87.16 87.02 86.54 86.56 87.02 87.23 87.47 87.50 87.61 87.68 87.54 87.51 87.48 87.43 87.40 87.20 87.31 87.23 86.95 87.05 86.94 86.99 87.22 87.41 87.23 87.64 87.41 87.37 87.19 87.03 87.80 87.08 87.35 87.55 87.95 88.33 88.43 88.54 88.54 88.62 88.68 88.51 88.52 88.38 88.50 88.14
-15°N ||     88.30 87.40 88.05 87.87 88.10 88.21 88.65 88.59 88.37 88.41 88.40 88.17 88.05 88.08 88.19 88.38 87.40 88.04 88.17 87.51 87.34 87.06 86.80 86.51 86.14 85.66 84.84 83.45 81.99 81.54 82.01 82.60 82.78 83.04 83.19 83.12 83.32 83.35 82.68 82.35 82.33 82.91 83.27 83.61 84.11 84.67 85.05 85.35 85.55 85.71 85.74 86.13 86.32 86.33 86.05 85.94 85.58 86.44 85.82 86.58 86.89 88.78 89.32 89.64 89.95 89.72 89.26 89.95 89.93 88.23 88.16 88.46 88.42 88.48 88.76 88.75 88.83 88.75 88.69 88.67 88.69 88.70 88.68 88.76 88.67 88.65 88.65 88.59 88.54 88.49 88.52 88.42 88.34 88.15 88.05 88.05 87.98 87.83 87.44 87.80 87.31 87.39 87.27 86.98 87.08 86.84 86.96 86.93 86.80 86.88 87.21 86.81 86.66 86.64 86.72 86.42 87.19 87.78 87.80 87.81 87.48 87.82 87.80 87.72 87.90 88.03 87.99 88.14 87.79 87.52 87.37 86.66 86.58 86.62 86.86 86.75 86.54 86.70 86.75 87.12 87.38 87.56 87.54 87.56 87.65 87.56 87.41 87.48 87.23 87.34 87.22 87.38 86.90 86.65 87.43 87.57 87.05 87.54 87.59 87.40 87.45 87.35 87.07 87.25 87.61 87.71 87.62 87.65 87.84 88.46 88.59 88.87 88.73 88.69 88.51 88.75 88.60 88.85 88.11 88.21
-13°N ||     88.39 88.34 88.17 87.98 88.13 88.36 88.55 88.69 88.62 88.68 88.56 88.34 88.27 88.36 88.34 88.38 88.09 88.06 87.96 87.71 87.46 87.13 86.84 86.52 86.04 85.43 84.47 82.51 80.17 79.66 80.98 82.14 82.50 82.60 82.68 83.37 83.14 83.11 82.52 82.26 82.31 83.52 82.82 83.33 83.86 84.37 84.86 85.16 85.39 85.56 85.62 86.31 85.80 86.83 89.04 88.76 88.69 87.16 89.88 90.22 88.85 87.04 86.97 87.19 89.05 89.14 88.77 88.83 87.78 89.62 88.36 88.37 88.50 88.59 88.63 88.77 88.72 88.83 88.92 88.73 88.71 88.72 88.70 88.70 88.63 88.65 88.70 88.62 88.53 88.63 88.57 88.52 88.42 88.28 88.43 88.19 88.07 87.90 87.79 87.79 87.75 87.53 87.22 87.05 86.88 87.24 86.91 86.89 86.78 86.72 86.74 86.88 86.53 86.85 86.76 86.94 86.97 87.59 87.72 87.61 87.66 87.82 87.73 87.72 87.51 87.85 87.90 87.92 87.78 87.63 86.82 86.61 86.34 86.77 86.69 86.87 86.52 86.68 87.23 87.27 87.65 87.57 87.66 87.61 87.66 87.60 87.32 87.19 87.14 87.18 87.16 86.98 87.28 86.93 87.62 87.61 87.22 87.21 87.50 87.59 87.38 87.45 87.16 87.05 87.33 88.00 88.03 88.14 88.35 88.62 88.71 88.79 88.82 88.79 88.77 88.83 88.88 88.79 88.87 88.78
-11°N ||     88.86 88.72 88.89 88.90 88.49 88.48 88.59 88.72 88.64 88.64 88.57 88.54 88.56 88.38 88.48 88.42 88.37 88.19 88.07 87.84 87.56 87.32 86.91 86.52 85.91 85.32 84.44 82.73 80.25 78.18 79.29 82.11 82.39 82.41 82.32 82.98 82.91 82.62 82.16 81.93 82.41 82.77 82.73 83.26 83.71 84.14 84.84 85.04 85.24 85.47 85.37 86.02 88.51 88.84 90.56 90.62 87.61 84.88 84.71 85.74 86.36 86.55 86.81 87.01 87.41 87.33 87.49 88.35 87.95 88.11 89.99 88.73 90.03 88.80 88.68 89.09 88.99 88.81 88.89 88.91 88.74 88.75 88.77 88.72 88.74 88.71 88.79 88.67 88.70 88.61 88.61 88.68 88.45 88.37 88.24 88.24 88.26 88.01 87.13 87.45 87.79 87.84 87.45 87.25 87.16 86.88 86.85 86.92 86.73 86.77 87.12 86.87 86.94 86.70 86.91 87.03 86.96 87.16 87.46 87.29 87.40 87.60 87.57 87.50 87.25 87.82 87.79 87.95 87.79 87.77 87.56 86.91 86.44 86.64 86.59 87.04 86.76 87.14 87.43 87.45 87.77 87.71 87.60 87.67 87.69 87.67 87.57 87.61 87.40 87.37 87.23 86.95 86.62 87.04 86.98 87.20 87.53 87.61 87.41 87.72 87.55 87.91 88.08 87.85 88.00 88.59 88.10 88.34 88.47 88.68 88.75 88.77 88.89 88.85 88.92 88.96 88.97 88.73 88.79 88.67
-9°N ||     88.57 88.67 88.65 88.80 88.90 88.57 88.73 88.64 88.74 88.77 88.63 88.68 88.58 88.54 88.54 88.44 88.44 88.30 88.19 87.94 87.74 87.39 87.09 86.64 86.12 85.46 84.66 83.85 80.65 76.78 76.77 81.01 82.26 82.27 82.35 82.23 82.67 82.45 82.50 82.19 82.33 82.97 84.64 86.21 85.15 84.22 84.80 85.37 85.32 85.72 88.55 89.13 89.07 90.37 88.85 85.38 84.51 86.17 85.13 86.31 86.55 86.68 87.22 87.19 87.56 87.70 88.52 88.00 89.14 88.23 90.08 90.11 90.40 89.55 89.35 89.05 88.75 88.84 88.86 89.22 88.91 88.74 88.79 88.80 88.78 88.79 88.86 88.70 88.72 88.72 88.78 88.55 88.54 88.51 88.37 88.21 88.25 88.11 87.69 87.62 87.83 87.63 87.37 87.50 87.47 87.12 86.88 87.19 88.01 88.24 86.98 87.19 87.08 87.16 87.12 87.00 87.01 87.08 87.29 87.34 87.31 87.17 87.34 87.18 87.15 87.26 87.49 87.76 87.80 87.80 87.55 87.22 86.48 87.19 87.18 86.71 87.42 87.62 87.16 87.52 87.77 87.80 87.91 87.77 87.78 87.63 87.56 87.85 87.77 87.46 86.84 87.03 86.64 87.28 87.61 87.50 87.67 87.96 87.68 87.80 88.13 88.59 88.72 88.51 88.49 88.72 88.71 88.65 88.73 88.75 88.81 88.87 88.93 89.37 89.06 89.04 88.74 87.79 88.78 88.72
-7°N ||     88.75 88.73 88.69 88.69 89.10 88.98 88.80 88.83 89.02 88.87 88.82 88.72 88.65 88.64 88.63 88.65 88.62 88.44 88.29 88.10 87.87 87.57 87.27 86.78 86.27 85.77 85.13 84.54 81.33 78.11 78.90 80.44 81.94 82.19 82.37 82.60 82.16 82.18 82.63 82.20 85.45 85.82 83.25 86.94 86.24 86.16 86.62 88.37 88.02 87.39 86.32 85.06 87.45 90.15 88.60 88.91 89.13 86.87 86.17 86.75 86.86 86.89 87.15 87.31 88.10 88.99 88.95 88.71 87.81 87.94 89.01 90.20 90.11 89.62 89.98 89.55 89.29 88.79 88.78 88.87 88.90 88.84 88.86 88.77 88.80 88.76 88.71 88.66 88.64 88.68 88.65 88.69 88.55 88.51 88.50 88.52 88.52 88.24 87.92 88.02 87.39 87.34 87.44 87.52 86.93 87.33 87.46 87.21 87.20 87.23 87.41 87.39 87.50 86.91 87.00 87.01 87.00 87.42 87.46 87.30 86.98 86.84 86.91 86.74 87.10 87.52 87.34 87.48 87.80 87.81 87.73 87.63 86.83 86.74 87.11 87.28 87.33 87.41 87.30 87.61 87.82 87.78 87.99 87.96 87.93 87.96 88.02 88.03 88.01 88.16 86.68 86.53 86.70 87.29 86.94 87.91 88.59 88.28 88.36 88.34 88.61 88.72 88.69 88.63 88.83 88.94 88.84 88.92 88.93 88.91 88.93 88.92 88.99 89.10 89.25 89.24 88.98 88.89 88.83 88.76
-5°N ||     88.78 88.83 88.87 88.85 88.77 89.14 89.10 89.09 89.18 88.92 88.82 88.64 88.70 88.76 88.82 88.87 88.87 88.73 88.37 88.36 88.10 87.85 87.53 87.07 86.64 86.14 85.62 84.77 83.61 82.00 80.68 80.92 81.95 82.09 82.46 82.73 82.72 83.73 83.03 82.40 82.78 83.10 83.54 87.50 86.02 87.78 85.87 86.72 85.99 85.30 84.90 87.59 88.15 88.60 88.11 85.44 85.80 86.79 88.62 88.56 87.10 87.23 87.31 87.36 87.88 87.62 88.13 87.81 87.89 88.08 88.41 88.70 89.56 88.62 88.60 89.51 89.68 89.37 88.70 88.76 89.23 88.96 88.92 88.86 88.83 88.76 88.69 88.70 88.76 88.70 88.66 88.63 88.66 88.48 88.50 88.56 88.52 88.51 88.34 88.39 87.90 87.20 87.35 87.49 87.73 87.51 87.42 87.36 87.46 87.32 87.77 87.82 87.70 87.11 86.96 87.01 86.80 86.99 86.76 87.24 86.98 87.25 87.05 87.06 87.27 87.11 87.55 87.30 87.71 87.77 87.67 87.24 87.34 86.91 87.28 87.44 87.67 87.62 87.71 87.81 87.73 87.91 88.21 88.25 88.11 88.11 88.47 88.32 88.05 87.90 87.47 87.13 87.74 87.70 87.63 88.01 88.87 88.62 89.84 88.94 88.80 88.68 88.67 88.86 88.86 89.04 89.04 89.00 89.00 89.04 89.10 89.05 89.18 89.17 89.16 89.22 89.24 89.07 88.95 88.85
-3°N ||     88.86 88.84 88.94 88.96 88.89 89.43 89.44 89.29 89.01 89.14 88.74 88.51 88.86 89.16 89.11 89.19 88.69 88.40 88.72 88.57 88.42 88.08 87.98 87.56 87.04 86.55 86.07 85.22 84.55 83.28 82.30 82.11 81.80 81.77 82.57 83.02 83.36 83.55 83.60 83.19 83.00 83.59 83.98 84.85 85.14 85.20 85.80 85.85 85.69 85.38 85.16 84.95 85.44 87.13 86.79 85.95 86.51 86.97 87.26 88.99 87.10 87.67 87.64 87.77 87.90 87.98 88.51 88.18 88.27 88.45 88.56 88.63 90.21 88.79 88.75 89.30 89.08 89.15 88.83 88.86 88.93 88.93 89.20 88.97 88.85 88.80 88.83 88.76 88.75 88.73 88.71 88.66 88.62 88.60 88.54 88.52 88.30 88.52 88.51 88.53 88.07 87.65 87.52 87.64 87.84 87.49 87.60 87.74 87.69 87.69 87.86 87.86 87.64 87.41 87.27 86.89 86.63 87.62 87.43 87.29 87.22 87.30 87.16 87.43 87.04 87.34 87.14 87.68 87.73 87.89 87.57 87.68 87.61 87.50 87.81 88.23 87.53 88.02 87.93 87.75 87.93 87.98 88.40 88.41 88.18 88.54 88.46 88.22 88.03 87.84 87.41 87.59 87.51 87.67 87.82 88.36 88.89 88.87 88.91 88.76 88.93 88.88 88.87 88.83 88.91 89.06 88.98 88.87 89.20 89.22 89.19 89.28 89.32 89.36 89.35 89.36 89.29 89.19 89.00 88.97
-1°N ||     89.02 88.98 89.01 89.11 89.18 89.47 89.48 89.27 89.14 88.86 88.69 88.44 88.91 89.13 89.38 88.95 88.74 88.85 88.80 88.59 88.52 88.39 88.23 87.92 87.50 86.85 86.29 85.63 84.97 84.26 83.24 82.66 81.26 79.70 82.80 83.25 83.53 83.81 83.98 84.03 84.09 84.92 85.28 85.58 85.83 86.35 86.64 86.83 87.06 87.19 86.52 87.76 89.19 85.97 86.09 86.36 87.10 87.38 87.46 88.21 87.71 87.89 87.89 87.90 88.06 88.13 88.12 88.57 88.60 88.60 89.28 88.67 89.92 90.04 88.92 88.92 88.85 88.87 88.90 89.06 89.41 89.20 89.13 88.88 88.90 88.88 88.83 88.76 88.72 88.71 88.72 88.76 88.67 88.65 88.57 88.53 88.24 88.51 88.50 88.52 88.10 87.97 87.85 87.70 87.85 87.80 87.77 87.89 87.93 87.97 88.06 88.04 87.56 87.37 87.35 87.07 86.82 87.67 87.51 87.48 87.50 87.18 87.24 87.08 87.39 87.45 87.60 87.71 88.10 88.01 87.78 87.33 87.76 87.84 88.22 88.23 88.09 88.52 87.99 87.88 88.02 88.12 88.45 88.47 88.50 88.57 88.52 87.97 88.16 87.87 87.77 87.85 88.27 88.31 88.49 88.86 89.01 89.10 89.00 88.98 89.18 89.08 88.93 88.92 89.08 89.01 88.85 89.00 89.17 89.26 89.29 89.31 89.32 89.38 89.39 89.37 89.24 89.25 89.13 89.05
1°N ||     89.07 89.02 89.11 89.34 89.25 89.36 89.50 89.70 89.19 88.95 88.73 88.73 89.10 89.40 89.40 89.15 89.00 88.92 88.57 88.74 88.61 88.61 88.26 87.78 87.36 87.22 86.65 85.82 85.07 84.79 84.38 83.85 81.66 78.92 79.94 83.56 83.72 83.85 84.18 84.53 84.94 85.27 85.51 85.82 86.20 86.67 86.96 87.27 87.71 87.93 86.84 85.92 85.75 86.12 86.42 86.96 87.34 87.68 87.74 88.02 87.85 88.02 88.40 88.02 88.11 88.19 88.11 88.84 88.43 88.57 88.72 89.86 90.75 90.65 88.79 88.86 88.87 88.90 88.80 89.45 88.80 89.36 88.97 88.86 89.05 88.94 88.84 88.76 88.80 88.72 88.71 88.75 88.69 88.68 88.66 88.56 88.52 88.35 88.36 88.25 88.23 88.27 88.13 88.18 87.91 87.76 87.79 88.14 88.04 88.02 88.00 87.73 87.81 87.72 87.41 87.25 87.52 87.51 87.27 87.61 87.45 87.33 87.41 87.44 87.44 87.53 87.68 87.87 87.90 88.06 88.31 88.21 88.47 88.45 88.46 88.47 88.30 88.29 88.40 88.24 88.47 88.51 88.63 88.62 88.64 88.50 88.20 88.16 88.20 88.01 88.17 88.39 88.73 88.81 88.84 88.88 89.02 89.12 89.07 89.17 89.09 89.09 89.02 89.14 89.11 89.03 88.94 89.13 89.21 89.25 89.30 89.34 89.34 89.37 89.38 89.38 89.40 89.33 89.27 89.19
3°N ||     89.43 89.34 89.38 89.48 89.58 89.63 89.59 89.51 89.40 88.95 88.87 88.90 89.46 89.58 89.54 89.34 89.19 88.76 88.70 88.85 88.77 88.47 88.13 87.64 87.10 87.69 87.09 85.29 85.10 85.19 85.07 85.20 84.72 81.38 82.90 83.87 83.63 83.75 84.26 84.73 85.15 85.39 85.59 85.57 86.59 86.98 87.41 87.67 87.91 88.29 88.34 87.37 86.86 87.06 87.39 87.67 87.83 87.92 87.97 88.17 88.11 88.04 87.85 88.44 88.50 88.30 88.38 88.59 88.62 88.72 88.77 88.84 90.17 90.32 89.88 89.51 89.53 89.31 89.19 89.12 88.90 88.84 88.99 88.90 88.86 89.03 88.82 88.73 88.77 88.76 88.80 88.75 88.73 88.69 88.65 88.58 88.56 88.45 88.51 88.42 88.41 88.42 88.41 88.28 88.27 87.91 88.09 88.33 88.51 87.99 88.09 87.91 87.63 87.60 87.49 87.80 87.65 87.65 87.41 87.64 87.51 87.40 87.39 87.50 87.52 87.59 87.78 87.90 88.08 88.16 88.59 88.77 88.92 89.02 89.26 88.95 88.56 88.50 88.42 88.56 88.57 88.65 88.70 88.64 88.61 88.39 88.37 88.29 88.21 88.01 88.50 88.87 88.83 88.77 88.80 89.00 89.07 89.14 89.17 89.24 89.06 89.22 89.15 89.20 89.17 89.07 89.11 89.19 89.23 89.25 89.26 89.33 89.35 89.36 89.36 89.39 89.40 89.43 89.45 89.46
5°N ||     89.43 89.52 89.79 89.53 89.69 89.70 89.63 89.61 89.51 89.19 89.07 89.02 89.61 89.72 89.71 89.58 89.02 88.70 88.98 88.91 88.71 88.25 87.85 87.53 87.74 87.82 87.64 86.58 85.22 85.12 85.33 85.74 85.98 85.68 84.84 84.22 83.46 83.27 84.39 85.00 85.41 85.63 85.76 85.53 86.78 87.46 87.76 87.95 88.20 88.51 88.62 87.74 87.73 87.95 88.08 88.18 88.17 88.20 88.23 88.32 88.47 88.24 88.00 88.10 88.27 88.51 88.61 88.66 88.68 88.80 88.96 90.01 88.97 89.62 90.27 89.83 89.30 88.96 88.90 88.92 88.83 88.92 88.86 88.90 89.06 88.89 88.87 88.76 88.79 88.76 88.74 88.75 88.65 88.64 88.62 88.61 88.60 88.60 88.54 88.44 88.43 88.43 88.38 88.41 88.37 88.35 88.38 88.32 88.37 87.89 88.01 87.46 87.61 87.52 87.66 87.55 87.58 87.69 87.63 87.63 87.53 87.44 87.36 87.41 87.84 87.66 87.78 87.99 88.20 88.45 88.78 90.17 90.33 90.33 90.27 90.04 89.62 88.82 88.72 88.69 88.68 88.76 88.72 88.62 88.64 88.46 88.37 88.38 88.10 88.16 88.86 88.83 88.89 88.91 88.96 88.98 89.11 89.16 89.23 89.24 89.20 89.17 89.22 89.21 89.21 89.21 89.20 89.19 89.23 89.24 89.24 89.29 89.32 89.34 89.36 89.39 89.42 89.44 89.46 89.50
7°N ||     89.49 89.55 89.60 89.62 89.70 89.72 89.71 89.69 89.62 89.41 89.17 89.46 89.76 89.83 89.84 89.63 88.95 89.18 89.12 88.93 88.60 88.32 88.37 88.22 88.12 88.08 87.83 87.20 84.83 84.99 85.33 86.11 86.38 86.15 85.56 84.67 82.52 82.50 84.87 85.36 85.65 85.84 85.97 86.23 87.27 87.60 87.84 88.08 88.29 88.49 88.64 88.66 88.17 88.15 88.15 88.18 88.27 88.35 88.42 88.48 88.50 88.40 88.14 88.39 88.58 88.62 88.72 88.75 88.78 88.87 89.04 90.08 90.46 90.01 90.26 89.00 88.96 88.91 89.21 89.37 89.17 88.90 88.93 89.00 88.89 88.81 88.82 88.76 88.79 88.73 88.76 88.73 88.72 88.76 88.62 88.59 88.55 88.61 88.51 88.38 88.38 88.41 88.45 88.37 88.35 88.46 88.21 88.53 88.38 88.40 88.12 87.85 87.80 87.40 87.50 87.58 87.50 87.64 87.65 87.67 87.51 87.56 87.39 87.80 88.06 87.60 87.80 88.05 88.46 88.84 90.11 90.48 90.41 90.38 90.37 90.27 90.22 89.74 88.85 88.83 88.85 88.79 88.68 88.70 88.47 88.30 88.37 88.54 88.41 88.39 88.82 88.94 88.98 89.04 89.17 89.06 89.20 89.25 89.20 89.25 89.28 89.19 89.22 89.21 89.24 89.23 89.20 89.20 89.19 89.19 89.21 89.19 89.29 89.33 89.31 89.41 89.46 89.48 89.50 89.53
9°N ||     89.58 89.70 89.50 89.55 89.75 89.73 89.74 89.71 89.80 89.51 89.29 89.72 89.89 89.93 89.89 89.46 89.21 89.45 89.10 88.79 88.73 88.63 88.59 88.51 88.40 88.22 88.01 87.31 85.37 85.28 85.84 86.64 86.63 86.81 86.42 85.12 81.89 80.03 84.18 85.65 85.83 86.06 86.29 86.65 87.21 87.61 87.90 88.15 88.31 88.51 88.64 88.67 88.59 88.30 88.26 88.27 88.34 88.43 88.48 88.56 88.62 88.57 88.49 88.52 88.60 88.74 88.88 88.90 88.94 89.26 90.08 90.13 89.96 90.40 89.18 89.14 89.20 89.12 89.39 88.96 88.96 88.92 88.90 88.93 88.99 88.89 88.85 88.91 88.85 88.86 88.77 88.75 88.70 88.73 88.67 88.76 88.61 88.56 88.53 88.54 88.50 88.32 88.20 88.15 88.42 88.50 88.52 88.30 88.26 88.17 88.13 88.12 88.01 88.12 87.91 87.71 87.61 87.64 87.64 87.41 87.59 87.53 87.31 88.24 87.69 87.61 87.90 88.22 88.60 89.27 90.29 90.54 90.54 90.50 90.42 90.36 90.29 90.10 89.57 89.11 88.96 89.07 88.68 88.58 88.58 88.54 88.69 88.77 88.71 88.71 88.90 89.05 89.27 89.04 89.20 89.30 89.22 89.20 89.14 89.15 89.60 89.10 89.08 89.12 89.19 89.23 89.14 89.16 89.10 89.15 89.15 89.27 89.28 89.35 89.30 89.41 89.47 89.51 89.54 89.54
11°N ||     89.65 89.64 89.65 89.63 89.82 89.83 89.87 89.84 89.97 89.89 89.76 90.02 90.04 90.00 89.94 89.88 89.50 89.52 89.10 88.87 88.79 88.74 88.63 88.52 88.37 88.24 87.94 87.29 86.62 86.90 86.85 86.85 86.88 86.90 87.01 86.89 82.53 76.51 78.27 85.66 86.00 86.24 86.52 86.86 87.23 87.66 88.00 88.20 88.39 88.51 88.62 88.68 88.67 88.41 88.35 88.35 88.41 88.49 88.53 88.59 88.64 88.54 88.49 88.66 88.76 88.85 89.04 89.19 89.38 89.23 90.47 90.24 89.18 90.46 90.08 89.13 89.99 89.03 88.96 89.11 88.94 88.91 88.86 88.83 88.89 88.92 89.03 88.91 88.90 88.90 88.78 88.76 88.77 88.76 88.82 88.67 88.76 88.56 88.59 88.61 88.56 88.54 88.38 88.18 88.49 88.45 88.76 88.42 88.61 88.13 88.26 88.23 88.20 88.31 88.11 87.76 87.61 87.80 87.95 87.56 87.71 87.64 87.47 87.38 87.53 87.86 88.11 88.39 88.77 89.54 90.55 90.60 90.63 90.52 90.40 90.38 90.26 90.18 89.80 89.26 89.09 88.71 88.79 88.73 88.65 88.81 88.92 88.99 88.99 89.02 89.11 89.25 89.43 89.46 89.31 89.38 89.29 89.29 89.12 89.06 88.99 88.93 88.95 88.97 89.01 89.04 89.05 89.05 89.07 89.37 88.89 89.15 89.26 89.27 89.27 89.48 89.51 89.50 89.20 89.55
13°N ||     89.57 89.72 89.37 89.40 89.83 89.81 89.92 89.98 90.02 90.06 90.11 90.17 90.14 90.11 90.06 89.92 89.78 89.47 88.85 88.89 88.83 88.70 88.61 88.53 88.35 88.16 87.95 87.68 87.09 87.09 86.99 86.99 87.00 87.10 87.27 87.41 86.75 78.69 80.03 84.83 85.83 86.47 86.81 87.05 84.17 87.86 88.11 88.28 88.43 88.51 88.64 88.68 88.69 88.45 88.41 88.44 88.50 88.55 88.58 88.62 88.63 88.66 88.72 88.67 88.83 89.14 89.32 89.53 89.64 90.30 90.41 90.27 89.59 89.47 89.26 89.95 89.35 89.20 88.96 88.85 88.84 88.93 88.87 88.90 88.89 88.89 90.18 88.90 89.40 88.85 88.77 88.78 88.79 88.87 88.86 88.66 88.67 88.69 88.72 88.73 88.71 88.52 88.45 88.49 88.54 88.59 88.53 88.63 88.77 88.39 88.39 88.53 88.33 88.29 88.21 88.09 87.94 88.02 88.11 88.07 87.95 87.74 87.68 87.71 87.78 87.94 88.22 88.54 88.90 89.65 90.58 90.59 90.56 90.49 90.40 90.37 90.31 90.23 89.96 89.44 89.23 88.93 88.95 88.99 88.98 89.03 89.02 89.27 89.15 89.36 89.45 89.52 89.68 89.78 89.81 89.57 89.49 89.27 89.04 88.88 88.74 88.68 88.77 88.77 88.85 88.90 88.93 89.00 88.99 89.00 89.03 88.95 89.29 89.25 89.33 89.36 89.50 89.50 88.98 89.39
15°N ||     89.63 89.77 89.78 89.97 89.92 89.83 90.01 90.13 90.16 90.20 90.25 90.33 90.30 90.26 90.24 90.05 89.52 89.15 88.92 88.91 88.64 86.47 82.01 81.41 83.89 88.07 87.87 87.80 87.62 87.24 87.18 87.09 87.12 87.19 87.28 87.38 87.41 86.33 84.37 84.77 86.04 86.65 87.04 87.26 87.62 88.05 88.20 88.34 88.44 88.51 88.62 88.68 88.71 88.48 88.49 88.49 88.53 88.59 88.62 88.63 88.66 88.66 88.63 88.76 89.16 89.42 89.62 89.76 89.80 90.25 90.50 90.35 89.96 89.68 90.03 89.58 89.57 89.24 89.10 89.05 89.26 88.93 88.73 89.65 88.94 88.90 88.92 88.89 88.89 88.90 89.25 88.94 88.82 88.78 88.84 88.73 88.74 88.77 88.79 88.83 88.78 88.76 88.59 88.56 88.60 88.61 88.54 88.80 88.70 88.29 88.43 88.46 88.48 88.50 88.27 88.23 88.10 88.00 88.07 88.07 87.95 88.02 87.90 87.95 88.01 88.14 88.34 88.68 89.11 90.53 90.56 90.47 90.56 90.48 90.40 90.36 90.29 90.24 90.02 89.60 89.37 89.27 89.15 89.12 89.10 89.13 89.20 89.32 89.57 89.63 89.74 89.84 89.84 89.92 89.93 89.88 89.58 89.23 88.93 88.76 88.63 88.55 88.46 88.55 88.62 88.78 88.86 88.91 88.92 88.96 88.99 89.01 89.11 89.23 89.28 89.38 89.40 89.59 89.19 90.23
17°N ||     89.74 89.88 89.91 90.03 89.57 90.01 90.05 90.13 90.27 90.30 90.36 90.42 90.43 90.40 90.43 89.72 89.32 89.26 89.01 89.03 88.34 81.03 76.91 75.59 78.81 85.89 87.83 87.81 88.00 87.65 87.42 87.20 87.15 87.22 87.30 87.40 87.43 87.26 86.28 86.17 86.63 86.85 87.11 87.34 87.68 88.08 88.26 88.39 88.47 88.54 88.59 88.71 88.69 88.40 88.43 88.54 88.57 88.61 88.62 88.65 88.67 88.71 88.79 89.04 89.23 89.66 89.86 90.08 90.33 90.38 90.20 90.37 90.26 90.04 90.12 89.77 89.38 89.43 89.31 89.04 88.97 88.83 89.05 89.47 88.89 88.92 88.93 89.98 88.95 89.08 88.92 88.91 88.82 88.78 88.82 88.86 88.83 88.83 88.83 88.89 88.88 88.82 88.70 88.66 88.75 88.74 88.74 88.73 88.51 88.40 88.49 88.51 88.44 88.36 88.33 88.29 88.16 87.76 88.00 88.09 88.11 88.11 88.08 88.12 88.16 88.26 88.60 88.73 89.18 90.35 90.51 90.53 90.49 90.43 90.40 90.40 90.33 90.18 90.05 89.86 89.64 89.72 89.56 89.55 89.53 89.69 89.73 89.81 89.90 89.98 90.04 90.03 90.04 90.12 90.07 90.05 89.82 89.21 88.94 88.67 88.51 88.32 88.17 88.17 88.37 88.70 88.81 88.84 88.83 88.89 88.95 89.03 89.12 89.22 89.21 89.34 89.65 89.63 89.53 89.83
19°N ||     89.76 89.92 90.04 90.09 90.14 90.05 90.08 90.21 90.34 90.40 90.45 90.52 90.54 90.53 90.55 89.85 89.38 89.15 88.81 88.93 88.58 81.12 76.98 76.01 78.29 86.18 88.04 88.13 88.17 88.09 87.69 87.31 87.10 87.05 87.08 87.32 87.46 87.45 87.06 86.92 87.01 87.07 87.16 87.33 87.57 87.96 88.31 88.42 88.51 88.55 88.59 88.72 88.63 88.66 88.40 88.49 88.57 88.60 88.64 88.65 88.71 88.72 88.88 89.22 89.61 89.92 90.26 90.36 90.56 90.56 90.66 90.53 90.48 90.36 90.26 89.77 89.63 89.66 90.01 89.12 89.01 88.93 89.08 89.01 89.92 88.87 88.91 88.83 88.92 88.94 88.95 88.95 89.16 88.87 88.86 88.90 88.87 88.87 88.87 88.89 88.90 88.78 89.36 88.77 88.84 88.67 88.60 88.72 88.59 88.56 88.50 88.45 88.34 88.32 88.34 88.46 88.07 88.17 88.06 88.25 88.34 88.44 88.13 88.17 88.22 88.32 88.56 88.48 88.92 89.54 90.15 90.47 90.40 90.39 90.36 90.30 90.29 90.25 90.15 90.08 90.06 90.06 90.18 90.07 90.10 90.07 90.19 90.20 90.22 90.29 90.34 90.27 90.38 90.32 90.30 90.13 89.92 89.23 88.83 88.58 88.24 87.98 87.89 88.07 88.09 87.44 88.69 88.76 88.80 88.85 88.92 89.02 89.12 89.23 89.28 89.51 89.25 89.75 89.70 89.83
21°N ||     90.17 90.06 90.03 90.23 90.34 90.33 90.30 90.38 90.50 90.52 90.60 90.61 90.63 90.63 90.61 89.85 89.40 88.90 88.82 89.00 88.84 83.23 80.79 79.81 81.80 87.73 88.34 88.34 88.29 88.14 87.87 87.48 87.08 86.88 86.72 86.64 87.41 87.44 87.31 87.20 87.17 87.19 87.24 87.36 87.57 87.94 88.34 88.41 88.47 88.53 88.54 88.65 88.73 88.80 88.45 88.49 88.52 88.58 88.60 88.66 88.71 88.73 89.00 89.27 89.68 90.41 90.50 90.56 90.67 90.70 90.69 90.65 90.48 90.49 90.37 90.01 89.91 89.94 89.53 89.14 89.20 89.46 89.10 89.01 88.87 89.11 89.23 88.92 88.94 88.99 88.94 88.94 88.89 88.88 88.96 88.92 88.89 88.90 88.90 88.89 88.94 88.80 88.73 88.85 88.68 88.74 88.85 88.44 88.60 88.73 88.43 88.33 88.33 88.36 88.37 88.46 88.24 88.25 87.65 88.39 88.42 88.40 88.01 88.11 88.28 88.32 88.53 88.45 88.65 88.86 89.41 89.60 90.02 90.13 90.12 90.28 90.27 90.28 90.28 90.25 90.29 90.40 90.40 90.42 90.45 90.42 90.50 90.53 90.53 90.48 90.53 90.48 90.51 90.40 90.44 90.43 90.20 89.32 88.79 88.41 87.90 87.75 87.68 87.65 87.99 88.35 88.59 88.68 88.75 88.83 88.94 89.02 89.12 89.20 89.41 89.47 89.28 89.83 89.83 89.94
23°N ||     90.15 90.21 90.26 90.35 90.41 90.49 90.53 90.61 90.65 90.66 90.69 90.69 90.68 90.66 90.65 89.91 89.21 88.85 88.97 89.11 89.12 87.71 85.91 85.42 88.04 88.63 88.48 88.44 88.35 88.09 87.80 87.49 87.16 86.77 86.54 86.47 87.18 87.45 87.39 87.19 87.19 87.00 87.25 87.40 87.42 88.06 88.21 88.34 88.40 88.47 88.51 88.56 88.65 88.76 88.66 88.55 88.84 89.41 89.22 88.82 88.75 88.66 89.03 89.31 89.76 90.39 90.62 90.69 90.79 90.83 90.75 90.82 90.51 90.75 90.61 90.34 90.26 90.29 90.18 89.58 89.20 88.97 88.87 88.97 88.91 89.01 88.99 88.98 88.97 88.90 89.00 89.03 88.98 88.93 89.02 89.05 89.16 88.83 88.98 88.96 88.90 88.82 88.74 88.82 88.83 88.80 88.79 88.71 88.59 88.66 88.55 88.42 88.42 88.33 88.32 88.35 88.41 88.24 87.79 88.35 88.41 88.30 88.71 88.56 88.27 88.24 88.39 88.50 88.55 88.72 88.87 89.04 89.27 89.56 89.89 90.16 90.28 90.34 90.42 90.45 90.47 90.65 90.56 90.70 90.76 90.81 90.85 90.80 90.94 90.84 90.85 90.80 90.76 90.75 90.78 90.65 90.56 89.50 88.77 88.36 87.98 87.68 87.54 86.08 86.88 88.02 88.47 88.64 88.76 88.84 88.94 89.04 89.18 89.33 89.56 89.43 89.73 89.84 89.59 90.10
25°N ||     90.26 90.30 90.28 90.48 90.59 90.59 90.66 90.67 90.69 90.72 90.74 90.73 90.71 90.70 90.69 89.99 89.09 88.93 88.97 88.89 89.14 89.06 89.04 89.02 88.85 88.69 88.39 88.49 88.26 87.98 87.64 87.39 87.02 86.69 86.48 86.02 86.07 87.36 87.44 87.17 87.26 87.19 87.29 86.59 87.65 88.07 88.27 88.33 88.36 88.41 88.33 88.49 88.50 88.82 88.50 88.53 88.56 88.54 88.90 89.70 89.91 88.89 89.23 90.01 90.38 90.69 90.79 90.80 90.86 90.91 90.90 90.85 90.79 90.71 90.44 90.54 90.50 90.58 90.70 89.96 89.63 89.08 89.01 89.14 89.26 89.02 89.07 89.02 89.03 88.93 88.99 89.13 89.02 89.02 89.03 89.40 89.08 89.00 88.94 88.99 88.80 88.82 88.88 88.82 88.78 88.93 88.87 88.68 88.77 88.73 88.56 88.65 88.62 88.59 88.74 88.38 88.48 88.06 88.20 87.89 88.14 88.09 88.10 88.26 88.28 88.34 88.30 88.25 88.57 88.48 88.82 89.11 89.09 89.33 89.96 90.27 90.37 90.56 90.63 90.68 90.79 90.85 90.92 91.03 91.14 91.25 91.32 91.34 91.32 91.25 91.17 91.12 91.13 91.05 90.96 90.87 90.70 90.47 88.98 88.54 87.94 87.65 86.14 79.58 85.85 87.93 88.49 88.67 88.76 88.86 89.05 89.02 89.24 89.42 89.71 89.76 89.88 89.86 90.09 90.17
27°N ||     90.43 90.50 90.52 90.50 90.70 90.61 90.78 90.80 90.79 90.79 90.78 90.77 90.74 90.72 90.71 90.20 89.20 88.94 88.98 88.95 88.92 88.97 88.73 88.80 88.82 88.73 88.63 88.34 88.11 87.88 87.53 87.25 86.96 86.61 86.02 85.95 86.25 87.49 87.64 87.33 87.46 87.45 87.48 86.58 87.36 88.05 88.22 88.29 88.32 88.24 88.12 88.19 88.52 88.66 88.78 88.89 88.86 89.02 89.09 89.74 89.37 88.83 90.36 90.52 90.67 90.74 90.74 90.83 90.95 90.97 90.76 90.91 90.92 90.83 90.58 90.85 90.65 90.72 90.80 90.76 89.93 89.65 89.43 89.30 89.35 89.13 89.03 88.99 89.04 89.04 89.09 89.09 89.04 89.01 89.08 88.99 89.15 89.08 88.90 88.81 89.22 88.78 88.87 88.88 88.66 89.03 88.52 88.73 88.77 88.68 88.67 88.71 88.69 88.65 88.61 88.67 88.61 88.83 88.45 88.30 88.43 88.69 88.25 88.40 88.41 88.13 87.96 88.39 88.65 88.52 88.85 88.96 89.21 89.78 90.23 90.48 90.69 90.71 90.80 90.91 91.00 91.15 91.25 91.44 91.59 91.63 91.68 91.63 91.62 91.52 91.46 91.46 91.32 91.20 91.05 90.94 90.77 90.56 89.78 88.63 88.18 87.77 87.12 86.48 87.14 88.34 88.63 88.74 88.80 88.90 88.94 89.22 89.40 89.58 89.82 89.98 89.99 90.05 90.20 90.35
29°N ||     90.62 90.66 90.72 90.78 90.85 90.83 90.87 90.89 90.89 90.86 90.86 90.85 90.82 90.64 90.77 90.71 90.00 89.11 88.89 88.91 88.91 88.95 88.72 88.68 88.89 88.78 88.48 88.27 88.05 87.76 87.46 87.16 86.94 86.58 85.47 85.83 86.75 87.50 87.60 87.45 87.68 87.72 87.69 87.77 87.92 88.07 88.23 88.31 88.30 88.06 88.12 88.27 88.29 88.67 88.70 88.75 88.76 88.96 89.04 89.29 89.25 89.65 90.21 89.95 89.63 90.56 90.66 90.80 90.95 91.02 90.96 91.06 91.01 91.06 91.02 90.96 90.86 90.90 90.96 91.00 90.95 90.10 89.82 89.57 89.66 89.21 89.09 91.36 89.11 89.06 89.14 89.33 89.11 89.21 89.01 89.02 89.10 89.10 88.92 88.92 88.84 88.95 88.86 88.89 88.77 88.71 88.60 88.67 88.70 88.59 88.69 88.67 88.77 88.90 88.87 88.86 88.69 88.48 88.44 88.41 88.52 88.39 88.31 88.38 88.21 88.45 88.81 88.94 88.91 89.03 89.10 89.38 89.97 90.18 90.41 90.71 90.79 90.93 91.09 91.24 91.39 91.53 91.72 91.85 91.93 92.06 92.01 91.84 91.93 91.79 91.73 91.59 91.46 91.28 91.18 91.09 90.94 90.79 90.27 88.99 88.62 88.33 87.98 87.95 88.27 88.67 88.76 88.81 88.86 88.93 89.21 89.34 89.60 89.83 90.06 90.22 90.25 90.28 90.48 90.56
31°N ||     90.87 90.80 90.91 90.92 90.93 90.92 90.94 90.99 91.00 90.95 90.92 90.93 90.91 90.88 90.84 90.80 90.38 89.76 89.43 89.36 89.15 89.07 88.90 88.87 88.98 88.54 88.40 88.23 87.92 87.69 87.40 87.30 86.86 86.61 86.16 86.21 86.76 87.53 87.57 87.57 87.73 87.82 87.93 87.94 88.02 88.12 88.22 88.32 88.27 87.91 88.26 88.33 88.36 88.48 88.54 88.60 88.70 88.73 88.82 89.18 89.11 89.54 89.77 90.01 90.34 90.39 90.64 90.75 90.81 91.03 91.08 91.07 91.14 91.22 91.17 91.29 91.01 91.08 91.15 91.05 91.02 90.89 90.38 90.68 90.07 89.72 89.26 89.06 89.24 89.29 89.34 89.20 89.10 89.09 89.47 89.18 89.03 88.93 88.89 89.02 88.84 88.85 88.92 88.92 88.82 88.79 88.64 88.65 88.71 88.64 88.62 88.61 88.77 88.85 88.82 88.82 88.64 88.49 88.57 88.59 88.56 88.81 88.42 88.35 88.55 88.48 88.67 89.02 88.96 89.12 89.36 89.89 90.05 90.39 90.59 90.78 90.96 91.17 91.43 91.60 91.73 91.89 92.25 92.11 92.24 92.32 92.27 92.19 92.12 92.00 91.82 91.72 91.80 91.45 91.43 91.31 91.16 91.02 90.63 90.10 89.05 88.83 88.73 88.72 88.59 88.39 88.88 88.89 88.93 89.00 88.85 90.57 89.95 89.22 90.36 89.96 90.52 90.57 90.60 90.80
33°N ||     91.05 90.46 90.94 90.95 91.03 91.00 91.01 91.05 91.02 91.03 91.01 91.02 91.00 90.96 90.99 90.95 90.88 90.47 89.72 89.03 89.12 89.11 89.16 89.07 88.69 88.46 88.33 88.14 87.97 87.53 87.27 87.03 86.65 86.30 86.01 86.11 86.66 87.41 87.67 87.74 87.85 87.96 88.01 88.06 87.98 88.10 88.09 87.99 87.98 88.07 88.26 88.39 88.41 88.37 88.51 88.65 88.72 88.75 88.74 88.77 88.75 88.76 89.02 89.98 89.99 90.63 90.76 90.81 90.87 91.03 91.16 91.36 91.36 91.36 91.32 91.46 91.38 91.40 91.37 91.16 91.30 91.26 91.00 90.62 90.27 89.85 89.46 89.23 89.54 89.35 89.31 89.01 89.20 89.19 89.24 89.03 89.11 88.93 89.06 89.15 88.80 88.78 88.89 88.74 89.06 88.68 88.72 88.61 88.70 88.52 88.42 88.53 88.70 88.76 88.71 88.61 88.60 88.67 88.58 88.78 88.74 88.80 88.76 88.54 88.65 88.86 88.89 89.05 89.21 89.62 89.79 90.14 90.33 90.56 90.76 90.97 91.21 91.51 91.70 91.83 92.04 92.15 92.29 92.39 92.58 92.39 92.33 92.30 92.23 91.92 92.02 91.93 91.80 91.61 91.42 91.56 91.49 91.32 91.16 90.98 90.69 90.33 90.14 89.69 89.47 88.95 89.27 89.07 89.03 89.13 89.20 89.91 90.27 90.38 90.57 90.68 90.73 90.85 90.93 91.01
35°N ||     91.19 91.11 91.10 91.05 91.09 91.06 91.08 91.08 91.06 91.08 91.10 91.08 91.06 91.02 91.06 90.98 91.03 90.92 90.41 88.69 88.96 89.11 88.99 88.75 88.36 88.45 88.32 88.12 87.82 87.38 86.94 86.40 85.85 85.58 85.40 85.33 85.76 86.39 87.36 87.84 87.98 88.04 88.09 88.07 87.57 87.75 88.16 88.26 88.10 88.02 88.25 88.18 88.09 88.19 88.43 88.65 88.73 88.78 88.79 88.81 88.82 88.80 88.99 89.96 90.53 90.70 90.80 90.81 90.95 91.07 91.13 91.42 91.33 91.48 91.51 91.63 91.60 91.71 91.58 91.47 91.42 91.34 91.35 90.61 90.38 89.99 89.85 89.70 89.48 89.60 89.08 89.11 89.15 89.49 89.64 89.01 89.16 88.99 89.08 88.96 89.00 88.93 88.91 88.87 88.85 88.73 88.66 88.89 88.64 88.44 88.72 88.49 88.52 88.48 88.43 88.40 88.52 88.59 88.64 88.86 88.88 88.84 89.18 89.04 88.95 89.22 89.13 89.23 89.53 89.78 90.06 90.34 90.48 90.71 90.88 91.16 91.40 91.69 91.92 92.11 92.19 92.30 92.52 92.65 92.73 92.69 92.56 92.53 92.33 92.29 92.14 91.78 91.95 91.77 91.72 91.69 91.58 91.45 91.43 91.28 91.18 90.96 90.87 90.80 90.56 90.41 90.04 89.52 89.30 89.36 89.39 89.79 89.87 90.53 90.65 90.75 90.88 91.06 91.18 91.22
37°N ||     91.33 91.17 91.18 91.08 91.17 91.13 91.16 91.15 91.11 91.12 91.14 91.14 91.12 91.07 91.02 90.99 90.95 90.85 90.80 89.00 88.99 88.93 88.80 88.67 88.44 88.48 88.33 88.14 87.86 87.13 86.17 85.42 84.66 84.19 84.18 84.57 84.97 85.09 86.08 87.24 87.91 88.14 88.18 88.16 88.09 87.99 88.07 88.16 88.24 88.41 88.07 87.98 87.88 87.74 88.14 88.50 88.71 88.76 88.78 88.77 88.82 88.78 89.20 90.10 90.52 90.70 90.81 90.89 90.97 91.17 91.23 91.38 91.44 91.62 91.66 91.80 91.92 91.88 91.86 91.70 91.75 91.67 91.55 91.48 91.18 90.99 90.90 90.68 90.27 90.69 89.49 89.31 89.12 89.09 89.28 89.11 89.31 89.53 89.01 89.42 89.05 89.23 88.98 89.51 89.05 89.07 88.84 88.75 88.68 88.55 88.49 88.44 88.44 88.33 88.34 88.34 88.43 88.68 89.21 89.03 88.96 88.84 88.93 88.87 89.14 89.26 89.32 89.38 89.82 90.00 90.27 90.53 90.68 90.82 91.15 91.40 91.54 91.84 92.03 92.30 92.42 92.61 92.77 92.81 92.86 92.90 92.83 92.68 92.64 92.46 92.37 92.27 92.19 92.01 92.14 92.08 91.84 91.61 91.61 91.41 91.22 91.13 90.86 90.76 90.51 90.42 90.14 89.86 89.65 89.63 89.57 89.91 89.81 90.69 90.74 90.85 91.08 91.12 91.23 91.26
39°N ||     91.28 91.24 91.25 91.18 90.80 91.19 91.20 90.96 91.18 91.17 91.13 91.14 91.06 91.05 91.01 90.96 90.94 90.97 90.76 90.24 88.84 88.78 88.96 88.70 88.69 88.51 88.40 88.24 87.73 86.56 85.27 84.10 83.33 83.22 82.85 83.13 84.45 84.69 85.15 86.39 87.64 88.16 88.25 88.23 88.04 88.12 87.99 87.32 88.11 88.14 88.12 87.99 87.74 87.50 87.79 88.26 88.58 88.69 88.74 88.73 88.90 88.92 88.95 89.60 90.56 90.78 90.83 90.89 91.07 91.21 91.38 91.53 91.55 91.78 91.89 91.97 92.02 92.07 92.08 92.19 91.87 91.87 91.81 91.74 91.57 91.06 91.22 90.95 90.49 90.42 90.19 89.67 89.65 89.57 89.49 89.22 89.10 89.06 89.50 89.32 89.52 90.44 89.49 88.96 89.60 88.91 88.85 88.83 88.76 88.78 88.65 88.48 88.89 88.39 88.41 88.59 88.50 88.61 89.17 89.15 89.17 89.15 89.18 89.32 89.35 89.45 89.58 89.82 89.95 90.23 90.45 90.68 90.75 91.07 91.26 91.54 91.72 91.89 92.21 92.27 92.71 92.88 92.94 92.95 92.95 92.99 92.89 92.86 92.75 92.83 92.59 92.54 92.35 92.31 92.24 92.17 92.06 91.75 91.44 91.50 91.29 91.17 90.97 90.76 90.51 90.50 90.31 90.15 90.05 89.92 89.81 89.43 88.91 90.75 90.82 90.85 91.08 91.22 91.28 91.23
41°N ||     91.27 91.28 91.31 91.28 91.25 91.22 91.17 91.21 91.18 91.16 91.15 91.16 91.10 91.13 91.01 91.03 90.95 90.70 90.57 90.23 89.64 89.22 88.98 88.86 88.74 88.62 88.53 88.28 87.65 86.31 84.82 83.88 83.54 83.45 82.63 83.07 84.22 84.82 85.43 86.70 87.77 88.21 88.26 88.24 87.73 88.16 88.03 87.76 87.98 87.90 87.90 87.79 87.78 87.88 88.05 88.17 88.46 88.67 88.68 88.66 88.79 88.93 88.94 89.45 90.35 90.88 90.96 90.87 91.13 91.30 91.43 91.64 91.74 91.88 92.03 92.15 92.20 92.24 92.24 92.22 92.17 92.14 92.02 92.24 92.19 91.72 91.44 91.35 91.01 91.05 90.40 90.91 90.52 90.16 90.26 89.65 89.38 89.95 89.17 89.65 90.61 90.61 90.52 89.22 89.45 88.83 88.82 88.94 88.96 88.87 88.77 88.87 89.91 89.14 88.72 88.83 89.37 88.74 89.25 89.14 89.21 89.20 89.53 89.59 89.74 89.64 89.86 89.91 90.22 90.49 90.62 90.70 90.90 91.11 91.47 91.68 91.93 92.05 92.44 92.61 92.74 92.97 93.01 93.00 93.00 92.95 92.99 92.95 92.90 92.78 92.69 92.73 92.70 92.55 92.40 92.24 92.09 91.98 91.79 91.59 91.37 91.13 91.00 90.81 90.57 90.57 90.49 90.36 90.35 90.11 89.23 89.55 89.28 90.59 90.80 90.97 91.02 91.21 91.21 91.30
43°N ||     91.27 91.34 91.34 91.29 91.26 91.25 91.22 91.20 91.19 91.20 91.16 91.24 91.18 91.18 91.06 91.01 90.87 90.69 90.35 89.87 89.50 89.21 89.02 88.90 88.80 88.72 88.60 88.47 88.05 87.18 85.86 84.73 84.18 84.00 83.89 84.04 84.68 85.10 86.94 87.92 88.32 88.41 88.33 88.30 88.31 87.96 88.16 87.63 87.91 87.93 87.86 87.96 87.44 87.89 88.28 88.20 88.31 88.58 88.69 88.83 88.82 88.84 88.94 89.46 90.32 90.93 91.12 91.18 91.28 91.43 91.66 91.78 92.01 92.09 92.49 92.22 92.34 92.26 92.36 92.36 92.31 92.29 92.11 92.14 92.20 91.87 91.77 91.44 91.34 91.38 91.21 91.09 91.06 90.86 90.56 90.07 89.85 89.66 90.30 90.47 90.72 90.57 89.86 90.43 89.84 90.36 90.12 90.33 88.82 88.78 88.71 89.31 88.79 88.67 89.47 89.53 89.34 89.21 89.29 89.42 89.47 89.48 89.97 90.33 89.91 89.90 89.97 90.31 90.52 90.61 90.55 90.88 90.92 91.21 91.50 91.83 92.03 92.09 92.43 92.67 92.86 92.97 92.92 92.76 93.00 92.94 92.90 92.80 92.96 92.65 92.70 92.67 92.57 92.52 92.53 92.35 92.17 92.10 91.70 91.60 91.36 91.13 90.87 90.79 90.68 90.59 90.46 90.52 90.50 90.22 89.82 89.51 89.07 90.49 90.94 90.94 91.16 91.20 91.28 91.36
45°N ||     91.40 91.40 91.33 91.33 91.32 91.28 91.26 91.21 91.19 91.23 91.23 91.16 91.15 91.09 91.06 90.92 90.72 90.47 90.12 89.79 89.43 89.18 89.03 88.95 88.89 88.83 88.75 88.64 88.43 87.98 87.52 87.11 86.96 85.36 84.64 84.45 85.16 86.67 87.60 88.19 88.41 88.50 88.49 88.54 88.59 88.65 88.67 88.55 88.10 87.80 87.41 87.79 88.27 88.22 88.21 88.35 88.69 88.61 88.69 88.86 88.93 89.12 89.35 89.77 90.35 91.01 91.08 91.31 91.45 91.62 91.72 92.00 92.10 92.24 92.22 92.43 92.42 92.42 92.55 92.55 92.35 92.42 92.34 92.30 92.19 92.10 91.82 91.90 91.75 91.47 91.42 91.54 91.23 91.07 91.02 90.91 90.45 90.19 90.68 90.65 90.15 89.81 89.53 90.48 89.83 90.36 90.43 90.46 89.86 89.30 88.99 89.46 89.25 89.12 89.53 89.28 89.10 89.47 89.53 89.65 89.59 89.86 89.99 90.20 90.20 90.31 90.35 90.39 90.59 90.69 90.81 90.85 91.16 91.31 91.72 91.94 92.15 92.37 92.47 92.67 92.82 92.98 92.98 93.00 92.97 92.85 92.90 92.93 92.89 92.86 92.73 92.81 92.73 92.44 92.54 92.48 92.28 92.02 91.61 91.44 91.31 91.00 90.83 90.76 90.73 90.67 90.66 90.65 90.64 90.53 90.36 89.96 89.33 90.67 90.69 90.79 91.06 91.31 91.31 91.40
47°N ||     91.40 91.38 91.37 91.30 91.29 91.28 91.24 91.26 91.17 91.28 91.25 91.19 91.18 91.08 90.92 90.86 90.55 90.34 90.06 89.77 89.42 89.27 89.13 89.07 88.99 88.93 88.85 88.80 88.72 88.60 88.47 88.41 88.42 88.40 87.76 87.60 88.08 88.28 88.33 88.37 88.46 88.51 88.49 88.53 88.61 88.67 88.67 88.65 87.98 87.80 88.15 88.39 88.69 88.54 88.60 88.81 88.70 89.31 88.70 88.82 88.97 89.24 89.75 90.36 90.83 91.10 91.26 91.37 91.67 91.73 91.96 92.10 92.17 92.29 92.33 92.30 92.18 91.98 92.52 92.53 92.47 92.54 92.42 92.39 92.27 92.21 92.18 92.09 91.96 91.82 91.68 91.63 91.56 91.45 91.14 91.20 90.98 90.83 90.83 90.88 90.73 90.62 90.88 90.55 90.20 90.48 90.05 90.08 90.37 89.86 89.44 89.74 89.78 89.94 89.99 89.21 89.53 89.67 89.78 89.99 90.00 90.11 90.32 90.18 90.43 90.45 90.46 90.52 90.67 90.74 90.98 91.06 91.27 91.45 92.22 92.27 92.17 92.31 92.49 92.63 92.80 92.95 92.96 92.91 92.92 92.89 92.86 92.86 92.74 92.89 92.84 92.80 92.64 92.63 92.63 92.39 92.16 91.89 91.69 90.75 90.94 91.20 90.96 90.92 90.85 90.79 90.80 90.72 90.74 90.70 90.64 90.43 90.52 90.61 90.73 90.99 91.05 91.24 91.30 91.41
49°N ||     91.41 91.37 91.36 91.30 91.34 91.33 91.30 91.29 91.24 91.24 91.27 91.18 91.15 90.99 90.83 90.67 90.42 90.26 90.05 89.80 89.57 89.45 89.30 89.17 89.04 88.98 88.95 88.90 88.87 88.82 88.78 88.74 88.71 88.68 88.64 88.66 88.68 88.67 88.57 88.51 88.50 88.56 88.55 88.43 88.51 88.59 88.59 88.59 88.81 88.17 89.37 89.69 89.90 89.42 89.33 88.82 88.84 88.85 89.49 88.87 89.21 89.64 90.26 90.71 90.83 91.24 91.45 91.66 91.70 91.99 92.00 92.12 92.25 92.28 92.32 92.34 92.40 92.52 92.58 92.57 92.58 92.50 92.48 92.42 92.39 92.30 92.29 92.10 92.04 91.97 91.88 91.74 91.53 91.42 91.32 91.33 91.15 91.19 91.18 91.09 90.77 90.96 90.57 90.68 93.65 91.16 90.14 90.57 90.43 90.07 89.92 90.07 89.98 89.94 89.72 90.11 90.03 90.12 90.21 90.15 90.17 90.25 90.41 90.39 90.39 90.49 90.46 90.59 90.68 90.83 91.03 91.21 91.40 91.62 92.08 92.20 92.13 92.35 92.36 92.59 92.71 92.81 92.88 92.88 92.84 92.86 92.83 92.83 92.76 92.62 92.83 92.70 92.55 92.44 92.45 92.17 92.03 91.77 91.68 90.82 90.64 91.25 91.06 91.01 90.99 90.93 90.95 90.89 90.78 90.85 90.76 90.78 90.17 90.49 91.09 91.04 91.03 91.31 91.48 91.33
51°N ||     91.39 91.39 91.34 91.34 91.36 91.37 91.26 91.24 91.27 91.25 91.18 91.08 90.99 90.89 90.73 90.55 90.34 90.11 89.96 89.79 89.45 89.50 89.36 89.19 89.13 89.07 89.01 88.97 88.93 88.91 88.87 88.82 88.78 88.76 88.77 88.78 88.74 88.72 88.65 88.59 88.56 88.57 88.59 88.61 88.57 88.65 88.75 88.88 89.22 89.47 89.69 89.88 90.13 90.26 90.29 89.74 88.96 88.89 89.01 89.51 89.83 90.32 90.65 91.13 91.16 91.37 91.53 91.75 91.91 92.02 92.19 92.31 92.38 92.38 92.45 92.49 92.50 92.38 92.74 92.84 92.55 92.53 92.59 92.23 92.45 92.35 92.19 92.14 92.21 92.06 92.02 91.91 91.77 91.64 91.54 91.46 91.35 91.11 91.34 91.16 91.13 91.11 90.57 92.79 93.41 90.91 89.82 90.56 90.48 90.31 90.31 90.28 90.27 90.32 90.45 90.28 90.34 90.30 90.40 90.43 90.39 90.47 90.40 90.42 90.49 90.51 90.46 90.61 90.70 90.81 90.95 91.19 91.43 91.61 91.85 91.88 92.16 92.25 92.45 92.55 92.65 92.73 92.86 92.82 92.86 92.84 92.74 92.83 92.80 92.72 92.69 92.54 92.54 92.29 92.00 92.07 91.93 91.75 91.64 91.54 91.38 91.29 91.21 91.09 91.05 91.06 90.96 91.00 90.91 90.88 90.85 90.88 90.75 91.03 91.04 90.92 91.05 91.30 91.46 91.44
53°N ||     91.34 91.31 91.38 91.39 91.37 91.34 91.29 91.23 91.19 91.07 91.11 91.04 90.90 90.77 90.60 90.36 90.03 90.07 89.99 89.83 89.71 89.61 89.46 89.36 89.24 89.16 89.09 89.03 89.00 88.96 88.92 88.90 88.86 88.85 88.86 88.85 88.85 88.80 88.73 88.68 88.64 88.63 88.66 88.68 88.75 88.84 88.91 89.05 89.26 89.58 89.86 90.03 90.17 90.31 90.41 90.52 89.52 89.83 89.28 90.25 90.92 91.07 91.21 91.29 91.42 91.59 91.84 91.96 92.08 92.15 92.36 92.42 92.44 92.48 92.54 92.61 92.61 92.56 92.66 92.61 92.51 92.60 92.53 92.58 92.47 92.63 92.54 92.30 92.26 92.07 92.10 92.00 91.85 91.79 91.62 91.50 91.54 91.80 91.36 91.32 91.11 91.11 90.94 90.79 90.40 90.43 90.40 90.69 90.53 90.61 90.52 90.52 90.42 90.52 90.51 90.47 90.57 90.65 90.52 90.61 90.53 90.48 90.37 90.44 90.49 90.43 90.43 90.58 90.66 90.74 90.98 91.18 91.36 91.52 91.51 91.75 91.91 92.12 92.15 92.27 92.31 92.44 92.46 92.59 92.64 92.66 92.58 92.60 92.44 92.46 92.48 92.47 92.23 92.04 91.95 91.80 91.87 91.71 91.61 91.50 91.40 91.28 91.20 91.15 91.12 91.06 91.10 91.06 90.78 90.88 90.82 90.95 90.92 90.91 90.97 91.15 91.32 91.32 91.41 91.43
55°N ||     91.44 91.41 91.33 91.23 91.27 91.11 91.16 91.20 91.14 91.09 91.06 90.94 90.87 90.72 90.66 90.38 92.25 89.94 90.04 89.96 89.85 89.71 89.62 89.57 89.41 89.29 89.20 89.11 89.05 89.02 88.99 88.98 88.95 88.96 88.95 88.96 88.92 88.90 88.87 88.82 88.76 88.76 88.73 88.75 88.80 88.90 89.03 89.89 89.75 90.02 90.12 90.14 90.51 90.34 90.48 90.65 90.79 90.85 91.09 91.22 91.33 91.45 91.66 91.74 91.89 92.01 92.05 92.16 92.22 92.32 92.45 92.50 92.52 92.59 92.63 92.56 92.60 92.60 92.65 92.76 92.51 92.55 92.60 92.53 92.65 92.49 92.33 92.31 92.16 92.18 92.12 92.08 91.95 91.83 91.62 91.59 91.58 91.55 91.46 91.35 91.28 91.19 91.03 91.04 90.98 90.83 90.73 90.74 90.75 90.67 90.68 90.68 90.61 90.71 90.62 90.73 90.84 90.80 90.79 90.74 90.58 90.53 90.46 90.43 90.36 90.38 90.56 90.67 90.67 90.74 90.92 91.11 91.24 91.28 91.45 91.63 91.76 91.88 91.90 91.98 92.05 92.14 92.17 92.29 92.33 92.27 92.30 92.30 92.03 92.07 92.18 92.05 92.02 91.85 91.75 91.83 91.58 91.69 91.62 91.36 91.27 91.24 91.20 91.21 91.09 91.10 91.04 90.94 90.89 90.97 90.99 90.78 90.84 90.83 91.03 91.19 91.29 91.39 91.46 91.50
57°N ||     91.39 91.39 91.34 91.29 91.33 91.21 91.12 91.08 91.07 91.09 90.95 90.86 90.86 90.71 90.61 90.56 90.11 90.18 90.06 90.05 89.95 89.88 89.77 89.67 89.59 89.50 89.37 89.25 89.26 89.16 89.13 89.10 89.08 89.09 89.07 89.08 89.06 89.04 89.01 88.92 88.90 88.86 88.85 88.86 88.91 89.04 89.23 89.47 89.84 89.99 90.12 90.20 90.29 90.42 90.59 90.75 90.91 91.10 91.26 91.40 91.69 91.77 91.85 91.91 92.02 92.06 92.16 92.25 92.30 92.43 92.44 92.93 92.60 92.60 92.61 92.66 92.64 92.58 92.60 92.58 92.55 92.70 92.46 92.49 91.86 93.28 92.32 92.25 92.23 92.13 92.16 91.99 91.92 91.86 91.81 91.67 91.66 91.53 91.46 91.27 91.28 91.22 91.05 90.91 90.84 90.85 90.84 90.73 90.88 90.81 90.76 90.84 90.93 90.91 90.91 90.95 91.02 90.94 90.86 90.68 90.61 90.62 90.57 90.49 90.49 90.52 90.47 90.56 90.65 90.70 90.88 90.94 91.11 91.11 91.20 91.33 91.54 91.61 91.66 91.60 91.81 91.75 91.90 92.03 92.04 91.99 91.96 91.99 91.95 91.85 91.93 91.87 91.89 91.87 91.69 91.75 91.61 91.66 91.60 91.42 91.32 91.33 91.20 91.16 91.12 91.03 91.02 90.97 90.83 90.95 90.92 90.85 91.06 90.96 90.98 91.14 91.30 91.29 91.35 91.37
59°N ||     91.28 91.32 91.30 91.16 91.26 91.24 91.00 91.15 91.14 91.15 91.07 90.98 90.88 90.80 90.66 90.49 90.53 90.39 90.30 90.21 90.12 90.02 89.89 89.80 89.79 89.74 89.70 89.61 89.55 89.48 89.44 89.35 89.31 89.33 89.42 89.33 89.33 89.33 89.21 89.10 89.07 89.04 89.04 89.14 89.22 89.46 89.62 89.79 89.99 90.11 90.21 90.38 90.45 90.57 90.73 90.84 91.01 91.18 91.35 91.58 91.85 91.70 92.03 92.10 92.11 92.18 92.28 92.35 92.37 92.36 92.48 92.45 92.50 92.58 92.59 92.59 92.53 92.63 92.68 92.64 92.53 92.50 92.52 92.44 92.41 92.39 92.35 92.32 92.25 92.09 91.97 92.03 91.89 91.89 91.63 91.72 91.69 91.59 91.40 91.35 91.24 91.20 91.17 91.10 91.10 91.04 90.87 90.88 90.91 90.95 91.04 91.07 91.06 91.07 90.97 91.05 91.05 91.05 90.86 90.78 90.75 90.68 90.54 90.57 90.48 90.50 90.45 90.53 90.60 90.63 90.76 90.74 90.97 91.14 91.08 90.95 91.20 91.27 91.24 91.43 91.55 91.38 91.56 91.68 91.66 91.58 91.67 91.65 91.66 91.66 91.65 91.69 91.68 91.60 91.59 91.65 91.61 91.49 91.49 91.38 91.42 91.28 91.23 91.13 91.07 91.00 90.82 90.84 90.81 90.88 90.93 90.95 91.02 91.00 91.05 91.10 91.20 91.32 91.15 91.26
61°N ||     91.20 91.21 91.20 91.22 91.19 91.25 91.15 91.09 91.14 91.01 90.95 90.97 90.90 90.79 90.69 90.62 90.54 90.47 90.40 90.29 90.19 90.17 90.10 90.04 89.97 89.94 89.87 89.83 89.79 89.78 89.77 89.72 89.75 89.75 89.71 89.68 89.66 89.68 89.64 90.02 89.58 89.57 89.57 89.61 89.65 89.73 89.81 89.95 90.14 90.26 90.31 90.55 90.70 90.81 90.92 91.09 91.22 91.36 91.50 91.60 91.81 92.01 92.08 92.15 92.24 92.69 92.14 92.39 92.42 92.42 92.52 92.37 92.47 92.62 92.68 92.64 92.60 92.62 92.51 92.56 92.49 92.50 92.44 92.47 92.38 92.35 92.25 92.21 92.12 92.05 91.96 91.92 91.89 91.79 91.79 91.78 91.60 91.51 91.48 91.35 91.31 91.23 91.13 91.11 91.09 91.11 90.96 91.05 91.03 91.11 91.10 91.12 91.15 91.15 91.05 91.13 91.06 91.05 91.00 90.81 90.89 90.85 90.47 90.62 90.57 90.52 90.45 90.41 90.47 90.57 90.57 90.63 90.70 90.27 90.72 90.92 90.96 90.93 91.10 91.19 91.25 91.06 91.33 91.38 91.39 91.24 91.35 91.33 91.40 91.45 91.40 91.46 91.40 91.34 91.42 91.44 91.37 91.34 91.35 91.27 91.22 91.25 91.15 91.12 91.07 90.85 90.97 90.93 90.83 90.89 90.85 90.95 90.99 90.97 91.07 91.08 91.04 91.17 91.15 91.07
63°N ||     91.23 91.09 91.09 91.98 91.13 91.18 91.19 91.16 91.13 91.10 91.05 90.94 90.93 90.82 90.78 90.75 90.67 90.62 90.47 90.33 90.12 90.32 90.26 90.21 90.18 90.16 90.09 90.11 90.10 90.05 90.03 89.98 89.96 89.93 89.88 89.85 89.83 89.86 89.85 89.83 89.82 89.86 89.86 89.91 89.99 90.05 90.14 90.18 90.34 90.46 90.65 90.77 90.91 91.07 91.25 91.33 91.44 91.55 91.70 91.73 91.84 91.99 92.12 92.24 92.23 92.26 92.42 92.39 92.37 92.36 92.43 92.37 92.45 92.44 92.47 92.53 92.48 92.40 92.39 92.44 92.42 92.41 92.31 92.24 92.20 91.94 92.01 91.97 91.96 91.93 91.91 91.82 91.70 91.66 91.72 91.43 91.40 91.42 91.37 91.30 91.29 91.21 91.14 91.14 91.15 91.12 91.12 91.13 91.12 91.10 91.16 91.14 91.21 91.14 91.12 91.09 91.08 90.99 91.07 90.98 90.89 90.86 90.84 90.74 90.67 90.61 90.51 90.48 90.45 90.45 90.46 90.54 90.59 90.60 90.67 90.78 90.83 90.83 90.93 90.78 91.02 90.83 91.04 91.13 91.00 91.15 91.14 91.15 91.19 91.20 91.16 91.17 91.27 91.27 91.26 91.22 91.23 91.17 91.21 91.23 91.18 91.12 91.14 91.10 90.95 91.01 91.01 91.02 90.80 90.88 90.90 90.94 90.84 90.99 91.08 91.12 91.08 91.13 91.15 91.17
65°N ||     91.13 91.27 91.15 91.25 91.24 91.19 91.16 91.19 90.95 91.06 91.00 91.01 91.02 90.99 91.16 90.82 90.78 90.72 90.60 90.67 90.62 90.52 90.49 90.46 90.42 90.40 90.28 90.33 90.31 90.28 90.23 90.18 90.16 90.12 90.07 90.01 90.01 90.02 89.98 89.97 89.97 90.02 90.08 90.15 90.24 90.32 90.38 90.49 90.56 90.68 90.79 90.80 91.05 91.27 91.42 91.59 91.74 91.91 91.96 91.99 92.01 92.14 92.19 92.16 92.29 92.32 92.33 92.24 92.29 92.35 92.23 92.25 92.35 92.35 92.35 92.37 92.37 92.30 92.32 92.30 92.33 92.25 92.19 91.88 93.00 94.90 91.24 91.77 91.87 91.78 91.83 91.67 91.70 91.54 91.53 91.46 91.38 91.36 91.35 91.31 91.23 91.23 91.18 91.06 91.16 91.05 91.04 91.09 91.08 91.07 91.14 91.15 91.20 91.12 90.98 91.01 91.14 91.01 90.98 91.06 91.02 90.94 90.91 90.73 90.71 90.54 90.58 90.50 90.49 90.36 90.46 90.44 90.43 90.47 90.55 90.52 90.60 90.63 90.56 90.68 90.77 90.75 90.83 90.86 90.78 90.93 90.91 90.94 90.92 90.94 90.99 91.01 91.01 91.05 90.87 91.07 91.04 91.12 91.10 91.09 91.00 90.98 91.09 91.07 90.97 91.08 91.07 90.89 91.01 90.92 91.04 91.03 90.99 91.00 91.01 91.09 90.97 90.99 91.17 90.87
67°N ||     91.21 91.19 91.25 91.21 91.19 91.30 91.25 91.19 91.23 91.19 91.03 91.07 91.12 90.99 91.03 90.96 90.95 90.91 90.89 90.88 90.71 90.77 90.64 90.59 90.58 90.46 90.57 90.54 90.46 90.43 90.41 90.31 90.33 90.24 90.52 90.15 90.15 90.14 90.11 90.13 90.16 90.20 90.30 90.34 90.40 90.50 90.61 90.74 90.83 90.95 91.09 91.26 91.39 91.57 91.74 91.90 92.07 92.18 92.30 92.41 92.44 92.41 92.30 92.25 92.25 92.24 92.19 92.22 92.28 92.23 92.26 92.25 92.21 92.27 92.26 92.21 92.18 92.07 92.25 92.20 92.17 92.11 91.95 91.89 91.89 91.74 91.72 91.75 91.70 91.74 91.66 91.58 91.57 91.47 91.44 91.36 91.32 91.28 91.24 91.14 91.09 91.15 91.11 91.00 91.03 91.04 91.05 91.00 90.96 90.87 90.93 91.08 91.14 91.08 91.04 91.06 90.95 91.03 91.01 91.00 90.96 90.85 90.89 90.83 90.76 90.70 90.69 90.55 90.48 90.46 90.39 90.32 90.33 90.33 90.25 90.41 90.42 90.46 90.18 90.51 90.57 90.65 90.67 90.61 90.65 90.66 90.50 90.75 90.74 90.77 90.74 90.87 90.84 90.89 90.91 90.90 90.92 90.94 90.95 91.00 90.85 90.87 90.88 90.95 90.93 90.93 91.04 91.04 91.05 90.99 91.05 90.99 91.09 91.07 90.95 91.01 91.02 91.16 91.13 91.18
69°N ||     91.03 91.24 91.25 91.20 91.23 91.25 91.22 91.26 91.13 91.31 91.20 91.18 91.16 91.18 91.02 90.95 90.95 91.06 91.10 90.99 91.01 91.00 90.96 90.93 90.81 90.79 90.46 90.73 90.72 90.56 90.69 90.50 90.53 90.42 90.33 90.26 90.29 90.28 90.29 90.30 90.31 90.42 90.49 90.57 90.65 90.76 90.95 91.11 91.28 91.41 91.48 91.57 91.62 91.74 91.82 91.95 92.02 92.06 92.16 92.19 92.18 92.19 92.17 92.15 92.09 92.13 92.14 92.14 92.08 92.15 92.15 92.11 92.19 92.16 92.02 92.10 92.09 92.00 92.02 91.98 91.92 91.88 91.92 91.84 91.71 91.73 91.59 91.55 91.53 91.49 91.50 91.43 91.34 91.34 91.34 91.16 91.21 91.21 91.16 91.14 91.12 91.11 91.08 90.98 91.01 91.09 91.05 91.00 91.00 91.04 90.83 90.87 90.99 90.98 91.03 90.99 90.94 90.97 90.96 90.86 90.81 90.85 90.82 90.81 90.69 90.67 90.65 90.62 90.58 90.53 90.47 90.38 90.37 90.30 90.24 90.18 90.24 90.34 90.40 90.37 90.40 90.40 90.44 90.44 90.45 90.46 90.50 90.54 90.54 90.52 90.60 90.55 90.61 90.69 90.75 90.79 90.76 90.81 90.97 90.90 90.85 90.84 90.84 90.93 90.92 90.98 90.99 91.05 91.02 90.98 90.96 91.06 91.09 91.13 91.25 91.18 91.14 91.17 91.12 91.08
71°N ||     91.19 91.27 91.33 91.24 91.19 91.27 91.67 91.14 91.25 91.27 91.14 91.20 91.23 91.17 91.28 91.30 91.29 91.21 91.36 91.11 91.01 91.15 91.14 91.08 90.99 90.95 90.87 90.78 90.83 90.70 90.73 90.76 90.77 90.61 90.72 90.73 90.60 90.60 90.62 90.64 90.59 90.75 90.80 90.85 90.96 91.02 91.13 91.28 91.36 91.48 91.57 91.63 91.64 91.60 91.68 91.70 91.72 91.76 91.81 91.80 91.75 91.82 91.82 91.85 91.99 91.91 91.92 91.95 92.05 91.96 92.00 91.96 91.95 92.00 91.92 91.85 91.86 91.90 91.86 91.79 91.74 91.73 91.70 91.63 91.56 91.54 91.49 91.48 91.43 91.33 91.23 91.17 91.22 91.25 91.15 91.15 91.11 91.09 91.07 91.03 90.96 90.92 90.90 90.87 90.94 90.97 90.96 90.91 90.93 90.92 90.99 90.92 90.90 90.91 90.85 90.91 90.84 90.83 90.74 90.82 90.69 90.78 90.75 90.64 90.65 90.64 90.62 90.62 90.57 90.50 90.46 90.47 90.41 90.38 90.30 90.31 90.25 90.22 90.18 90.15 90.10 90.09 90.12 90.16 90.21 90.26 90.33 90.35 90.44 90.41 90.49 90.47 90.46 90.49 90.58 90.55 90.68 90.74 90.79 90.82 90.84 90.75 90.87 90.89 90.91 90.98 90.95 90.99 90.86 91.03 91.02 91.00 90.92 91.06 91.09 91.13 91.23 91.08 91.17 91.15
73°N ||     91.26 91.34 91.35 91.29 91.22 91.38 91.40 91.36 91.35 91.41 91.49 91.39 91.41 91.29 91.54 91.37 91.34 91.31 91.24 91.24 91.28 91.02 91.04 91.12 91.02 91.14 91.02 91.42 91.20 91.10 91.17 91.01 90.94 90.88 90.79 90.86 90.78 90.81 90.85 90.94 90.99 91.05 91.09 91.12 91.21 91.26 91.29 91.33 91.38 91.44 91.52 91.66 91.60 91.60 91.59 91.57 91.51 91.50 91.43 91.49 91.52 91.56 91.60 91.58 91.63 91.70 91.73 91.69 91.68 91.71 91.80 91.85 91.84 91.73 91.80 91.81 91.82 91.73 91.67 91.57 91.58 91.53 91.48 91.44 91.47 91.45 91.40 91.35 91.29 91.29 91.22 91.05 91.06 91.07 91.06 90.94 90.96 90.96 90.92 90.95 90.91 90.91 90.87 90.75 90.85 90.86 90.80 90.78 90.78 90.73 90.80 90.82 90.87 90.86 90.81 90.87 90.88 90.81 90.71 90.65 90.70 90.77 90.74 90.64 90.62 90.59 90.54 90.58 90.48 90.47 90.43 90.39 90.41 90.35 90.37 90.33 90.29 90.24 90.22 90.23 90.25 90.27 90.29 90.29 90.31 90.33 90.35 90.36 90.40 90.42 90.39 90.46 90.45 90.49 90.48 90.48 90.60 90.65 90.68 90.65 90.77 90.76 90.71 90.81 90.89 90.95 90.87 90.95 91.03 91.07 90.60 92.04 90.79 89.87 91.04 91.11 91.25 91.22 91.06 91.18
75°N ||     91.20 91.32 91.25 91.30 91.31 91.44 91.28 91.38 91.41 91.40 91.46 91.37 91.39 91.50 91.40 91.46 91.45 91.25 91.35 91.40 91.33 91.44 91.49 91.58 91.40 91.21 91.24 91.25 90.98 91.07 91.10 91.03 91.17 91.22 91.30 91.11 91.05 91.06 90.96 91.09 91.07 91.12 91.22 91.20 91.20 91.13 91.22 91.27 91.31 91.41 91.46 91.47 91.46 91.47 91.47 91.60 91.43 91.41 91.43 91.45 91.52 91.57 91.60 91.60 91.60 91.56 91.52 91.54 91.59 91.49 91.62 91.62 91.62 91.62 91.59 91.64 91.57 91.56 91.46 91.49 91.42 91.41 91.34 91.50 91.31 91.23 91.18 91.13 91.12 91.13 91.07 91.05 91.01 90.96 90.97 90.94 91.04 90.85 90.82 90.79 90.78 90.78 90.77 90.73 90.76 90.78 90.79 90.75 90.70 90.77 90.74 90.71 90.77 90.77 90.76 90.74 90.72 90.75 90.66 90.67 90.66 90.64 90.57 90.68 90.67 90.63 90.53 90.51 90.51 90.43 90.50 90.46 90.47 90.43 90.35 90.37 90.33 90.33 90.31 90.30 90.28 90.34 90.34 90.23 90.29 90.33 90.37 90.38 90.34 90.34 90.37 90.41 90.43 90.44 90.47 90.47 90.50 90.58 90.62 90.66 90.66 90.73 90.74 90.81 90.84 90.82 90.83 90.87 90.92 90.98 90.98 91.04 90.98 91.23 91.25 91.28 91.29 91.28 91.23 91.15
77°N ||     91.36 91.23 90.98 90.85 91.01 91.32 91.21 90.81 90.83 91.27 91.38 91.39 91.42 91.38 91.37 91.19 90.90 90.95 90.82 91.17 90.95 91.07 91.53 91.83 91.37 91.17 91.16 91.30 91.23 91.21 91.19 91.20 91.25 91.15 90.81 91.12 91.01 91.10 91.06 91.02 91.19 91.16 91.07 91.07 91.15 91.23 91.26 91.30 91.33 91.36 91.37 91.40 91.25 91.45 91.48 91.52 91.54 91.53 91.52 91.52 91.55 90.85 90.87 91.28 91.41 91.38 91.37 91.40 91.32 91.32 91.38 91.41 91.41 91.42 91.37 91.38 91.36 91.37 91.42 91.40 91.35 91.24 91.23 91.20 91.20 91.14 91.01 91.00 91.08 91.04 91.06 91.01 90.94 90.85 90.83 90.88 90.88 90.87 90.82 90.79 90.78 90.78 90.74 90.82 90.74 90.73 90.74 90.73 90.73 90.72 90.73 90.71 90.68 90.62 90.63 90.62 90.68 90.60 90.61 90.53 90.57 90.60 90.61 90.62 90.61 90.62 90.59 90.56 90.53 90.48 90.51 90.45 90.41 90.35 90.09 90.28 90.37 90.38 90.40 90.37 90.33 90.33 90.33 90.32 90.33 90.30 90.35 90.31 90.34 90.29 90.35 90.39 90.38 90.41 90.45 90.47 90.50 90.52 90.48 90.55 90.57 90.63 90.71 90.77 90.78 90.79 90.83 90.92 90.92 90.88 90.97 90.90 90.96 91.04 91.01 91.22 91.33 91.31 91.23 91.30
79°N ||     91.01 90.89 90.89 90.99 91.02 90.97 90.93 90.92 90.96 90.94 90.96 90.80 91.06 91.01 91.04 91.13 91.13 91.17 91.17 91.11 91.09 91.21 91.19 91.22 91.27 91.31 91.22 90.99 91.06 90.94 91.00 91.04 91.07 91.08 91.03 91.10 91.05 91.15 91.13 91.11 91.13 91.16 91.15 91.10 91.03 91.06 91.09 91.13 91.15 91.23 91.30 91.25 91.28 91.32 91.36 91.36 91.31 91.37 91.43 91.42 91.47 91.49 91.47 91.49 91.43 91.44 91.51 91.45 91.35 91.29 91.23 91.20 91.13 91.16 91.17 91.01 90.97 91.02 91.13 91.15 91.04 91.10 90.94 90.49 90.76 91.08 90.02 90.21 90.82 89.65 90.02 90.51 90.24 89.89 90.39 89.74 89.88 90.48 90.24 89.95 90.06 90.13 90.25 90.61 90.65 90.59 90.64 90.65 90.68 90.66 90.65 90.65 90.64 90.64 90.59 90.61 90.59 90.59 90.57 90.38 90.91 90.37 90.54 90.51 90.49 90.52 90.49 90.46 90.47 90.47 90.48 90.48 90.46 90.46 90.45 90.45 90.46 90.46 90.41 90.43 90.40 90.36 90.29 90.31 90.31 90.24 90.16 90.17 90.21 90.26 90.29 90.25 90.33 90.38 90.37 90.45 90.42 90.48 90.46 90.47 90.50 90.57 90.59 90.67 90.68 90.74 90.71 90.71 90.75 90.87 90.87 90.90 90.91 90.96 90.98 90.93 90.92 91.06 91.07 91.04
81°N ||     90.11 90.12 90.15 90.20 90.15 90.16 90.18 90.17 90.18 90.20 90.23 90.25 90.27 90.30 90.33 90.35 90.36 90.39 90.39 90.41 90.42 90.44 90.47 90.51 90.54 90.60 90.69 90.78 90.78 90.85 90.94 90.84 90.85 91.03 90.54 90.54 90.36 90.61 90.06 90.18 90.38 90.47 90.88 90.89 90.91 90.98 91.05 91.01 90.82 90.77 90.28 90.25 90.08 90.26 90.72 90.39 90.36 90.33 90.31 90.40 90.95 90.77 90.83 90.84 90.91 90.97 91.07 90.72 90.57 90.31 90.32 90.35 89.91 90.13 89.96 89.71 89.54 89.69 89.52 89.34 89.33 89.12 89.16 89.07 89.08 89.14 89.01 89.00 89.00 88.96 89.00 89.06 88.94 88.94 89.09 88.97 88.98 88.90 88.90 88.92 89.09 89.11 89.12 89.10 89.18 89.25 89.01 89.65 89.66 90.21 90.17 89.66 89.87 90.43 90.13 90.22 89.98 90.09 90.33 89.81 89.86 89.78 89.86 89.89 90.12 90.43 89.98 90.05 90.06 90.04 90.10 90.08 90.08 90.10 90.12 90.14 90.22 90.30 90.39 90.39 90.39 90.38 90.38 90.35 90.37 90.32 90.32 90.35 90.36 90.41 90.41 90.43 90.44 90.46 90.45 90.43 90.43 90.46 90.47 90.43 90.44 90.46 90.49 90.49 90.48 90.48 90.45 90.43 90.42 90.34 90.27 90.29 90.28 90.27 90.26 90.21 90.16 90.12 90.12 90.11
83°N ||     89.75 89.76 89.76 89.76 89.76 89.75 89.77 89.78 89.79 89.80 89.82 89.85 89.87 89.89 89.91 89.94 89.98 89.99 90.05 90.05 90.09 90.09 90.10 90.09 90.08 90.03 90.16 90.13 90.10 89.59 89.50 89.33 89.54 89.63 89.37 89.52 89.30 89.32 89.34 89.28 89.17 89.28 89.12 89.05 89.05 89.13 89.12 89.10 89.15 89.20 89.29 89.40 89.58 89.66 89.34 89.42 89.27 89.17 89.17 89.28 89.19 89.71 89.65 90.32 90.48 90.65 90.80 90.90 90.88 90.57 90.32 90.01 89.77 89.60 89.52 89.37 89.28 89.20 89.15 89.12 89.10 89.07 89.04 89.03 89.00 88.97 88.96 88.94 88.93 88.93 88.93 88.93 88.93 88.92 88.91 88.89 88.88 88.88 88.87 88.86 88.86 88.85 88.84 88.83 88.82 88.82 88.82 88.81 88.82 88.86 88.92 89.02 88.99 89.03 88.95 89.01 89.15 89.19 89.09 89.03 89.00 89.02 89.16 89.05 89.09 89.03 89.08 89.10 89.05 89.08 89.01 89.02 89.08 89.18 89.14 89.15 89.19 89.06 89.12 89.12 89.21 89.47 89.52 89.60 89.95 89.91 90.16 90.33 90.36 90.32 90.29 90.27 90.27 90.27 90.32 90.34 90.32 90.30 90.24 90.21 90.18 90.17 90.14 90.11 90.09 90.06 90.03 90.00 89.98 89.96 89.93 89.93 89.90 89.88 89.87 89.85 89.81 89.78 89.77 89.76
85°N ||     89.93 89.81 89.92 90.04 90.11 90.32 89.39 89.30 89.49 89.62 89.14 89.36 89.24 89.14 89.33 89.43 88.99 88.91 88.90 88.90 88.91 89.00 89.29 89.08 89.14 89.22 89.40 89.27 89.26 89.38 89.39 88.85 88.87 89.01 88.88 88.84 88.84 88.83 88.84 88.85 88.85 88.89 88.86 88.83 88.85 88.82 88.80 88.81 88.81 88.85 88.85 88.84 88.87 88.94 88.94 88.89 88.90 88.91 88.94 88.97 88.99 88.94 89.00 88.96 88.94 88.94 89.06 89.07 89.34 89.51 89.61 89.78 89.58 89.56 89.57 89.71 89.85 90.03 90.09 90.09 90.13 90.11 89.78 89.50 89.28 89.25 89.28 89.33 89.41 89.59 89.98 90.02 89.02 88.94 88.93 88.97 88.94 88.92 88.88 88.85 88.84 88.87 88.84 88.82 88.81 88.81 88.80 88.79 88.79 88.78 88.78 88.78 88.78 88.79 88.79 88.80 88.80 88.81 88.81 88.81 88.81 88.82 88.83 88.82 88.82 88.82 88.82 88.82 88.82 88.81 88.82 88.81 88.81 88.82 88.82 88.82 88.85 88.85 88.84 88.91 88.83 88.83 88.83 88.96 88.97 88.98 89.02 89.16 89.03 88.94 88.99 88.94 89.07 89.12 89.28 89.42 89.10 89.24 89.35 89.42 89.38 89.27 89.34 89.61 89.51 89.57 89.72 90.05 89.84 90.12 89.89 89.72 89.61 89.51 89.62 89.80 89.91 89.66 89.68 89.73
87°N ||     88.73 88.76 88.75 88.75 88.77 88.76 88.76 88.75 88.71 88.69 88.70 88.70 88.71 88.72 88.71 88.69 88.68 88.69 88.68 88.68 88.68 88.71 88.71 88.65 88.65 88.65 88.67 88.67 88.68 88.68 88.69 88.66 88.64 88.65 88.64 88.61 88.60 88.59 88.59 88.59 88.61 88.60 88.63 88.62 88.61 88.57 88.57 88.56 88.57 88.59 88.59 88.59 88.59 88.60 88.63 88.66 88.66 88.68 88.69 88.69 88.68 88.66 88.66 88.65 88.65 88.65 88.65 88.65 88.66 88.67 88.73 88.82 88.84 88.81 88.80 88.78 88.81 88.78 88.77 88.80 88.76 88.75 88.74 88.74 88.76 88.74 88.75 88.79 88.76 88.78 88.74 88.72 88.73 88.71 88.69 88.69 88.70 88.69 88.71 88.70 88.69 88.66 88.67 88.68 88.69 88.65 88.65 88.64 88.63 88.63 88.62 88.64 88.62 88.63 88.63 88.64 88.64 88.65 88.64 88.69 88.63 88.64 88.65 88.66 88.69 88.71 88.67 88.66 88.68 88.68 88.70 88.67 88.63 88.63 88.63 88.63 88.63 88.64 88.66 88.67 88.67 88.67 88.68 88.67 88.69 88.69 88.69 88.68 88.66 88.64 88.66 88.63 88.67 88.65 88.62 88.62 88.63 88.71 88.68 88.70 88.67 88.73 88.73 88.76 88.76 88.77 88.75 88.73 88.74 88.75 88.74 88.76 88.78 88.78 88.78 88.79 88.76 88.78 88.80 88.76
89°N ||     88.52 88.51 88.51 88.52 88.52 88.49 88.49 88.47 88.46 88.47 88.47 88.46 88.46 88.46 88.46 88.46 88.45 88.45 88.45 88.45 88.44 88.45 88.45 88.45 88.45 88.45 88.44 88.43 88.42 88.41 88.41 88.40 88.40 88.39 88.39 88.38 88.38 88.38 88.38 88.37 88.37 88.37 88.37 88.37 88.37 88.37 88.36 88.36 88.37 88.37 88.38 88.38 88.39 88.40 88.40 88.42 88.42 88.43 88.44 88.44 88.43 88.44 88.44 88.45 88.45 88.46 88.46 88.47 88.47 88.47 88.47 88.47 88.48 88.49 88.49 88.50 88.50 88.50 88.51 88.52 88.51 88.51 88.51 88.52 88.51 88.52 88.52 88.52 88.52 88.52 88.52 88.53 88.54 88.53 88.52 88.51 88.51 88.52 88.54 88.55 88.53 88.51 88.51 88.51 88.50 88.50 88.49 88.49 88.48 88.48 88.48 88.47 88.47 88.47 88.46 88.46 88.46 88.46 88.45 88.45 88.45 88.45 88.45 88.45 88.46 88.45 88.45 88.45 88.44 88.44 88.44 88.43 88.43 88.43 88.42 88.41 88.41 88.40 88.39 88.39 88.39 88.38 88.38 88.38 88.38 88.38 88.38 88.39 88.39 88.39 88.39 88.40 88.40 88.41 88.42 88.43 88.43 88.44 88.44 88.43 88.43 88.43 88.44 88.44 88.43 88.44 88.44 88.44 88.45 88.45 88.46 88.47 88.47 88.48 88.48 88.49 88.49 88.50 88.50 88.51
