East longitude (degrees): -179:2:179
North latitude (degrees): -89:2:89

Absorbed dose on Martian Surface (1E-6 Gy/day), 2D array where Absorbed dose(i,j)= value at latitude(i) and longitude(j).
94.32 94.38 94.43 94.45 94.44 94.43 94.42 94.43 94.47 94.50 94.64 94.70 94.67 94.72 94.88 94.96 95.01 95.08 95.10 95.01 94.95 95.05 95.06 95.02 94.96 94.92 94.87 94.87 94.93 94.90 94.97 95.05 95.01 94.95 95.02 94.97 94.91 94.86 94.77 94.69 94.64 94.57 94.52 94.50 94.48 94.49 94.49 94.51 94.50 94.49 94.47 94.47 94.45 94.45 94.45 94.46 94.39 94.37 94.35 94.36 94.36 94.36 94.37 94.35 94.37 94.40 94.41 94.29 94.24 94.26 94.22 94.23 94.23 94.24 94.20 94.18 94.17 94.17 94.16 94.16 94.15 94.18 94.19 94.18 94.20 94.20 94.20 94.20 94.20 94.21 94.22 94.24 94.24 94.23 94.24 94.25 94.24 94.25 94.24 94.22 94.19 94.20 94.20 94.19 94.21 94.21 94.21 94.22 94.22 94.21 94.21 94.19 94.16 94.19 94.24 94.27 94.26 94.26 94.27 94.30 94.32 94.33 94.34 94.36 94.40 94.43 94.43 94.46 94.48 94.49 94.50 94.51 94.53 94.55 94.56 94.59 94.60 94.61 94.61 94.62 94.58 94.58 94.55 94.51 94.52 94.51 94.49 94.46 94.41 94.39 94.39 94.38 94.38 94.35 94.34 94.34 94.33 94.33 94.33 94.34 94.33 94.32 94.30 94.28 94.26 94.25 94.25 94.25 94.25 94.27 94.29 94.32 94.32 94.33 94.33 94.33 94.33 94.33 94.32 94.32
95.62 95.69 95.71 95.81 95.78 95.83 95.78 95.77 95.75 95.69 95.69 95.68 95.62 95.55 95.52 95.51 95.53 95.54 95.53 95.50 95.50 95.53 95.61 95.63 95.61 95.57 95.56 95.48 95.53 95.40 95.58 95.60 95.48 95.47 95.46 95.49 95.50 95.50 95.48 95.42 95.36 95.41 95.39 95.38 95.36 95.36 95.36 95.32 95.29 95.25 95.14 95.28 95.12 94.90 94.94 94.90 94.81 94.71 94.66 94.65 94.82 94.41 94.52 94.31 94.25 94.24 94.19 94.14 94.11 94.11 94.11 94.13 94.19 94.18 93.92 93.88 93.81 93.73 93.71 93.90 93.62 93.45 93.45 93.37 93.34 93.36 93.39 93.42 93.45 93.48 93.50 93.49 93.46 93.42 93.41 93.84 93.74 93.91 93.71 93.87 93.84 93.86 93.97 93.98 94.02 94.11 94.15 94.30 94.37 94.40 94.24 94.22 94.26 94.29 94.32 94.32 94.36 94.40 94.47 94.48 94.54 94.59 94.60 94.64 94.70 94.68 94.69 94.75 94.81 94.78 94.83 94.84 94.86 94.91 95.01 95.11 95.17 95.27 95.22 95.10 95.00 94.97 94.94 94.93 94.90 94.90 94.84 94.62 94.58 94.57 94.57 94.59 94.63 94.63 94.63 94.63 94.68 94.77 94.84 94.83 94.88 94.92 94.98 94.99 95.07 95.13 95.21 95.25 95.36 95.40 95.54 95.54 95.56 95.55 95.58 95.47 95.26 95.34 95.59 95.74
95.08 95.11 95.15 95.16 95.17 95.16 95.17 95.20 95.19 95.19 95.19 95.19 95.21 95.27 95.23 95.19 95.20 95.28 95.27 95.27 95.27 95.28 95.30 95.30 95.28 95.28 95.30 95.38 95.42 95.52 95.75 95.77 95.76 95.76 95.79 95.72 95.88 95.84 95.77 95.69 95.85 96.06 96.03 96.06 95.93 95.91 95.83 95.76 95.69 95.62 95.64 95.55 95.55 95.54 95.74 95.81 95.59 95.47 95.50 95.74 95.64 94.92 94.84 94.89 94.99 95.05 94.90 94.99 94.97 94.64 94.82 94.78 94.53 94.47 94.53 94.29 94.58 94.82 95.10 94.82 94.69 94.63 94.70 94.72 94.80 94.69 94.64 94.53 94.53 94.64 94.53 94.53 94.61 94.55 94.55 94.58 94.61 94.64 94.62 94.66 94.61 94.74 95.03 95.28 95.22 95.18 95.16 95.17 95.14 95.19 95.27 95.32 95.35 95.40 95.19 95.21 95.27 95.28 95.24 95.19 95.18 95.19 95.21 95.27 95.34 95.38 95.38 95.32 95.32 95.28 95.24 95.21 95.18 95.18 95.19 95.24 95.59 96.19 96.37 96.25 95.95 95.80 95.74 95.80 95.52 95.38 95.30 95.22 95.26 95.31 95.23 95.25 95.28 95.38 95.47 95.49 95.49 95.49 95.46 95.45 95.43 95.33 95.24 95.18 95.15 95.21 95.27 95.33 95.42 95.54 95.38 95.42 95.40 95.37 95.31 95.25 95.19 95.17 95.10 95.07
95.13 95.15 95.17 95.19 95.19 95.20 95.21 95.22 95.24 95.25 95.27 95.29 95.31 95.33 95.33 95.33 95.35 95.38 95.40 95.42 95.44 95.46 95.49 95.52 95.55 95.59 95.62 95.67 95.74 95.83 95.77 95.66 95.63 95.57 95.64 95.74 95.75 95.74 95.77 95.80 95.61 95.64 95.68 95.70 95.73 95.76 95.73 96.07 96.13 96.18 96.12 96.12 96.08 96.09 96.12 96.10 96.06 96.24 96.26 96.20 95.89 96.14 96.08 95.99 96.18 95.96 95.97 95.97 96.23 96.04 96.23 96.40 96.51 96.52 96.46 96.38 96.38 96.36 96.38 96.45 96.45 96.44 96.36 96.38 96.39 96.34 96.31 96.31 96.35 96.35 96.20 96.19 96.24 96.40 96.20 96.17 96.11 96.08 96.08 95.96 96.08 95.71 95.82 95.61 95.90 96.06 96.08 95.92 95.85 95.88 95.93 96.01 96.14 96.16 96.18 96.14 95.91 95.92 95.90 95.91 95.86 95.83 95.63 95.58 95.62 95.65 95.65 95.55 95.55 95.64 95.59 95.59 95.69 95.69 95.79 96.09 96.45 96.41 96.41 96.40 96.41 95.85 95.80 95.84 95.83 95.91 95.89 95.85 95.83 95.83 95.79 95.72 95.65 95.62 95.58 95.47 95.42 95.43 95.60 95.80 96.06 96.22 95.97 95.68 95.25 95.25 95.05 95.00 94.99 94.95 95.00 95.13 95.45 95.47 95.31 95.17 95.10 95.08 95.09 95.11
95.30 95.34 95.35 95.43 95.29 95.34 95.37 95.40 95.44 95.48 95.52 95.57 95.67 95.70 95.57 95.56 95.58 95.61 95.66 95.70 95.74 95.77 95.79 95.81 95.84 95.88 95.92 95.94 95.96 95.98 96.00 96.09 96.07 96.08 96.15 96.12 96.01 96.04 96.02 96.04 96.16 96.08 95.89 95.94 95.82 95.75 95.79 95.91 95.93 95.85 95.96 95.88 96.04 96.51 96.26 96.41 96.59 96.39 96.58 96.51 96.32 96.41 96.46 96.44 96.41 96.36 96.38 96.40 96.37 96.33 96.40 96.32 96.23 96.25 96.28 96.28 96.23 96.23 96.24 96.28 96.49 96.24 96.14 96.11 96.10 96.12 96.11 96.13 96.11 96.11 96.11 96.13 96.07 95.96 95.83 95.60 95.04 94.37 95.14 95.21 95.62 95.87 95.82 95.90 96.08 96.18 96.25 96.36 96.34 96.29 96.17 96.32 96.37 96.41 96.39 96.42 96.43 96.47 96.46 96.45 96.44 96.46 96.43 96.41 96.40 96.41 96.24 96.26 96.29 96.31 96.33 96.41 96.43 96.46 96.47 96.46 96.44 96.14 95.67 95.54 95.51 95.49 95.49 95.61 95.67 95.69 95.65 95.75 95.81 95.86 95.93 95.97 96.02 95.91 95.97 96.07 96.14 95.96 95.88 95.89 96.12 96.01 95.90 95.90 95.96 95.91 96.14 95.81 95.36 95.14 95.12 95.21 95.32 95.47 95.64 95.27 95.33 95.33 95.21 95.24
95.46 95.49 95.50 95.57 95.57 95.54 95.55 95.58 95.60 95.71 95.64 95.70 95.74 95.76 95.81 95.86 95.79 95.87 95.75 95.92 95.88 95.91 95.89 96.14 96.35 95.84 96.07 96.30 96.22 96.27 96.24 96.25 96.23 96.25 96.27 96.29 96.29 96.29 96.24 96.22 96.23 96.10 96.43 96.50 96.00 96.15 96.15 96.07 96.04 96.13 96.23 96.18 96.50 96.41 96.42 96.55 96.67 96.07 96.41 96.07 96.52 96.42 96.08 96.35 96.33 96.47 96.48 96.45 96.44 96.43 96.41 96.44 96.43 96.43 96.42 96.40 96.41 96.43 96.43 96.33 96.39 96.47 96.31 96.29 96.32 96.44 96.25 96.36 96.26 96.29 96.32 96.27 96.27 96.12 95.54 95.55 95.21 95.61 95.98 96.14 96.07 96.23 96.24 96.27 96.28 96.37 96.28 96.35 96.23 96.35 96.13 96.28 96.19 96.19 96.00 95.93 96.30 96.36 96.47 96.48 96.50 96.49 96.49 96.49 96.50 96.49 96.47 96.49 96.48 96.49 96.47 96.46 96.49 96.48 96.47 96.47 96.50 96.50 96.47 96.47 96.47 96.48 96.34 96.16 96.27 95.99 95.73 95.74 95.75 95.68 95.71 95.77 95.98 96.48 96.42 96.01 95.90 96.18 95.56 95.59 95.93 95.62 95.44 95.35 95.30 95.36 95.28 95.52 95.38 95.35 95.34 95.37 95.45 95.28 95.23 95.30 95.35 95.41 95.41 95.42
95.85 95.71 95.69 95.68 95.64 95.78 95.76 95.95 95.93 95.96 95.94 95.96 96.13 96.04 96.02 96.04 96.08 96.07 96.15 96.10 96.09 96.11 96.09 96.14 96.12 96.19 96.28 96.31 96.23 96.28 96.27 96.29 96.29 96.30 96.30 96.31 96.29 96.30 96.30 96.31 96.31 96.33 96.30 96.24 96.22 96.11 95.81 96.20 95.75 95.93 96.36 96.30 96.17 95.79 95.88 96.06 96.20 96.18 96.25 96.22 96.37 96.48 96.40 96.44 96.51 96.51 96.49 96.51 96.51 96.50 96.50 96.51 96.50 96.51 96.50 96.49 96.47 96.41 96.31 96.34 96.31 96.23 96.19 96.09 96.25 96.37 96.30 96.31 96.19 96.27 96.29 96.28 96.09 96.02 95.95 95.84 95.46 95.17 95.99 96.51 96.64 96.69 96.68 96.20 96.31 96.22 96.24 96.33 96.20 96.36 96.23 96.20 96.19 96.38 96.53 96.45 96.21 96.13 95.90 95.75 95.68 95.44 95.35 95.69 95.98 96.24 96.38 96.37 96.32 96.23 95.96 96.21 96.27 96.00 96.27 96.35 96.47 96.44 96.34 96.28 96.14 96.13 95.98 96.20 96.48 96.47 96.41 96.37 96.04 96.06 96.09 95.68 96.03 96.18 96.18 95.77 95.58 95.63 95.50 95.53 95.57 95.47 95.45 95.59 95.52 95.48 95.55 95.61 95.64 95.62 95.55 95.60 95.71 95.54 95.55 95.58 95.67 95.75 95.80 95.71
95.94 95.99 95.89 95.96 95.87 95.87 95.93 96.23 96.05 96.01 96.41 96.52 96.09 96.18 96.19 96.25 96.15 96.21 96.21 96.13 96.13 96.24 96.24 96.31 96.24 96.28 96.30 96.31 96.29 96.28 96.28 96.27 96.30 96.29 96.09 96.27 96.27 96.26 96.25 96.26 96.24 96.22 96.23 96.23 96.26 96.29 96.26 96.23 96.15 96.12 96.18 95.93 95.81 96.00 96.27 96.32 96.29 96.44 96.50 96.51 96.52 96.52 96.51 96.49 96.48 96.47 96.46 96.35 96.43 96.38 96.37 96.32 96.33 96.27 96.26 96.28 96.20 96.27 96.19 96.23 96.28 96.30 96.34 96.27 96.44 96.33 96.33 96.39 96.31 96.31 96.28 96.14 96.06 96.23 96.30 96.29 96.28 96.27 96.30 96.23 96.16 96.21 96.21 96.17 96.30 96.31 96.32 96.23 96.24 96.19 96.16 96.09 95.86 95.95 96.09 95.75 95.97 95.87 95.73 95.82 95.66 95.61 95.99 96.16 96.10 95.98 96.49 95.88 95.96 95.96 96.01 96.21 96.16 96.11 96.08 95.99 96.14 95.66 95.47 95.22 95.16 95.52 96.51 96.45 96.49 96.00 96.28 95.99 96.33 96.45 96.39 96.36 96.33 96.34 96.39 95.94 95.37 95.33 95.32 95.32 95.30 95.39 95.73 95.66 95.73 95.42 95.45 95.55 95.58 95.58 95.61 95.62 95.64 95.76 95.76 95.79 95.85 95.82 95.85 95.87
96.37 95.92 96.20 96.20 96.16 96.04 96.33 96.22 96.24 96.23 96.03 95.85 96.27 96.04 96.19 96.27 96.23 96.22 96.19 96.14 96.07 95.89 96.35 95.78 95.92 96.29 96.19 96.18 96.20 96.22 96.23 96.22 96.26 96.13 96.10 95.95 96.06 96.22 96.18 96.21 96.21 96.23 96.20 96.22 96.24 96.24 96.26 96.16 96.40 96.72 96.73 96.78 96.77 96.20 96.43 96.43 96.50 96.51 96.52 96.53 96.53 96.53 96.51 96.48 96.49 96.32 96.39 96.47 96.48 96.50 96.50 96.41 96.32 96.39 96.36 96.30 96.26 96.32 96.43 96.26 96.28 96.28 96.29 96.43 96.36 96.46 96.50 96.48 96.43 96.45 96.33 96.32 96.15 96.32 96.30 96.33 96.39 96.39 96.38 96.37 96.38 96.39 96.43 96.40 96.36 96.32 96.39 96.19 96.17 96.09 95.83 95.65 95.81 96.08 96.28 96.14 96.22 96.16 96.20 96.01 96.08 95.87 95.75 95.71 95.89 95.88 96.04 96.04 96.15 96.13 96.10 96.14 96.15 96.19 96.23 96.24 96.24 96.30 96.18 96.03 96.20 95.51 95.58 95.90 95.95 95.98 96.01 96.11 96.34 96.26 96.18 95.77 96.13 96.33 96.44 96.51 96.29 95.84 95.39 95.62 95.47 95.62 95.85 95.85 95.52 95.66 95.86 95.93 95.85 96.02 96.34 96.25 96.08 96.02 96.03 96.00 96.07 95.98 96.00 96.32
96.29 96.31 96.36 96.39 96.42 96.48 96.53 96.51 96.51 96.53 96.53 96.26 95.97 95.83 95.48 95.50 95.86 95.90 96.35 96.02 96.04 95.97 95.88 95.92 96.63 96.17 96.17 96.18 96.14 96.04 96.08 96.03 96.03 96.12 96.09 96.07 96.04 96.18 96.12 96.13 96.19 96.12 96.19 96.16 96.19 96.21 96.09 96.01 96.05 96.40 96.65 96.61 96.72 96.04 96.40 96.46 96.48 96.50 96.47 96.48 96.51 96.40 96.35 96.40 96.45 96.47 96.49 96.42 96.43 96.01 96.19 96.30 96.24 96.34 96.20 96.31 96.28 96.07 95.97 95.91 95.84 96.31 96.29 96.27 96.34 96.35 96.40 96.32 96.41 96.36 96.53 96.49 96.35 96.38 96.37 96.31 96.28 95.99 96.26 96.37 96.42 96.33 96.35 96.35 96.34 96.36 96.22 95.77 95.97 96.12 96.11 96.15 96.15 96.22 96.22 96.18 96.28 96.20 96.25 96.28 96.24 96.32 96.32 96.24 96.28 96.17 95.90 96.00 96.46 96.46 96.08 96.15 96.05 95.47 95.89 95.99 96.04 95.82 95.70 95.86 95.98 95.76 96.14 96.23 96.33 96.35 96.33 96.21 96.21 96.28 96.39 96.35 96.44 96.36 96.62 96.68 96.66 96.55 96.41 96.32 96.41 96.34 96.25 96.38 96.44 96.41 96.41 96.34 96.28 96.45 96.29 96.40 96.36 96.37 96.15 96.15 96.17 96.20 96.05 96.25
96.01 96.05 96.21 96.31 96.14 96.67 96.61 96.50 96.55 96.54 96.53 96.45 96.22 96.27 96.08 96.12 95.59 95.66 95.83 96.06 96.22 96.13 95.99 95.91 95.90 96.18 96.09 96.15 95.98 96.22 95.81 95.85 95.81 95.95 95.98 96.03 96.15 96.17 96.21 96.21 96.24 96.22 96.21 96.24 96.25 96.46 96.18 96.31 96.31 96.31 96.34 96.39 96.40 96.44 96.44 96.42 96.44 96.45 96.37 96.37 96.29 96.44 96.43 96.49 96.44 96.35 96.10 96.11 96.15 96.15 96.14 96.20 96.21 96.31 96.36 96.47 96.41 96.21 95.95 96.10 96.17 96.34 96.30 96.14 96.13 96.04 96.07 96.05 96.17 96.28 96.29 96.34 95.90 96.35 96.38 96.35 96.40 96.40 96.39 96.40 96.38 96.37 96.40 96.37 96.28 96.15 95.83 96.35 96.44 96.37 96.28 96.19 96.23 96.17 96.23 96.02 95.99 96.23 96.37 96.44 96.50 96.45 96.46 96.49 96.48 96.45 96.32 96.17 96.05 96.05 96.22 96.17 96.15 96.12 96.46 96.00 95.46 95.65 95.69 95.77 95.87 95.87 95.70 95.76 96.00 96.20 96.24 96.14 96.32 96.36 96.36 96.39 96.21 95.40 96.35 96.61 96.56 95.68 96.61 96.58 96.55 96.47 96.44 96.41 96.31 96.20 96.09 96.11 95.79 95.66 96.09 96.33 96.30 96.22 96.16 96.09 96.05 96.01 96.10 96.09
96.57 95.96 95.84 96.18 96.20 96.25 96.27 96.49 96.50 96.54 96.55 96.55 96.48 96.42 96.28 96.14 95.99 95.77 95.72 95.57 95.56 95.42 95.60 95.62 95.81 95.80 95.74 95.69 95.91 95.56 95.56 95.56 95.83 96.51 95.84 95.96 95.98 96.29 96.16 96.17 96.22 96.22 96.20 96.22 96.23 96.25 96.24 96.29 96.30 96.28 96.30 96.34 96.35 96.36 96.32 96.39 96.44 96.40 96.42 96.38 96.17 96.32 96.41 96.41 96.31 96.21 96.81 96.81 96.69 96.12 96.19 96.21 96.24 96.32 96.39 96.25 96.12 95.87 95.90 95.76 95.92 95.94 96.09 96.09 96.23 96.19 96.24 96.25 96.25 96.25 96.28 96.34 96.31 96.36 96.34 96.38 96.34 96.31 96.31 96.25 96.24 95.95 95.86 95.88 95.71 95.97 96.47 96.63 96.62 96.48 96.44 96.28 96.29 96.16 96.22 96.18 96.33 96.38 96.48 96.49 96.48 96.47 96.49 96.49 96.46 96.54 96.53 96.58 96.58 96.41 96.12 95.83 96.09 96.16 95.83 95.76 95.70 95.50 95.75 95.38 95.52 95.72 95.73 96.13 96.03 96.00 95.78 95.93 96.13 96.26 96.38 96.42 96.32 96.39 96.44 96.45 96.46 96.44 96.34 96.41 96.39 96.40 96.32 96.23 96.33 96.31 96.31 96.30 96.27 96.08 96.33 96.23 96.20 96.11 95.90 96.15 95.87 95.86 95.88 96.09
96.00 95.82 95.66 95.88 95.91 96.30 96.33 96.50 96.47 96.50 96.49 96.53 96.53 96.52 96.48 96.40 96.34 96.31 96.26 96.12 95.88 95.82 95.85 95.75 95.92 95.89 95.73 96.06 96.00 95.74 95.63 95.79 95.69 95.82 95.92 95.98 96.00 96.04 96.05 96.15 96.17 96.21 96.23 96.24 96.27 96.29 96.28 96.28 96.29 96.29 96.25 96.21 96.18 96.23 96.30 96.35 96.35 96.36 96.30 95.92 96.34 96.42 96.48 96.55 96.30 96.42 96.40 96.40 96.21 96.19 96.28 96.24 96.27 96.33 96.41 96.37 96.19 96.12 95.95 95.79 95.81 95.96 96.32 96.12 96.20 96.22 96.22 96.19 96.09 96.25 96.25 96.27 96.25 96.32 96.24 96.33 96.42 96.36 96.25 96.28 96.18 96.19 96.14 96.09 95.92 96.06 96.00 96.11 96.15 96.11 96.10 96.04 96.10 96.31 96.43 96.59 96.58 96.52 96.47 96.43 96.43 96.49 96.55 96.54 96.58 96.56 96.55 96.57 96.56 96.59 96.23 96.20 96.18 96.12 96.65 95.89 95.86 95.90 96.09 95.58 95.56 95.56 95.80 95.82 95.85 95.63 95.55 96.12 95.98 95.87 96.25 96.21 96.16 96.37 96.35 95.70 96.00 96.08 96.33 96.20 95.92 95.99 96.31 96.15 96.24 96.35 96.29 96.32 96.30 96.28 96.12 96.08 95.99 95.69 96.14 96.24 96.06 95.98 95.79 95.73
95.97 95.96 96.13 95.83 95.69 95.92 96.19 96.24 96.36 96.33 96.44 96.37 96.50 96.45 96.46 96.40 96.43 96.44 96.40 96.18 95.92 95.91 95.77 95.82 95.77 95.85 95.86 95.76 95.73 95.77 95.75 95.82 95.95 95.96 95.94 95.83 95.73 95.91 96.11 95.98 96.19 96.05 95.96 96.15 96.17 96.15 96.07 96.21 96.18 96.17 96.07 96.09 96.21 96.39 96.28 95.99 96.18 96.43 96.37 96.38 96.36 96.35 96.41 96.50 96.63 96.54 96.27 96.56 96.21 96.42 96.33 96.25 96.27 96.22 96.26 96.46 96.52 96.49 96.46 96.30 96.22 96.06 96.11 96.11 96.13 96.15 96.22 96.22 96.23 96.21 96.21 96.22 96.27 96.24 96.26 96.18 96.24 96.27 96.20 96.31 96.32 96.19 96.22 96.30 96.24 96.13 96.05 95.94 95.96 95.86 96.09 96.16 96.31 96.52 96.66 96.68 96.69 96.62 96.55 96.52 96.50 96.49 96.51 96.53 96.60 96.63 96.59 96.58 96.59 96.60 96.53 96.30 96.25 96.35 96.18 95.96 95.81 95.89 95.82 95.38 96.26 95.68 95.97 95.92 95.91 95.75 95.66 95.56 95.41 95.65 95.89 96.08 96.00 96.03 96.18 96.33 96.44 96.44 96.32 96.27 96.04 96.07 96.17 96.15 96.07 95.62 95.59 95.79 96.05 96.18 96.24 96.27 96.18 96.29 96.27 95.83 96.06 96.10 96.07 96.15
96.32 95.82 95.61 95.93 96.10 96.20 96.19 95.85 95.91 96.02 95.79 95.92 96.19 95.90 96.67 95.95 96.15 96.13 96.37 96.23 96.18 96.16 96.17 95.85 95.74 95.64 96.16 96.02 95.73 95.80 96.05 96.20 96.22 96.17 96.15 96.00 95.82 95.92 95.88 95.86 96.09 95.73 95.97 96.13 96.00 95.47 96.25 96.33 96.35 96.32 96.30 96.37 96.36 96.21 96.01 96.46 96.46 96.36 96.46 96.46 96.43 96.36 96.41 96.45 96.56 96.69 96.59 96.36 96.63 96.63 96.56 96.45 96.07 96.40 96.48 96.28 96.27 96.32 96.26 96.13 95.71 95.72 96.08 96.20 96.10 96.07 96.02 96.16 96.22 96.21 96.24 96.21 96.22 96.29 96.25 96.28 96.26 96.19 96.24 96.29 96.32 96.26 96.23 96.23 95.97 96.23 96.20 96.21 96.22 96.28 96.34 96.37 96.42 96.49 96.59 96.61 96.45 96.42 96.44 96.35 96.77 96.60 96.38 96.48 96.56 96.59 96.65 96.67 96.57 96.65 96.75 96.67 95.73 96.59 96.53 96.43 95.90 95.99 95.97 96.16 95.76 95.70 95.64 95.70 95.73 95.68 95.68 95.54 95.66 95.65 95.81 95.80 95.84 95.88 95.91 96.38 96.60 96.58 96.57 96.51 96.43 96.32 96.22 96.10 96.05 95.86 95.64 95.76 95.83 95.27 95.71 96.09 96.16 96.03 95.49 95.68 95.81 96.25 96.26 96.24
96.37 96.11 96.00 96.14 96.17 96.08 95.38 95.78 95.89 95.75 96.03 95.77 95.89 95.42 95.98 96.19 96.07 96.15 95.99 96.14 96.21 96.23 96.08 96.01 95.55 95.78 95.89 95.93 96.14 95.80 95.92 96.26 96.30 96.15 96.28 96.17 95.90 95.62 95.53 95.61 95.78 96.10 96.27 96.26 96.22 96.06 96.31 96.38 96.46 96.45 96.45 96.46 96.47 96.48 96.35 96.27 96.33 96.25 96.40 96.46 96.34 96.21 96.52 96.49 96.18 96.68 96.19 96.52 96.63 96.00 96.17 96.49 96.74 96.38 96.60 96.32 96.34 96.21 96.10 96.11 95.82 95.89 96.06 95.95 95.98 96.19 96.11 96.09 96.28 95.70 96.14 96.25 96.29 96.24 96.42 96.16 96.13 96.14 96.55 96.11 96.07 96.27 96.20 96.22 96.25 96.28 96.27 96.25 96.24 96.39 96.43 96.51 96.54 96.54 96.49 96.35 96.37 96.42 96.27 96.07 96.09 96.12 96.41 96.57 96.70 96.73 96.75 96.73 96.76 96.80 96.74 96.72 96.63 96.56 96.58 96.47 96.22 95.66 95.34 95.51 96.49 96.41 95.33 95.34 96.06 95.52 95.58 95.22 95.58 95.81 95.56 95.60 95.88 96.20 96.33 96.42 96.50 96.47 96.51 96.51 96.49 96.45 96.39 96.31 96.10 95.92 95.73 95.69 95.80 95.68 96.19 95.30 95.75 95.87 95.71 96.07 96.19 96.10 96.23 96.31
96.28 96.29 96.37 96.49 96.29 95.61 95.84 95.76 95.51 95.54 95.61 96.45 95.58 95.66 95.43 95.48 95.87 96.12 95.88 95.80 96.41 95.83 95.86 95.85 95.43 95.80 95.95 95.94 95.91 95.47 95.16 96.26 96.14 96.18 96.16 96.01 96.08 95.79 95.68 95.71 95.60 95.94 96.07 96.14 96.19 96.05 95.81 95.78 96.23 96.45 96.46 96.49 96.42 96.40 96.29 95.97 95.89 95.91 95.79 95.73 96.09 96.70 96.30 96.00 96.63 96.78 96.72 96.26 97.01 95.23 96.84 96.30 96.12 96.42 96.23 96.62 96.70 96.60 96.45 96.73 96.74 96.40 96.08 96.12 96.23 96.10 96.13 96.01 95.99 96.15 96.19 96.23 96.10 95.94 95.95 95.92 95.94 95.99 96.19 95.99 95.85 95.93 95.92 95.97 95.96 96.26 96.29 96.37 96.44 96.50 96.55 96.60 96.65 96.68 96.65 96.56 96.61 96.61 96.66 96.57 96.54 96.61 96.74 96.82 96.88 96.88 96.88 96.88 96.88 96.95 96.81 96.78 96.71 96.76 96.73 96.69 96.65 96.47 95.53 96.11 96.52 96.63 95.62 95.73 96.02 95.91 95.71 95.57 95.55 95.77 96.03 96.11 96.17 96.04 96.25 96.15 96.38 96.12 95.69 95.83 96.41 96.45 96.41 96.26 96.04 95.87 95.73 95.72 95.78 95.72 95.52 95.43 95.72 95.78 96.27 95.75 95.77 95.83 95.99 96.24
96.31 96.33 96.39 96.41 96.12 96.08 96.03 95.80 95.69 95.98 95.95 95.89 95.80 95.87 95.68 95.81 96.09 96.04 96.03 95.99 95.69 95.27 95.27 96.39 95.25 95.80 96.00 96.00 95.99 95.83 95.70 96.18 96.16 96.09 96.16 95.98 95.83 95.67 95.44 95.37 95.44 95.38 95.35 95.49 95.94 95.76 95.67 95.89 96.19 96.33 96.44 96.46 96.46 96.23 96.00 95.50 95.72 95.46 95.66 96.56 95.99 96.77 96.83 96.64 96.12 97.15 97.10 97.18 97.10 97.11 97.11 96.90 95.87 96.23 96.69 96.38 96.32 96.64 96.57 96.53 96.31 96.17 96.24 96.22 96.18 96.10 96.11 95.98 96.04 95.88 96.03 96.13 96.25 96.09 96.14 96.33 96.64 96.16 96.14 96.18 96.17 96.14 95.83 95.91 95.84 95.99 96.35 96.40 96.50 96.58 96.64 96.69 96.75 96.80 96.80 96.84 96.87 96.90 96.92 97.01 97.17 97.25 97.28 97.34 97.46 97.26 97.15 97.13 97.45 97.00 96.90 96.87 96.82 96.75 96.80 96.77 96.16 96.53 96.46 96.30 96.20 96.09 96.14 96.15 95.47 95.75 95.83 95.81 96.02 96.18 96.35 96.35 96.61 96.48 96.11 96.21 96.32 95.61 95.71 96.45 96.31 96.20 96.09 96.10 95.88 95.79 95.89 96.01 96.14 96.01 95.99 95.62 96.05 95.83 95.71 95.77 95.91 96.14 96.16 96.28
96.34 96.13 96.17 96.47 96.56 95.72 96.17 96.24 96.23 96.12 96.19 95.89 95.76 95.99 95.99 95.98 95.81 96.03 95.97 96.03 95.95 95.53 95.31 96.02 95.76 95.93 96.49 95.91 96.02 95.91 96.10 96.03 96.02 96.13 96.06 96.05 96.02 95.52 95.32 95.29 95.22 95.32 95.64 95.78 95.92 96.01 96.10 96.07 96.48 96.74 95.88 95.92 96.10 95.97 96.04 96.33 96.24 95.84 95.78 96.30 95.96 96.80 96.83 96.87 97.36 97.23 97.12 97.12 97.14 97.15 97.14 97.08 96.94 96.83 96.54 96.46 96.58 96.69 96.38 96.49 96.56 96.49 96.43 96.34 96.23 96.61 96.29 96.10 96.18 96.20 96.05 96.01 95.95 96.20 95.91 95.82 96.01 96.07 96.12 96.05 96.14 96.20 95.96 95.53 96.25 96.12 96.24 96.40 96.46 96.51 96.68 96.74 96.82 96.88 96.90 96.97 97.18 97.30 97.73 98.31 98.80 99.19 99.37 99.45 99.49 99.07 98.92 99.00 99.01 98.90 98.08 97.01 97.00 97.10 96.79 96.84 96.85 96.76 96.31 96.31 96.38 96.13 96.17 95.96 96.04 96.39 95.96 95.95 96.00 95.85 96.02 96.23 96.41 96.49 96.71 96.34 96.27 95.42 96.45 96.27 96.35 96.36 96.36 96.18 96.02 95.99 95.79 96.00 95.63 95.98 96.11 95.71 95.35 95.35 95.73 96.09 96.14 96.19 96.31 96.34
96.28 96.19 95.99 96.04 96.36 96.27 96.21 95.75 96.33 96.06 95.84 96.00 95.91 96.06 95.97 95.90 95.96 95.53 95.87 95.92 95.79 95.56 95.24 95.12 94.89 95.75 95.53 95.79 95.98 95.98 95.90 96.02 95.83 95.74 95.89 95.70 95.73 95.64 95.45 94.92 94.90 94.79 95.07 95.79 95.91 96.03 96.09 95.86 96.51 96.69 95.80 95.80 95.50 95.32 95.95 96.52 96.61 96.60 96.13 95.77 95.71 95.86 96.84 97.06 97.22 97.09 97.20 97.14 97.14 97.13 97.14 97.20 96.94 96.95 97.00 97.16 96.57 96.59 96.43 96.45 96.52 96.48 96.28 96.18 96.06 96.33 95.94 96.03 96.16 96.14 96.12 96.16 96.23 96.27 96.12 95.89 95.97 96.03 96.08 95.86 96.18 96.04 95.86 96.12 96.05 96.15 96.33 96.47 96.57 96.59 96.77 96.82 96.84 96.94 97.03 97.32 97.77 98.40 99.04 99.79 100.05 100.43 100.58 100.78 100.78 100.80 100.63 100.65 100.53 100.33 100.64 100.08 97.80 97.71 97.20 96.89 96.67 96.11 95.52 96.52 96.35 95.99 96.48 95.90 95.58 95.74 95.97 96.29 96.14 96.18 96.38 96.39 96.32 96.25 95.89 96.25 96.27 96.35 96.31 96.32 96.29 96.00 96.09 96.30 96.27 96.15 95.84 96.26 96.03 96.22 96.00 95.75 96.02 95.65 95.72 95.92 96.00 96.15 96.19 96.27
95.73 95.90 95.81 96.07 96.48 96.58 96.63 96.22 96.23 95.61 95.91 95.62 95.59 95.50 95.71 95.58 95.53 95.57 95.05 95.24 95.48 95.67 95.13 95.01 95.49 95.34 95.60 95.96 95.94 95.94 95.81 95.96 95.73 94.86 94.85 94.96 95.20 95.20 95.24 94.87 94.74 94.80 94.94 95.55 95.80 95.92 95.94 95.93 95.89 95.82 95.70 95.49 95.17 95.04 95.25 95.57 96.23 96.28 95.89 95.76 96.69 96.78 96.83 96.90 97.10 97.35 97.16 97.18 97.14 97.24 97.26 97.10 97.00 96.66 96.79 96.43 96.42 96.57 96.39 96.46 96.46 96.43 96.30 96.11 96.12 95.87 95.96 96.65 96.33 96.14 95.99 96.11 96.41 96.41 96.14 95.96 95.62 96.23 95.86 95.85 95.84 95.86 96.04 96.24 96.29 96.10 96.07 96.47 96.56 96.68 96.56 96.77 96.92 97.09 97.73 98.40 99.08 99.51 100.12 100.50 101.09 101.44 101.10 101.07 100.24 100.74 100.83 100.94 100.83 100.79 100.82 100.83 100.59 100.08 98.63 97.64 96.87 96.62 96.76 96.59 96.68 96.37 95.79 96.13 96.21 95.62 96.05 95.90 96.20 96.27 95.86 96.15 96.14 96.11 96.03 96.28 96.16 96.04 95.82 95.83 94.98 95.54 96.06 95.95 95.76 96.11 96.32 96.46 96.12 96.46 96.41 96.25 96.22 95.92 95.64 95.35 95.49 95.65 95.89 95.99
95.57 95.91 95.75 95.73 96.16 96.47 96.09 95.76 96.10 95.83 95.62 95.70 94.97 95.93 95.12 95.30 94.69 94.87 95.44 95.29 95.64 95.20 95.46 95.69 95.66 95.92 95.52 95.77 95.89 95.86 95.86 95.85 95.89 95.32 95.17 95.28 95.48 95.52 95.51 95.30 94.98 94.90 95.17 95.26 95.16 95.62 95.63 95.69 95.54 95.58 95.34 95.23 94.98 94.99 94.95 95.21 95.47 95.44 95.83 96.12 95.50 96.56 96.36 96.81 96.81 97.20 97.35 97.32 97.26 97.33 97.29 97.15 97.05 96.68 96.80 96.78 96.44 96.41 96.30 96.00 96.37 96.25 96.20 96.17 95.98 96.01 95.86 96.02 96.21 96.14 96.20 96.21 96.48 96.18 96.05 95.60 95.82 95.73 95.93 96.28 95.83 95.60 95.78 96.00 96.48 96.49 96.28 96.45 96.64 96.61 96.54 96.68 96.87 96.99 99.03 100.25 100.66 101.34 101.71 101.07 100.67 100.92 101.25 101.16 100.80 100.52 100.32 100.69 100.87 100.77 100.79 100.61 100.62 100.54 100.00 98.95 97.88 96.97 96.83 96.77 96.72 96.67 96.38 96.13 96.45 96.43 96.09 96.31 96.27 96.26 96.26 95.89 95.76 96.02 95.74 95.94 95.97 95.57 95.31 95.80 96.28 96.34 95.75 95.69 96.02 96.35 96.26 96.37 96.47 96.41 96.38 96.34 95.82 95.82 95.62 95.99 95.77 95.67 95.92 95.83
95.94 95.99 95.89 95.93 96.10 96.07 96.15 96.17 96.24 95.70 95.51 95.90 95.53 95.38 95.44 95.45 96.10 95.40 95.69 95.77 95.61 95.81 96.18 95.54 95.80 95.95 95.84 95.74 95.74 95.71 95.60 95.66 95.60 95.44 95.45 95.42 95.44 95.46 95.54 95.55 95.30 95.22 95.36 95.29 95.26 95.43 95.43 95.28 95.14 95.01 94.95 94.96 94.93 94.58 94.45 95.32 95.64 95.75 96.01 96.19 96.37 96.35 96.56 96.62 96.57 96.96 97.09 98.00 97.85 97.49 97.38 97.22 96.92 96.84 96.76 96.82 96.33 96.31 96.28 96.71 96.09 96.22 96.05 96.02 95.97 95.91 95.91 96.22 96.21 96.15 96.07 96.13 96.24 96.12 95.98 96.05 95.81 95.84 95.80 96.26 95.23 95.73 95.87 95.93 96.31 95.93 96.30 96.43 96.54 96.56 96.61 96.58 96.87 97.73 100.32 100.77 101.64 101.74 101.18 101.52 101.33 101.56 101.40 101.39 101.19 101.53 101.65 100.81 100.68 101.13 100.78 100.68 100.68 100.55 99.98 99.64 98.43 97.18 96.88 96.82 96.73 96.77 95.56 96.45 96.46 96.29 96.36 96.18 96.05 96.28 96.07 95.91 96.08 95.90 95.95 95.71 95.54 95.60 95.20 94.62 95.53 95.41 95.80 96.35 96.41 96.35 96.03 96.44 96.12 96.16 96.35 96.29 95.81 95.84 95.84 95.26 95.30 95.74 95.88 95.81
96.29 95.77 96.36 96.11 96.28 96.07 96.14 96.12 95.96 95.78 95.50 95.55 95.40 95.25 95.51 95.53 95.81 95.87 95.78 95.76 95.38 95.56 95.71 95.72 95.50 95.75 95.83 95.82 95.31 95.54 95.42 95.61 95.64 95.25 95.35 95.34 95.36 95.44 95.58 95.65 95.19 95.00 94.18 94.23 94.91 95.24 95.13 94.94 94.98 94.77 94.69 94.71 94.64 94.74 94.79 95.38 95.46 95.56 95.68 95.96 95.95 96.02 96.29 95.99 96.74 96.69 96.88 96.92 96.97 97.00 96.95 96.94 96.75 96.85 96.79 96.40 96.35 96.45 96.37 96.44 96.30 96.84 96.02 96.16 96.06 96.06 95.96 96.23 96.21 96.05 95.99 96.09 96.13 96.07 96.05 95.89 96.01 95.88 96.09 95.77 95.73 95.83 95.73 95.44 95.50 95.74 96.23 96.58 96.36 96.47 96.54 96.57 96.94 98.82 100.64 101.45 101.41 101.16 101.36 101.69 101.48 101.47 101.22 101.53 101.47 100.85 101.01 100.94 101.20 100.94 100.77 100.73 100.53 100.20 99.21 99.09 98.47 97.44 96.89 96.88 96.82 96.83 96.73 96.69 96.58 96.47 96.35 96.23 96.22 96.56 96.37 96.27 96.22 95.97 95.93 95.71 95.48 95.47 95.52 95.54 95.36 95.44 95.95 96.44 96.53 96.49 96.40 96.34 96.10 96.24 96.23 96.32 95.39 95.97 96.00 96.43 95.76 95.94 96.14 96.10
96.40 96.35 96.37 96.56 96.45 96.02 96.09 96.02 96.39 96.56 96.82 96.75 96.10 95.57 95.76 95.66 95.33 95.54 95.30 95.59 95.32 95.75 95.71 95.70 95.55 94.87 95.30 95.44 95.62 95.24 95.12 95.33 95.18 95.18 94.99 95.23 95.28 95.42 95.44 93.69 93.42 93.26 91.61 91.36 91.45 93.60 93.60 93.62 94.30 94.61 94.38 94.70 94.51 94.67 94.66 94.72 94.81 95.23 95.87 95.77 95.52 95.09 96.08 96.43 96.42 96.68 96.68 96.78 96.89 96.91 96.89 96.76 96.85 96.61 96.64 96.64 96.54 96.87 96.51 96.27 96.40 96.33 96.13 96.14 96.02 96.02 96.07 96.27 96.27 96.18 96.01 96.13 95.95 95.98 96.05 95.72 95.59 95.95 95.92 95.84 95.60 95.66 95.33 95.15 96.28 95.81 96.09 96.41 96.43 96.44 96.55 96.67 96.92 98.87 100.32 101.48 101.46 100.83 101.56 101.58 101.56 101.39 101.63 101.75 101.37 100.85 101.18 101.27 101.07 101.22 100.99 100.71 100.01 99.40 99.09 98.81 98.12 97.31 97.02 96.89 96.95 96.61 96.51 96.64 96.03 96.14 96.37 96.42 96.44 96.41 96.35 96.33 96.33 95.93 95.82 95.78 95.59 95.87 95.85 95.68 95.62 95.57 96.02 96.27 96.35 96.28 96.34 96.29 95.79 96.11 96.13 95.61 95.54 96.07 96.02 96.05 96.11 96.25 96.36 96.15
96.31 96.40 96.22 95.98 96.50 95.92 96.26 96.17 95.66 95.95 96.66 96.65 95.81 95.56 96.00 95.80 95.99 95.64 95.83 95.90 96.01 95.46 96.03 96.03 95.82 95.82 95.64 95.42 95.53 95.43 95.31 93.68 94.64 94.99 94.99 95.13 95.24 95.20 94.59 94.47 93.96 92.82 92.52 92.61 92.97 93.10 93.02 93.26 92.72 93.73 94.37 94.41 94.45 94.55 94.69 94.73 94.93 95.20 95.27 95.66 95.67 95.78 95.44 95.62 96.13 95.71 96.47 96.86 96.83 96.80 96.82 96.82 96.68 96.61 96.67 96.63 96.59 96.49 96.41 96.43 96.40 96.39 96.30 96.20 96.18 96.02 96.25 96.38 96.20 96.15 96.29 96.31 96.26 95.96 96.06 95.85 95.85 95.82 95.80 96.06 95.62 95.75 95.50 95.61 95.55 95.52 96.03 96.32 96.46 96.48 96.47 96.73 96.94 97.91 100.12 101.58 101.80 101.67 101.24 101.50 101.77 101.63 101.73 101.77 101.49 101.17 101.52 101.28 101.41 101.06 100.81 100.27 99.57 99.19 98.64 98.30 98.05 97.69 97.00 96.79 96.75 96.44 96.48 96.40 96.40 96.51 96.51 96.47 96.00 96.38 96.41 96.45 96.31 96.20 95.95 96.12 95.94 95.72 96.12 96.01 95.79 95.68 95.69 95.85 96.09 96.18 96.44 96.34 96.15 96.13 96.24 96.12 96.34 96.28 96.30 96.12 96.21 96.35 96.44 96.50
96.52 96.42 96.43 96.19 96.73 96.61 96.39 95.85 95.46 94.93 94.67 95.41 95.33 95.99 96.26 96.24 96.25 96.25 96.15 96.09 96.09 96.07 95.83 95.98 95.74 95.44 95.51 95.12 95.01 95.43 95.32 94.55 94.67 94.14 94.75 93.95 94.46 92.74 92.86 94.42 92.72 91.99 93.23 93.28 93.20 93.17 93.37 94.01 93.47 93.46 93.27 93.83 94.38 94.80 94.81 94.92 94.84 95.31 95.40 95.26 95.25 95.83 95.83 96.08 96.34 96.28 96.56 96.65 95.83 96.72 96.59 96.63 96.66 96.70 96.65 96.59 96.54 96.53 96.54 96.43 96.31 96.22 96.04 96.73 96.24 96.11 96.10 96.04 96.33 96.17 96.24 96.32 96.29 96.15 95.84 96.04 95.78 95.72 96.00 95.97 95.56 95.55 95.44 95.59 95.74 95.72 96.61 96.09 96.40 96.50 96.52 96.57 96.77 97.71 98.86 101.19 101.85 102.09 102.34 101.55 101.61 101.63 101.19 101.74 101.28 101.36 101.20 101.31 101.27 101.17 101.00 99.99 99.08 98.71 98.20 97.91 97.40 97.01 96.90 96.82 96.55 96.61 96.34 96.35 96.26 96.32 96.49 96.49 96.47 96.39 96.48 96.40 96.34 96.30 96.20 96.22 96.34 96.22 96.13 95.63 95.88 95.82 95.48 95.46 95.98 96.10 96.42 96.18 96.21 96.31 96.41 96.40 96.39 96.38 96.27 96.15 96.53 96.59 96.53 96.70
96.53 96.74 96.45 96.01 96.39 95.98 95.86 96.02 95.54 94.94 94.80 95.46 95.98 96.11 96.22 96.16 96.26 95.20 96.11 96.08 96.04 95.89 95.87 95.76 95.36 95.55 95.39 95.27 94.81 94.92 94.64 94.50 94.58 94.32 94.43 94.56 93.94 92.62 92.73 92.69 92.18 93.18 93.85 93.76 93.49 93.74 93.58 93.67 93.92 93.97 93.81 93.04 93.77 94.70 94.99 95.16 95.15 95.16 95.18 95.25 95.40 95.55 95.54 96.28 96.25 95.87 96.05 96.30 96.25 96.64 96.59 96.63 96.56 96.42 96.49 96.57 96.58 96.57 96.65 96.53 96.36 96.18 96.30 96.20 96.25 96.04 95.95 96.05 96.13 96.17 96.18 96.29 96.23 95.94 95.95 95.93 96.09 96.21 95.79 95.68 95.71 95.27 95.39 95.68 95.84 95.81 95.86 96.13 96.44 96.39 96.37 96.45 96.62 96.73 97.32 98.86 101.56 101.89 102.19 102.25 101.58 101.55 102.09 102.08 101.22 101.33 101.28 101.17 101.26 101.10 100.33 98.58 97.92 97.90 97.63 97.29 97.42 97.01 96.98 96.96 96.64 96.52 96.02 96.34 96.19 96.28 96.36 96.40 96.47 96.51 96.43 96.31 95.89 95.88 95.95 96.15 95.95 95.79 96.02 96.16 95.99 95.74 96.02 96.18 96.06 96.07 95.96 96.14 96.12 95.82 96.43 96.49 96.34 96.31 96.41 96.45 96.69 96.63 96.46 96.10
96.59 96.63 96.04 95.93 96.06 95.42 95.72 94.99 95.00 95.44 95.38 95.56 96.04 96.15 96.32 96.11 96.28 96.30 96.09 96.11 95.57 95.93 95.89 95.86 95.62 95.41 95.41 95.24 95.04 94.79 94.63 93.88 94.22 94.00 93.69 93.85 93.23 92.31 92.16 91.51 91.76 93.21 94.02 93.66 94.33 93.77 94.57 94.65 94.44 94.49 93.97 93.12 92.36 93.90 94.69 95.15 95.12 95.18 95.21 95.19 95.50 95.82 95.69 96.26 96.32 96.36 96.35 96.35 96.31 96.21 96.34 96.57 96.54 96.44 96.61 96.46 96.65 96.56 96.54 96.60 96.50 96.39 96.49 96.33 96.29 96.21 96.17 96.08 96.08 96.12 96.13 95.90 96.05 96.16 96.00 96.08 95.92 96.09 95.88 95.48 95.62 95.49 95.29 95.47 95.69 95.78 95.78 95.74 96.20 96.37 96.28 96.24 96.11 96.30 96.63 97.16 99.70 101.05 101.65 102.02 101.98 102.25 101.35 101.16 101.37 101.36 101.12 101.10 100.25 99.29 98.78 97.70 97.11 97.07 97.04 97.04 97.26 97.10 96.93 96.90 96.79 96.54 96.35 96.28 96.18 96.15 96.25 96.22 96.29 96.37 96.35 96.19 96.10 95.95 95.55 95.46 95.54 95.50 95.98 95.68 95.93 96.11 95.77 95.98 95.88 95.83 96.10 96.21 96.35 96.11 96.23 96.49 96.09 96.40 96.41 96.49 96.56 96.46 96.31 96.28
96.58 96.20 96.13 96.07 95.60 95.65 95.22 95.55 95.63 95.50 95.62 95.63 95.92 96.11 96.29 96.29 96.30 95.99 95.93 96.14 95.87 95.91 95.86 95.80 95.65 95.59 95.42 95.24 94.97 94.68 94.40 94.23 94.16 93.61 93.44 93.94 93.14 92.11 92.25 91.47 92.44 93.23 93.61 94.15 94.37 94.58 94.61 94.81 94.83 94.94 94.15 93.14 93.51 93.61 93.75 93.71 94.88 95.32 95.32 95.56 95.85 96.11 96.26 96.30 96.40 96.38 96.42 96.49 96.46 96.43 96.48 96.78 96.46 96.35 96.43 96.45 96.50 96.55 96.63 96.63 96.65 96.61 96.52 96.53 96.45 96.26 96.09 95.98 96.10 96.12 96.10 96.14 95.95 96.09 96.12 96.05 96.09 96.00 95.97 95.66 95.63 95.98 95.76 95.63 95.83 95.96 96.02 95.81 96.21 96.35 96.46 96.24 96.45 96.40 96.72 96.72 97.13 97.54 98.00 100.60 101.30 101.78 100.97 101.23 101.06 101.16 100.80 100.28 98.07 97.12 97.75 97.44 97.00 96.99 96.96 96.87 96.86 96.93 96.91 96.84 96.81 96.36 96.40 96.24 96.28 96.05 96.13 96.11 96.13 96.18 96.26 96.13 95.99 95.99 95.73 95.67 96.10 95.49 95.34 95.17 96.02 96.23 96.41 96.08 96.20 96.30 96.38 96.34 96.37 96.30 96.24 96.38 96.20 96.37 96.36 96.25 96.37 96.45 96.44 96.41
96.59 96.23 95.29 96.09 95.62 95.47 95.85 95.48 95.74 95.58 95.56 95.71 96.11 96.24 96.31 96.29 96.28 95.53 96.20 96.19 96.06 95.89 95.88 95.79 95.72 95.59 95.45 95.19 94.90 94.64 94.38 94.05 93.85 93.78 93.73 92.98 93.00 92.52 91.16 90.24 92.33 93.36 93.77 94.07 94.38 94.65 94.82 94.95 95.06 95.08 95.07 94.98 94.38 94.40 94.32 93.65 93.91 94.36 95.31 95.54 95.91 96.31 96.38 96.37 96.48 96.41 96.34 96.41 96.52 96.51 96.58 96.69 96.60 96.44 96.56 96.67 96.59 96.58 96.71 96.70 96.68 96.69 96.61 96.65 96.39 96.36 96.28 96.13 96.05 96.14 96.15 96.19 96.25 96.19 96.16 96.10 96.11 95.78 96.03 95.77 96.10 96.14 95.94 95.94 96.12 96.20 96.24 96.18 95.79 96.32 96.14 96.44 96.50 96.55 96.20 96.33 96.83 96.78 96.99 96.99 97.45 97.41 98.42 100.02 99.02 99.25 98.09 98.52 97.09 96.94 96.87 96.80 96.89 96.92 96.88 96.79 96.83 96.82 96.81 96.63 96.61 96.48 96.34 96.27 96.24 96.15 96.13 96.18 96.17 96.20 96.22 96.09 96.08 95.76 95.92 95.60 95.21 95.40 95.93 95.15 95.90 96.19 96.29 95.98 96.31 95.78 96.30 96.41 96.29 96.23 96.35 96.28 96.16 96.25 96.26 96.39 96.31 96.40 96.47 96.55
96.46 96.23 96.19 96.13 95.74 95.63 96.03 95.35 95.68 95.91 95.83 96.06 96.04 96.15 96.35 96.22 96.37 95.85 96.23 95.86 95.89 95.91 95.82 95.80 95.64 95.55 95.42 95.30 94.90 94.60 94.27 93.95 93.55 93.55 93.37 93.52 93.70 92.35 92.07 90.47 92.57 93.40 93.75 94.14 94.46 94.73 94.93 95.08 95.18 95.33 95.35 95.43 95.23 94.73 94.73 94.82 95.06 95.04 94.95 94.93 94.74 95.98 96.43 96.45 96.44 96.46 96.51 96.59 96.51 96.47 96.49 96.71 96.75 96.83 96.69 96.57 96.68 96.70 96.77 96.77 96.76 96.76 96.73 96.64 96.59 96.46 96.50 96.50 96.29 96.21 96.17 96.27 96.27 96.00 96.10 96.17 96.17 95.97 95.96 95.95 96.13 96.25 95.93 96.11 96.25 96.17 96.33 95.94 95.64 95.82 96.24 96.26 96.41 96.29 96.26 96.31 96.28 96.81 96.78 96.84 96.88 96.89 96.96 96.98 97.01 97.16 97.58 97.24 97.10 96.93 96.81 96.87 96.88 96.84 96.72 96.78 95.72 96.80 96.80 96.05 96.39 96.21 96.16 96.16 96.19 96.20 96.20 96.21 96.15 96.13 96.11 95.94 95.58 95.50 95.40 95.62 96.04 95.31 95.37 95.86 95.58 95.91 96.23 96.22 96.46 95.93 96.37 96.23 96.37 96.46 96.43 96.35 96.11 95.96 96.01 96.25 96.26 96.29 96.49 96.52
96.52 96.15 96.36 96.20 96.13 96.10 96.17 96.37 96.01 96.22 96.08 96.42 96.43 96.38 96.44 96.34 96.37 96.14 95.89 96.21 95.96 95.87 95.83 95.73 95.62 95.45 95.32 95.17 94.83 94.40 94.06 93.76 93.48 93.29 93.21 92.53 92.91 93.24 92.08 92.40 92.82 93.34 93.82 94.16 94.38 94.63 94.81 95.04 95.19 95.24 95.42 95.49 95.27 94.96 94.20 94.83 95.10 95.23 95.23 95.09 94.46 95.51 96.32 96.36 96.44 96.46 96.46 96.19 96.33 96.41 96.45 96.48 96.68 96.89 96.94 96.75 96.80 96.83 96.88 96.81 96.81 96.79 96.88 96.76 96.81 96.61 96.64 96.64 96.62 96.30 96.47 96.39 96.50 96.01 96.26 96.22 96.22 95.92 95.67 96.15 96.16 96.08 96.13 96.15 96.06 95.78 96.07 95.59 95.42 95.70 95.91 95.98 96.22 96.10 96.39 96.61 96.44 96.71 96.78 96.83 96.86 96.83 96.81 96.95 96.86 97.05 96.97 96.81 96.78 96.73 96.78 96.70 96.69 96.77 96.70 96.35 96.30 96.48 95.93 96.25 96.16 96.04 95.94 95.99 96.06 96.11 96.28 96.15 96.12 96.03 96.00 95.85 95.57 95.25 95.38 95.60 95.86 95.55 95.11 95.46 95.37 95.69 95.98 96.27 96.05 96.08 96.36 96.09 96.30 96.40 96.41 96.20 96.00 96.33 96.38 96.27 96.35 96.55 96.65 96.51
96.51 96.52 96.24 96.25 96.18 96.23 96.35 96.43 96.49 96.53 96.52 96.49 96.57 96.61 96.48 96.56 95.75 95.95 96.27 96.02 96.02 95.83 95.82 95.74 95.59 95.36 95.16 94.85 94.50 94.13 93.78 93.39 93.17 93.04 93.08 93.00 92.17 92.54 92.04 92.30 92.79 93.35 93.69 93.94 94.19 94.41 94.66 94.89 95.14 95.29 95.54 95.56 95.56 95.29 94.67 94.83 95.10 95.12 95.08 94.77 94.16 95.71 96.28 96.32 96.16 96.28 96.43 96.24 96.45 96.44 96.35 96.58 96.64 96.82 96.87 96.92 96.79 96.83 96.80 96.85 96.85 96.83 96.84 96.91 96.81 96.71 96.74 96.77 96.72 96.21 96.53 96.42 96.55 96.54 96.56 96.31 96.24 96.73 96.10 95.90 96.02 95.86 95.69 95.57 95.79 96.09 95.53 95.47 95.22 95.68 95.87 96.16 96.08 95.82 95.79 95.97 96.33 96.45 96.56 96.66 96.80 96.71 96.80 96.86 96.87 96.96 96.86 96.73 96.74 96.68 96.53 96.55 96.63 96.67 96.30 95.96 95.50 95.64 95.92 96.14 96.00 95.88 95.65 95.77 96.00 96.08 96.13 96.19 96.02 95.98 95.93 95.89 96.03 95.93 95.97 95.58 95.93 95.58 95.28 95.54 95.22 95.86 96.01 96.18 96.18 96.29 96.25 96.33 96.30 96.59 96.33 96.74 96.33 96.39 96.44 96.41 96.31 96.61 96.73 96.53
96.44 96.49 96.27 96.27 96.25 96.24 96.41 96.70 96.57 96.54 96.47 96.50 96.55 96.46 96.53 96.58 96.40 96.20 96.22 96.08 95.96 95.82 95.78 95.66 95.50 95.32 94.97 94.54 94.05 93.62 93.30 92.93 92.70 92.66 92.79 92.29 92.45 91.73 91.87 92.37 92.74 93.14 93.39 93.65 93.95 94.17 94.48 94.71 94.96 95.17 95.32 95.51 95.56 95.26 94.87 95.11 94.78 95.03 94.76 94.45 94.52 94.84 96.24 96.23 96.29 96.22 96.42 96.48 96.46 96.48 96.53 96.53 96.64 96.74 96.90 96.97 96.88 96.85 96.88 96.90 96.88 96.86 96.85 96.90 96.87 96.91 96.78 96.79 96.73 96.59 96.50 96.58 96.63 96.64 96.46 96.39 96.29 96.08 96.03 96.14 96.19 96.25 95.56 95.83 96.01 95.93 96.08 95.35 95.26 95.61 95.91 95.64 95.97 95.96 96.01 96.17 96.23 96.44 96.50 96.68 96.73 96.78 96.59 96.83 96.76 96.71 96.72 96.32 96.53 96.54 96.49 96.41 96.61 96.33 96.08 95.88 95.05 95.17 95.82 95.74 95.91 95.90 95.64 95.40 96.05 96.13 96.14 96.17 96.16 96.02 95.84 95.65 95.42 95.68 96.20 95.68 95.83 95.77 95.39 95.92 95.82 95.94 95.85 95.84 96.24 96.32 96.45 96.34 96.20 96.60 96.67 96.54 96.57 96.68 96.64 96.41 96.20 96.49 96.49 96.36
96.02 96.22 96.22 96.10 96.31 96.45 96.59 96.82 96.81 96.70 96.64 96.53 96.58 96.56 96.64 96.55 96.40 96.40 96.12 96.10 95.98 95.80 95.68 95.47 95.32 95.09 94.75 94.11 93.28 92.82 92.52 92.36 92.21 92.32 92.54 90.93 92.17 91.65 91.79 92.08 92.26 92.63 92.92 93.20 93.56 93.90 94.25 94.52 94.82 95.03 95.18 95.29 95.43 95.40 95.07 94.72 94.70 94.68 94.80 94.70 94.38 95.54 96.13 96.10 96.23 96.34 96.52 96.54 96.57 96.48 96.55 96.64 96.74 96.85 97.05 97.09 97.03 96.86 96.95 96.92 97.06 96.90 96.89 96.87 96.94 97.00 96.84 96.77 96.77 96.79 96.73 96.67 96.68 96.64 96.46 96.48 96.29 96.25 96.37 95.92 96.16 96.21 95.74 95.99 95.69 95.93 95.39 95.23 95.64 95.65 95.48 95.76 95.74 95.88 95.96 96.05 96.09 96.04 96.08 96.58 96.66 96.66 96.70 96.70 96.61 96.63 96.43 96.44 96.48 96.43 96.40 96.10 96.00 96.15 95.98 95.77 95.42 95.31 95.64 95.80 96.02 96.04 96.18 96.18 96.10 96.13 96.15 96.16 96.08 96.01 96.11 95.71 95.50 95.58 95.89 95.99 95.92 96.04 95.69 95.99 96.05 95.92 95.83 95.77 96.14 96.16 96.10 96.06 96.45 96.64 96.74 96.79 96.81 96.87 96.79 96.80 96.75 96.66 96.67 96.04
96.07 96.06 96.14 96.36 96.37 96.49 96.75 96.79 96.79 96.77 96.72 96.62 96.64 96.36 96.63 96.77 96.52 96.52 96.32 96.08 95.97 95.82 95.52 95.26 95.08 94.81 94.36 93.30 92.35 91.76 91.66 91.74 91.93 92.09 91.75 91.08 91.50 91.71 91.56 91.43 91.55 91.97 92.38 92.68 93.19 93.59 93.97 94.25 94.58 94.86 94.99 95.20 95.23 95.31 95.03 94.70 94.24 94.26 94.74 94.64 94.42 95.69 96.13 95.76 96.07 97.40 98.04 97.08 96.54 96.60 96.43 96.61 96.73 96.81 97.07 97.04 97.07 96.87 96.96 96.89 96.94 96.92 96.92 96.92 96.93 96.92 96.87 96.87 96.86 96.80 96.69 96.71 96.71 96.64 96.56 96.53 96.36 96.39 96.19 96.52 96.25 96.10 95.81 95.80 95.77 95.70 95.79 95.39 95.77 95.72 95.84 95.71 95.53 95.52 95.76 95.80 95.91 96.30 96.34 96.05 96.35 96.29 96.39 96.42 96.38 96.59 96.54 96.54 96.48 96.43 96.10 96.12 95.42 95.70 95.81 95.69 95.25 95.28 95.71 95.90 96.10 96.13 96.21 96.27 96.16 96.13 96.11 96.07 96.05 95.88 95.98 95.91 95.66 95.75 95.66 95.70 95.92 96.07 95.92 96.25 96.07 96.04 95.88 95.75 96.38 95.79 96.02 96.18 96.48 96.72 96.79 96.84 96.84 96.88 96.92 96.83 96.84 96.77 96.83 96.62
96.72 96.07 96.56 96.44 96.60 96.67 96.92 96.87 96.76 96.78 96.77 96.64 96.56 96.58 96.65 96.76 96.06 96.56 96.63 96.16 96.03 95.80 95.56 95.29 94.93 94.46 93.64 92.20 90.65 90.16 90.66 91.30 91.48 91.76 91.91 91.83 92.03 92.06 91.33 90.98 90.94 91.56 91.93 92.29 92.81 93.39 93.79 94.09 94.30 94.47 94.51 94.90 95.08 95.10 94.84 94.73 94.38 95.18 94.62 95.33 95.59 97.21 97.73 98.12 98.48 98.22 97.67 98.51 98.49 96.67 96.63 96.80 96.78 96.81 96.98 96.96 97.03 96.96 96.92 96.91 96.92 96.93 96.91 97.02 96.91 96.90 96.90 96.87 96.85 96.83 96.84 96.79 96.75 96.64 96.58 96.58 96.53 96.43 96.13 96.40 96.02 96.09 95.99 95.73 95.81 95.60 95.70 95.67 95.55 95.60 95.88 95.53 95.38 95.35 95.41 95.11 95.83 96.31 96.32 96.34 96.06 96.33 96.32 96.26 96.40 96.50 96.45 96.58 96.32 96.10 95.97 95.34 95.26 95.32 95.54 95.45 95.25 95.41 95.47 95.80 96.03 96.18 96.16 96.17 96.25 96.18 96.05 96.11 95.91 95.97 95.90 96.02 95.62 95.39 96.08 96.20 95.76 96.17 96.22 96.07 96.11 96.03 95.79 95.95 96.24 96.31 96.24 96.26 96.41 96.80 96.87 97.14 96.95 96.93 96.84 96.97 96.89 97.05 96.60 96.66
96.76 96.74 96.64 96.52 96.62 96.76 96.85 96.92 96.89 96.92 96.86 96.74 96.70 96.75 96.74 96.76 96.59 96.58 96.50 96.32 96.13 95.86 95.60 95.30 94.84 94.23 93.26 91.20 88.68 88.12 89.56 90.81 91.19 91.30 91.39 92.11 91.86 91.82 91.19 90.90 90.95 92.22 91.48 92.02 92.58 93.11 93.62 93.93 94.16 94.34 94.41 95.09 94.59 95.49 97.35 97.20 97.07 95.71 98.41 98.78 97.38 95.78 95.72 95.90 97.54 97.48 97.04 97.15 96.36 98.11 96.89 96.76 96.83 96.87 96.89 97.01 96.94 97.04 97.14 96.95 96.93 96.94 96.93 96.93 96.89 96.90 96.93 96.89 96.84 96.90 96.86 96.84 96.79 96.72 96.79 96.66 96.59 96.47 96.40 96.40 96.37 96.20 95.95 95.80 95.64 95.94 95.67 95.64 95.54 95.48 95.48 95.60 95.27 95.56 95.47 95.62 95.65 96.18 96.28 96.18 96.23 96.34 96.28 96.27 96.10 96.37 96.41 96.42 96.32 96.20 95.50 95.29 95.05 95.44 95.39 95.57 95.25 95.40 95.90 95.93 96.25 96.19 96.26 96.22 96.26 96.22 95.98 95.87 95.83 95.86 95.85 95.69 95.94 95.65 96.24 96.23 95.91 95.90 96.15 96.22 96.05 96.11 95.87 95.77 96.01 96.53 96.55 96.62 96.75 96.88 96.93 97.00 97.02 97.00 96.98 97.03 97.10 97.00 97.08 96.99
97.08 96.96 97.11 97.11 96.82 96.82 96.87 96.94 96.89 96.90 96.86 96.85 96.86 96.76 96.82 96.78 96.76 96.65 96.58 96.42 96.21 96.02 95.66 95.30 94.71 94.12 93.22 91.43 88.77 86.53 87.73 90.79 91.09 91.10 91.01 91.71 91.63 91.32 90.81 90.55 91.07 91.45 91.40 91.97 92.45 92.90 93.62 93.83 94.04 94.27 94.17 94.82 96.83 97.08 99.20 99.28 96.24 93.68 93.52 94.55 95.16 95.34 95.57 95.75 96.09 96.02 96.16 96.72 96.47 96.60 98.61 97.17 98.69 97.01 96.92 97.49 97.28 97.02 97.11 97.11 96.96 96.96 96.97 96.94 96.96 96.93 96.99 96.91 96.93 96.88 96.88 96.92 96.81 96.76 96.69 96.69 96.70 96.53 95.88 96.14 96.40 96.43 96.14 95.98 95.90 95.65 95.62 95.68 95.50 95.53 95.82 95.61 95.67 95.44 95.63 95.73 95.65 95.83 96.08 95.93 96.02 96.19 96.16 96.10 95.89 96.34 96.33 96.45 96.34 96.32 96.14 95.58 95.15 95.34 95.30 95.71 95.48 95.83 96.08 96.09 96.34 96.30 96.21 96.27 96.29 96.27 96.19 96.22 96.05 96.04 95.90 95.67 95.37 95.75 95.71 95.90 96.18 96.24 96.07 96.31 96.19 96.47 96.58 96.42 96.53 96.87 96.60 96.74 96.81 96.92 96.96 96.98 97.09 97.06 97.13 97.20 97.22 96.95 96.99 96.91
96.86 96.91 96.90 97.06 97.13 96.86 96.96 96.90 96.96 96.98 96.90 96.92 96.87 96.85 96.85 96.80 96.79 96.72 96.65 96.49 96.35 96.08 95.82 95.41 94.92 94.26 93.45 92.62 89.20 85.02 85.00 89.61 90.96 90.97 91.05 90.92 91.39 91.15 91.19 90.85 91.00 91.67 93.41 95.00 93.94 93.00 93.60 94.18 94.13 94.52 97.07 97.46 97.37 98.98 97.28 94.19 93.31 94.82 93.95 95.13 95.35 95.46 95.91 95.91 96.22 96.32 96.92 96.51 97.53 96.69 98.73 98.78 99.13 98.10 97.82 97.36 96.97 97.05 97.08 97.61 97.12 96.95 96.99 97.01 96.98 97.01 97.06 96.93 96.95 96.97 97.00 96.85 96.85 96.83 96.76 96.67 96.70 96.61 96.33 96.27 96.43 96.26 96.08 96.19 96.16 95.86 95.66 95.93 96.54 96.68 95.72 95.86 95.81 95.86 95.83 95.71 95.72 95.77 95.95 95.99 95.95 95.83 95.98 95.83 95.81 95.91 96.10 96.32 96.35 96.35 96.15 95.87 95.20 95.85 95.85 95.43 96.07 96.23 95.85 96.15 96.35 96.37 96.45 96.35 96.36 96.24 96.19 96.41 96.35 96.11 95.57 95.74 95.40 95.96 96.24 96.16 96.29 96.50 96.30 96.37 96.62 96.87 96.95 96.83 96.82 96.95 96.94 96.90 96.96 96.97 97.01 97.07 97.15 97.77 97.39 97.34 97.05 96.35 96.98 96.94
96.96 96.95 96.92 96.92 97.47 97.26 97.00 97.05 97.30 97.08 97.03 96.95 96.90 96.90 96.89 96.90 96.88 96.80 96.72 96.60 96.44 96.22 95.97 95.54 95.07 94.58 93.94 93.34 89.94 86.45 87.31 88.99 90.61 90.89 91.08 91.32 90.84 90.86 91.33 90.87 94.24 94.63 91.98 95.65 94.95 94.72 95.29 96.73 96.67 95.89 95.00 93.88 96.04 98.67 96.89 97.30 97.51 95.53 94.99 95.54 95.65 95.67 95.89 96.02 96.58 97.43 97.46 97.03 96.40 96.50 97.43 98.89 98.79 98.19 98.63 98.10 97.70 97.00 96.99 97.10 97.12 97.04 97.06 96.97 97.00 96.98 96.93 96.90 96.90 96.91 96.90 96.93 96.85 96.83 96.83 96.84 96.84 96.69 96.49 96.56 96.10 96.05 96.13 96.20 95.71 96.05 96.15 95.94 95.93 95.96 96.10 96.08 96.16 95.65 95.73 95.73 95.72 96.07 96.10 95.97 95.67 95.55 95.60 95.45 95.78 96.14 95.99 96.10 96.36 96.36 96.30 96.22 95.53 95.46 95.79 95.94 95.99 96.06 95.96 96.23 96.39 96.36 96.51 96.49 96.47 96.49 96.52 96.54 96.52 96.63 95.43 95.29 95.46 95.98 95.67 96.47 96.87 96.70 96.75 96.74 96.88 96.96 96.92 96.89 97.04 97.20 97.05 97.15 97.16 97.13 97.15 97.14 97.25 97.47 97.68 97.68 97.22 97.15 97.04 96.97
96.99 97.03 97.08 97.05 96.98 97.55 97.47 97.44 97.59 97.16 97.02 96.90 96.95 96.97 97.03 97.08 97.08 96.95 96.76 96.75 96.60 96.43 96.19 95.81 95.42 94.94 94.43 93.58 92.38 90.66 89.25 89.51 90.63 90.78 91.19 91.47 91.45 92.52 91.77 91.09 91.49 91.83 92.29 96.15 94.82 96.33 94.57 95.36 94.78 94.12 93.71 96.20 96.53 96.97 96.51 94.27 94.63 95.54 96.93 97.17 95.86 95.97 96.03 96.07 96.45 96.27 96.63 96.39 96.47 96.59 96.78 97.01 98.09 96.88 96.88 97.96 98.25 97.85 96.93 96.97 97.59 97.18 97.13 97.05 97.03 96.96 96.92 96.92 96.98 96.93 96.90 96.89 96.91 96.82 96.83 96.85 96.84 96.83 96.75 96.77 96.47 95.94 96.07 96.18 96.36 96.20 96.13 96.08 96.15 96.04 96.38 96.41 96.32 95.84 95.71 95.74 95.55 95.71 95.50 95.93 95.70 95.91 95.75 95.75 95.93 95.80 96.14 95.95 96.29 96.34 96.26 95.90 96.00 95.62 95.94 96.09 96.27 96.24 96.31 96.39 96.33 96.46 96.66 96.68 96.59 96.60 96.81 96.72 96.55 96.46 96.12 95.85 96.33 96.31 96.26 96.54 97.11 96.89 98.44 97.28 97.09 96.92 96.94 97.09 97.08 97.36 97.37 97.28 97.29 97.37 97.44 97.38 97.61 97.59 97.58 97.64 97.68 97.41 97.16 97.06
97.06 97.04 97.16 97.20 97.10 97.93 97.94 97.75 97.30 97.48 96.95 96.83 97.18 97.54 97.46 97.60 96.93 96.77 96.94 96.86 96.78 96.59 96.52 96.22 95.78 95.34 94.88 94.04 93.36 92.04 90.99 90.79 90.47 90.44 91.31 91.78 92.14 92.33 92.38 91.94 91.74 92.36 92.77 93.68 93.98 94.04 94.64 94.69 94.52 94.21 93.99 93.77 94.26 95.68 95.46 94.78 95.32 95.75 96.00 97.31 95.86 96.32 96.29 96.37 96.48 96.53 96.85 96.66 96.71 96.81 96.86 96.90 98.96 97.00 96.97 97.73 97.42 97.48 97.04 97.07 97.15 97.16 97.54 97.22 97.04 97.00 97.03 96.97 96.96 96.95 96.93 96.90 96.88 96.87 96.85 96.84 96.72 96.84 96.83 96.84 96.59 96.29 96.20 96.30 96.44 96.18 96.26 96.37 96.33 96.33 96.45 96.44 96.27 96.09 95.98 95.64 95.40 96.24 96.07 95.98 95.91 95.97 95.85 96.05 95.75 96.00 95.82 96.27 96.32 96.44 96.19 96.28 96.22 96.13 96.39 96.66 96.16 96.54 96.48 96.34 96.48 96.51 96.77 96.77 96.64 96.84 96.80 96.67 96.54 96.41 96.07 96.23 96.17 96.29 96.40 96.76 97.24 97.09 97.20 96.98 97.20 97.12 97.08 97.04 97.14 97.41 97.24 97.07 97.63 97.67 97.62 97.74 97.79 97.83 97.81 97.82 97.74 97.61 97.27 97.22
97.30 97.23 97.29 97.48 97.59 97.98 97.99 97.70 97.54 97.07 96.92 96.80 97.16 97.49 97.84 97.20 96.96 97.05 97.00 96.87 96.83 96.77 96.68 96.48 96.17 95.62 95.10 94.46 93.80 93.08 92.01 91.40 89.88 88.17 91.56 92.03 92.33 92.61 92.80 92.84 92.90 93.76 94.12 94.43 94.67 95.18 95.45 95.63 95.83 95.91 95.22 96.36 97.57 94.80 94.92 95.18 95.86 96.10 96.17 96.66 96.35 96.48 96.47 96.48 96.58 96.63 96.62 97.01 96.93 96.88 97.68 96.92 98.58 98.72 97.17 97.15 97.06 97.08 97.12 97.35 97.85 97.58 97.44 97.08 97.10 97.08 97.02 96.97 96.94 96.93 96.94 96.97 96.91 96.90 96.86 96.84 96.69 96.83 96.83 96.84 96.61 96.53 96.45 96.34 96.45 96.42 96.39 96.48 96.50 96.52 96.58 96.57 96.22 96.07 96.05 95.81 95.58 96.30 96.16 96.14 96.16 95.89 95.93 95.79 96.06 96.10 96.22 96.31 96.58 96.53 96.36 95.96 96.35 96.40 96.66 96.68 96.59 96.84 96.52 96.45 96.54 96.61 96.80 96.81 96.82 96.86 96.83 96.49 96.63 96.44 96.37 96.43 96.70 96.73 96.82 97.08 97.31 97.50 97.33 97.27 97.64 97.45 97.16 97.15 97.45 97.30 97.06 97.29 97.60 97.72 97.75 97.78 97.78 97.85 97.87 97.85 97.68 97.69 97.51 97.36
97.42 97.29 97.49 97.81 97.69 97.84 98.01 98.24 97.60 97.18 96.95 96.96 97.44 97.87 97.87 97.51 97.26 97.13 96.86 96.95 96.88 96.88 96.70 96.38 96.06 95.95 95.45 94.66 93.91 93.64 93.22 92.66 90.32 87.33 88.44 92.37 92.53 92.67 93.01 93.37 93.79 94.12 94.36 94.67 95.04 95.48 95.75 96.01 96.35 96.49 95.62 94.76 94.59 94.96 95.24 95.74 96.07 96.34 96.37 96.56 96.44 96.57 96.78 96.56 96.62 96.67 96.62 97.28 96.80 96.87 96.96 98.52 99.65 99.50 97.00 97.08 97.08 97.12 97.03 97.95 97.01 97.83 97.21 97.05 97.33 97.16 97.04 96.97 97.01 96.94 96.94 96.96 96.92 96.92 96.90 96.85 96.84 96.75 96.76 96.70 96.69 96.71 96.63 96.63 96.49 96.39 96.41 96.64 96.58 96.56 96.54 96.36 96.40 96.34 96.10 95.97 96.19 96.17 95.98 96.25 96.12 96.02 96.08 96.11 96.10 96.18 96.30 96.43 96.45 96.57 96.72 96.66 96.81 96.80 96.79 96.81 96.72 96.72 96.78 96.69 96.81 96.83 96.89 96.88 96.90 96.82 96.65 96.64 96.66 96.54 96.64 96.77 97.01 97.03 97.06 97.11 97.34 97.54 97.44 97.63 97.47 97.47 97.34 97.56 97.51 97.35 97.17 97.54 97.66 97.71 97.77 97.82 97.81 97.84 97.86 97.86 97.88 97.80 97.72 97.59
97.92 97.81 97.87 97.99 98.12 98.18 98.13 98.03 97.89 97.18 97.08 97.11 97.96 98.09 98.04 97.80 97.60 96.97 96.95 97.04 96.97 96.81 96.62 96.28 95.85 96.32 95.85 94.13 93.95 94.05 93.93 94.07 93.58 90.01 91.66 92.70 92.44 92.56 93.10 93.58 94.01 94.25 94.45 94.43 95.41 95.77 96.13 96.33 96.50 96.72 96.74 96.10 95.65 95.83 96.11 96.32 96.44 96.50 96.54 96.66 96.61 96.58 96.45 96.81 96.84 96.73 96.78 96.88 96.89 96.97 96.99 97.06 98.96 99.14 98.53 98.05 98.10 97.80 97.58 97.52 97.16 97.04 97.25 97.11 97.06 97.34 97.02 96.95 96.98 96.97 97.01 96.96 96.95 96.92 96.90 96.86 96.86 96.80 96.83 96.79 96.78 96.79 96.79 96.72 96.71 96.49 96.61 96.74 96.84 96.53 96.61 96.49 96.28 96.26 96.17 96.41 96.29 96.29 96.10 96.28 96.18 96.09 96.07 96.16 96.18 96.23 96.38 96.46 96.59 96.64 96.88 97.01 97.22 97.40 97.70 97.27 96.86 96.83 96.79 96.86 96.86 96.91 96.93 96.90 96.88 96.77 96.76 96.71 96.67 96.54 96.83 97.10 97.05 96.99 97.02 97.31 97.45 97.58 97.63 97.72 97.42 97.70 97.59 97.67 97.62 97.44 97.50 97.64 97.69 97.71 97.73 97.80 97.83 97.84 97.83 97.87 97.89 97.92 97.94 97.96
97.92 98.05 98.36 98.06 98.25 98.27 98.18 98.15 98.03 97.62 97.42 97.31 98.14 98.27 98.25 98.09 97.30 96.93 97.21 97.11 96.93 96.69 96.43 96.20 96.36 96.42 96.29 95.40 94.08 93.98 94.21 94.62 94.86 94.56 93.70 93.06 92.26 92.06 93.24 93.87 94.28 94.50 94.62 94.40 95.60 96.17 96.39 96.53 96.68 96.84 96.90 96.38 96.37 96.52 96.61 96.67 96.67 96.68 96.70 96.75 96.82 96.70 96.56 96.61 96.72 96.84 96.89 96.91 96.93 97.02 97.27 98.74 97.27 98.16 99.06 98.50 97.79 97.24 97.14 97.21 97.05 97.15 97.06 97.11 97.38 97.09 97.07 96.97 96.99 96.97 96.96 96.96 96.90 96.89 96.89 96.88 96.87 96.88 96.85 96.80 96.79 96.79 96.77 96.79 96.77 96.76 96.77 96.74 96.77 96.48 96.56 96.16 96.27 96.20 96.30 96.22 96.24 96.32 96.28 96.27 96.19 96.12 96.05 96.09 96.43 96.29 96.38 96.53 96.67 96.81 97.08 98.95 99.13 99.12 99.04 98.76 98.17 97.05 96.95 96.94 96.92 96.98 96.94 96.89 96.90 96.81 96.76 96.77 96.61 96.64 97.09 97.05 97.12 97.14 97.24 97.26 97.52 97.63 97.71 97.72 97.67 97.63 97.69 97.68 97.69 97.67 97.67 97.64 97.70 97.70 97.69 97.76 97.80 97.82 97.84 97.88 97.92 97.94 97.97 98.01
98.01 98.09 98.15 98.18 98.27 98.30 98.28 98.26 98.17 97.91 97.59 97.95 98.32 98.40 98.41 98.15 97.17 97.58 97.48 97.15 96.87 96.73 96.76 96.68 96.62 96.59 96.43 95.95 93.69 93.85 94.21 94.99 95.24 95.02 94.43 93.53 91.25 91.23 93.75 94.24 94.53 94.71 94.84 95.09 96.02 96.28 96.45 96.61 96.73 96.83 96.90 96.92 96.66 96.65 96.65 96.67 96.72 96.77 96.80 96.83 96.84 96.79 96.64 96.78 96.88 96.92 96.95 96.98 97.01 97.11 97.43 98.84 99.34 98.73 99.06 97.31 97.24 97.15 97.67 97.82 97.56 97.11 97.16 97.28 97.10 97.01 97.03 96.97 97.00 96.95 96.97 96.95 96.94 96.99 96.89 96.87 96.85 96.89 96.83 96.77 96.77 96.78 96.81 96.76 96.76 96.81 96.68 96.85 96.77 96.78 96.60 96.43 96.41 96.09 96.17 96.24 96.17 96.29 96.29 96.31 96.18 96.21 96.08 96.40 96.57 96.25 96.40 96.57 96.81 97.07 98.87 99.31 99.22 99.18 99.15 99.03 98.97 98.38 97.07 97.05 97.07 97.00 96.92 96.94 96.81 96.72 96.76 96.85 96.79 96.77 97.04 97.21 97.28 97.40 97.58 97.45 97.68 97.74 97.67 97.74 97.78 97.67 97.70 97.68 97.72 97.71 97.67 97.66 97.64 97.65 97.66 97.61 97.76 97.82 97.79 97.91 97.97 98.00 98.02 98.06
98.13 98.27 98.02 98.09 98.33 98.31 98.32 98.28 98.39 98.03 97.75 98.28 98.48 98.52 98.46 97.94 97.61 97.91 97.44 96.99 96.95 96.89 96.87 96.83 96.78 96.68 96.56 96.05 94.25 94.15 94.72 95.49 95.47 95.61 95.27 93.99 90.56 88.53 93.02 94.54 94.71 94.93 95.15 95.49 95.98 96.29 96.49 96.65 96.75 96.84 96.91 96.92 96.88 96.74 96.71 96.72 96.76 96.80 96.83 96.86 96.90 96.87 96.83 96.86 96.89 96.98 97.13 97.16 97.22 97.74 98.86 98.92 98.70 99.26 97.68 97.60 97.68 97.53 97.88 97.21 97.20 97.15 97.12 97.16 97.28 97.11 97.06 97.13 97.06 97.08 96.98 96.96 96.93 96.95 96.91 97.00 96.89 96.86 96.84 96.86 96.84 96.74 96.67 96.64 96.79 96.83 96.84 96.73 96.71 96.65 96.63 96.62 96.55 96.62 96.48 96.33 96.26 96.29 96.29 96.09 96.24 96.20 96.01 96.69 96.32 96.26 96.47 96.68 96.88 97.78 99.09 99.36 99.36 99.30 99.21 99.14 99.05 98.81 98.16 97.53 97.23 97.39 96.92 96.87 96.87 96.85 96.93 96.99 96.95 96.95 97.15 97.43 97.72 97.41 97.70 97.83 97.71 97.68 97.59 97.61 98.13 97.51 97.47 97.55 97.66 97.71 97.57 97.62 97.50 97.55 97.56 97.74 97.76 97.84 97.77 97.92 97.99 98.04 98.08 98.08
98.23 98.21 98.21 98.19 98.43 98.43 98.49 98.45 98.60 98.49 98.33 98.64 98.66 98.60 98.52 98.44 97.98 97.99 97.44 97.07 97.00 96.95 96.89 96.84 96.77 96.70 96.52 96.03 95.47 95.72 95.67 95.67 95.70 95.71 95.80 95.71 91.24 84.69 86.60 94.55 94.88 95.11 95.37 95.68 95.99 96.33 96.57 96.69 96.79 96.84 96.90 96.93 96.92 96.79 96.76 96.76 96.80 96.83 96.85 96.88 96.91 96.86 96.84 96.96 97.00 97.09 97.46 97.74 98.01 97.80 99.40 99.09 97.69 99.34 98.77 97.57 98.72 97.37 97.22 97.47 97.17 97.14 97.08 97.04 97.11 97.14 97.33 97.13 97.16 97.19 96.99 96.97 96.98 96.98 97.08 96.92 97.05 96.86 96.87 96.89 96.86 96.85 96.77 96.66 96.83 96.81 96.98 96.78 96.89 96.63 96.71 96.69 96.67 96.73 96.61 96.35 96.27 96.40 96.50 96.22 96.33 96.28 96.15 96.08 96.20 96.45 96.61 96.78 97.00 98.16 99.40 99.43 99.46 99.33 99.17 99.15 99.01 98.91 98.45 97.76 97.49 96.94 97.01 96.97 96.92 97.05 97.17 97.31 97.31 97.37 97.56 97.79 98.02 98.06 97.86 97.94 97.81 97.80 97.56 97.44 97.29 97.17 97.20 97.25 97.33 97.40 97.42 97.41 97.44 97.82 97.14 97.58 97.74 97.75 97.75 98.01 98.05 98.03 97.60 98.09
98.13 98.31 97.86 97.87 98.44 98.41 98.54 98.62 98.66 98.70 98.76 98.81 98.78 98.73 98.66 98.49 98.31 97.93 97.05 97.09 97.03 96.93 96.88 96.85 96.76 96.66 96.54 96.35 95.88 95.89 95.80 95.80 95.80 95.88 96.02 96.14 95.54 87.05 88.52 93.70 94.71 95.33 95.64 95.85 92.95 96.47 96.63 96.73 96.81 96.84 96.91 96.93 96.94 96.81 96.79 96.81 96.84 96.86 96.88 96.90 96.90 96.92 96.99 96.92 97.06 97.63 97.94 98.23 98.36 99.21 99.32 99.12 98.25 98.08 97.80 98.70 97.91 97.70 97.22 97.06 97.05 97.20 97.09 97.12 97.11 97.11 98.91 97.12 97.88 97.08 96.98 97.00 97.00 97.13 97.15 96.91 96.91 96.93 96.95 96.96 96.94 96.84 96.81 96.83 96.85 96.88 96.85 96.90 96.99 96.77 96.78 96.84 96.75 96.72 96.68 96.60 96.50 96.55 96.61 96.58 96.50 96.36 96.31 96.33 96.39 96.51 96.68 96.85 97.16 98.30 99.42 99.43 99.38 99.29 99.17 99.14 99.07 98.97 98.64 98.00 97.73 97.22 97.22 97.29 97.28 97.39 97.36 97.82 97.65 97.95 98.06 98.15 98.36 98.48 98.51 98.19 98.08 97.78 97.41 97.10 96.97 96.92 96.99 96.99 97.07 97.14 97.17 97.32 97.28 97.31 97.35 97.19 97.76 97.72 97.83 97.87 98.04 98.02 97.29 97.85
98.20 98.37 98.39 98.62 98.56 98.44 98.66 98.80 98.83 98.88 98.93 99.01 98.97 98.91 98.87 98.65 98.00 97.53 97.15 97.11 96.90 95.23 90.69 90.05 92.72 96.61 96.48 96.44 96.31 96.02 95.96 95.88 95.91 95.97 96.04 96.12 96.15 95.18 93.21 93.63 94.92 95.50 95.84 96.03 96.31 96.60 96.69 96.76 96.81 96.84 96.89 96.93 96.95 96.83 96.83 96.83 96.85 96.88 96.90 96.90 96.92 96.92 96.91 97.00 97.69 98.08 98.35 98.53 98.57 99.14 99.45 99.23 98.75 98.37 98.81 98.22 98.13 97.75 97.54 97.41 97.69 97.16 96.96 98.27 97.18 97.12 97.17 97.11 97.12 97.16 97.69 97.24 97.06 97.00 97.16 96.96 96.97 96.99 97.00 97.04 97.02 96.98 96.88 96.86 96.88 96.88 96.85 97.03 96.94 96.72 96.80 96.81 96.82 96.83 96.71 96.69 96.60 96.54 96.59 96.59 96.51 96.55 96.48 96.51 96.54 96.64 96.75 96.93 97.53 99.40 99.41 99.29 99.39 99.28 99.19 99.14 99.05 98.99 98.73 98.21 97.92 97.78 97.62 97.57 97.54 97.59 97.71 97.88 98.22 98.30 98.44 98.57 98.57 98.65 98.66 98.58 98.20 97.73 97.18 96.98 96.90 96.86 96.81 96.86 96.90 97.01 97.08 97.15 97.15 97.22 97.27 97.31 97.51 97.70 97.76 97.87 97.91 98.16 97.60 98.95
98.35 98.51 98.55 98.69 98.12 98.67 98.71 98.80 98.96 98.99 99.06 99.12 99.13 99.09 99.12 98.27 97.77 97.68 97.28 97.32 96.73 89.64 85.16 83.74 87.22 94.60 96.46 96.45 96.57 96.32 96.16 95.98 95.94 96.00 96.06 96.14 96.16 96.02 95.14 95.04 95.48 95.68 95.90 96.10 96.35 96.62 96.72 96.79 96.83 96.86 96.88 96.95 96.93 96.79 96.80 96.87 96.87 96.89 96.90 96.91 96.92 96.95 97.03 97.45 97.81 98.41 98.67 98.95 99.25 99.31 99.07 99.28 99.14 98.85 98.95 98.48 97.97 98.03 97.87 97.42 97.25 97.05 97.42 97.96 97.12 97.15 97.17 98.69 97.24 97.41 97.16 97.18 97.11 97.00 97.04 97.09 97.05 97.05 97.05 97.12 97.10 97.04 96.94 96.91 96.98 96.96 96.97 96.96 96.84 96.78 96.83 96.83 96.80 96.76 96.75 96.72 96.65 96.38 96.55 96.60 96.62 96.62 96.60 96.62 96.65 96.71 96.88 96.96 97.68 99.20 99.36 99.37 99.31 99.23 99.19 99.18 99.10 98.93 98.78 98.54 98.27 98.37 98.17 98.18 98.15 98.37 98.42 98.53 98.66 98.75 98.83 98.81 98.82 98.91 98.84 98.80 98.50 97.71 97.21 96.92 96.84 96.75 96.66 96.66 96.77 96.94 97.03 97.06 97.05 97.11 97.20 97.37 97.55 97.70 97.67 97.86 98.24 98.22 98.09 98.44
98.38 98.58 98.72 98.78 98.83 98.71 98.75 98.90 99.05 99.11 99.18 99.25 99.26 99.25 99.26 98.43 97.86 97.53 97.02 97.16 96.87 89.73 85.24 84.19 86.65 95.02 96.59 96.65 96.67 96.62 96.36 96.08 95.90 95.85 95.88 96.08 96.19 96.18 95.86 95.74 95.82 95.87 95.94 96.08 96.27 96.54 96.75 96.80 96.85 96.86 96.88 96.96 96.90 96.92 96.79 96.83 96.87 96.88 96.91 96.91 96.98 96.95 97.14 97.80 98.34 98.75 99.19 99.31 99.55 99.55 99.67 99.50 99.43 99.27 99.14 98.51 98.32 98.35 98.79 97.59 97.34 97.18 97.44 97.34 98.64 97.09 97.14 97.05 97.19 97.21 97.21 97.22 97.59 97.10 97.09 97.13 97.10 97.10 97.10 97.12 97.13 97.01 97.88 96.99 97.06 96.92 96.88 96.95 96.88 96.86 96.83 96.81 96.75 96.74 96.75 96.81 96.59 96.65 96.59 96.70 96.75 96.81 96.63 96.65 96.69 96.75 96.86 96.82 97.19 98.18 98.94 99.31 99.22 99.19 99.16 99.08 99.07 99.02 98.91 98.82 98.81 98.81 98.97 98.84 98.88 98.86 99.00 99.03 99.06 99.14 99.20 99.12 99.25 99.17 99.12 98.91 98.63 97.73 97.05 96.87 96.70 96.54 96.48 96.60 96.60 96.09 96.94 96.98 97.02 97.07 97.16 97.36 97.56 97.72 97.78 98.08 97.69 98.38 98.31 98.47
98.90 98.76 98.72 98.96 99.08 99.06 99.02 99.12 99.25 99.27 99.35 99.36 99.38 99.37 99.35 98.44 97.88 97.11 97.03 97.28 97.05 91.99 89.38 88.32 90.47 96.36 96.76 96.76 96.74 96.65 96.48 96.20 95.88 95.70 95.56 95.49 96.15 96.17 96.07 95.97 95.95 95.97 96.01 96.10 96.27 96.53 96.76 96.80 96.83 96.86 96.86 96.91 96.97 97.08 96.81 96.83 96.84 96.87 96.88 96.92 96.95 96.98 97.38 97.88 98.43 99.37 99.49 99.56 99.69 99.72 99.71 99.65 99.44 99.46 99.30 98.83 98.70 98.74 98.18 97.63 97.64 98.03 97.52 97.34 97.09 97.46 97.60 97.17 97.20 97.30 97.19 97.19 97.12 97.11 97.23 97.16 97.12 97.13 97.14 97.13 97.24 97.02 96.96 97.07 96.93 96.97 97.14 96.80 96.88 96.96 96.80 96.74 96.75 96.76 96.76 96.82 96.70 96.71 96.30 96.78 96.80 96.79 96.56 96.62 96.72 96.75 96.85 96.81 96.91 97.09 98.00 98.24 98.76 98.89 98.88 99.08 99.06 99.07 99.07 99.05 99.10 99.23 99.24 99.27 99.32 99.29 99.39 99.44 99.45 99.38 99.44 99.38 99.40 99.26 99.30 99.28 98.99 97.87 97.01 96.79 96.48 96.38 96.33 96.31 96.55 96.76 96.88 96.93 96.97 97.05 97.19 97.36 97.55 97.69 97.96 98.03 97.73 98.49 98.49 98.62
98.89 98.95 99.00 99.11 99.17 99.26 99.31 99.39 99.43 99.43 99.47 99.45 99.45 99.42 99.41 98.53 97.65 97.06 97.22 97.49 97.51 96.14 94.43 94.13 96.55 96.90 96.82 96.81 96.77 96.62 96.43 96.21 95.95 95.61 95.40 95.33 95.96 96.18 96.13 95.97 95.96 95.80 96.02 96.13 96.15 96.61 96.69 96.76 96.79 96.82 96.85 96.87 96.91 97.00 96.92 96.87 97.09 98.03 97.71 97.13 97.02 96.92 97.44 97.93 98.54 99.36 99.64 99.73 99.84 99.89 99.80 99.88 99.49 99.75 99.62 99.26 99.17 99.19 99.04 98.25 97.70 97.26 97.11 97.27 97.15 97.33 97.31 97.28 97.26 97.14 97.33 97.38 97.28 97.19 97.37 97.43 97.63 97.05 97.29 97.25 97.15 97.04 96.97 97.04 97.06 97.02 97.01 96.95 96.88 96.91 96.86 96.79 96.79 96.75 96.74 96.76 96.79 96.70 96.40 96.76 96.79 96.74 96.95 96.87 96.72 96.70 96.78 96.83 96.86 96.96 97.11 97.40 97.80 98.17 98.60 98.94 99.08 99.16 99.26 99.30 99.33 99.55 99.44 99.62 99.70 99.77 99.83 99.77 99.94 99.83 99.84 99.77 99.72 99.70 99.72 99.56 99.45 98.11 97.00 96.76 96.54 96.34 96.23 94.89 95.65 96.56 96.82 96.91 96.99 97.06 97.20 97.40 97.66 97.87 98.17 97.98 98.38 98.50 98.18 98.82
99.03 99.07 99.04 99.28 99.41 99.40 99.47 99.47 99.48 99.52 99.53 99.51 99.49 99.48 99.46 98.64 97.45 97.15 97.22 97.10 97.55 97.42 97.35 97.33 97.08 96.93 96.77 96.83 96.72 96.55 96.31 96.14 95.83 95.53 95.34 94.89 94.94 96.11 96.17 95.95 96.02 95.96 96.04 95.40 96.32 96.61 96.73 96.76 96.77 96.79 96.75 96.83 96.83 97.08 96.84 96.85 96.86 96.85 97.20 98.41 98.66 97.24 97.73 98.87 99.34 99.73 99.85 99.87 99.94 100.01 99.99 99.94 99.86 99.75 99.41 99.54 99.49 99.57 99.72 98.77 98.33 97.50 97.35 97.60 97.71 97.38 97.47 97.38 97.41 97.19 97.32 97.59 97.36 97.38 97.40 97.88 97.50 97.33 97.21 97.30 97.02 97.04 97.11 97.05 97.04 97.19 97.10 96.94 96.99 96.96 96.87 96.91 96.89 96.89 96.98 96.78 96.83 96.58 96.67 96.48 96.64 96.62 96.61 96.71 96.72 96.76 96.73 96.70 96.87 96.82 97.04 97.49 97.46 97.88 98.69 99.08 99.21 99.44 99.52 99.59 99.72 99.80 99.89 100.02 100.16 100.30 100.38 100.41 100.40 100.32 100.23 100.16 100.17 100.07 99.96 99.84 99.63 99.34 97.30 96.86 96.51 96.31 94.97 87.97 94.66 96.50 96.83 96.92 96.98 97.08 97.39 97.36 97.74 97.99 98.37 98.42 98.57 98.54 98.83 98.92
99.24 99.31 99.34 99.30 99.53 99.42 99.62 99.64 99.62 99.60 99.59 99.57 99.54 99.51 99.50 98.89 97.63 97.19 97.25 97.19 97.14 97.22 96.95 97.02 97.03 96.95 96.90 96.75 96.63 96.48 96.23 96.01 95.77 95.46 94.90 94.82 95.11 96.21 96.32 96.07 96.18 96.17 96.19 95.39 96.09 96.60 96.70 96.73 96.75 96.70 96.63 96.67 96.85 96.92 97.01 97.17 97.16 97.40 97.55 98.50 97.90 97.17 99.30 99.52 99.70 99.79 99.80 99.91 100.05 100.09 99.83 100.02 100.02 99.91 99.60 99.93 99.68 99.76 99.85 99.80 98.73 98.35 98.05 97.88 97.93 97.61 97.40 97.31 97.41 97.43 97.49 97.52 97.42 97.35 97.49 97.32 97.57 97.47 97.13 97.03 97.66 97.00 97.10 97.11 96.92 97.40 96.85 96.98 97.00 96.93 96.92 96.94 96.93 96.92 96.89 96.92 96.90 97.05 96.81 96.74 96.80 96.94 96.71 96.78 96.78 96.63 96.51 96.77 96.93 96.84 97.07 97.23 97.71 98.47 99.04 99.34 99.60 99.62 99.73 99.87 99.98 100.17 100.28 100.51 100.69 100.73 100.80 100.75 100.75 100.64 100.57 100.57 100.41 100.26 100.08 99.95 99.74 99.48 98.49 96.90 96.66 96.39 95.87 95.27 95.87 96.75 96.90 96.96 97.02 97.13 97.23 97.72 97.95 98.19 98.49 98.70 98.71 98.78 98.96 99.14
99.47 99.51 99.58 99.64 99.72 99.70 99.74 99.76 99.75 99.70 99.69 99.68 99.64 99.43 99.58 99.51 98.67 97.50 97.11 97.14 97.13 97.24 96.95 96.92 97.12 97.00 96.82 96.72 96.58 96.39 96.17 95.93 95.75 95.43 94.34 94.70 95.58 96.21 96.29 96.17 96.34 96.37 96.35 96.41 96.51 96.60 96.70 96.75 96.74 96.60 96.63 96.72 96.73 96.92 96.94 96.98 96.99 97.29 97.45 97.90 97.81 98.40 99.13 98.79 98.37 99.57 99.70 99.88 100.06 100.15 100.07 100.19 100.13 100.19 100.14 100.07 99.94 99.98 100.06 100.09 100.02 98.96 98.58 98.24 98.36 97.75 97.53 100.44 97.56 97.46 97.61 97.89 97.56 97.65 97.35 97.38 97.54 97.51 97.16 97.20 97.07 97.26 97.09 97.12 97.00 96.96 96.88 96.92 96.95 96.88 96.94 96.92 97.00 97.14 97.10 97.09 96.94 96.83 96.80 96.79 96.84 96.78 96.74 96.77 96.67 96.80 97.10 97.20 97.16 97.38 97.53 97.91 98.69 98.97 99.26 99.62 99.72 99.89 100.08 100.26 100.44 100.60 100.83 100.98 101.07 101.21 101.17 101.00 101.10 100.96 100.90 100.74 100.59 100.38 100.26 100.15 99.97 99.78 99.13 97.33 96.89 96.74 96.53 96.51 96.71 96.92 96.98 97.02 97.07 97.16 97.64 97.87 98.22 98.51 98.79 99.00 99.03 99.07 99.30 99.41
99.76 99.68 99.80 99.81 99.81 99.81 99.83 99.88 99.88 99.82 99.78 99.79 99.76 99.72 99.68 99.63 99.13 98.37 97.96 97.87 97.57 97.43 97.16 97.09 97.25 96.85 96.78 96.69 96.50 96.34 96.12 96.04 95.67 95.45 95.02 95.06 95.58 96.23 96.26 96.25 96.38 96.44 96.51 96.51 96.57 96.63 96.69 96.75 96.72 96.49 96.72 96.75 96.77 96.83 96.86 96.89 96.95 96.97 97.11 97.75 97.64 98.26 98.56 98.87 99.29 99.35 99.66 99.81 99.88 100.15 100.20 100.20 100.28 100.37 100.31 100.45 100.12 100.19 100.27 100.15 100.11 99.94 99.31 99.66 98.89 98.43 97.81 97.46 97.74 97.84 97.91 97.71 97.55 97.47 98.07 97.66 97.39 97.19 97.13 97.37 97.06 97.08 97.17 97.19 97.09 97.02 96.91 96.92 96.95 96.91 96.89 96.89 97.00 97.08 97.04 97.04 96.91 96.83 96.87 96.89 96.86 97.10 96.79 96.76 96.86 96.82 96.98 97.35 97.23 97.53 97.91 98.61 98.80 99.23 99.48 99.71 99.94 100.18 100.48 100.68 100.83 101.02 101.38 101.26 101.41 101.50 101.46 101.38 101.32 101.20 101.01 100.90 100.98 100.60 100.57 100.43 100.25 100.07 99.60 98.91 97.43 97.06 96.96 96.95 96.89 96.74 97.10 97.11 97.16 97.29 97.09 99.41 98.66 97.65 99.16 98.65 99.36 99.41 99.45 99.68
99.97 99.26 99.84 99.84 99.93 99.90 99.91 99.96 99.91 99.93 99.90 99.91 99.88 99.84 99.87 99.82 99.74 99.24 98.32 97.35 97.53 97.50 97.60 97.43 96.93 96.81 96.74 96.64 96.52 96.22 96.01 95.81 95.47 95.15 94.86 94.95 95.48 96.13 96.33 96.38 96.46 96.53 96.56 96.59 96.54 96.62 96.61 96.54 96.54 96.60 96.71 96.78 96.79 96.78 96.84 96.92 96.96 96.98 96.97 97.00 96.99 96.99 97.41 98.83 98.84 99.64 99.80 99.87 99.95 100.14 100.29 100.52 100.53 100.52 100.47 100.63 100.55 100.56 100.53 100.27 100.44 100.39 100.07 99.60 99.15 98.60 98.07 97.75 98.19 97.90 97.84 97.34 97.68 97.66 97.70 97.39 97.52 97.20 97.42 97.53 97.02 97.00 97.16 96.97 97.44 96.93 96.96 96.89 96.94 96.84 96.80 96.85 96.94 96.99 96.95 96.89 96.88 96.93 96.87 97.01 96.99 97.07 97.01 96.85 96.91 97.11 97.16 97.42 97.71 98.25 98.47 98.92 99.16 99.44 99.69 99.94 100.23 100.58 100.80 100.95 101.18 101.31 101.46 101.57 101.76 101.59 101.53 101.51 101.45 101.13 101.24 101.14 101.00 100.79 100.58 100.74 100.65 100.45 100.24 100.03 99.66 99.20 98.94 98.37 98.04 97.33 97.79 97.44 97.37 97.57 97.67 98.60 99.04 99.18 99.41 99.54 99.60 99.74 99.83 99.93
100.12 100.03 100.02 99.96 100.00 99.97 100.00 99.99 99.97 99.99 100.01 99.99 99.96 99.92 99.96 99.86 99.91 99.78 99.16 96.93 97.21 97.46 97.28 96.97 96.76 96.81 96.74 96.62 96.42 96.09 95.72 95.23 94.69 94.42 94.24 94.17 94.60 95.21 96.08 96.45 96.54 96.58 96.61 96.59 96.22 96.37 96.65 96.71 96.61 96.56 96.71 96.66 96.61 96.67 96.81 96.91 96.97 97.02 97.03 97.05 97.06 97.03 97.34 98.80 99.51 99.71 99.83 99.84 100.01 100.16 100.23 100.57 100.47 100.64 100.67 100.80 100.77 100.89 100.75 100.61 100.55 100.46 100.47 99.58 99.28 98.77 98.59 98.39 98.10 98.25 97.49 97.56 97.62 98.06 98.30 97.33 97.54 97.29 97.46 97.24 97.32 97.21 97.16 97.09 97.08 96.96 96.91 97.14 96.90 96.81 96.96 96.83 96.85 96.82 96.80 96.78 96.84 96.88 96.91 97.10 97.11 97.07 97.65 97.38 97.24 97.64 97.58 97.72 98.13 98.46 98.83 99.18 99.35 99.64 99.84 100.18 100.46 100.80 101.05 101.25 101.34 101.46 101.70 101.83 101.91 101.89 101.77 101.75 101.56 101.53 101.38 100.98 101.18 100.98 100.93 100.88 100.76 100.60 100.57 100.39 100.26 99.97 99.85 99.76 99.46 99.27 98.79 98.11 97.81 97.89 97.91 98.44 98.53 99.36 99.50 99.61 99.77 99.99 100.11 100.16
100.28 100.09 100.10 99.98 100.09 100.04 100.08 100.07 100.03 100.04 100.06 100.06 100.04 99.98 99.93 99.88 99.83 99.72 99.65 97.28 97.26 97.16 97.01 96.91 96.79 96.82 96.74 96.63 96.45 95.87 94.99 94.25 93.46 92.96 92.96 93.37 93.78 93.90 94.89 95.97 96.49 96.64 96.66 96.65 96.61 96.54 96.59 96.65 96.70 96.80 96.60 96.54 96.47 96.37 96.64 96.84 96.95 97.00 97.02 97.01 97.07 97.01 97.74 98.97 99.49 99.69 99.81 99.92 100.01 100.25 100.31 100.49 100.56 100.77 100.81 100.97 101.10 101.05 101.03 100.86 100.91 100.82 100.68 100.60 100.26 100.02 99.92 99.64 99.13 99.65 98.11 97.86 97.57 97.51 97.81 97.54 97.77 98.07 97.33 97.90 97.43 97.73 97.26 98.04 97.42 97.45 97.12 96.98 96.93 96.86 96.83 96.81 96.80 96.75 96.75 96.75 96.80 96.93 97.72 97.39 97.26 97.08 97.16 97.10 97.57 97.75 97.85 97.93 98.53 98.76 99.10 99.43 99.62 99.79 100.18 100.47 100.64 100.98 101.18 101.47 101.60 101.79 101.95 101.99 102.04 102.09 102.04 101.91 101.88 101.71 101.63 101.53 101.45 101.25 101.40 101.32 101.06 100.80 100.79 100.55 100.31 100.19 99.86 99.73 99.41 99.30 98.93 98.55 98.28 98.25 98.15 98.59 98.44 99.54 99.60 99.73 100.01 100.05 100.17 100.20
100.21 100.16 100.18 100.09 99.65 100.11 100.13 99.84 100.11 100.09 100.06 100.06 99.98 99.97 99.92 99.86 99.84 99.86 99.61 98.97 97.10 97.00 97.29 96.94 96.92 96.83 96.78 96.69 96.34 95.34 94.07 92.86 92.04 91.93 91.53 91.82 93.22 93.47 93.93 95.18 96.28 96.65 96.70 96.69 96.57 96.62 96.54 96.01 96.62 96.64 96.63 96.54 96.36 96.17 96.40 96.71 96.88 96.93 96.98 96.97 97.16 97.19 97.24 98.30 99.52 99.77 99.82 99.88 100.09 100.26 100.46 100.63 100.66 100.90 101.04 101.12 101.17 101.23 101.24 101.34 101.01 101.01 100.95 100.88 100.68 100.08 100.28 99.96 99.40 99.31 99.02 98.34 98.32 98.21 98.10 97.72 97.51 97.44 98.09 97.80 98.04 99.30 98.00 97.24 98.24 97.15 97.07 97.06 96.98 97.00 96.91 96.82 97.14 96.78 96.79 96.88 96.83 96.88 97.60 97.61 97.65 97.61 97.65 97.85 97.90 98.04 98.20 98.54 98.71 99.07 99.34 99.63 99.72 100.10 100.33 100.65 100.86 101.05 101.39 101.46 101.89 102.05 102.11 102.13 102.14 102.17 102.09 102.07 101.97 102.06 101.84 101.79 101.61 101.57 101.49 101.42 101.30 100.96 100.59 100.65 100.40 100.24 100.00 99.73 99.41 99.39 99.14 98.93 98.80 98.62 98.47 97.96 97.16 99.62 99.69 99.73 99.99 100.16 100.23 100.16
100.20 100.21 100.24 100.21 100.17 100.14 100.09 100.13 100.10 100.08 100.08 100.09 100.03 100.06 99.92 99.95 99.85 99.54 99.38 98.96 98.23 97.68 97.23 97.07 96.95 96.89 96.84 96.71 96.27 95.08 93.58 92.61 92.25 92.16 91.28 91.74 92.96 93.58 94.20 95.45 96.37 96.68 96.71 96.69 96.31 96.65 96.56 96.37 96.54 96.48 96.49 96.40 96.39 96.46 96.58 96.65 96.81 96.92 96.93 96.91 97.01 97.20 97.21 98.07 99.24 99.86 99.94 99.83 100.14 100.34 100.48 100.71 100.84 100.99 101.15 101.28 101.34 101.37 101.38 101.36 101.32 101.28 101.16 101.38 101.33 100.84 100.52 100.42 100.02 100.07 99.28 99.91 99.44 98.98 99.11 98.32 97.95 98.70 97.63 98.24 99.53 99.53 99.41 97.61 98.02 97.11 97.16 97.21 97.21 97.08 96.99 97.14 98.54 97.60 96.97 97.10 97.93 96.99 97.78 97.60 97.70 97.67 98.14 98.23 98.43 98.29 98.59 98.66 99.07 99.42 99.57 99.67 99.92 100.17 100.59 100.83 101.10 101.23 101.64 101.81 101.93 102.14 102.18 102.18 102.18 102.14 102.18 102.15 102.11 102.01 101.93 101.97 101.94 101.80 101.65 101.48 101.33 101.21 100.99 100.76 100.49 100.21 100.04 99.80 99.48 99.48 99.37 99.21 99.18 98.86 97.68 98.10 97.69 99.41 99.66 99.86 99.91 100.14 100.13 100.24
100.19 100.27 100.27 100.22 100.18 100.16 100.13 100.11 100.10 100.12 100.08 100.18 100.11 100.12 99.98 99.92 99.76 99.54 99.13 98.53 98.04 97.66 97.31 97.11 97.00 96.94 96.87 96.81 96.56 95.87 94.61 93.46 92.88 92.70 92.58 92.74 93.41 93.85 95.66 96.47 96.73 96.79 96.74 96.73 96.74 96.50 96.65 96.26 96.48 96.50 96.45 96.52 96.11 96.46 96.72 96.67 96.73 96.87 96.93 97.05 97.03 97.06 97.22 98.07 99.18 99.91 100.12 100.18 100.29 100.45 100.71 100.84 101.10 101.18 101.55 101.33 101.46 101.38 101.48 101.49 101.43 101.41 101.23 101.26 101.33 100.98 100.87 100.50 100.40 100.45 100.25 100.12 100.09 99.85 99.48 98.85 98.57 98.32 99.15 99.35 99.66 99.47 98.54 99.29 98.52 99.21 98.90 99.16 97.04 96.99 96.97 97.85 97.08 96.92 98.07 98.16 97.90 97.70 97.79 98.00 98.07 98.08 98.72 99.16 98.66 98.65 98.74 99.19 99.47 99.58 99.50 99.90 99.94 100.29 100.62 101.00 101.22 101.28 101.63 101.87 102.04 102.14 102.10 101.95 102.19 102.13 102.09 102.01 102.09 101.88 101.93 101.90 101.81 101.76 101.77 101.59 101.41 101.32 100.88 100.76 100.48 100.20 99.87 99.76 99.62 99.50 99.32 99.40 99.36 99.00 98.47 98.05 97.37 99.29 99.82 99.83 100.08 100.13 100.21 100.30
100.35 100.34 100.27 100.27 100.25 100.21 100.17 100.12 100.10 100.15 100.15 100.08 100.07 100.01 99.98 99.81 99.57 99.26 98.83 98.42 97.94 97.60 97.33 97.17 97.09 97.02 96.95 96.89 96.78 96.49 96.14 95.78 95.64 94.06 93.31 93.11 93.86 95.38 96.20 96.64 96.78 96.83 96.83 96.85 96.88 96.91 96.92 96.86 96.59 96.39 96.07 96.38 96.71 96.67 96.66 96.74 96.93 96.88 96.92 97.08 97.19 97.57 97.91 98.47 99.19 99.99 100.05 100.31 100.47 100.65 100.76 101.06 101.18 101.32 101.30 101.53 101.52 101.53 101.66 101.66 101.46 101.53 101.45 101.41 101.31 101.21 100.91 101.01 100.85 100.54 100.49 100.64 100.28 100.10 100.04 99.92 99.34 99.01 99.62 99.58 98.94 98.48 98.12 99.36 98.53 99.21 99.29 99.33 98.51 97.75 97.39 98.05 97.71 97.52 98.15 97.79 97.51 98.07 98.15 98.31 98.23 98.59 98.77 99.04 99.05 99.19 99.26 99.30 99.57 99.68 99.83 99.87 100.24 100.41 100.89 101.13 101.35 101.58 101.68 101.87 102.01 102.16 102.15 102.17 102.15 102.04 102.10 102.12 102.09 102.07 101.95 102.03 101.95 101.67 101.77 101.71 101.51 101.22 100.76 100.55 100.40 100.03 99.82 99.71 99.67 99.60 99.58 99.56 99.54 99.39 99.17 98.63 97.76 99.50 99.52 99.64 99.95 100.25 100.25 100.35
100.35 100.33 100.32 100.23 100.21 100.21 100.16 100.18 100.08 100.22 100.18 100.11 100.11 99.98 99.80 99.73 99.36 99.10 98.75 98.39 97.93 97.72 97.52 97.39 97.24 97.13 97.04 97.00 96.94 96.87 96.80 96.77 96.77 96.76 96.31 96.18 96.56 96.70 96.73 96.75 96.80 96.83 96.83 96.84 96.88 96.92 96.92 96.91 96.46 96.37 96.62 96.77 96.94 96.85 96.87 97.03 96.94 97.88 96.93 97.03 97.24 97.74 98.42 99.20 99.76 100.08 100.25 100.36 100.70 100.76 101.01 101.16 101.23 101.36 101.41 101.37 101.25 101.04 101.61 101.63 101.56 101.64 101.52 101.50 101.37 101.32 101.28 101.20 101.06 100.92 100.78 100.73 100.67 100.54 100.19 100.26 99.99 99.82 99.82 99.87 99.68 99.54 99.87 99.45 99.01 99.38 98.81 98.87 99.24 98.57 98.03 98.43 98.49 98.71 98.77 97.65 98.16 98.36 98.49 98.77 98.78 98.93 99.21 99.03 99.36 99.39 99.41 99.48 99.67 99.75 100.04 100.13 100.37 100.57 101.43 101.48 101.36 101.51 101.69 101.83 101.99 102.13 102.13 102.08 102.10 102.07 102.04 102.04 101.93 102.08 102.03 102.00 101.85 101.85 101.84 101.61 101.36 101.07 100.84 99.66 99.91 100.25 99.97 99.92 99.82 99.74 99.75 99.64 99.68 99.61 99.52 99.24 99.33 99.43 99.57 99.90 99.95 100.17 100.24 100.37
100.37 100.33 100.32 100.24 100.29 100.27 100.24 100.23 100.17 100.17 100.21 100.09 100.07 99.87 99.68 99.50 99.19 99.00 98.75 98.43 98.13 97.97 97.77 97.58 97.34 97.22 97.15 97.09 97.06 97.01 96.98 96.95 96.93 96.91 96.89 96.90 96.91 96.91 96.86 96.82 96.82 96.85 96.85 96.79 96.83 96.87 96.87 96.87 97.03 96.61 97.91 98.37 98.65 97.96 97.83 97.03 97.05 97.06 98.02 97.08 97.67 98.25 99.06 99.60 99.74 100.22 100.46 100.68 100.72 101.04 101.05 101.17 101.31 101.34 101.38 101.40 101.46 101.59 101.66 101.65 101.67 101.59 101.58 101.52 101.49 101.40 101.39 101.20 101.14 101.07 100.99 100.84 100.62 100.51 100.39 100.41 100.20 100.25 100.24 100.14 99.74 99.98 99.49 99.63 102.66 100.18 98.97 99.52 99.34 98.88 98.69 98.90 98.77 98.71 98.40 98.94 98.84 98.96 99.08 98.99 99.02 99.13 99.34 99.32 99.32 99.46 99.41 99.57 99.69 99.86 100.11 100.31 100.53 100.77 101.27 101.39 101.31 101.55 101.56 101.78 101.90 101.98 102.05 102.05 102.01 102.03 102.01 102.01 101.94 101.81 102.02 101.89 101.74 101.64 101.65 101.36 101.21 100.93 100.81 99.72 99.52 100.31 100.09 100.02 100.00 99.92 99.94 99.87 99.73 99.80 99.68 99.69 98.90 99.28 100.04 99.96 99.94 100.27 100.47 100.29
100.36 100.37 100.30 100.30 100.32 100.33 100.18 100.16 100.20 100.17 100.10 99.97 99.87 99.74 99.56 99.35 99.08 98.80 98.61 98.39 97.95 98.02 97.83 97.59 97.51 97.38 97.27 97.19 97.13 97.10 97.06 97.01 96.98 96.96 96.97 96.98 96.95 96.94 96.89 96.86 96.85 96.85 96.86 96.88 96.85 96.90 96.96 97.09 97.72 98.05 98.35 98.60 98.92 99.09 99.13 98.42 97.23 97.10 97.30 98.08 98.49 99.11 99.51 100.09 100.11 100.35 100.53 100.77 100.95 101.06 101.24 101.36 101.44 101.44 101.51 101.55 101.57 101.44 101.81 101.91 101.63 101.62 101.68 101.31 101.55 101.45 101.28 101.24 101.32 101.16 101.14 101.03 100.89 100.75 100.65 100.56 100.44 100.16 100.42 100.22 100.20 100.18 99.52 101.90 101.84 100.02 98.57 99.55 99.43 99.21 99.22 99.18 99.16 99.23 99.41 99.18 99.26 99.21 99.33 99.37 99.32 99.42 99.35 99.38 99.47 99.49 99.42 99.61 99.72 99.85 100.01 100.28 100.56 100.75 101.01 101.04 101.34 101.44 101.63 101.73 101.83 101.90 102.02 101.99 102.02 102.00 101.91 101.99 101.96 101.89 101.86 101.72 101.72 101.47 101.16 101.24 101.09 100.89 100.76 100.65 100.46 100.36 100.26 100.11 100.07 100.08 99.96 100.01 99.89 99.85 99.80 99.83 99.65 99.99 100.00 99.83 99.98 100.27 100.45 100.43
100.32 100.27 100.36 100.36 100.34 100.30 100.24 100.16 100.11 99.96 100.01 99.92 99.75 99.60 99.39 99.09 98.68 98.74 98.66 98.45 98.28 98.16 97.95 97.82 97.66 97.55 97.42 97.29 97.24 97.15 97.11 97.09 97.05 97.04 97.05 97.04 97.04 96.99 96.94 96.91 96.88 96.88 96.90 96.91 96.96 97.05 97.13 97.39 97.75 98.19 98.56 98.77 98.95 99.14 99.28 99.43 98.11 98.53 97.75 99.03 99.86 100.03 100.19 100.27 100.41 100.59 100.87 101.00 101.12 101.19 101.41 101.47 101.49 101.53 101.59 101.67 101.68 101.63 101.74 101.69 101.60 101.69 101.62 101.68 101.57 101.73 101.65 101.41 101.38 101.18 101.23 101.13 100.98 100.92 100.74 100.61 100.66 100.92 100.46 100.43 100.18 100.19 100.00 99.83 99.34 99.40 99.35 99.73 99.52 99.63 99.51 99.51 99.39 99.51 99.49 99.44 99.57 99.68 99.50 99.62 99.51 99.46 99.32 99.41 99.47 99.40 99.38 99.58 99.67 99.76 100.04 100.27 100.47 100.65 100.62 100.89 101.06 101.28 101.31 101.43 101.47 101.60 101.62 101.75 101.79 101.81 101.74 101.76 101.60 101.61 101.64 101.63 101.39 101.18 101.09 100.92 101.00 100.83 100.72 100.59 100.47 100.33 100.24 100.19 100.15 100.08 100.12 100.08 99.72 99.85 99.77 99.93 99.87 99.85 99.91 100.12 100.31 100.30 100.41 100.43
100.43 100.39 100.29 100.17 100.22 100.03 100.09 100.13 100.05 99.98 99.95 99.80 99.72 99.53 99.46 99.13 101.32 98.57 98.72 98.61 98.46 98.28 98.17 98.10 97.88 97.72 97.60 97.44 97.33 97.27 97.21 97.20 97.15 97.17 97.15 97.18 97.12 97.10 97.06 97.01 96.96 96.96 96.94 96.96 97.00 97.11 97.35 98.54 98.40 98.75 98.87 98.90 99.32 99.15 99.33 99.55 99.72 99.79 100.06 100.20 100.32 100.44 100.68 100.77 100.92 101.05 101.09 101.21 101.26 101.36 101.49 101.54 101.56 101.63 101.67 101.62 101.66 101.67 101.73 101.83 101.60 101.64 101.69 101.63 101.74 101.59 101.43 101.42 101.27 101.29 101.24 101.21 101.08 100.96 100.73 100.71 100.70 100.68 100.58 100.46 100.38 100.28 100.11 100.12 100.06 99.89 99.77 99.79 99.80 99.70 99.71 99.71 99.63 99.76 99.64 99.78 99.92 99.86 99.85 99.78 99.58 99.53 99.45 99.40 99.30 99.33 99.56 99.68 99.68 99.75 99.96 100.18 100.32 100.35 100.54 100.74 100.88 101.01 101.03 101.11 101.18 101.27 101.30 101.42 101.46 101.40 101.43 101.44 101.14 101.19 101.31 101.16 101.14 100.95 100.84 100.94 100.65 100.78 100.70 100.40 100.30 100.27 100.22 100.23 100.09 100.11 100.04 99.92 99.86 99.94 99.96 99.71 99.78 99.75 99.98 100.10 100.28 100.39 100.47 100.51
100.39 100.38 100.32 100.26 100.30 100.16 100.05 100.00 99.98 100.00 99.83 99.71 99.72 99.53 99.40 99.36 98.80 98.90 98.73 98.72 98.60 98.51 98.36 98.23 98.14 98.01 97.84 97.68 97.69 97.55 97.50 97.44 97.40 97.43 97.40 97.41 97.38 97.33 97.28 97.13 97.10 97.06 97.05 97.06 97.12 97.35 97.71 98.03 98.51 98.70 98.88 98.98 99.09 99.25 99.46 99.65 99.84 100.07 100.25 100.41 100.73 100.82 100.90 100.96 101.07 101.11 101.21 101.30 101.36 101.48 101.49 101.87 101.66 101.66 101.67 101.73 101.72 101.66 101.69 101.68 101.66 101.80 101.58 101.61 100.95 102.13 101.44 101.37 101.35 101.25 101.29 101.13 101.06 101.00 100.96 100.81 100.81 100.67 100.60 100.38 100.40 100.33 100.14 99.97 99.90 99.92 99.90 99.78 99.96 99.88 99.82 99.93 100.03 100.01 100.01 100.06 100.14 100.05 99.94 99.72 99.63 99.65 99.59 99.48 99.48 99.52 99.45 99.56 99.66 99.71 99.91 99.98 100.16 100.16 100.25 100.40 100.63 100.70 100.75 100.68 100.91 100.84 101.00 101.14 101.15 101.09 101.06 101.10 101.06 100.95 101.04 100.96 100.99 100.96 100.77 100.83 100.68 100.73 100.66 100.46 100.34 100.37 100.21 100.16 100.12 100.01 100.00 99.94 99.77 99.91 99.89 99.79 100.05 99.92 99.93 100.12 100.30 100.28 100.35 100.37
100.27 100.31 100.29 100.12 100.23 100.20 99.91 100.09 100.08 100.08 99.98 99.87 99.74 99.65 99.48 99.27 99.32 99.15 99.04 98.93 98.82 98.69 98.52 98.40 98.39 98.33 98.27 98.15 98.07 97.98 97.92 97.80 97.75 97.79 97.90 97.79 97.79 97.80 97.63 97.46 97.39 97.34 97.35 97.55 97.67 98.00 98.22 98.44 98.71 98.86 98.99 99.21 99.28 99.43 99.62 99.76 99.96 100.15 100.34 100.60 100.89 100.72 101.09 101.15 101.17 101.23 101.34 101.40 101.43 101.42 101.54 101.52 101.56 101.65 101.67 101.68 101.63 101.72 101.78 101.75 101.65 101.63 101.65 101.57 101.55 101.52 101.48 101.46 101.39 101.23 101.12 101.19 101.05 101.05 100.78 100.88 100.86 100.76 100.55 100.49 100.38 100.33 100.29 100.22 100.22 100.15 99.95 99.96 100.00 100.06 100.16 100.20 100.19 100.20 100.08 100.18 100.17 100.18 99.95 99.85 99.81 99.73 99.55 99.58 99.47 99.49 99.42 99.51 99.60 99.63 99.77 99.74 100.00 100.19 100.11 99.95 100.24 100.31 100.27 100.48 100.61 100.42 100.63 100.76 100.74 100.65 100.75 100.72 100.73 100.73 100.72 100.77 100.75 100.66 100.65 100.71 100.66 100.53 100.53 100.41 100.46 100.30 100.23 100.12 100.06 99.97 99.76 99.79 99.75 99.84 99.90 99.92 100.00 99.97 100.03 100.09 100.20 100.33 100.13 100.25
100.20 100.21 100.19 100.20 100.17 100.24 100.11 100.04 100.10 99.93 99.86 99.87 99.79 99.66 99.53 99.45 99.35 99.26 99.18 99.05 98.93 98.90 98.81 98.74 98.64 98.61 98.51 98.45 98.40 98.39 98.37 98.31 98.35 98.36 98.31 98.27 98.24 98.28 98.23 98.69 98.16 98.15 98.16 98.22 98.27 98.38 98.50 98.67 98.92 99.08 99.13 99.43 99.62 99.75 99.88 100.08 100.23 100.39 100.54 100.65 100.88 101.09 101.17 101.23 101.33 101.69 101.24 101.48 101.51 101.52 101.62 101.48 101.58 101.73 101.79 101.76 101.73 101.75 101.66 101.71 101.66 101.67 101.62 101.64 101.55 101.52 101.43 101.38 101.30 101.23 101.15 101.11 101.09 100.99 100.99 100.98 100.79 100.70 100.67 100.52 100.48 100.39 100.27 100.26 100.23 100.26 100.09 100.20 100.18 100.27 100.25 100.28 100.32 100.31 100.19 100.28 100.20 100.19 100.13 99.90 99.99 99.95 99.49 99.66 99.60 99.54 99.44 99.38 99.45 99.57 99.56 99.62 99.70 99.16 99.70 99.94 99.98 99.93 100.13 100.22 100.29 100.07 100.38 100.44 100.45 100.28 100.40 100.37 100.46 100.51 100.45 100.51 100.44 100.37 100.47 100.48 100.40 100.37 100.38 100.29 100.23 100.26 100.15 100.11 100.06 99.80 99.95 99.90 99.78 99.86 99.81 99.92 99.97 99.95 100.07 100.08 100.02 100.18 100.15 100.05
100.25 100.08 100.08 100.94 100.12 100.17 100.18 100.14 100.10 100.06 100.00 99.85 99.84 99.71 99.66 99.62 99.53 99.46 99.29 99.12 98.86 99.10 99.03 98.97 98.92 98.90 98.81 98.83 98.82 98.74 98.72 98.66 98.64 98.59 98.54 98.50 98.49 98.52 98.51 98.50 98.48 98.54 98.55 98.62 98.73 98.80 98.92 98.98 99.18 99.34 99.57 99.72 99.89 100.08 100.29 100.39 100.51 100.64 100.80 100.82 100.95 101.10 101.24 101.37 101.36 101.39 101.55 101.52 101.51 101.50 101.58 101.53 101.61 101.61 101.64 101.71 101.67 101.60 101.60 101.64 101.63 101.63 101.53 101.47 101.42 101.16 101.23 101.19 101.19 101.15 101.14 101.04 100.93 100.88 100.94 100.64 100.61 100.63 100.58 100.51 100.49 100.40 100.32 100.32 100.34 100.30 100.29 100.31 100.31 100.28 100.35 100.32 100.40 100.33 100.30 100.27 100.25 100.14 100.23 100.13 100.03 99.98 99.96 99.82 99.73 99.66 99.54 99.49 99.45 99.44 99.45 99.53 99.59 99.59 99.67 99.80 99.85 99.84 99.95 99.77 100.04 99.82 100.07 100.16 100.02 100.19 100.17 100.18 100.23 100.23 100.19 100.20 100.31 100.31 100.29 100.24 100.25 100.18 100.23 100.24 100.19 100.12 100.14 100.10 99.93 99.99 99.99 100.01 99.75 99.84 99.88 99.92 99.81 99.98 100.08 100.12 100.08 100.14 100.16 100.18
100.16 100.31 100.17 100.28 100.27 100.22 100.19 100.22 99.94 100.05 99.98 99.98 99.99 99.94 100.12 99.74 99.69 99.63 99.48 99.57 99.51 99.38 99.35 99.31 99.27 99.24 99.09 99.15 99.11 99.08 99.02 98.96 98.94 98.89 98.83 98.76 98.76 98.77 98.73 98.72 98.73 98.80 98.88 98.97 99.09 99.20 99.28 99.42 99.51 99.66 99.79 99.82 100.11 100.36 100.54 100.73 100.89 101.07 101.13 101.15 101.18 101.31 101.37 101.35 101.47 101.51 101.53 101.44 101.50 101.56 101.45 101.48 101.58 101.60 101.60 101.63 101.63 101.57 101.59 101.58 101.61 101.53 101.48 101.17 101.84 102.71 100.47 101.05 101.15 101.06 101.11 100.95 100.98 100.81 100.80 100.72 100.63 100.61 100.60 100.56 100.47 100.46 100.41 100.27 100.39 100.26 100.24 100.30 100.29 100.28 100.36 100.37 100.42 100.33 100.17 100.20 100.35 100.20 100.17 100.25 100.19 100.10 100.06 99.84 99.82 99.61 99.66 99.55 99.53 99.37 99.47 99.44 99.44 99.47 99.56 99.52 99.61 99.64 99.56 99.69 99.79 99.76 99.86 99.88 99.79 99.95 99.93 99.97 99.94 99.97 100.02 100.04 100.04 100.08 99.88 100.10 100.07 100.16 100.13 100.12 100.01 99.99 100.11 100.09 99.97 100.09 100.08 99.88 100.02 99.91 100.06 100.04 100.00 100.01 100.02 100.11 99.98 100.00 100.19 99.86
100.27 100.26 100.32 100.28 100.25 100.38 100.31 100.25 100.29 100.24 100.05 100.09 100.15 100.00 100.03 99.95 99.94 99.89 99.86 99.85 99.65 99.72 99.57 99.50 99.50 99.36 99.48 99.44 99.34 99.31 99.28 99.17 99.20 99.09 99.39 98.98 98.98 98.97 98.95 98.98 99.02 99.08 99.21 99.26 99.34 99.47 99.61 99.77 99.88 100.03 100.20 100.39 100.55 100.74 100.93 101.10 101.28 101.40 101.52 101.63 101.66 101.63 101.54 101.49 101.50 101.49 101.46 101.50 101.56 101.52 101.55 101.56 101.52 101.59 101.59 101.55 101.52 101.42 101.59 101.55 101.52 101.46 101.30 101.25 101.23 101.09 101.06 101.09 101.04 101.08 100.99 100.91 100.90 100.79 100.75 100.66 100.62 100.58 100.53 100.42 100.35 100.42 100.38 100.25 100.28 100.28 100.30 100.24 100.19 100.08 100.16 100.32 100.39 100.32 100.28 100.29 100.17 100.25 100.23 100.21 100.16 100.03 100.07 99.99 99.90 99.83 99.81 99.64 99.54 99.51 99.43 99.34 99.35 99.35 99.25 99.43 99.43 99.46 99.13 99.52 99.59 99.67 99.69 99.63 99.67 99.68 99.49 99.78 99.76 99.80 99.76 99.90 99.87 99.93 99.95 99.94 99.96 99.98 99.99 100.04 99.87 99.90 99.90 99.98 99.95 99.95 100.07 100.08 100.09 100.02 100.09 100.02 100.13 100.11 99.98 100.04 100.07 100.22 100.19 100.24
100.13 100.35 100.36 100.31 100.35 100.36 100.33 100.38 100.23 100.42 100.30 100.28 100.24 100.27 100.09 100.00 100.00 100.12 100.16 100.04 100.06 100.05 100.00 99.97 99.83 99.80 99.41 99.74 99.72 99.53 99.69 99.47 99.51 99.38 99.27 99.20 99.23 99.23 99.26 99.27 99.29 99.43 99.52 99.63 99.72 99.85 100.08 100.27 100.47 100.61 100.70 100.80 100.86 100.99 101.08 101.22 101.30 101.34 101.45 101.48 101.48 101.50 101.48 101.47 101.43 101.47 101.49 101.50 101.45 101.52 101.53 101.50 101.58 101.56 101.43 101.51 101.50 101.42 101.44 101.41 101.34 101.30 101.34 101.25 101.12 101.14 100.99 100.95 100.92 100.87 100.88 100.81 100.71 100.70 100.70 100.51 100.55 100.55 100.50 100.47 100.44 100.43 100.39 100.28 100.30 100.39 100.34 100.29 100.28 100.33 100.08 100.13 100.26 100.25 100.30 100.25 100.19 100.22 100.21 100.09 100.03 100.07 100.02 100.01 99.86 99.83 99.81 99.76 99.70 99.64 99.56 99.45 99.43 99.35 99.27 99.19 99.25 99.36 99.44 99.40 99.43 99.43 99.47 99.47 99.48 99.48 99.53 99.58 99.58 99.55 99.64 99.58 99.65 99.74 99.82 99.86 99.82 99.88 100.06 99.98 99.92 99.91 99.91 100.00 99.99 100.06 100.07 100.14 100.10 100.06 100.04 100.14 100.18 100.22 100.35 100.29 100.24 100.28 100.22 100.18
100.35 100.44 100.51 100.41 100.35 100.44 100.65 100.30 100.42 100.44 100.29 100.35 100.38 100.32 100.43 100.46 100.44 100.36 100.51 100.24 100.12 100.28 100.27 100.21 100.10 100.05 99.96 99.86 99.92 99.77 99.81 99.85 99.87 99.69 99.81 99.83 99.69 99.70 99.73 99.77 99.71 99.90 99.97 100.03 100.16 100.24 100.36 100.54 100.64 100.77 100.87 100.95 100.95 100.93 101.01 101.04 101.07 101.12 101.17 101.17 101.14 101.21 101.22 101.27 101.41 101.34 101.36 101.40 101.50 101.43 101.47 101.43 101.42 101.48 101.40 101.34 101.35 101.39 101.35 101.28 101.23 101.22 101.18 101.11 101.03 101.01 100.95 100.94 100.89 100.77 100.66 100.58 100.64 100.66 100.56 100.55 100.50 100.48 100.45 100.40 100.32 100.27 100.24 100.21 100.29 100.32 100.29 100.23 100.26 100.24 100.31 100.23 100.20 100.21 100.14 100.20 100.12 100.10 99.99 100.08 99.93 100.02 99.98 99.85 99.86 99.84 99.81 99.80 99.74 99.65 99.59 99.60 99.53 99.49 99.38 99.39 99.31 99.26 99.22 99.18 99.11 99.09 99.13 99.18 99.23 99.29 99.37 99.40 99.50 99.47 99.55 99.54 99.53 99.56 99.66 99.62 99.77 99.85 99.90 99.94 99.96 99.86 99.99 100.02 100.04 100.11 100.08 100.12 99.97 100.16 100.15 100.13 100.05 100.20 100.24 100.28 100.39 100.22 100.33 100.30
100.49 100.57 100.58 100.53 100.45 100.62 100.65 100.60 100.60 100.66 100.74 100.63 100.65 100.52 100.78 100.60 100.57 100.53 100.46 100.46 100.51 100.22 100.24 100.33 100.22 100.35 100.22 100.65 100.42 100.31 100.39 100.22 100.14 100.09 99.98 100.08 99.99 100.03 100.08 100.20 100.26 100.33 100.38 100.43 100.52 100.59 100.63 100.68 100.74 100.81 100.91 101.05 101.00 101.01 101.00 100.99 100.94 100.93 100.88 100.94 100.99 101.04 101.08 101.08 101.13 101.21 101.25 101.21 101.21 101.25 101.34 101.40 101.39 101.29 101.35 101.37 101.38 101.29 101.22 101.12 101.13 101.07 101.02 100.97 101.00 100.97 100.92 100.86 100.79 100.78 100.70 100.51 100.51 100.52 100.51 100.37 100.39 100.39 100.34 100.37 100.31 100.31 100.26 100.12 100.22 100.24 100.16 100.13 100.12 100.07 100.14 100.16 100.21 100.19 100.14 100.19 100.20 100.12 100.00 99.93 99.99 100.06 100.02 99.90 99.87 99.83 99.77 99.81 99.69 99.67 99.61 99.56 99.58 99.50 99.52 99.46 99.41 99.35 99.32 99.33 99.35 99.37 99.39 99.40 99.42 99.44 99.46 99.47 99.52 99.54 99.50 99.58 99.57 99.62 99.61 99.61 99.74 99.80 99.84 99.81 99.95 99.94 99.88 99.99 100.09 100.14 100.06 100.14 100.23 100.28 99.75 101.08 99.97 98.85 100.24 100.33 100.48 100.44 100.26 100.39
100.48 100.61 100.54 100.61 100.62 100.76 100.58 100.69 100.72 100.71 100.78 100.68 100.70 100.81 100.70 100.77 100.76 100.54 100.65 100.70 100.64 100.76 100.81 100.90 100.72 100.51 100.55 100.55 100.26 100.37 100.40 100.34 100.50 100.56 100.64 100.44 100.38 100.40 100.30 100.45 100.44 100.50 100.62 100.60 100.60 100.53 100.64 100.70 100.75 100.86 100.93 100.95 100.94 100.96 100.97 101.10 100.94 100.93 100.96 100.99 101.07 101.13 101.17 101.18 101.18 101.15 101.12 101.14 101.19 101.10 101.23 101.24 101.24 101.24 101.22 101.26 101.19 101.18 101.07 101.10 101.02 101.00 100.93 101.08 100.88 100.80 100.74 100.68 100.66 100.67 100.59 100.56 100.52 100.45 100.46 100.42 100.52 100.31 100.27 100.24 100.22 100.21 100.20 100.15 100.17 100.19 100.19 100.15 100.08 100.16 100.12 100.08 100.14 100.14 100.12 100.09 100.06 100.10 99.99 99.99 99.98 99.95 99.87 99.99 99.98 99.93 99.80 99.77 99.77 99.67 99.74 99.70 99.70 99.65 99.55 99.57 99.52 99.51 99.49 99.48 99.45 99.52 99.52 99.38 99.45 99.50 99.55 99.56 99.50 99.50 99.54 99.59 99.61 99.63 99.66 99.67 99.70 99.79 99.83 99.88 99.89 99.97 99.97 100.06 100.09 100.07 100.09 100.13 100.18 100.25 100.25 100.32 100.25 100.52 100.54 100.57 100.58 100.58 100.52 100.43
100.73 100.59 100.31 100.18 100.36 100.69 100.57 100.13 100.16 100.64 100.76 100.77 100.80 100.76 100.74 100.55 100.20 100.24 100.14 100.53 100.30 100.44 100.91 101.23 100.75 100.55 100.54 100.69 100.61 100.60 100.58 100.59 100.66 100.55 100.18 100.54 100.43 100.53 100.49 100.45 100.65 100.62 100.53 100.53 100.63 100.72 100.76 100.80 100.85 100.88 100.91 100.95 100.79 101.02 101.05 101.10 101.13 101.13 101.13 101.13 101.17 100.42 100.46 100.91 101.06 101.03 101.03 101.06 100.98 100.98 101.05 101.08 101.07 101.08 101.04 101.05 101.02 101.03 101.07 101.04 100.99 100.87 100.85 100.82 100.81 100.74 100.60 100.58 100.66 100.60 100.62 100.56 100.48 100.37 100.35 100.39 100.40 100.37 100.32 100.28 100.26 100.26 100.21 100.29 100.20 100.18 100.18 100.17 100.16 100.15 100.15 100.13 100.08 100.01 100.01 100.00 100.06 99.97 99.98 99.87 99.92 99.95 99.96 99.97 99.95 99.96 99.92 99.89 99.84 99.77 99.81 99.74 99.69 99.61 99.29 99.52 99.63 99.63 99.65 99.62 99.56 99.57 99.56 99.55 99.56 99.53 99.59 99.54 99.57 99.51 99.58 99.63 99.62 99.66 99.71 99.73 99.77 99.79 99.74 99.82 99.85 99.92 100.02 100.09 100.11 100.11 100.16 100.25 100.26 100.21 100.31 100.23 100.30 100.38 100.35 100.58 100.70 100.67 100.58 100.66
100.41 100.27 100.27 100.39 100.42 100.37 100.32 100.32 100.36 100.35 100.37 100.19 100.48 100.42 100.46 100.56 100.56 100.60 100.61 100.54 100.52 100.65 100.63 100.67 100.73 100.78 100.68 100.43 100.50 100.38 100.44 100.49 100.54 100.55 100.51 100.58 100.54 100.65 100.63 100.62 100.64 100.68 100.68 100.63 100.57 100.60 100.64 100.68 100.72 100.81 100.89 100.86 100.90 100.94 100.99 101.00 100.96 101.02 101.10 101.09 101.14 101.18 101.17 101.19 101.14 101.14 101.22 101.16 101.06 101.00 100.93 100.90 100.82 100.85 100.86 100.68 100.64 100.68 100.80 100.81 100.69 100.75 100.57 100.02 100.35 100.70 99.40 99.63 100.39 98.92 99.42 100.03 99.66 99.21 99.86 99.02 99.18 99.95 99.64 99.25 99.38 99.49 99.64 100.08 100.13 100.05 100.10 100.12 100.14 100.11 100.10 100.09 100.08 100.07 100.01 100.03 100.00 100.00 99.97 99.74 100.34 99.71 99.91 99.88 99.85 99.89 99.85 99.81 99.82 99.82 99.82 99.82 99.79 99.79 99.78 99.78 99.79 99.79 99.73 99.74 99.71 99.66 99.58 99.60 99.60 99.51 99.41 99.42 99.48 99.54 99.57 99.53 99.63 99.68 99.68 99.77 99.73 99.81 99.79 99.80 99.84 99.92 99.96 100.05 100.06 100.13 100.09 100.09 100.13 100.27 100.26 100.29 100.31 100.36 100.38 100.33 100.31 100.47 100.47 100.44
99.40 99.42 99.45 99.52 99.46 99.46 99.50 99.49 99.50 99.53 99.56 99.59 99.62 99.65 99.69 99.72 99.73 99.77 99.77 99.80 99.81 99.84 99.88 99.93 99.97 100.04 100.14 100.25 100.25 100.32 100.42 100.31 100.33 100.53 99.98 99.97 99.77 100.07 99.40 99.55 99.80 99.92 100.41 100.42 100.45 100.54 100.62 100.58 100.38 100.34 99.78 99.75 99.54 99.76 100.31 99.89 99.79 99.77 99.78 99.91 100.61 100.42 100.51 100.52 100.61 100.68 100.78 100.39 100.21 99.89 99.90 99.90 99.36 99.64 99.41 99.07 98.83 99.05 98.78 98.53 98.48 98.15 98.20 98.01 98.01 98.09 97.82 97.79 97.81 97.70 97.78 97.93 97.60 97.60 97.93 97.68 97.72 97.50 97.50 97.54 97.93 98.04 98.02 98.02 98.06 98.15 97.78 98.70 98.81 99.59 99.53 98.85 99.14 99.85 99.48 99.58 99.26 99.41 99.70 99.05 99.11 99.00 99.09 99.14 99.42 99.80 99.24 99.34 99.34 99.32 99.39 99.36 99.36 99.39 99.41 99.43 99.53 99.64 99.75 99.75 99.75 99.74 99.74 99.71 99.73 99.67 99.68 99.71 99.72 99.78 99.78 99.81 99.82 99.84 99.84 99.82 99.82 99.86 99.87 99.82 99.83 99.85 99.89 99.89 99.89 99.88 99.85 99.82 99.80 99.71 99.61 99.63 99.62 99.61 99.59 99.53 99.47 99.42 99.41 99.40
98.97 98.98 98.99 98.99 98.99 98.98 99.00 99.01 99.03 99.05 99.08 99.13 99.14 99.17 99.20 99.25 99.30 99.31 99.39 99.39 99.44 99.45 99.45 99.45 99.44 99.37 99.54 99.50 99.44 98.79 98.64 98.41 98.71 98.84 98.43 98.65 98.36 98.40 98.41 98.30 98.15 98.30 98.05 97.91 97.93 98.12 98.10 98.04 98.14 98.24 98.43 98.63 98.89 98.98 98.52 98.64 98.41 98.25 98.24 98.41 98.28 99.08 99.01 99.91 100.10 100.31 100.48 100.59 100.56 100.19 99.88 99.49 99.16 98.92 98.80 98.57 98.44 98.30 98.20 98.14 98.08 97.99 97.94 97.89 97.81 97.74 97.70 97.64 97.61 97.61 97.61 97.59 97.58 97.55 97.52 97.48 97.45 97.42 97.41 97.39 97.37 97.34 97.31 97.29 97.27 97.25 97.25 97.23 97.25 97.37 97.54 97.77 97.72 97.81 97.62 97.78 98.01 98.09 97.95 97.82 97.75 97.78 98.07 97.86 97.95 97.80 97.92 97.96 97.86 97.92 97.74 97.79 97.93 98.14 98.05 98.01 98.07 97.89 97.99 98.02 98.18 98.54 98.62 98.76 99.25 99.21 99.53 99.74 99.77 99.73 99.69 99.66 99.66 99.67 99.73 99.75 99.73 99.71 99.63 99.59 99.57 99.55 99.52 99.48 99.44 99.41 99.36 99.32 99.30 99.27 99.24 99.22 99.18 99.15 99.14 99.11 99.07 99.03 99.00 98.99
99.21 99.07 99.20 99.37 99.45 99.71 98.36 98.21 98.47 98.67 98.05 98.41 98.20 98.09 98.23 98.45 97.71 97.51 97.47 97.49 97.49 97.74 98.27 97.95 97.98 98.13 98.51 98.22 98.16 98.41 98.32 97.33 97.41 97.75 97.44 97.33 97.31 97.30 97.32 97.36 97.34 97.46 97.39 97.31 97.35 97.29 97.25 97.27 97.26 97.38 97.39 97.36 97.43 97.65 97.63 97.51 97.53 97.57 97.64 97.72 97.77 97.67 97.82 97.72 97.68 97.68 97.98 97.99 98.40 98.62 98.77 99.09 98.85 98.82 98.78 98.93 99.12 99.32 99.40 99.42 99.50 99.53 99.12 98.71 98.28 98.22 98.28 98.37 98.49 98.76 99.22 99.20 97.83 97.61 97.59 97.68 97.61 97.55 97.43 97.37 97.34 97.41 97.32 97.28 97.25 97.23 97.20 97.19 97.18 97.17 97.16 97.17 97.17 97.18 97.19 97.20 97.21 97.22 97.23 97.22 97.24 97.26 97.26 97.24 97.24 97.24 97.23 97.23 97.24 97.23 97.23 97.22 97.22 97.23 97.26 97.26 97.33 97.33 97.31 97.49 97.27 97.28 97.27 97.63 97.66 97.69 97.81 98.15 97.83 97.61 97.74 97.60 97.93 98.03 98.27 98.51 98.02 98.26 98.44 98.54 98.49 98.23 98.36 98.81 98.65 98.71 98.94 99.38 99.13 99.47 99.19 98.97 98.81 98.65 98.83 99.07 99.23 98.89 98.90 98.95
97.07 97.12 97.10 97.12 97.15 97.15 97.14 97.15 97.06 97.04 97.04 97.05 97.06 97.07 97.06 97.03 97.03 97.03 97.03 97.02 97.03 97.07 97.08 97.00 97.00 97.00 97.01 97.02 97.03 97.03 97.04 97.01 96.99 97.01 97.00 96.97 96.96 96.96 96.96 96.96 96.97 96.97 96.99 96.98 96.97 96.95 96.95 96.94 96.95 96.96 96.96 96.96 96.96 96.97 96.99 97.02 97.03 97.05 97.07 97.07 97.04 97.03 97.02 97.01 97.01 97.01 97.01 97.01 97.02 97.03 97.12 97.39 97.45 97.34 97.28 97.25 97.28 97.24 97.21 97.27 97.17 97.12 97.11 97.11 97.14 97.11 97.13 97.20 97.16 97.18 97.11 97.08 97.12 97.07 97.05 97.04 97.05 97.05 97.07 97.06 97.04 97.02 97.02 97.04 97.05 97.01 97.00 96.99 96.99 96.98 96.98 96.99 96.98 96.98 96.99 96.99 96.99 97.00 97.00 97.04 96.99 97.00 97.01 97.02 97.06 97.08 97.01 97.01 97.03 97.03 97.05 97.02 96.99 96.99 96.99 96.99 96.99 97.00 97.03 97.03 97.03 97.03 97.04 97.03 97.05 97.05 97.05 97.03 97.01 96.99 97.01 96.99 97.02 97.00 96.98 96.98 96.99 97.07 97.03 97.06 97.02 97.09 97.09 97.14 97.13 97.14 97.13 97.13 97.15 97.16 97.13 97.18 97.22 97.19 97.20 97.19 97.17 97.24 97.28 97.14
96.92 96.91 96.92 96.92 96.93 96.90 96.90 96.90 96.89 96.89 96.90 96.89 96.89 96.89 96.89 96.89 96.89 96.89 96.89 96.89 96.89 96.89 96.89 96.89 96.89 96.89 96.89 96.88 96.88 96.87 96.87 96.87 96.87 96.87 96.87 96.86 96.86 96.86 96.86 96.86 96.86 96.86 96.86 96.86 96.86 96.86 96.86 96.86 96.86 96.86 96.86 96.87 96.87 96.87 96.87 96.88 96.88 96.88 96.89 96.89 96.89 96.89 96.89 96.89 96.89 96.90 96.90 96.90 96.90 96.90 96.90 96.90 96.90 96.91 96.91 96.91 96.91 96.91 96.92 96.92 96.92 96.92 96.92 96.92 96.92 96.92 96.92 96.92 96.92 96.92 96.92 96.92 96.93 96.93 96.92 96.92 96.91 96.92 96.93 96.94 96.93 96.92 96.92 96.91 96.91 96.91 96.91 96.90 96.90 96.90 96.90 96.90 96.90 96.90 96.89 96.89 96.89 96.89 96.89 96.89 96.89 96.89 96.89 96.89 96.89 96.89 96.89 96.89 96.89 96.88 96.88 96.88 96.88 96.88 96.88 96.88 96.87 96.87 96.87 96.87 96.87 96.87 96.87 96.87 96.87 96.86 96.87 96.87 96.87 96.87 96.87 96.87 96.87 96.88 96.88 96.88 96.89 96.89 96.89 96.88 96.88 96.88 96.89 96.89 96.88 96.89 96.89 96.89 96.89 96.89 96.89 96.90 96.90 96.90 96.90 96.90 96.91 96.91 96.91 96.91
