Mars Surface Radiation Result (absorbed dose in thin silicon slab) (1E-6 Gy/day).

The first row gives the longitude
The first column for each row (starting from the 2nd row) gives the latitude
The rest values of each row gives the dose rate at different longitudes (given in the first row)

179°W  177°W  175°W  173°W  171°W  169°W  167°W  165°W  163°W  161°W  159°W  157°W  155°W  153°W  151°W  149°W  147°W  145°W  143°W  141°W  139°W  137°W  135°W  133°W  131°W  129°W  127°W  125°W  123°W  121°W  119°W  117°W  115°W  113°W  111°W  109°W  107°W  105°W  103°W  101°W  99°W  97°W  95°W  93°W  91°W  89°W  87°W  85°W  83°W  81°W  79°W  77°W  75°W  73°W  71°W  69°W  67°W  65°W  63°W  61°W  59°W  57°W  55°W  53°W  51°W  49°W  47°W  45°W  43°W  41°W  39°W  37°W  35°W  33°W  31°W  29°W  27°W  25°W  23°W  21°W  19°W  17°W  15°W  13°W  11°W  9°W  7°W  5°W  3°W  1°W  1°E  3°E  5°E  7°E  9°E  11°E  13°E  15°E  17°E  19°E  21°E  23°E  25°E  27°E  29°E  31°E  33°E  35°E  37°E  39°E  41°E  43°E  45°E  47°E  49°E  51°E  53°E  55°E  57°E  59°E  61°E  63°E  65°E  67°E  69°E  71°E  73°E  75°E  77°E  79°E  81°E  83°E  85°E  87°E  89°E  91°E  93°E  95°E  97°E  99°E  101°E  103°E  105°E  107°E  109°E  111°E  113°E  115°E  117°E  119°E  121°E  123°E  125°E  127°E  129°E  131°E  133°E  135°E  137°E  139°E  141°E  143°E  145°E  147°E  149°E  151°E  153°E  155°E  157°E  159°E  161°E  163°E  165°E  167°E  169°E  171°E  173°E  175°E  177°E  179°E  
--------------------------------------------------------------------------------------------------------------
89°S ||     86.20 86.27 86.34 86.36 86.36 86.35 86.34 86.36 86.39 86.43 86.58 86.64 86.61 86.68 86.87 86.97 87.03 87.10 87.12 87.02 86.95 87.08 87.09 87.04 86.99 86.96 86.90 86.91 86.99 86.95 87.04 87.13 87.09 87.03 87.12 87.06 87.00 86.95 86.86 86.78 86.73 86.66 86.60 86.58 86.57 86.57 86.57 86.58 86.58 86.57 86.55 86.54 86.52 86.52 86.52 86.52 86.45 86.43 86.41 86.42 86.41 86.40 86.42 86.39 86.40 86.43 86.44 86.32 86.27 86.29 86.24 86.24 86.24 86.24 86.20 86.18 86.17 86.16 86.15 86.15 86.14 86.16 86.17 86.15 86.17 86.17 86.17 86.16 86.16 86.16 86.17 86.19 86.20 86.19 86.19 86.20 86.20 86.20 86.20 86.18 86.15 86.16 86.15 86.15 86.16 86.17 86.17 86.18 86.19 86.19 86.20 86.18 86.15 86.18 86.23 86.26 86.24 86.24 86.25 86.27 86.29 86.30 86.31 86.34 86.37 86.40 86.40 86.42 86.44 86.46 86.47 86.48 86.49 86.51 86.51 86.53 86.52 86.52 86.52 86.53 86.48 86.49 86.47 86.44 86.47 86.47 86.46 86.42 86.38 86.35 86.35 86.33 86.33 86.29 86.26 86.24 86.22 86.20 86.19 86.19 86.18 86.16 86.14 86.11 86.10 86.08 86.10 86.12 86.13 86.15 86.18 86.21 86.22 86.23 86.22 86.22 86.20 86.19 86.19 86.20
87°S ||     87.85 87.97 88.02 88.14 88.11 88.17 88.09 88.07 88.04 87.95 87.95 87.93 87.86 87.77 87.74 87.73 87.75 87.76 87.75 87.71 87.70 87.73 87.84 87.86 87.83 87.77 87.76 87.66 87.72 87.57 87.79 87.81 87.66 87.65 87.65 87.69 87.69 87.68 87.67 87.62 87.56 87.61 87.58 87.57 87.55 87.54 87.55 87.50 87.47 87.42 87.30 87.44 87.28 87.04 87.08 87.03 86.93 86.82 86.77 86.75 86.93 86.49 86.59 86.36 86.30 86.29 86.23 86.19 86.16 86.16 86.14 86.14 86.21 86.19 85.92 85.87 85.80 85.71 85.69 85.87 85.58 85.40 85.40 85.31 85.28 85.29 85.31 85.34 85.38 85.40 85.42 85.41 85.38 85.34 85.34 85.78 85.68 85.86 85.66 85.83 85.81 85.83 85.94 85.95 85.99 86.08 86.14 86.30 86.38 86.42 86.26 86.25 86.29 86.32 86.34 86.33 86.38 86.42 86.50 86.50 86.58 86.63 86.64 86.69 86.75 86.73 86.74 86.80 86.87 86.85 86.91 86.92 86.94 87.00 87.12 87.23 87.29 87.42 87.36 87.20 87.07 87.03 87.01 87.01 86.98 87.01 86.94 86.67 86.62 86.61 86.61 86.63 86.67 86.67 86.65 86.64 86.68 86.78 86.86 86.84 86.90 86.94 87.01 87.02 87.12 87.19 87.31 87.38 87.55 87.61 87.81 87.82 87.83 87.82 87.84 87.67 87.37 87.47 87.81 88.01
85°S ||     87.26 87.31 87.37 87.39 87.40 87.38 87.39 87.42 87.41 87.39 87.39 87.39 87.42 87.50 87.45 87.39 87.41 87.52 87.50 87.50 87.49 87.49 87.51 87.51 87.48 87.47 87.50 87.59 87.64 87.77 88.05 88.08 88.06 88.05 88.08 87.98 88.17 88.12 88.04 87.95 88.13 88.37 88.33 88.37 88.21 88.18 88.10 88.02 87.94 87.86 87.88 87.78 87.78 87.76 87.99 88.07 87.82 87.68 87.72 88.00 87.88 87.09 87.00 87.05 87.15 87.22 87.07 87.15 87.13 86.78 86.96 86.91 86.64 86.57 86.64 86.38 86.69 86.94 87.23 86.92 86.78 86.72 86.79 86.80 86.89 86.76 86.70 86.58 86.58 86.70 86.58 86.59 86.67 86.62 86.61 86.64 86.67 86.70 86.69 86.74 86.69 86.83 87.13 87.40 87.33 87.28 87.25 87.26 87.21 87.26 87.35 87.40 87.44 87.50 87.27 87.32 87.42 87.45 87.40 87.33 87.33 87.36 87.40 87.49 87.58 87.66 87.66 87.60 87.60 87.54 87.49 87.45 87.40 87.41 87.42 87.49 87.98 88.81 89.05 88.89 88.49 88.29 88.21 88.28 87.91 87.72 87.61 87.50 87.54 87.61 87.50 87.54 87.59 87.73 87.86 87.90 87.90 87.90 87.84 87.82 87.80 87.66 87.53 87.45 87.40 87.48 87.56 87.65 87.79 87.94 87.70 87.75 87.74 87.72 87.64 87.54 87.44 87.39 87.28 87.24
83°S ||     87.41 87.43 87.46 87.47 87.47 87.47 87.48 87.49 87.50 87.51 87.53 87.55 87.58 87.59 87.58 87.59 87.61 87.65 87.67 87.69 87.71 87.74 87.76 87.79 87.83 87.88 87.92 87.97 88.07 88.17 88.09 87.93 87.89 87.82 87.90 88.02 88.03 88.01 88.05 88.08 87.87 87.89 87.93 87.95 87.98 88.01 87.99 88.38 88.46 88.52 88.45 88.45 88.40 88.42 88.44 88.42 88.37 88.59 88.62 88.57 88.21 88.49 88.43 88.33 88.56 88.31 88.32 88.31 88.62 88.39 88.62 88.82 88.95 88.97 88.88 88.78 88.79 88.77 88.78 88.87 88.86 88.85 88.74 88.77 88.78 88.73 88.69 88.68 88.73 88.72 88.54 88.54 88.60 88.81 88.55 88.50 88.44 88.40 88.40 88.28 88.43 88.00 88.13 87.89 88.23 88.43 88.46 88.26 88.16 88.20 88.26 88.37 88.54 88.57 88.61 88.56 88.27 88.30 88.27 88.28 88.23 88.20 87.93 87.87 87.93 87.99 88.00 87.87 87.87 87.99 87.93 87.93 88.07 88.06 88.21 88.63 89.12 89.06 89.07 89.05 89.07 88.32 88.27 88.33 88.32 88.44 88.41 88.35 88.33 88.33 88.29 88.20 88.11 88.08 88.03 87.87 87.78 87.78 88.02 88.29 88.69 88.92 88.59 88.20 87.61 87.61 87.32 87.25 87.21 87.08 87.06 87.26 87.82 87.91 87.70 87.49 87.38 87.34 87.36 87.38
81°S ||     87.67 87.72 87.72 87.84 87.60 87.66 87.70 87.74 87.79 87.84 87.89 87.95 88.09 88.12 87.92 87.88 87.88 87.89 87.98 88.06 88.11 88.15 88.16 88.19 88.22 88.26 88.31 88.33 88.34 88.36 88.39 88.50 88.46 88.47 88.55 88.51 88.35 88.39 88.36 88.38 88.53 88.42 88.18 88.24 88.10 88.00 88.06 88.20 88.23 88.13 88.26 88.17 88.35 88.95 88.66 88.83 89.06 88.78 89.04 88.95 88.72 88.83 88.88 88.85 88.84 88.78 88.81 88.83 88.78 88.73 88.82 88.72 88.60 88.63 88.66 88.67 88.61 88.61 88.62 88.67 88.93 88.61 88.49 88.46 88.44 88.47 88.46 88.48 88.47 88.47 88.46 88.49 88.41 88.29 88.13 87.89 87.28 86.58 87.40 87.49 87.93 88.22 88.17 88.26 88.49 88.63 88.73 88.88 88.86 88.79 88.63 88.84 88.91 88.97 88.96 89.00 89.02 89.06 89.06 89.06 89.05 89.07 89.02 88.99 88.98 88.99 88.76 88.79 88.84 88.88 88.92 89.05 89.08 89.13 89.14 89.12 89.09 88.65 87.97 87.77 87.74 87.75 87.77 87.96 88.07 88.11 88.08 88.23 88.32 88.39 88.49 88.55 88.63 88.48 88.56 88.70 88.79 88.53 88.43 88.44 88.77 88.63 88.52 88.53 88.62 88.54 88.89 88.43 87.78 87.38 87.28 87.42 87.65 87.94 88.22 87.65 87.76 87.75 87.54 87.59
79°S ||     87.89 87.92 87.93 88.02 88.00 87.95 87.95 87.99 88.00 88.18 88.05 88.12 88.17 88.19 88.25 88.28 88.11 88.19 88.05 88.34 88.30 88.33 88.30 88.65 88.94 88.20 88.53 88.83 88.71 88.78 88.73 88.73 88.71 88.72 88.75 88.76 88.76 88.75 88.68 88.65 88.66 88.48 88.91 89.00 88.34 88.51 88.51 88.40 88.36 88.50 88.64 88.52 88.95 88.83 88.84 89.01 89.18 88.38 88.82 88.40 88.96 88.82 88.38 88.72 88.70 88.89 88.90 88.86 88.85 88.84 88.81 88.84 88.83 88.84 88.82 88.80 88.82 88.85 88.84 88.72 88.79 88.90 88.71 88.69 88.72 88.87 88.64 88.78 88.66 88.69 88.74 88.68 88.66 88.48 87.82 87.84 87.46 87.90 88.34 88.55 88.47 88.67 88.70 88.73 88.77 88.90 88.79 88.88 88.71 88.89 88.59 88.80 88.68 88.68 88.41 88.31 88.84 88.94 89.09 89.12 89.14 89.13 89.14 89.13 89.15 89.13 89.11 89.14 89.13 89.15 89.11 89.10 89.15 89.14 89.13 89.13 89.16 89.16 89.13 89.12 89.13 89.15 88.96 88.72 88.89 88.52 88.17 88.20 88.23 88.13 88.17 88.26 88.55 89.24 89.17 88.60 88.42 88.85 87.96 88.03 88.55 88.07 87.79 87.64 87.55 87.64 87.56 87.98 87.82 87.76 87.74 87.80 87.92 87.66 87.58 87.69 87.78 87.86 87.85 87.84
77°S ||     88.49 88.23 88.17 88.14 88.06 88.29 88.26 88.54 88.50 88.51 88.45 88.44 88.70 88.57 88.54 88.55 88.57 88.53 88.67 88.62 88.60 88.63 88.58 88.65 88.61 88.71 88.83 88.87 88.75 88.82 88.80 88.82 88.83 88.84 88.84 88.85 88.81 88.82 88.81 88.81 88.80 88.82 88.77 88.68 88.64 88.48 88.06 88.59 87.99 88.23 88.80 88.71 88.54 88.05 88.16 88.37 88.53 88.50 88.60 88.55 88.76 88.90 88.79 88.84 88.95 88.95 88.92 88.94 88.94 88.93 88.93 88.93 88.91 88.93 88.92 88.91 88.88 88.81 88.69 88.73 88.69 88.60 88.55 88.45 88.64 88.78 88.70 88.72 88.58 88.68 88.71 88.70 88.46 88.36 88.27 88.12 87.66 87.29 88.32 89.04 89.24 89.32 89.31 88.65 88.82 88.70 88.73 88.86 88.68 88.90 88.72 88.68 88.68 88.95 89.17 89.06 88.71 88.59 88.24 88.01 87.89 87.50 87.34 87.91 88.38 88.82 89.02 89.00 88.92 88.78 88.34 88.72 88.81 88.40 88.84 88.97 89.16 89.11 88.97 88.89 88.69 88.65 88.38 88.75 89.20 89.20 89.13 89.08 88.60 88.63 88.68 88.05 88.59 88.83 88.83 88.23 87.98 88.09 87.92 87.99 88.06 87.90 87.87 88.08 87.96 87.90 88.04 88.16 88.22 88.18 88.07 88.14 88.31 88.00 88.01 88.07 88.25 88.38 88.44 88.27
75°S ||     88.59 88.64 88.44 88.55 88.40 88.42 88.50 88.92 88.65 88.53 89.11 89.22 88.56 88.74 88.78 88.86 88.71 88.79 88.80 88.68 88.68 88.82 88.82 88.92 88.82 88.87 88.90 88.92 88.90 88.87 88.88 88.87 88.91 88.90 88.61 88.86 88.85 88.82 88.81 88.80 88.77 88.74 88.75 88.75 88.77 88.80 88.75 88.70 88.58 88.52 88.61 88.26 88.09 88.33 88.69 88.75 88.70 88.91 88.99 88.99 89.00 89.00 88.97 88.94 88.92 88.91 88.89 88.73 88.85 88.78 88.75 88.68 88.69 88.60 88.59 88.62 88.53 88.63 88.54 88.59 88.66 88.69 88.76 88.66 88.89 88.75 88.76 88.85 88.75 88.76 88.74 88.55 88.46 88.69 88.78 88.77 88.76 88.76 88.80 88.71 88.61 88.70 88.71 88.64 88.82 88.83 88.84 88.72 88.72 88.66 88.62 88.52 88.20 88.34 88.54 88.05 88.36 88.21 88.00 88.13 87.87 87.77 88.37 88.69 88.65 88.47 89.23 88.28 88.38 88.38 88.46 88.78 88.69 88.60 88.55 88.42 88.70 87.98 87.72 87.40 87.27 87.70 89.21 89.14 89.23 88.50 88.97 88.52 89.07 89.23 89.15 89.10 89.05 89.05 89.13 88.51 87.73 87.75 87.73 87.73 87.71 87.86 88.40 88.31 88.42 87.93 87.98 88.12 88.17 88.12 88.15 88.11 88.10 88.27 88.27 88.35 88.47 88.43 88.47 88.50
73°S ||     89.21 88.49 88.92 88.89 88.83 88.61 89.06 88.88 88.89 88.85 88.50 88.19 88.84 88.56 88.82 88.93 88.89 88.88 88.82 88.72 88.60 88.32 89.03 88.15 88.36 88.95 88.81 88.78 88.80 88.84 88.86 88.86 88.91 88.69 88.64 88.39 88.56 88.81 88.74 88.78 88.78 88.80 88.73 88.77 88.79 88.79 88.81 88.65 89.00 89.46 89.46 89.52 89.49 88.60 88.95 88.95 89.04 89.05 89.05 89.06 89.06 89.06 89.03 88.97 88.99 88.71 88.80 88.93 88.94 88.95 88.95 88.81 88.67 88.78 88.72 88.65 88.60 88.70 88.88 88.66 88.68 88.67 88.69 88.90 88.80 88.96 89.03 89.00 88.93 88.97 88.79 88.78 88.53 88.81 88.79 88.86 88.96 88.97 88.96 88.94 88.96 88.98 89.04 88.99 88.92 88.86 88.96 88.68 88.65 88.54 88.13 87.84 88.08 88.50 88.80 88.58 88.70 88.59 88.66 88.34 88.45 88.09 87.88 87.86 88.22 88.24 88.46 88.41 88.58 88.56 88.56 88.66 88.72 88.81 88.90 88.93 88.93 89.02 88.85 88.64 88.85 87.68 87.73 88.30 88.41 88.46 88.54 88.70 89.05 88.95 88.82 88.08 88.68 89.02 89.20 89.29 88.99 88.31 87.57 87.96 87.74 88.03 88.46 88.45 87.91 88.16 88.50 88.62 88.49 88.73 89.18 89.04 88.78 88.67 88.68 88.65 88.77 88.64 88.68 89.15
71°S ||     89.08 89.09 89.13 89.14 89.17 89.25 89.31 89.27 89.27 89.28 89.28 88.90 88.48 88.31 87.84 87.83 88.39 88.49 89.13 88.59 88.61 88.52 88.39 88.46 89.49 88.83 88.86 88.86 88.77 88.62 88.70 88.63 88.61 88.74 88.68 88.64 88.58 88.80 88.71 88.73 88.82 88.69 88.78 88.72 88.77 88.81 88.62 88.50 88.57 89.08 89.43 89.34 89.51 88.38 88.99 89.06 89.07 89.09 89.04 89.05 89.10 88.92 88.85 88.92 88.98 89.01 89.02 88.91 88.92 88.25 88.53 88.72 88.62 88.77 88.56 88.72 88.68 88.39 88.27 88.21 88.11 88.79 88.76 88.73 88.85 88.87 88.95 88.83 88.98 88.89 89.17 89.13 88.90 88.97 88.98 88.89 88.86 88.39 88.82 88.98 89.06 88.91 88.95 88.94 88.91 88.93 88.74 88.09 88.41 88.62 88.59 88.64 88.65 88.77 88.77 88.69 88.86 88.71 88.79 88.84 88.76 88.89 88.90 88.76 88.81 88.64 88.07 88.21 89.05 89.09 88.47 88.68 88.60 87.67 88.48 88.65 88.73 88.34 88.16 88.41 88.53 88.16 88.73 88.88 89.03 89.04 89.03 88.87 88.88 88.97 89.13 89.07 89.18 89.05 89.43 89.51 89.48 89.32 89.11 88.99 89.15 89.06 88.93 89.14 89.23 89.19 89.19 89.11 89.03 89.26 89.03 89.19 89.14 89.17 88.85 88.85 88.89 88.95 88.73 89.02
69°S ||     88.65 88.70 88.91 89.04 88.77 89.50 89.42 89.25 89.32 89.30 89.27 89.16 88.82 88.91 88.64 88.70 87.92 88.08 88.34 88.71 88.94 88.80 88.57 88.43 88.44 88.84 88.72 88.81 88.57 88.90 88.34 88.41 88.33 88.52 88.53 88.59 88.75 88.76 88.84 88.85 88.89 88.85 88.83 88.87 88.88 89.17 88.76 88.96 88.97 88.95 88.96 89.02 89.02 89.07 89.08 89.03 89.03 89.04 88.91 88.91 88.78 89.03 89.00 89.10 89.02 88.88 88.42 88.38 88.36 88.36 88.40 88.55 88.56 88.71 88.79 88.98 88.89 88.59 88.19 88.43 88.55 88.84 88.80 88.56 88.56 88.38 88.43 88.39 88.59 88.78 88.80 88.89 88.16 88.92 88.98 88.95 89.05 89.05 89.03 89.05 89.03 89.02 89.07 89.02 88.87 88.64 88.10 88.92 89.03 88.96 88.84 88.71 88.78 88.70 88.79 88.42 88.34 88.74 88.98 89.08 89.17 89.08 89.09 89.13 89.11 89.05 88.79 88.46 88.21 88.32 88.71 88.71 88.73 88.71 89.24 88.55 87.75 88.05 88.11 88.26 88.39 88.37 88.07 88.16 88.52 88.81 88.89 88.74 89.02 89.07 89.07 89.11 88.83 87.50 89.03 89.40 89.32 87.93 89.39 89.35 89.32 89.22 89.18 89.14 88.99 88.82 88.66 88.69 88.18 87.97 88.69 89.04 89.03 88.93 88.83 88.70 88.60 88.54 88.73 88.75
67°S ||     89.35 88.56 88.41 88.87 88.88 88.93 88.93 89.23 89.24 89.29 89.29 89.28 89.20 89.12 88.92 88.75 88.56 88.24 88.19 87.99 87.99 87.74 88.01 88.02 88.28 88.23 88.15 88.11 88.44 87.98 88.01 88.01 88.36 89.27 88.34 88.48 88.46 88.87 88.72 88.75 88.83 88.82 88.80 88.81 88.82 88.85 88.83 88.89 88.90 88.86 88.88 88.93 88.95 88.95 88.90 88.99 89.06 88.98 89.02 88.97 88.61 88.85 88.99 88.99 88.87 88.73 89.69 89.64 89.37 88.24 88.49 88.63 88.66 88.77 88.87 88.65 88.47 88.10 88.13 87.86 88.15 88.24 88.53 88.55 88.74 88.66 88.73 88.75 88.74 88.74 88.78 88.88 88.83 88.92 88.90 88.98 88.91 88.90 88.91 88.82 88.84 88.40 88.27 88.30 88.01 88.43 89.17 89.37 89.31 89.10 89.07 88.84 88.87 88.66 88.76 88.67 88.89 88.95 89.09 89.10 89.07 89.04 89.06 89.04 88.98 89.10 89.07 89.14 89.13 88.92 88.53 88.16 88.56 88.68 88.19 88.09 88.01 87.73 88.13 87.63 87.83 88.09 88.10 88.66 88.53 88.50 88.20 88.43 88.71 88.90 89.06 89.11 88.99 89.08 89.14 89.16 89.17 89.13 88.98 89.06 89.03 89.07 88.98 88.85 88.98 88.94 88.94 88.93 88.88 88.63 89.01 88.88 88.85 88.74 88.40 88.71 88.20 88.19 88.31 88.69
65°S ||     88.57 88.35 88.15 88.44 88.46 88.95 89.00 89.21 89.17 89.20 89.19 89.24 89.23 89.23 89.18 89.08 89.02 88.98 88.92 88.73 88.40 88.29 88.32 88.16 88.38 88.33 88.11 88.57 88.51 88.19 88.05 88.27 88.12 88.28 88.40 88.47 88.47 88.51 88.54 88.69 88.72 88.78 88.80 88.81 88.86 88.88 88.86 88.85 88.87 88.86 88.79 88.74 88.68 88.74 88.83 88.90 88.89 88.90 88.82 88.23 88.86 88.98 89.07 89.17 88.80 88.99 88.96 88.90 88.54 88.48 88.69 88.66 88.71 88.79 88.91 88.85 88.56 88.47 88.19 87.95 88.00 88.27 88.83 88.54 88.65 88.67 88.66 88.62 88.47 88.71 88.71 88.74 88.72 88.82 88.71 88.85 88.99 88.90 88.76 88.81 88.68 88.72 88.66 88.59 88.34 88.55 88.42 88.55 88.58 88.52 88.53 88.45 88.52 88.84 89.02 89.25 89.22 89.13 89.03 88.96 88.95 89.04 89.12 89.08 89.14 89.10 89.06 89.08 89.07 89.15 88.65 88.64 88.61 88.54 89.27 88.24 88.20 88.27 88.54 87.89 87.87 87.88 88.18 88.21 88.25 88.00 87.91 88.64 88.47 88.35 88.84 88.79 88.73 88.99 88.97 88.12 88.51 88.61 88.91 88.73 88.36 88.47 88.89 88.68 88.80 88.94 88.86 88.91 88.89 88.87 88.67 88.63 88.52 88.13 88.71 88.82 88.54 88.44 88.22 88.19
63°S ||     88.47 88.45 88.66 88.30 88.14 88.43 88.76 88.83 88.98 88.95 89.09 89.00 89.17 89.09 89.09 89.01 89.03 89.04 88.98 88.67 88.32 88.29 88.10 88.16 88.10 88.19 88.20 88.09 88.05 88.11 88.08 88.18 88.33 88.35 88.33 88.19 88.08 88.31 88.56 88.41 88.68 88.50 88.39 88.64 88.67 88.65 88.54 88.72 88.68 88.66 88.53 88.56 88.69 88.92 88.74 88.33 88.61 88.96 88.88 88.90 88.86 88.84 88.91 89.03 89.22 89.08 88.65 89.10 88.56 88.89 88.73 88.61 88.64 88.57 88.64 88.94 89.01 88.94 88.91 88.69 88.58 88.35 88.43 88.43 88.46 88.50 88.59 88.60 88.61 88.59 88.59 88.61 88.68 88.65 88.68 88.57 88.65 88.69 88.59 88.75 88.77 88.60 88.65 88.78 88.71 88.56 88.46 88.32 88.34 88.20 88.51 88.59 88.79 89.09 89.29 89.31 89.33 89.21 89.11 89.06 89.03 89.00 89.02 89.03 89.14 89.17 89.10 89.07 89.08 89.09 88.99 88.67 88.60 88.74 88.51 88.24 88.08 88.18 88.10 87.61 88.66 87.97 88.31 88.27 88.26 88.09 88.00 87.89 87.74 88.04 88.33 88.57 88.47 88.51 88.69 88.87 89.00 89.00 88.84 88.76 88.47 88.51 88.62 88.59 88.50 87.97 87.95 88.19 88.49 88.66 88.73 88.78 88.67 88.82 88.80 88.27 88.54 88.61 88.57 88.69
61°S ||     88.86 88.27 88.03 88.41 88.61 88.74 88.73 88.33 88.41 88.54 88.25 88.41 88.74 88.37 89.34 88.41 88.65 88.61 88.91 88.71 88.64 88.59 88.59 88.18 88.06 87.92 88.58 88.39 88.05 88.13 88.43 88.63 88.65 88.58 88.57 88.39 88.16 88.29 88.24 88.23 88.52 88.09 88.38 88.59 88.42 87.79 88.74 88.84 88.87 88.83 88.81 88.89 88.87 88.66 88.39 88.98 88.98 88.85 88.99 88.97 88.93 88.82 88.88 88.92 89.07 89.25 89.10 88.74 89.14 89.15 89.04 88.87 88.33 88.81 88.94 88.64 88.60 88.66 88.58 88.42 87.87 87.90 88.37 88.54 88.41 88.37 88.31 88.49 88.58 88.57 88.61 88.57 88.59 88.70 88.64 88.68 88.65 88.56 88.63 88.70 88.75 88.67 88.63 88.63 88.31 88.66 88.62 88.64 88.66 88.74 88.81 88.85 88.91 89.01 89.14 89.16 88.92 88.89 88.90 88.77 89.40 89.13 88.80 88.93 89.03 89.07 89.16 89.20 89.04 89.16 89.31 89.19 87.95 89.08 88.99 88.86 88.19 88.30 88.29 88.53 88.06 87.99 87.94 88.01 88.06 88.00 88.01 87.87 88.03 88.01 88.21 88.21 88.25 88.31 88.33 88.90 89.19 89.15 89.13 89.05 88.93 88.79 88.66 88.51 88.46 88.23 87.98 88.14 88.21 87.58 88.08 88.54 88.62 88.47 87.85 88.09 88.23 88.76 88.79 88.76
59°S ||     88.89 88.59 88.46 88.63 88.66 88.56 87.76 88.22 88.35 88.19 88.51 88.21 88.35 87.79 88.45 88.69 88.53 88.62 88.41 88.57 88.65 88.65 88.46 88.36 87.82 88.08 88.21 88.25 88.51 88.10 88.26 88.67 88.73 88.54 88.70 88.55 88.23 87.90 87.81 87.91 88.11 88.50 88.71 88.71 88.67 88.48 88.79 88.88 88.98 88.97 88.98 88.97 88.99 89.00 88.83 88.72 88.80 88.69 88.88 88.95 88.77 88.58 89.02 88.95 88.53 89.21 88.54 88.94 89.10 88.22 88.43 88.89 89.27 88.74 89.05 88.66 88.68 88.50 88.35 88.36 88.02 88.11 88.32 88.19 88.23 88.50 88.41 88.39 88.63 87.92 88.46 88.61 88.65 88.60 88.85 88.50 88.46 88.48 89.02 88.45 88.40 88.64 88.56 88.59 88.64 88.68 88.67 88.64 88.64 88.83 88.89 89.00 89.04 89.04 88.96 88.77 88.79 88.84 88.64 88.37 88.39 88.42 88.81 89.03 89.22 89.28 89.31 89.27 89.31 89.40 89.28 89.26 89.12 89.03 89.06 88.91 88.60 87.93 87.58 87.78 88.96 88.85 87.59 87.61 88.46 87.83 87.91 87.51 87.92 88.19 87.91 87.96 88.29 88.67 88.82 88.93 89.02 88.98 89.03 89.01 88.99 88.94 88.85 88.75 88.49 88.28 88.07 88.03 88.16 88.03 88.63 87.62 88.13 88.28 88.10 88.52 88.66 88.56 88.73 88.82
57°S ||     88.77 88.79 88.88 89.03 88.78 88.00 88.26 88.16 87.88 87.92 88.00 89.00 87.96 88.05 87.79 87.84 88.28 88.57 88.27 88.15 88.89 88.17 88.19 88.17 87.67 88.10 88.27 88.26 88.24 87.72 87.38 88.66 88.51 88.57 88.55 88.37 88.46 88.09 87.97 88.01 87.89 88.29 88.45 88.55 88.62 88.46 88.17 88.14 88.68 88.96 88.98 89.01 88.91 88.89 88.74 88.34 88.23 88.25 88.09 88.01 88.43 89.26 88.68 88.30 89.14 89.36 89.26 88.67 89.73 87.38 89.45 88.69 88.39 88.79 88.54 89.07 89.21 89.05 88.85 89.26 89.27 88.77 88.36 88.42 88.56 88.40 88.44 88.30 88.27 88.47 88.53 88.59 88.42 88.23 88.24 88.21 88.23 88.29 88.54 88.29 88.13 88.22 88.22 88.28 88.28 88.65 88.68 88.79 88.89 88.97 89.05 89.12 89.19 89.23 89.17 89.04 89.10 89.10 89.17 89.03 88.98 89.08 89.29 89.44 89.54 89.53 89.54 89.53 89.54 89.64 89.41 89.35 89.24 89.33 89.28 89.22 89.18 88.92 87.80 88.47 89.00 89.16 87.93 88.06 88.39 88.28 88.04 87.90 87.88 88.13 88.44 88.54 88.62 88.45 88.71 88.58 88.86 88.54 88.03 88.18 88.87 88.92 88.87 88.69 88.42 88.22 88.06 88.05 88.13 88.06 87.85 87.76 88.09 88.16 88.74 88.15 88.17 88.25 88.43 88.73
55°S ||     88.79 88.81 88.88 88.92 88.56 88.51 88.46 88.19 88.07 88.40 88.37 88.30 88.19 88.27 88.05 88.20 88.53 88.46 88.44 88.38 88.01 87.52 87.52 88.84 87.49 88.10 88.33 88.34 88.32 88.14 87.99 88.56 88.54 88.45 88.55 88.32 88.14 87.96 87.69 87.62 87.71 87.64 87.62 87.78 88.31 88.11 88.00 88.26 88.62 88.79 88.93 88.95 88.95 88.65 88.38 87.77 88.02 87.71 87.94 89.06 88.32 89.36 89.45 89.16 88.44 89.89 89.85 89.93 89.84 89.85 89.85 89.54 88.20 88.57 89.22 88.79 88.67 89.12 89.02 88.97 88.66 88.48 88.57 88.56 88.50 88.41 88.42 88.26 88.34 88.15 88.33 88.46 88.61 88.42 88.48 88.73 89.14 88.50 88.47 88.53 88.52 88.48 88.11 88.22 88.13 88.31 88.77 88.83 88.97 89.08 89.17 89.23 89.33 89.41 89.40 89.48 89.53 89.58 89.60 89.74 89.91 90.00 90.04 90.11 90.22 90.02 89.90 89.87 90.20 89.72 89.57 89.51 89.44 89.31 89.40 89.35 88.55 89.00 88.91 88.71 88.59 88.46 88.53 88.55 87.78 88.09 88.18 88.17 88.41 88.61 88.82 88.81 89.18 88.98 88.52 88.64 88.77 87.93 88.06 88.92 88.75 88.61 88.48 88.49 88.23 88.13 88.24 88.38 88.54 88.39 88.37 87.96 88.46 88.22 88.08 88.15 88.33 88.59 88.61 88.76
53°S ||     88.81 88.56 88.60 88.97 89.09 88.09 88.60 88.68 88.67 88.54 88.63 88.29 88.14 88.40 88.40 88.39 88.19 88.44 88.36 88.41 88.31 87.82 87.56 88.37 88.05 88.25 88.95 88.23 88.36 88.23 88.46 88.38 88.37 88.53 88.41 88.40 88.37 87.79 87.57 87.54 87.46 87.59 87.95 88.11 88.28 88.39 88.50 88.47 88.99 89.34 88.24 88.28 88.49 88.32 88.40 88.75 88.64 88.14 88.07 88.70 88.31 89.41 89.46 89.52 90.15 89.99 89.88 89.88 89.90 89.91 89.90 89.83 89.63 89.45 88.98 88.87 89.03 89.20 88.77 88.91 89.01 88.92 88.84 88.72 88.58 89.10 88.68 88.42 88.52 88.55 88.36 88.33 88.25 88.56 88.20 88.10 88.33 88.39 88.46 88.38 88.49 88.56 88.28 87.78 88.63 88.49 88.63 88.83 88.91 88.97 89.22 89.31 89.44 89.54 89.59 89.69 89.94 90.06 90.50 91.10 91.61 92.02 92.21 92.28 92.32 91.88 91.73 91.80 91.82 91.70 90.85 89.73 89.73 89.86 89.38 89.47 89.48 89.33 88.73 88.72 88.81 88.51 88.56 88.31 88.41 88.85 88.33 88.32 88.38 88.21 88.41 88.66 88.88 88.98 89.29 88.79 88.71 87.72 88.93 88.70 88.80 88.81 88.80 88.57 88.39 88.35 88.12 88.37 87.95 88.36 88.51 88.05 87.66 87.66 88.09 88.52 88.57 88.64 88.78 88.81
51°S ||     88.73 88.62 88.38 88.44 88.82 88.71 88.64 88.10 88.78 88.45 88.21 88.40 88.29 88.47 88.36 88.28 88.35 87.85 88.23 88.28 88.12 87.84 87.49 87.34 87.09 88.05 87.79 88.09 88.31 88.32 88.23 88.37 88.15 88.06 88.22 88.01 88.04 87.94 87.73 87.15 87.13 87.01 87.32 88.11 88.26 88.40 88.48 88.22 89.02 89.26 88.14 88.13 87.78 87.57 88.31 88.99 89.11 89.09 88.49 88.05 88.01 88.18 89.48 89.83 90.00 89.86 89.97 89.90 89.90 89.90 89.90 89.96 89.63 89.66 89.74 89.93 89.03 89.07 88.85 88.87 88.97 88.91 88.65 88.53 88.38 88.73 88.24 88.34 88.50 88.48 88.46 88.51 88.59 88.65 88.46 88.19 88.29 88.36 88.42 88.15 88.55 88.37 88.16 88.48 88.40 88.52 88.74 88.92 89.06 89.08 89.36 89.44 89.48 89.64 89.78 90.08 90.54 91.18 91.84 92.61 92.89 93.28 93.44 93.64 93.63 93.66 93.48 93.49 93.37 93.16 93.49 92.91 90.56 90.47 89.91 89.56 89.21 88.46 87.84 88.99 88.77 88.35 88.96 88.26 87.89 88.07 88.33 88.71 88.54 88.59 88.83 88.84 88.76 88.68 88.25 88.68 88.70 88.80 88.74 88.76 88.71 88.38 88.47 88.73 88.69 88.54 88.17 88.67 88.40 88.64 88.38 88.10 88.41 87.99 88.08 88.30 88.40 88.57 88.63 88.72
49°S ||     88.08 88.27 88.16 88.46 88.96 89.09 89.16 88.63 88.64 87.93 88.27 87.94 87.92 87.81 88.05 87.91 87.85 87.89 87.31 87.51 87.76 87.97 87.37 87.24 87.76 87.58 87.87 88.29 88.27 88.26 88.12 88.30 88.04 87.09 87.08 87.20 87.46 87.46 87.50 87.11 86.97 87.04 87.18 87.86 88.13 88.28 88.30 88.30 88.24 88.16 88.02 87.77 87.41 87.26 87.48 87.83 88.62 88.67 88.20 88.05 89.23 89.37 89.45 89.58 89.88 90.14 89.93 89.95 89.91 90.01 90.02 89.86 89.73 89.18 89.39 88.86 88.85 89.06 88.80 88.89 88.89 88.85 88.68 88.45 88.46 88.16 88.27 89.16 88.74 88.48 88.33 88.45 88.84 88.85 88.50 88.30 87.90 88.62 88.16 88.16 88.15 88.17 88.38 88.62 88.69 88.46 88.43 88.93 89.05 89.22 89.05 89.35 89.61 89.85 90.49 91.18 91.87 92.31 92.94 93.34 93.95 94.32 93.96 93.93 93.06 93.58 93.68 93.79 93.67 93.62 93.65 93.67 93.42 92.88 91.40 90.39 89.51 89.15 89.33 89.07 89.20 88.80 88.10 88.50 88.60 87.92 88.42 88.24 88.60 88.69 88.21 88.55 88.54 88.50 88.41 88.70 88.56 88.41 88.16 88.18 87.25 87.86 88.43 88.31 88.09 88.49 88.75 88.93 88.51 88.93 88.86 88.67 88.63 88.29 87.98 87.66 87.82 87.99 88.26 88.38
47°S ||     87.90 88.28 88.09 88.05 88.55 88.94 88.47 88.09 88.47 88.16 87.93 88.02 87.23 88.29 87.39 87.58 86.92 87.11 87.72 87.55 87.94 87.45 87.73 87.97 87.94 88.26 87.79 88.07 88.21 88.18 88.19 88.18 88.23 87.59 87.43 87.55 87.78 87.82 87.81 87.58 87.24 87.15 87.44 87.54 87.43 87.94 87.95 88.02 87.85 87.88 87.62 87.49 87.21 87.21 87.16 87.44 87.71 87.69 88.12 88.47 87.75 89.04 88.78 89.42 89.41 89.99 90.14 90.10 90.04 90.11 90.06 89.92 89.81 89.23 89.39 89.37 88.87 88.82 88.68 88.31 88.78 88.62 88.56 88.53 88.29 88.33 88.15 88.34 88.57 88.49 88.57 88.58 88.93 88.55 88.40 87.88 88.13 88.03 88.27 88.68 88.15 87.89 88.09 88.34 88.93 88.95 88.69 88.90 89.15 89.11 89.02 89.22 89.53 89.69 91.81 93.05 93.47 94.18 94.57 93.91 93.50 93.76 94.11 94.01 93.63 93.35 93.14 93.52 93.70 93.60 93.61 93.42 93.44 93.34 92.78 91.71 90.62 89.69 89.44 89.33 89.27 89.19 88.81 88.50 88.89 88.87 88.47 88.73 88.68 88.67 88.67 88.23 88.10 88.38 88.07 88.30 88.33 87.88 87.60 88.14 88.70 88.78 88.08 88.01 88.39 88.78 88.67 88.80 88.93 88.86 88.82 88.77 88.16 88.17 87.95 88.36 88.12 88.00 88.29 88.18
45°S ||     88.29 88.35 88.23 88.27 88.47 88.44 88.52 88.54 88.63 88.00 87.79 88.23 87.82 87.66 87.73 87.74 88.48 87.68 87.99 88.08 87.90 88.12 88.57 87.80 88.10 88.28 88.15 88.04 88.05 88.01 87.89 87.97 87.91 87.74 87.74 87.71 87.73 87.76 87.84 87.85 87.58 87.50 87.65 87.58 87.55 87.73 87.73 87.56 87.41 87.26 87.20 87.19 87.16 86.77 86.63 87.56 87.91 88.03 88.34 88.55 88.79 88.77 89.04 89.14 89.10 89.69 89.86 90.83 90.66 90.29 90.16 90.00 89.61 89.47 89.33 89.43 88.73 88.70 88.67 89.25 88.42 88.58 88.37 88.34 88.29 88.21 88.21 88.59 88.58 88.51 88.42 88.48 88.64 88.48 88.32 88.40 88.13 88.16 88.13 88.67 87.50 88.04 88.21 88.27 88.72 88.28 88.72 88.88 89.03 89.05 89.12 89.07 89.53 90.47 93.11 93.58 94.48 94.59 94.02 94.38 94.19 94.42 94.26 94.25 94.04 94.40 94.51 93.64 93.50 93.96 93.60 93.50 93.49 93.36 92.76 92.41 91.17 89.92 89.54 89.42 89.27 89.34 87.90 88.89 88.91 88.70 88.78 88.56 88.42 88.69 88.43 88.26 88.46 88.24 88.30 88.03 87.85 87.91 87.48 86.87 87.86 87.72 88.14 88.79 88.86 88.79 88.40 88.89 88.50 88.55 88.77 88.70 88.14 88.18 88.21 87.55 87.59 88.07 88.22 88.15
43°S ||     88.69 88.08 88.78 88.48 88.68 88.42 88.50 88.47 88.29 88.09 87.77 87.83 87.67 87.50 87.79 87.81 88.13 88.19 88.08 88.06 87.64 87.83 87.99 88.00 87.76 88.05 88.13 88.13 87.57 87.82 87.70 87.92 87.95 87.55 87.64 87.63 87.65 87.74 87.89 87.97 87.47 87.27 86.41 86.47 87.18 87.53 87.40 87.20 87.23 87.01 86.92 86.93 86.86 86.95 86.99 87.63 87.71 87.84 87.96 88.28 88.28 88.36 88.70 88.33 89.31 89.24 89.56 89.62 89.69 89.74 89.66 89.65 89.33 89.48 89.39 88.82 88.75 88.87 88.78 88.86 88.69 89.46 88.35 88.50 88.39 88.38 88.28 88.61 88.58 88.39 88.32 88.45 88.50 88.43 88.41 88.22 88.38 88.22 88.47 88.10 88.06 88.16 88.05 87.73 87.80 88.08 88.63 89.10 88.80 88.94 89.02 89.08 89.63 91.58 93.43 94.26 94.23 93.97 94.20 94.54 94.33 94.33 94.07 94.40 94.33 93.69 93.85 93.77 94.03 93.77 93.58 93.54 93.33 92.99 91.97 91.84 91.21 90.16 89.54 89.53 89.42 89.44 89.26 89.21 89.05 88.92 88.76 88.61 88.61 89.04 88.79 88.67 88.61 88.32 88.27 88.03 87.78 87.77 87.83 87.85 87.66 87.75 88.31 88.89 89.01 88.97 88.84 88.76 88.48 88.64 88.63 88.73 87.67 88.31 88.35 88.87 88.08 88.28 88.51 88.47
41°S ||     88.82 88.75 88.77 89.02 88.88 88.35 88.43 88.34 88.79 89.04 89.42 89.31 88.47 87.84 88.06 87.96 87.59 87.82 87.55 87.86 87.56 88.03 87.99 87.98 87.81 87.08 87.55 87.70 87.90 87.50 87.38 87.61 87.45 87.46 87.26 87.52 87.58 87.72 87.75 85.93 85.65 85.49 83.84 83.60 83.69 85.82 85.82 85.83 86.52 86.84 86.59 86.92 86.72 86.88 86.86 86.92 87.02 87.47 88.19 88.08 87.80 87.33 88.45 88.89 88.86 89.23 89.22 89.38 89.57 89.59 89.56 89.34 89.48 89.11 89.14 89.14 89.00 89.52 88.95 88.64 88.80 88.71 88.46 88.47 88.33 88.34 88.42 88.65 88.65 88.54 88.34 88.50 88.29 88.32 88.41 88.03 87.90 88.31 88.27 88.18 87.92 87.99 87.62 87.43 88.70 88.16 88.47 88.86 88.88 88.90 89.04 89.21 89.61 91.63 93.09 94.29 94.28 93.63 94.40 94.43 94.42 94.25 94.49 94.63 94.23 93.69 94.02 94.11 93.89 94.04 93.80 93.51 92.79 92.16 91.85 91.56 90.85 90.04 89.75 89.54 89.64 89.10 88.96 89.14 88.39 88.50 88.77 88.84 88.87 88.83 88.76 88.74 88.74 88.26 88.14 88.09 87.89 88.22 88.19 88.00 87.94 87.89 88.40 88.69 88.79 88.70 88.76 88.70 88.12 88.48 88.50 87.90 87.83 88.42 88.36 88.41 88.47 88.63 88.77 88.51
39°S ||     88.70 88.81 88.58 88.29 88.93 88.25 88.62 88.51 87.92 88.27 89.17 89.16 88.11 87.83 88.33 88.10 88.31 87.92 88.13 88.19 88.33 87.71 88.34 88.34 88.11 88.11 87.91 87.68 87.80 87.69 87.58 85.90 86.89 87.26 87.26 87.41 87.53 87.49 86.85 86.72 86.20 85.05 84.74 84.84 85.19 85.31 85.23 85.47 84.93 85.93 86.58 86.61 86.65 86.75 86.90 86.94 87.15 87.45 87.53 87.95 87.97 88.10 87.73 87.93 88.52 88.05 88.93 89.51 89.44 89.41 89.44 89.43 89.20 89.10 89.19 89.11 89.06 88.92 88.81 88.83 88.79 88.79 88.67 88.54 88.51 88.32 88.60 88.79 88.55 88.50 88.67 88.71 88.64 88.30 88.44 88.17 88.19 88.15 88.13 88.45 87.94 88.10 87.82 87.92 87.86 87.83 88.41 88.74 88.92 88.94 88.93 89.31 89.64 90.66 92.89 94.39 94.63 94.50 94.07 94.34 94.63 94.49 94.60 94.64 94.35 94.02 94.38 94.12 94.25 93.88 93.61 93.05 92.33 91.94 91.38 91.03 90.77 90.40 89.71 89.38 89.30 88.90 88.90 88.82 88.81 88.95 89.00 88.90 88.34 88.79 88.83 88.89 88.70 88.57 88.28 88.48 88.27 88.03 88.49 88.37 88.12 88.00 88.02 88.19 88.47 88.57 88.89 88.75 88.53 88.50 88.62 88.47 88.74 88.66 88.68 88.46 88.57 88.74 88.85 88.94
37°S ||     88.95 88.81 88.82 88.53 89.25 89.07 88.77 88.13 87.69 87.13 86.87 87.68 87.58 88.31 88.63 88.61 88.61 88.62 88.49 88.41 88.40 88.38 88.10 88.28 88.00 87.68 87.75 87.34 87.23 87.69 87.58 86.78 86.92 86.37 87.01 86.20 86.72 84.99 85.11 86.68 84.96 84.23 85.46 85.50 85.42 85.38 85.57 86.22 85.67 85.65 85.46 86.02 86.58 87.01 87.03 87.15 87.07 87.57 87.68 87.54 87.53 88.17 88.16 88.45 88.78 88.73 89.05 89.16 88.14 89.28 89.08 89.13 89.17 89.23 89.15 89.05 88.97 88.96 88.97 88.82 88.65 88.54 88.32 89.24 88.57 88.41 88.41 88.33 88.72 88.50 88.60 88.71 88.68 88.51 88.15 88.39 88.10 88.04 88.37 88.34 87.87 87.86 87.74 87.91 88.07 88.05 89.11 88.47 88.84 88.98 89.01 89.08 89.36 90.43 91.62 93.98 94.66 94.93 95.20 94.39 94.45 94.49 94.05 94.61 94.14 94.23 94.05 94.16 94.11 93.99 93.80 92.75 91.82 91.44 90.92 90.62 90.11 89.73 89.56 89.41 89.01 89.07 88.72 88.73 88.61 88.70 88.91 88.92 88.89 88.79 88.91 88.80 88.73 88.68 88.56 88.58 88.74 88.59 88.50 87.93 88.21 88.15 87.78 87.75 88.33 88.48 88.86 88.56 88.59 88.70 88.82 88.81 88.79 88.78 88.63 88.49 88.97 89.06 88.97 89.21
35°S ||     88.95 89.26 88.84 88.29 88.75 88.25 88.14 88.31 87.78 87.13 87.01 87.71 88.30 88.44 88.57 88.51 88.62 87.43 88.44 88.39 88.34 88.17 88.15 88.00 87.57 87.77 87.61 87.48 87.01 87.14 86.85 86.73 86.81 86.56 86.67 86.82 86.19 84.87 84.98 84.94 84.43 85.42 86.08 85.99 85.70 85.95 85.79 85.87 86.12 86.17 86.00 85.23 85.95 86.90 87.21 87.39 87.39 87.42 87.44 87.53 87.69 87.85 87.84 88.69 88.65 88.19 88.39 88.69 88.62 89.14 89.07 89.15 89.01 88.81 88.90 89.01 89.01 89.00 89.13 88.94 88.70 88.47 88.62 88.49 88.56 88.30 88.21 88.32 88.43 88.48 88.51 88.65 88.58 88.25 88.27 88.25 88.44 88.61 88.10 88.00 88.03 87.56 87.69 88.01 88.17 88.14 88.20 88.51 88.90 88.82 88.81 88.92 89.15 89.30 90.07 91.62 94.36 94.71 95.04 95.11 94.42 94.40 94.98 94.97 94.09 94.20 94.15 94.03 94.11 93.93 93.12 91.33 90.65 90.62 90.34 90.00 90.13 89.72 89.69 89.66 89.15 88.95 88.33 88.71 88.52 88.63 88.73 88.79 88.88 88.93 88.82 88.67 88.17 88.18 88.25 88.49 88.25 88.08 88.35 88.52 88.32 88.05 88.38 88.56 88.41 88.42 88.29 88.50 88.47 88.12 88.85 88.92 88.71 88.67 88.80 88.85 89.19 89.09 88.85 88.40
33°S ||     89.02 89.07 88.31 88.18 88.32 87.61 87.94 87.16 87.18 87.66 87.61 87.82 88.36 88.49 88.71 88.44 88.64 88.67 88.40 88.41 87.80 88.19 88.13 88.11 87.84 87.60 87.61 87.44 87.23 86.98 86.83 86.08 86.43 86.22 85.92 86.08 85.47 84.56 84.42 83.78 84.03 85.45 86.25 85.90 86.56 85.99 86.80 86.87 86.64 86.69 86.15 85.30 84.55 86.08 86.88 87.38 87.36 87.43 87.47 87.46 87.79 88.15 88.02 88.65 88.72 88.76 88.74 88.73 88.67 88.55 88.71 89.03 89.00 88.82 89.07 88.83 89.12 88.97 88.94 89.01 88.87 88.72 88.87 88.63 88.58 88.48 88.43 88.34 88.34 88.40 88.43 88.17 88.35 88.48 88.30 88.40 88.22 88.43 88.19 87.76 87.91 87.77 87.57 87.76 87.99 88.09 88.10 88.05 88.58 88.80 88.69 88.65 88.49 88.74 89.16 89.90 92.47 93.84 94.47 94.85 94.83 95.12 94.21 94.03 94.25 94.25 94.00 93.97 93.09 92.09 91.54 90.44 89.85 89.80 89.77 89.76 89.96 89.81 89.60 89.56 89.36 88.96 88.71 88.63 88.50 88.45 88.58 88.55 88.63 88.74 88.71 88.51 88.40 88.23 87.79 87.69 87.79 87.74 88.29 87.95 88.24 88.45 88.07 88.30 88.19 88.13 88.45 88.57 88.74 88.44 88.58 88.91 88.39 88.77 88.78 88.89 88.98 88.85 88.64 88.62
31°S ||     88.98 88.49 88.39 88.32 87.78 87.84 87.38 87.75 87.85 87.72 87.86 87.89 88.21 88.44 88.65 88.65 88.66 88.30 88.19 88.43 88.11 88.16 88.09 88.02 87.85 87.79 87.60 87.42 87.13 86.84 86.57 86.42 86.36 85.81 85.66 86.16 85.38 84.37 84.51 83.75 84.70 85.48 85.85 86.39 86.61 86.81 86.84 87.03 87.04 87.15 86.32 85.30 85.67 85.78 85.92 85.89 87.09 87.57 87.57 87.84 88.17 88.46 88.64 88.68 88.80 88.77 88.81 88.90 88.85 88.81 88.87 89.33 88.84 88.68 88.80 88.80 88.87 88.94 89.06 89.05 89.08 89.02 88.88 88.89 88.78 88.52 88.31 88.18 88.33 88.36 88.35 88.41 88.19 88.37 88.42 88.34 88.39 88.30 88.27 87.93 87.91 88.30 88.05 87.90 88.13 88.28 88.35 88.12 88.59 88.76 88.91 88.64 88.90 88.84 89.29 89.29 89.85 90.30 90.77 93.39 94.12 94.63 93.82 94.10 93.94 94.06 93.68 93.14 90.86 89.87 90.50 90.17 89.71 89.70 89.65 89.50 89.48 89.60 89.57 89.44 89.39 88.73 88.76 88.56 88.63 88.32 88.43 88.40 88.42 88.48 88.58 88.42 88.25 88.26 87.96 87.89 88.40 87.71 87.55 87.38 88.33 88.58 88.83 88.40 88.54 88.66 88.77 88.71 88.74 88.65 88.56 88.74 88.51 88.71 88.71 88.57 88.71 88.82 88.80 88.76
29°S ||     88.99 88.51 87.42 88.33 87.79 87.63 88.07 87.68 87.96 87.80 87.79 87.97 88.43 88.58 88.66 88.64 88.61 87.76 88.51 88.49 88.32 88.11 88.10 87.99 87.91 87.76 87.61 87.34 87.04 86.78 86.53 86.22 86.02 85.97 85.93 85.19 85.23 84.77 83.45 82.57 84.60 85.62 86.02 86.32 86.63 86.89 87.06 87.18 87.28 87.29 87.26 87.15 86.53 86.55 86.47 85.81 86.08 86.54 87.54 87.80 88.22 88.70 88.79 88.76 88.95 88.79 88.69 88.78 88.92 88.91 89.00 89.17 89.01 88.78 88.94 89.11 88.98 88.96 89.17 89.14 89.12 89.13 88.99 89.05 88.67 88.64 88.53 88.34 88.24 88.37 88.41 88.44 88.53 88.46 88.43 88.37 88.39 88.02 88.31 88.02 88.42 88.47 88.23 88.23 88.44 88.53 88.59 88.52 88.08 88.71 88.50 88.88 88.97 89.03 88.60 88.78 89.45 89.38 89.71 89.71 90.22 90.19 91.22 92.86 91.86 92.10 90.90 91.33 89.85 89.64 89.52 89.38 89.53 89.60 89.52 89.36 89.43 89.41 89.38 89.10 89.06 88.87 88.69 88.59 88.55 88.43 88.41 88.46 88.46 88.49 88.52 88.36 88.34 87.97 88.16 87.80 87.37 87.59 88.20 87.33 88.16 88.51 88.63 88.26 88.66 88.03 88.64 88.78 88.61 88.53 88.68 88.59 88.44 88.54 88.58 88.73 88.62 88.73 88.82 88.94
27°S ||     88.79 88.49 88.45 88.38 87.91 87.79 88.26 87.50 87.88 88.15 88.07 88.36 88.33 88.46 88.70 88.54 88.72 88.08 88.52 88.07 88.10 88.12 88.01 87.99 87.81 87.70 87.57 87.45 87.03 86.73 86.40 86.09 85.71 85.72 85.55 85.71 85.90 84.59 84.33 82.80 84.84 85.66 86.01 86.39 86.71 86.98 87.18 87.31 87.40 87.55 87.55 87.62 87.41 86.87 86.88 86.97 87.23 87.21 87.13 87.12 86.93 88.27 88.82 88.84 88.82 88.84 88.91 89.03 88.89 88.83 88.85 89.20 89.26 89.38 89.14 88.93 89.12 89.13 89.26 89.25 89.25 89.24 89.18 89.03 88.95 88.77 88.81 88.82 88.53 88.43 88.38 88.52 88.53 88.21 88.33 88.43 88.44 88.21 88.21 88.20 88.42 88.59 88.19 88.42 88.58 88.48 88.69 88.22 87.89 88.11 88.61 88.64 88.84 88.70 88.66 88.72 88.71 89.41 89.38 89.47 89.54 89.55 89.67 89.71 89.75 89.93 90.34 89.98 89.86 89.62 89.40 89.51 89.53 89.44 89.23 89.33 87.95 89.37 89.36 88.35 88.76 88.51 88.45 88.45 88.47 88.48 88.48 88.49 88.42 88.39 88.37 88.17 87.76 87.67 87.55 87.80 88.29 87.47 87.53 88.08 87.78 88.16 88.53 88.52 88.83 88.18 88.71 88.54 88.70 88.82 88.78 88.66 88.36 88.18 88.23 88.53 88.53 88.58 88.84 88.88
25°S ||     88.89 88.38 88.65 88.43 88.36 88.31 88.42 88.67 88.24 88.50 88.35 88.79 88.79 88.73 88.81 88.66 88.70 88.40 88.11 88.47 88.18 88.06 88.01 87.89 87.77 87.58 87.44 87.28 86.93 86.50 86.17 85.88 85.62 85.44 85.38 84.73 85.11 85.45 84.33 84.66 85.09 85.61 86.08 86.42 86.63 86.88 87.05 87.27 87.42 87.44 87.62 87.68 87.44 87.11 86.32 86.97 87.24 87.39 87.39 87.25 86.61 87.72 88.67 88.72 88.81 88.83 88.83 88.46 88.64 88.74 88.79 88.82 89.13 89.48 89.57 89.22 89.31 89.36 89.46 89.32 89.33 89.28 89.43 89.22 89.33 88.97 89.02 89.02 88.99 88.53 88.76 88.66 88.82 88.18 88.50 88.46 88.47 88.12 87.84 88.41 88.43 88.33 88.40 88.43 88.32 88.00 88.36 87.81 87.64 87.95 88.20 88.29 88.58 88.46 88.82 89.12 88.89 89.25 89.37 89.45 89.52 89.46 89.42 89.66 89.50 89.79 89.68 89.42 89.36 89.27 89.35 89.21 89.19 89.32 89.20 88.71 88.64 88.87 88.20 88.56 88.45 88.30 88.18 88.23 88.31 88.36 88.59 88.41 88.37 88.27 88.22 88.05 87.74 87.39 87.52 87.76 88.07 87.70 87.24 87.61 87.52 87.87 88.22 88.56 88.29 88.32 88.68 88.33 88.59 88.73 88.73 88.45 88.20 88.64 88.69 88.54 88.64 88.91 89.07 88.86
23°S ||     88.87 88.86 88.48 88.49 88.41 88.48 88.64 88.75 88.85 88.90 88.89 88.85 88.98 89.03 88.84 88.95 87.94 88.19 88.55 88.23 88.22 88.00 87.99 87.89 87.73 87.47 87.26 86.94 86.58 86.22 85.88 85.51 85.30 85.19 85.24 85.17 84.38 84.74 84.28 84.55 85.05 85.60 85.94 86.19 86.43 86.65 86.88 87.10 87.35 87.49 87.74 87.74 87.74 87.45 86.79 86.95 87.24 87.25 87.21 86.89 86.28 87.91 88.58 88.63 88.42 88.58 88.77 88.51 88.78 88.76 88.64 88.95 89.05 89.36 89.45 89.52 89.29 89.37 89.31 89.41 89.41 89.36 89.38 89.50 89.31 89.13 89.18 89.24 89.15 88.41 88.85 88.69 88.88 88.89 88.90 88.56 88.48 89.20 88.37 88.09 88.23 88.05 87.87 87.74 87.98 88.33 87.70 87.66 87.39 87.91 88.13 88.49 88.40 88.11 88.09 88.30 88.73 88.89 89.06 89.18 89.40 89.27 89.41 89.51 89.52 89.66 89.49 89.27 89.27 89.18 88.96 89.00 89.10 89.16 88.64 88.22 87.70 87.85 88.17 88.42 88.25 88.09 87.84 87.97 88.23 88.32 88.38 88.45 88.25 88.20 88.14 88.08 88.24 88.12 88.18 87.72 88.13 87.73 87.40 87.69 87.34 88.05 88.23 88.44 88.44 88.58 88.52 88.63 88.59 88.99 88.62 89.21 88.62 88.69 88.75 88.70 88.58 89.00 89.19 88.88
21°S ||     88.74 88.81 88.52 88.51 88.48 88.48 88.71 89.15 88.96 88.91 88.81 88.85 88.92 88.80 88.89 88.96 88.71 88.44 88.47 88.29 88.14 87.98 87.93 87.79 87.62 87.41 87.05 86.61 86.11 85.70 85.39 85.04 84.83 84.80 84.93 84.46 84.63 83.95 84.10 84.60 84.98 85.38 85.64 85.89 86.18 86.39 86.69 86.91 87.15 87.35 87.49 87.68 87.73 87.40 86.98 87.23 86.89 87.14 86.86 86.54 86.61 86.94 88.51 88.50 88.57 88.48 88.74 88.82 88.79 88.82 88.89 88.89 89.04 89.20 89.48 89.60 89.46 89.40 89.47 89.49 89.45 89.43 89.41 89.50 89.45 89.51 89.26 89.28 89.16 88.93 88.81 88.91 89.00 89.02 88.75 88.66 88.53 88.26 88.21 88.34 88.42 88.49 87.69 88.00 88.21 88.13 88.31 87.50 87.41 87.81 88.17 87.87 88.26 88.25 88.32 88.52 88.61 88.89 88.95 89.19 89.28 89.36 89.12 89.44 89.31 89.24 89.26 88.69 88.97 88.97 88.90 88.79 89.07 88.68 88.36 88.14 87.20 87.33 88.04 87.93 88.12 88.11 87.82 87.54 88.27 88.37 88.39 88.42 88.42 88.23 88.02 87.81 87.57 87.84 88.44 87.84 87.99 87.93 87.51 88.10 87.98 88.13 88.02 88.01 88.49 88.60 88.77 88.63 88.44 88.99 89.09 88.89 88.93 89.10 89.04 88.71 88.44 88.81 88.82 88.64
19°S ||     88.20 88.44 88.44 88.29 88.56 88.75 88.97 89.35 89.33 89.14 89.05 88.88 88.95 88.93 89.05 88.92 88.73 88.70 88.34 88.30 88.15 87.95 87.81 87.58 87.42 87.17 86.81 86.16 85.35 84.91 84.62 84.48 84.34 84.46 84.68 83.15 84.34 83.86 84.00 84.30 84.48 84.85 85.14 85.42 85.76 86.09 86.43 86.69 86.99 87.19 87.33 87.44 87.58 87.54 87.18 86.81 86.79 86.77 86.88 86.77 86.45 87.67 88.35 88.32 88.48 88.62 88.87 88.89 88.93 88.81 88.90 89.03 89.20 89.41 89.69 89.71 89.68 89.43 89.52 89.53 89.64 89.50 89.46 89.44 89.55 89.59 89.38 89.24 89.24 89.28 89.16 89.06 89.08 89.01 88.75 88.79 88.53 88.46 88.63 88.06 88.37 88.43 87.88 88.18 87.83 88.11 87.52 87.36 87.80 87.83 87.66 87.98 87.97 88.14 88.23 88.36 88.40 88.36 88.40 89.04 89.16 89.16 89.22 89.21 89.09 89.09 88.82 88.83 88.89 88.81 88.77 88.40 88.27 88.46 88.23 87.99 87.59 87.47 87.82 88.00 88.24 88.27 88.44 88.43 88.33 88.37 88.39 88.40 88.30 88.21 88.36 87.91 87.64 87.72 88.07 88.18 88.09 88.24 87.83 88.17 88.25 88.09 88.00 87.93 88.37 88.39 88.31 88.27 88.77 89.04 89.21 89.29 89.34 89.44 89.29 89.31 89.23 89.07 89.10 88.24
17°S ||     88.26 88.24 88.34 88.62 88.64 88.80 89.22 89.29 89.29 89.24 89.16 88.99 89.03 88.63 89.02 89.25 88.86 88.84 88.58 88.27 88.14 87.96 87.62 87.35 87.15 86.87 86.41 85.36 84.45 83.89 83.80 83.88 84.06 84.22 83.90 83.28 83.68 83.89 83.76 83.65 83.78 84.18 84.59 84.88 85.37 85.76 86.12 86.40 86.72 86.99 87.11 87.32 87.35 87.43 87.12 86.78 86.31 86.33 86.81 86.70 86.48 87.82 88.34 87.90 88.26 89.82 90.40 89.61 88.89 88.98 88.72 89.00 89.18 89.34 89.71 89.68 89.71 89.43 89.56 89.47 89.56 89.52 89.53 89.53 89.54 89.52 89.44 89.44 89.40 89.30 89.09 89.12 89.12 89.02 88.89 88.86 88.61 88.65 88.38 88.84 88.47 88.28 87.93 87.93 87.90 87.84 87.94 87.50 87.94 87.90 88.04 87.90 87.72 87.71 87.98 88.04 88.18 88.64 88.69 88.34 88.71 88.64 88.77 88.80 88.75 89.02 88.96 88.96 88.88 88.80 88.39 88.43 87.61 87.92 88.03 87.89 87.40 87.42 87.88 88.10 88.33 88.37 88.47 88.54 88.40 88.37 88.35 88.29 88.26 88.06 88.17 88.10 87.81 87.91 87.80 87.86 88.09 88.27 88.09 88.50 88.27 88.24 88.05 87.89 88.66 87.94 88.21 88.41 88.81 89.18 89.29 89.39 89.39 89.47 89.53 89.36 89.37 89.24 89.35 89.00
15°S ||     89.16 88.26 88.91 88.74 88.96 89.07 89.49 89.44 89.22 89.26 89.26 89.03 88.91 88.94 89.05 89.24 88.27 88.90 89.03 88.37 88.20 87.93 87.66 87.38 87.00 86.52 85.70 84.31 82.84 82.38 82.85 83.45 83.63 83.89 84.04 83.98 84.17 84.20 83.53 83.20 83.18 83.76 84.13 84.46 84.97 85.52 85.91 86.21 86.41 86.57 86.60 86.99 87.18 87.19 86.91 86.80 86.44 87.30 86.68 87.44 87.75 89.63 90.16 90.47 90.77 90.55 90.09 90.78 90.76 89.08 89.02 89.31 89.27 89.33 89.60 89.60 89.67 89.59 89.54 89.51 89.54 89.54 89.52 89.60 89.52 89.49 89.50 89.43 89.39 89.35 89.37 89.27 89.19 89.01 88.91 88.91 88.84 88.69 88.31 88.66 88.17 88.26 88.14 87.84 87.94 87.71 87.83 87.80 87.67 87.74 88.08 87.68 87.52 87.51 87.58 87.28 88.05 88.64 88.66 88.68 88.34 88.68 88.66 88.59 88.76 88.89 88.84 89.00 88.65 88.38 88.23 87.53 87.44 87.49 87.73 87.61 87.40 87.56 87.62 87.98 88.24 88.42 88.40 88.42 88.51 88.43 88.27 88.34 88.09 88.20 88.08 88.24 87.76 87.51 88.29 88.43 87.91 88.40 88.45 88.26 88.31 88.22 87.93 88.12 88.48 88.57 88.48 88.51 88.70 89.31 89.44 89.71 89.58 89.54 89.36 89.59 89.45 89.69 88.97 89.06
13°S ||     89.24 89.20 89.02 88.84 88.98 89.22 89.40 89.53 89.47 89.52 89.41 89.19 89.12 89.21 89.20 89.24 88.95 88.92 88.82 88.57 88.32 88.00 87.70 87.38 86.90 86.29 85.33 83.36 81.01 80.50 81.83 82.98 83.35 83.45 83.53 84.23 83.99 83.96 83.37 83.11 83.16 84.37 83.67 84.18 84.72 85.22 85.72 86.02 86.25 86.42 86.48 87.18 86.66 87.69 89.87 89.61 89.53 88.02 90.71 91.05 89.69 87.91 87.84 88.05 89.88 89.97 89.61 89.67 88.64 90.45 89.21 89.23 89.35 89.44 89.47 89.61 89.57 89.67 89.76 89.57 89.56 89.56 89.55 89.55 89.47 89.50 89.54 89.47 89.38 89.48 89.41 89.37 89.27 89.14 89.29 89.05 88.93 88.76 88.65 88.65 88.61 88.39 88.09 87.91 87.74 88.11 87.77 87.75 87.64 87.58 87.60 87.74 87.39 87.72 87.62 87.81 87.83 88.46 88.58 88.47 88.52 88.68 88.59 88.58 88.38 88.71 88.76 88.78 88.64 88.49 87.69 87.47 87.20 87.63 87.55 87.74 87.38 87.54 88.10 88.13 88.51 88.43 88.53 88.47 88.52 88.47 88.18 88.05 88.01 88.05 88.02 87.84 88.14 87.79 88.48 88.47 88.08 88.08 88.36 88.45 88.24 88.31 88.02 87.91 88.19 88.86 88.89 89.00 89.21 89.46 89.55 89.63 89.66 89.63 89.61 89.67 89.72 89.63 89.71 89.62
11°S ||     89.70 89.57 89.73 89.74 89.34 89.33 89.44 89.56 89.48 89.49 89.42 89.39 89.41 89.23 89.34 89.27 89.22 89.05 88.93 88.70 88.42 88.18 87.77 87.38 86.77 86.18 85.29 83.58 81.09 79.02 80.13 82.96 83.24 83.26 83.17 83.84 83.76 83.47 83.01 82.77 83.26 83.62 83.58 84.11 84.57 85.00 85.69 85.90 86.10 86.33 86.23 86.89 89.36 89.68 91.39 91.45 88.46 85.74 85.57 86.60 87.23 87.41 87.67 87.87 88.27 88.19 88.36 89.20 88.81 88.97 90.81 89.58 90.86 89.64 89.53 89.93 89.82 89.65 89.73 89.74 89.59 89.59 89.61 89.57 89.58 89.55 89.63 89.52 89.54 89.46 89.46 89.53 89.30 89.22 89.10 89.10 89.11 88.87 88.00 88.31 88.66 88.70 88.32 88.12 88.02 87.74 87.72 87.79 87.59 87.63 87.98 87.74 87.81 87.56 87.78 87.89 87.82 88.02 88.32 88.15 88.26 88.46 88.43 88.36 88.11 88.68 88.65 88.81 88.65 88.63 88.42 87.78 87.31 87.50 87.45 87.90 87.62 88.01 88.29 88.32 88.63 88.57 88.46 88.53 88.55 88.53 88.43 88.47 88.26 88.24 88.09 87.81 87.48 87.90 87.85 88.06 88.39 88.47 88.27 88.58 88.41 88.77 88.93 88.71 88.86 89.44 88.96 89.20 89.32 89.52 89.59 89.61 89.72 89.69 89.75 89.80 89.80 89.57 89.63 89.52
9°S ||     89.42 89.52 89.50 89.64 89.74 89.42 89.58 89.49 89.58 89.62 89.48 89.52 89.43 89.39 89.39 89.30 89.29 89.16 89.04 88.80 88.61 88.26 87.96 87.50 86.98 86.32 85.52 84.71 81.49 77.61 77.60 81.86 83.11 83.12 83.20 83.08 83.52 83.30 83.35 83.04 83.18 83.82 85.50 87.07 86.01 85.07 85.66 86.23 86.18 86.58 89.40 89.96 89.90 91.20 89.69 86.24 85.37 87.02 85.99 87.18 87.42 87.55 88.08 88.05 88.42 88.56 89.37 88.86 89.98 89.08 90.91 90.94 91.22 90.38 90.18 89.89 89.59 89.68 89.70 90.05 89.75 89.58 89.63 89.65 89.62 89.63 89.70 89.54 89.56 89.56 89.62 89.40 89.40 89.36 89.22 89.06 89.11 88.97 88.56 88.48 88.70 88.49 88.23 88.36 88.33 87.98 87.75 88.06 88.87 89.09 87.84 88.05 87.95 88.02 87.99 87.86 87.87 87.94 88.16 88.21 88.18 88.03 88.20 88.04 88.01 88.12 88.35 88.62 88.66 88.67 88.41 88.08 87.35 88.05 88.05 87.57 88.28 88.48 88.02 88.38 88.63 88.67 88.77 88.64 88.64 88.49 88.42 88.71 88.63 88.33 87.70 87.89 87.51 88.14 88.47 88.37 88.54 88.82 88.54 88.66 88.99 89.44 89.57 89.37 89.34 89.57 89.55 89.49 89.58 89.60 89.65 89.71 89.77 90.20 89.89 89.87 89.58 88.65 89.62 89.57
7°S ||     89.59 89.57 89.53 89.53 89.93 89.81 89.64 89.67 89.85 89.71 89.66 89.57 89.50 89.48 89.48 89.50 89.46 89.30 89.15 88.96 88.73 88.43 88.13 87.64 87.13 86.63 85.99 85.40 82.18 78.94 79.74 81.28 82.78 83.04 83.22 83.45 83.01 83.03 83.48 83.05 86.31 86.68 84.10 87.80 87.10 87.01 87.48 89.22 88.86 88.24 87.18 85.92 88.31 90.98 89.45 89.76 89.97 87.73 87.04 87.61 87.73 87.75 88.02 88.17 88.96 89.83 89.79 89.55 88.67 88.80 89.85 91.02 90.94 90.45 90.81 90.38 90.12 89.63 89.62 89.71 89.73 89.68 89.70 89.61 89.64 89.60 89.55 89.51 89.49 89.52 89.49 89.54 89.40 89.36 89.35 89.37 89.37 89.10 88.78 88.88 88.25 88.20 88.30 88.38 87.80 88.19 88.32 88.07 88.06 88.10 88.27 88.25 88.36 87.77 87.86 87.87 87.86 88.28 88.32 88.17 87.84 87.70 87.78 87.60 87.97 88.38 88.21 88.34 88.66 88.67 88.59 88.49 87.69 87.61 87.97 88.14 88.19 88.27 88.16 88.48 88.68 88.65 88.85 88.82 88.79 88.82 88.87 88.89 88.87 89.02 87.54 87.40 87.56 88.16 87.80 88.77 89.44 89.14 89.22 89.19 89.45 89.57 89.53 89.48 89.67 89.78 89.68 89.76 89.77 89.75 89.76 89.76 89.82 89.93 90.08 90.07 89.81 89.73 89.67 89.60
5°S ||     89.62 89.66 89.71 89.69 89.61 89.97 89.93 89.92 90.01 89.75 89.66 89.49 89.55 89.60 89.66 89.71 89.71 89.57 89.22 89.21 88.96 88.71 88.40 87.93 87.50 87.00 86.48 85.63 84.47 82.85 81.52 81.76 82.80 82.94 83.31 83.58 83.57 84.58 83.88 83.25 83.63 83.95 84.39 88.36 86.88 88.64 86.73 87.57 86.85 86.16 85.75 88.45 89.00 89.45 88.96 86.30 86.66 87.66 89.47 89.40 87.96 88.09 88.18 88.23 88.74 88.49 88.99 88.67 88.75 88.94 89.26 89.55 90.39 89.46 89.45 90.34 90.50 90.20 89.54 89.60 90.07 89.79 89.76 89.70 89.67 89.60 89.54 89.54 89.60 89.55 89.51 89.48 89.51 89.33 89.35 89.41 89.38 89.36 89.19 89.24 88.76 88.06 88.21 88.35 88.60 88.37 88.28 88.23 88.32 88.19 88.63 88.68 88.57 87.97 87.82 87.87 87.66 87.85 87.63 88.10 87.85 88.11 87.91 87.92 88.13 87.98 88.41 88.16 88.58 88.63 88.53 88.10 88.21 87.77 88.15 88.30 88.53 88.48 88.57 88.67 88.59 88.77 89.07 89.10 88.97 88.97 89.32 89.18 88.91 88.76 88.34 88.00 88.60 88.56 88.49 88.87 89.71 89.47 90.67 89.78 89.65 89.52 89.52 89.70 89.70 89.87 89.88 89.83 89.83 89.87 89.93 89.89 90.01 90.00 89.99 90.04 90.07 89.91 89.78 89.69
3°S ||     89.70 89.68 89.77 89.79 89.72 90.25 90.27 90.12 89.85 89.97 89.58 89.36 89.70 89.99 89.94 90.02 89.54 89.25 89.57 89.42 89.27 88.94 88.84 88.43 87.90 87.41 86.93 86.07 85.40 84.13 83.15 82.95 82.65 82.62 83.42 83.87 84.21 84.40 84.45 84.04 83.85 84.44 84.83 85.71 86.00 86.06 86.66 86.71 86.55 86.24 86.02 85.81 86.30 87.98 87.65 86.81 87.37 87.84 88.12 89.82 87.97 88.53 88.50 88.63 88.76 88.84 89.36 89.04 89.13 89.31 89.41 89.48 91.04 89.63 89.59 90.13 89.91 89.99 89.67 89.70 89.77 89.77 90.03 89.80 89.68 89.64 89.67 89.60 89.60 89.57 89.55 89.50 89.47 89.45 89.39 89.37 89.15 89.37 89.36 89.38 88.93 88.51 88.38 88.50 88.70 88.35 88.46 88.60 88.55 88.56 88.73 88.72 88.50 88.27 88.13 87.75 87.49 88.49 88.29 88.16 88.08 88.17 88.02 88.30 87.91 88.20 88.00 88.54 88.59 88.75 88.43 88.55 88.47 88.36 88.67 89.09 88.39 88.88 88.79 88.61 88.79 88.84 89.26 89.26 89.04 89.39 89.31 89.08 88.89 88.70 88.27 88.45 88.37 88.53 88.68 89.22 89.72 89.71 89.75 89.60 89.77 89.72 89.70 89.67 89.75 89.89 89.81 89.70 90.03 90.05 90.02 90.11 90.15 90.19 90.18 90.19 90.12 90.02 89.84 89.81
1°S ||     89.85 89.81 89.84 89.94 90.01 90.30 90.31 90.10 89.97 89.70 89.53 89.30 89.74 89.96 90.20 89.79 89.58 89.69 89.64 89.44 89.37 89.24 89.08 88.78 88.36 87.71 87.15 86.49 85.83 85.12 84.10 83.51 82.10 80.53 83.65 84.10 84.38 84.66 84.84 84.89 84.94 85.78 86.14 86.44 86.69 87.21 87.50 87.70 87.92 88.06 87.38 88.62 90.02 86.83 86.95 87.22 87.96 88.24 88.33 89.07 88.57 88.75 88.75 88.76 88.92 88.99 88.97 89.42 89.45 89.45 90.11 89.51 90.74 90.87 89.75 89.75 89.69 89.71 89.73 89.89 90.24 90.03 89.97 89.72 89.74 89.72 89.67 89.61 89.57 89.55 89.57 89.60 89.51 89.49 89.42 89.38 89.10 89.36 89.35 89.37 88.96 88.83 88.71 88.56 88.71 88.67 88.63 88.75 88.79 88.83 88.92 88.90 88.42 88.24 88.21 87.93 87.68 88.54 88.37 88.34 88.37 88.04 88.11 87.95 88.25 88.31 88.46 88.57 88.95 88.87 88.64 88.19 88.62 88.70 89.08 89.08 88.95 89.37 88.85 88.74 88.88 88.98 89.30 89.33 89.35 89.42 89.37 88.83 89.02 88.73 88.63 88.71 89.13 89.17 89.34 89.70 89.84 89.93 89.84 89.81 90.01 89.91 89.77 89.75 89.91 89.84 89.69 89.83 90.00 90.09 90.11 90.14 90.15 90.20 90.22 90.20 90.07 90.08 89.96 89.88
1°N ||     89.91 89.85 89.94 90.17 90.07 90.19 90.33 90.53 90.02 89.78 89.57 89.58 89.93 90.23 90.23 89.98 89.83 89.75 89.42 89.59 89.46 89.45 89.12 88.64 88.22 88.08 87.51 86.69 85.93 85.65 85.24 84.70 82.51 79.76 80.78 84.42 84.57 84.71 85.04 85.39 85.80 86.13 86.37 86.68 87.06 87.53 87.82 88.13 88.57 88.79 87.71 86.78 86.61 86.99 87.28 87.82 88.20 88.55 88.60 88.88 88.71 88.88 89.25 88.88 88.97 89.05 88.97 89.69 89.28 89.42 89.56 90.69 91.58 91.48 89.63 89.70 89.70 89.74 89.64 90.28 89.64 90.19 89.81 89.69 89.89 89.78 89.68 89.60 89.64 89.57 89.56 89.59 89.53 89.53 89.51 89.41 89.37 89.20 89.22 89.11 89.09 89.12 88.98 89.03 88.78 88.62 88.65 89.00 88.90 88.88 88.86 88.59 88.67 88.58 88.27 88.12 88.38 88.37 88.13 88.47 88.31 88.20 88.27 88.30 88.30 88.39 88.54 88.73 88.76 88.92 89.17 89.07 89.32 89.30 89.31 89.32 89.16 89.14 89.25 89.10 89.32 89.36 89.47 89.46 89.49 89.35 89.05 89.02 89.06 88.87 89.03 89.24 89.58 89.65 89.68 89.72 89.85 89.95 89.90 90.00 89.92 89.92 89.85 89.97 89.94 89.86 89.77 89.96 90.04 90.08 90.13 90.17 90.17 90.20 90.21 90.21 90.23 90.16 90.10 90.02
3°N ||     90.25 90.17 90.21 90.30 90.41 90.46 90.42 90.34 90.23 89.79 89.71 89.74 90.29 90.40 90.37 90.17 90.02 89.61 89.54 89.68 89.61 89.33 88.99 88.50 87.97 88.55 87.95 86.15 85.96 86.05 85.93 86.06 85.58 82.22 83.75 84.73 84.49 84.60 85.11 85.59 86.01 86.25 86.45 86.44 87.45 87.85 88.27 88.53 88.77 89.15 89.19 88.24 87.72 87.92 88.25 88.53 88.69 88.78 88.83 89.03 88.96 88.90 88.71 89.29 89.35 89.15 89.23 89.44 89.47 89.57 89.61 89.68 90.99 91.15 90.71 90.34 90.36 90.14 90.02 89.95 89.74 89.68 89.82 89.74 89.70 89.86 89.66 89.58 89.61 89.60 89.64 89.59 89.57 89.53 89.50 89.42 89.41 89.30 89.36 89.27 89.26 89.27 89.26 89.14 89.13 88.77 88.95 89.18 89.37 88.85 88.95 88.77 88.49 88.46 88.35 88.67 88.52 88.52 88.28 88.51 88.38 88.27 88.25 88.36 88.38 88.45 88.64 88.76 88.94 89.01 89.44 89.61 89.75 89.85 90.09 89.78 89.41 89.36 89.27 89.41 89.42 89.50 89.54 89.49 89.46 89.25 89.23 89.14 89.06 88.87 89.35 89.71 89.67 89.61 89.64 89.84 89.91 89.97 90.00 90.07 89.89 90.05 89.98 90.03 90.00 89.91 89.94 90.02 90.06 90.08 90.09 90.15 90.18 90.19 90.19 90.21 90.23 90.25 90.27 90.29
5°N ||     90.26 90.35 90.61 90.36 90.51 90.53 90.46 90.43 90.34 90.02 89.91 89.85 90.44 90.55 90.54 90.41 89.85 89.55 89.81 89.75 89.55 89.11 88.71 88.39 88.60 88.69 88.50 87.45 86.08 85.98 86.19 86.60 86.84 86.54 85.69 85.07 84.31 84.12 85.25 85.86 86.27 86.49 86.62 86.39 87.65 88.32 88.62 88.81 89.06 89.36 89.47 88.60 88.59 88.81 88.94 89.04 89.03 89.06 89.09 89.18 89.32 89.10 88.86 88.96 89.13 89.36 89.46 89.50 89.52 89.64 89.80 90.84 89.81 90.45 91.10 90.65 90.13 89.79 89.73 89.76 89.67 89.76 89.70 89.74 89.89 89.72 89.70 89.60 89.63 89.60 89.58 89.59 89.50 89.48 89.47 89.46 89.44 89.45 89.39 89.29 89.28 89.28 89.23 89.27 89.22 89.20 89.23 89.18 89.23 88.76 88.87 88.32 88.47 88.38 88.53 88.42 88.44 88.55 88.50 88.49 88.39 88.30 88.22 88.27 88.70 88.52 88.64 88.85 89.06 89.30 89.62 91.00 91.16 91.15 91.09 90.86 90.45 89.66 89.57 89.54 89.52 89.61 89.56 89.47 89.48 89.31 89.23 89.24 88.96 89.02 89.70 89.67 89.73 89.74 89.79 89.81 89.94 89.99 90.06 90.07 90.03 90.00 90.05 90.04 90.04 90.04 90.03 90.02 90.06 90.07 90.07 90.12 90.15 90.17 90.18 90.22 90.25 90.27 90.29 90.33
7°N ||     90.32 90.38 90.43 90.45 90.53 90.55 90.54 90.52 90.45 90.24 90.00 90.28 90.59 90.66 90.67 90.46 89.79 90.01 89.95 89.77 89.45 89.17 89.23 89.08 88.98 88.94 88.69 88.06 85.69 85.85 86.19 86.97 87.24 87.01 86.42 85.53 83.37 83.35 85.73 86.22 86.51 86.70 86.83 87.10 88.13 88.46 88.70 88.94 89.15 89.34 89.49 89.51 89.02 89.01 89.01 89.03 89.12 89.21 89.28 89.33 89.36 89.26 89.00 89.25 89.43 89.47 89.56 89.59 89.62 89.71 89.87 90.91 91.29 90.84 91.09 89.83 89.79 89.75 90.04 90.20 90.00 89.74 89.77 89.83 89.73 89.65 89.66 89.60 89.63 89.57 89.60 89.57 89.56 89.60 89.47 89.44 89.40 89.46 89.36 89.23 89.23 89.26 89.31 89.23 89.21 89.31 89.07 89.38 89.24 89.26 88.97 88.71 88.66 88.26 88.36 88.45 88.36 88.50 88.51 88.53 88.37 88.42 88.25 88.66 88.92 88.47 88.66 88.91 89.31 89.68 90.94 91.31 91.24 91.21 91.19 91.10 91.04 90.57 89.69 89.67 89.69 89.63 89.53 89.55 89.32 89.16 89.23 89.39 89.27 89.24 89.66 89.78 89.81 89.87 90.00 89.89 90.03 90.08 90.03 90.08 90.11 90.02 90.05 90.04 90.06 90.06 90.03 90.03 90.02 90.02 90.04 90.02 90.12 90.16 90.14 90.24 90.28 90.31 90.33 90.36
9°N ||     90.41 90.53 90.33 90.38 90.58 90.56 90.57 90.54 90.63 90.34 90.12 90.55 90.72 90.76 90.71 90.29 90.04 90.28 89.93 89.63 89.58 89.48 89.44 89.36 89.25 89.08 88.87 88.17 86.23 86.14 86.70 87.50 87.50 87.67 87.29 85.98 82.73 80.87 85.04 86.51 86.69 86.92 87.15 87.52 88.08 88.48 88.76 89.01 89.17 89.36 89.49 89.52 89.44 89.15 89.12 89.13 89.20 89.28 89.34 89.41 89.47 89.42 89.34 89.37 89.45 89.58 89.72 89.74 89.77 90.09 90.91 90.95 90.78 91.23 90.01 89.97 90.03 89.96 90.22 89.79 89.79 89.76 89.73 89.77 89.83 89.73 89.69 89.75 89.69 89.70 89.61 89.59 89.54 89.57 89.51 89.61 89.46 89.41 89.38 89.39 89.35 89.18 89.05 89.01 89.27 89.35 89.37 89.15 89.12 89.02 88.99 88.98 88.87 88.98 88.77 88.57 88.47 88.50 88.51 88.27 88.45 88.40 88.17 89.09 88.56 88.48 88.76 89.08 89.45 90.10 91.12 91.36 91.36 91.33 91.25 91.19 91.12 90.92 90.40 89.94 89.80 89.90 89.53 89.43 89.42 89.39 89.53 89.61 89.55 89.56 89.74 89.88 90.10 89.88 90.03 90.13 90.05 90.03 89.97 89.98 90.43 89.93 89.91 89.95 90.02 90.06 89.97 89.99 89.93 89.98 89.98 90.10 90.11 90.18 90.13 90.24 90.30 90.34 90.37 90.37
11°N ||     90.48 90.47 90.48 90.46 90.65 90.65 90.70 90.67 90.80 90.71 90.59 90.84 90.87 90.83 90.77 90.71 90.33 90.35 89.93 89.71 89.64 89.58 89.48 89.37 89.23 89.09 88.80 88.15 87.49 87.76 87.71 87.71 87.74 87.77 87.87 87.76 83.38 77.34 79.11 86.52 86.86 87.10 87.38 87.72 88.09 88.52 88.86 89.06 89.25 89.36 89.47 89.53 89.52 89.26 89.21 89.20 89.27 89.34 89.38 89.44 89.49 89.39 89.35 89.51 89.60 89.69 89.87 90.02 90.21 90.06 91.29 91.06 90.01 91.29 90.91 89.96 90.82 89.86 89.79 89.94 89.77 89.75 89.70 89.67 89.73 89.75 89.87 89.75 89.74 89.74 89.62 89.60 89.61 89.61 89.66 89.52 89.61 89.41 89.44 89.46 89.41 89.39 89.24 89.04 89.35 89.31 89.60 89.27 89.46 88.99 89.12 89.09 89.06 89.16 88.97 88.62 88.47 88.66 88.81 88.43 88.57 88.50 88.34 88.25 88.39 88.72 88.97 89.25 89.61 90.37 91.38 91.43 91.45 91.35 91.22 91.21 91.09 91.01 90.63 90.09 89.92 89.55 89.63 89.57 89.50 89.65 89.76 89.83 89.82 89.85 89.94 90.08 90.26 90.29 90.14 90.21 90.12 90.11 89.95 89.89 89.83 89.76 89.78 89.80 89.84 89.88 89.89 89.88 89.90 90.20 89.73 89.98 90.09 90.10 90.10 90.31 90.34 90.33 90.03 90.37
13°N ||     90.40 90.55 90.19 90.23 90.66 90.63 90.75 90.81 90.85 90.89 90.94 90.99 90.97 90.94 90.89 90.75 90.61 90.30 89.69 89.72 89.67 89.54 89.45 89.38 89.21 89.02 88.81 88.55 87.95 87.95 87.86 87.85 87.86 87.96 88.13 88.27 87.61 79.52 80.87 85.69 86.69 87.33 87.67 87.91 85.02 88.72 88.97 89.14 89.28 89.36 89.49 89.52 89.53 89.30 89.27 89.30 89.35 89.40 89.43 89.47 89.48 89.51 89.57 89.51 89.67 89.97 90.15 90.36 90.47 91.13 91.24 91.10 90.41 90.30 90.09 90.78 90.18 90.03 89.79 89.69 89.68 89.77 89.71 89.73 89.73 89.72 91.00 89.73 90.23 89.69 89.61 89.62 89.63 89.71 89.70 89.51 89.51 89.53 89.57 89.57 89.55 89.37 89.31 89.34 89.39 89.44 89.38 89.47 89.61 89.25 89.25 89.38 89.19 89.15 89.07 88.95 88.80 88.88 88.97 88.93 88.81 88.60 88.54 88.57 88.64 88.80 89.08 89.39 89.74 90.48 91.40 91.42 91.39 91.32 91.23 91.20 91.14 91.06 90.78 90.27 90.06 89.76 89.79 89.82 89.81 89.86 89.85 90.10 89.98 90.19 90.27 90.35 90.51 90.61 90.64 90.40 90.32 90.10 89.88 89.71 89.59 89.53 89.61 89.62 89.69 89.74 89.76 89.84 89.82 89.84 89.86 89.78 90.12 90.07 90.16 90.19 90.32 90.33 89.81 90.22
15°N ||     90.46 90.60 90.61 90.80 90.75 90.66 90.84 90.96 90.98 91.03 91.08 91.16 91.13 91.08 91.06 90.88 90.35 89.98 89.76 89.74 89.49 87.33 82.86 82.25 84.75 88.93 88.73 88.66 88.48 88.11 88.04 87.95 87.98 88.06 88.15 88.25 88.28 87.20 85.23 85.63 86.90 87.52 87.90 88.12 88.48 88.91 89.05 89.20 89.29 89.36 89.47 89.52 89.55 89.33 89.34 89.34 89.38 89.44 89.47 89.48 89.50 89.50 89.48 89.61 89.99 90.25 90.44 90.59 90.62 91.07 91.33 91.17 90.79 90.51 90.85 90.41 90.40 90.07 89.94 89.88 90.09 89.76 89.58 90.48 89.77 89.73 89.76 89.72 89.73 89.74 90.08 89.78 89.66 89.63 89.68 89.57 89.59 89.61 89.63 89.67 89.62 89.60 89.44 89.41 89.44 89.45 89.39 89.64 89.54 89.15 89.28 89.31 89.33 89.36 89.13 89.09 88.96 88.86 88.93 88.93 88.81 88.88 88.77 88.81 88.87 89.00 89.20 89.53 89.94 91.35 91.38 91.29 91.39 91.31 91.23 91.19 91.12 91.07 90.85 90.43 90.20 90.09 89.98 89.95 89.93 89.96 90.03 90.14 90.39 90.46 90.57 90.67 90.67 90.74 90.76 90.70 90.41 90.06 89.77 89.60 89.48 89.40 89.31 89.40 89.47 89.63 89.69 89.75 89.76 89.79 89.82 89.84 89.94 90.06 90.11 90.21 90.22 90.42 90.02 91.06
17°N ||     90.57 90.70 90.74 90.86 90.40 90.84 90.88 90.96 91.10 91.13 91.19 91.25 91.26 91.23 91.26 90.55 90.15 90.09 89.85 89.86 89.19 81.87 77.74 76.42 79.64 86.74 88.69 88.68 88.86 88.51 88.28 88.06 88.02 88.08 88.16 88.26 88.29 88.12 87.14 87.04 87.50 87.72 87.97 88.20 88.54 88.94 89.12 89.25 89.33 89.39 89.44 89.55 89.53 89.25 89.28 89.39 89.42 89.45 89.47 89.49 89.52 89.56 89.63 89.87 90.06 90.49 90.69 90.91 91.15 91.21 91.02 91.19 91.09 90.87 90.95 90.60 90.21 90.26 90.14 89.88 89.80 89.67 89.88 90.30 89.73 89.75 89.76 90.80 89.78 89.92 89.76 89.75 89.66 89.62 89.66 89.70 89.67 89.67 89.67 89.73 89.72 89.66 89.54 89.50 89.60 89.58 89.58 89.57 89.36 89.26 89.34 89.36 89.29 89.22 89.19 89.14 89.01 88.62 88.86 88.94 88.97 88.97 88.94 88.98 89.02 89.12 89.45 89.58 90.01 91.18 91.34 91.36 91.32 91.26 91.23 91.22 91.15 91.01 90.88 90.69 90.47 90.54 90.38 90.38 90.36 90.52 90.55 90.63 90.73 90.81 90.87 90.86 90.87 90.95 90.90 90.87 90.64 90.04 89.77 89.52 89.36 89.18 89.03 89.03 89.22 89.54 89.65 89.67 89.67 89.72 89.78 89.86 89.95 90.05 90.04 90.17 90.47 90.46 90.36 90.66
19°N ||     90.59 90.75 90.87 90.92 90.97 90.87 90.91 91.03 91.17 91.22 91.28 91.35 91.36 91.36 91.37 90.67 90.21 89.98 89.65 89.77 89.43 81.96 77.81 76.84 79.13 87.04 88.90 88.99 89.03 88.95 88.55 88.18 87.96 87.91 87.94 88.19 88.32 88.31 87.93 87.79 87.87 87.94 88.02 88.19 88.44 88.82 89.16 89.28 89.37 89.40 89.44 89.56 89.48 89.51 89.26 89.35 89.42 89.45 89.49 89.49 89.56 89.56 89.72 90.05 90.44 90.75 91.09 91.19 91.39 91.39 91.49 91.36 91.31 91.18 91.08 90.60 90.46 90.49 90.83 89.96 89.84 89.77 89.91 89.84 90.75 89.71 89.74 89.67 89.75 89.78 89.78 89.79 90.00 89.71 89.70 89.74 89.71 89.71 89.70 89.72 89.73 89.62 90.19 89.61 89.67 89.52 89.45 89.56 89.44 89.41 89.36 89.30 89.20 89.18 89.19 89.31 88.93 89.03 88.92 89.11 89.20 89.30 88.99 89.02 89.07 89.18 89.41 89.33 89.75 90.37 90.98 91.29 91.23 91.21 91.19 91.13 91.12 91.07 90.98 90.90 90.89 90.88 91.01 90.90 90.93 90.90 91.01 91.03 91.05 91.11 91.16 91.10 91.21 91.15 91.12 90.96 90.74 90.06 89.67 89.43 89.10 88.84 88.75 88.93 88.95 88.30 89.54 89.60 89.64 89.69 89.76 89.85 89.95 90.06 90.11 90.34 90.08 90.58 90.53 90.66
21°N ||     91.00 90.89 90.86 91.06 91.17 91.16 91.13 91.21 91.33 91.35 91.42 91.44 91.46 91.45 91.44 90.67 90.23 89.73 89.66 89.83 89.68 84.09 81.63 80.65 82.64 88.59 89.19 89.19 89.15 89.00 88.73 88.34 87.95 87.74 87.58 87.51 88.28 88.30 88.17 88.06 88.03 88.05 88.10 88.22 88.43 88.80 89.19 89.27 89.33 89.39 89.39 89.50 89.58 89.64 89.30 89.35 89.37 89.43 89.45 89.51 89.55 89.58 89.84 90.10 90.51 91.23 91.33 91.39 91.50 91.52 91.52 91.47 91.30 91.32 91.20 90.84 90.73 90.77 90.36 89.97 90.03 90.29 89.93 89.84 89.71 89.95 90.06 89.76 89.78 89.82 89.77 89.77 89.73 89.71 89.79 89.75 89.72 89.73 89.73 89.73 89.78 89.64 89.57 89.69 89.53 89.58 89.69 89.29 89.45 89.58 89.28 89.18 89.18 89.22 89.22 89.32 89.10 89.11 88.51 89.24 89.28 89.26 88.87 88.97 89.14 89.18 89.38 89.31 89.50 89.70 90.24 90.43 90.84 90.95 90.95 91.11 91.10 91.10 91.11 91.08 91.12 91.22 91.22 91.24 91.27 91.25 91.32 91.36 91.36 91.30 91.35 91.31 91.33 91.23 91.27 91.25 91.03 90.15 89.63 89.27 88.76 88.61 88.54 88.51 88.85 89.21 89.44 89.53 89.59 89.67 89.77 89.85 89.95 90.03 90.24 90.29 90.11 90.66 90.66 90.77
23°N ||     90.98 91.04 91.08 91.18 91.23 91.31 91.36 91.44 91.48 91.48 91.52 91.51 91.51 91.49 91.48 90.74 90.04 89.69 89.80 89.94 89.95 88.55 86.76 86.28 88.89 89.48 89.33 89.29 89.21 88.94 88.66 88.35 88.03 87.64 87.41 87.34 88.04 88.31 88.25 88.05 88.05 87.87 88.11 88.26 88.28 88.92 89.06 89.20 89.25 89.32 89.37 89.41 89.50 89.60 89.51 89.40 89.68 90.24 90.05 89.66 89.59 89.51 89.87 90.14 90.59 91.22 91.45 91.52 91.61 91.65 91.58 91.64 91.33 91.58 91.44 91.16 91.09 91.11 91.00 90.41 90.03 89.80 89.71 89.81 89.75 89.84 89.83 89.81 89.80 89.73 89.83 89.87 89.81 89.77 89.85 89.88 89.99 89.66 89.82 89.80 89.74 89.66 89.58 89.66 89.67 89.64 89.63 89.55 89.44 89.51 89.40 89.27 89.27 89.19 89.17 89.21 89.26 89.10 88.65 89.21 89.27 89.16 89.55 89.41 89.13 89.10 89.25 89.35 89.40 89.57 89.71 89.87 90.10 90.38 90.72 90.99 91.10 91.17 91.25 91.28 91.30 91.47 91.38 91.52 91.58 91.64 91.68 91.63 91.77 91.67 91.68 91.62 91.59 91.58 91.60 91.48 91.39 90.33 89.61 89.21 88.84 88.55 88.41 86.94 87.74 88.88 89.32 89.49 89.60 89.68 89.78 89.87 90.01 90.16 90.39 90.26 90.56 90.66 90.42 90.92
25°N ||     91.09 91.13 91.11 91.31 91.42 91.42 91.49 91.50 91.51 91.55 91.57 91.55 91.54 91.53 91.52 90.82 89.92 89.76 89.80 89.72 89.97 89.90 89.87 89.86 89.69 89.53 89.24 89.34 89.12 88.84 88.50 88.26 87.89 87.55 87.34 86.88 86.94 88.23 88.30 88.03 88.12 88.05 88.15 87.45 88.51 88.93 89.12 89.18 89.22 89.26 89.18 89.34 89.35 89.66 89.35 89.38 89.41 89.39 89.73 90.53 90.74 89.73 90.06 90.84 91.21 91.52 91.61 91.63 91.69 91.74 91.72 91.68 91.62 91.54 91.27 91.37 91.33 91.40 91.53 90.79 90.46 89.91 89.84 89.97 90.09 89.86 89.90 89.85 89.87 89.77 89.83 89.96 89.85 89.86 89.86 90.24 89.91 89.83 89.78 89.82 89.64 89.66 89.71 89.66 89.63 89.76 89.71 89.53 89.61 89.57 89.41 89.50 89.47 89.44 89.58 89.24 89.33 88.92 89.06 88.75 89.00 88.95 88.96 89.12 89.14 89.20 89.16 89.11 89.42 89.34 89.66 89.95 89.92 90.16 90.78 91.09 91.20 91.39 91.45 91.51 91.61 91.67 91.74 91.85 91.97 92.08 92.15 92.17 92.15 92.08 92.00 91.94 91.95 91.88 91.79 91.69 91.52 91.29 89.81 89.39 88.80 88.51 87.00 80.42 86.71 88.79 89.34 89.52 89.60 89.70 89.88 89.86 90.07 90.25 90.54 90.58 90.71 90.69 90.92 91.00
27°N ||     91.26 91.32 91.35 91.32 91.52 91.43 91.60 91.63 91.62 91.61 91.61 91.60 91.57 91.55 91.54 91.02 90.03 89.78 89.81 89.78 89.76 89.80 89.57 89.64 89.66 89.57 89.48 89.19 88.97 88.74 88.39 88.11 87.82 87.48 86.88 86.81 87.12 88.35 88.51 88.19 88.32 88.31 88.34 87.44 88.22 88.91 89.08 89.14 89.18 89.10 88.98 89.05 89.37 89.50 89.63 89.73 89.70 89.85 89.92 90.56 90.21 89.67 91.18 91.35 91.49 91.57 91.57 91.66 91.78 91.80 91.59 91.74 91.75 91.65 91.41 91.68 91.48 91.55 91.63 91.59 90.76 90.48 90.26 90.13 90.18 89.96 89.86 89.82 89.87 89.88 89.93 89.92 89.88 89.84 89.91 89.83 89.98 89.91 89.73 89.65 90.05 89.62 89.71 89.71 89.51 89.86 89.37 89.57 89.62 89.53 89.52 89.55 89.53 89.50 89.46 89.51 89.45 89.67 89.30 89.16 89.28 89.54 89.11 89.25 89.27 88.99 88.82 89.24 89.49 89.37 89.69 89.79 90.04 90.61 91.06 91.30 91.52 91.53 91.63 91.74 91.83 91.98 92.08 92.27 92.42 92.46 92.51 92.46 92.45 92.35 92.29 92.28 92.15 92.02 91.87 91.76 91.60 91.39 90.61 89.48 89.03 88.63 87.98 87.34 88.00 89.19 89.48 89.58 89.64 89.73 89.78 90.05 90.23 90.40 90.64 90.81 90.82 90.88 91.02 91.18
29°N ||     91.45 91.49 91.55 91.60 91.68 91.66 91.70 91.72 91.72 91.69 91.68 91.68 91.65 91.47 91.60 91.54 90.83 89.94 89.72 89.74 89.75 89.78 89.56 89.52 89.73 89.62 89.33 89.13 88.91 88.62 88.32 88.02 87.80 87.44 86.33 86.70 87.61 88.36 88.46 88.31 88.54 88.58 88.55 88.63 88.78 88.93 89.09 89.17 89.16 88.92 88.98 89.13 89.14 89.51 89.55 89.59 89.60 89.80 89.87 90.12 90.08 90.48 91.04 90.78 90.46 91.38 91.49 91.63 91.78 91.85 91.78 91.88 91.84 91.89 91.84 91.79 91.69 91.73 91.79 91.82 91.78 90.93 90.64 90.40 90.49 90.04 89.92 92.18 89.94 89.89 89.97 90.16 89.94 90.04 89.85 89.86 89.93 89.93 89.75 89.76 89.68 89.79 89.70 89.72 89.61 89.56 89.45 89.52 89.54 89.44 89.54 89.52 89.62 89.74 89.71 89.70 89.54 89.33 89.29 89.26 89.37 89.24 89.16 89.23 89.07 89.30 89.65 89.77 89.75 89.86 89.93 90.21 90.80 91.00 91.24 91.54 91.62 91.76 91.92 92.07 92.22 92.35 92.55 92.68 92.76 92.89 92.84 92.67 92.76 92.62 92.56 92.42 92.29 92.11 92.01 91.92 91.77 91.62 91.09 89.83 89.47 89.19 88.84 88.81 89.13 89.51 89.60 89.65 89.69 89.76 90.04 90.16 90.43 90.66 90.88 91.05 91.08 91.11 91.30 91.39
31°N ||     91.69 91.63 91.73 91.74 91.75 91.75 91.77 91.82 91.82 91.78 91.75 91.76 91.74 91.70 91.67 91.63 91.20 90.58 90.26 90.19 89.98 89.91 89.74 89.71 89.81 89.39 89.25 89.08 88.78 88.55 88.26 88.16 87.72 87.48 87.03 87.07 87.62 88.39 88.43 88.43 88.60 88.68 88.79 88.80 88.88 88.98 89.08 89.18 89.12 88.77 89.12 89.19 89.22 89.33 89.39 89.45 89.55 89.57 89.66 90.01 89.94 90.37 90.60 90.83 91.17 91.21 91.46 91.58 91.63 91.86 91.90 91.90 91.97 92.05 92.00 92.12 91.84 91.91 91.97 91.88 91.85 91.71 91.21 91.51 90.90 90.55 90.09 89.89 90.07 90.11 90.17 90.03 89.94 89.92 90.29 90.01 89.86 89.76 89.73 89.85 89.68 89.69 89.76 89.76 89.66 89.63 89.49 89.50 89.55 89.49 89.47 89.45 89.61 89.69 89.66 89.66 89.49 89.34 89.42 89.44 89.41 89.65 89.27 89.20 89.40 89.33 89.52 89.85 89.79 89.95 90.19 90.72 90.88 91.22 91.42 91.61 91.79 91.99 92.26 92.43 92.56 92.72 93.08 92.93 93.07 93.15 93.10 93.01 92.95 92.83 92.65 92.55 92.63 92.28 92.26 92.14 91.99 91.85 91.46 90.92 89.89 89.67 89.58 89.56 89.44 89.24 89.72 89.72 89.76 89.83 89.69 91.40 90.78 90.05 91.19 90.78 91.35 91.39 91.43 91.62
33°N ||     91.88 91.29 91.77 91.77 91.85 91.83 91.84 91.88 91.84 91.86 91.84 91.85 91.83 91.79 91.82 91.78 91.71 91.29 90.54 89.86 89.95 89.94 89.99 89.90 89.53 89.31 89.19 89.00 88.83 88.40 88.13 87.89 87.52 87.17 86.87 86.97 87.53 88.27 88.53 88.60 88.71 88.82 88.87 88.92 88.84 88.96 88.95 88.85 88.84 88.93 89.11 89.24 89.26 89.23 89.36 89.50 89.56 89.59 89.58 89.61 89.60 89.61 89.86 90.81 90.81 91.46 91.59 91.64 91.70 91.86 91.99 92.19 92.19 92.19 92.15 92.28 92.21 92.23 92.20 91.99 92.13 92.09 91.83 91.44 91.10 90.67 90.29 90.06 90.37 90.18 90.14 89.84 90.03 90.02 90.08 89.87 89.94 89.76 89.89 89.98 89.64 89.62 89.73 89.58 89.89 89.53 89.56 89.46 89.55 89.37 89.28 89.38 89.55 89.60 89.56 89.46 89.45 89.52 89.43 89.62 89.58 89.64 89.60 89.39 89.50 89.69 89.72 89.89 90.04 90.45 90.62 90.97 91.16 91.38 91.59 91.80 92.03 92.33 92.53 92.66 92.87 92.98 93.12 93.22 93.41 93.22 93.16 93.13 93.06 92.75 92.85 92.75 92.63 92.44 92.25 92.39 92.32 92.15 91.98 91.81 91.52 91.16 90.97 90.52 90.30 89.78 90.10 89.90 89.86 89.96 90.03 90.74 91.10 91.21 91.40 91.51 91.56 91.68 91.76 91.84
35°N ||     92.02 91.93 91.93 91.88 91.91 91.89 91.91 91.91 91.89 91.91 91.92 91.91 91.89 91.85 91.89 91.81 91.85 91.74 91.23 89.53 89.79 89.94 89.83 89.59 89.22 89.31 89.17 88.98 88.68 88.25 87.80 87.27 86.71 86.44 86.26 86.19 86.62 87.25 88.23 88.70 88.84 88.90 88.94 88.93 88.43 88.61 89.02 89.12 88.95 88.88 89.10 89.04 88.95 89.05 89.29 89.49 89.57 89.62 89.63 89.65 89.66 89.64 89.82 90.79 91.35 91.52 91.63 91.64 91.77 91.90 91.96 92.25 92.16 92.31 92.34 92.46 92.43 92.54 92.41 92.29 92.25 92.16 92.18 91.44 91.20 90.82 90.68 90.53 90.31 90.42 89.92 89.94 89.98 90.32 90.47 89.84 89.99 89.82 89.92 89.80 89.84 89.77 89.74 89.70 89.69 89.57 89.50 89.72 89.49 89.30 89.56 89.35 89.37 89.33 89.28 89.25 89.37 89.44 89.49 89.70 89.71 89.68 90.01 89.87 89.79 90.05 89.96 90.06 90.35 90.60 90.89 91.17 91.30 91.54 91.70 91.99 92.22 92.52 92.75 92.94 93.01 93.12 93.35 93.48 93.56 93.52 93.39 93.36 93.16 93.12 92.97 92.60 92.78 92.60 92.55 92.51 92.41 92.28 92.26 92.11 92.01 91.78 91.70 91.63 91.38 91.23 90.86 90.34 90.13 90.19 90.21 90.62 90.70 91.36 91.48 91.58 91.70 91.89 92.00 92.05
37°N ||     92.16 91.99 92.01 91.90 91.99 91.96 91.99 91.98 91.94 91.95 91.96 91.96 91.95 91.89 91.85 91.81 91.77 91.68 91.63 89.83 89.82 89.76 89.64 89.51 89.29 89.33 89.18 89.00 88.72 87.99 87.03 86.29 85.52 85.04 85.04 85.43 85.83 85.95 86.94 88.11 88.78 89.00 89.03 89.02 88.95 88.85 88.93 89.02 89.10 89.27 88.93 88.84 88.74 88.61 89.00 89.35 89.56 89.61 89.62 89.62 89.66 89.62 90.03 90.93 91.35 91.52 91.63 91.72 91.80 92.00 92.05 92.20 92.27 92.45 92.49 92.63 92.75 92.71 92.69 92.53 92.58 92.50 92.38 92.31 92.01 91.81 91.73 91.50 91.09 91.52 90.32 90.14 89.95 89.92 90.11 89.94 90.15 90.36 89.84 90.25 89.89 90.06 89.81 90.35 89.88 89.90 89.68 89.59 89.53 89.40 89.34 89.30 89.29 89.19 89.20 89.19 89.28 89.52 90.04 89.87 89.79 89.68 89.76 89.71 89.97 90.09 90.15 90.21 90.65 90.83 91.09 91.36 91.51 91.65 91.98 92.22 92.37 92.67 92.86 93.13 93.25 93.44 93.60 93.64 93.69 93.73 93.66 93.51 93.47 93.29 93.20 93.10 93.02 92.83 92.97 92.90 92.67 92.44 92.44 92.24 92.05 91.95 91.69 91.59 91.33 91.25 90.97 90.68 90.48 90.46 90.40 90.74 90.63 91.52 91.57 91.68 91.91 91.95 92.06 92.08
39°N ||     92.11 92.06 92.08 92.01 91.63 92.02 92.03 91.79 92.01 91.99 91.96 91.96 91.89 91.88 91.84 91.79 91.77 91.80 91.59 91.06 89.68 89.62 89.80 89.54 89.54 89.36 89.26 89.10 88.59 87.43 86.13 84.95 84.18 84.08 83.70 83.98 85.31 85.55 86.01 87.26 88.50 89.02 89.11 89.09 88.90 88.98 88.85 88.18 88.97 89.00 88.98 88.85 88.60 88.36 88.66 89.12 89.43 89.53 89.58 89.58 89.74 89.76 89.78 90.43 91.39 91.61 91.66 91.72 91.89 92.04 92.21 92.36 92.38 92.60 92.72 92.80 92.85 92.90 92.91 93.02 92.70 92.70 92.64 92.57 92.40 91.88 92.04 91.77 91.32 91.24 91.02 90.50 90.48 90.40 90.32 90.05 89.93 89.89 90.33 90.15 90.35 91.27 90.32 89.80 90.43 89.75 89.69 89.67 89.60 89.62 89.50 89.33 89.72 89.25 89.27 89.44 89.35 89.46 90.00 89.98 90.00 89.98 90.01 90.15 90.18 90.28 90.41 90.65 90.78 91.06 91.27 91.51 91.58 91.90 92.09 92.36 92.55 92.72 93.04 93.10 93.54 93.71 93.77 93.78 93.78 93.82 93.72 93.69 93.58 93.66 93.42 93.36 93.18 93.14 93.07 93.00 92.89 92.58 92.27 92.33 92.12 91.99 91.80 91.59 91.34 91.32 91.13 90.97 90.88 90.75 90.64 90.26 89.75 91.58 91.64 91.68 91.91 92.05 92.11 92.06
41°N ||     92.10 92.11 92.14 92.11 92.08 92.05 92.00 92.04 92.00 91.98 91.98 91.99 91.93 91.96 91.84 91.86 91.78 91.52 91.39 91.05 90.47 90.05 89.81 89.70 89.58 89.47 89.38 89.13 88.52 87.17 85.68 84.73 84.39 84.30 83.48 83.92 85.08 85.68 86.29 87.56 88.63 89.07 89.12 89.10 88.59 89.02 88.89 88.62 88.84 88.76 88.77 88.65 88.64 88.74 88.91 89.03 89.31 89.52 89.52 89.50 89.63 89.77 89.78 90.28 91.18 91.71 91.79 91.70 91.96 92.13 92.25 92.46 92.57 92.71 92.86 92.98 93.03 93.06 93.07 93.05 93.00 92.97 92.85 93.06 93.02 92.55 92.27 92.18 91.84 91.87 91.23 91.73 91.35 90.98 91.09 90.48 90.21 90.78 90.00 90.48 91.44 91.44 91.35 90.05 90.28 89.67 89.66 89.77 89.79 89.70 89.61 89.71 90.75 89.97 89.57 89.67 90.20 89.58 90.08 89.98 90.04 90.03 90.36 90.42 90.57 90.47 90.69 90.74 91.05 91.32 91.44 91.53 91.73 91.94 92.30 92.51 92.76 92.88 93.27 93.44 93.57 93.80 93.84 93.83 93.83 93.78 93.82 93.78 93.73 93.61 93.52 93.56 93.53 93.38 93.23 93.06 92.92 92.81 92.61 92.42 92.20 91.96 91.83 91.64 91.40 91.40 91.31 91.19 91.18 90.94 90.06 90.38 90.11 91.42 91.62 91.79 91.84 92.04 92.04 92.13
43°N ||     92.10 92.17 92.16 92.12 92.09 92.08 92.05 92.02 92.01 92.03 91.99 92.06 92.00 92.01 91.88 91.84 91.70 91.52 91.18 90.70 90.32 90.04 89.85 89.74 89.64 89.56 89.45 89.33 88.91 88.05 86.72 85.58 85.03 84.86 84.74 84.90 85.54 85.96 87.80 88.78 89.17 89.27 89.19 89.16 89.17 88.82 89.02 88.49 88.77 88.79 88.72 88.82 88.30 88.75 89.14 89.06 89.17 89.43 89.54 89.67 89.65 89.68 89.78 90.29 91.14 91.76 91.95 92.01 92.11 92.25 92.49 92.61 92.84 92.92 93.32 93.05 93.17 93.09 93.19 93.19 93.14 93.12 92.94 92.97 93.03 92.70 92.60 92.27 92.17 92.21 92.03 91.91 91.89 91.69 91.38 90.89 90.68 90.49 91.13 91.29 91.54 91.40 90.69 91.25 90.67 91.19 90.95 91.16 89.66 89.62 89.56 90.14 89.63 89.51 90.30 90.36 90.17 90.05 90.12 90.25 90.30 90.31 90.79 91.15 90.74 90.72 90.79 91.14 91.35 91.44 91.38 91.70 91.74 92.03 92.32 92.66 92.86 92.92 93.26 93.50 93.69 93.80 93.75 93.59 93.84 93.77 93.73 93.63 93.79 93.48 93.53 93.50 93.40 93.35 93.36 93.17 93.00 92.92 92.53 92.43 92.19 91.96 91.70 91.61 91.51 91.42 91.28 91.35 91.32 91.05 90.65 90.34 89.90 91.32 91.76 91.77 91.99 92.03 92.11 92.19
45°N ||     92.23 92.22 92.16 92.16 92.15 92.11 92.08 92.03 92.01 92.06 92.06 91.99 91.98 91.92 91.89 91.75 91.55 91.29 90.95 90.62 90.26 90.01 89.87 89.78 89.73 89.66 89.59 89.49 89.28 88.84 88.38 87.97 87.82 86.22 85.50 85.31 86.02 87.53 88.46 89.05 89.27 89.35 89.34 89.39 89.44 89.50 89.52 89.40 88.96 88.66 88.27 88.65 89.12 89.08 89.07 89.21 89.53 89.46 89.53 89.69 89.77 89.95 90.18 90.60 91.17 91.84 91.91 92.13 92.28 92.45 92.55 92.82 92.93 93.07 93.05 93.26 93.25 93.25 93.38 93.38 93.18 93.25 93.17 93.13 93.02 92.93 92.65 92.73 92.58 92.30 92.25 92.37 92.06 91.89 91.85 91.74 91.28 91.02 91.50 91.48 90.98 90.63 90.36 91.31 90.66 91.19 91.25 91.28 90.69 90.13 89.83 90.29 90.08 89.95 90.36 90.11 89.93 90.30 90.35 90.47 90.42 90.69 90.82 91.02 91.03 91.13 91.18 91.22 91.42 91.51 91.64 91.67 91.99 92.13 92.55 92.77 92.98 93.20 93.30 93.50 93.65 93.81 93.81 93.83 93.80 93.68 93.73 93.76 93.72 93.69 93.56 93.64 93.56 93.27 93.37 93.31 93.11 92.84 92.43 92.27 92.14 91.83 91.66 91.58 91.56 91.50 91.49 91.48 91.46 91.36 91.19 90.79 90.16 91.49 91.51 91.62 91.88 92.14 92.14 92.23
47°N ||     92.22 92.20 92.20 92.12 92.11 92.11 92.07 92.08 92.00 92.11 92.08 92.02 92.01 91.90 91.75 91.69 91.38 91.16 90.88 90.60 90.25 90.10 89.96 89.90 89.83 89.76 89.69 89.64 89.56 89.45 89.32 89.27 89.27 89.25 88.62 88.46 88.94 89.14 89.19 89.22 89.31 89.36 89.35 89.38 89.45 89.52 89.52 89.50 88.84 88.66 89.01 89.24 89.54 89.39 89.44 89.65 89.55 90.14 89.54 89.66 89.81 90.07 90.58 91.19 91.65 91.93 92.09 92.19 92.50 92.56 92.79 92.93 93.00 93.12 93.16 93.13 93.01 92.80 93.35 93.36 93.30 93.37 93.25 93.22 93.10 93.04 93.01 92.92 92.78 92.65 92.51 92.45 92.39 92.28 91.97 92.03 91.80 91.66 91.66 91.71 91.55 91.45 91.70 91.37 91.03 91.31 90.88 90.91 91.20 90.69 90.27 90.56 90.61 90.77 90.81 90.04 90.36 90.50 90.60 90.82 90.83 90.93 91.15 91.01 91.26 91.28 91.29 91.34 91.50 91.57 91.80 91.88 92.10 92.27 93.05 93.10 92.99 93.14 93.32 93.46 93.63 93.78 93.79 93.74 93.75 93.72 93.69 93.69 93.57 93.72 93.67 93.63 93.47 93.46 93.46 93.22 92.98 92.72 92.52 91.58 91.77 92.03 91.79 91.75 91.68 91.61 91.63 91.54 91.57 91.53 91.47 91.26 91.34 91.43 91.55 91.82 91.88 92.06 92.13 92.23
49°N ||     92.23 92.20 92.19 92.12 92.17 92.16 92.13 92.12 92.07 92.07 92.10 92.00 91.98 91.81 91.66 91.50 91.25 91.08 90.88 90.63 90.40 90.28 90.13 90.00 89.88 89.82 89.78 89.74 89.70 89.66 89.62 89.58 89.55 89.53 89.48 89.50 89.52 89.51 89.42 89.36 89.35 89.41 89.40 89.28 89.36 89.43 89.44 89.43 89.65 89.03 90.20 90.51 90.73 90.25 90.16 89.66 89.68 89.69 90.32 89.71 90.04 90.47 91.09 91.54 91.66 92.07 92.28 92.49 92.53 92.82 92.83 92.95 93.08 93.11 93.15 93.16 93.23 93.35 93.41 93.40 93.41 93.33 93.31 93.25 93.22 93.13 93.12 92.93 92.87 92.80 92.71 92.57 92.36 92.25 92.14 92.16 91.98 92.01 92.00 91.92 91.60 91.78 91.40 91.51 94.48 91.99 90.97 91.40 91.25 90.90 90.75 90.90 90.81 90.77 90.54 90.93 90.85 90.95 91.04 90.98 91.00 91.08 91.24 91.22 91.22 91.32 91.28 91.41 91.51 91.66 91.86 92.03 92.23 92.45 92.90 93.03 92.96 93.18 93.19 93.42 93.54 93.64 93.71 93.71 93.67 93.69 93.66 93.66 93.59 93.45 93.66 93.53 93.38 93.27 93.28 93.00 92.85 92.60 92.50 91.64 91.47 92.08 91.89 91.83 91.82 91.75 91.78 91.72 91.61 91.68 91.58 91.60 91.00 91.32 91.92 91.87 91.85 92.14 92.31 92.16
51°N ||     92.21 92.22 92.16 92.17 92.19 92.20 92.08 92.06 92.10 92.07 92.01 91.91 91.82 91.71 91.56 91.38 91.17 90.94 90.79 90.61 90.28 90.33 90.19 90.02 89.96 89.90 89.85 89.81 89.77 89.74 89.70 89.66 89.62 89.60 89.61 89.62 89.58 89.56 89.50 89.44 89.41 89.42 89.44 89.46 89.42 89.50 89.59 89.71 90.05 90.29 90.52 90.71 90.96 91.09 91.11 90.57 89.80 89.73 89.84 90.34 90.66 91.15 91.48 91.96 91.99 92.19 92.36 92.57 92.74 92.85 93.02 93.14 93.21 93.21 93.28 93.32 93.33 93.21 93.57 93.67 93.38 93.36 93.42 93.05 93.28 93.18 93.02 92.97 93.04 92.89 92.85 92.74 92.60 92.47 92.37 92.28 92.18 91.94 92.17 91.98 91.96 91.94 91.40 93.62 94.24 91.74 90.65 91.39 91.30 91.13 91.14 91.10 91.09 91.15 91.28 91.11 91.17 91.13 91.23 91.26 91.22 91.29 91.23 91.25 91.32 91.33 91.29 91.44 91.53 91.64 91.78 92.01 92.26 92.44 92.68 92.71 92.99 93.08 93.28 93.38 93.48 93.56 93.69 93.65 93.69 93.67 93.57 93.66 93.63 93.55 93.52 93.37 93.37 93.12 92.83 92.90 92.75 92.58 92.46 92.37 92.21 92.12 92.03 91.91 91.88 91.89 91.79 91.83 91.74 91.71 91.67 91.71 91.58 91.86 91.87 91.75 91.88 92.13 92.28 92.27
53°N ||     92.17 92.13 92.21 92.22 92.20 92.17 92.12 92.06 92.02 91.90 91.94 91.87 91.73 91.60 91.43 91.18 90.86 90.89 90.82 90.66 90.53 90.44 90.29 90.18 90.07 89.99 89.92 89.86 89.84 89.79 89.76 89.74 89.70 89.69 89.70 89.69 89.69 89.64 89.57 89.52 89.49 89.48 89.50 89.53 89.59 89.68 89.75 89.88 90.09 90.41 90.69 90.86 91.00 91.14 91.24 91.35 90.35 90.66 90.11 91.08 91.75 91.90 92.04 92.12 92.25 92.42 92.67 92.79 92.91 92.97 93.19 93.25 93.27 93.30 93.37 93.44 93.44 93.39 93.49 93.44 93.34 93.43 93.36 93.41 93.30 93.46 93.37 93.13 93.09 92.90 92.93 92.83 92.68 92.62 92.45 92.32 92.37 92.63 92.18 92.15 91.94 91.93 91.77 91.62 91.22 91.26 91.22 91.52 91.36 91.44 91.35 91.35 91.25 91.35 91.33 91.30 91.40 91.48 91.34 91.44 91.36 91.31 91.20 91.27 91.32 91.26 91.25 91.41 91.49 91.57 91.81 92.01 92.18 92.35 92.34 92.58 92.74 92.95 92.98 93.10 93.14 93.27 93.29 93.42 93.47 93.49 93.41 93.43 93.27 93.29 93.31 93.30 93.06 92.87 92.78 92.63 92.70 92.54 92.44 92.33 92.23 92.11 92.03 91.98 91.95 91.89 91.93 91.89 91.60 91.71 91.65 91.78 91.74 91.74 91.80 91.97 92.14 92.14 92.24 92.26
55°N ||     92.26 92.24 92.15 92.05 92.10 91.94 91.99 92.03 91.97 91.91 91.89 91.77 91.70 91.54 91.49 91.21 93.08 90.77 90.87 90.79 90.67 90.54 90.45 90.40 90.24 90.12 90.03 89.94 89.88 89.85 89.82 89.82 89.79 89.80 89.79 89.80 89.76 89.74 89.70 89.66 89.61 89.60 89.58 89.59 89.64 89.74 89.87 90.72 90.58 90.84 90.95 90.97 91.34 91.17 91.31 91.48 91.62 91.68 91.91 92.05 92.16 92.27 92.49 92.57 92.71 92.84 92.88 92.99 93.05 93.15 93.28 93.33 93.35 93.42 93.46 93.39 93.43 93.43 93.48 93.59 93.34 93.38 93.43 93.36 93.48 93.32 93.16 93.14 92.99 93.00 92.95 92.91 92.78 92.66 92.44 92.42 92.40 92.38 92.29 92.17 92.11 92.01 91.86 91.86 91.81 91.65 91.56 91.57 91.58 91.50 91.50 91.51 91.44 91.54 91.45 91.56 91.67 91.63 91.62 91.56 91.40 91.36 91.29 91.26 91.18 91.21 91.39 91.49 91.50 91.57 91.75 91.94 92.07 92.10 92.27 92.46 92.59 92.71 92.73 92.81 92.88 92.97 93.00 93.12 93.16 93.10 93.13 93.13 92.86 92.90 93.01 92.87 92.85 92.67 92.58 92.66 92.41 92.52 92.45 92.19 92.10 92.07 92.03 92.04 91.92 91.93 91.87 91.77 91.72 91.79 91.81 91.61 91.67 91.65 91.85 92.02 92.11 92.22 92.29 92.33
57°N ||     92.22 92.22 92.17 92.12 92.16 92.04 91.95 91.91 91.90 91.92 91.78 91.68 91.69 91.54 91.44 91.39 90.94 91.01 90.88 90.87 90.78 90.71 90.59 90.49 90.42 90.32 90.20 90.08 90.09 89.99 89.96 89.93 89.91 89.92 89.91 89.91 89.89 89.87 89.85 89.76 89.74 89.70 89.69 89.70 89.75 89.87 90.06 90.30 90.66 90.81 90.95 91.03 91.12 91.25 91.41 91.57 91.74 91.92 92.09 92.23 92.52 92.60 92.68 92.74 92.85 92.89 92.99 93.08 93.13 93.26 93.26 93.76 93.43 93.43 93.44 93.49 93.47 93.41 93.43 93.41 93.38 93.53 93.29 93.32 92.69 94.11 93.15 93.08 93.06 92.96 92.99 92.82 92.75 92.68 92.64 92.49 92.49 92.36 92.29 92.10 92.11 92.05 91.88 91.73 91.67 91.68 91.66 91.56 91.70 91.63 91.59 91.67 91.75 91.74 91.74 91.78 91.84 91.77 91.68 91.51 91.44 91.45 91.40 91.31 91.31 91.35 91.30 91.39 91.48 91.53 91.71 91.77 91.94 91.94 92.03 92.16 92.37 92.44 92.49 92.43 92.64 92.58 92.73 92.86 92.87 92.82 92.79 92.82 92.78 92.68 92.76 92.69 92.72 92.70 92.52 92.58 92.44 92.49 92.42 92.25 92.14 92.16 92.03 91.99 91.95 91.85 91.85 91.80 91.65 91.77 91.75 91.67 91.89 91.79 91.80 91.96 92.12 92.11 92.18 92.20
59°N ||     92.11 92.15 92.13 91.98 92.09 92.06 91.82 91.98 91.97 91.98 91.90 91.81 91.70 91.63 91.49 91.32 91.36 91.22 91.13 91.04 90.95 90.85 90.72 90.62 90.62 90.57 90.53 90.44 90.38 90.31 90.27 90.18 90.14 90.16 90.24 90.16 90.16 90.16 90.04 89.94 89.90 89.87 89.87 89.98 90.05 90.28 90.45 90.62 90.82 90.94 91.04 91.21 91.27 91.39 91.55 91.67 91.84 92.01 92.18 92.41 92.68 92.53 92.86 92.92 92.94 93.01 93.11 93.18 93.20 93.19 93.31 93.28 93.33 93.41 93.42 93.42 93.36 93.46 93.51 93.47 93.36 93.33 93.35 93.27 93.24 93.22 93.18 93.15 93.08 92.91 92.80 92.86 92.72 92.72 92.46 92.54 92.52 92.42 92.23 92.18 92.07 92.03 91.99 91.93 91.93 91.86 91.70 91.70 91.73 91.78 91.87 91.90 91.89 91.90 91.79 91.88 91.87 91.88 91.69 91.61 91.57 91.51 91.37 91.39 91.31 91.32 91.28 91.35 91.43 91.46 91.59 91.57 91.79 91.97 91.91 91.78 92.03 92.10 92.07 92.26 92.38 92.21 92.39 92.51 92.49 92.41 92.50 92.48 92.49 92.49 92.48 92.52 92.50 92.43 92.42 92.47 92.43 92.32 92.31 92.21 92.25 92.11 92.05 91.96 91.90 91.83 91.65 91.67 91.64 91.71 91.76 91.78 91.84 91.83 91.88 91.93 92.03 92.15 91.98 92.09
61°N ||     92.03 92.04 92.02 92.04 92.02 92.08 91.98 91.92 91.97 91.83 91.78 91.80 91.73 91.62 91.52 91.45 91.36 91.29 91.23 91.11 91.02 90.99 90.93 90.87 90.79 90.77 90.70 90.65 90.61 90.61 90.60 90.55 90.58 90.58 90.54 90.51 90.49 90.51 90.47 90.84 90.41 90.39 90.40 90.44 90.48 90.56 90.64 90.78 90.97 91.09 91.13 91.37 91.53 91.64 91.75 91.92 92.05 92.19 92.33 92.43 92.64 92.83 92.91 92.97 93.07 93.52 92.97 93.22 93.25 93.25 93.35 93.20 93.30 93.45 93.51 93.47 93.43 93.45 93.34 93.39 93.32 93.33 93.27 93.30 93.21 93.18 93.08 93.04 92.94 92.87 92.79 92.75 92.72 92.62 92.62 92.61 92.42 92.33 92.31 92.18 92.13 92.06 91.95 91.94 91.91 91.94 91.79 91.88 91.86 91.94 91.92 91.95 91.98 91.97 91.87 91.95 91.88 91.88 91.82 91.63 91.71 91.68 91.30 91.45 91.40 91.35 91.27 91.23 91.29 91.40 91.40 91.45 91.53 91.10 91.55 91.75 91.79 91.76 91.93 92.02 92.08 91.89 92.16 92.21 92.22 92.07 92.18 92.16 92.23 92.28 92.22 92.29 92.23 92.17 92.25 92.26 92.19 92.16 92.18 92.10 92.05 92.08 91.98 91.95 91.90 91.68 91.80 91.76 91.65 91.72 91.68 91.77 91.82 91.79 91.90 91.91 91.87 92.00 91.98 91.90
63°N ||     92.06 91.92 91.92 92.81 91.96 92.01 92.02 91.99 91.96 91.93 91.88 91.76 91.75 91.65 91.61 91.58 91.50 91.45 91.30 91.16 90.95 91.14 91.09 91.04 91.00 90.98 90.92 90.93 90.93 90.87 90.86 90.81 90.79 90.75 90.71 90.68 90.66 90.69 90.68 90.66 90.65 90.68 90.69 90.74 90.82 90.88 90.96 91.01 91.16 91.29 91.47 91.60 91.74 91.90 92.08 92.16 92.27 92.38 92.53 92.55 92.67 92.82 92.95 93.07 93.06 93.09 93.25 93.22 93.20 93.19 93.26 93.20 93.28 93.27 93.30 93.36 93.31 93.23 93.22 93.27 93.25 93.24 93.14 93.07 93.03 92.77 92.84 92.80 92.79 92.76 92.74 92.65 92.53 92.49 92.54 92.26 92.22 92.25 92.20 92.13 92.11 92.04 91.97 91.97 91.98 91.95 91.94 91.96 91.95 91.92 91.99 91.97 92.03 91.97 91.95 91.92 91.91 91.81 91.90 91.81 91.72 91.69 91.67 91.56 91.49 91.44 91.34 91.30 91.28 91.28 91.29 91.36 91.42 91.43 91.50 91.61 91.66 91.65 91.76 91.60 91.84 91.66 91.87 91.95 91.83 91.98 91.97 91.98 92.02 92.02 91.99 92.00 92.10 92.10 92.09 92.05 92.06 92.00 92.04 92.05 92.01 91.94 91.97 91.93 91.78 91.84 91.84 91.85 91.63 91.71 91.73 91.77 91.67 91.82 91.91 91.95 91.91 91.96 91.98 92.00
65°N ||     91.96 92.09 91.98 92.07 92.06 92.02 91.99 92.02 91.78 91.89 91.83 91.84 91.85 91.81 91.99 91.64 91.60 91.55 91.43 91.50 91.45 91.34 91.32 91.29 91.25 91.23 91.11 91.16 91.13 91.11 91.05 91.01 90.99 90.95 90.90 90.84 90.84 90.85 90.81 90.80 90.80 90.85 90.91 90.97 91.06 91.15 91.21 91.32 91.39 91.50 91.61 91.63 91.88 92.10 92.25 92.42 92.57 92.74 92.79 92.82 92.84 92.97 93.02 92.99 93.12 93.15 93.16 93.07 93.12 93.18 93.06 93.08 93.18 93.18 93.18 93.20 93.20 93.13 93.15 93.13 93.16 93.07 93.02 92.71 93.83 95.73 92.07 92.60 92.70 92.61 92.66 92.50 92.53 92.37 92.36 92.29 92.21 92.18 92.18 92.14 92.06 92.06 92.01 91.89 91.99 91.88 91.87 91.92 91.91 91.90 91.97 91.97 92.02 91.95 91.81 91.84 91.96 91.84 91.81 91.89 91.84 91.77 91.74 91.55 91.54 91.37 91.41 91.33 91.32 91.19 91.28 91.26 91.26 91.29 91.38 91.35 91.43 91.46 91.39 91.51 91.59 91.58 91.66 91.68 91.61 91.75 91.74 91.77 91.75 91.77 91.82 91.84 91.84 91.88 91.70 91.90 91.87 91.95 91.93 91.92 91.82 91.81 91.92 91.90 91.80 91.91 91.90 91.71 91.84 91.74 91.87 91.85 91.82 91.83 91.84 91.91 91.80 91.82 91.99 91.69
67°N ||     92.04 92.02 92.08 92.04 92.01 92.13 92.07 92.02 92.06 92.01 91.85 91.90 91.95 91.82 91.86 91.79 91.78 91.74 91.72 91.71 91.54 91.60 91.47 91.41 91.41 91.29 91.40 91.37 91.29 91.25 91.23 91.14 91.16 91.07 91.34 90.98 90.97 90.96 90.93 90.96 90.98 91.03 91.13 91.16 91.23 91.33 91.44 91.57 91.66 91.78 91.92 92.09 92.22 92.40 92.57 92.72 92.90 93.01 93.13 93.24 93.27 93.24 93.13 93.08 93.08 93.07 93.02 93.05 93.11 93.06 93.09 93.08 93.04 93.10 93.09 93.04 93.01 92.90 93.08 93.03 93.00 92.94 92.77 92.72 92.71 92.57 92.55 92.58 92.53 92.57 92.48 92.41 92.40 92.30 92.27 92.19 92.15 92.11 92.07 91.97 91.91 91.97 91.94 91.83 91.86 91.86 91.88 91.83 91.79 91.69 91.76 91.91 91.97 91.91 91.87 91.89 91.78 91.86 91.84 91.83 91.79 91.68 91.72 91.66 91.59 91.53 91.52 91.38 91.30 91.28 91.22 91.15 91.16 91.16 91.08 91.24 91.25 91.28 91.01 91.34 91.40 91.47 91.49 91.44 91.48 91.49 91.33 91.58 91.57 91.60 91.57 91.69 91.67 91.71 91.74 91.73 91.74 91.76 91.78 91.83 91.68 91.70 91.71 91.78 91.76 91.75 91.86 91.87 91.87 91.81 91.88 91.82 91.92 91.90 91.78 91.83 91.85 91.99 91.96 92.01
69°N ||     91.86 92.06 92.07 92.02 92.06 92.07 92.04 92.09 91.96 92.13 92.03 92.01 91.98 92.01 91.85 91.78 91.78 91.89 91.93 91.82 91.84 91.83 91.79 91.76 91.63 91.61 91.29 91.56 91.55 91.39 91.52 91.33 91.36 91.25 91.15 91.09 91.12 91.11 91.12 91.13 91.14 91.25 91.32 91.40 91.48 91.59 91.78 91.94 92.11 92.23 92.31 92.40 92.45 92.56 92.65 92.78 92.85 92.88 92.99 93.02 93.01 93.02 93.00 92.97 92.92 92.95 92.97 92.97 92.91 92.98 92.98 92.94 93.02 92.99 92.85 92.93 92.91 92.83 92.85 92.81 92.75 92.71 92.75 92.67 92.54 92.56 92.42 92.38 92.36 92.31 92.33 92.26 92.17 92.17 92.17 91.99 92.03 92.03 91.99 91.96 91.94 91.94 91.91 91.81 91.83 91.91 91.88 91.83 91.83 91.87 91.66 91.70 91.82 91.81 91.86 91.82 91.77 91.80 91.79 91.69 91.64 91.68 91.65 91.64 91.52 91.49 91.48 91.45 91.40 91.35 91.30 91.21 91.19 91.13 91.07 91.01 91.06 91.16 91.23 91.20 91.23 91.23 91.27 91.27 91.28 91.29 91.32 91.37 91.37 91.35 91.43 91.37 91.44 91.51 91.58 91.62 91.58 91.64 91.80 91.73 91.68 91.67 91.67 91.75 91.75 91.80 91.82 91.88 91.85 91.81 91.79 91.88 91.91 91.95 92.07 92.01 91.97 92.00 91.95 91.91
71°N ||     92.02 92.10 92.16 92.06 92.01 92.10 92.50 91.97 92.08 92.10 91.96 92.03 92.06 92.00 92.11 92.13 92.11 92.04 92.19 91.93 91.84 91.97 91.97 91.91 91.82 91.78 91.70 91.61 91.66 91.52 91.56 91.58 91.60 91.44 91.54 91.55 91.43 91.43 91.45 91.47 91.41 91.57 91.63 91.67 91.78 91.85 91.96 92.11 92.19 92.31 92.40 92.46 92.46 92.43 92.51 92.53 92.55 92.59 92.64 92.62 92.58 92.65 92.65 92.68 92.82 92.73 92.75 92.78 92.88 92.79 92.83 92.79 92.77 92.83 92.75 92.68 92.69 92.73 92.69 92.62 92.57 92.56 92.52 92.45 92.38 92.37 92.32 92.31 92.26 92.16 92.06 92.00 92.05 92.07 91.98 91.98 91.93 91.92 91.90 91.85 91.79 91.75 91.72 91.70 91.77 91.80 91.79 91.73 91.76 91.75 91.82 91.75 91.73 91.74 91.68 91.74 91.67 91.65 91.56 91.65 91.52 91.61 91.58 91.47 91.48 91.47 91.45 91.45 91.39 91.32 91.28 91.29 91.24 91.21 91.13 91.14 91.08 91.05 91.01 90.98 90.93 90.91 90.95 90.99 91.04 91.08 91.15 91.18 91.26 91.24 91.31 91.30 91.29 91.32 91.41 91.37 91.50 91.57 91.62 91.64 91.67 91.58 91.70 91.72 91.74 91.80 91.78 91.82 91.69 91.85 91.85 91.82 91.75 91.88 91.92 91.96 92.06 91.91 92.00 91.98
73°N ||     92.09 92.17 92.17 92.12 92.05 92.21 92.23 92.18 92.18 92.24 92.32 92.21 92.24 92.12 92.37 92.20 92.17 92.13 92.07 92.06 92.11 91.85 91.86 91.94 91.84 91.96 91.85 92.25 92.03 91.92 92.00 91.84 91.76 91.71 91.61 91.69 91.61 91.64 91.67 91.77 91.82 91.88 91.92 91.95 92.03 92.09 92.12 92.16 92.21 92.27 92.35 92.48 92.43 92.43 92.42 92.40 92.34 92.33 92.26 92.32 92.35 92.39 92.42 92.41 92.45 92.53 92.56 92.51 92.51 92.54 92.62 92.68 92.67 92.56 92.62 92.64 92.65 92.56 92.50 92.39 92.41 92.36 92.31 92.26 92.30 92.28 92.23 92.18 92.11 92.12 92.04 91.87 91.89 91.89 91.88 91.76 91.79 91.79 91.75 91.78 91.73 91.74 91.70 91.58 91.67 91.69 91.63 91.60 91.60 91.56 91.63 91.64 91.69 91.68 91.64 91.69 91.71 91.63 91.54 91.48 91.53 91.60 91.57 91.47 91.45 91.42 91.37 91.41 91.31 91.30 91.26 91.22 91.24 91.18 91.20 91.15 91.11 91.07 91.05 91.06 91.08 91.10 91.12 91.12 91.14 91.16 91.18 91.19 91.23 91.25 91.22 91.28 91.28 91.32 91.31 91.31 91.42 91.48 91.50 91.48 91.60 91.59 91.54 91.64 91.72 91.77 91.70 91.78 91.86 91.90 91.43 92.87 91.62 90.70 91.86 91.94 92.08 92.04 91.88 92.00
75°N ||     92.02 92.15 92.08 92.13 92.14 92.27 92.10 92.21 92.23 92.23 92.29 92.19 92.22 92.33 92.22 92.29 92.28 92.08 92.17 92.22 92.16 92.27 92.32 92.41 92.23 92.03 92.07 92.07 91.81 91.90 91.92 91.86 92.00 92.05 92.12 91.94 91.87 91.89 91.79 91.92 91.90 91.95 92.05 92.03 92.03 91.96 92.05 92.10 92.13 92.24 92.29 92.30 92.29 92.30 92.30 92.42 92.26 92.24 92.26 92.28 92.35 92.40 92.43 92.43 92.42 92.39 92.35 92.37 92.41 92.32 92.44 92.45 92.45 92.45 92.42 92.47 92.40 92.39 92.29 92.32 92.25 92.24 92.17 92.33 92.14 92.06 92.01 91.96 91.95 91.96 91.89 91.88 91.84 91.78 91.79 91.77 91.86 91.68 91.64 91.62 91.61 91.61 91.60 91.56 91.58 91.60 91.61 91.58 91.53 91.60 91.57 91.54 91.60 91.60 91.59 91.57 91.54 91.57 91.49 91.49 91.49 91.46 91.40 91.50 91.50 91.46 91.36 91.34 91.34 91.26 91.32 91.29 91.29 91.25 91.17 91.20 91.16 91.15 91.14 91.13 91.11 91.17 91.17 91.06 91.12 91.16 91.20 91.21 91.16 91.17 91.19 91.24 91.26 91.27 91.30 91.30 91.33 91.41 91.44 91.49 91.49 91.56 91.56 91.64 91.66 91.65 91.66 91.70 91.75 91.81 91.81 91.87 91.81 92.06 92.07 92.10 92.11 92.11 92.06 91.98
77°N ||     92.19 92.06 91.80 91.68 91.84 92.15 92.04 91.63 91.66 92.10 92.21 92.21 92.25 92.21 92.20 92.01 91.73 91.78 91.65 92.00 91.78 91.90 92.36 92.66 92.19 92.00 91.98 92.13 92.05 92.04 92.02 92.02 92.07 91.97 91.64 91.95 91.84 91.93 91.89 91.85 92.02 91.98 91.90 91.90 91.98 92.06 92.09 92.12 92.16 92.18 92.20 92.23 92.08 92.28 92.31 92.35 92.36 92.36 92.35 92.35 92.38 91.68 91.70 92.10 92.24 92.21 92.20 92.23 92.15 92.15 92.21 92.23 92.24 92.25 92.20 92.21 92.19 92.20 92.24 92.22 92.17 92.07 92.06 92.03 92.02 91.97 91.84 91.83 91.91 91.86 91.88 91.84 91.76 91.67 91.66 91.70 91.71 91.69 91.65 91.62 91.61 91.61 91.57 91.65 91.57 91.56 91.57 91.55 91.56 91.55 91.55 91.54 91.50 91.45 91.45 91.45 91.51 91.43 91.44 91.35 91.39 91.42 91.44 91.45 91.44 91.45 91.41 91.39 91.35 91.30 91.33 91.28 91.24 91.17 90.92 91.11 91.20 91.20 91.23 91.20 91.15 91.16 91.16 91.15 91.16 91.13 91.18 91.14 91.16 91.11 91.17 91.22 91.20 91.24 91.28 91.30 91.33 91.34 91.31 91.37 91.40 91.46 91.54 91.59 91.61 91.62 91.66 91.74 91.75 91.71 91.80 91.73 91.78 91.87 91.84 92.05 92.16 92.14 92.05 92.13
79°N ||     91.84 91.71 91.71 91.82 91.85 91.80 91.75 91.75 91.79 91.77 91.79 91.63 91.89 91.84 91.87 91.96 91.96 92.00 92.00 91.94 91.92 92.04 92.01 92.04 92.10 92.14 92.05 91.81 91.88 91.77 91.83 91.87 91.90 91.91 91.86 91.92 91.88 91.97 91.95 91.94 91.96 91.98 91.98 91.93 91.86 91.88 91.92 91.95 91.98 92.06 92.12 92.08 92.11 92.14 92.18 92.19 92.14 92.20 92.26 92.25 92.29 92.32 92.30 92.32 92.26 92.26 92.33 92.28 92.18 92.12 92.06 92.03 91.95 91.99 92.00 91.84 91.80 91.84 91.95 91.97 91.87 91.93 91.77 91.32 91.58 91.90 90.84 91.04 91.64 90.48 90.85 91.34 91.06 90.71 91.22 90.57 90.71 91.31 91.07 90.78 90.89 90.96 91.08 91.43 91.48 91.41 91.46 91.48 91.50 91.49 91.48 91.48 91.47 91.46 91.42 91.44 91.42 91.42 91.40 91.21 91.74 91.20 91.36 91.34 91.31 91.35 91.32 91.29 91.30 91.30 91.30 91.31 91.28 91.29 91.28 91.28 91.29 91.29 91.24 91.25 91.22 91.18 91.12 91.14 91.14 91.06 90.98 90.99 91.04 91.09 91.11 91.08 91.16 91.20 91.20 91.27 91.24 91.30 91.28 91.29 91.33 91.39 91.42 91.50 91.51 91.57 91.54 91.53 91.58 91.70 91.69 91.72 91.73 91.78 91.81 91.75 91.75 91.89 91.89 91.87
81°N ||     90.94 90.95 90.98 91.03 90.98 90.98 91.01 91.00 91.01 91.03 91.05 91.08 91.10 91.12 91.16 91.18 91.19 91.21 91.21 91.24 91.25 91.27 91.30 91.34 91.37 91.43 91.51 91.61 91.61 91.68 91.77 91.67 91.68 91.85 91.37 91.37 91.19 91.44 90.88 91.00 91.21 91.30 91.71 91.71 91.73 91.80 91.88 91.84 91.65 91.60 91.11 91.07 90.91 91.09 91.55 91.22 91.18 91.16 91.14 91.23 91.78 91.60 91.66 91.66 91.74 91.80 91.89 91.55 91.39 91.13 91.14 91.18 90.74 90.96 90.79 90.54 90.37 90.52 90.35 90.17 90.16 89.96 89.99 89.91 89.91 89.97 89.84 89.83 89.84 89.80 89.83 89.89 89.77 89.77 89.92 89.80 89.82 89.74 89.74 89.76 89.92 89.95 89.95 89.93 90.02 90.08 89.84 90.48 90.49 91.04 91.00 90.48 90.70 91.26 90.96 91.04 90.80 90.92 91.15 90.64 90.69 90.61 90.69 90.72 90.95 91.26 90.80 90.88 90.89 90.87 90.93 90.90 90.90 90.93 90.95 90.97 91.04 91.13 91.22 91.22 91.22 91.21 91.21 91.18 91.20 91.14 91.15 91.17 91.18 91.24 91.23 91.26 91.27 91.28 91.27 91.26 91.26 91.29 91.30 91.26 91.27 91.29 91.31 91.32 91.31 91.30 91.28 91.26 91.25 91.17 91.09 91.11 91.10 91.09 91.08 91.04 90.99 90.95 90.95 90.94
83°N ||     90.58 90.58 90.59 90.59 90.59 90.58 90.59 90.60 90.61 90.63 90.65 90.68 90.69 90.72 90.73 90.77 90.81 90.81 90.88 90.88 90.91 90.92 90.92 90.92 90.91 90.86 90.99 90.96 90.93 90.42 90.33 90.16 90.37 90.46 90.20 90.35 90.13 90.14 90.17 90.11 90.00 90.11 89.95 89.88 89.89 89.96 89.95 89.93 89.98 90.03 90.12 90.23 90.41 90.48 90.17 90.25 90.10 90.00 90.00 90.11 90.02 90.54 90.48 91.15 91.31 91.48 91.63 91.73 91.71 91.39 91.15 90.84 90.60 90.43 90.35 90.19 90.11 90.03 89.98 89.95 89.93 89.90 89.88 89.86 89.83 89.81 89.80 89.78 89.77 89.77 89.77 89.77 89.76 89.75 89.74 89.73 89.72 89.71 89.71 89.70 89.70 89.69 89.68 89.67 89.66 89.66 89.66 89.65 89.66 89.70 89.76 89.85 89.83 89.86 89.79 89.85 89.98 90.02 89.93 89.86 89.83 89.85 89.99 89.88 89.92 89.86 89.92 89.93 89.88 89.91 89.84 89.86 89.91 90.01 89.98 89.98 90.02 89.90 89.95 89.96 90.04 90.30 90.35 90.43 90.77 90.74 90.99 91.16 91.18 91.15 91.12 91.10 91.09 91.10 91.14 91.16 91.14 91.13 91.06 91.03 91.01 91.00 90.97 90.94 90.91 90.89 90.85 90.82 90.81 90.79 90.76 90.75 90.72 90.71 90.69 90.68 90.64 90.61 90.59 90.59
85°N ||     90.76 90.64 90.75 90.87 90.94 91.15 90.23 90.13 90.32 90.45 89.98 90.19 90.07 89.97 90.16 90.26 89.82 89.75 89.74 89.74 89.74 89.83 90.12 89.92 89.98 90.05 90.23 90.10 90.10 90.21 90.23 89.69 89.71 89.85 89.72 89.68 89.68 89.67 89.68 89.69 89.68 89.72 89.70 89.67 89.69 89.66 89.64 89.65 89.65 89.69 89.69 89.68 89.70 89.78 89.77 89.73 89.74 89.75 89.77 89.81 89.83 89.78 89.83 89.79 89.78 89.78 89.90 89.90 90.17 90.34 90.44 90.60 90.41 90.39 90.40 90.54 90.68 90.86 90.92 90.92 90.95 90.94 90.60 90.33 90.12 90.08 90.11 90.16 90.24 90.42 90.81 90.85 89.85 89.77 89.77 89.80 89.78 89.75 89.71 89.69 89.68 89.71 89.68 89.66 89.65 89.65 89.64 89.63 89.63 89.62 89.62 89.62 89.63 89.63 89.63 89.64 89.64 89.65 89.65 89.65 89.65 89.66 89.67 89.66 89.66 89.66 89.66 89.66 89.66 89.65 89.66 89.65 89.65 89.65 89.66 89.66 89.69 89.69 89.68 89.74 89.67 89.67 89.67 89.80 89.80 89.81 89.86 89.99 89.86 89.78 89.83 89.78 89.90 89.96 90.11 90.25 89.94 90.07 90.18 90.25 90.21 90.10 90.17 90.44 90.33 90.40 90.54 90.88 90.67 90.94 90.72 90.54 90.44 90.34 90.45 90.62 90.74 90.49 90.51 90.56
87°N ||     89.57 89.60 89.59 89.60 89.62 89.60 89.60 89.59 89.55 89.54 89.54 89.54 89.56 89.57 89.55 89.53 89.53 89.53 89.53 89.52 89.53 89.55 89.55 89.50 89.50 89.50 89.51 89.52 89.53 89.53 89.53 89.51 89.49 89.50 89.49 89.46 89.44 89.44 89.44 89.44 89.46 89.45 89.48 89.47 89.46 89.42 89.42 89.41 89.42 89.44 89.44 89.44 89.44 89.45 89.47 89.51 89.51 89.52 89.53 89.53 89.52 89.51 89.51 89.50 89.50 89.50 89.49 89.50 89.50 89.52 89.57 89.66 89.68 89.65 89.64 89.62 89.65 89.62 89.62 89.64 89.61 89.59 89.58 89.58 89.60 89.58 89.60 89.63 89.60 89.62 89.58 89.56 89.58 89.55 89.53 89.53 89.54 89.54 89.55 89.55 89.53 89.51 89.51 89.53 89.53 89.50 89.50 89.49 89.48 89.47 89.47 89.48 89.47 89.47 89.48 89.48 89.49 89.50 89.49 89.53 89.48 89.48 89.49 89.51 89.54 89.56 89.51 89.51 89.53 89.53 89.55 89.52 89.48 89.48 89.48 89.47 89.47 89.49 89.51 89.51 89.51 89.52 89.52 89.52 89.53 89.53 89.54 89.52 89.51 89.48 89.50 89.48 89.51 89.50 89.47 89.47 89.48 89.56 89.52 89.55 89.52 89.58 89.58 89.60 89.60 89.61 89.59 89.58 89.58 89.59 89.58 89.61 89.62 89.62 89.62 89.63 89.61 89.62 89.64 89.60
89°N ||     89.37 89.36 89.36 89.37 89.37 89.34 89.34 89.32 89.32 89.32 89.32 89.31 89.31 89.31 89.31 89.31 89.31 89.30 89.30 89.30 89.30 89.30 89.31 89.30 89.30 89.30 89.30 89.28 89.28 89.27 89.26 89.25 89.25 89.25 89.24 89.24 89.24 89.23 89.23 89.23 89.23 89.23 89.22 89.22 89.22 89.22 89.22 89.22 89.22 89.22 89.23 89.23 89.24 89.25 89.26 89.27 89.28 89.28 89.29 89.29 89.29 89.30 89.30 89.30 89.31 89.31 89.32 89.32 89.32 89.32 89.33 89.33 89.33 89.34 89.34 89.35 89.35 89.36 89.36 89.37 89.37 89.36 89.36 89.37 89.36 89.37 89.37 89.37 89.37 89.37 89.37 89.38 89.39 89.38 89.37 89.36 89.36 89.37 89.39 89.40 89.38 89.36 89.36 89.36 89.35 89.35 89.34 89.34 89.33 89.33 89.33 89.32 89.32 89.32 89.32 89.31 89.31 89.31 89.31 89.30 89.31 89.31 89.30 89.31 89.31 89.31 89.30 89.30 89.29 89.29 89.29 89.29 89.28 89.28 89.27 89.27 89.26 89.25 89.25 89.24 89.24 89.24 89.24 89.24 89.24 89.23 89.24 89.24 89.24 89.24 89.25 89.25 89.26 89.26 89.27 89.28 89.29 89.30 89.29 89.28 89.28 89.28 89.29 89.29 89.29 89.29 89.29 89.29 89.30 89.30 89.31 89.32 89.32 89.33 89.33 89.34 89.35 89.35 89.35 89.36
