East longitude (degrees): -179:2:179
North latitude (degrees): -89:2:89

Absorbed dose on Martian Surface (1E-6 Gy/day), 2D array where Absorbed dose(i,j)= value at latitude(i) and longitude(j).
87.63 87.68 87.73 87.74 87.74 87.74 87.73 87.75 87.79 87.83 87.98 88.04 88.01 88.07 88.27 88.38 88.43 88.50 88.52 88.40 88.33 88.49 88.51 88.46 88.41 88.38 88.32 88.34 88.42 88.39 88.48 88.60 88.54 88.47 88.57 88.49 88.40 88.33 88.25 88.19 88.15 88.07 88.01 87.98 87.96 87.96 87.95 87.96 87.95 87.93 87.91 87.90 87.87 87.86 87.86 87.85 87.77 87.75 87.72 87.72 87.70 87.68 87.67 87.64 87.66 87.69 87.70 87.58 87.53 87.54 87.47 87.46 87.45 87.46 87.42 87.39 87.37 87.36 87.35 87.35 87.33 87.35 87.35 87.33 87.35 87.36 87.35 87.34 87.34 87.34 87.36 87.39 87.41 87.42 87.42 87.43 87.43 87.44 87.45 87.45 87.43 87.43 87.42 87.42 87.43 87.44 87.44 87.45 87.46 87.47 87.48 87.46 87.43 87.45 87.50 87.53 87.52 87.51 87.52 87.54 87.56 87.57 87.58 87.61 87.65 87.68 87.68 87.71 87.74 87.76 87.77 87.78 87.80 87.81 87.82 87.85 87.86 87.86 87.85 87.86 87.81 87.82 87.79 87.76 87.77 87.77 87.76 87.73 87.70 87.67 87.67 87.65 87.65 87.61 87.59 87.57 87.56 87.54 87.54 87.55 87.54 87.54 87.53 87.52 87.52 87.51 87.52 87.53 87.53 87.54 87.55 87.56 87.56 87.57 87.57 87.59 87.61 87.61 87.62 87.63
89.66 89.75 89.77 89.90 89.87 89.94 89.85 89.83 89.81 89.72 89.72 89.71 89.60 89.47 89.41 89.39 89.41 89.42 89.41 89.37 89.36 89.42 89.56 89.60 89.58 89.52 89.53 89.42 89.50 89.34 89.59 89.61 89.45 89.43 89.42 89.41 89.37 89.32 89.36 89.35 89.31 89.35 89.31 89.28 89.25 89.22 89.21 89.14 89.09 89.04 88.89 89.05 88.85 88.57 88.60 88.53 88.41 88.27 88.21 88.18 88.34 87.83 87.89 87.63 87.56 87.54 87.49 87.46 87.44 87.40 87.32 87.26 87.32 87.30 87.03 86.98 86.90 86.81 86.77 86.93 86.63 86.44 86.42 86.32 86.30 86.30 86.32 86.35 86.38 86.41 86.45 86.46 86.48 86.49 86.50 86.91 86.81 86.99 86.87 87.09 87.09 87.09 87.18 87.19 87.23 87.32 87.39 87.55 87.65 87.71 87.56 87.55 87.58 87.61 87.63 87.62 87.68 87.72 87.79 87.79 87.87 87.93 87.94 88.00 88.08 88.06 88.08 88.16 88.24 88.22 88.29 88.31 88.33 88.39 88.53 88.68 88.78 88.94 88.86 88.67 88.51 88.47 88.43 88.40 88.35 88.35 88.29 88.03 88.00 87.98 87.98 87.99 88.04 88.03 88.03 88.04 88.11 88.23 88.32 88.32 88.41 88.48 88.58 88.62 88.75 88.86 88.96 89.01 89.16 89.20 89.38 89.38 89.40 89.39 89.48 89.37 89.11 89.25 89.65 89.88
89.07 89.08 89.10 89.11 89.12 89.12 89.14 89.19 89.19 89.19 89.19 89.20 89.21 89.29 89.22 89.14 89.15 89.27 89.26 89.26 89.27 89.29 89.32 89.33 89.32 89.32 89.37 89.48 89.55 89.70 90.06 90.09 90.07 90.07 90.10 89.93 90.13 90.01 89.96 89.91 90.15 90.43 90.37 90.39 90.16 90.12 90.00 89.90 89.80 89.70 89.73 89.61 89.59 89.55 89.81 89.89 89.59 89.40 89.46 89.83 89.66 88.71 88.57 88.60 88.73 88.82 88.65 88.75 88.74 88.31 88.44 88.31 88.01 87.92 87.98 87.72 88.04 88.31 88.60 88.22 88.04 87.96 88.02 88.02 88.12 87.97 87.89 87.75 87.74 87.86 87.74 87.77 87.90 87.88 87.88 87.89 87.90 87.96 88.01 88.13 88.10 88.22 88.53 88.83 88.75 88.71 88.68 88.70 88.66 88.73 88.83 88.89 88.95 89.02 88.79 88.85 88.97 88.99 88.91 88.82 88.81 88.85 88.89 88.99 89.11 89.20 89.21 89.14 89.14 89.09 89.04 89.01 88.96 88.98 89.02 89.13 89.74 90.92 91.33 91.06 90.40 90.09 89.96 90.00 89.50 89.25 89.14 89.02 89.08 89.15 89.02 89.05 89.11 89.27 89.45 89.51 89.55 89.58 89.55 89.55 89.54 89.37 89.21 89.14 89.11 89.22 89.29 89.37 89.51 89.71 89.44 89.50 89.46 89.40 89.33 89.29 89.26 89.25 89.13 89.08
89.18 89.21 89.23 89.25 89.26 89.26 89.28 89.30 89.32 89.35 89.37 89.40 89.43 89.46 89.45 89.45 89.47 89.51 89.55 89.57 89.60 89.64 89.68 89.72 89.77 89.84 89.88 89.95 90.06 90.20 90.12 89.96 89.93 89.87 89.99 90.10 90.08 90.03 90.10 90.17 89.91 89.90 89.92 89.93 89.95 89.98 89.95 90.48 90.60 90.68 90.59 90.60 90.52 90.51 90.53 90.49 90.43 90.73 90.83 90.83 90.35 90.70 90.60 90.48 90.83 90.53 90.55 90.51 90.93 90.57 90.87 91.13 91.32 91.33 91.15 90.99 91.03 91.02 90.99 91.09 91.05 91.01 90.83 90.86 90.88 90.78 90.71 90.68 90.73 90.72 90.43 90.43 90.54 90.93 90.47 90.38 90.26 90.21 90.24 90.10 90.33 89.77 89.94 89.66 90.10 90.36 90.43 90.17 90.05 90.07 90.12 90.27 90.55 90.65 90.74 90.70 90.27 90.29 90.21 90.18 90.10 90.09 89.75 89.66 89.73 89.80 89.80 89.64 89.63 89.79 89.72 89.74 89.93 89.95 90.17 90.79 91.63 91.55 91.58 91.56 91.58 90.33 90.19 90.25 90.20 90.35 90.30 90.22 90.19 90.19 90.12 90.00 89.88 89.82 89.77 89.62 89.56 89.61 89.95 90.34 90.87 91.16 90.67 90.09 89.30 89.30 88.97 88.89 88.87 88.87 89.00 89.23 89.77 89.75 89.44 89.22 89.13 89.10 89.12 89.16
89.55 89.63 89.63 89.79 89.51 89.59 89.64 89.69 89.75 89.82 89.88 89.96 90.14 90.18 89.95 89.94 89.98 90.03 90.09 90.15 90.20 90.25 90.27 90.31 90.35 90.40 90.47 90.51 90.53 90.57 90.62 90.79 90.76 90.79 90.91 90.85 90.62 90.66 90.63 90.66 90.85 90.68 90.34 90.40 90.22 90.07 90.14 90.33 90.39 90.27 90.44 90.33 90.57 91.46 91.10 91.32 91.62 91.12 91.60 91.51 91.17 91.30 91.37 91.34 91.35 91.31 91.37 91.37 91.29 91.19 91.30 91.12 90.93 90.95 90.97 91.00 90.94 90.95 90.91 90.93 91.37 90.83 90.65 90.60 90.57 90.59 90.58 90.58 90.55 90.54 90.52 90.54 90.42 90.23 90.01 89.69 89.00 88.27 89.15 89.29 89.80 90.16 90.10 90.24 90.57 90.79 90.94 91.19 91.15 91.02 90.77 91.10 91.24 91.38 91.37 91.46 91.49 91.58 91.55 91.54 91.51 91.56 91.49 91.42 91.40 91.43 91.01 91.05 91.13 91.21 91.28 91.52 91.59 91.70 91.74 91.72 91.70 91.02 90.11 89.89 89.84 89.79 89.76 89.95 90.04 90.06 89.99 90.16 90.27 90.37 90.52 90.61 90.73 90.49 90.62 90.88 91.05 90.69 90.55 90.59 91.10 90.87 90.57 90.57 90.73 90.66 91.13 90.42 89.59 89.24 89.27 89.43 89.60 89.86 90.19 89.47 89.60 89.60 89.38 89.45
89.95 90.00 90.01 90.14 90.12 90.07 90.08 90.12 90.14 90.35 90.20 90.30 90.36 90.39 90.48 90.62 90.51 90.72 90.42 90.68 90.56 90.60 90.57 91.06 91.51 90.43 90.90 91.41 91.21 91.32 91.25 91.25 91.22 91.24 91.29 91.32 91.32 91.30 91.19 91.15 91.16 90.91 91.54 91.65 90.65 90.85 90.83 90.68 90.63 90.91 91.15 90.87 91.60 91.42 91.49 91.70 91.95 90.66 91.34 90.81 91.59 91.34 90.67 91.15 91.17 91.50 91.54 91.47 91.44 91.40 91.36 91.38 91.36 91.37 91.35 91.31 91.34 91.39 91.35 91.12 91.22 91.39 91.11 91.07 91.09 91.31 90.94 91.14 90.96 91.00 91.05 90.92 90.84 90.53 89.66 89.66 89.22 89.73 90.31 90.63 90.55 90.83 90.88 90.97 91.05 91.29 91.10 91.22 90.95 91.24 90.78 91.10 90.92 90.92 90.54 90.43 91.22 91.39 91.68 91.74 91.79 91.77 91.80 91.78 91.83 91.79 91.75 91.80 91.78 91.83 91.77 91.75 91.83 91.82 91.82 91.83 91.90 91.92 91.86 91.86 91.86 91.90 91.56 91.13 91.35 90.74 90.21 90.21 90.22 90.11 90.18 90.31 90.75 91.95 91.80 90.85 90.64 91.24 89.98 90.02 90.70 90.10 89.79 89.64 89.57 89.70 89.54 89.99 89.72 89.68 89.69 89.76 89.90 89.58 89.48 89.62 89.73 89.85 89.85 89.87
90.84 90.53 90.46 90.43 90.33 90.62 90.57 90.95 90.89 90.93 90.90 90.93 91.28 91.08 91.03 91.09 91.19 91.18 91.31 91.16 91.10 91.15 91.10 91.20 91.13 91.27 91.47 91.55 91.39 91.50 91.47 91.49 91.50 91.49 91.49 91.50 91.46 91.48 91.46 91.46 91.45 91.47 91.39 91.24 91.17 90.95 90.40 91.11 90.29 90.57 91.37 91.18 91.01 90.45 90.63 90.86 91.04 90.99 91.14 91.11 91.41 91.59 91.40 91.48 91.67 91.70 91.68 91.71 91.71 91.68 91.64 91.62 91.57 91.58 91.55 91.55 91.52 91.42 91.21 91.23 91.16 91.01 90.95 90.79 91.04 91.23 91.08 91.12 90.91 91.04 91.05 90.98 90.61 90.44 90.30 90.11 89.59 89.18 90.40 91.56 91.93 92.09 92.08 90.92 91.20 91.06 91.10 91.28 90.99 91.33 91.05 91.00 90.94 91.38 91.75 91.57 91.00 90.85 90.41 90.16 90.05 89.64 89.49 90.08 90.72 91.24 91.56 91.55 91.45 91.24 90.64 91.28 91.45 90.78 91.38 91.59 91.90 91.80 91.54 91.42 91.09 91.11 90.86 91.34 91.97 91.92 91.76 91.64 90.90 90.95 91.03 90.20 90.94 91.29 91.29 90.41 90.03 90.13 89.90 89.95 90.05 89.88 89.88 90.16 90.03 89.98 90.13 90.24 90.29 90.27 90.16 90.26 90.50 90.15 90.17 90.24 90.45 90.63 90.73 90.53
91.09 91.20 90.95 91.09 90.89 90.89 91.01 91.67 91.23 91.14 92.05 92.30 91.33 91.50 91.51 91.63 91.41 91.53 91.52 91.35 91.35 91.58 91.59 91.74 91.59 91.66 91.70 91.73 91.70 91.67 91.67 91.65 91.68 91.64 91.21 91.57 91.58 91.56 91.53 91.52 91.47 91.41 91.42 91.43 91.47 91.52 91.44 91.35 91.16 91.04 91.14 90.60 90.45 90.83 91.36 91.45 91.39 91.71 91.85 91.89 91.92 91.90 91.85 91.81 91.78 91.78 91.75 91.55 91.73 91.62 91.49 91.34 91.31 91.14 91.08 91.16 91.08 91.26 91.09 91.11 91.18 91.22 91.31 91.12 91.46 91.22 91.21 91.37 91.20 91.20 91.10 90.78 90.65 90.96 91.11 91.14 91.15 91.16 91.22 91.09 90.92 91.03 91.03 90.98 91.29 91.35 91.35 91.18 91.16 91.04 90.95 90.77 90.29 90.49 90.66 90.09 90.51 90.36 90.12 90.30 90.04 89.97 90.73 91.06 90.88 90.77 91.91 90.46 90.66 90.68 90.80 91.31 91.21 91.08 91.01 90.81 91.14 90.11 89.72 89.28 89.20 89.88 92.14 91.99 92.09 90.89 91.56 90.92 91.70 92.01 91.88 91.81 91.74 91.77 91.87 90.77 89.67 89.63 89.61 89.63 89.61 89.79 90.50 90.38 90.58 89.94 90.02 90.22 90.30 90.30 90.38 90.38 90.42 90.67 90.69 90.77 90.91 90.85 90.91 90.96
92.17 91.09 91.73 91.71 91.60 91.29 91.98 91.71 91.74 91.71 91.29 90.95 91.82 91.26 91.56 91.74 91.69 91.68 91.62 91.50 91.34 90.99 91.98 90.79 91.04 91.86 91.63 91.61 91.63 91.68 91.70 91.70 91.77 91.44 91.37 91.04 91.26 91.62 91.51 91.56 91.56 91.59 91.49 91.54 91.58 91.57 91.58 91.33 91.86 92.61 92.61 92.71 92.68 91.31 91.83 91.84 92.00 92.04 92.06 92.08 92.09 92.07 92.02 91.93 91.97 91.60 91.75 91.93 91.95 91.96 91.91 91.65 91.43 91.56 91.43 91.32 91.24 91.36 91.57 91.20 91.21 91.22 91.26 91.57 91.41 91.65 91.77 91.73 91.62 91.66 91.33 91.29 90.92 91.31 91.28 91.39 91.56 91.58 91.58 91.55 91.59 91.60 91.68 91.63 91.55 91.48 91.62 91.15 91.07 90.91 90.43 90.05 90.32 90.79 91.24 90.94 91.15 91.03 91.13 90.75 90.90 90.50 90.28 90.19 90.54 90.50 90.86 90.89 91.19 91.15 91.11 91.23 91.27 91.38 91.49 91.51 91.49 91.62 91.29 90.91 91.33 89.89 90.08 90.74 90.85 90.90 90.99 91.23 91.82 91.61 91.41 90.51 91.32 91.79 92.08 92.20 91.63 90.61 89.70 90.16 89.90 90.24 90.77 90.85 90.14 90.46 90.92 91.08 90.92 91.31 92.07 91.85 91.47 91.33 91.35 91.29 91.46 91.27 91.31 92.06
92.03 92.07 92.15 92.20 92.25 92.39 92.49 92.43 92.44 92.46 92.47 91.89 91.27 90.97 90.32 90.34 91.03 91.19 92.16 91.41 91.47 91.31 91.11 91.19 92.73 91.73 91.76 91.78 91.67 91.45 91.54 91.44 91.42 91.61 91.53 91.48 91.40 91.70 91.55 91.56 91.69 91.52 91.66 91.57 91.61 91.64 91.36 91.17 91.23 92.04 92.61 92.49 92.74 91.14 91.98 92.10 92.15 92.20 92.14 92.16 92.22 91.93 91.82 91.93 92.04 92.11 92.14 91.99 92.01 91.16 91.45 91.65 91.51 91.68 91.38 91.57 91.41 90.95 90.73 90.58 90.47 91.46 91.44 91.42 91.60 91.62 91.76 91.57 91.81 91.66 92.12 92.03 91.64 91.73 91.72 91.55 91.47 90.83 91.45 91.73 91.86 91.60 91.64 91.65 91.63 91.68 91.32 90.41 90.72 91.07 91.11 91.21 91.22 91.39 91.41 91.32 91.57 91.38 91.51 91.60 91.51 91.72 91.75 91.55 91.67 91.36 90.72 90.96 92.16 92.15 91.19 91.39 91.18 89.97 90.86 91.08 91.20 90.73 90.41 90.77 91.12 90.57 91.43 91.60 91.86 91.88 91.85 91.55 91.55 91.72 92.00 91.91 92.12 91.93 92.60 92.73 92.68 92.41 92.07 91.86 92.10 91.95 91.75 92.08 92.25 92.19 92.19 92.04 91.91 92.31 91.96 92.24 92.15 92.18 91.70 91.69 91.75 91.83 91.48 91.95
91.48 91.55 91.87 92.09 91.69 92.82 92.69 92.45 92.57 92.55 92.51 92.35 91.82 91.92 91.52 91.66 90.62 90.82 91.19 91.65 91.98 91.77 91.49 91.35 91.29 91.88 91.68 91.83 91.47 91.96 91.12 91.20 91.10 91.37 91.40 91.49 91.74 91.75 91.85 91.84 91.90 91.84 91.81 91.86 91.87 92.31 91.67 91.95 91.96 91.93 91.97 92.08 92.09 92.18 92.19 92.14 92.17 92.19 92.01 92.01 91.83 92.18 92.14 92.27 92.16 91.96 91.40 91.43 91.49 91.49 91.45 91.57 91.56 91.76 91.86 92.06 91.89 91.36 90.83 91.11 91.25 91.69 91.66 91.28 91.27 91.05 91.12 91.07 91.34 91.60 91.62 91.75 90.84 91.78 91.86 91.78 91.91 91.91 91.89 91.93 91.88 91.85 91.91 91.83 91.61 91.30 90.58 91.71 91.89 91.78 91.60 91.41 91.50 91.38 91.52 91.03 90.96 91.52 91.90 92.09 92.25 92.13 92.16 92.24 92.22 92.15 91.80 91.40 91.12 91.15 91.61 91.51 91.48 91.44 92.29 91.21 90.00 90.40 90.52 90.67 90.88 90.87 90.48 90.61 91.14 91.59 91.71 91.45 91.90 91.99 91.99 92.07 91.60 89.85 91.96 92.61 92.48 90.46 92.62 92.55 92.49 92.31 92.26 92.19 91.97 91.72 91.49 91.56 90.85 90.59 91.55 92.10 92.07 91.90 91.77 91.61 91.50 91.41 91.63 91.63
92.69 91.45 91.20 91.89 91.91 91.99 92.00 92.47 92.49 92.57 92.60 92.60 92.49 92.38 92.10 91.85 91.57 91.15 91.07 90.80 90.79 90.51 90.85 90.88 91.24 91.20 91.08 90.99 91.45 90.75 90.76 90.77 91.28 92.61 91.23 91.45 91.46 92.07 91.81 91.84 91.93 91.92 91.88 91.89 91.91 91.95 91.91 92.00 92.01 91.95 91.98 92.07 92.10 92.10 92.02 92.16 92.29 92.18 92.24 92.17 91.67 92.02 92.23 92.22 92.00 91.79 93.06 93.05 92.81 91.53 91.69 91.74 91.80 91.98 92.13 91.79 91.47 90.94 91.00 90.69 91.01 91.04 91.39 91.34 91.65 91.55 91.67 91.68 91.66 91.67 91.71 91.86 91.78 91.92 91.86 91.98 91.87 91.82 91.83 91.67 91.67 90.99 90.78 90.82 90.46 91.00 92.22 92.62 92.57 92.21 92.12 91.72 91.75 91.40 91.56 91.45 91.82 91.94 92.20 92.23 92.21 92.20 92.25 92.24 92.18 92.38 92.37 92.49 92.50 92.10 91.41 90.78 91.38 91.58 90.84 90.67 90.56 90.17 90.72 89.95 90.23 90.63 90.65 91.55 91.29 91.23 90.74 91.07 91.51 91.83 92.10 92.18 91.97 92.12 92.23 92.27 92.30 92.24 92.01 92.16 92.12 92.19 92.03 91.83 92.07 92.02 92.04 92.03 91.97 91.59 92.16 91.96 91.91 91.73 91.28 91.80 91.17 91.15 91.23 91.70
91.61 91.23 90.92 91.34 91.37 92.15 92.20 92.53 92.48 92.53 92.52 92.60 92.61 92.61 92.55 92.42 92.32 92.27 92.20 91.93 91.47 91.34 91.41 91.20 91.54 91.46 91.14 91.79 91.68 91.18 90.96 91.26 91.03 91.27 91.45 91.57 91.59 91.65 91.67 91.87 91.90 91.99 92.01 92.02 92.09 92.12 92.08 92.07 92.09 92.07 91.98 91.89 91.81 91.91 92.04 92.15 92.16 92.16 92.06 91.24 92.12 92.31 92.44 92.57 92.05 92.29 92.23 92.22 91.83 91.77 91.97 91.88 91.95 92.07 92.26 92.15 91.72 91.55 91.18 90.85 90.88 91.18 91.98 91.50 91.67 91.71 91.70 91.63 91.39 91.75 91.75 91.79 91.74 91.90 91.71 91.92 92.15 92.00 91.75 91.82 91.59 91.62 91.49 91.38 90.99 91.30 91.14 91.39 91.48 91.36 91.33 91.19 91.30 91.81 92.10 92.50 92.47 92.33 92.18 92.09 92.09 92.26 92.39 92.36 92.47 92.43 92.40 92.45 92.45 92.54 91.68 91.62 91.58 91.48 92.72 91.00 90.95 91.07 91.51 90.41 90.37 90.40 90.90 90.94 91.00 90.58 90.43 91.62 91.34 91.06 91.87 91.77 91.66 92.13 92.11 90.69 91.30 91.49 92.05 91.77 91.18 91.36 92.07 91.74 91.96 92.22 92.09 92.16 92.12 92.08 91.77 91.70 91.53 90.93 91.86 92.06 91.67 91.51 91.15 91.05
91.63 91.60 91.91 91.32 91.04 91.47 91.98 92.06 92.29 92.23 92.46 92.33 92.58 92.51 92.53 92.42 92.49 92.51 92.47 92.07 91.59 91.56 91.30 91.41 91.31 91.45 91.46 91.28 91.22 91.29 91.22 91.36 91.59 91.60 91.57 91.34 91.16 91.49 91.86 91.61 92.01 91.72 91.53 91.91 91.95 91.91 91.73 92.02 91.94 91.91 91.71 91.76 91.95 92.30 92.05 91.45 91.85 92.38 92.26 92.30 92.24 92.23 92.34 92.51 92.77 92.59 92.02 92.62 91.89 92.35 92.14 91.96 92.00 91.89 91.98 92.42 92.54 92.46 92.39 92.05 91.87 91.50 91.60 91.58 91.61 91.65 91.78 91.78 91.79 91.75 91.73 91.75 91.86 91.79 91.84 91.65 91.79 91.86 91.70 91.94 91.97 91.69 91.76 91.94 91.80 91.53 91.34 91.09 91.12 90.88 91.37 91.50 91.84 92.35 92.67 92.72 92.73 92.56 92.40 92.33 92.29 92.25 92.31 92.34 92.53 92.59 92.50 92.47 92.50 92.54 92.38 91.86 91.75 92.01 91.62 91.17 90.90 91.08 90.93 90.11 91.92 90.72 91.34 91.25 91.23 90.92 90.76 90.57 90.31 90.74 91.17 91.57 91.39 91.46 91.80 92.12 92.34 92.35 92.11 92.00 91.53 91.63 91.83 91.82 91.70 90.86 90.81 91.18 91.67 91.94 92.07 92.13 91.96 92.21 92.18 91.31 91.77 91.87 91.81 91.96
92.32 91.38 91.01 91.61 91.91 92.09 92.07 91.43 91.54 91.74 91.31 91.55 92.07 91.54 92.91 91.64 92.02 91.97 92.42 92.20 92.12 92.08 92.09 91.50 91.32 91.12 92.05 91.82 91.28 91.40 91.84 92.13 92.15 92.04 92.00 91.72 91.38 91.58 91.50 91.47 91.89 91.20 91.64 91.93 91.67 90.68 92.14 92.29 92.32 92.26 92.23 92.36 92.33 92.03 91.62 92.50 92.50 92.31 92.50 92.49 92.42 92.28 92.37 92.44 92.65 92.86 92.69 92.21 92.76 92.77 92.64 92.42 91.62 92.30 92.47 92.06 92.04 92.14 92.01 91.75 90.87 90.90 91.60 91.86 91.64 91.56 91.44 91.72 91.86 91.83 91.89 91.81 91.83 91.99 91.90 91.95 91.91 91.74 91.87 91.98 92.04 91.91 91.83 91.81 91.24 91.81 91.71 91.73 91.74 91.85 91.96 92.02 92.12 92.29 92.51 92.54 92.15 92.09 92.13 91.91 92.91 92.52 91.98 92.22 92.39 92.46 92.61 92.68 92.44 92.63 92.87 92.70 90.63 92.56 92.44 92.25 91.14 91.34 91.33 91.74 90.95 90.86 90.78 90.89 90.97 90.88 90.88 90.65 90.89 90.81 91.09 91.07 91.14 91.25 91.30 92.26 92.70 92.66 92.65 92.55 92.40 92.19 92.00 91.80 91.74 91.40 91.00 91.24 91.36 90.36 91.16 91.88 92.01 91.76 90.76 91.12 91.34 92.18 92.21 92.17
92.43 91.98 91.79 92.06 92.11 91.94 90.69 91.41 91.61 91.37 91.85 91.40 91.63 90.82 91.80 92.13 91.94 92.07 91.80 92.06 92.21 92.23 91.98 91.84 91.03 91.45 91.64 91.69 92.06 91.44 91.65 92.26 92.33 92.05 92.28 92.09 91.60 91.11 90.96 91.11 91.41 91.98 92.25 92.23 92.16 91.85 92.31 92.42 92.56 92.55 92.55 92.56 92.59 92.61 92.38 92.22 92.33 92.17 92.44 92.54 92.29 92.01 92.56 92.51 91.89 92.85 91.86 92.54 92.76 91.49 91.84 92.48 92.95 92.30 92.72 92.18 92.21 91.95 91.74 91.76 91.19 91.32 91.64 91.41 91.46 91.88 91.72 91.67 92.05 90.87 91.75 91.98 92.05 91.95 92.31 91.77 91.69 91.72 92.58 91.65 91.57 91.97 91.82 91.84 91.91 91.95 91.92 91.84 91.82 92.12 92.19 92.37 92.42 92.42 92.28 91.94 91.98 92.08 91.73 91.27 91.32 91.36 92.04 92.41 92.72 92.80 92.85 92.80 92.86 92.96 92.82 92.81 92.61 92.48 92.53 92.33 91.85 90.77 90.23 90.56 92.49 92.33 90.31 90.34 91.71 90.69 90.82 90.17 90.82 91.21 90.72 90.80 91.33 91.96 92.21 92.38 92.53 92.48 92.57 92.56 92.55 92.49 92.40 92.27 91.90 91.60 91.27 91.21 91.41 91.21 92.14 90.58 91.35 91.57 91.26 91.90 92.10 91.93 92.18 92.31
92.30 92.33 92.46 92.66 92.34 91.16 91.58 91.43 91.01 91.08 91.19 92.62 91.14 91.28 90.89 90.97 91.64 92.07 91.67 91.54 92.57 91.59 91.64 91.62 90.89 91.53 91.78 91.75 91.71 90.92 90.39 92.29 92.09 92.18 92.16 91.88 92.01 91.51 91.32 91.38 91.18 91.75 91.97 92.09 92.17 91.92 91.48 91.41 92.20 92.58 92.60 92.64 92.53 92.51 92.32 91.73 91.57 91.59 91.35 91.21 91.83 92.90 92.15 91.59 92.75 93.02 92.91 92.05 93.80 90.23 93.13 92.11 91.76 92.37 92.02 92.75 92.90 92.72 92.46 92.95 92.97 92.37 91.74 91.81 92.02 91.77 91.83 91.59 91.54 91.85 91.92 92.00 91.73 91.42 91.44 91.37 91.39 91.48 91.89 91.47 91.20 91.34 91.32 91.38 91.36 91.95 91.98 92.14 92.27 92.38 92.48 92.58 92.67 92.72 92.64 92.42 92.52 92.52 92.63 92.40 92.31 92.49 92.80 92.98 93.10 93.09 93.10 93.10 93.10 93.28 92.97 92.91 92.78 92.89 92.84 92.78 92.73 92.38 90.64 91.72 92.55 92.76 90.91 91.12 91.66 91.48 91.12 90.89 90.85 91.23 91.69 91.85 91.98 91.74 92.13 91.95 92.37 91.90 91.11 91.35 92.43 92.53 92.48 92.24 91.87 91.60 91.34 91.33 91.43 91.34 91.03 90.89 91.38 91.46 92.31 91.39 91.39 91.50 91.79 92.23
92.39 92.41 92.51 92.56 92.08 92.03 91.96 91.57 91.39 91.89 91.85 91.74 91.58 91.69 91.35 91.58 92.05 91.99 91.99 91.93 91.43 90.74 90.74 92.55 90.69 91.58 91.90 91.91 91.88 91.61 91.39 92.20 92.18 92.07 92.20 91.91 91.66 91.39 91.01 90.90 91.02 90.90 90.84 91.05 91.81 91.50 91.33 91.69 92.19 92.41 92.60 92.62 92.63 92.25 91.85 90.99 91.34 90.89 91.20 92.71 91.71 93.02 93.12 92.76 91.81 94.34 94.25 94.50 94.18 94.21 94.23 93.37 91.37 92.01 92.88 92.30 92.22 92.80 92.69 92.63 92.22 91.96 92.09 92.07 91.98 91.84 91.84 91.60 91.71 91.42 91.68 91.87 92.09 91.78 91.87 92.22 92.79 91.88 91.84 91.92 91.89 91.81 91.21 91.36 91.19 91.45 92.15 92.24 92.42 92.57 92.68 92.75 92.88 92.97 92.96 93.03 93.09 93.14 93.17 93.40 93.78 93.94 94.03 94.19 94.42 94.02 93.71 93.67 94.40 93.39 93.14 93.09 93.01 92.87 92.98 92.94 91.77 92.51 92.40 92.11 91.94 91.77 91.90 91.93 90.80 91.27 91.41 91.40 91.76 92.04 92.35 92.35 92.79 92.60 91.96 92.15 92.32 91.09 91.27 92.54 92.31 92.13 91.98 92.02 91.66 91.53 91.70 91.89 92.12 91.92 91.90 91.28 91.98 91.62 91.40 91.48 91.71 92.08 92.12 92.33
92.45 92.13 92.20 92.65 92.81 91.51 92.23 92.34 92.32 92.14 92.25 91.80 91.59 91.95 91.94 91.93 91.66 92.01 91.93 92.02 91.90 91.23 90.87 92.00 91.57 91.84 92.69 91.80 91.98 91.79 92.10 91.99 92.00 92.14 92.06 92.05 92.01 91.22 90.90 90.87 90.75 90.90 91.39 91.60 91.82 91.96 92.10 92.04 92.65 93.03 91.72 91.79 92.08 91.85 91.96 92.41 92.25 91.55 91.45 92.30 91.72 93.07 93.13 93.20 95.08 94.71 94.30 94.31 94.37 94.41 94.39 94.11 93.37 93.11 92.62 92.50 92.71 92.89 92.39 92.57 92.70 92.58 92.48 92.32 92.12 92.77 92.21 91.88 92.02 92.06 91.78 91.71 91.59 92.04 91.50 91.34 91.68 91.78 91.87 91.74 91.89 91.97 91.52 90.72 92.02 91.77 91.97 92.26 92.37 92.43 92.76 92.86 93.01 93.11 93.16 93.30 93.81 94.10 94.91 95.91 96.71 97.31 97.56 97.67 97.73 97.10 96.87 96.99 97.03 96.89 95.56 93.40 93.39 93.76 92.96 93.06 93.08 92.94 92.15 92.17 92.32 91.90 91.99 91.63 91.79 92.40 91.69 91.69 91.79 91.54 91.84 92.19 92.50 92.65 92.97 92.41 92.30 90.89 92.58 92.27 92.42 92.45 92.46 92.18 91.93 91.89 91.57 91.94 91.33 91.92 92.13 91.49 90.89 90.89 91.50 92.07 92.13 92.22 92.41 92.45
92.39 92.26 91.96 92.06 92.54 92.41 92.31 91.60 92.48 92.08 91.76 92.01 91.88 92.10 91.96 91.86 91.95 91.28 91.81 91.89 91.69 91.32 90.84 90.65 90.30 91.61 91.25 91.65 91.95 91.95 91.83 92.02 91.74 91.59 91.84 91.56 91.61 91.47 91.19 90.39 90.36 90.18 90.59 91.66 91.85 92.03 92.11 91.75 92.72 92.97 91.65 91.66 91.17 90.87 91.86 92.71 92.83 92.80 92.06 91.46 91.37 91.57 93.15 94.07 94.66 94.17 94.49 94.35 94.35 94.34 94.35 94.43 93.39 93.43 93.74 94.49 92.71 92.76 92.50 92.53 92.65 92.58 92.26 92.09 91.87 92.31 91.66 91.80 92.03 92.01 91.97 92.03 92.14 92.21 91.94 91.55 91.68 91.77 91.85 91.45 92.01 91.72 91.39 91.84 91.70 91.86 92.17 92.42 92.59 92.61 92.93 93.02 93.05 93.23 93.46 94.17 94.97 96.02 97.02 98.05 98.36 98.76 98.89 98.85 99.02 99.05 98.93 98.93 98.83 98.65 98.93 98.42 95.04 94.96 93.88 93.16 92.77 91.79 90.92 92.57 92.29 91.71 92.54 91.60 91.09 91.37 91.75 92.30 92.08 92.15 92.47 92.50 92.40 92.31 91.74 92.31 92.34 92.45 92.39 92.41 92.36 91.91 92.07 92.41 92.37 92.18 91.70 92.36 92.02 92.33 91.99 91.60 92.01 91.43 91.54 91.84 91.96 92.18 92.25 92.37
91.60 91.85 91.72 92.11 92.70 92.83 92.90 92.33 92.36 91.43 91.89 91.47 91.44 91.29 91.61 91.42 91.34 91.39 90.63 90.90 91.24 91.53 90.73 90.56 91.25 91.02 91.40 91.95 91.93 91.92 91.73 91.96 91.63 90.35 90.35 90.51 90.87 90.87 90.93 90.40 90.20 90.28 90.47 91.38 91.73 91.91 91.94 91.93 91.86 91.75 91.57 91.24 90.74 90.52 90.81 91.27 92.29 92.35 91.72 91.50 92.91 93.04 93.12 93.28 94.21 94.93 94.42 94.47 94.36 94.65 94.70 94.16 93.71 92.86 93.11 92.51 92.48 92.74 92.47 92.56 92.56 92.52 92.32 92.01 92.01 91.61 91.76 92.86 92.35 92.05 91.81 91.99 92.50 92.49 92.05 91.74 91.17 92.17 91.53 91.51 91.47 91.47 91.75 92.09 92.16 91.82 91.75 92.44 92.60 92.78 92.56 92.93 93.20 93.65 94.92 96.05 97.05 97.66 98.39 98.76 99.19 99.26 99.19 99.17 98.49 98.99 99.05 99.11 99.04 99.01 99.03 99.03 98.88 98.36 96.38 94.82 93.12 92.71 92.95 92.68 92.85 92.37 91.47 92.02 92.17 91.24 91.94 91.72 92.21 92.34 91.71 92.18 92.17 92.13 92.00 92.37 92.21 92.03 91.69 91.70 90.44 91.29 92.06 91.89 91.61 92.14 92.47 92.65 92.17 92.67 92.60 92.37 92.33 91.89 91.46 91.03 91.23 91.47 91.83 91.99
91.40 91.90 91.67 91.62 92.24 92.69 92.15 91.68 92.18 91.80 91.51 91.63 90.58 91.97 90.80 91.05 90.17 90.42 91.23 91.01 91.52 90.88 91.26 91.58 91.53 91.91 91.32 91.69 91.87 91.84 91.85 91.85 91.91 91.09 90.89 91.04 91.34 91.40 91.39 91.09 90.64 90.51 90.89 91.01 90.86 91.53 91.54 91.63 91.41 91.45 91.10 90.92 90.53 90.52 90.43 90.80 91.15 91.09 91.65 92.08 91.12 92.73 92.43 93.09 93.08 94.50 94.89 94.82 94.70 94.87 94.77 94.37 93.97 92.90 93.07 93.05 92.55 92.50 92.34 91.86 92.46 92.27 92.19 92.15 91.84 91.89 91.65 91.90 92.20 92.09 92.19 92.20 92.62 92.16 91.95 91.22 91.56 91.41 91.72 92.27 91.53 91.14 91.39 91.72 92.52 92.52 92.15 92.43 92.74 92.68 92.55 92.77 93.11 93.42 96.96 98.55 98.90 99.26 99.22 99.16 98.86 99.05 99.24 99.21 99.00 98.77 98.57 98.91 99.05 98.97 98.99 98.83 98.86 98.78 98.25 96.92 95.26 93.36 93.06 92.97 92.92 92.85 92.43 92.06 92.56 92.54 92.05 92.40 92.35 92.35 92.36 91.82 91.64 92.02 91.62 91.92 91.97 91.38 91.00 91.72 92.41 92.50 91.65 91.55 92.03 92.51 92.39 92.54 92.68 92.60 92.56 92.51 91.76 91.76 91.47 92.00 91.69 91.54 91.91 91.78
91.95 92.03 91.88 91.93 92.18 92.14 92.25 92.28 92.38 91.62 91.37 91.93 91.41 91.20 91.29 91.30 92.20 91.21 91.62 91.74 91.50 91.78 92.29 91.39 91.76 91.98 91.82 91.69 91.70 91.65 91.51 91.61 91.53 91.32 91.33 91.29 91.32 91.36 91.47 91.49 91.15 91.04 91.23 91.13 91.09 91.32 91.32 91.09 90.90 90.69 90.60 90.59 90.53 90.00 89.79 91.01 91.45 91.59 91.96 92.22 92.48 92.44 92.73 92.82 92.75 93.51 94.13 96.24 95.91 95.23 94.98 94.62 93.36 93.14 93.02 93.10 92.41 92.38 92.34 92.95 92.05 92.25 91.99 91.94 91.87 91.77 91.77 92.25 92.23 92.14 92.03 92.11 92.29 92.10 91.89 91.98 91.61 91.64 91.58 92.28 90.68 91.40 91.60 91.67 92.26 91.64 92.23 92.43 92.60 92.62 92.69 92.62 93.12 94.79 98.59 98.94 99.26 99.23 99.14 99.28 99.22 99.29 99.20 99.22 99.12 99.29 99.21 98.87 98.87 99.15 98.97 98.89 98.90 98.79 98.23 97.84 96.15 93.94 93.16 93.05 92.92 92.99 91.23 92.56 92.59 92.35 92.48 92.23 92.04 92.40 92.10 91.88 92.12 91.88 91.96 91.62 91.39 91.48 90.91 90.11 91.38 91.21 91.76 92.53 92.61 92.54 92.08 92.64 92.21 92.27 92.52 92.44 91.76 91.80 91.79 90.98 91.04 91.67 91.86 91.77
92.44 91.72 92.54 92.19 92.43 92.14 92.24 92.21 91.99 91.75 91.37 91.44 91.25 91.03 91.40 91.43 91.82 91.89 91.76 91.73 91.21 91.45 91.65 91.66 91.36 91.71 91.82 91.82 91.12 91.44 91.29 91.57 91.61 91.09 91.24 91.23 91.26 91.38 91.58 91.68 91.06 90.80 89.68 89.76 90.67 91.11 90.94 90.68 90.72 90.41 90.28 90.29 90.18 90.28 90.32 91.13 91.23 91.36 91.51 91.90 91.88 91.97 92.36 91.91 92.99 92.91 93.23 93.33 93.56 93.70 93.45 93.44 93.01 93.15 93.07 92.53 92.45 92.59 92.49 92.58 92.39 93.14 91.97 92.17 92.03 92.02 91.88 92.29 92.26 92.02 91.94 92.09 92.15 92.07 92.04 91.79 91.96 91.76 92.06 91.58 91.50 91.62 91.44 90.99 91.05 91.41 92.13 92.68 92.33 92.49 92.59 92.64 93.26 96.70 98.86 99.29 99.27 99.20 99.26 99.28 99.25 99.29 99.22 99.27 99.28 98.94 99.08 99.03 99.19 99.07 98.92 98.91 98.76 98.44 97.23 97.09 96.21 94.50 93.21 93.15 93.06 93.09 92.93 92.89 92.75 92.62 92.46 92.31 92.31 92.77 92.53 92.40 92.34 92.01 91.96 91.65 91.35 91.33 91.41 91.43 91.19 91.30 92.00 92.66 92.77 92.72 92.61 92.52 92.21 92.39 92.38 92.49 91.18 91.99 92.03 92.62 91.69 91.94 92.23 92.18
92.57 92.51 92.53 92.78 92.65 92.07 92.17 92.06 92.57 92.79 93.12 93.03 92.20 91.49 91.77 91.62 91.17 91.46 91.11 91.51 91.13 91.71 91.66 91.65 91.44 90.52 91.11 91.31 91.56 91.06 90.92 91.21 91.02 91.03 90.78 91.11 91.19 91.38 91.43 89.12 88.77 88.57 86.53 86.23 86.32 88.96 88.95 88.95 89.83 90.23 89.90 90.32 90.03 90.23 90.19 90.26 90.36 90.93 91.81 91.67 91.29 90.68 92.08 92.57 92.55 92.91 92.91 93.05 93.24 93.28 93.27 93.03 93.14 92.81 92.85 92.86 92.73 93.20 92.68 92.34 92.53 92.44 92.14 92.15 91.98 91.98 92.05 92.36 92.36 92.23 92.00 92.17 91.92 91.97 92.07 91.58 91.40 91.91 91.86 91.73 91.37 91.44 90.92 90.65 92.28 91.56 91.96 92.42 92.45 92.47 92.63 92.81 93.22 96.77 98.50 99.29 99.20 98.99 99.28 99.29 99.26 99.25 99.27 99.26 99.26 98.96 99.16 99.23 99.13 99.20 99.08 98.89 98.20 97.48 97.09 96.70 95.64 94.24 93.50 93.17 93.35 92.77 92.63 92.83 91.97 92.17 92.49 92.57 92.61 92.58 92.50 92.47 92.49 91.96 91.82 91.76 91.51 91.90 91.88 91.65 91.57 91.51 92.13 92.45 92.56 92.47 92.54 92.47 91.80 92.22 92.23 91.51 91.41 92.13 92.05 92.08 92.18 92.37 92.52 92.24
92.43 92.56 92.32 91.99 92.70 91.92 92.38 92.27 91.58 91.98 92.91 92.91 91.82 91.49 92.10 91.82 92.07 91.58 91.83 91.91 92.06 91.32 92.07 92.07 91.80 91.81 91.57 91.29 91.44 91.32 91.19 89.11 90.34 90.80 90.81 91.01 91.17 91.14 90.34 90.19 89.53 88.08 87.69 87.79 88.22 88.36 88.24 88.53 87.85 89.10 89.92 89.95 89.98 90.09 90.27 90.30 90.56 90.92 91.01 91.53 91.53 91.69 91.21 91.44 92.14 91.54 92.62 93.16 93.10 93.09 93.10 93.10 92.90 92.82 92.90 92.83 92.78 92.65 92.54 92.56 92.52 92.50 92.36 92.23 92.20 91.98 92.31 92.50 92.25 92.19 92.40 92.43 92.36 91.96 92.09 91.80 91.80 91.75 91.71 92.08 91.45 91.61 91.23 91.35 91.25 91.19 91.91 92.32 92.51 92.53 92.52 92.91 93.26 95.25 98.36 99.29 99.21 99.22 99.22 99.25 99.26 99.29 99.27 99.26 99.27 99.15 99.28 99.22 99.27 99.12 98.96 98.47 97.68 97.19 96.42 95.91 95.51 94.90 93.44 93.02 92.96 92.52 92.59 92.49 92.51 92.67 92.68 92.64 92.01 92.54 92.58 92.64 92.46 92.32 91.99 92.22 91.99 91.71 92.24 92.10 91.81 91.67 91.69 91.90 92.23 92.34 92.66 92.53 92.28 92.23 92.37 92.20 92.48 92.40 92.42 92.17 92.30 92.48 92.60 92.69
92.70 92.55 92.57 92.26 92.97 92.81 92.54 91.82 91.31 90.63 90.31 91.31 91.20 92.08 92.42 92.39 92.39 92.39 92.24 92.16 92.14 92.12 91.78 92.00 91.67 91.28 91.38 90.89 90.76 91.32 91.21 90.24 90.41 89.74 90.53 89.54 90.20 88.07 88.21 90.16 88.01 87.12 88.60 88.64 88.53 88.48 88.71 89.51 88.81 88.78 88.54 89.23 89.91 90.44 90.44 90.58 90.46 91.08 91.21 91.01 90.99 91.78 91.76 92.10 92.45 92.34 92.73 92.86 91.71 92.96 92.79 92.84 92.88 92.93 92.86 92.77 92.70 92.69 92.70 92.55 92.36 92.24 91.97 92.95 92.27 92.08 92.08 92.00 92.41 92.20 92.32 92.44 92.41 92.23 91.80 92.08 91.73 91.64 92.02 91.97 91.39 91.35 91.19 91.37 91.56 91.52 92.75 92.01 92.43 92.59 92.62 92.68 92.97 94.82 96.67 99.10 99.25 99.08 98.72 99.29 99.28 99.29 99.20 99.27 99.19 99.24 99.20 99.24 99.22 99.18 99.05 98.15 97.00 96.49 95.72 95.25 94.40 93.45 93.21 93.05 92.66 92.76 92.40 92.43 92.31 92.42 92.64 92.66 92.63 92.53 92.66 92.56 92.49 92.44 92.31 92.34 92.50 92.35 92.25 91.60 91.93 91.86 91.43 91.40 92.09 92.25 92.63 92.33 92.35 92.46 92.58 92.56 92.53 92.52 92.36 92.19 92.71 92.79 92.71 92.92
92.68 92.96 92.57 91.97 92.50 91.96 91.80 92.04 91.42 90.65 90.50 91.38 92.06 92.22 92.36 92.28 92.39 90.99 92.17 92.12 92.05 91.85 91.82 91.66 91.14 91.40 91.20 91.06 90.49 90.65 90.32 90.18 90.29 89.99 90.14 90.33 89.57 87.98 88.10 88.04 87.42 88.59 89.38 89.25 88.90 89.20 88.99 89.07 89.37 89.43 89.22 88.26 89.14 90.30 90.67 90.88 90.88 90.90 90.92 91.02 91.21 91.39 91.37 92.37 92.32 91.77 92.02 92.36 92.29 92.83 92.76 92.82 92.73 92.52 92.62 92.73 92.73 92.72 92.83 92.66 92.40 92.14 92.30 92.16 92.24 91.94 91.83 91.98 92.11 92.17 92.22 92.38 92.31 91.92 91.95 91.92 92.14 92.30 91.73 91.59 91.61 91.01 91.15 91.52 91.72 91.67 91.72 92.09 92.51 92.44 92.41 92.52 92.77 92.92 94.19 96.61 99.29 99.23 98.98 98.89 99.28 99.29 98.70 98.96 99.22 99.24 99.24 99.19 99.22 99.13 98.51 96.27 95.21 95.20 94.76 94.17 94.38 93.43 93.38 93.33 92.80 92.64 91.96 92.41 92.21 92.34 92.46 92.52 92.62 92.67 92.57 92.41 91.86 91.86 91.97 92.24 91.97 91.78 92.10 92.28 92.07 91.76 92.11 92.32 92.18 92.19 92.04 92.25 92.21 91.80 92.58 92.65 92.44 92.39 92.52 92.58 92.90 92.81 92.58 92.09
92.73 92.78 91.97 91.83 92.01 91.18 91.60 90.66 90.70 91.30 91.25 91.51 92.13 92.26 92.47 92.19 92.39 92.41 92.12 92.11 91.39 91.86 91.79 91.76 91.46 91.18 91.19 90.99 90.76 90.46 90.29 89.41 89.84 89.60 89.24 89.45 88.72 87.64 87.46 86.69 86.97 88.64 89.59 89.15 89.95 89.25 90.23 90.31 90.02 90.06 89.40 88.37 87.47 89.29 90.27 90.87 90.84 90.91 90.95 90.94 91.33 91.76 91.58 92.33 92.40 92.44 92.42 92.41 92.35 92.22 92.39 92.71 92.67 92.52 92.76 92.54 92.82 92.68 92.65 92.71 92.56 92.40 92.54 92.30 92.25 92.13 92.08 91.98 91.98 92.06 92.11 91.82 92.04 92.20 91.99 92.10 91.89 92.12 91.84 91.32 91.49 91.30 91.04 91.26 91.53 91.64 91.64 91.57 92.18 92.42 92.29 92.25 92.06 92.34 92.79 93.79 97.75 99.01 99.28 99.14 99.14 98.83 99.15 99.20 99.27 99.27 99.18 99.17 98.43 97.32 96.57 94.85 93.75 93.63 93.53 93.51 93.95 93.65 93.24 93.19 93.01 92.66 92.41 92.32 92.20 92.15 92.30 92.27 92.36 92.47 92.44 92.24 92.11 91.93 91.41 91.31 91.42 91.38 92.02 91.64 91.98 92.21 91.78 92.05 91.93 91.87 92.20 92.32 92.48 92.15 92.29 92.62 92.06 92.48 92.49 92.61 92.70 92.57 92.34 92.30
92.68 92.14 92.03 91.97 91.35 91.44 90.91 91.37 91.50 91.35 91.54 91.58 91.94 92.18 92.41 92.39 92.39 91.97 91.85 92.11 91.73 91.79 91.71 91.64 91.44 91.37 91.16 90.95 90.61 90.28 89.98 89.81 89.75 89.11 88.94 89.55 88.62 87.43 87.59 86.69 87.78 88.69 89.11 89.75 90.01 90.25 90.27 90.50 90.49 90.62 89.61 88.37 88.81 88.93 89.09 89.05 90.50 91.08 91.07 91.40 91.78 92.12 92.32 92.36 92.48 92.44 92.49 92.59 92.53 92.49 92.56 92.99 92.52 92.35 92.46 92.49 92.56 92.63 92.74 92.72 92.74 92.67 92.53 92.54 92.42 92.14 91.90 91.76 91.95 92.00 92.00 92.08 91.84 92.05 92.11 92.02 92.08 91.97 91.93 91.53 91.49 91.94 91.64 91.45 91.71 91.87 91.95 91.67 92.20 92.39 92.55 92.25 92.54 92.48 92.93 92.91 93.76 94.62 95.40 98.78 99.17 99.25 99.12 99.24 99.17 99.21 98.98 98.54 95.55 93.79 94.97 94.39 93.40 93.37 93.30 93.12 93.11 93.23 93.20 93.08 93.04 92.41 92.46 92.25 92.32 91.99 92.12 92.10 92.12 92.19 92.29 92.11 91.93 91.94 91.60 91.53 92.11 91.33 91.15 90.96 92.06 92.34 92.57 92.15 92.30 92.42 92.52 92.45 92.48 92.36 92.25 92.43 92.17 92.40 92.39 92.22 92.40 92.51 92.48 92.44
92.66 92.14 90.86 91.95 91.34 91.17 91.70 91.26 91.61 91.43 91.43 91.64 92.16 92.31 92.39 92.35 92.32 91.32 92.18 92.14 91.94 91.71 91.69 91.57 91.48 91.31 91.14 90.83 90.48 90.19 89.91 89.56 89.34 89.29 89.25 88.40 88.45 87.92 86.38 85.37 87.69 88.87 89.33 89.66 90.03 90.34 90.53 90.67 90.77 90.77 90.72 90.57 89.83 89.85 89.74 88.95 89.27 89.82 91.03 91.34 91.84 92.37 92.47 92.43 92.58 92.46 92.34 92.44 92.60 92.58 92.67 92.83 92.68 92.43 92.61 92.78 92.64 92.62 92.82 92.79 92.76 92.77 92.62 92.68 92.27 92.24 92.11 91.92 91.81 91.98 92.03 92.10 92.20 92.14 92.11 92.03 92.06 91.63 91.97 91.63 92.07 92.12 91.85 91.84 92.08 92.17 92.24 92.16 91.65 92.35 92.11 92.52 92.61 92.68 92.22 92.40 93.07 93.01 93.46 93.47 94.46 94.48 96.19 98.23 96.99 97.32 95.64 96.25 93.72 93.27 93.13 93.01 93.16 93.22 93.14 93.00 93.06 93.05 93.02 92.78 92.75 92.56 92.38 92.27 92.24 92.11 92.09 92.15 92.14 92.18 92.21 92.02 92.00 91.58 91.81 91.39 90.90 91.16 91.87 90.89 91.87 92.25 92.38 91.98 92.41 91.71 92.37 92.50 92.32 92.21 92.35 92.25 92.07 92.18 92.20 92.39 92.27 92.39 92.49 92.60
92.42 92.08 92.03 91.97 91.44 91.33 91.89 91.02 91.48 91.81 91.71 92.04 92.00 92.14 92.39 92.20 92.39 91.67 92.16 91.64 91.67 91.68 91.56 91.53 91.33 91.21 91.06 90.92 90.44 90.10 89.74 89.40 88.97 88.99 88.81 89.01 89.24 87.71 87.39 85.65 87.97 88.91 89.31 89.75 90.13 90.44 90.66 90.81 90.91 91.07 91.05 91.12 90.86 90.22 90.22 90.33 90.64 90.62 90.52 90.52 90.28 91.88 92.49 92.51 92.48 92.50 92.57 92.68 92.55 92.48 92.51 92.84 92.90 93.02 92.78 92.57 92.75 92.77 92.88 92.87 92.86 92.85 92.79 92.63 92.54 92.34 92.40 92.42 92.11 92.01 91.97 92.16 92.17 91.81 91.96 92.07 92.08 91.83 91.82 91.81 92.06 92.23 91.79 92.03 92.22 92.11 92.33 91.82 91.43 91.68 92.23 92.27 92.48 92.33 92.29 92.36 92.32 93.04 93.01 93.10 93.18 93.25 93.34 93.40 93.49 93.94 94.56 94.01 93.75 93.26 93.02 93.15 93.14 93.07 92.88 92.97 91.49 93.01 93.00 91.97 92.44 92.18 92.11 92.11 92.13 92.15 92.15 92.15 92.07 92.03 92.00 91.77 91.31 91.20 91.07 91.36 91.94 91.00 91.09 91.74 91.40 91.83 92.26 92.24 92.55 91.85 92.42 92.21 92.39 92.49 92.42 92.29 91.93 91.72 91.77 92.12 92.13 92.18 92.47 92.51
92.48 91.91 92.23 92.00 91.93 91.91 92.04 92.34 91.86 92.16 91.99 92.46 92.46 92.39 92.47 92.30 92.34 92.00 91.66 92.07 91.73 91.59 91.53 91.39 91.26 91.04 90.88 90.70 90.30 89.82 89.46 89.14 88.86 88.67 88.60 87.86 88.30 88.70 87.39 87.77 88.26 88.85 89.39 89.78 90.02 90.31 90.50 90.75 90.91 90.93 91.11 91.17 90.88 90.48 89.54 90.31 90.64 90.82 90.82 90.67 89.89 91.21 92.31 92.36 92.46 92.47 92.46 92.04 92.25 92.36 92.41 92.44 92.75 93.09 93.16 92.84 92.91 92.96 93.04 92.92 92.92 92.87 93.01 92.81 92.90 92.54 92.60 92.61 92.58 92.07 92.37 92.27 92.45 91.74 92.12 92.08 92.09 91.69 91.36 92.03 92.05 91.94 92.01 92.05 91.92 91.56 91.95 91.34 91.14 91.50 91.78 91.88 92.21 92.07 92.45 92.76 92.54 92.90 93.00 93.07 93.13 93.08 93.04 93.33 93.11 93.59 93.34 93.05 92.98 92.90 92.98 92.85 92.84 92.96 92.85 92.35 92.28 92.54 91.80 92.22 92.10 91.93 91.79 91.84 91.93 91.99 92.22 92.03 91.97 91.85 91.80 91.61 91.25 90.85 91.01 91.29 91.65 91.24 90.71 91.17 91.06 91.48 91.88 92.26 91.95 91.98 92.36 91.96 92.23 92.36 92.34 92.01 91.71 92.20 92.26 92.09 92.21 92.52 92.68 92.46
92.43 92.45 92.02 92.03 91.96 92.06 92.26 92.38 92.48 92.55 92.53 92.50 92.62 92.67 92.47 92.58 91.43 91.71 92.13 91.77 91.76 91.49 91.48 91.37 91.18 90.89 90.65 90.29 89.88 89.48 89.12 88.71 88.49 88.37 88.44 88.36 87.46 87.88 87.34 87.64 88.20 88.83 89.21 89.50 89.77 90.02 90.28 90.53 90.81 90.97 91.24 91.23 91.22 90.86 90.08 90.27 90.61 90.63 90.59 90.22 89.49 91.42 92.19 92.24 91.99 92.16 92.37 92.07 92.38 92.35 92.21 92.56 92.66 92.96 93.03 93.10 92.88 92.95 92.89 92.98 92.98 92.93 92.95 93.06 92.88 92.69 92.75 92.81 92.73 91.90 92.43 92.27 92.48 92.49 92.52 92.15 92.07 92.83 91.92 91.62 91.79 91.59 91.37 91.23 91.51 91.92 91.20 91.15 90.84 91.44 91.69 92.10 91.99 91.66 91.62 91.87 92.36 92.54 92.70 92.83 93.03 92.90 93.03 93.12 93.12 93.29 93.10 92.89 92.90 92.82 92.59 92.62 92.73 92.80 92.26 91.79 91.19 91.38 91.75 92.05 91.86 91.67 91.36 91.51 91.81 91.91 91.97 92.05 91.80 91.74 91.68 91.61 91.80 91.67 91.74 91.22 91.69 91.24 90.86 91.21 90.81 91.64 91.85 92.08 92.08 92.23 92.15 92.26 92.19 92.60 92.17 92.80 92.15 92.22 92.29 92.24 92.09 92.57 92.78 92.45
92.27 92.36 92.03 92.04 92.02 92.03 92.30 92.77 92.57 92.51 92.41 92.45 92.53 92.40 92.50 92.57 92.28 91.98 92.01 91.81 91.63 91.45 91.39 91.23 91.04 90.81 90.40 89.90 89.34 88.89 88.56 88.18 87.95 87.92 88.09 87.55 87.75 86.97 87.13 87.69 88.11 88.57 88.85 89.13 89.46 89.69 90.04 90.28 90.56 90.78 90.93 91.13 91.18 90.78 90.28 90.58 90.17 90.48 90.16 89.79 89.87 90.24 92.08 92.06 92.13 92.02 92.31 92.40 92.36 92.39 92.46 92.46 92.62 92.79 93.05 93.16 93.03 92.96 93.03 93.05 93.01 92.99 92.96 93.05 93.00 93.05 92.82 92.83 92.72 92.47 92.35 92.48 92.59 92.61 92.32 92.23 92.09 91.78 91.73 91.89 91.98 92.07 91.15 91.51 91.75 91.66 91.87 90.95 90.86 91.31 91.72 91.37 91.81 91.80 91.88 92.11 92.20 92.50 92.58 92.84 92.91 92.98 92.71 93.06 92.94 92.86 92.88 92.28 92.58 92.59 92.51 92.39 92.69 92.27 91.92 91.68 90.60 90.76 91.60 91.48 91.69 91.67 91.31 90.98 91.83 91.93 91.95 91.97 91.96 91.75 91.51 91.27 90.99 91.30 92.01 91.31 91.50 91.43 90.94 91.64 91.51 91.69 91.57 91.55 92.10 92.22 92.40 92.22 91.99 92.58 92.66 92.43 92.47 92.65 92.58 92.20 91.88 92.33 92.34 92.14
91.60 91.90 91.92 91.76 92.08 92.31 92.55 92.94 92.92 92.73 92.63 92.45 92.53 92.51 92.64 92.50 92.28 92.25 91.85 91.80 91.63 91.40 91.25 90.98 90.80 90.53 90.12 89.40 88.50 88.01 87.71 87.56 87.42 87.55 87.81 86.10 87.43 86.87 87.03 87.35 87.54 87.95 88.26 88.57 88.96 89.34 89.72 90.01 90.35 90.57 90.71 90.82 90.98 90.92 90.48 90.05 90.03 90.02 90.16 90.04 89.66 91.08 91.87 91.82 91.99 92.14 92.43 92.45 92.49 92.35 92.45 92.60 92.78 92.97 93.24 93.27 93.22 92.98 93.07 93.07 93.18 93.04 93.00 92.98 93.08 93.12 92.92 92.78 92.78 92.83 92.72 92.62 92.65 92.58 92.29 92.34 92.05 91.98 92.18 91.53 91.88 91.97 91.34 91.69 91.29 91.62 90.94 90.76 91.28 91.30 91.10 91.47 91.45 91.64 91.75 91.90 91.94 91.89 91.95 92.67 92.79 92.78 92.84 92.84 92.70 92.71 92.41 92.42 92.48 92.40 92.35 91.93 91.78 92.00 91.76 91.49 91.04 90.90 91.32 91.53 91.80 91.82 92.00 91.99 91.85 91.89 91.91 91.93 91.81 91.71 91.87 91.36 91.05 91.15 91.56 91.69 91.59 91.76 91.28 91.68 91.78 91.60 91.49 91.41 91.92 91.93 91.83 91.77 92.33 92.62 92.77 92.85 92.89 92.98 92.83 92.85 92.77 92.60 92.63 91.64
91.65 91.64 91.78 92.12 92.15 92.35 92.80 92.86 92.87 92.82 92.73 92.55 92.59 92.14 92.59 92.83 92.41 92.40 92.10 91.75 91.61 91.41 91.02 90.71 90.50 90.18 89.67 88.51 87.51 86.91 86.81 86.90 87.11 87.29 86.95 86.25 86.69 86.92 86.76 86.62 86.75 87.19 87.63 87.95 88.50 88.93 89.34 89.65 90.01 90.31 90.44 90.66 90.68 90.76 90.39 89.99 89.45 89.48 90.05 89.92 89.66 91.22 91.83 91.29 91.71 93.52 94.22 93.21 92.41 92.51 92.22 92.53 92.74 92.88 93.24 93.22 93.23 92.97 93.09 93.01 93.08 93.05 93.06 93.05 93.07 93.05 92.98 92.98 92.93 92.84 92.63 92.66 92.67 92.56 92.43 92.39 92.11 92.16 91.86 92.39 91.98 91.76 91.37 91.37 91.35 91.28 91.40 90.90 91.40 91.36 91.51 91.34 91.13 91.12 91.43 91.49 91.66 92.20 92.26 91.86 92.29 92.21 92.36 92.39 92.32 92.62 92.56 92.54 92.45 92.36 91.89 91.93 90.99 91.36 91.50 91.35 90.80 90.82 91.37 91.61 91.88 91.90 92.00 92.08 91.90 91.86 91.83 91.77 91.73 91.50 91.64 91.56 91.23 91.35 91.23 91.29 91.56 91.77 91.56 92.03 91.76 91.72 91.51 91.32 92.21 91.37 91.67 91.89 92.34 92.73 92.84 92.93 92.93 93.00 93.05 92.89 92.90 92.76 92.88 92.51
92.69 91.64 92.42 92.23 92.49 92.62 93.04 93.00 92.78 92.82 92.81 92.57 92.44 92.48 92.60 92.81 91.71 92.44 92.59 91.86 91.67 91.37 91.07 90.75 90.33 89.80 88.89 87.37 85.79 85.30 85.80 86.45 86.65 86.95 87.11 87.04 87.25 87.28 86.51 86.12 86.08 86.72 87.11 87.47 88.03 88.65 89.08 89.41 89.63 89.80 89.82 90.25 90.45 90.44 90.10 89.97 89.56 90.57 89.85 90.75 91.12 93.32 93.97 94.37 94.73 94.41 93.79 94.64 94.57 92.61 92.53 92.85 92.81 92.87 93.13 93.12 93.19 93.11 93.06 93.04 93.06 93.06 93.04 93.12 93.04 93.02 93.02 92.96 92.92 92.88 92.91 92.81 92.73 92.54 92.43 92.44 92.36 92.20 91.75 92.17 91.61 91.72 91.59 91.25 91.37 91.10 91.24 91.21 91.06 91.14 91.52 91.05 90.87 90.85 90.94 90.58 91.49 92.18 92.20 92.23 91.84 92.24 92.22 92.13 92.32 92.47 92.39 92.57 92.17 91.86 91.68 90.86 90.77 90.84 91.13 91.00 90.76 90.96 91.01 91.44 91.74 91.94 91.89 91.91 92.01 91.91 91.72 91.81 91.52 91.65 91.52 91.71 91.15 90.86 91.77 91.93 91.33 91.89 91.95 91.72 91.78 91.66 91.33 91.54 91.96 92.07 91.95 91.97 92.19 92.86 92.97 93.23 93.09 93.06 92.87 93.11 92.97 93.19 92.45 92.56
92.76 92.72 92.53 92.32 92.50 92.76 92.95 93.07 93.01 93.06 92.96 92.73 92.66 92.76 92.75 92.79 92.49 92.46 92.35 92.08 91.80 91.44 91.11 90.76 90.23 89.54 88.49 86.34 83.86 83.32 84.71 85.96 86.35 86.47 86.56 87.33 87.06 87.01 86.33 86.02 86.07 87.41 86.60 87.15 87.73 88.29 88.84 89.17 89.43 89.61 89.66 90.44 89.81 90.98 93.46 93.19 93.08 91.34 94.59 95.03 93.39 91.28 91.20 91.45 93.59 93.61 93.17 93.25 92.08 94.11 92.72 92.75 92.88 92.97 93.00 93.12 93.08 93.18 93.25 93.08 93.07 93.07 93.06 93.06 92.99 93.02 93.06 92.99 92.91 93.00 92.95 92.91 92.81 92.66 92.82 92.58 92.44 92.25 92.13 92.14 92.10 91.85 91.51 91.31 91.11 91.54 91.16 91.13 91.01 90.93 90.94 91.10 90.69 91.07 90.95 91.17 91.20 91.94 92.10 91.97 92.03 92.21 92.12 92.11 91.86 92.25 92.30 92.31 92.14 91.97 91.02 90.77 90.47 90.99 90.90 91.12 90.71 90.90 91.55 91.58 92.02 91.91 92.01 91.94 91.99 91.93 91.60 91.45 91.40 91.46 91.44 91.23 91.58 91.17 91.98 91.95 91.49 91.48 91.81 91.91 91.66 91.74 91.40 91.26 91.58 92.36 92.39 92.51 92.74 92.99 93.07 93.14 93.16 93.13 93.12 93.16 93.21 93.13 93.21 93.13
93.20 93.08 93.23 93.24 92.87 92.87 92.97 93.09 93.02 93.02 92.96 92.93 92.95 92.77 92.88 92.82 92.77 92.59 92.47 92.22 91.91 91.64 91.18 90.75 90.07 89.42 88.45 86.59 83.93 81.83 82.95 85.95 86.25 86.27 86.16 86.89 86.80 86.47 85.93 85.65 86.17 86.56 86.49 87.06 87.55 88.02 88.79 89.02 89.24 89.49 89.35 90.08 92.90 93.21 95.26 95.35 91.86 88.77 88.56 89.74 90.47 90.69 90.99 91.23 91.68 91.57 91.75 92.71 92.26 92.45 94.48 93.11 94.47 93.14 93.04 93.45 93.32 93.15 93.22 93.23 93.09 93.09 93.11 93.08 93.09 93.06 93.13 93.03 93.06 92.99 92.98 93.05 92.84 92.75 92.62 92.63 92.64 92.37 91.36 91.74 92.14 92.20 91.76 91.53 91.42 91.11 91.07 91.15 90.92 90.96 91.36 91.07 91.15 90.86 91.11 91.25 91.17 91.41 91.77 91.57 91.71 91.95 91.91 91.83 91.53 92.19 92.16 92.33 92.14 92.11 91.86 91.11 90.57 90.80 90.75 91.28 90.96 91.41 91.74 91.76 92.13 92.05 91.91 91.99 92.01 91.98 91.87 91.92 91.68 91.67 91.50 91.19 90.80 91.28 91.22 91.46 91.83 91.92 91.67 92.03 91.83 92.24 92.43 92.17 92.34 92.96 92.45 92.71 92.84 93.04 93.10 93.11 93.21 93.18 93.24 93.28 93.29 93.08 93.13 93.03
92.95 93.04 93.02 93.15 93.24 92.95 93.09 93.01 93.10 93.13 93.01 93.05 92.97 92.93 92.93 92.84 92.83 92.70 92.59 92.32 92.11 91.72 91.38 90.88 90.30 89.57 88.70 87.84 84.36 80.47 80.45 84.75 86.12 86.12 86.19 86.05 86.53 86.27 86.30 85.94 86.08 86.78 88.63 90.39 89.16 88.09 88.73 89.38 89.32 89.76 92.97 93.55 93.46 95.03 93.23 89.29 88.33 90.25 89.04 90.39 90.68 90.83 91.46 91.42 91.85 92.00 92.88 92.31 93.56 92.55 94.56 94.54 94.84 93.89 93.67 93.38 93.09 93.17 93.19 93.52 93.23 93.08 93.13 93.14 93.12 93.13 93.19 93.05 93.07 93.07 93.13 92.93 92.93 92.89 92.75 92.58 92.64 92.48 92.01 91.92 92.18 91.94 91.65 91.81 91.77 91.37 91.09 91.45 92.39 92.63 91.17 91.42 91.29 91.38 91.34 91.20 91.22 91.30 91.55 91.62 91.58 91.42 91.63 91.44 91.40 91.52 91.78 92.09 92.13 92.14 91.84 91.45 90.59 91.42 91.42 90.86 91.70 91.93 91.39 91.81 92.10 92.13 92.25 92.09 92.09 91.91 91.84 92.19 92.10 91.75 91.04 91.26 90.81 91.55 91.93 91.79 91.97 92.29 91.97 92.09 92.48 92.96 93.07 92.88 92.86 93.07 93.06 93.01 93.08 93.10 93.14 93.19 93.25 93.70 93.37 93.35 93.07 92.04 93.12 93.08
93.10 93.08 93.05 93.05 93.42 93.30 93.14 93.17 93.36 93.21 93.17 93.08 93.03 93.01 93.01 93.03 93.00 92.84 92.69 92.49 92.24 91.91 91.57 91.02 90.45 89.90 89.20 88.58 85.06 81.73 82.52 84.12 85.74 86.02 86.21 86.45 85.95 85.96 86.44 85.94 89.59 89.97 87.05 91.20 90.39 90.28 90.80 92.74 92.37 91.62 90.45 88.98 91.71 94.77 92.98 93.35 93.58 91.03 90.21 90.87 91.00 91.04 91.35 91.53 92.43 93.43 93.36 93.05 92.09 92.24 93.38 94.63 94.50 93.94 94.31 93.85 93.59 93.13 93.11 93.19 93.21 93.16 93.18 93.11 93.13 93.10 93.06 93.02 93.00 93.04 93.01 93.05 92.92 92.89 92.88 92.91 92.91 92.62 92.26 92.38 91.65 91.60 91.73 91.82 91.14 91.60 91.75 91.45 91.44 91.47 91.66 91.63 91.76 91.08 91.18 91.20 91.19 91.68 91.73 91.55 91.18 91.02 91.11 90.90 91.32 91.81 91.59 91.74 92.12 92.13 92.03 91.91 90.96 90.87 91.29 91.50 91.56 91.66 91.53 91.89 92.14 92.09 92.33 92.29 92.25 92.29 92.35 92.39 92.36 92.54 90.83 90.67 90.86 91.54 91.11 92.23 92.96 92.63 92.72 92.69 92.97 93.07 93.04 92.99 93.15 93.25 93.17 93.23 93.24 93.22 93.24 93.23 93.29 93.40 93.55 93.54 93.28 93.22 93.17 93.10
93.12 93.16 93.20 93.18 93.11 93.45 93.41 93.41 93.51 93.25 93.16 93.01 93.06 93.11 93.17 93.21 93.22 93.10 92.77 92.76 92.49 92.22 91.86 91.34 90.85 90.29 89.72 88.79 87.52 85.76 84.35 84.61 85.74 85.89 86.31 86.59 86.56 87.67 86.85 86.15 86.53 86.87 87.35 91.82 90.11 92.10 89.92 90.89 90.06 89.27 88.80 91.88 92.44 92.99 92.41 89.36 89.76 90.92 92.99 92.88 91.25 91.41 91.51 91.57 92.18 91.87 92.47 92.08 92.18 92.40 92.76 93.04 93.90 92.97 92.96 93.81 93.96 93.64 93.04 93.10 93.53 93.26 93.23 93.18 93.16 93.10 93.04 93.05 93.10 93.06 93.02 93.00 93.03 92.86 92.88 92.94 92.91 92.90 92.73 92.78 92.24 91.43 91.61 91.78 92.07 91.80 91.70 91.63 91.74 91.57 92.08 92.14 92.00 91.30 91.13 91.19 90.95 91.16 90.91 91.47 91.17 91.48 91.24 91.25 91.49 91.31 91.82 91.50 91.99 92.05 91.93 91.42 91.54 91.03 91.47 91.65 91.94 91.88 91.98 92.10 92.00 92.21 92.56 92.60 92.44 92.45 92.85 92.70 92.40 92.23 91.73 91.34 92.04 91.98 91.90 92.33 93.19 92.98 94.13 93.25 93.13 93.03 93.01 93.18 93.18 93.32 93.33 93.29 93.29 93.33 93.39 93.34 93.47 93.46 93.45 93.50 93.54 93.37 93.26 93.18
93.19 93.17 93.25 93.27 93.21 93.75 93.77 93.61 93.33 93.46 93.09 92.88 93.20 93.49 93.45 93.54 93.06 92.78 93.09 92.96 92.82 92.46 92.36 91.89 91.29 90.74 90.21 89.27 88.53 87.14 86.07 85.87 85.55 85.52 86.41 86.89 87.25 87.43 87.47 86.99 86.77 87.40 87.81 88.77 89.09 89.15 89.82 89.86 89.67 89.33 89.07 88.84 89.37 91.30 90.89 89.93 90.57 91.09 91.42 93.31 91.23 91.90 91.87 92.02 92.18 92.27 92.84 92.50 92.61 92.80 92.91 92.98 94.51 93.11 93.08 93.58 93.38 93.45 93.15 93.18 93.24 93.24 93.49 93.27 93.17 93.13 93.16 93.10 93.10 93.08 93.06 93.02 92.99 92.97 92.92 92.90 92.67 92.90 92.90 92.92 92.43 91.95 91.80 91.95 92.18 91.77 91.89 92.06 92.00 92.00 92.19 92.18 91.92 91.65 91.49 91.04 90.75 91.90 91.67 91.51 91.43 91.53 91.36 91.68 91.21 91.54 91.30 91.93 91.99 92.17 91.78 91.91 91.82 91.69 92.06 92.56 91.74 92.32 92.22 92.00 92.22 92.27 92.76 92.77 92.52 92.91 92.83 92.57 92.36 92.14 91.64 91.85 91.75 91.93 92.10 92.71 93.19 93.18 93.21 93.08 93.23 93.19 93.17 93.15 93.21 93.34 93.27 93.18 93.47 93.48 93.46 93.55 93.60 93.64 93.63 93.64 93.58 93.48 93.30 93.28
93.32 93.28 93.31 93.40 93.47 93.78 93.80 93.59 93.44 93.19 93.04 92.81 93.24 93.45 93.72 93.28 93.09 93.19 93.15 92.98 92.91 92.78 92.62 92.28 91.80 91.07 90.44 89.70 88.98 88.20 87.08 86.45 84.94 83.31 86.64 87.12 87.41 87.70 87.87 87.90 87.95 88.86 89.24 89.57 89.84 90.42 90.74 90.96 91.21 91.36 90.59 92.02 93.54 89.95 90.09 90.39 91.23 91.55 91.64 92.51 91.93 92.15 92.15 92.15 92.35 92.43 92.42 92.89 92.93 92.94 93.60 93.01 94.16 94.29 93.21 93.21 93.16 93.18 93.20 93.35 93.69 93.47 93.42 93.19 93.21 93.20 93.15 93.10 93.07 93.06 93.08 93.11 93.03 93.01 92.94 92.91 92.61 92.89 92.89 92.91 92.46 92.32 92.18 92.01 92.18 92.13 92.08 92.23 92.26 92.31 92.41 92.39 91.82 91.61 91.58 91.25 90.96 91.96 91.76 91.72 91.75 91.37 91.44 91.24 91.59 91.65 91.82 91.95 92.40 92.30 92.00 91.48 91.98 92.06 92.52 92.53 92.38 92.86 92.26 92.13 92.30 92.42 92.80 92.83 92.86 92.94 92.88 92.26 92.50 92.15 92.04 92.13 92.61 92.66 92.85 93.17 93.29 93.36 93.28 93.26 93.42 93.34 93.22 93.21 93.35 93.29 93.16 93.29 93.42 93.51 93.54 93.57 93.58 93.65 93.67 93.65 93.52 93.53 93.41 93.34
93.36 93.31 93.40 93.62 93.53 93.65 93.80 94.03 93.48 93.26 93.07 93.08 93.42 93.72 93.73 93.47 93.32 93.25 92.95 93.10 92.99 92.99 92.64 92.11 91.63 91.47 90.83 89.91 89.07 88.77 88.31 87.72 85.36 82.54 83.56 87.43 87.60 87.74 88.08 88.44 88.88 89.23 89.48 89.82 90.24 90.76 91.09 91.43 91.94 92.19 90.93 89.88 89.69 90.10 90.43 91.04 91.48 91.88 91.94 92.29 92.07 92.29 92.73 92.28 92.39 92.49 92.39 93.13 92.76 92.91 93.04 94.07 94.94 94.85 93.10 93.16 93.17 93.20 93.12 93.71 93.12 93.63 93.27 93.17 93.36 93.25 93.17 93.10 93.13 93.07 93.07 93.10 93.05 93.04 93.02 92.93 92.90 92.72 92.74 92.63 92.61 92.65 92.49 92.52 92.25 92.07 92.10 92.51 92.39 92.37 92.34 92.02 92.11 92.01 91.64 91.46 91.77 91.75 91.47 91.87 91.68 91.54 91.62 91.65 91.63 91.74 91.90 92.11 92.15 92.32 92.61 92.49 92.79 92.76 92.76 92.79 92.61 92.59 92.72 92.54 92.80 92.85 92.97 92.97 92.99 92.85 92.52 92.49 92.53 92.31 92.49 92.73 93.06 93.13 93.15 93.18 93.29 93.37 93.33 93.41 93.34 93.34 93.29 93.39 93.37 93.30 93.23 93.39 93.45 93.50 93.55 93.59 93.60 93.63 93.65 93.65 93.67 93.60 93.54 93.46
93.68 93.60 93.65 93.75 93.86 93.92 93.88 93.79 93.69 93.26 93.19 93.22 93.76 93.89 93.86 93.66 93.51 93.11 93.05 93.18 93.12 92.86 92.49 91.94 91.32 92.00 91.32 89.30 89.09 89.20 89.06 89.20 88.68 85.05 86.66 87.74 87.48 87.61 88.16 88.65 89.10 89.34 89.55 89.52 90.65 91.10 91.58 91.88 92.17 92.59 92.64 91.51 90.91 91.14 91.52 91.85 92.05 92.14 92.21 92.45 92.37 92.30 92.07 92.76 92.82 92.60 92.69 92.92 92.95 93.04 93.08 93.14 94.30 94.46 94.06 93.72 93.72 93.54 93.45 93.39 93.21 93.16 93.28 93.21 93.18 93.33 93.14 93.08 93.11 93.10 93.13 93.10 93.08 93.05 93.02 92.95 92.93 92.82 92.89 92.80 92.79 92.80 92.79 92.65 92.64 92.23 92.44 92.70 92.89 92.32 92.44 92.23 91.90 91.87 91.73 92.10 91.92 91.92 91.63 91.90 91.74 91.61 91.58 91.70 91.72 91.79 92.00 92.13 92.34 92.42 92.91 93.06 93.17 93.24 93.43 93.20 92.88 92.83 92.74 92.89 92.91 92.98 93.03 92.98 92.96 92.73 92.71 92.61 92.52 92.30 92.84 93.17 93.14 93.10 93.12 93.27 93.33 93.39 93.41 93.45 93.32 93.44 93.39 93.43 93.41 93.34 93.37 93.43 93.46 93.49 93.51 93.57 93.60 93.61 93.61 93.64 93.66 93.68 93.70 93.72
93.67 93.77 94.05 93.79 93.95 93.97 93.91 93.88 93.78 93.46 93.36 93.31 93.90 94.03 94.03 93.90 93.33 93.06 93.29 93.24 93.07 92.61 92.16 91.80 92.05 92.15 91.95 90.74 89.21 89.11 89.34 89.79 90.06 89.72 88.76 88.10 87.28 87.08 88.30 88.95 89.37 89.61 89.72 89.46 90.86 91.63 91.98 92.21 92.49 92.84 92.96 91.93 91.91 92.17 92.33 92.45 92.44 92.47 92.51 92.62 92.78 92.52 92.24 92.35 92.56 92.83 92.93 92.98 93.00 93.10 93.22 94.12 93.23 93.80 94.39 93.98 93.50 93.24 93.19 93.22 93.15 93.22 93.17 93.20 93.35 93.20 93.18 93.09 93.12 93.10 93.08 93.09 93.01 93.00 92.98 92.98 92.96 92.97 92.91 92.81 92.80 92.80 92.75 92.79 92.74 92.72 92.75 92.69 92.74 92.20 92.34 91.69 91.86 91.76 91.93 91.80 91.82 91.95 91.88 91.87 91.75 91.63 91.53 91.58 92.08 91.86 91.98 92.22 92.47 92.76 93.06 94.19 94.34 94.34 94.30 94.09 93.79 93.11 93.04 93.01 93.00 93.08 93.04 92.96 92.97 92.80 92.70 92.71 92.39 92.46 93.16 93.14 93.18 93.20 93.24 93.25 93.35 93.40 93.44 93.45 93.42 93.40 93.43 93.43 93.43 93.43 93.43 93.43 93.46 93.47 93.47 93.53 93.56 93.58 93.60 93.63 93.66 93.68 93.70 93.74
93.72 93.78 93.83 93.86 93.94 93.97 93.96 93.94 93.88 93.67 93.44 93.72 94.04 94.13 94.15 93.94 93.26 93.48 93.42 93.25 92.97 92.68 92.75 92.59 92.47 92.43 92.16 91.44 88.78 88.95 89.33 90.20 90.48 90.22 89.54 88.57 86.24 86.22 88.82 89.33 89.63 89.82 89.94 90.22 91.40 91.77 92.06 92.35 92.60 92.81 92.97 92.99 92.43 92.41 92.40 92.43 92.54 92.64 92.73 92.79 92.82 92.70 92.39 92.69 92.90 92.93 93.03 93.06 93.08 93.15 93.26 94.16 94.50 94.12 94.36 93.25 93.23 93.20 93.43 93.61 93.43 93.20 93.22 93.29 93.20 93.13 93.14 93.09 93.12 93.07 93.09 93.07 93.06 93.09 92.98 92.95 92.91 92.97 92.87 92.74 92.74 92.77 92.82 92.73 92.71 92.82 92.56 92.89 92.74 92.76 92.44 92.14 92.08 91.61 91.72 91.82 91.72 91.88 91.88 91.91 91.71 91.76 91.55 92.03 92.33 91.77 91.99 92.29 92.75 93.12 94.11 94.45 94.39 94.37 94.37 94.28 94.24 93.81 93.13 93.12 93.14 93.10 93.01 93.03 92.79 92.60 92.69 92.87 92.74 92.71 93.12 93.22 93.24 93.29 93.40 93.31 93.41 93.45 93.42 93.45 93.49 93.41 93.43 93.42 93.44 93.44 93.43 93.43 93.43 93.43 93.44 93.43 93.51 93.56 93.54 93.63 93.68 93.71 93.72 93.75
93.78 93.91 93.71 93.77 93.97 93.96 93.97 93.94 94.03 93.74 93.53 93.97 94.16 94.21 94.18 93.74 93.49 93.73 93.39 93.12 93.08 93.00 92.96 92.88 92.78 92.59 92.37 91.56 89.38 89.27 89.89 90.78 90.76 90.94 90.49 89.05 85.55 83.62 88.03 89.64 89.81 90.04 90.28 90.68 91.31 91.78 92.12 92.42 92.61 92.83 92.97 92.99 92.91 92.58 92.53 92.54 92.62 92.72 92.79 92.87 92.93 92.89 92.78 92.81 92.91 93.04 93.15 93.16 93.18 93.43 94.11 94.16 94.01 94.44 93.37 93.35 93.40 93.35 93.60 93.24 93.24 93.21 93.19 93.22 93.27 93.19 93.16 93.21 93.16 93.17 93.10 93.08 93.04 93.07 93.02 93.10 92.96 92.92 92.89 92.89 92.84 92.67 92.53 92.47 92.77 92.86 92.88 92.64 92.60 92.49 92.45 92.43 92.31 92.44 92.19 91.94 91.83 91.86 91.86 91.58 91.78 91.71 91.44 92.54 91.87 91.77 92.11 92.48 92.91 93.39 94.26 94.49 94.50 94.47 94.41 94.36 94.30 94.12 93.64 93.32 93.21 93.31 93.00 92.91 92.90 92.86 93.01 93.07 93.03 93.03 93.18 93.29 93.48 93.29 93.40 93.46 93.42 93.41 93.37 93.38 93.80 93.35 93.33 93.36 93.41 93.43 93.38 93.40 93.36 93.40 93.39 93.48 93.50 93.56 93.51 93.62 93.67 93.71 93.74 93.74
93.83 93.83 93.84 93.83 94.02 94.03 94.08 94.05 94.18 94.10 93.98 94.25 94.29 94.26 94.22 94.16 93.77 93.79 93.38 93.19 93.13 93.09 93.00 92.90 92.76 92.62 92.29 91.54 90.78 91.09 91.02 91.01 91.02 91.03 91.13 91.01 86.25 80.27 81.92 89.61 89.97 90.23 90.52 90.90 91.31 91.82 92.23 92.47 92.70 92.83 92.95 93.00 92.99 92.70 92.64 92.63 92.70 92.79 92.84 92.90 92.95 92.84 92.80 92.96 93.05 93.12 93.25 93.34 93.47 93.36 94.40 94.21 93.35 94.47 94.18 93.34 94.09 93.28 93.23 93.34 93.22 93.20 93.16 93.14 93.19 93.21 93.31 93.21 93.20 93.21 93.11 93.09 93.10 93.10 93.14 93.02 93.09 92.91 92.94 92.97 92.92 92.89 92.72 92.50 92.85 92.80 93.09 92.76 92.96 92.44 92.59 92.56 92.52 92.64 92.41 91.99 91.81 92.03 92.20 91.74 91.91 91.81 91.62 91.50 91.66 92.05 92.34 92.68 93.06 93.57 94.48 94.53 94.57 94.48 94.37 94.36 94.26 94.19 93.84 93.40 93.30 93.02 93.09 93.03 92.96 93.10 93.18 93.23 93.23 93.25 93.32 93.41 93.54 93.57 93.47 93.52 93.46 93.45 93.35 93.31 93.26 93.21 93.22 93.24 93.27 93.30 93.31 93.31 93.32 93.61 93.19 93.39 93.47 93.47 93.48 93.66 93.69 93.68 93.42 93.73
93.73 93.88 93.55 93.60 94.00 93.98 94.10 94.16 94.20 94.25 94.31 94.37 94.37 94.35 94.32 94.18 94.03 93.72 93.17 93.19 93.15 93.05 92.98 92.91 92.74 92.54 92.32 92.00 91.31 91.30 91.18 91.16 91.15 91.24 91.42 91.57 90.80 82.34 83.65 88.65 89.74 90.45 90.83 91.10 87.98 92.05 92.36 92.56 92.74 92.83 92.96 93.00 93.01 92.75 92.70 92.74 92.80 92.85 92.89 92.93 92.94 92.97 93.01 92.97 93.11 93.30 93.40 93.54 93.62 94.21 94.33 94.23 93.64 93.57 93.40 94.01 93.49 93.39 93.22 93.15 93.14 93.21 93.17 93.19 93.18 93.18 94.36 93.19 93.63 93.16 93.09 93.11 93.11 93.18 93.17 93.00 93.01 93.03 93.06 93.06 93.04 92.86 92.80 92.83 92.88 92.94 92.87 92.97 93.10 92.72 92.73 92.87 92.66 92.60 92.51 92.37 92.18 92.27 92.38 92.32 92.18 91.92 91.84 91.87 91.95 92.14 92.47 92.85 93.15 93.65 94.49 94.51 94.49 94.43 94.36 94.34 94.29 94.22 93.96 93.51 93.37 93.17 93.19 93.22 93.21 93.25 93.24 93.39 93.33 93.45 93.52 93.59 93.74 93.84 93.87 93.67 93.62 93.43 93.29 93.17 93.07 93.01 93.09 93.09 93.15 93.19 93.21 93.27 93.25 93.27 93.28 93.22 93.50 93.44 93.51 93.55 93.66 93.69 93.24 93.59
93.77 93.90 93.92 94.11 94.06 93.98 94.16 94.28 94.31 94.36 94.42 94.51 94.50 94.47 94.46 94.28 93.75 93.41 93.22 93.20 92.99 90.59 85.75 85.09 87.75 92.46 92.22 92.13 91.91 91.47 91.38 91.27 91.28 91.35 91.44 91.53 91.54 90.29 88.15 88.57 89.97 90.64 91.07 91.33 91.76 92.28 92.45 92.63 92.74 92.82 92.94 93.00 93.02 92.78 92.79 92.79 92.83 92.89 92.93 92.94 92.96 92.96 92.94 93.05 93.31 93.44 93.59 93.71 93.74 94.14 94.39 94.28 93.95 93.71 94.03 93.66 93.71 93.40 93.33 93.29 93.47 93.21 93.06 93.80 93.22 93.19 93.21 93.18 93.19 93.20 93.48 93.23 93.13 93.11 93.15 93.06 93.07 93.09 93.11 93.14 93.09 93.08 92.93 92.90 92.94 92.95 92.87 93.11 93.03 92.61 92.76 92.79 92.81 92.83 92.57 92.52 92.36 92.24 92.32 92.32 92.16 92.24 92.10 92.16 92.22 92.38 92.61 92.98 93.28 94.42 94.45 94.38 94.47 94.40 94.34 94.31 94.25 94.20 94.00 93.63 93.44 93.38 93.32 93.30 93.29 93.31 93.35 93.41 93.58 93.65 93.75 93.85 93.86 93.94 93.96 93.93 93.68 93.41 93.20 93.07 92.97 92.89 92.79 92.89 92.97 93.10 93.16 93.20 93.20 93.23 93.25 93.27 93.34 93.42 93.46 93.57 93.55 93.73 93.39 94.33
93.85 93.98 94.02 94.13 93.71 94.13 94.17 94.25 94.39 94.42 94.50 94.57 94.60 94.59 94.63 93.93 93.54 93.50 93.28 93.29 92.64 84.74 80.64 79.45 82.46 90.01 92.18 92.14 92.33 91.91 91.65 91.39 91.32 91.38 91.46 91.55 91.56 91.34 90.23 90.10 90.61 90.85 91.14 91.41 91.82 92.30 92.53 92.69 92.78 92.86 92.91 93.02 93.00 92.69 92.72 92.84 92.87 92.91 92.93 92.95 92.97 93.01 93.07 93.24 93.34 93.61 93.78 93.96 94.19 94.24 94.10 94.27 94.19 94.01 94.09 93.80 93.47 93.52 93.45 93.28 93.23 93.13 93.28 93.67 93.18 93.20 93.21 94.11 93.22 93.34 93.21 93.20 93.13 93.10 93.13 93.16 93.14 93.14 93.14 93.18 93.17 93.13 93.03 92.99 93.07 93.06 93.06 93.05 92.84 92.73 92.82 92.83 92.76 92.67 92.64 92.58 92.42 91.94 92.23 92.32 92.35 92.34 92.30 92.35 92.40 92.52 92.90 93.03 93.33 94.25 94.40 94.42 94.39 94.34 94.32 94.32 94.26 94.12 94.00 93.82 93.63 93.69 93.56 93.55 93.53 93.66 93.69 93.76 93.85 93.92 93.99 93.99 94.01 94.10 94.06 94.06 93.86 93.39 93.21 93.00 92.85 92.65 92.48 92.49 92.71 93.03 93.12 93.14 93.14 93.18 93.22 93.28 93.35 93.41 93.40 93.51 93.76 93.74 93.65 93.94
93.85 94.00 94.11 94.16 94.21 94.13 94.16 94.29 94.43 94.49 94.56 94.65 94.68 94.69 94.72 94.03 93.59 93.40 93.12 93.21 92.92 84.87 80.74 79.84 82.00 90.28 92.38 92.47 92.50 92.40 91.95 91.52 91.26 91.18 91.20 91.46 91.59 91.56 91.11 90.94 91.03 91.10 91.20 91.39 91.69 92.15 92.58 92.72 92.83 92.86 92.91 93.03 92.95 92.97 92.69 92.80 92.87 92.90 92.94 92.95 93.00 93.01 93.14 93.34 93.57 93.81 94.10 94.19 94.38 94.39 94.49 94.39 94.35 94.26 94.18 93.76 93.66 93.69 94.01 93.33 93.25 93.20 93.31 93.26 94.00 93.16 93.19 93.13 93.20 93.22 93.22 93.22 93.38 93.17 93.16 93.19 93.17 93.17 93.16 93.18 93.18 93.09 93.53 93.09 93.14 93.00 92.93 93.04 92.93 92.89 92.83 92.77 92.65 92.62 92.63 92.77 92.31 92.43 92.29 92.51 92.62 92.73 92.37 92.41 92.47 92.60 92.86 92.78 93.17 93.55 94.06 94.34 94.29 94.28 94.26 94.21 94.20 94.16 94.07 94.00 93.98 93.96 94.06 93.97 93.99 93.97 94.07 94.08 94.10 94.17 94.23 94.18 94.30 94.26 94.25 94.11 93.93 93.39 93.12 92.91 92.55 92.26 92.17 92.37 92.40 91.67 93.03 93.08 93.11 93.15 93.20 93.27 93.34 93.41 93.43 93.63 93.43 93.84 93.79 93.91
94.20 94.10 94.08 94.27 94.37 94.36 94.34 94.43 94.55 94.58 94.67 94.70 94.74 94.76 94.76 94.01 93.60 93.19 93.13 93.25 93.14 87.09 84.48 83.48 85.55 91.97 92.67 92.67 92.62 92.45 92.15 91.69 91.23 90.98 90.79 90.69 91.53 91.55 91.38 91.24 91.20 91.22 91.28 91.42 91.68 92.13 92.60 92.71 92.78 92.85 92.85 92.97 93.04 93.08 92.75 92.80 92.82 92.88 92.90 92.96 93.01 93.02 93.21 93.36 93.61 94.21 94.29 94.35 94.45 94.48 94.49 94.46 94.32 94.35 94.25 93.94 93.86 93.90 93.57 93.33 93.38 93.57 93.31 93.25 93.16 93.35 93.44 93.20 93.21 93.24 93.21 93.21 93.18 93.17 93.22 93.20 93.17 93.18 93.18 93.18 93.21 93.11 93.05 93.14 93.01 93.06 93.13 92.76 92.93 93.05 92.75 92.63 92.63 92.66 92.66 92.77 92.51 92.52 91.80 92.67 92.71 92.69 92.22 92.34 92.54 92.59 92.84 92.74 92.95 93.12 93.45 93.60 93.93 94.03 94.02 94.17 94.16 94.16 94.15 94.13 94.15 94.24 94.23 94.24 94.27 94.25 94.31 94.35 94.35 94.31 94.37 94.34 94.38 94.30 94.35 94.35 94.16 93.45 93.09 92.74 92.16 91.99 91.92 91.90 92.28 92.69 92.94 93.02 93.07 93.13 93.21 93.27 93.33 93.39 93.52 93.57 93.45 93.89 93.89 93.98
94.15 94.21 94.26 94.35 94.40 94.48 94.53 94.61 94.66 94.68 94.73 94.75 94.76 94.76 94.77 94.05 93.42 93.16 93.24 93.34 93.35 91.93 90.03 89.48 92.33 92.97 92.82 92.77 92.68 92.38 92.05 91.70 91.31 90.86 90.59 90.50 91.27 91.55 91.48 91.23 91.22 91.02 91.29 91.46 91.50 92.27 92.46 92.62 92.69 92.78 92.83 92.88 92.96 93.06 92.97 92.85 93.11 93.45 93.33 93.08 93.03 92.97 93.23 93.37 93.67 94.18 94.37 94.44 94.53 94.57 94.51 94.58 94.31 94.55 94.42 94.19 94.14 94.17 94.08 93.61 93.35 93.21 93.15 93.22 93.18 93.24 93.23 93.23 93.22 93.18 93.25 93.27 93.24 93.20 93.27 93.29 93.36 93.13 93.24 93.23 93.18 93.12 93.06 93.12 93.13 93.10 93.10 93.02 92.92 92.99 92.87 92.73 92.73 92.63 92.61 92.64 92.70 92.50 91.97 92.63 92.70 92.57 93.01 92.86 92.54 92.51 92.68 92.80 92.85 93.02 93.14 93.24 93.37 93.54 93.81 94.04 94.14 94.20 94.26 94.28 94.29 94.43 94.35 94.47 94.52 94.56 94.60 94.56 94.68 94.61 94.63 94.60 94.58 94.59 94.63 94.52 94.45 93.56 93.08 92.68 92.26 91.92 91.77 90.17 91.04 92.32 92.81 92.98 93.08 93.14 93.21 93.28 93.37 93.45 93.64 93.54 93.78 93.87 93.67 94.10
94.23 94.27 94.25 94.43 94.54 94.54 94.61 94.63 94.66 94.71 94.74 94.75 94.76 94.77 94.78 94.12 93.34 93.21 93.24 93.18 93.36 93.30 93.28 93.27 93.14 93.01 92.71 92.82 92.58 92.25 91.86 91.58 91.15 90.76 90.51 89.99 90.04 91.45 91.52 91.21 91.31 91.22 91.33 90.56 91.77 92.29 92.52 92.60 92.65 92.71 92.62 92.80 92.81 93.10 92.81 92.84 92.87 92.84 93.14 93.69 93.83 93.13 93.32 93.86 94.16 94.42 94.50 94.51 94.57 94.62 94.61 94.57 94.53 94.46 94.24 94.33 94.31 94.38 94.49 93.88 93.62 93.28 93.24 93.32 93.40 93.25 93.28 93.25 93.26 93.19 93.24 93.33 93.26 93.26 93.27 93.56 93.30 93.25 93.21 93.24 93.11 93.12 93.16 93.12 93.09 93.20 93.16 93.00 93.08 93.04 92.89 92.97 92.94 92.90 93.04 92.68 92.78 92.29 92.45 92.09 92.38 92.33 92.34 92.53 92.55 92.62 92.58 92.52 92.88 92.79 93.10 93.28 93.26 93.39 93.85 94.11 94.20 94.36 94.41 94.45 94.54 94.59 94.64 94.73 94.83 94.92 94.98 95.01 95.00 94.94 94.88 94.85 94.88 94.83 94.76 94.68 94.54 94.35 93.22 92.86 92.20 91.88 90.22 83.50 89.94 92.21 92.83 93.00 93.07 93.15 93.27 93.26 93.39 93.51 93.75 93.79 93.89 93.87 94.08 94.14
94.35 94.41 94.44 94.42 94.60 94.53 94.69 94.72 94.72 94.73 94.74 94.75 94.75 94.75 94.76 94.28 93.41 93.22 93.24 93.22 93.20 93.23 93.05 93.11 93.12 93.05 92.96 92.66 92.41 92.13 91.72 91.40 91.06 90.67 90.01 89.92 90.24 91.61 91.78 91.40 91.55 91.53 91.56 90.56 91.44 92.26 92.47 92.56 92.61 92.52 92.38 92.47 92.83 92.97 93.08 93.15 93.12 93.22 93.26 93.65 93.44 93.08 94.13 94.26 94.38 94.44 94.44 94.52 94.62 94.64 94.47 94.59 94.60 94.53 94.33 94.56 94.40 94.47 94.55 94.52 93.84 93.63 93.49 93.40 93.42 93.31 93.25 93.23 93.26 93.27 93.30 93.30 93.27 93.25 93.30 93.24 93.35 93.29 93.17 93.11 93.40 93.09 93.15 93.16 92.99 93.27 92.86 93.04 93.08 93.01 93.00 93.02 93.00 92.96 92.93 92.98 92.91 93.10 92.74 92.58 92.72 92.99 92.52 92.69 92.70 92.38 92.18 92.68 92.94 92.83 93.12 93.19 93.33 93.71 94.07 94.28 94.46 94.47 94.54 94.63 94.70 94.83 94.90 95.07 95.20 95.23 95.28 95.23 95.23 95.16 95.11 95.12 95.02 94.92 94.80 94.71 94.57 94.41 93.76 92.95 92.48 92.03 91.30 90.62 91.34 92.65 92.96 93.06 93.11 93.17 93.20 93.38 93.49 93.62 93.82 93.96 93.97 94.02 94.15 94.28
94.49 94.53 94.59 94.64 94.71 94.70 94.74 94.77 94.77 94.75 94.77 94.78 94.77 94.63 94.78 94.73 94.08 93.34 93.18 93.19 93.19 93.22 93.05 93.01 93.17 93.09 92.81 92.59 92.33 91.99 91.64 91.29 91.03 90.63 89.43 89.81 90.79 91.62 91.74 91.56 91.81 91.85 91.82 91.91 92.10 92.28 92.49 92.59 92.58 92.32 92.39 92.57 92.58 92.98 93.01 93.05 93.05 93.19 93.23 93.37 93.34 93.57 94.00 93.79 93.55 94.27 94.35 94.47 94.59 94.65 94.60 94.68 94.64 94.69 94.65 94.62 94.54 94.58 94.64 94.68 94.65 93.96 93.74 93.56 93.62 93.35 93.29 95.07 93.30 93.27 93.32 93.43 93.31 93.39 93.24 93.26 93.31 93.30 93.19 93.19 93.13 93.20 93.15 93.16 93.08 93.03 92.93 93.00 93.02 92.93 93.01 92.99 93.07 93.16 93.14 93.13 93.00 92.79 92.74 92.70 92.82 92.68 92.59 92.67 92.48 92.74 93.08 93.18 93.16 93.23 93.28 93.45 93.86 94.02 94.21 94.46 94.52 94.64 94.77 94.89 95.01 95.13 95.29 95.40 95.47 95.58 95.54 95.39 95.47 95.36 95.32 95.21 95.10 94.97 94.88 94.82 94.69 94.58 94.14 93.22 92.94 92.64 92.25 92.22 92.58 92.98 93.06 93.10 93.14 93.19 93.38 93.44 93.64 93.82 94.01 94.15 94.17 94.20 94.36 94.44
94.69 94.63 94.73 94.74 94.75 94.75 94.77 94.82 94.83 94.80 94.79 94.81 94.81 94.81 94.79 94.76 94.39 93.84 93.57 93.51 93.36 93.30 93.18 93.16 93.23 92.88 92.73 92.54 92.19 91.91 91.56 91.44 90.95 90.67 90.18 90.23 90.83 91.69 91.72 91.71 91.90 91.99 92.11 92.12 92.23 92.35 92.47 92.60 92.55 92.16 92.56 92.63 92.67 92.80 92.86 92.92 93.01 93.03 93.09 93.31 93.25 93.48 93.65 93.83 94.08 94.12 94.32 94.41 94.45 94.64 94.68 94.67 94.73 94.80 94.76 94.86 94.64 94.70 94.76 94.69 94.67 94.57 94.16 94.42 93.93 93.68 93.37 93.27 93.38 93.39 93.43 93.36 93.31 93.29 93.52 93.35 93.26 93.19 93.17 93.25 93.13 93.14 93.19 93.19 93.12 93.09 92.98 92.98 93.03 92.97 92.95 92.94 93.07 93.13 93.11 93.10 92.96 92.80 92.89 92.89 92.87 93.08 92.73 92.65 92.86 92.79 92.96 93.23 93.20 93.29 93.42 93.80 93.92 94.19 94.36 94.51 94.66 94.82 95.05 95.19 95.29 95.42 95.74 95.60 95.71 95.78 95.74 95.66 95.61 95.51 95.36 95.29 95.37 95.08 95.07 94.97 94.85 94.74 94.42 93.98 93.25 93.11 93.04 93.02 92.89 92.70 93.15 93.16 93.19 93.23 93.14 94.43 93.92 93.37 94.25 93.92 94.39 94.42 94.46 94.62
94.82 94.33 94.74 94.74 94.81 94.79 94.80 94.84 94.81 94.83 94.83 94.85 94.85 94.84 94.88 94.86 94.81 94.44 93.79 93.28 93.34 93.33 93.37 93.30 93.02 92.80 92.66 92.44 92.24 91.73 91.42 91.13 90.72 90.35 90.04 90.15 90.75 91.58 91.86 91.93 92.06 92.17 92.22 92.27 92.19 92.34 92.34 92.24 92.23 92.34 92.56 92.70 92.73 92.69 92.83 92.97 93.02 93.05 93.04 93.06 93.05 93.06 93.22 93.80 93.80 94.29 94.40 94.44 94.49 94.62 94.72 94.89 94.89 94.89 94.86 94.97 94.92 94.93 94.92 94.75 94.87 94.84 94.63 94.33 94.07 93.75 93.47 93.36 93.54 93.44 93.43 93.24 93.35 93.35 93.40 93.26 93.30 93.19 93.27 93.33 93.10 93.09 93.16 93.06 93.27 93.01 93.03 92.95 93.03 92.86 92.76 92.87 93.02 93.07 93.03 92.93 92.93 92.98 92.90 93.07 93.03 93.07 93.05 92.86 92.96 93.12 93.15 93.26 93.35 93.59 93.72 94.00 94.15 94.33 94.49 94.66 94.85 95.10 95.26 95.37 95.54 95.63 95.74 95.82 95.98 95.81 95.76 95.73 95.67 95.41 95.50 95.43 95.32 95.17 95.03 95.15 95.10 94.96 94.82 94.68 94.42 94.12 93.95 93.62 93.50 93.14 93.36 93.27 93.25 93.32 93.36 93.88 94.17 94.26 94.41 94.50 94.54 94.65 94.71 94.78
94.92 94.86 94.86 94.82 94.85 94.83 94.84 94.84 94.83 94.85 94.87 94.87 94.87 94.85 94.90 94.84 94.89 94.81 94.38 93.03 93.22 93.32 93.25 93.07 92.71 92.79 92.64 92.42 92.07 91.57 91.06 90.47 89.90 89.62 89.43 89.37 89.83 90.51 91.56 92.09 92.24 92.29 92.33 92.30 91.76 91.96 92.42 92.55 92.38 92.30 92.55 92.48 92.39 92.51 92.76 92.97 93.04 93.07 93.08 93.10 93.10 93.09 93.21 93.78 94.20 94.34 94.42 94.43 94.54 94.64 94.69 94.93 94.86 94.98 95.00 95.10 95.08 95.17 95.07 94.98 94.95 94.88 94.90 94.32 94.14 93.85 93.75 93.64 93.50 93.59 93.28 93.31 93.33 93.57 93.64 93.24 93.34 93.23 93.29 93.21 93.23 93.19 93.18 93.15 93.14 93.05 92.99 93.16 92.98 92.79 93.04 92.84 92.87 92.82 92.77 92.74 92.85 92.92 92.96 93.13 93.15 93.12 93.33 93.25 93.20 93.37 93.31 93.36 93.54 93.72 93.94 94.16 94.27 94.45 94.58 94.82 95.00 95.25 95.44 95.59 95.65 95.73 95.92 96.03 96.09 96.05 95.93 95.91 95.73 95.70 95.58 95.28 95.43 95.28 95.25 95.23 95.15 95.04 95.03 94.91 94.82 94.62 94.54 94.48 94.28 94.16 93.89 93.51 93.40 93.43 93.47 93.78 93.85 94.37 94.47 94.55 94.65 94.81 94.91 94.94
95.03 94.89 94.91 94.82 94.90 94.87 94.89 94.88 94.85 94.86 94.88 94.88 94.88 94.85 94.83 94.81 94.79 94.72 94.68 93.25 93.24 93.20 93.11 93.00 92.78 92.82 92.66 92.44 92.12 91.30 90.27 89.49 88.72 88.24 88.24 88.64 89.06 89.20 90.22 91.46 92.18 92.42 92.44 92.42 92.35 92.24 92.34 92.45 92.54 92.73 92.37 92.29 92.18 92.05 92.47 92.83 93.02 93.06 93.07 93.07 93.10 93.08 93.31 93.87 94.19 94.33 94.41 94.49 94.55 94.71 94.76 94.88 94.94 95.09 95.12 95.23 95.33 95.30 95.29 95.16 95.20 95.14 95.05 95.00 94.76 94.61 94.55 94.38 94.07 94.41 93.51 93.40 93.31 93.30 93.41 93.31 93.46 93.60 93.25 93.52 93.27 93.37 93.22 93.60 93.27 93.27 93.13 93.06 93.01 92.90 92.85 92.80 92.80 92.69 92.70 92.69 92.78 93.00 93.35 93.25 93.20 93.13 93.18 93.15 93.31 93.37 93.41 93.43 93.76 93.90 94.10 94.31 94.43 94.54 94.80 95.00 95.12 95.36 95.52 95.74 95.84 95.99 96.12 96.15 96.19 96.21 96.15 96.02 95.98 95.83 95.75 95.67 95.61 95.45 95.58 95.53 95.34 95.15 95.15 94.99 94.83 94.75 94.53 94.45 94.25 94.18 93.98 93.77 93.62 93.63 93.61 93.87 93.80 94.50 94.54 94.63 94.82 94.85 94.94 94.96
94.98 94.95 94.96 94.91 94.60 94.91 94.92 94.72 94.90 94.88 94.86 94.86 94.81 94.81 94.79 94.76 94.76 94.79 94.62 94.18 93.14 93.09 93.21 93.03 93.02 92.85 92.74 92.56 91.99 90.74 89.41 88.21 87.45 87.35 86.98 87.26 88.60 88.86 89.32 90.59 91.89 92.45 92.53 92.50 92.31 92.39 92.27 91.60 92.42 92.46 92.44 92.32 92.07 91.84 92.13 92.61 92.91 93.01 93.05 93.04 93.16 93.17 93.19 93.52 94.21 94.39 94.43 94.48 94.62 94.74 94.89 95.01 95.03 95.22 95.32 95.38 95.42 95.47 95.47 95.57 95.31 95.31 95.26 95.21 95.07 94.67 94.80 94.59 94.24 94.19 94.03 93.64 93.63 93.58 93.52 93.37 93.30 93.28 93.57 93.44 93.60 94.26 93.57 93.22 93.60 93.18 93.15 93.13 93.08 93.09 93.00 92.84 93.16 92.76 92.78 92.94 92.86 92.96 93.33 93.32 93.34 93.33 93.34 93.41 93.43 93.50 93.58 93.77 93.87 94.08 94.25 94.44 94.49 94.74 94.90 95.12 95.26 95.40 95.66 95.71 96.08 96.21 96.26 96.26 96.26 96.28 96.19 96.16 96.06 96.13 95.92 95.88 95.73 95.70 95.64 95.59 95.51 95.25 95.00 95.05 94.88 94.78 94.62 94.46 94.26 94.26 94.12 94.00 93.94 93.86 93.80 93.52 93.20 94.55 94.61 94.63 94.81 94.93 94.98 94.94
94.97 94.99 95.01 94.99 94.96 94.93 94.89 94.92 94.89 94.87 94.86 94.87 94.83 94.86 94.77 94.79 94.74 94.54 94.43 94.14 93.67 93.38 93.23 93.15 93.06 92.96 92.87 92.61 91.93 90.54 89.03 88.07 87.73 87.65 86.85 87.29 88.44 89.06 89.67 90.94 92.04 92.51 92.55 92.52 92.01 92.45 92.33 92.07 92.31 92.24 92.25 92.15 92.14 92.25 92.41 92.54 92.81 93.00 93.01 92.99 93.09 93.18 93.19 93.44 94.06 94.46 94.53 94.47 94.68 94.82 94.93 95.11 95.20 95.31 95.44 95.54 95.59 95.62 95.63 95.61 95.57 95.54 95.45 95.62 95.58 95.20 94.98 94.92 94.65 94.69 94.20 94.59 94.29 94.02 94.10 93.65 93.46 93.88 93.35 93.69 94.39 94.39 94.32 93.40 93.51 93.14 93.11 93.20 93.22 93.16 93.09 93.16 93.91 93.32 93.05 93.12 93.45 93.06 93.38 93.33 93.36 93.36 93.55 93.60 93.72 93.64 93.81 93.84 94.08 94.29 94.39 94.45 94.61 94.78 95.06 95.23 95.43 95.53 95.86 95.99 96.10 96.29 96.31 96.30 96.29 96.24 96.26 96.22 96.18 96.07 96.00 96.03 96.01 95.88 95.76 95.63 95.52 95.43 95.27 95.12 94.94 94.75 94.65 94.51 94.33 94.33 94.27 94.18 94.18 94.01 93.40 93.62 93.45 94.43 94.60 94.73 94.77 94.92 94.92 95.00
94.98 95.04 95.04 95.00 94.97 94.96 94.93 94.91 94.90 94.90 94.87 94.92 94.88 94.89 94.79 94.76 94.66 94.52 94.23 93.85 93.55 93.37 93.25 93.18 93.11 93.04 92.94 92.82 92.39 91.49 90.17 89.02 88.48 88.31 88.19 88.35 88.99 89.42 91.24 92.23 92.63 92.72 92.63 92.61 92.62 92.28 92.49 91.99 92.27 92.30 92.24 92.35 91.86 92.29 92.66 92.59 92.70 92.93 93.02 93.12 93.11 93.13 93.19 93.47 94.05 94.51 94.67 94.72 94.82 94.94 95.14 95.24 95.44 95.51 95.87 95.63 95.73 95.67 95.75 95.76 95.71 95.69 95.54 95.57 95.61 95.35 95.27 95.01 94.94 94.97 94.84 94.75 94.73 94.58 94.35 93.98 93.81 93.68 94.16 94.29 94.48 94.37 93.85 94.26 93.82 94.20 94.01 94.17 93.13 93.11 93.06 93.42 93.11 93.02 93.52 93.55 93.43 93.36 93.40 93.48 93.51 93.53 93.89 94.19 93.86 93.85 93.90 94.16 94.32 94.39 94.35 94.60 94.63 94.86 95.09 95.36 95.52 95.56 95.84 96.04 96.19 96.28 96.23 96.08 96.29 96.23 96.18 96.10 96.25 95.96 96.01 95.98 95.90 95.85 95.86 95.72 95.58 95.52 95.20 95.12 94.94 94.76 94.56 94.50 94.43 94.37 94.27 94.32 94.30 94.11 93.83 93.61 93.32 94.37 94.72 94.72 94.90 94.93 94.99 95.05
95.10 95.10 95.05 95.05 95.03 95.00 94.97 94.93 94.90 94.93 94.92 94.87 94.86 94.81 94.79 94.68 94.52 94.32 94.04 93.78 93.50 93.36 93.27 93.21 93.17 93.12 93.07 92.98 92.79 92.35 91.89 91.48 91.32 89.77 89.06 88.88 89.58 91.03 91.94 92.52 92.74 92.81 92.81 92.85 92.90 92.96 92.98 92.88 92.49 92.22 91.87 92.22 92.67 92.63 92.63 92.75 93.03 92.97 93.03 93.14 93.19 93.30 93.40 93.67 94.09 94.59 94.66 94.84 94.97 95.12 95.21 95.45 95.55 95.67 95.66 95.85 95.84 95.85 95.96 95.96 95.79 95.84 95.78 95.74 95.65 95.57 95.35 95.42 95.30 95.08 95.04 95.14 94.89 94.77 94.73 94.65 94.30 94.10 94.47 94.46 94.08 93.81 93.62 94.32 93.82 94.22 94.26 94.28 93.85 93.46 93.24 93.53 93.40 93.32 93.57 93.40 93.32 93.53 93.56 93.65 93.62 93.82 93.93 94.09 94.09 94.18 94.21 94.24 94.40 94.47 94.56 94.59 94.83 94.95 95.28 95.45 95.63 95.81 95.88 96.05 96.17 96.30 96.29 96.30 96.27 96.16 96.20 96.21 96.18 96.15 96.04 96.10 96.04 95.80 95.88 95.83 95.67 95.46 95.14 95.01 94.92 94.68 94.55 94.50 94.48 94.45 94.44 94.44 94.43 94.37 94.26 93.97 93.51 94.52 94.54 94.62 94.83 95.03 95.03 95.10
95.12 95.11 95.10 95.04 95.02 95.01 94.97 94.98 94.90 94.98 94.95 94.90 94.89 94.80 94.67 94.62 94.38 94.22 93.99 93.77 93.51 93.40 93.33 93.29 93.24 93.19 93.14 93.11 93.05 92.96 92.84 92.79 92.79 92.76 92.15 92.00 92.45 92.64 92.68 92.71 92.80 92.84 92.83 92.86 92.93 92.99 93.00 92.99 92.42 92.28 92.59 92.79 93.03 92.92 92.97 93.12 93.05 93.40 93.05 93.13 93.23 93.37 93.68 94.12 94.48 94.70 94.83 94.92 95.17 95.24 95.44 95.58 95.65 95.76 95.81 95.79 95.70 95.54 95.98 96.00 95.94 96.00 95.90 95.87 95.77 95.72 95.69 95.62 95.51 95.40 95.29 95.25 95.20 95.11 94.87 94.91 94.73 94.62 94.62 94.66 94.54 94.45 94.65 94.39 94.12 94.33 94.01 94.02 94.23 93.86 93.54 93.74 93.79 93.89 93.92 93.40 93.59 93.69 93.77 93.93 93.94 94.03 94.20 94.09 94.29 94.31 94.32 94.36 94.47 94.53 94.71 94.77 94.94 95.08 95.69 95.74 95.65 95.77 95.91 96.03 96.16 96.29 96.29 96.24 96.24 96.21 96.18 96.17 96.07 96.19 96.14 96.11 95.98 95.97 95.96 95.77 95.58 95.38 95.23 94.52 94.66 94.85 94.67 94.65 94.60 94.56 94.57 94.51 94.54 94.53 94.50 94.35 94.42 94.50 94.60 94.81 94.85 95.00 95.05 95.13
95.16 95.13 95.12 95.07 95.09 95.08 95.05 95.03 94.98 94.97 94.99 94.90 94.87 94.74 94.62 94.49 94.29 94.16 94.00 93.80 93.62 93.52 93.42 93.36 93.28 93.24 93.21 93.18 93.16 93.13 93.10 93.07 93.05 93.02 92.98 93.00 93.01 92.99 92.92 92.86 92.85 92.91 92.90 92.80 92.87 92.94 92.95 92.95 93.11 92.64 93.45 93.65 93.81 93.51 93.44 93.14 93.15 93.16 93.56 93.18 93.37 93.63 94.09 94.43 94.53 94.85 95.02 95.20 95.25 95.50 95.53 95.65 95.77 95.81 95.86 95.88 95.94 96.05 96.11 96.10 96.11 96.03 96.02 95.97 95.94 95.86 95.85 95.69 95.64 95.58 95.50 95.39 95.22 95.14 95.05 95.06 94.91 94.93 94.92 94.85 94.60 94.74 94.44 94.52 96.95 94.89 94.09 94.41 94.30 94.03 93.91 94.02 93.95 93.92 93.76 94.04 93.98 94.05 94.12 94.07 94.09 94.16 94.29 94.28 94.28 94.36 94.33 94.43 94.50 94.62 94.78 94.91 95.07 95.24 95.60 95.70 95.64 95.83 95.84 96.02 96.12 96.19 96.25 96.25 96.20 96.22 96.19 96.18 96.12 96.00 96.17 96.05 95.93 95.84 95.84 95.62 95.51 95.31 95.24 94.61 94.47 94.92 94.78 94.74 94.74 94.70 94.72 94.68 94.60 94.67 94.61 94.64 94.19 94.44 94.91 94.87 94.86 95.09 95.22 95.10
95.18 95.18 95.14 95.13 95.14 95.14 95.04 95.02 95.03 95.00 94.95 94.85 94.78 94.69 94.56 94.42 94.25 94.07 93.94 93.80 93.56 93.57 93.47 93.38 93.35 93.30 93.26 93.24 93.21 93.19 93.16 93.14 93.11 93.09 93.09 93.09 93.06 93.05 93.00 92.95 92.92 92.93 92.95 92.97 92.95 93.01 93.08 93.17 93.36 93.49 93.66 93.81 94.00 94.09 94.12 93.74 93.24 93.19 93.27 93.57 93.81 94.18 94.43 94.80 94.83 95.00 95.14 95.32 95.48 95.58 95.74 95.87 95.95 95.97 96.04 96.08 96.10 96.01 96.32 96.40 96.16 96.14 96.19 95.89 96.07 95.98 95.84 95.80 95.85 95.72 95.68 95.59 95.47 95.36 95.28 95.20 95.11 94.92 95.09 94.94 94.91 94.88 94.47 96.23 96.89 94.70 93.88 94.43 94.37 94.24 94.23 94.20 94.19 94.23 94.33 94.20 94.24 94.21 94.29 94.31 94.29 94.35 94.30 94.32 94.38 94.39 94.36 94.47 94.54 94.63 94.74 94.92 95.11 95.25 95.44 95.47 95.70 95.78 95.94 96.02 96.10 96.16 96.27 96.24 96.26 96.24 96.15 96.22 96.19 96.12 96.08 95.97 95.95 95.75 95.52 95.58 95.46 95.33 95.24 95.17 95.05 94.99 94.92 94.84 94.82 94.83 94.77 94.80 94.74 94.73 94.72 94.75 94.66 94.89 94.91 94.82 94.92 95.12 95.24 95.23
95.20 95.17 95.22 95.22 95.19 95.16 95.12 95.06 95.02 94.91 94.93 94.86 94.74 94.64 94.49 94.30 94.04 94.06 93.99 93.86 93.76 93.68 93.56 93.48 93.41 93.37 93.33 93.28 93.27 93.23 93.21 93.20 93.17 93.16 93.16 93.15 93.15 93.12 93.07 93.03 93.00 93.00 93.02 93.04 93.09 93.15 93.20 93.29 93.40 93.62 93.82 93.96 94.06 94.17 94.25 94.33 93.62 93.85 93.47 94.17 94.68 94.80 94.92 94.99 95.11 95.25 95.46 95.57 95.69 95.76 95.96 96.04 96.08 96.13 96.20 96.27 96.29 96.25 96.34 96.30 96.23 96.29 96.23 96.27 96.17 96.30 96.22 96.02 95.98 95.82 95.82 95.74 95.61 95.55 95.40 95.29 95.32 95.52 95.15 95.12 94.94 94.93 94.79 94.66 94.36 94.38 94.35 94.57 94.45 94.51 94.43 94.43 94.35 94.42 94.41 94.38 94.45 94.51 94.41 94.48 94.42 94.39 94.31 94.36 94.40 94.36 94.36 94.48 94.54 94.61 94.79 94.95 95.09 95.22 95.22 95.41 95.54 95.70 95.74 95.84 95.87 95.98 95.99 96.10 96.13 96.14 96.08 96.09 95.96 95.96 95.97 95.96 95.77 95.61 95.54 95.42 95.47 95.35 95.28 95.19 95.11 95.03 94.97 94.94 94.92 94.88 94.92 94.89 94.69 94.78 94.74 94.85 94.83 94.84 94.89 95.04 95.17 95.18 95.25 95.27
95.32 95.30 95.23 95.14 95.17 95.04 95.07 95.09 95.03 94.97 94.94 94.83 94.76 94.63 94.57 94.35 95.77 93.99 94.06 93.99 93.89 93.79 93.71 93.66 93.54 93.45 93.40 93.35 93.31 93.29 93.26 93.26 93.24 93.24 93.23 93.23 93.21 93.19 93.17 93.14 93.10 93.10 93.09 93.10 93.14 93.20 93.29 93.87 93.76 93.96 94.05 94.08 94.37 94.24 94.36 94.49 94.60 94.66 94.85 94.97 95.07 95.17 95.35 95.42 95.55 95.66 95.71 95.82 95.89 96.00 96.13 96.20 96.24 96.32 96.37 96.33 96.37 96.39 96.43 96.52 96.32 96.35 96.39 96.33 96.42 96.28 96.14 96.12 95.99 95.98 95.92 95.88 95.76 95.65 95.47 95.43 95.41 95.37 95.29 95.19 95.12 95.04 94.90 94.90 94.85 94.72 94.65 94.65 94.66 94.59 94.59 94.59 94.53 94.61 94.54 94.62 94.70 94.66 94.65 94.61 94.49 94.46 94.41 94.39 94.33 94.36 94.49 94.57 94.58 94.64 94.78 94.93 95.03 95.07 95.20 95.35 95.46 95.57 95.59 95.66 95.72 95.79 95.82 95.91 95.94 95.89 95.91 95.91 95.69 95.72 95.80 95.69 95.67 95.53 95.45 95.51 95.31 95.39 95.34 95.15 95.08 95.06 95.02 95.03 94.95 94.96 94.93 94.86 94.83 94.89 94.92 94.78 94.83 94.83 94.99 95.13 95.20 95.29 95.35 95.38
95.36 95.35 95.31 95.26 95.29 95.19 95.11 95.06 95.04 95.04 94.91 94.82 94.81 94.68 94.59 94.53 94.18 94.22 94.11 94.09 94.01 93.95 93.85 93.77 93.71 93.63 93.53 93.44 93.44 93.39 93.37 93.35 93.33 93.34 93.32 93.32 93.31 93.29 93.28 93.22 93.21 93.18 93.18 93.18 93.22 93.31 93.43 93.59 93.87 93.99 94.11 94.18 94.26 94.37 94.51 94.64 94.78 94.94 95.08 95.21 95.45 95.53 95.61 95.67 95.77 95.82 95.92 96.01 96.08 96.20 96.24 96.70 96.43 96.45 96.48 96.53 96.53 96.49 96.51 96.50 96.48 96.59 96.40 96.41 95.88 97.09 96.24 96.18 96.15 96.05 96.05 95.90 95.83 95.76 95.71 95.57 95.55 95.44 95.37 95.20 95.19 95.13 94.99 94.86 94.81 94.81 94.79 94.71 94.81 94.76 94.72 94.77 94.84 94.82 94.81 94.84 94.89 94.83 94.76 94.62 94.57 94.57 94.53 94.47 94.47 94.50 94.46 94.54 94.61 94.65 94.79 94.85 94.98 94.99 95.06 95.18 95.35 95.41 95.46 95.42 95.59 95.55 95.67 95.77 95.78 95.74 95.72 95.75 95.71 95.63 95.69 95.64 95.65 95.63 95.49 95.53 95.42 95.45 95.40 95.27 95.19 95.20 95.10 95.07 95.05 94.98 94.98 94.95 94.85 94.95 94.94 94.89 95.07 95.00 95.02 95.15 95.28 95.28 95.33 95.35
95.36 95.38 95.36 95.24 95.31 95.28 95.08 95.18 95.17 95.15 95.07 94.98 94.88 94.81 94.68 94.54 94.56 94.43 94.35 94.26 94.19 94.10 93.98 93.90 93.89 93.85 93.81 93.73 93.68 93.63 93.59 93.52 93.49 93.50 93.55 93.49 93.49 93.48 93.41 93.35 93.33 93.31 93.32 93.38 93.44 93.60 93.73 93.87 94.04 94.15 94.24 94.39 94.45 94.56 94.70 94.81 94.96 95.11 95.26 95.47 95.71 95.60 95.89 95.96 95.99 96.06 96.16 96.24 96.28 96.30 96.42 96.43 96.49 96.58 96.61 96.62 96.58 96.67 96.73 96.69 96.60 96.57 96.58 96.51 96.48 96.45 96.41 96.37 96.29 96.14 96.02 96.04 95.91 95.89 95.66 95.71 95.67 95.58 95.41 95.35 95.26 95.21 95.17 95.11 95.10 95.05 94.91 94.91 94.93 94.96 95.02 95.04 95.03 95.02 94.94 95.00 94.99 94.99 94.83 94.77 94.73 94.68 94.57 94.59 94.52 94.53 94.50 94.56 94.62 94.65 94.75 94.75 94.93 95.07 95.03 94.94 95.15 95.21 95.19 95.35 95.45 95.33 95.48 95.58 95.57 95.51 95.57 95.56 95.57 95.57 95.56 95.59 95.58 95.52 95.50 95.54 95.51 95.42 95.41 95.33 95.36 95.25 95.21 95.14 95.10 95.04 94.92 94.94 94.92 94.99 95.04 95.06 95.12 95.12 95.16 95.21 95.29 95.39 95.26 95.34
95.38 95.39 95.37 95.38 95.35 95.39 95.29 95.22 95.25 95.12 95.06 95.05 94.98 94.88 94.78 94.72 94.64 94.57 94.50 94.39 94.30 94.27 94.21 94.15 94.08 94.05 93.99 93.95 93.91 93.90 93.89 93.84 93.86 93.86 93.83 93.80 93.78 93.79 93.75 94.02 93.71 93.70 93.71 93.75 93.79 93.86 93.94 94.06 94.23 94.34 94.40 94.60 94.74 94.85 94.96 95.11 95.24 95.38 95.51 95.62 95.82 96.00 96.08 96.15 96.25 96.66 96.21 96.44 96.48 96.51 96.62 96.52 96.62 96.76 96.84 96.82 96.79 96.82 96.73 96.77 96.71 96.72 96.66 96.68 96.60 96.56 96.47 96.41 96.31 96.23 96.12 96.07 96.03 95.92 95.90 95.88 95.70 95.61 95.58 95.45 95.41 95.34 95.24 95.22 95.19 95.20 95.07 95.14 95.12 95.17 95.15 95.16 95.18 95.17 95.08 95.14 95.08 95.07 95.02 94.86 94.91 94.88 94.58 94.69 94.66 94.61 94.55 94.53 94.57 94.66 94.67 94.71 94.78 94.45 94.81 94.98 95.02 95.01 95.15 95.23 95.29 95.15 95.37 95.42 95.43 95.32 95.41 95.40 95.46 95.50 95.46 95.51 95.46 95.41 95.47 95.48 95.43 95.40 95.42 95.35 95.31 95.34 95.26 95.24 95.20 95.03 95.13 95.11 95.03 95.09 95.07 95.16 95.20 95.19 95.28 95.29 95.26 95.37 95.35 95.28
95.52 95.39 95.38 96.11 95.40 95.43 95.42 95.38 95.34 95.30 95.24 95.12 95.10 95.00 94.95 94.91 94.83 94.78 94.64 94.52 94.33 94.48 94.42 94.37 94.33 94.31 94.24 94.25 94.24 94.19 94.17 94.12 94.10 94.07 94.03 94.00 93.99 94.00 93.99 93.98 93.97 94.00 94.01 94.06 94.14 94.19 94.27 94.33 94.47 94.59 94.77 94.89 95.03 95.18 95.36 95.45 95.56 95.69 95.84 95.89 96.02 96.17 96.30 96.43 96.44 96.48 96.64 96.64 96.64 96.65 96.74 96.71 96.80 96.80 96.85 96.91 96.87 96.81 96.80 96.84 96.82 96.80 96.70 96.64 96.59 96.35 96.40 96.35 96.32 96.27 96.23 96.13 96.01 95.95 95.99 95.72 95.67 95.68 95.62 95.54 95.51 95.43 95.36 95.35 95.35 95.31 95.30 95.30 95.29 95.25 95.30 95.27 95.32 95.26 95.23 95.20 95.18 95.10 95.16 95.08 95.00 94.97 94.95 94.86 94.80 94.75 94.67 94.65 94.62 94.63 94.64 94.70 94.76 94.77 94.84 94.93 94.99 94.99 95.09 94.97 95.18 95.04 95.23 95.30 95.21 95.34 95.33 95.34 95.38 95.39 95.37 95.38 95.47 95.47 95.46 95.43 95.44 95.39 95.43 95.44 95.41 95.36 95.38 95.36 95.24 95.29 95.30 95.31 95.13 95.21 95.23 95.27 95.19 95.32 95.40 95.43 95.40 95.44 95.46 95.47
95.55 95.66 95.55 95.62 95.60 95.55 95.51 95.53 95.31 95.38 95.31 95.30 95.29 95.25 95.38 95.08 95.03 94.97 94.85 94.90 94.84 94.74 94.71 94.67 94.63 94.60 94.50 94.53 94.50 94.47 94.42 94.37 94.36 94.32 94.27 94.22 94.22 94.22 94.19 94.18 94.18 94.23 94.29 94.35 94.43 94.51 94.58 94.69 94.77 94.89 95.00 95.04 95.28 95.49 95.64 95.81 95.96 96.14 96.22 96.27 96.32 96.45 96.53 96.52 96.66 96.71 96.74 96.67 96.74 96.81 96.72 96.76 96.87 96.89 96.90 96.93 96.93 96.87 96.88 96.86 96.88 96.80 96.74 96.44 97.43 99.14 95.81 96.30 96.38 96.27 96.29 96.13 96.14 95.98 95.95 95.87 95.78 95.75 95.73 95.67 95.58 95.57 95.51 95.39 95.47 95.36 95.33 95.37 95.36 95.33 95.38 95.38 95.41 95.33 95.21 95.22 95.33 95.21 95.18 95.24 95.20 95.13 95.10 94.94 94.92 94.78 94.81 94.74 94.73 94.63 94.71 94.70 94.70 94.73 94.81 94.80 94.88 94.92 94.87 94.98 95.07 95.06 95.14 95.17 95.11 95.25 95.24 95.28 95.26 95.29 95.34 95.36 95.37 95.40 95.26 95.43 95.41 95.48 95.46 95.46 95.38 95.38 95.48 95.47 95.39 95.49 95.49 95.33 95.44 95.36 95.48 95.47 95.44 95.45 95.46 95.53 95.42 95.44 95.59 95.32
95.77 95.75 95.79 95.75 95.71 95.80 95.74 95.67 95.70 95.64 95.48 95.50 95.54 95.41 95.43 95.35 95.34 95.29 95.25 95.23 95.06 95.11 94.98 94.92 94.91 94.79 94.88 94.84 94.76 94.73 94.70 94.62 94.63 94.55 94.79 94.46 94.46 94.45 94.42 94.44 94.47 94.51 94.61 94.64 94.71 94.81 94.92 95.06 95.15 95.28 95.43 95.60 95.74 95.92 96.10 96.26 96.43 96.56 96.69 96.82 96.88 96.88 96.82 96.79 96.81 96.82 96.80 96.85 96.92 96.89 96.94 96.95 96.92 96.99 96.98 96.94 96.91 96.80 96.97 96.92 96.89 96.83 96.67 96.62 96.60 96.46 96.43 96.44 96.39 96.41 96.30 96.21 96.19 96.08 96.03 95.93 95.88 95.83 95.78 95.66 95.59 95.63 95.58 95.46 95.48 95.47 95.48 95.42 95.38 95.27 95.31 95.44 95.49 95.42 95.38 95.39 95.28 95.35 95.33 95.31 95.27 95.16 95.20 95.15 95.08 95.04 95.02 94.90 94.83 94.82 94.77 94.71 94.72 94.72 94.66 94.81 94.83 94.87 94.63 94.94 95.01 95.08 95.11 95.07 95.11 95.14 95.00 95.23 95.23 95.27 95.25 95.37 95.36 95.41 95.43 95.43 95.45 95.48 95.49 95.55 95.42 95.45 95.46 95.53 95.52 95.52 95.63 95.63 95.64 95.59 95.65 95.60 95.69 95.68 95.57 95.61 95.62 95.74 95.71 95.75
95.75 95.93 95.93 95.88 95.90 95.90 95.86 95.89 95.75 95.91 95.79 95.76 95.72 95.74 95.57 95.49 95.48 95.57 95.60 95.48 95.49 95.46 95.42 95.38 95.25 95.22 94.91 95.16 95.14 94.99 95.10 94.92 94.95 94.85 94.76 94.70 94.72 94.71 94.72 94.73 94.74 94.85 94.92 95.00 95.08 95.19 95.38 95.54 95.72 95.85 95.94 96.04 96.10 96.23 96.32 96.46 96.55 96.60 96.72 96.77 96.79 96.83 96.83 96.83 96.81 96.86 96.89 96.91 96.87 96.95 96.97 96.95 97.03 97.01 96.89 96.97 96.95 96.87 96.89 96.85 96.78 96.75 96.78 96.69 96.56 96.58 96.43 96.38 96.34 96.28 96.28 96.19 96.09 96.07 96.06 95.87 95.90 95.88 95.82 95.78 95.75 95.72 95.68 95.57 95.58 95.64 95.59 95.54 95.52 95.55 95.33 95.36 95.47 95.45 95.49 95.44 95.39 95.41 95.40 95.30 95.24 95.28 95.25 95.25 95.13 95.11 95.10 95.08 95.03 94.99 94.94 94.86 94.85 94.80 94.74 94.70 94.76 94.87 94.94 94.92 94.96 94.97 95.02 95.03 95.04 95.06 95.10 95.16 95.17 95.16 95.24 95.20 95.27 95.35 95.42 95.47 95.44 95.50 95.66 95.60 95.56 95.56 95.57 95.66 95.66 95.72 95.74 95.80 95.77 95.73 95.72 95.81 95.84 95.88 95.99 95.93 95.88 95.90 95.85 95.80
96.07 96.15 96.19 96.09 96.03 96.11 96.42 95.95 96.05 96.06 95.91 95.96 95.98 95.91 96.00 96.01 95.99 95.90 96.03 95.78 95.67 95.79 95.78 95.71 95.62 95.56 95.48 95.39 95.43 95.29 95.32 95.34 95.36 95.20 95.30 95.31 95.19 95.19 95.21 95.23 95.17 95.33 95.39 95.44 95.55 95.62 95.74 95.90 95.99 96.11 96.21 96.29 96.30 96.29 96.38 96.41 96.45 96.50 96.56 96.57 96.55 96.63 96.64 96.70 96.85 96.78 96.81 96.86 96.97 96.90 96.96 96.94 96.93 96.99 96.92 96.86 96.88 96.92 96.87 96.80 96.75 96.74 96.69 96.62 96.54 96.51 96.45 96.43 96.38 96.26 96.14 96.06 96.10 96.11 96.00 95.99 95.93 95.90 95.86 95.80 95.72 95.66 95.63 95.59 95.65 95.67 95.64 95.57 95.59 95.56 95.62 95.54 95.51 95.51 95.45 95.50 95.43 95.40 95.31 95.39 95.26 95.35 95.32 95.21 95.23 95.22 95.20 95.21 95.16 95.09 95.06 95.08 95.03 95.01 94.93 94.96 94.91 94.88 94.85 94.83 94.78 94.78 94.82 94.87 94.93 94.99 95.07 95.10 95.20 95.18 95.27 95.27 95.27 95.31 95.40 95.38 95.52 95.60 95.65 95.69 95.72 95.64 95.78 95.80 95.82 95.89 95.87 95.92 95.79 95.96 95.95 95.93 95.85 95.98 96.01 96.05 96.14 95.98 96.07 96.04
96.29 96.35 96.35 96.29 96.21 96.36 96.38 96.32 96.31 96.36 96.42 96.30 96.32 96.19 96.43 96.24 96.20 96.16 96.08 96.06 96.10 95.82 95.83 95.90 95.79 95.91 95.79 96.19 95.96 95.85 95.92 95.75 95.67 95.62 95.52 95.60 95.51 95.55 95.58 95.67 95.72 95.79 95.83 95.86 95.96 96.01 96.05 96.10 96.16 96.23 96.32 96.46 96.42 96.43 96.44 96.43 96.39 96.39 96.34 96.41 96.46 96.52 96.56 96.56 96.62 96.71 96.75 96.72 96.73 96.77 96.87 96.94 96.93 96.83 96.90 96.92 96.93 96.84 96.77 96.66 96.68 96.62 96.56 96.51 96.53 96.50 96.44 96.37 96.30 96.29 96.20 96.00 96.01 96.00 95.98 95.84 95.86 95.84 95.79 95.81 95.75 95.74 95.69 95.55 95.64 95.64 95.56 95.53 95.52 95.46 95.52 95.53 95.58 95.56 95.50 95.56 95.56 95.48 95.38 95.32 95.37 95.45 95.41 95.31 95.29 95.27 95.22 95.27 95.17 95.17 95.13 95.10 95.13 95.07 95.10 95.07 95.03 94.99 94.98 95.00 95.04 95.07 95.10 95.11 95.14 95.17 95.20 95.22 95.27 95.30 95.28 95.36 95.36 95.42 95.42 95.43 95.56 95.62 95.66 95.64 95.78 95.78 95.74 95.85 95.94 96.00 95.92 96.01 96.10 96.14 95.63 97.01 95.83 94.79 96.09 96.16 96.30 96.26 96.08 96.20
96.37 96.49 96.41 96.46 96.46 96.59 96.40 96.50 96.52 96.50 96.55 96.44 96.46 96.57 96.45 96.51 96.49 96.27 96.36 96.40 96.32 96.43 96.47 96.56 96.37 96.16 96.19 96.19 95.91 96.00 96.02 95.95 96.10 96.15 96.22 96.03 95.96 95.98 95.87 96.01 95.98 96.03 96.14 96.12 96.12 96.05 96.15 96.21 96.25 96.36 96.42 96.44 96.44 96.46 96.47 96.61 96.46 96.45 96.49 96.51 96.60 96.66 96.71 96.72 96.73 96.70 96.67 96.70 96.75 96.66 96.80 96.81 96.81 96.82 96.79 96.83 96.76 96.75 96.64 96.67 96.58 96.57 96.49 96.65 96.44 96.35 96.28 96.22 96.20 96.19 96.11 96.08 96.03 95.96 95.96 95.92 96.02 95.81 95.76 95.72 95.70 95.68 95.67 95.61 95.63 95.64 95.64 95.60 95.53 95.60 95.56 95.52 95.57 95.57 95.55 95.53 95.50 95.53 95.43 95.44 95.43 95.41 95.34 95.46 95.46 95.42 95.31 95.30 95.30 95.22 95.30 95.27 95.29 95.25 95.18 95.21 95.18 95.19 95.18 95.18 95.17 95.25 95.26 95.14 95.22 95.28 95.33 95.36 95.31 95.33 95.37 95.43 95.46 95.49 95.53 95.54 95.58 95.68 95.72 95.78 95.79 95.87 95.89 95.98 96.01 96.00 96.01 96.06 96.11 96.17 96.18 96.24 96.17 96.44 96.45 96.48 96.48 96.47 96.42 96.33
96.62 96.48 96.19 96.05 96.22 96.54 96.42 95.97 95.99 96.46 96.57 96.56 96.59 96.54 96.52 96.32 95.98 96.02 95.89 96.27 96.03 96.15 96.61 96.93 96.43 96.23 96.21 96.36 96.28 96.26 96.24 96.23 96.29 96.18 95.81 96.15 96.03 96.13 96.08 96.04 96.22 96.19 96.09 96.09 96.19 96.27 96.31 96.35 96.40 96.42 96.45 96.49 96.34 96.56 96.59 96.65 96.67 96.68 96.68 96.69 96.73 95.99 96.02 96.47 96.62 96.60 96.59 96.63 96.55 96.56 96.63 96.65 96.65 96.66 96.61 96.63 96.60 96.61 96.64 96.61 96.55 96.44 96.42 96.38 96.37 96.30 96.15 96.13 96.21 96.15 96.16 96.10 96.01 95.90 95.88 95.92 95.92 95.89 95.83 95.79 95.76 95.76 95.70 95.78 95.69 95.67 95.67 95.65 95.64 95.63 95.63 95.60 95.56 95.49 95.50 95.49 95.54 95.46 95.47 95.38 95.42 95.46 95.47 95.49 95.48 95.50 95.47 95.44 95.41 95.36 95.40 95.35 95.32 95.25 94.97 95.20 95.30 95.32 95.36 95.34 95.30 95.31 95.32 95.32 95.34 95.33 95.39 95.36 95.39 95.35 95.43 95.49 95.48 95.53 95.59 95.62 95.66 95.68 95.65 95.73 95.76 95.84 95.94 96.00 96.03 96.04 96.09 96.18 96.19 96.14 96.24 96.16 96.22 96.30 96.27 96.50 96.61 96.58 96.49 96.56
96.31 96.17 96.17 96.28 96.30 96.25 96.19 96.18 96.22 96.19 96.20 96.01 96.29 96.23 96.26 96.35 96.34 96.38 96.38 96.31 96.28 96.40 96.37 96.39 96.44 96.48 96.38 96.12 96.20 96.07 96.13 96.18 96.21 96.21 96.16 96.23 96.18 96.29 96.27 96.25 96.27 96.30 96.30 96.25 96.18 96.21 96.25 96.29 96.33 96.41 96.49 96.45 96.49 96.53 96.59 96.60 96.55 96.62 96.70 96.69 96.74 96.77 96.76 96.78 96.73 96.73 96.81 96.75 96.65 96.59 96.53 96.50 96.42 96.45 96.46 96.28 96.23 96.28 96.39 96.40 96.28 96.34 96.16 95.64 95.94 96.29 95.05 95.27 95.98 94.60 95.05 95.61 95.28 94.85 95.45 94.67 94.83 95.53 95.25 94.88 95.01 95.10 95.23 95.64 95.68 95.60 95.65 95.66 95.68 95.65 95.64 95.63 95.62 95.61 95.55 95.57 95.55 95.55 95.53 95.31 95.89 95.30 95.49 95.47 95.45 95.49 95.46 95.43 95.45 95.46 95.47 95.48 95.46 95.48 95.47 95.48 95.50 95.50 95.46 95.48 95.46 95.42 95.36 95.39 95.41 95.33 95.24 95.26 95.32 95.39 95.44 95.40 95.50 95.57 95.57 95.66 95.63 95.71 95.70 95.71 95.76 95.84 95.88 95.97 95.98 96.05 96.02 96.01 96.06 96.20 96.20 96.23 96.23 96.29 96.31 96.25 96.23 96.38 96.38 96.35
95.32 95.34 95.36 95.43 95.36 95.36 95.39 95.37 95.38 95.40 95.42 95.44 95.46 95.48 95.52 95.54 95.54 95.57 95.57 95.59 95.59 95.62 95.64 95.68 95.71 95.78 95.87 95.98 95.97 96.05 96.15 96.05 96.06 96.26 95.71 95.70 95.50 95.80 95.15 95.30 95.53 95.65 96.12 96.13 96.16 96.24 96.32 96.28 96.08 96.02 95.44 95.39 95.20 95.43 95.98 95.59 95.52 95.50 95.50 95.62 96.28 96.06 96.13 96.12 96.21 96.28 96.38 96.00 95.83 95.52 95.54 95.57 95.06 95.33 95.12 94.80 94.58 94.78 94.54 94.32 94.28 93.98 94.03 93.87 93.87 93.94 93.71 93.69 93.70 93.61 93.68 93.80 93.53 93.53 93.81 93.60 93.64 93.45 93.45 93.48 93.80 93.90 93.88 93.88 93.92 94.00 93.67 94.50 94.57 95.28 95.22 94.59 94.85 95.50 95.15 95.25 94.95 95.09 95.36 94.75 94.81 94.72 94.82 94.87 95.14 95.51 94.98 95.07 95.08 95.07 95.15 95.13 95.13 95.17 95.19 95.22 95.32 95.43 95.53 95.53 95.54 95.54 95.55 95.52 95.54 95.48 95.50 95.53 95.55 95.62 95.63 95.67 95.68 95.71 95.70 95.69 95.70 95.74 95.76 95.72 95.73 95.76 95.80 95.80 95.80 95.80 95.77 95.74 95.73 95.64 95.55 95.57 95.55 95.54 95.52 95.46 95.41 95.35 95.34 95.33
94.93 94.93 94.93 94.92 94.92 94.91 94.92 94.93 94.94 94.96 94.98 95.01 95.02 95.05 95.07 95.11 95.15 95.16 95.23 95.23 95.27 95.27 95.27 95.26 95.25 95.19 95.34 95.30 95.25 94.63 94.51 94.30 94.58 94.69 94.31 94.52 94.26 94.29 94.30 94.20 94.06 94.20 93.98 93.85 93.86 94.03 94.01 93.96 94.04 94.12 94.26 94.40 94.65 94.76 94.36 94.47 94.27 94.13 94.12 94.27 94.14 94.85 94.76 95.59 95.77 95.97 96.14 96.26 96.24 95.89 95.59 95.23 94.93 94.71 94.61 94.40 94.28 94.16 94.07 94.02 93.97 93.90 93.85 93.81 93.74 93.68 93.65 93.60 93.57 93.57 93.57 93.56 93.56 93.53 93.50 93.48 93.46 93.44 93.43 93.42 93.41 93.39 93.38 93.37 93.36 93.35 93.34 93.34 93.35 93.41 93.54 93.72 93.66 93.73 93.56 93.70 93.91 93.98 93.85 93.73 93.67 93.71 93.97 93.79 93.87 93.74 93.85 93.89 93.80 93.86 93.71 93.75 93.88 94.07 93.99 93.96 94.02 93.85 93.94 93.96 94.11 94.45 94.53 94.66 95.11 95.06 95.38 95.58 95.62 95.59 95.56 95.54 95.54 95.55 95.61 95.64 95.62 95.61 95.54 95.50 95.48 95.47 95.44 95.41 95.38 95.34 95.30 95.27 95.24 95.22 95.18 95.17 95.13 95.11 95.09 95.06 95.01 94.97 94.94 94.94
95.19 95.04 95.17 95.32 95.40 95.65 94.35 94.21 94.47 94.66 94.05 94.39 94.19 94.09 94.23 94.42 93.73 93.55 93.52 93.54 93.55 93.75 94.24 93.94 93.96 94.10 94.44 94.18 94.13 94.36 94.30 93.42 93.49 93.78 93.52 93.42 93.40 93.40 93.41 93.43 93.42 93.51 93.46 93.40 93.43 93.39 93.36 93.37 93.37 93.46 93.44 93.41 93.49 93.65 93.65 93.54 93.56 93.58 93.65 93.73 93.77 93.65 93.78 93.68 93.64 93.64 93.90 93.91 94.30 94.51 94.65 94.95 94.71 94.69 94.66 94.81 94.98 95.18 95.26 95.28 95.35 95.37 94.96 94.58 94.19 94.13 94.19 94.26 94.38 94.63 95.10 95.09 93.79 93.60 93.59 93.68 93.62 93.57 93.47 93.42 93.40 93.45 93.39 93.37 93.36 93.35 93.34 93.33 93.32 93.31 93.31 93.31 93.31 93.32 93.32 93.33 93.34 93.34 93.35 93.34 93.35 93.36 93.37 93.36 93.36 93.36 93.36 93.36 93.36 93.36 93.36 93.36 93.35 93.36 93.38 93.38 93.43 93.43 93.41 93.58 93.39 93.39 93.39 93.70 93.71 93.73 93.83 94.14 93.84 93.65 93.78 93.66 93.96 94.05 94.28 94.51 94.05 94.27 94.44 94.54 94.49 94.25 94.38 94.80 94.65 94.71 94.94 95.37 95.12 95.44 95.16 94.93 94.79 94.64 94.80 95.01 95.14 94.82 94.86 94.93
93.26 93.31 93.29 93.30 93.32 93.31 93.31 93.30 93.24 93.23 93.23 93.23 93.25 93.26 93.24 93.22 93.22 93.22 93.21 93.21 93.22 93.25 93.25 93.19 93.19 93.19 93.20 93.21 93.22 93.22 93.22 93.20 93.18 93.20 93.19 93.16 93.15 93.15 93.14 93.15 93.16 93.16 93.18 93.17 93.16 93.14 93.13 93.13 93.14 93.15 93.15 93.15 93.15 93.16 93.18 93.21 93.21 93.23 93.24 93.24 93.22 93.21 93.20 93.20 93.19 93.19 93.19 93.19 93.20 93.21 93.28 93.49 93.54 93.44 93.39 93.36 93.38 93.34 93.33 93.37 93.31 93.29 93.28 93.28 93.30 93.27 93.29 93.34 93.30 93.32 93.27 93.25 93.27 93.25 93.22 93.22 93.23 93.22 93.24 93.24 93.22 93.20 93.20 93.22 93.22 93.19 93.19 93.18 93.17 93.17 93.16 93.17 93.16 93.17 93.17 93.18 93.18 93.19 93.18 93.22 93.17 93.18 93.19 93.20 93.24 93.26 93.20 93.20 93.22 93.22 93.24 93.21 93.18 93.18 93.18 93.18 93.18 93.19 93.21 93.22 93.22 93.22 93.23 93.22 93.24 93.24 93.24 93.22 93.20 93.18 93.20 93.18 93.21 93.20 93.17 93.17 93.18 93.26 93.23 93.25 93.22 93.28 93.28 93.32 93.32 93.33 93.30 93.30 93.31 93.31 93.30 93.33 93.36 93.34 93.34 93.34 93.31 93.35 93.40 93.31
93.10 93.10 93.10 93.11 93.11 93.08 93.08 93.07 93.07 93.07 93.07 93.07 93.07 93.07 93.07 93.06 93.06 93.06 93.06 93.06 93.06 93.06 93.06 93.06 93.06 93.06 93.06 93.05 93.05 93.04 93.04 93.04 93.03 93.03 93.03 93.03 93.03 93.02 93.02 93.02 93.02 93.02 93.02 93.02 93.02 93.02 93.02 93.02 93.02 93.02 93.03 93.03 93.03 93.04 93.04 93.05 93.05 93.05 93.06 93.06 93.06 93.06 93.06 93.06 93.07 93.07 93.07 93.07 93.07 93.07 93.08 93.08 93.08 93.08 93.09 93.09 93.09 93.09 93.10 93.10 93.10 93.10 93.10 93.10 93.10 93.10 93.10 93.10 93.10 93.10 93.10 93.11 93.11 93.11 93.10 93.10 93.09 93.10 93.12 93.12 93.11 93.10 93.10 93.09 93.09 93.09 93.09 93.08 93.08 93.08 93.08 93.08 93.07 93.07 93.07 93.07 93.07 93.07 93.06 93.06 93.06 93.06 93.06 93.06 93.07 93.06 93.06 93.06 93.06 93.06 93.06 93.05 93.05 93.05 93.05 93.05 93.04 93.04 93.04 93.03 93.03 93.03 93.03 93.03 93.03 93.03 93.03 93.03 93.03 93.03 93.04 93.04 93.04 93.05 93.05 93.06 93.06 93.06 93.06 93.06 93.06 93.06 93.06 93.06 93.06 93.06 93.06 93.06 93.06 93.06 93.07 93.07 93.07 93.08 93.08 93.08 93.09 93.09 93.09 93.09
