East longitude (degrees): -179:2:179
North latitude (degrees): -89:2:89

Absorbed dose on Martian Surface (1E-6 Gy/day), 2D array where Absorbed dose(i,j)= value at latitude(i) and longitude(j).
74.24 74.28 74.32 74.33 74.33 74.32 74.32 74.33 74.35 74.39 74.51 74.55 74.53 74.57 74.72 74.80 74.84 74.90 74.92 74.83 74.78 74.89 74.90 74.86 74.81 74.79 74.74 74.75 74.81 74.79 74.85 74.93 74.88 74.82 74.89 74.83 74.75 74.69 74.59 74.51 74.44 74.37 74.31 74.28 74.25 74.24 74.23 74.23 74.22 74.20 74.18 74.18 74.15 74.15 74.15 74.15 74.09 74.07 74.06 74.07 74.06 74.06 74.07 74.04 74.05 74.08 74.09 73.97 73.92 73.94 73.91 73.92 73.92 73.92 73.89 73.87 73.86 73.86 73.84 73.85 73.84 73.86 73.87 73.86 73.88 73.88 73.88 73.88 73.88 73.89 73.89 73.92 73.92 73.91 73.91 73.93 73.93 73.94 73.95 73.95 73.93 73.94 73.94 73.95 73.96 73.97 73.99 74.00 74.02 74.03 74.06 74.06 74.05 74.09 74.15 74.18 74.18 74.19 74.19 74.21 74.23 74.23 74.24 74.26 74.29 74.32 74.32 74.34 74.36 74.37 74.39 74.39 74.40 74.42 74.42 74.45 74.45 74.45 74.45 74.45 74.41 74.42 74.40 74.37 74.38 74.38 74.37 74.35 74.32 74.29 74.28 74.27 74.27 74.24 74.22 74.22 74.21 74.20 74.20 74.21 74.20 74.19 74.19 74.17 74.16 74.15 74.16 74.16 74.17 74.17 74.18 74.20 74.21 74.23 74.23 74.25 74.26 74.26 74.25 74.25
75.39 75.43 75.44 75.52 75.50 75.55 75.50 75.49 75.48 75.42 75.42 75.42 75.35 75.28 75.24 75.23 75.24 75.25 75.25 75.22 75.23 75.26 75.35 75.37 75.36 75.32 75.33 75.26 75.32 75.21 75.37 75.38 75.28 75.26 75.25 75.25 75.23 75.20 75.20 75.17 75.11 75.15 75.12 75.10 75.08 75.07 75.07 75.02 74.98 74.94 74.82 74.96 74.80 74.58 74.62 74.58 74.49 74.39 74.34 74.33 74.50 74.10 74.20 73.99 73.93 73.92 73.86 73.82 73.79 73.79 73.79 73.81 73.87 73.86 73.62 73.57 73.51 73.43 73.42 73.59 73.33 73.17 73.17 73.10 73.07 73.08 73.11 73.14 73.17 73.19 73.22 73.21 73.19 73.16 73.16 73.55 73.47 73.63 73.49 73.66 73.65 73.67 73.76 73.78 73.81 73.88 73.94 74.06 74.13 74.18 74.08 74.09 74.13 74.16 74.18 74.19 74.23 74.26 74.31 74.31 74.36 74.40 74.40 74.44 74.49 74.48 74.49 74.54 74.58 74.57 74.62 74.62 74.63 74.67 74.76 74.85 74.91 75.00 74.95 74.84 74.74 74.71 74.69 74.67 74.64 74.64 74.60 74.43 74.41 74.39 74.39 74.40 74.42 74.42 74.42 74.42 74.47 74.54 74.60 74.60 74.65 74.70 74.75 74.78 74.85 74.91 74.97 75.00 75.09 75.11 75.22 75.22 75.24 75.24 75.29 75.23 75.07 75.16 75.38 75.51
74.75 74.76 74.77 74.77 74.78 74.78 74.79 74.82 74.83 74.83 74.83 74.83 74.85 74.89 74.85 74.81 74.82 74.89 74.89 74.89 74.90 74.91 74.93 74.94 74.93 74.94 74.97 75.03 75.08 75.17 75.38 75.41 75.40 75.40 75.43 75.34 75.47 75.41 75.39 75.36 75.52 75.72 75.69 75.72 75.59 75.58 75.52 75.46 75.40 75.34 75.36 75.26 75.26 75.25 75.45 75.53 75.32 75.20 75.24 75.51 75.41 74.73 74.66 74.71 74.81 74.89 74.74 74.80 74.77 74.46 74.64 74.60 74.35 74.28 74.32 74.10 74.37 74.59 74.84 74.57 74.44 74.39 74.45 74.47 74.56 74.46 74.41 74.31 74.30 74.40 74.29 74.29 74.35 74.29 74.27 74.28 74.29 74.31 74.32 74.37 74.34 74.45 74.67 74.87 74.82 74.78 74.75 74.75 74.71 74.74 74.78 74.81 74.83 74.86 74.71 74.74 74.80 74.81 74.77 74.71 74.71 74.73 74.75 74.81 74.87 74.92 74.92 74.88 74.88 74.85 74.82 74.80 74.77 74.78 74.80 74.86 75.20 75.84 76.06 75.91 75.55 75.38 75.31 75.33 75.06 74.92 74.85 74.78 74.82 74.85 74.78 74.79 74.82 74.90 75.00 75.03 75.05 75.07 75.05 75.05 75.04 74.94 74.85 74.80 74.79 74.84 74.88 74.92 75.00 75.10 74.96 75.00 74.97 74.93 74.89 74.87 74.85 74.85 74.78 74.75
74.77 74.78 74.79 74.80 74.81 74.81 74.82 74.84 74.85 74.87 74.88 74.90 74.92 74.94 74.93 74.94 74.95 74.97 75.00 75.02 75.04 75.06 75.08 75.11 75.14 75.18 75.21 75.25 75.31 75.39 75.36 75.27 75.26 75.23 75.30 75.37 75.37 75.34 75.39 75.44 75.29 75.30 75.31 75.32 75.35 75.38 75.37 75.71 75.79 75.85 75.79 75.81 75.76 75.77 75.79 75.77 75.73 75.93 75.98 75.96 75.65 75.89 75.84 75.75 75.98 75.77 75.78 75.76 76.04 75.81 76.04 76.23 76.36 76.37 76.27 76.16 76.17 76.16 76.17 76.27 76.26 76.24 76.13 76.16 76.18 76.12 76.08 76.07 76.12 76.11 75.91 75.90 75.95 76.19 75.88 75.81 75.73 75.69 75.68 75.56 75.68 75.33 75.42 75.26 75.50 75.65 75.67 75.52 75.45 75.45 75.47 75.54 75.69 75.73 75.78 75.76 75.52 75.52 75.48 75.47 75.42 75.41 75.23 75.18 75.22 75.25 75.25 75.16 75.15 75.24 75.20 75.21 75.30 75.31 75.43 75.76 76.22 76.17 76.19 76.18 76.19 75.51 75.43 75.46 75.43 75.51 75.48 75.43 75.41 75.41 75.37 75.30 75.23 75.19 75.16 75.08 75.05 75.08 75.26 75.46 75.74 75.88 75.60 75.28 74.85 74.85 74.67 74.62 74.61 74.62 74.70 74.83 75.10 75.08 74.91 74.79 74.74 74.72 74.73 74.75
74.93 74.98 74.98 75.07 74.92 74.96 74.99 75.02 75.05 75.09 75.13 75.17 75.27 75.30 75.18 75.18 75.20 75.24 75.27 75.29 75.32 75.35 75.36 75.39 75.41 75.44 75.49 75.51 75.53 75.55 75.58 75.68 75.67 75.69 75.76 75.73 75.61 75.63 75.62 75.64 75.75 75.66 75.48 75.52 75.42 75.35 75.39 75.51 75.55 75.49 75.60 75.54 75.70 76.25 76.04 76.17 76.35 76.04 76.32 76.25 76.04 76.13 76.17 76.15 76.15 76.12 76.16 76.17 76.13 76.08 76.15 76.05 75.94 75.97 75.99 76.00 75.95 75.95 75.95 75.99 76.28 75.94 75.83 75.80 75.78 75.79 75.78 75.80 75.78 75.78 75.77 75.78 75.71 75.58 75.45 75.24 74.78 74.30 74.90 74.98 75.29 75.49 75.45 75.52 75.69 75.81 75.88 76.02 75.99 75.92 75.79 75.96 76.03 76.11 76.10 76.15 76.17 76.21 76.20 76.19 76.17 76.20 76.16 76.12 76.10 76.13 75.89 75.91 75.95 75.99 76.03 76.16 76.20 76.25 76.28 76.27 76.25 75.89 75.40 75.29 75.26 75.22 75.21 75.30 75.35 75.36 75.31 75.40 75.45 75.50 75.58 75.62 75.68 75.55 75.62 75.75 75.84 75.64 75.56 75.58 75.85 75.71 75.53 75.53 75.61 75.57 75.81 75.42 74.97 74.79 74.81 74.90 74.98 75.11 75.28 74.89 74.96 74.96 74.84 74.88
75.12 75.15 75.16 75.23 75.22 75.20 75.20 75.23 75.24 75.35 75.28 75.33 75.37 75.38 75.44 75.52 75.48 75.61 75.43 75.55 75.48 75.50 75.49 75.76 76.02 75.43 75.69 75.98 75.87 75.93 75.89 75.90 75.88 75.89 75.93 75.94 75.94 75.94 75.88 75.86 75.87 75.73 76.09 76.16 75.60 75.71 75.71 75.64 75.62 75.79 75.94 75.78 76.21 76.12 76.17 76.28 76.43 75.69 76.08 75.77 76.22 76.08 75.70 75.98 75.99 76.19 76.21 76.18 76.17 76.15 76.12 76.14 76.14 76.15 76.14 76.12 76.13 76.16 76.15 76.02 76.09 76.19 76.02 76.00 76.02 76.16 75.94 76.06 75.96 75.98 76.02 75.95 75.92 75.73 75.19 75.20 74.93 75.25 75.58 75.75 75.69 75.83 75.85 75.89 75.94 76.06 75.95 76.02 75.87 76.02 75.78 75.95 75.85 75.85 75.65 75.59 76.01 76.11 76.26 76.29 76.32 76.31 76.33 76.32 76.34 76.32 76.29 76.32 76.31 76.33 76.30 76.28 76.33 76.32 76.32 76.33 76.37 76.38 76.34 76.34 76.34 76.36 76.17 75.94 76.05 75.72 75.43 75.43 75.42 75.36 75.40 75.46 75.70 76.35 76.26 75.74 75.62 75.94 75.25 75.26 75.61 75.28 75.11 75.03 74.98 75.05 74.95 75.17 75.02 74.99 75.00 75.03 75.10 74.93 74.87 74.94 75.00 75.06 75.07 75.08
75.58 75.42 75.39 75.37 75.32 75.48 75.46 75.66 75.63 75.66 75.65 75.67 75.86 75.75 75.71 75.75 75.81 75.82 75.88 75.78 75.74 75.77 75.75 75.81 75.77 75.85 75.96 76.01 75.93 75.99 75.97 75.98 75.99 75.98 75.98 76.00 75.98 76.00 75.99 75.99 75.98 76.00 75.95 75.87 75.84 75.72 75.42 75.82 75.38 75.54 75.99 75.89 75.80 75.51 75.62 75.74 75.85 75.82 75.91 75.89 76.06 76.17 76.07 76.11 76.22 76.25 76.24 76.26 76.26 76.25 76.23 76.22 76.19 76.20 76.18 76.19 76.17 76.12 76.01 76.02 75.99 75.91 75.87 75.78 75.93 76.05 75.97 75.99 75.87 75.95 75.96 75.93 75.72 75.63 75.56 75.45 75.14 74.90 75.59 76.22 76.41 76.50 76.49 75.84 75.99 75.92 75.93 76.03 75.88 76.06 75.91 75.88 75.84 76.08 76.28 76.18 75.88 75.80 75.57 75.44 75.38 75.16 75.07 75.39 75.73 76.00 76.17 76.16 76.11 75.99 75.67 76.03 76.13 75.74 76.06 76.17 76.34 76.28 76.14 76.07 75.89 75.91 75.79 76.05 76.38 76.35 76.25 76.18 75.78 75.81 75.85 75.40 75.80 75.98 75.97 75.48 75.27 75.31 75.17 75.18 75.23 75.13 75.12 75.27 75.20 75.16 75.23 75.28 75.30 75.28 75.22 75.28 75.41 75.22 75.23 75.26 75.37 75.47 75.52 75.41
75.71 75.77 75.64 75.72 75.62 75.61 75.68 76.07 75.81 75.77 76.31 76.49 75.90 75.97 75.97 76.03 75.90 75.96 75.96 75.85 75.85 75.99 75.99 76.08 76.00 76.04 76.06 76.08 76.06 76.04 76.04 76.03 76.05 76.02 75.77 75.99 76.00 75.99 75.98 75.98 75.95 75.92 75.93 75.93 75.96 76.00 75.96 75.91 75.80 75.74 75.80 75.51 75.44 75.66 75.97 76.03 76.00 76.18 76.27 76.30 76.32 76.31 76.28 76.26 76.24 76.24 76.23 76.12 76.22 76.17 76.09 76.01 75.99 75.90 75.86 75.92 75.87 75.98 75.89 75.90 75.94 75.97 76.02 75.92 76.11 75.98 75.98 76.07 75.97 75.97 75.92 75.75 75.68 75.86 75.94 75.95 75.96 75.96 75.99 75.92 75.82 75.88 75.88 75.85 76.02 76.05 76.05 75.96 75.95 75.88 75.83 75.74 75.48 75.59 75.67 75.37 75.60 75.52 75.40 75.49 75.35 75.31 75.72 75.89 75.78 75.73 76.35 75.55 75.67 75.67 75.74 76.01 75.95 75.88 75.84 75.72 75.89 75.34 75.12 74.88 74.84 75.23 76.48 76.39 76.45 75.77 76.14 75.79 76.21 76.39 76.31 76.27 76.23 76.25 76.29 75.66 75.03 74.99 74.97 74.98 74.95 75.04 75.41 75.34 75.45 75.09 75.13 75.24 75.28 75.28 75.32 75.33 75.35 75.50 75.50 75.54 75.61 75.57 75.60 75.64
76.33 75.70 76.07 76.07 76.01 75.84 76.25 76.08 76.09 76.09 75.85 75.66 76.21 75.79 75.94 76.05 76.02 76.01 75.97 75.90 75.81 75.61 76.19 75.49 75.63 76.11 75.97 75.96 75.97 76.00 76.01 76.01 76.06 75.86 75.82 75.64 75.77 75.99 75.92 75.96 75.96 75.98 75.93 75.96 75.99 75.99 76.00 75.86 76.18 76.70 76.70 76.80 76.78 75.90 76.21 76.22 76.32 76.35 76.37 76.38 76.39 76.37 76.34 76.29 76.31 76.10 76.19 76.30 76.31 76.31 76.28 76.13 76.01 76.08 76.01 75.94 75.90 75.97 76.09 75.89 75.90 75.91 75.94 76.12 76.03 76.17 76.25 76.22 76.16 76.19 76.01 75.99 75.79 76.00 75.99 76.05 76.14 76.16 76.15 76.14 76.16 76.16 76.20 76.18 76.13 76.10 76.17 75.92 75.87 75.79 75.54 75.34 75.48 75.73 75.98 75.82 75.93 75.87 75.93 75.72 75.81 75.59 75.47 75.42 75.60 75.57 75.76 75.78 75.94 75.91 75.89 75.94 75.96 76.01 76.06 76.07 76.05 76.12 75.93 75.72 75.96 75.20 75.32 75.68 75.73 75.76 75.81 75.95 76.33 76.16 76.04 75.55 76.01 76.26 76.42 76.48 76.14 75.55 75.04 75.28 75.13 75.30 75.58 75.62 75.22 75.39 75.63 75.72 75.62 75.84 76.29 76.15 75.92 75.84 75.85 75.81 75.90 75.79 75.81 76.27
76.22 76.26 76.33 76.37 76.41 76.52 76.60 76.55 76.56 76.57 76.56 76.16 75.76 75.57 75.17 75.18 75.58 75.67 76.29 75.81 75.84 75.74 75.61 75.65 76.72 76.00 76.00 76.01 75.94 75.82 75.86 75.80 75.80 75.92 75.87 75.85 75.81 75.99 75.90 75.92 75.99 75.90 75.99 75.94 75.97 75.99 75.83 75.73 75.77 76.30 76.71 76.64 76.84 75.77 76.26 76.35 76.38 76.42 76.38 76.39 76.43 76.25 76.18 76.25 76.32 76.36 76.41 76.30 76.31 75.81 75.97 76.08 76.00 76.10 75.93 76.04 75.94 75.68 75.56 75.48 75.43 76.00 75.99 75.99 76.10 76.11 76.19 76.09 76.24 76.16 76.44 76.38 76.16 76.21 76.20 76.11 76.06 75.72 76.06 76.22 76.30 76.14 76.16 76.17 76.16 76.19 75.99 75.50 75.66 75.85 75.88 75.94 75.95 76.05 76.06 76.01 76.16 76.06 76.13 76.18 76.13 76.25 76.26 76.14 76.24 76.03 75.69 75.82 76.49 76.48 75.92 76.01 75.88 75.21 75.68 75.80 75.85 75.60 75.42 75.61 75.84 75.53 76.02 76.11 76.27 76.29 76.26 76.10 76.10 76.20 76.36 76.31 76.45 76.34 76.78 76.89 76.84 76.63 76.42 76.27 76.41 76.29 76.16 76.35 76.45 76.41 76.40 76.29 76.20 76.48 76.23 76.40 76.33 76.34 76.03 76.02 76.05 76.10 75.89 76.20
75.86 75.90 76.11 76.26 76.02 76.88 76.78 76.55 76.65 76.63 76.59 76.46 76.09 76.14 75.88 75.99 75.31 75.41 75.64 75.89 76.10 75.96 75.80 75.74 75.66 76.06 75.91 76.00 75.77 76.12 75.55 75.60 75.55 75.72 75.75 75.81 75.98 76.00 76.06 76.05 76.10 76.06 76.05 76.08 76.09 76.46 75.98 76.16 76.17 76.16 76.20 76.28 76.29 76.36 76.37 76.34 76.36 76.38 76.26 76.26 76.15 76.37 76.35 76.44 76.36 76.24 75.91 75.93 75.97 75.97 75.94 76.01 76.00 76.12 76.18 76.30 76.20 75.87 75.58 75.74 75.82 76.09 76.10 75.87 75.86 75.75 75.79 75.77 75.93 76.09 76.11 76.19 75.68 76.21 76.26 76.21 76.29 76.29 76.28 76.31 76.28 76.25 76.29 76.24 76.12 75.95 75.56 76.19 76.30 76.24 76.14 76.04 76.10 76.03 76.11 75.85 75.82 76.14 76.35 76.47 76.57 76.49 76.51 76.55 76.55 76.49 76.29 76.06 75.90 75.90 76.15 76.06 76.03 76.01 76.52 75.88 75.17 75.38 75.45 75.52 75.64 75.65 75.44 75.51 75.81 76.08 76.14 76.00 76.27 76.32 76.33 76.38 76.11 75.13 76.33 76.77 76.67 75.46 76.77 76.71 76.66 76.52 76.46 76.41 76.26 76.10 75.95 76.00 75.56 75.40 75.95 76.30 76.25 76.12 76.04 75.95 75.90 75.84 75.96 75.95
76.71 75.80 75.65 76.08 76.11 76.18 76.21 76.59 76.57 76.65 76.67 76.67 76.56 76.47 76.23 76.04 75.84 75.56 75.50 75.32 75.31 75.14 75.34 75.36 75.58 75.57 75.49 75.43 75.74 75.27 75.28 75.30 75.64 76.56 75.60 75.75 75.77 76.26 76.01 76.02 76.08 76.08 76.06 76.07 76.08 76.11 76.09 76.16 76.17 76.15 76.17 76.24 76.26 76.27 76.22 76.32 76.42 76.34 76.39 76.33 76.02 76.25 76.39 76.39 76.24 76.12 77.19 77.18 76.89 75.98 76.06 76.08 76.11 76.23 76.33 76.10 75.91 75.60 75.64 75.47 75.65 75.67 75.89 75.86 76.05 76.00 76.07 76.09 76.09 76.09 76.13 76.23 76.18 76.27 76.24 76.31 76.24 76.21 76.22 76.12 76.13 75.73 75.61 75.64 75.45 75.76 76.48 76.78 76.75 76.51 76.44 76.21 76.23 76.04 76.13 76.08 76.29 76.38 76.54 76.56 76.55 76.54 76.57 76.57 76.53 76.66 76.65 76.73 76.73 76.44 76.01 75.64 75.96 76.06 75.63 75.53 75.45 75.22 75.53 75.08 75.24 75.47 75.49 76.02 75.85 75.82 75.54 75.73 75.99 76.19 76.37 76.46 76.29 76.39 76.47 76.49 76.51 76.50 76.32 76.43 76.39 76.41 76.29 76.15 76.30 76.26 76.26 76.25 76.20 75.94 76.30 76.15 76.10 75.97 75.70 76.06 75.68 75.67 75.70 75.97
75.85 75.62 75.43 75.70 75.73 76.27 76.34 76.61 76.55 76.59 76.57 76.64 76.64 76.63 76.57 76.44 76.35 76.30 76.22 76.01 75.70 75.61 75.65 75.52 75.74 75.69 75.49 75.95 75.85 75.50 75.37 75.55 75.43 75.58 75.70 75.79 75.81 75.86 75.87 76.01 76.02 76.09 76.11 76.11 76.17 76.19 76.17 76.17 76.19 76.18 76.12 76.07 76.03 76.12 76.21 76.30 76.30 76.30 76.23 75.72 76.38 76.42 76.52 76.65 76.24 76.44 76.46 76.48 76.12 76.08 76.21 76.14 76.18 76.26 76.39 76.32 76.04 75.93 75.71 75.52 75.54 75.72 76.22 75.92 76.03 76.06 76.06 76.02 75.88 76.11 76.12 76.15 76.12 76.23 76.12 76.25 76.40 76.30 76.15 76.19 76.05 76.07 75.99 75.93 75.71 75.89 75.81 75.96 76.03 75.97 75.96 75.89 75.96 76.29 76.46 76.75 76.73 76.62 76.53 76.47 76.47 76.58 76.67 76.65 76.73 76.70 76.68 76.71 76.70 76.75 76.17 76.12 76.08 76.01 76.86 75.70 75.66 75.72 75.99 75.32 75.29 75.30 75.58 75.60 75.63 75.38 75.29 76.01 75.84 75.68 76.21 76.13 76.07 76.36 76.34 75.48 75.84 75.96 76.31 76.12 75.76 75.84 76.29 76.04 76.18 76.34 76.24 76.29 76.26 76.23 76.01 75.95 75.83 75.46 76.04 76.18 75.92 75.82 75.59 75.51
75.82 75.80 76.06 75.64 75.47 75.76 76.11 76.19 76.37 76.32 76.49 76.39 76.63 76.52 76.53 76.43 76.48 76.50 76.43 76.11 75.76 75.73 75.56 75.62 75.56 75.65 75.65 75.54 75.50 75.55 75.51 75.60 75.76 75.77 75.75 75.60 75.48 75.70 75.96 75.79 76.07 75.87 75.75 76.00 76.04 76.02 75.89 76.09 76.05 76.03 75.90 75.95 76.16 76.43 76.25 75.81 76.08 76.44 76.35 76.38 76.34 76.33 76.43 76.57 76.81 76.65 76.21 76.69 76.12 76.44 76.29 76.17 76.20 76.12 76.18 76.50 76.60 76.53 76.48 76.23 76.11 75.88 75.94 75.94 75.96 75.99 76.08 76.08 76.09 76.07 76.07 76.09 76.16 76.12 76.16 76.05 76.14 76.19 76.09 76.24 76.26 76.09 76.13 76.24 76.15 76.00 75.89 75.76 75.78 75.66 75.97 76.06 76.28 76.62 76.88 76.92 76.94 76.80 76.67 76.62 76.60 76.57 76.61 76.64 76.78 76.83 76.76 76.73 76.75 76.76 76.63 76.28 76.20 76.35 76.09 75.79 75.61 75.71 75.61 75.12 76.20 75.45 75.80 75.74 75.72 75.53 75.42 75.30 75.14 75.44 75.73 75.99 75.85 75.89 76.10 76.32 76.49 76.50 76.32 76.23 75.91 75.96 76.08 76.05 75.95 75.38 75.35 75.58 75.90 76.09 76.17 76.22 76.09 76.26 76.23 75.64 75.93 75.99 75.95 76.12
76.31 75.68 75.39 75.78 76.00 76.14 76.12 75.68 75.76 75.90 75.61 75.77 76.14 75.75 76.93 75.81 76.07 76.04 76.42 76.18 76.11 76.07 76.09 75.66 75.54 75.40 76.12 75.87 75.52 75.59 75.90 76.11 76.13 76.06 76.05 75.85 75.59 75.72 75.66 75.65 75.94 75.48 75.78 76.01 75.81 75.19 76.16 76.27 76.31 76.27 76.25 76.34 76.33 76.11 75.85 76.49 76.49 76.34 76.51 76.50 76.46 76.35 76.44 76.50 76.69 76.94 76.75 76.35 76.81 76.82 76.69 76.49 75.93 76.43 76.57 76.25 76.20 76.27 76.18 75.99 75.44 75.46 75.91 76.08 75.94 75.89 75.82 76.02 76.10 76.09 76.13 76.09 76.10 76.22 76.16 76.20 76.18 76.07 76.16 76.23 76.28 76.19 76.14 76.14 75.80 76.15 76.10 76.12 76.14 76.23 76.31 76.37 76.44 76.57 76.74 76.79 76.50 76.47 76.49 76.35 77.13 76.79 76.41 76.57 76.70 76.75 76.87 76.92 76.73 76.88 77.08 76.91 75.54 76.76 76.65 76.48 75.73 75.84 75.82 76.08 75.55 75.48 75.41 75.47 75.51 75.45 75.45 75.30 75.45 75.43 75.62 75.62 75.66 75.72 75.75 76.40 76.80 76.74 76.72 76.62 76.49 76.31 76.16 75.99 75.93 75.68 75.41 75.57 75.64 75.00 75.49 75.97 76.07 75.89 75.24 75.48 75.62 76.20 76.22 76.20
76.39 76.03 75.88 76.08 76.10 75.98 75.14 75.60 75.73 75.58 75.92 75.59 75.74 75.19 75.85 76.18 75.97 76.07 75.86 76.06 76.16 76.17 75.97 75.87 75.31 75.58 75.71 75.76 76.04 75.59 75.75 76.20 76.26 76.04 76.24 76.06 75.70 75.37 75.26 75.35 75.55 75.96 76.19 76.18 76.13 75.91 76.26 76.36 76.49 76.48 76.49 76.49 76.52 76.54 76.34 76.21 76.30 76.19 76.42 76.52 76.33 76.14 76.73 76.62 76.20 76.96 76.26 76.63 76.83 75.88 76.08 76.61 77.05 76.40 76.76 76.31 76.33 76.13 75.96 75.97 75.60 75.68 75.89 75.75 75.79 76.07 75.96 75.94 76.20 75.44 76.01 76.16 76.22 76.15 76.46 76.04 76.00 76.02 76.66 75.98 75.93 76.20 76.11 76.13 76.19 76.23 76.22 76.18 76.18 76.40 76.47 76.61 76.65 76.66 76.57 76.36 76.40 76.46 76.24 75.97 76.00 76.03 76.46 76.72 76.97 77.05 77.10 77.05 77.11 77.23 77.06 77.03 76.84 76.71 76.75 76.55 76.19 75.45 75.09 75.28 76.58 76.45 75.06 75.08 75.98 75.29 75.37 74.95 75.36 75.63 75.34 75.40 75.73 76.15 76.34 76.48 76.60 76.56 76.63 76.62 76.59 76.53 76.43 76.30 76.00 75.77 75.54 75.48 75.61 75.46 76.12 75.04 75.55 75.70 75.51 75.96 76.12 76.00 76.19 76.29
76.26 76.28 76.40 76.59 76.27 75.42 75.69 75.58 75.29 75.33 75.40 76.53 75.37 75.47 75.21 75.26 75.72 76.04 75.73 75.62 76.45 75.66 75.69 75.67 75.18 75.61 75.79 75.77 75.75 75.21 74.87 76.20 76.03 76.09 76.06 75.88 75.99 75.57 75.44 75.48 75.35 75.76 75.92 76.03 76.09 75.90 75.60 75.56 76.15 76.49 76.51 76.56 76.44 76.42 76.25 75.83 75.71 75.73 75.59 75.53 75.99 77.00 76.32 75.94 76.91 77.17 77.06 76.45 77.73 75.11 77.33 76.43 76.04 76.46 76.18 76.79 76.97 76.75 76.52 77.02 77.04 76.41 75.94 75.99 76.15 75.97 76.01 75.85 75.81 76.03 76.09 76.15 75.96 75.76 75.77 75.74 75.76 75.82 76.10 75.82 75.66 75.75 75.75 75.81 75.80 76.21 76.25 76.37 76.48 76.59 76.68 76.78 76.88 76.94 76.87 76.71 76.80 76.81 76.90 76.73 76.68 76.81 77.08 77.29 77.45 77.44 77.46 77.45 77.45 77.60 77.25 77.16 77.01 77.13 77.04 76.96 76.90 76.55 75.33 76.03 76.63 76.85 75.42 75.54 75.89 75.76 75.51 75.36 75.34 75.60 75.92 76.03 76.12 75.94 76.25 76.09 76.43 76.05 75.51 75.68 76.46 76.53 76.46 76.24 75.93 75.71 75.54 75.53 75.59 75.52 75.29 75.19 75.53 75.59 76.25 75.57 75.58 75.67 75.87 76.22
76.32 76.34 76.43 76.48 76.04 75.99 75.93 75.64 75.52 75.87 75.83 75.74 75.64 75.73 75.50 75.65 76.02 75.94 75.93 75.87 75.49 75.01 75.02 76.43 75.00 75.62 75.86 75.86 75.85 75.65 75.48 76.09 76.06 75.96 76.09 75.82 75.63 75.45 75.17 75.09 75.18 75.10 75.07 75.23 75.77 75.55 75.44 75.71 76.11 76.30 76.48 76.50 76.51 76.15 75.91 75.25 75.51 75.21 75.47 76.72 75.91 77.14 77.30 76.92 76.12 77.87 77.87 77.95 77.88 77.89 77.89 77.47 75.94 76.25 77.01 76.52 76.32 76.84 76.71 76.64 76.29 76.07 76.17 76.15 76.08 75.98 75.99 75.81 75.89 75.70 75.88 76.02 76.19 75.97 76.03 76.34 76.84 76.05 76.03 76.10 76.08 76.03 75.64 75.76 75.66 75.85 76.35 76.43 76.59 76.74 76.85 76.95 77.09 77.22 77.22 77.34 77.43 77.52 77.56 77.74 77.92 78.01 78.05 78.11 78.21 78.04 77.92 77.91 78.18 77.72 77.51 77.41 77.29 77.10 77.22 77.14 76.15 76.66 76.55 76.30 76.15 76.01 76.07 76.08 75.29 75.58 75.67 75.67 75.91 76.13 76.38 76.38 76.89 76.58 76.05 76.19 76.34 75.43 75.56 76.54 76.33 76.16 76.02 76.03 75.74 75.63 75.75 75.89 76.07 75.89 75.87 75.42 75.96 75.68 75.52 75.59 75.78 76.08 76.09 76.27
76.36 76.06 76.12 76.58 76.73 75.56 76.12 76.21 76.20 76.05 76.15 75.76 75.61 75.88 75.88 75.87 75.66 75.94 75.85 75.92 75.82 75.32 75.07 75.90 75.57 75.78 76.58 75.75 75.89 75.75 75.99 75.89 75.89 76.10 75.93 75.91 75.88 75.27 75.05 75.02 74.94 75.05 75.42 75.59 75.75 75.86 75.98 75.95 76.59 77.06 75.70 75.75 75.98 75.81 75.91 76.31 76.18 75.66 75.59 76.27 75.92 77.21 77.30 77.41 78.10 78.00 77.90 77.91 77.93 77.94 77.94 77.86 77.60 77.31 76.68 76.54 76.73 76.95 76.41 76.57 76.70 76.57 76.47 76.34 76.17 76.80 76.30 75.99 76.09 76.13 75.92 75.88 75.79 76.13 75.74 75.63 75.87 75.94 76.02 75.93 76.05 76.13 75.82 75.30 76.20 76.05 76.19 76.43 76.53 76.61 76.93 77.07 77.28 77.44 77.52 77.68 77.94 78.07 78.44 78.97 79.43 79.80 79.97 80.03 80.07 79.67 79.54 79.60 79.61 79.50 78.74 77.74 77.74 77.89 77.20 77.33 77.35 77.12 76.34 76.32 76.42 76.06 76.11 75.83 75.95 76.45 75.86 75.84 75.90 75.73 75.94 76.21 76.48 76.61 77.03 76.38 76.28 75.23 76.56 76.29 76.40 76.41 76.41 76.14 75.93 75.88 75.64 75.90 75.45 75.87 76.03 75.53 75.12 75.12 75.55 76.01 76.07 76.15 76.32 76.36
76.28 76.15 75.89 75.96 76.41 76.28 76.21 75.60 76.36 75.97 75.70 75.91 75.79 75.98 75.86 75.77 75.85 75.33 75.73 75.79 75.63 75.35 75.00 74.86 74.62 75.57 75.31 75.61 75.85 75.85 75.75 75.90 75.66 75.59 75.73 75.51 75.53 75.43 75.21 74.63 74.61 74.49 74.79 75.59 75.74 75.89 75.97 75.69 76.65 76.95 75.62 75.60 75.25 75.05 75.85 76.61 76.77 76.75 76.04 75.58 75.59 75.77 77.33 77.82 77.99 77.87 77.96 77.93 77.93 77.93 77.93 77.96 77.60 77.63 77.75 77.95 76.72 76.76 76.49 76.52 76.63 76.56 76.26 76.11 75.95 76.37 75.81 75.90 76.08 76.05 76.03 76.08 76.17 76.23 76.02 75.74 75.83 75.90 75.97 75.68 76.12 75.92 75.70 76.03 75.95 76.08 76.33 76.55 76.72 76.76 77.16 77.28 77.35 77.61 77.80 78.09 78.48 79.05 79.66 80.37 80.62 80.99 81.14 81.34 81.32 81.35 81.17 81.18 81.06 80.86 81.16 80.61 78.50 78.41 77.86 77.48 76.97 76.04 75.43 76.65 76.39 75.90 76.63 75.84 75.41 75.60 75.87 76.30 76.10 76.16 76.44 76.45 76.35 76.26 75.79 76.26 76.30 76.41 76.34 76.36 76.31 75.94 76.04 76.33 76.28 76.11 75.71 76.26 75.94 76.20 75.91 75.60 75.94 75.47 75.56 75.79 75.90 76.09 76.15 76.26
75.58 75.78 75.67 75.99 76.60 76.76 76.86 76.21 76.21 75.45 75.80 75.45 75.43 75.31 75.55 75.40 75.35 75.38 74.82 75.02 75.27 75.49 74.89 74.77 75.28 75.11 75.40 75.83 75.81 75.80 75.64 75.82 75.54 74.59 74.57 74.70 74.94 74.94 74.98 74.59 74.45 74.52 74.65 75.33 75.61 75.76 75.78 75.78 75.72 75.63 75.49 75.24 74.89 74.75 74.97 75.33 76.17 76.24 75.73 75.58 76.95 77.16 77.29 77.48 77.88 78.09 77.95 77.96 77.93 78.02 78.03 77.88 77.72 76.91 77.23 76.53 76.53 76.77 76.44 76.54 76.55 76.49 76.29 76.02 76.05 75.72 75.83 76.87 76.37 76.06 75.90 76.02 76.46 76.47 76.07 75.87 75.42 76.21 75.70 75.70 75.68 75.70 75.92 76.20 76.28 76.01 75.99 76.56 76.71 76.96 76.72 77.15 77.55 77.88 78.44 79.06 79.69 80.10 80.68 81.06 81.65 82.02 81.66 81.63 80.80 81.29 81.38 81.48 81.36 81.32 81.34 81.35 81.11 80.61 79.26 78.35 77.42 76.90 77.13 76.77 76.94 76.43 75.65 76.07 76.19 75.46 75.98 75.79 76.18 76.29 75.76 76.13 76.11 76.07 75.97 76.30 76.13 75.97 75.71 75.73 74.78 75.41 76.01 75.89 75.64 76.07 76.36 76.59 76.10 76.57 76.48 76.24 76.20 75.81 75.47 75.14 75.30 75.48 75.77 75.90
75.41 75.81 75.61 75.58 76.13 76.58 76.04 75.63 76.04 75.70 75.46 75.55 74.76 75.82 74.91 75.09 74.45 74.64 75.25 75.08 75.47 74.97 75.26 75.51 75.47 75.83 75.32 75.60 75.74 75.71 75.71 75.70 75.75 75.08 74.92 75.03 75.26 75.30 75.29 75.05 74.72 74.63 74.91 75.00 74.90 75.40 75.41 75.49 75.31 75.35 75.08 74.96 74.69 74.70 74.66 74.94 75.21 75.20 75.64 76.02 75.27 76.70 76.39 77.24 77.23 77.97 78.09 78.07 78.03 78.08 78.05 77.94 77.81 77.01 77.21 77.17 76.51 76.46 76.30 75.89 76.41 76.23 76.15 76.11 75.85 75.90 75.71 75.91 76.16 76.07 76.15 76.16 76.57 76.13 75.95 75.41 75.66 75.56 75.82 76.27 75.69 75.41 75.62 75.89 76.57 76.59 76.27 76.52 76.86 76.81 76.69 76.96 77.43 77.66 79.64 80.79 81.20 81.90 82.29 81.63 81.23 81.48 81.81 81.72 81.35 81.08 80.88 81.24 81.41 81.30 81.32 81.13 81.15 81.06 80.53 79.54 78.57 77.69 77.31 77.14 77.04 76.93 76.47 76.09 76.54 76.52 76.06 76.35 76.29 76.28 76.28 75.79 75.65 75.95 75.62 75.85 75.90 75.42 75.13 75.69 76.31 76.40 75.63 75.56 75.97 76.41 76.28 76.43 76.59 76.49 76.44 76.39 75.69 75.70 75.45 75.90 75.63 75.50 75.81 75.70
75.83 75.90 75.78 75.82 76.04 76.01 76.10 76.13 76.22 75.54 75.34 75.79 75.36 75.19 75.26 75.27 76.06 75.21 75.53 75.63 75.43 75.67 76.18 75.34 75.64 75.85 75.69 75.58 75.58 75.53 75.41 75.48 75.41 75.23 75.23 75.20 75.22 75.24 75.32 75.33 75.05 74.97 75.12 75.05 75.03 75.19 75.20 75.02 74.88 74.73 74.67 74.67 74.64 74.27 74.14 75.05 75.41 75.54 75.87 76.11 76.40 76.36 76.71 76.83 76.85 77.65 77.86 78.64 78.52 78.19 78.12 78.01 77.54 77.34 77.13 77.27 76.36 76.31 76.29 77.01 76.01 76.18 75.95 75.91 75.86 75.78 75.78 76.18 76.17 76.09 75.99 76.06 76.25 76.05 75.88 75.97 75.67 75.70 75.66 76.26 75.02 75.57 75.74 75.81 76.32 75.82 76.31 76.51 76.69 76.72 76.81 76.76 77.44 78.42 80.85 81.31 82.21 82.32 81.75 82.10 81.91 82.14 81.98 81.97 81.76 82.11 82.23 81.36 81.22 81.67 81.31 81.21 81.21 81.08 80.52 80.20 79.06 77.95 77.46 77.27 77.05 77.15 75.53 76.56 76.57 76.33 76.42 76.17 76.02 76.31 76.02 75.84 76.07 75.81 75.88 75.58 75.39 75.46 75.03 74.42 75.43 75.26 75.71 76.42 76.51 76.42 75.98 76.54 76.09 76.15 76.39 76.30 75.68 75.71 75.78 75.06 75.10 75.60 75.76 75.68
76.30 75.63 76.41 76.07 76.29 76.00 76.09 76.06 75.86 75.65 75.33 75.39 75.22 75.05 75.34 75.37 75.69 75.76 75.64 75.61 75.18 75.38 75.55 75.55 75.30 75.60 75.68 75.67 75.09 75.34 75.21 75.43 75.45 75.06 75.13 75.12 75.14 75.22 75.38 75.45 74.95 74.75 73.91 73.97 74.66 74.99 74.87 74.67 74.70 74.48 74.40 74.41 74.35 74.44 74.49 75.12 75.21 75.37 75.47 75.80 75.80 75.89 76.28 75.87 77.08 76.98 77.45 77.56 77.66 77.73 77.63 77.61 77.12 77.35 77.21 76.46 76.37 76.52 76.41 76.51 76.31 77.32 75.93 76.10 75.97 75.96 75.85 76.21 76.18 75.96 75.89 76.03 76.08 76.00 75.97 75.77 75.96 75.76 76.04 75.63 75.58 75.69 75.58 75.25 75.31 75.62 76.21 76.82 76.41 76.60 76.69 76.79 77.59 79.43 81.17 81.99 81.97 81.71 81.93 82.28 82.06 82.05 81.80 82.12 82.05 81.42 81.57 81.49 81.74 81.48 81.30 81.25 81.05 80.74 79.79 79.67 79.10 78.17 77.47 77.45 77.27 77.31 77.04 76.97 76.77 76.61 76.40 76.23 76.23 76.76 76.43 76.29 76.23 75.90 75.85 75.59 75.33 75.32 75.38 75.40 75.21 75.30 75.89 76.56 76.70 76.66 76.49 76.40 76.07 76.26 76.24 76.35 75.20 75.87 75.90 76.51 75.62 75.83 76.09 76.04
76.46 76.38 76.41 76.71 76.54 75.93 76.02 75.93 76.44 76.76 77.27 77.11 76.09 75.40 75.63 75.53 75.14 75.38 75.12 75.42 75.12 75.60 75.55 75.54 75.36 74.63 75.08 75.23 75.43 75.02 74.90 75.11 74.95 74.95 74.74 74.99 75.05 75.20 75.22 73.44 73.18 73.03 71.51 71.29 71.37 73.34 73.34 73.36 74.01 74.32 74.08 74.41 74.21 74.37 74.36 74.42 74.51 74.96 75.71 75.58 75.29 74.83 75.98 76.53 76.48 76.97 76.95 77.19 77.47 77.52 77.47 77.14 77.34 76.82 76.86 76.86 76.69 77.42 76.63 76.27 76.45 76.35 76.06 76.07 75.91 75.92 76.03 76.27 76.26 76.14 75.92 76.09 75.85 75.89 75.99 75.57 75.44 75.87 75.82 75.72 75.44 75.53 75.13 74.94 76.29 75.70 76.03 76.49 76.51 76.53 76.72 76.94 77.56 79.49 80.86 82.03 82.02 81.38 82.14 82.17 82.15 81.98 82.23 82.36 81.95 81.42 81.74 81.82 81.60 81.75 81.51 81.22 80.55 79.96 79.68 79.42 78.78 78.07 77.77 77.47 77.62 76.85 76.67 76.88 76.02 76.11 76.42 76.50 76.54 76.50 76.41 76.40 76.40 75.84 75.72 75.66 75.45 75.81 75.76 75.56 75.50 75.45 75.99 76.31 76.43 76.33 76.41 76.34 75.69 76.08 76.10 75.45 75.37 76.00 75.93 76.01 76.05 76.24 76.40 76.11
76.34 76.46 76.21 75.88 76.62 75.86 76.24 76.13 75.49 75.86 76.92 76.91 75.69 75.41 75.93 75.68 75.91 75.50 75.72 75.77 75.92 75.27 75.93 75.92 75.67 75.67 75.46 75.21 75.33 75.21 75.09 73.46 74.39 74.74 74.74 74.89 75.00 74.96 74.33 74.20 73.70 72.62 72.34 72.42 72.75 72.87 72.79 73.02 72.51 73.46 74.08 74.11 74.15 74.25 74.39 74.43 74.64 74.93 75.01 75.44 75.46 75.60 75.22 75.43 76.09 75.62 76.57 77.38 77.28 77.25 77.28 77.26 76.95 76.80 76.92 76.83 76.76 76.59 76.47 76.49 76.44 76.45 76.32 76.15 76.12 75.91 76.21 76.44 76.16 76.10 76.29 76.33 76.25 75.87 76.05 75.73 75.74 75.70 75.68 76.04 75.47 75.65 75.34 75.45 75.38 75.35 75.98 76.35 76.56 76.59 76.59 77.10 77.61 78.60 80.67 82.13 82.38 82.25 81.80 82.08 82.37 82.22 82.34 82.38 82.07 81.74 82.10 81.84 81.96 81.59 81.32 80.79 80.11 79.76 79.25 78.94 78.71 78.40 77.73 77.23 77.11 76.63 76.59 76.50 76.47 76.64 76.76 76.59 75.94 76.45 76.50 76.57 76.35 76.19 75.87 76.09 75.86 75.60 76.10 75.96 75.69 75.57 75.58 75.77 76.07 76.18 76.56 76.40 76.15 76.12 76.24 76.07 76.37 76.28 76.31 76.05 76.17 76.38 76.51 76.62
76.64 76.48 76.48 76.15 77.04 76.79 76.43 75.71 75.25 74.70 74.44 75.25 75.15 75.91 76.27 76.24 76.25 76.25 76.10 76.02 76.01 75.98 75.68 75.86 75.56 75.23 75.29 74.88 74.76 75.21 75.10 74.29 74.42 73.88 74.49 73.71 74.20 72.55 72.67 74.15 72.52 71.86 73.00 73.04 72.97 72.94 73.12 73.74 73.22 73.20 73.02 73.55 74.08 74.51 74.53 74.63 74.55 75.04 75.16 75.01 75.00 75.67 75.66 75.98 76.39 76.38 76.73 76.87 75.68 77.06 76.77 76.85 76.89 76.99 76.88 76.75 76.66 76.65 76.67 76.49 76.29 76.17 75.92 77.02 76.20 76.01 76.02 75.92 76.38 76.11 76.22 76.34 76.30 76.11 75.71 75.97 75.65 75.59 75.95 75.91 75.40 75.39 75.27 75.44 75.61 75.59 76.82 76.04 76.47 76.65 76.70 76.79 77.18 78.35 79.48 81.73 82.42 82.71 83.01 82.12 82.19 82.22 81.78 82.34 81.86 81.95 81.77 81.87 81.81 81.70 81.50 80.51 79.65 79.30 78.84 78.57 78.13 77.76 77.50 77.26 76.74 76.80 76.37 76.38 76.25 76.35 76.60 76.61 76.58 76.46 76.60 76.47 76.39 76.33 76.18 76.21 76.40 76.21 76.12 75.50 75.79 75.74 75.34 75.32 75.93 76.10 76.54 76.18 76.21 76.35 76.49 76.47 76.45 76.43 76.26 76.10 76.66 76.77 76.66 76.97
76.65 77.06 76.52 75.90 76.41 75.85 75.76 75.91 75.35 74.70 74.57 75.28 75.90 76.05 76.21 76.14 76.26 75.02 76.06 76.00 75.94 75.76 75.75 75.58 75.13 75.33 75.16 75.02 74.55 74.66 74.37 74.24 74.32 74.06 74.17 74.30 73.69 72.45 72.54 72.51 72.04 72.96 73.58 73.50 73.24 73.47 73.32 73.40 73.64 73.69 73.54 72.81 73.49 74.40 74.70 74.88 74.87 74.89 74.91 75.00 75.17 75.34 75.33 76.26 76.22 75.73 75.95 76.29 76.22 76.85 76.79 76.93 76.71 76.46 76.57 76.71 76.72 76.71 76.88 76.64 76.35 76.10 76.27 76.12 76.20 75.91 75.82 75.93 76.04 76.10 76.12 76.28 76.20 75.82 75.84 75.82 76.03 76.24 75.66 75.54 75.58 75.09 75.22 75.55 75.72 75.69 75.75 76.09 76.58 76.45 76.43 76.59 76.88 77.08 78.09 79.48 82.10 82.47 82.82 82.90 82.16 82.13 82.77 82.74 81.81 81.92 81.86 81.73 81.81 81.63 80.84 79.19 78.59 78.56 78.31 78.05 78.16 77.75 77.70 77.66 76.95 76.65 75.96 76.36 76.15 76.27 76.39 76.46 76.56 76.63 76.50 76.33 75.78 75.79 75.86 76.12 75.85 75.67 75.95 76.14 75.92 75.63 76.00 76.19 76.02 76.03 75.90 76.12 76.10 75.71 76.55 76.61 76.36 76.31 76.46 76.53 76.95 76.82 76.52 76.01
76.74 76.81 75.92 75.78 75.93 75.19 75.53 74.73 74.75 75.23 75.17 75.39 75.97 76.11 76.38 76.06 76.29 76.32 76.02 76.03 75.39 75.79 75.72 75.69 75.41 75.16 75.16 74.98 74.78 74.52 74.35 73.62 73.95 73.74 73.45 73.60 73.01 72.16 72.02 71.43 71.66 72.98 73.75 73.41 74.05 73.51 74.29 74.37 74.16 74.20 73.68 72.88 72.18 73.61 74.39 74.87 74.84 74.91 74.94 74.93 75.27 75.65 75.55 76.23 76.31 76.37 76.35 76.35 76.29 76.16 76.34 76.76 76.73 76.49 76.81 76.51 76.87 76.68 76.65 76.74 76.57 76.40 76.58 76.30 76.24 76.12 76.07 75.96 75.95 76.01 76.04 75.76 75.94 76.09 75.88 76.00 75.80 76.02 75.76 75.31 75.46 75.31 75.10 75.30 75.54 75.64 75.65 75.59 76.17 76.42 76.29 76.24 76.06 76.36 76.88 77.89 80.26 81.58 82.21 82.62 82.59 82.91 81.94 81.74 81.97 81.96 81.70 81.67 80.82 79.88 79.38 78.40 77.89 77.84 77.80 77.79 77.98 77.84 77.58 77.51 77.21 76.67 76.37 76.27 76.13 76.08 76.23 76.19 76.29 76.40 76.37 76.15 76.02 75.85 75.38 75.28 75.38 75.33 75.91 75.54 75.84 76.07 75.66 75.90 75.79 75.73 76.07 76.21 76.41 76.06 76.24 76.63 76.01 76.43 76.44 76.58 76.69 76.53 76.28 76.26
76.70 76.13 76.01 75.93 75.37 75.42 74.96 75.32 75.42 75.28 75.44 75.46 75.81 76.06 76.30 76.30 76.32 75.92 75.80 76.06 75.71 75.76 75.68 75.61 75.43 75.36 75.16 74.98 74.69 74.39 74.12 73.96 73.89 73.36 73.21 73.68 72.93 71.98 72.11 71.40 72.28 73.01 73.36 73.88 74.09 74.30 74.33 74.53 74.54 74.66 73.87 72.89 73.24 73.34 73.47 73.44 74.59 75.08 75.06 75.33 75.68 76.01 76.22 76.27 76.42 76.39 76.46 76.57 76.51 76.47 76.55 77.16 76.52 76.34 76.50 76.49 76.57 76.66 76.81 76.80 76.86 76.79 76.61 76.61 76.49 76.18 75.94 75.81 75.96 75.99 75.97 76.03 75.79 75.98 76.03 75.94 75.99 75.89 75.85 75.49 75.47 75.88 75.61 75.45 75.69 75.85 75.93 75.68 76.19 76.39 76.58 76.24 76.55 76.47 77.08 77.07 77.84 78.28 78.69 81.13 81.85 82.37 81.54 81.81 81.65 81.76 81.38 80.86 78.77 77.91 78.44 78.16 77.72 77.70 77.65 77.41 77.38 77.56 77.53 77.32 77.25 76.40 76.43 76.20 76.30 75.94 76.06 76.03 76.05 76.13 76.23 76.05 75.87 75.88 75.57 75.49 76.03 75.30 75.14 74.97 75.94 76.22 76.53 76.03 76.19 76.33 76.45 76.38 76.42 76.32 76.21 76.43 76.15 76.38 76.37 76.22 76.37 76.49 76.47 76.43
76.72 76.15 75.01 75.95 75.38 75.22 75.67 75.27 75.54 75.37 75.36 75.56 76.05 76.23 76.32 76.29 76.27 75.36 76.15 76.13 75.95 75.72 75.70 75.59 75.51 75.35 75.19 74.91 74.61 74.34 74.09 73.77 73.58 73.52 73.47 72.77 72.79 72.36 71.13 70.32 72.18 73.13 73.52 73.80 74.11 74.37 74.54 74.68 74.78 74.80 74.79 74.68 74.08 74.09 74.01 73.38 73.63 74.06 75.05 75.30 75.75 76.29 76.40 76.37 76.68 76.44 76.33 76.44 76.62 76.60 76.73 76.96 76.74 76.47 76.66 76.88 76.72 76.70 76.97 76.93 76.90 76.92 76.74 76.83 76.36 76.33 76.20 76.00 75.88 76.02 76.07 76.08 76.17 76.10 76.05 75.98 76.00 75.60 75.91 75.60 76.02 76.07 75.81 75.82 76.04 76.14 76.21 76.12 75.64 76.33 76.09 76.53 76.64 76.72 76.18 76.40 77.30 77.21 77.69 77.69 78.20 78.18 79.10 80.62 79.68 79.90 78.80 79.19 77.88 77.61 77.43 77.21 77.46 77.56 77.44 77.18 77.30 77.28 77.22 76.84 76.80 76.56 76.35 76.24 76.20 76.07 76.05 76.11 76.11 76.14 76.18 75.99 75.97 75.59 75.78 75.41 74.98 75.19 75.83 74.93 75.78 76.15 76.29 75.89 76.33 75.65 76.31 76.47 76.28 76.19 76.36 76.26 76.08 76.19 76.25 76.41 76.27 76.40 76.51 76.65
76.48 76.14 76.10 76.03 75.51 75.38 75.87 75.09 75.46 75.75 75.66 75.99 75.94 76.09 76.37 76.18 76.39 75.70 76.17 75.69 75.72 75.73 75.62 75.59 75.41 75.30 75.16 75.03 74.61 74.31 73.98 73.67 73.30 73.29 73.13 73.27 73.44 72.20 71.94 70.53 72.40 73.17 73.50 73.87 74.19 74.46 74.66 74.81 74.91 75.07 75.08 75.16 74.95 74.42 74.43 74.51 74.76 74.74 74.66 74.65 74.46 75.83 76.46 76.50 76.48 76.51 76.60 76.76 76.59 76.52 76.56 77.02 77.11 77.27 76.93 76.67 76.90 76.93 77.09 77.09 77.08 77.07 76.99 76.80 76.70 76.49 76.53 76.54 76.21 76.09 76.03 76.18 76.19 75.83 75.95 76.06 76.07 75.82 75.81 75.80 76.04 76.23 75.78 76.04 76.20 76.10 76.34 75.80 75.45 75.68 76.22 76.24 76.47 76.30 76.26 76.33 76.32 77.24 77.19 77.34 77.46 77.47 77.66 77.72 77.77 77.97 78.30 77.99 77.90 77.58 77.24 77.42 77.44 77.32 77.00 77.15 75.54 77.21 77.19 75.97 76.42 76.15 76.09 76.09 76.12 76.13 76.13 76.15 76.07 76.04 76.01 75.80 75.38 75.28 75.17 75.41 75.94 75.08 75.15 75.71 75.39 75.79 76.19 76.18 76.54 75.82 76.40 76.22 76.40 76.53 76.48 76.35 76.00 75.82 75.86 76.18 76.18 76.24 76.54 76.59
76.61 76.02 76.32 76.08 76.00 75.94 76.05 76.34 75.86 76.14 75.98 76.47 76.48 76.41 76.50 76.33 76.38 76.04 75.73 76.13 75.82 75.68 75.63 75.51 75.38 75.19 75.04 74.88 74.53 74.10 73.77 73.48 73.22 73.04 72.97 72.35 72.70 73.02 71.94 72.24 72.64 73.12 73.57 73.89 74.11 74.36 74.53 74.77 74.93 74.97 75.15 75.22 74.99 74.66 73.89 74.52 74.80 74.94 74.94 74.80 74.18 75.28 76.30 76.36 76.48 76.51 76.52 76.10 76.30 76.43 76.49 76.53 76.93 77.43 77.57 77.05 77.17 77.24 77.40 77.19 77.20 77.14 77.36 77.05 77.22 76.73 76.79 76.79 76.75 76.21 76.47 76.35 76.54 75.81 76.16 76.11 76.11 75.73 75.43 76.04 76.06 75.95 76.02 76.05 75.93 75.59 75.98 75.39 75.20 75.51 75.77 75.86 76.17 76.03 76.46 76.84 76.54 77.01 77.18 77.31 77.42 77.33 77.26 77.64 77.39 77.82 77.68 77.28 77.19 77.04 77.18 76.97 76.95 77.13 76.96 76.36 76.27 76.55 75.81 76.20 76.08 75.92 75.80 75.85 75.94 76.01 76.27 76.06 76.02 75.91 75.86 75.68 75.36 75.01 75.14 75.38 75.72 75.33 74.86 75.24 75.14 75.50 75.87 76.24 75.95 75.99 76.38 76.00 76.28 76.44 76.44 76.12 75.84 76.34 76.38 76.21 76.32 76.63 76.83 76.57
76.60 76.58 76.14 76.14 76.05 76.14 76.31 76.44 76.56 76.61 76.60 76.56 76.72 76.78 76.55 76.68 75.56 75.84 76.22 75.88 75.87 75.63 75.62 75.52 75.35 75.09 74.87 74.55 74.19 73.83 73.50 73.13 72.93 72.81 72.85 72.78 72.02 72.36 71.91 72.15 72.60 73.12 73.44 73.69 73.92 74.14 74.38 74.61 74.86 75.02 75.30 75.30 75.30 75.00 74.35 74.51 74.80 74.81 74.78 74.46 73.86 75.50 76.21 76.28 76.05 76.23 76.45 76.17 76.47 76.46 76.32 76.69 76.82 77.24 77.37 77.49 77.14 77.26 77.18 77.32 77.32 77.25 77.27 77.47 77.18 76.93 77.01 77.08 76.96 76.09 76.58 76.39 76.61 76.63 76.63 76.23 76.14 77.00 76.05 75.70 75.85 75.66 75.46 75.33 75.58 75.95 75.28 75.23 74.95 75.48 75.70 76.08 75.97 75.66 75.63 75.86 76.34 76.54 76.76 76.92 77.24 77.06 77.25 77.41 77.43 77.65 77.39 77.07 77.06 76.94 76.65 76.70 76.84 76.92 76.28 75.82 75.27 75.43 75.78 76.05 75.87 75.71 75.45 75.59 75.87 75.97 76.03 76.12 75.89 75.84 75.78 75.72 75.89 75.76 75.83 75.36 75.78 75.37 75.03 75.32 74.97 75.70 75.89 76.11 76.12 76.27 76.20 76.34 76.28 76.76 76.33 77.03 76.32 76.40 76.45 76.40 76.25 76.75 76.99 76.59
76.44 76.52 76.18 76.17 76.14 76.14 76.40 76.93 76.71 76.63 76.52 76.56 76.65 76.52 76.62 76.71 76.40 76.11 76.14 75.95 75.79 75.62 75.57 75.42 75.25 75.04 74.67 74.24 73.75 73.35 73.04 72.70 72.49 72.45 72.57 72.12 72.27 71.62 71.75 72.21 72.55 72.93 73.16 73.41 73.69 73.89 74.20 74.42 74.67 74.89 75.04 75.24 75.29 74.96 74.54 74.80 74.46 74.71 74.44 74.13 74.20 74.53 76.15 76.14 76.23 76.13 76.43 76.53 76.50 76.53 76.64 76.62 76.81 77.02 77.42 77.62 77.40 77.30 77.41 77.45 77.39 77.35 77.32 77.46 77.38 77.48 77.12 77.13 76.98 76.68 76.54 76.66 76.77 76.80 76.47 76.35 76.20 75.90 75.85 75.99 76.07 76.15 75.29 75.61 75.83 75.74 75.93 75.08 74.99 75.38 75.77 75.43 75.84 75.82 75.89 76.11 76.21 76.56 76.61 76.94 77.06 77.18 76.90 77.32 77.11 77.04 77.08 76.32 76.67 76.67 76.57 76.44 76.79 76.31 75.96 75.74 74.78 74.91 75.65 75.54 75.74 75.74 75.43 75.16 75.92 76.03 76.05 76.08 76.08 75.88 75.66 75.44 75.20 75.47 76.11 75.48 75.64 75.58 75.15 75.76 75.64 75.79 75.68 75.67 76.18 76.30 76.50 76.34 76.13 76.75 76.88 76.64 76.69 76.89 76.81 76.42 76.11 76.53 76.53 76.33
75.84 76.10 76.10 75.94 76.24 76.45 76.72 77.23 77.20 76.93 76.82 76.61 76.69 76.68 76.82 76.67 76.47 76.40 76.01 75.96 75.81 75.59 75.45 75.21 75.05 74.80 74.45 73.81 73.02 72.59 72.32 72.18 72.04 72.15 72.34 70.91 72.01 71.55 71.67 71.94 72.10 72.44 72.71 72.97 73.30 73.63 73.96 74.22 74.52 74.73 74.88 75.00 75.14 75.10 74.74 74.38 74.36 74.35 74.46 74.37 74.06 75.28 75.99 75.95 76.13 76.29 76.59 76.62 76.67 76.52 76.64 76.80 77.02 77.32 77.76 77.79 77.74 77.34 77.49 77.50 77.68 77.46 77.40 77.38 77.54 77.60 77.28 77.08 77.09 77.13 76.97 76.84 76.87 76.78 76.46 76.52 76.22 76.13 76.32 75.70 76.02 76.08 75.50 75.82 75.44 75.73 75.12 74.94 75.39 75.41 75.23 75.56 75.54 75.71 75.81 75.96 75.98 75.93 75.99 76.75 76.90 76.91 76.98 76.98 76.83 76.82 76.48 76.49 76.56 76.47 76.42 76.00 75.86 76.08 75.83 75.57 75.18 75.05 75.43 75.62 75.88 75.91 76.10 76.10 75.98 76.02 76.05 76.07 75.96 75.86 76.03 75.57 75.26 75.36 75.72 75.84 75.75 75.91 75.48 75.83 75.92 75.75 75.65 75.58 76.06 76.07 75.99 75.94 76.50 76.83 77.04 77.15 77.21 77.37 77.15 77.18 77.06 76.85 76.90 75.90
75.91 75.89 76.01 76.31 76.32 76.52 77.04 77.15 77.14 77.08 76.96 76.76 76.81 76.33 76.79 77.09 76.59 76.58 76.28 75.94 75.80 75.62 75.26 74.98 74.79 74.51 74.05 73.04 72.17 71.64 71.55 71.62 71.78 71.93 71.63 71.04 71.40 71.59 71.46 71.35 71.46 71.83 72.20 72.48 72.95 73.32 73.67 73.95 74.27 74.55 74.67 74.88 74.91 75.00 74.69 74.35 73.89 73.92 74.40 74.30 74.09 75.43 75.99 75.52 75.90 77.81 78.54 77.59 76.62 76.74 76.42 76.77 76.99 77.23 77.78 77.75 77.79 77.35 77.56 77.42 77.55 77.50 77.51 77.51 77.54 77.50 77.38 77.37 77.32 77.16 76.89 76.92 76.92 76.80 76.63 76.61 76.30 76.34 76.05 76.57 76.15 75.93 75.56 75.55 75.53 75.46 75.55 75.10 75.54 75.51 75.64 75.48 75.30 75.28 75.55 75.61 75.76 76.27 76.33 75.93 76.36 76.27 76.43 76.46 76.40 76.74 76.66 76.65 76.57 76.46 76.00 76.06 75.17 75.49 75.61 75.47 74.99 75.01 75.50 75.72 75.98 76.02 76.14 76.22 76.06 76.03 76.00 75.95 75.91 75.70 75.82 75.74 75.45 75.55 75.44 75.51 75.74 75.94 75.75 76.20 75.94 75.91 75.71 75.55 76.37 75.60 75.88 76.10 76.55 77.03 77.15 77.29 77.30 77.42 77.51 77.25 77.27 77.08 77.25 76.76
76.97 75.92 76.65 76.45 76.71 76.85 77.46 77.37 77.05 77.11 77.10 76.81 76.66 76.70 76.83 77.08 75.95 76.65 76.82 76.06 75.87 75.58 75.31 75.02 74.64 74.16 73.36 72.03 70.65 70.22 70.66 71.22 71.38 71.63 71.76 71.70 71.87 71.90 71.25 70.94 70.91 71.45 71.79 72.10 72.58 73.11 73.49 73.78 73.98 74.14 74.17 74.56 74.75 74.77 74.49 74.38 74.03 74.90 74.27 75.05 75.39 77.56 78.20 78.56 78.92 78.69 78.23 78.93 78.91 76.87 76.78 77.17 77.12 77.20 77.63 77.61 77.73 77.61 77.52 77.48 77.52 77.53 77.50 77.62 77.49 77.45 77.46 77.36 77.29 77.23 77.27 77.12 77.02 76.78 76.66 76.66 76.58 76.40 75.97 76.37 75.83 75.91 75.78 75.48 75.58 75.33 75.45 75.41 75.27 75.34 75.69 75.26 75.10 75.08 75.15 74.85 75.64 76.28 76.30 76.32 75.94 76.32 76.30 76.22 76.43 76.58 76.54 76.72 76.29 75.99 75.82 75.08 75.00 75.05 75.31 75.20 74.99 75.16 75.22 75.61 75.88 76.09 76.06 76.08 76.18 76.09 75.92 76.00 75.73 75.86 75.72 75.90 75.39 75.14 75.95 76.11 75.56 76.09 76.14 75.93 75.99 75.89 75.59 75.78 76.17 76.28 76.17 76.20 76.42 77.19 77.37 77.79 77.59 77.53 77.27 77.62 77.40 77.77 76.74 76.85
77.09 77.02 76.80 76.58 76.75 77.05 77.31 77.52 77.42 77.50 77.33 77.02 76.93 77.05 77.02 77.08 76.72 76.68 76.56 76.27 76.00 75.66 75.35 75.02 74.55 73.94 73.01 71.13 68.94 68.46 69.70 70.79 71.12 71.22 71.30 71.95 71.72 71.68 71.12 70.86 70.90 72.05 71.37 71.85 72.36 72.84 73.31 73.61 73.83 74.00 74.06 74.75 74.24 75.34 77.94 77.54 77.51 75.79 78.77 79.18 77.66 75.52 75.45 75.67 77.90 78.08 77.62 77.67 76.33 78.60 77.05 77.05 77.23 77.36 77.42 77.63 77.57 77.74 77.86 77.58 77.55 77.55 77.54 77.54 77.42 77.46 77.54 77.41 77.28 77.44 77.33 77.26 77.13 76.94 77.15 76.83 76.68 76.48 76.35 76.35 76.31 76.07 75.74 75.56 75.37 75.77 75.40 75.37 75.26 75.19 75.21 75.35 74.98 75.31 75.20 75.40 75.41 76.08 76.23 76.10 76.15 76.34 76.23 76.22 75.98 76.37 76.42 76.45 76.28 76.11 75.25 75.03 74.76 75.21 75.12 75.32 74.97 75.14 75.73 75.76 76.18 76.10 76.20 76.14 76.19 76.13 75.83 75.69 75.64 75.69 75.66 75.47 75.80 75.42 76.16 76.15 75.74 75.74 76.04 76.14 75.91 75.99 75.68 75.56 75.86 76.61 76.65 76.78 77.04 77.42 77.56 77.69 77.73 77.68 77.65 77.74 77.81 77.68 77.80 77.66
77.78 77.58 77.82 77.84 77.23 77.21 77.37 77.57 77.44 77.44 77.35 77.30 77.33 77.08 77.22 77.14 77.07 76.83 76.69 76.42 76.11 75.85 75.42 75.03 74.41 73.83 72.97 71.34 69.01 67.09 68.12 70.77 71.03 71.04 70.96 71.58 71.51 71.23 70.78 70.55 71.01 71.34 71.30 71.80 72.23 72.64 73.31 73.50 73.70 73.92 73.82 74.47 77.25 77.71 79.50 79.57 76.31 73.36 73.19 74.19 74.82 75.01 75.28 75.49 75.91 75.82 76.00 77.06 76.55 76.72 78.99 77.51 79.04 77.68 77.50 77.98 77.91 77.70 77.81 77.84 77.60 77.60 77.63 77.57 77.59 77.55 77.67 77.49 77.53 77.40 77.40 77.51 77.17 77.06 76.90 76.90 76.92 76.63 75.65 75.99 76.37 76.42 75.99 75.77 75.67 75.38 75.35 75.42 75.21 75.25 75.62 75.35 75.42 75.16 75.37 75.49 75.42 75.62 75.94 75.75 75.87 76.09 76.05 75.97 75.70 76.34 76.30 76.49 76.30 76.27 76.04 75.35 74.87 75.07 75.03 75.51 75.22 75.62 75.93 75.96 76.31 76.25 76.13 76.21 76.23 76.20 76.09 76.14 75.91 75.88 75.74 75.44 75.11 75.54 75.49 75.72 76.07 76.16 75.94 76.30 76.10 76.50 76.70 76.44 76.61 77.38 76.73 77.03 77.20 77.51 77.62 77.65 77.83 77.78 77.87 77.93 77.94 77.58 77.68 77.49
77.35 77.50 77.47 77.69 77.85 77.35 77.59 77.45 77.60 77.65 77.44 77.50 77.36 77.30 77.31 77.16 77.16 76.97 76.83 76.54 76.31 75.93 75.61 75.14 74.62 73.97 73.18 72.41 69.38 65.79 65.78 69.73 70.91 70.92 70.99 70.87 71.29 71.07 71.11 70.81 70.94 71.55 73.15 74.69 73.63 72.72 73.28 73.84 73.79 74.18 77.32 78.09 78.02 79.32 77.65 73.83 72.99 74.71 73.60 74.77 75.02 75.15 75.73 75.68 76.08 76.24 77.31 76.62 78.05 76.90 79.09 79.12 79.41 78.55 78.31 77.98 77.61 77.75 77.77 78.20 77.85 77.59 77.67 77.69 77.65 77.67 77.77 77.53 77.55 77.55 77.65 77.31 77.30 77.25 77.06 76.85 76.91 76.74 76.26 76.17 76.42 76.20 75.90 76.05 76.01 75.64 75.39 75.71 76.62 76.88 75.47 75.71 75.57 75.65 75.60 75.47 75.47 75.54 75.76 75.81 75.79 75.62 75.80 75.63 75.60 75.71 75.96 76.26 76.31 76.31 76.03 75.68 74.91 75.65 75.66 75.16 75.92 76.14 75.64 76.03 76.32 76.36 76.48 76.32 76.33 76.15 76.08 76.41 76.32 75.98 75.32 75.52 75.13 75.80 76.16 76.04 76.23 76.56 76.24 76.39 76.77 77.38 77.58 77.27 77.23 77.58 77.56 77.46 77.60 77.63 77.71 77.80 77.89 78.37 78.06 78.03 77.59 76.37 77.66 77.57
77.62 77.59 77.52 77.52 78.10 77.95 77.69 77.73 77.98 77.80 77.72 77.57 77.47 77.44 77.43 77.47 77.41 77.16 76.96 76.73 76.45 76.12 75.79 75.29 74.77 74.28 73.65 73.08 70.02 67.02 67.75 69.19 70.60 70.84 71.01 71.22 70.80 70.82 71.24 70.83 73.97 74.31 71.81 75.46 74.77 74.77 75.16 77.12 76.76 76.04 74.84 73.53 76.00 79.08 77.37 77.69 77.96 75.39 74.63 75.21 75.34 75.36 75.64 75.80 76.76 77.83 77.83 77.56 76.36 76.51 77.87 79.21 79.12 78.62 78.98 78.54 78.24 77.67 77.65 77.78 77.81 77.74 77.77 77.63 77.68 77.62 77.54 77.47 77.44 77.49 77.45 77.52 77.30 77.25 77.23 77.27 77.27 76.90 76.51 76.63 75.93 75.87 75.99 76.06 75.45 75.86 75.99 75.73 75.71 75.75 75.93 75.90 76.01 75.39 75.47 75.48 75.46 75.91 75.94 75.77 75.43 75.28 75.36 75.17 75.55 76.00 75.80 75.95 76.32 76.33 76.23 76.13 75.26 75.19 75.57 75.77 75.82 75.92 75.80 76.14 76.38 76.33 76.58 76.54 76.50 76.54 76.61 76.62 76.59 76.79 75.15 75.02 75.19 75.81 75.43 76.50 77.38 76.97 77.05 77.02 77.40 77.58 77.52 77.44 77.74 77.90 77.77 77.88 77.89 77.87 77.89 77.88 77.97 78.11 78.27 78.25 77.94 77.81 77.75 77.63
77.67 77.73 77.80 77.77 77.64 78.15 78.10 78.08 78.19 77.86 77.72 77.45 77.54 77.62 77.73 77.80 77.80 77.59 77.06 77.04 76.72 76.43 76.08 75.59 75.15 74.64 74.13 73.29 72.18 70.65 69.41 69.64 70.62 70.75 71.10 71.35 71.34 72.30 71.62 71.02 71.37 71.67 72.09 76.06 74.51 76.40 74.42 75.27 74.47 73.77 73.37 76.13 76.90 77.36 76.79 73.89 74.25 75.27 77.40 77.32 75.58 75.72 75.81 75.86 76.44 76.15 76.74 76.36 76.46 76.68 77.10 77.52 78.51 77.40 77.38 78.48 78.67 78.35 77.52 77.62 78.19 77.90 77.85 77.77 77.72 77.61 77.51 77.52 77.61 77.53 77.46 77.42 77.48 77.21 77.24 77.32 77.27 77.25 77.02 77.09 76.50 75.72 75.89 76.04 76.31 76.06 75.96 75.89 76.00 75.84 76.32 76.38 76.25 75.59 75.44 75.48 75.26 75.45 75.21 75.71 75.43 75.71 75.49 75.51 75.73 75.56 76.06 75.76 76.22 76.29 76.17 75.70 75.82 75.36 75.77 75.93 76.21 76.14 76.24 76.36 76.27 76.48 76.85 76.89 76.73 76.72 77.19 76.99 76.65 76.47 76.00 75.63 76.31 76.25 76.18 76.62 77.80 77.43 78.89 77.87 77.69 77.51 77.51 77.79 77.79 78.03 78.04 77.98 77.98 78.04 78.10 78.05 78.20 78.19 78.17 78.22 78.26 78.07 77.90 77.77
77.78 77.75 77.89 77.92 77.82 78.45 78.46 78.30 77.98 78.12 77.59 77.25 77.76 78.15 78.10 78.19 77.53 77.10 77.57 77.34 77.12 76.70 76.59 76.12 75.56 75.06 74.58 73.73 73.09 71.87 70.94 70.76 70.48 70.44 71.20 71.63 71.95 72.13 72.17 71.77 71.59 72.14 72.51 73.35 73.64 73.69 74.28 74.32 74.15 73.86 73.63 73.42 73.89 75.73 75.33 74.40 74.96 75.44 75.75 77.94 75.58 76.20 76.17 76.33 76.46 76.55 77.27 76.80 76.92 77.16 77.31 77.43 79.24 77.66 77.60 78.26 78.01 78.11 77.73 77.77 77.87 77.87 78.16 77.91 77.74 77.67 77.72 77.62 77.61 77.57 77.53 77.46 77.40 77.37 77.29 77.26 76.96 77.26 77.25 77.28 76.69 76.22 76.06 76.20 76.42 76.04 76.15 76.30 76.25 76.25 76.44 76.43 76.18 75.92 75.76 75.36 75.09 76.14 75.93 75.76 75.68 75.78 75.62 75.93 75.49 75.80 75.59 76.18 76.24 76.43 76.07 76.20 76.12 76.00 76.36 76.89 76.05 76.61 76.51 76.29 76.50 76.56 77.10 77.10 76.81 77.29 77.17 76.85 76.62 76.40 75.94 76.13 76.04 76.22 76.40 77.06 77.81 77.81 77.85 77.63 77.88 77.82 77.79 77.75 77.86 78.06 77.95 77.80 78.22 78.24 78.21 78.30 78.34 78.38 78.37 78.37 78.30 78.19 77.97 77.94
77.99 77.94 77.98 78.10 78.18 78.49 78.50 78.28 78.14 77.78 77.52 77.16 77.84 78.12 78.38 77.90 77.59 77.76 77.69 77.37 77.27 77.09 76.88 76.51 76.05 75.37 74.80 74.14 73.50 72.82 71.84 71.29 69.96 68.49 71.43 71.85 72.11 72.38 72.54 72.58 72.63 73.44 73.78 74.07 74.31 74.83 75.12 75.32 75.56 75.71 75.06 76.32 78.13 74.42 74.54 74.81 75.57 75.88 75.97 76.88 76.25 76.46 76.47 76.46 76.65 76.74 76.72 77.33 77.39 77.37 78.17 77.48 78.93 79.06 77.85 77.85 77.76 77.78 77.82 78.00 78.38 78.17 78.09 77.79 77.82 77.79 77.71 77.62 77.56 77.54 77.56 77.62 77.48 77.44 77.32 77.27 76.89 77.24 77.23 77.27 76.72 76.57 76.43 76.26 76.44 76.38 76.34 76.48 76.51 76.56 76.66 76.63 76.08 75.88 75.84 75.55 75.28 76.19 76.00 75.97 75.99 75.64 75.71 75.54 75.87 75.93 76.10 76.22 76.69 76.59 76.31 75.84 76.30 76.39 76.87 76.87 76.69 77.28 76.57 76.44 76.61 76.73 77.16 77.19 77.23 77.33 77.26 76.56 76.78 76.43 76.33 76.42 76.93 76.99 77.23 77.79 77.99 78.11 77.98 77.95 78.19 78.08 77.89 77.87 78.08 77.99 77.78 77.98 78.18 78.27 78.30 78.33 78.33 78.39 78.41 78.39 78.24 78.26 78.13 78.03
78.06 77.98 78.11 78.35 78.25 78.37 78.51 78.72 78.19 77.89 77.58 77.59 78.06 78.41 78.41 78.13 77.97 77.86 77.34 77.60 77.40 77.39 76.92 76.35 75.89 75.75 75.17 74.34 73.60 73.34 72.95 72.44 70.34 67.76 68.72 72.15 72.30 72.43 72.74 73.07 73.46 73.78 74.01 74.32 74.69 75.16 75.46 75.78 76.26 76.54 75.33 74.38 74.20 74.58 74.87 75.43 75.84 76.21 76.27 76.62 76.41 76.61 77.09 76.60 76.71 76.82 76.71 77.70 77.13 77.33 77.56 78.86 79.80 79.69 77.67 77.77 77.78 77.83 77.67 78.44 77.68 78.34 77.92 77.76 77.97 77.87 77.73 77.61 77.66 77.56 77.54 77.59 77.50 77.49 77.46 77.31 77.26 77.02 77.04 76.90 76.88 76.93 76.75 76.85 76.50 76.32 76.36 76.77 76.65 76.62 76.59 76.27 76.37 76.26 75.91 75.74 76.03 76.01 75.75 76.11 75.94 75.81 75.89 75.92 75.92 76.03 76.20 76.42 76.46 76.65 76.98 76.84 77.19 77.16 77.20 77.19 76.97 76.94 77.10 76.88 77.19 77.24 77.42 77.40 77.44 77.23 76.83 76.78 76.83 76.60 76.80 77.10 77.60 77.72 77.75 77.81 78.01 78.13 78.07 78.19 78.09 78.09 78.01 78.15 78.11 78.02 77.89 78.14 78.22 78.26 78.31 78.35 78.35 78.38 78.39 78.39 78.41 78.34 78.27 78.18
78.43 78.34 78.39 78.49 78.60 78.65 78.61 78.52 78.41 77.90 77.80 77.84 78.47 78.59 78.55 78.34 78.18 77.63 77.54 77.75 77.64 77.20 76.76 76.20 75.62 76.26 75.62 73.81 73.63 73.73 73.62 73.75 73.29 70.07 71.52 72.45 72.22 72.33 72.81 73.26 73.67 73.89 74.09 74.07 75.08 75.49 75.93 76.22 76.50 76.98 77.03 75.88 75.33 75.54 75.89 76.19 76.39 76.48 76.55 76.78 76.71 76.63 76.41 77.14 77.23 76.95 77.06 77.36 77.41 77.57 77.64 77.75 79.20 79.36 78.89 78.50 78.53 78.30 78.16 78.10 77.82 77.74 77.93 77.83 77.76 77.95 77.70 77.57 77.63 77.62 77.67 77.60 77.57 77.51 77.45 77.33 77.31 77.15 77.24 77.12 77.11 77.12 77.11 76.94 76.94 76.49 76.71 77.00 77.25 76.58 76.69 76.48 76.15 76.12 76.00 76.35 76.17 76.17 75.90 76.15 76.01 75.89 75.87 75.99 76.02 76.10 76.32 76.45 76.67 76.77 77.37 77.63 77.83 77.95 78.25 77.88 77.32 77.24 77.12 77.32 77.34 77.46 77.53 77.44 77.40 77.08 77.05 76.94 76.84 76.61 77.25 77.81 77.75 77.66 77.70 77.99 78.08 78.16 78.18 78.25 78.06 78.24 78.16 78.21 78.18 78.07 78.11 78.20 78.24 78.26 78.27 78.33 78.36 78.37 78.36 78.39 78.41 78.43 78.45 78.47
78.43 78.53 78.80 78.54 78.70 78.72 78.65 78.62 78.52 78.18 78.06 77.99 78.62 78.73 78.72 78.59 77.98 77.53 77.94 77.85 77.54 76.90 76.42 76.07 76.31 76.41 76.21 75.10 73.75 73.66 73.88 74.29 74.53 74.23 73.39 72.79 72.05 71.87 72.95 73.53 73.92 74.14 74.25 74.02 75.28 76.00 76.32 76.55 76.84 77.26 77.42 76.29 76.27 76.52 76.68 76.81 76.79 76.82 76.86 76.98 77.19 76.88 76.58 76.71 76.92 77.25 77.39 77.46 77.50 77.69 77.92 79.04 77.93 78.61 79.30 78.84 78.29 77.90 77.82 77.84 77.72 77.86 77.76 77.82 78.00 77.80 77.77 77.61 77.65 77.61 77.58 77.59 77.45 77.43 77.40 77.39 77.36 77.37 77.29 77.14 77.13 77.13 77.06 77.11 77.05 77.02 77.06 76.99 77.05 76.46 76.59 75.96 76.13 76.03 76.19 76.06 76.08 76.21 76.14 76.13 76.02 75.92 75.84 75.90 76.38 76.18 76.32 76.56 76.83 77.16 77.64 79.24 79.39 79.39 79.33 79.09 78.64 77.72 77.57 77.52 77.50 77.64 77.56 77.41 77.43 77.17 77.05 77.08 76.72 76.79 77.80 77.75 77.84 77.86 77.93 77.96 78.12 78.18 78.24 78.25 78.21 78.18 78.23 78.22 78.22 78.21 78.21 78.19 78.24 78.24 78.24 78.29 78.33 78.34 78.36 78.39 78.43 78.44 78.47 78.50
78.50 78.56 78.61 78.63 78.71 78.73 78.72 78.70 78.63 78.41 78.16 78.45 78.77 78.84 78.85 78.63 77.90 78.17 78.10 77.87 77.38 76.99 77.06 76.87 76.75 76.70 76.43 75.74 73.37 73.53 73.88 74.66 74.92 74.69 74.09 73.22 71.14 71.12 73.41 73.88 74.16 74.34 74.47 74.72 75.79 76.14 76.41 76.69 76.96 77.22 77.44 77.48 76.79 76.77 76.76 76.79 76.91 77.02 77.12 77.19 77.23 77.09 76.74 77.08 77.35 77.42 77.56 77.61 77.65 77.79 78.02 79.11 79.51 79.03 79.29 77.96 77.91 77.85 78.19 78.35 78.15 77.83 77.87 77.93 77.81 77.69 77.70 77.61 77.67 77.57 77.61 77.57 77.55 77.60 77.40 77.35 77.30 77.39 77.24 77.06 77.06 77.10 77.16 77.06 77.03 77.17 76.85 77.27 77.06 77.09 76.73 76.41 76.34 75.90 76.00 76.10 76.01 76.15 76.16 76.18 76.00 76.06 75.87 76.34 76.66 76.12 76.34 76.64 77.17 77.75 79.17 79.54 79.47 79.43 79.42 79.32 79.26 78.77 77.76 77.73 77.77 77.67 77.50 77.54 77.19 76.96 77.06 77.29 77.11 77.09 77.73 77.91 77.96 78.03 78.17 78.06 78.21 78.26 78.21 78.26 78.29 78.20 78.22 78.21 78.24 78.24 78.21 78.20 78.19 78.19 78.21 78.18 78.28 78.33 78.31 78.41 78.46 78.49 78.50 78.54
78.58 78.70 78.50 78.56 78.76 78.74 78.75 78.72 78.81 78.51 78.28 78.72 78.89 78.93 78.88 78.44 78.19 78.42 78.07 77.66 77.58 77.43 77.36 77.25 77.10 76.88 76.63 75.86 73.90 73.82 74.38 75.19 75.18 75.35 74.95 73.65 70.54 68.79 72.74 74.17 74.33 74.56 74.78 75.15 75.73 76.16 76.48 76.77 76.98 77.25 77.45 77.49 77.37 76.95 76.90 76.91 77.01 77.12 77.20 77.30 77.40 77.33 77.21 77.26 77.37 77.60 77.81 77.84 77.88 78.25 79.12 79.17 78.98 79.44 78.17 78.13 78.19 78.10 78.38 77.90 77.91 77.86 77.82 77.87 77.94 77.81 77.75 77.84 77.75 77.76 77.64 77.60 77.52 77.56 77.48 77.62 77.39 77.31 77.27 77.29 77.25 76.99 76.82 76.76 77.11 77.22 77.26 76.95 76.90 76.77 76.73 76.72 76.59 76.72 76.46 76.23 76.11 76.15 76.15 75.90 76.08 76.03 75.78 76.86 76.22 76.13 76.46 76.85 77.38 78.28 79.35 79.59 79.58 79.54 79.46 79.40 79.33 79.12 78.58 78.10 77.91 78.00 77.50 77.35 77.34 77.29 77.52 77.64 77.56 77.56 77.86 78.05 78.29 78.04 78.23 78.33 78.23 78.21 78.15 78.16 78.61 78.10 78.07 78.12 78.19 78.23 78.14 78.17 78.10 78.14 78.14 78.26 78.28 78.35 78.29 78.41 78.47 78.51 78.54 78.54
78.65 78.64 78.65 78.63 78.83 78.83 78.88 78.85 78.98 78.89 78.76 79.02 79.04 78.99 78.93 78.86 78.47 78.48 78.07 77.78 77.67 77.59 77.43 77.26 77.07 76.90 76.55 75.84 75.16 75.44 75.40 75.39 75.42 75.44 75.54 75.43 71.16 65.51 67.15 74.17 74.50 74.74 75.01 75.36 75.74 76.21 76.60 76.84 77.09 77.25 77.42 77.51 77.49 77.09 77.02 77.01 77.10 77.21 77.27 77.35 77.43 77.28 77.22 77.47 77.62 77.76 78.02 78.19 78.40 78.23 79.52 79.28 78.17 79.50 79.08 78.11 79.01 78.00 77.91 78.07 77.88 77.84 77.77 77.73 77.82 77.85 77.97 77.84 77.82 77.79 77.65 77.62 77.63 77.62 77.70 77.48 77.61 77.31 77.36 77.39 77.32 77.29 77.07 76.80 77.22 77.16 77.61 77.12 77.38 76.72 76.89 76.85 76.81 76.95 76.71 76.30 76.12 76.33 76.50 76.06 76.22 76.14 75.96 75.87 76.03 76.41 76.71 77.08 77.65 78.57 79.61 79.64 79.67 79.55 79.42 79.41 79.28 79.20 78.82 78.25 78.07 77.55 77.67 77.58 77.46 77.70 77.87 77.97 77.97 78.01 78.12 78.29 78.48 78.51 78.35 78.41 78.31 78.30 78.12 78.05 77.96 77.87 77.90 77.93 77.99 78.03 78.04 78.04 78.06 78.37 77.82 78.14 78.26 78.26 78.26 78.47 78.51 78.49 78.18 78.54
78.56 78.72 78.35 78.39 78.83 78.81 78.92 78.98 79.02 79.06 79.11 79.16 79.14 79.10 79.04 78.90 78.74 78.43 77.75 77.80 77.72 77.52 77.39 77.29 77.05 76.81 76.58 76.28 75.64 75.65 75.54 75.54 75.54 75.64 75.82 75.97 75.29 67.53 68.78 73.35 74.32 74.96 75.31 75.55 72.68 76.43 76.73 76.94 77.14 77.25 77.44 77.50 77.51 77.15 77.10 77.14 77.22 77.29 77.34 77.40 77.42 77.46 77.56 77.48 77.73 78.12 78.33 78.56 78.67 79.36 79.46 79.31 78.60 78.48 78.25 78.98 78.35 78.19 77.90 77.75 77.74 77.86 77.78 77.83 77.82 77.81 79.20 77.83 78.39 77.76 77.63 77.66 77.66 77.77 77.74 77.47 77.47 77.51 77.56 77.57 77.54 77.25 77.16 77.21 77.28 77.36 77.27 77.41 77.63 77.08 77.07 77.25 76.98 76.92 76.82 76.67 76.49 76.58 76.69 76.64 76.51 76.26 76.19 76.23 76.32 76.51 76.85 77.29 77.83 78.67 79.62 79.63 79.59 79.51 79.42 79.39 79.32 79.24 78.97 78.44 78.22 77.86 77.90 77.95 77.94 78.01 77.99 78.29 78.17 78.40 78.49 78.57 78.75 78.85 78.87 78.61 78.53 78.28 78.03 77.80 77.61 77.51 77.64 77.65 77.76 77.84 77.88 77.98 77.95 77.97 78.00 77.89 78.28 78.23 78.32 78.35 78.49 78.49 77.90 78.35
78.62 78.76 78.78 78.97 78.92 78.83 79.01 79.13 79.15 79.20 79.25 79.32 79.29 79.24 79.21 79.02 78.48 78.12 77.84 77.82 77.44 74.99 70.68 70.11 72.47 76.72 76.48 76.41 76.21 75.81 75.73 75.64 75.66 75.74 75.83 75.94 75.96 74.84 72.90 73.28 74.53 75.15 75.54 75.77 76.16 76.66 76.83 77.01 77.15 77.24 77.40 77.50 77.54 77.20 77.20 77.20 77.26 77.35 77.40 77.41 77.46 77.46 77.42 77.63 78.15 78.43 78.64 78.79 78.83 79.30 79.56 79.39 78.99 78.70 79.06 78.59 78.56 78.23 78.09 78.02 78.22 77.87 77.58 78.66 77.88 77.83 77.87 77.82 77.82 77.83 78.23 77.88 77.71 77.66 77.70 77.57 77.60 77.63 77.66 77.72 77.64 77.62 77.36 77.31 77.36 77.38 77.28 77.68 77.52 76.94 77.12 77.15 77.19 77.22 76.90 76.85 76.69 76.57 76.64 76.65 76.50 76.59 76.46 76.52 76.60 76.76 77.01 77.50 78.09 79.58 79.60 79.50 79.59 79.50 79.42 79.38 79.30 79.25 79.03 78.60 78.37 78.26 78.14 78.12 78.10 78.13 78.21 78.34 78.61 78.68 78.80 78.91 78.91 78.98 78.99 78.93 78.62 78.24 77.88 77.62 77.44 77.32 77.18 77.31 77.42 77.67 77.78 77.85 77.86 77.91 77.95 77.97 78.09 78.22 78.26 78.37 78.38 78.58 78.15 79.23
78.73 78.87 78.90 79.02 78.55 79.00 79.04 79.12 79.26 79.29 79.35 79.41 79.42 79.39 79.41 78.69 78.28 78.22 77.96 77.98 77.05 69.75 65.92 64.68 67.68 74.51 76.45 76.43 76.63 76.24 75.99 75.75 75.70 75.77 75.85 75.95 75.98 75.79 74.78 74.67 75.13 75.35 75.61 75.85 76.22 76.68 76.91 77.08 77.19 77.29 77.36 77.54 77.51 77.08 77.12 77.29 77.32 77.37 77.40 77.44 77.48 77.55 77.67 78.01 78.23 78.69 78.90 79.12 79.38 79.43 79.24 79.41 79.30 79.07 79.16 78.79 78.39 78.44 78.32 78.02 77.92 77.74 77.99 78.45 77.82 77.86 77.87 79.01 77.88 78.04 77.86 77.84 77.70 77.66 77.72 77.78 77.73 77.74 77.73 77.81 77.80 77.72 77.52 77.46 77.61 77.59 77.59 77.56 77.23 77.08 77.20 77.23 77.13 77.03 76.99 76.93 76.76 76.29 76.58 76.67 76.71 76.70 76.67 76.72 76.78 76.91 77.38 77.59 78.18 79.40 79.55 79.57 79.51 79.45 79.41 79.41 79.34 79.19 79.06 78.87 78.65 78.73 78.57 78.57 78.55 78.73 78.76 78.85 78.96 79.04 79.11 79.10 79.11 79.19 79.13 79.10 78.86 78.22 77.89 77.49 77.25 77.00 76.81 76.81 77.06 77.54 77.71 77.75 77.74 77.82 77.90 78.00 78.11 78.20 78.19 78.33 78.64 78.62 78.51 78.81
78.75 78.91 79.03 79.08 79.13 79.03 79.06 79.19 79.32 79.38 79.44 79.50 79.52 79.51 79.52 78.81 78.34 78.10 77.69 77.85 77.35 69.84 65.99 65.08 67.20 74.72 76.68 76.79 76.83 76.73 76.28 75.87 75.64 75.59 75.62 75.87 76.01 76.00 75.58 75.43 75.52 75.58 75.66 75.84 76.10 76.54 76.97 77.12 77.25 77.29 77.36 77.56 77.42 77.47 77.08 77.21 77.32 77.36 77.43 77.44 77.54 77.55 77.80 78.21 78.63 78.95 79.32 79.42 79.62 79.62 79.73 79.59 79.53 79.41 79.30 78.80 78.65 78.68 79.04 78.12 77.98 77.88 78.02 77.98 78.95 77.79 77.85 77.73 77.86 77.89 77.90 77.91 78.15 77.80 77.78 77.83 77.79 77.79 77.78 77.81 77.83 77.65 78.35 77.64 77.74 77.48 77.37 77.55 77.36 77.31 77.23 77.15 77.01 76.98 77.00 77.16 76.66 76.80 76.64 76.89 77.01 77.14 76.74 76.78 76.85 76.99 77.32 77.21 77.86 78.55 79.18 79.50 79.43 79.41 79.38 79.32 79.30 79.26 79.17 79.10 79.09 79.09 79.22 79.11 79.14 79.12 79.25 79.27 79.29 79.36 79.41 79.35 79.46 79.40 79.36 79.19 78.96 78.23 77.73 77.35 76.90 76.58 76.48 76.68 76.71 75.98 77.53 77.63 77.69 77.76 77.87 77.99 78.11 78.22 78.26 78.51 78.22 78.75 78.69 78.82
79.17 79.05 79.02 79.22 79.33 79.31 79.28 79.36 79.48 79.50 79.57 79.58 79.60 79.60 79.59 78.81 78.36 77.81 77.70 77.93 77.73 71.82 69.53 68.62 70.48 76.32 77.03 77.04 76.98 76.79 76.48 76.04 75.62 75.41 75.24 75.16 75.96 75.99 75.84 75.72 75.68 75.70 75.75 75.86 76.09 76.51 77.02 77.11 77.19 77.28 77.28 77.45 77.58 77.67 77.15 77.21 77.24 77.33 77.36 77.46 77.54 77.57 77.96 78.27 78.70 79.46 79.56 79.63 79.74 79.76 79.76 79.71 79.54 79.55 79.43 79.05 78.95 78.98 78.55 78.14 78.18 78.45 78.08 77.98 77.79 78.05 78.19 77.87 77.90 77.95 77.89 77.89 77.83 77.81 77.92 77.86 77.82 77.83 77.83 77.82 77.88 77.68 77.58 77.76 77.50 77.59 77.74 77.14 77.38 77.58 77.13 77.00 76.99 77.04 77.05 77.18 76.88 76.89 76.17 77.07 77.12 77.10 76.60 76.73 76.94 76.99 77.28 77.17 77.46 77.77 78.41 78.60 79.03 79.14 79.13 79.30 79.29 79.30 79.30 79.28 79.32 79.44 79.45 79.47 79.51 79.48 79.57 79.61 79.61 79.55 79.61 79.56 79.58 79.47 79.51 79.49 79.25 78.33 77.68 77.12 76.48 76.31 76.23 76.21 76.59 77.04 77.38 77.51 77.62 77.74 77.89 78.00 78.11 78.19 78.40 78.46 78.25 78.82 78.82 78.93
79.14 79.20 79.24 79.34 79.39 79.47 79.51 79.58 79.62 79.62 79.66 79.65 79.65 79.63 79.62 78.87 78.17 77.74 77.91 78.07 78.09 76.48 74.59 74.00 76.67 77.43 77.22 77.16 77.05 76.72 76.39 76.05 75.71 75.30 75.06 74.98 75.71 75.99 75.93 75.71 75.70 75.50 75.75 75.91 75.93 76.66 76.84 77.01 77.08 77.18 77.24 77.32 77.44 77.62 77.47 77.29 77.73 78.40 78.19 77.69 77.59 77.46 78.00 78.31 78.79 79.45 79.69 79.76 79.86 79.90 79.83 79.89 79.57 79.82 79.68 79.40 79.32 79.35 79.23 78.60 78.19 77.93 77.79 77.94 77.85 77.95 77.94 77.94 77.93 77.83 77.97 78.01 77.94 77.88 78.00 78.03 78.16 77.73 77.95 77.92 77.83 77.71 77.60 77.71 77.72 77.68 77.68 77.54 77.36 77.47 77.30 77.11 77.12 77.00 76.98 77.02 77.11 76.88 76.34 77.03 77.11 76.97 77.55 77.33 76.92 76.89 77.09 77.23 77.30 77.57 77.79 78.00 78.25 78.55 78.90 79.18 79.30 79.37 79.46 79.49 79.51 79.70 79.61 79.76 79.83 79.89 79.94 79.89 80.03 79.93 79.95 79.89 79.84 79.83 79.86 79.72 79.62 78.52 77.64 77.04 76.58 76.24 76.09 74.57 75.38 76.63 77.20 77.45 77.64 77.75 77.90 78.02 78.17 78.33 78.56 78.42 78.73 78.83 78.57 79.09
79.25 79.29 79.27 79.46 79.58 79.57 79.64 79.64 79.65 79.68 79.70 79.68 79.67 79.66 79.65 78.95 78.05 77.85 77.91 77.80 78.11 78.02 78.00 77.98 77.76 77.51 77.09 77.22 76.93 76.59 76.21 75.95 75.55 75.21 74.99 74.52 74.58 75.90 75.98 75.69 75.78 75.70 75.79 75.06 76.18 76.67 76.91 76.99 77.04 77.09 76.98 77.20 77.22 77.70 77.22 77.26 77.31 77.27 77.81 78.71 78.92 77.79 78.20 79.05 79.44 79.76 79.87 79.88 79.95 80.00 79.99 79.94 79.88 79.79 79.51 79.62 79.58 79.66 79.79 79.01 78.66 78.07 77.98 78.14 78.24 78.00 78.05 78.00 78.01 77.88 77.96 78.13 77.99 78.00 78.01 78.39 78.07 77.97 77.89 77.95 77.69 77.72 77.80 77.72 77.66 77.87 77.79 77.51 77.64 77.57 77.33 77.46 77.41 77.38 77.59 77.07 77.21 76.66 76.85 76.46 76.76 76.71 76.72 76.92 76.94 77.02 76.96 76.91 77.34 77.20 77.71 78.07 78.05 78.32 78.97 79.30 79.41 79.60 79.67 79.73 79.85 79.92 79.99 80.11 80.23 80.35 80.42 80.44 80.43 80.35 80.27 80.22 80.23 80.14 80.05 79.94 79.77 79.53 77.94 77.30 76.53 76.21 74.64 68.36 74.33 76.52 77.22 77.50 77.63 77.78 78.02 78.00 78.23 78.42 78.72 78.76 78.88 78.85 79.09 79.16
79.42 79.48 79.51 79.48 79.68 79.58 79.75 79.77 79.76 79.75 79.74 79.72 79.70 79.68 79.67 79.16 78.16 77.87 77.92 77.88 77.85 77.91 77.57 77.68 77.71 77.58 77.43 77.02 76.75 76.47 76.09 75.79 75.48 75.13 74.53 74.45 74.75 76.04 76.21 75.85 75.99 75.97 76.00 75.04 75.86 76.65 76.86 76.94 76.98 76.87 76.71 76.80 77.26 77.46 77.66 77.81 77.76 77.98 78.07 78.75 78.34 77.69 79.40 79.58 79.73 79.82 79.82 79.92 80.04 80.07 79.85 80.01 80.02 79.92 79.67 79.95 79.74 79.82 79.90 79.86 78.99 78.69 78.45 78.32 78.36 78.13 78.01 77.96 78.02 78.03 78.08 78.08 78.03 77.99 78.07 77.96 78.14 78.06 77.83 77.70 78.20 77.65 77.79 77.80 77.47 78.00 77.27 77.58 77.65 77.51 77.49 77.54 77.51 77.46 77.40 77.48 77.40 77.73 77.18 76.97 77.14 77.53 76.91 77.09 77.13 76.75 76.54 77.09 77.46 77.25 77.75 77.90 78.19 78.79 79.26 79.52 79.74 79.76 79.86 79.98 80.07 80.24 80.34 80.54 80.70 80.74 80.80 80.75 80.74 80.64 80.58 80.57 80.44 80.30 80.15 80.03 79.85 79.63 78.82 77.43 76.81 76.34 75.63 74.96 75.64 77.02 77.44 77.60 77.70 77.83 77.89 78.22 78.40 78.58 78.83 78.99 78.99 79.05 79.19 79.34
79.60 79.64 79.71 79.76 79.83 79.81 79.85 79.87 79.86 79.82 79.82 79.81 79.77 79.60 79.73 79.68 78.97 78.07 77.80 77.83 77.84 77.88 77.55 77.49 77.82 77.65 77.21 76.94 76.66 76.33 76.01 75.69 75.47 75.10 73.98 74.34 75.26 76.05 76.16 75.99 76.23 76.28 76.24 76.32 76.49 76.66 76.87 76.97 76.96 76.65 76.72 76.91 76.93 77.47 77.53 77.61 77.62 77.92 78.01 78.29 78.24 78.67 79.26 78.99 78.65 79.63 79.74 79.89 80.05 80.12 80.06 80.16 80.11 80.17 80.12 80.07 79.96 80.01 80.07 80.11 80.06 79.17 78.87 78.60 78.70 78.22 78.09 80.45 78.11 78.04 78.13 78.34 78.11 78.20 77.97 78.00 78.10 78.09 77.86 77.86 77.75 77.88 77.78 77.82 77.65 77.56 77.38 77.49 77.53 77.37 77.53 77.49 77.65 77.84 77.79 77.78 77.53 77.21 77.15 77.11 77.26 77.08 76.98 77.07 76.87 77.19 77.69 77.88 77.84 77.98 78.08 78.36 78.98 79.20 79.45 79.76 79.85 79.99 80.17 80.33 80.49 80.63 80.84 80.98 81.06 81.20 81.15 80.97 81.07 80.93 80.87 80.72 80.58 80.40 80.29 80.20 80.04 79.89 79.34 77.96 77.42 77.01 76.58 76.54 76.93 77.49 77.63 77.71 77.78 77.87 78.20 78.33 78.61 78.85 79.07 79.23 79.25 79.28 79.47 79.55
79.85 79.78 79.89 79.90 79.91 79.90 79.92 79.97 79.97 79.92 79.89 79.89 79.88 79.84 79.81 79.77 79.35 78.73 78.41 78.34 78.12 78.04 77.82 77.78 77.94 77.29 77.09 76.88 76.52 76.26 75.94 75.84 75.38 75.13 74.67 74.71 75.27 76.08 76.11 76.11 76.29 76.39 76.51 76.51 76.61 76.73 76.85 76.99 76.91 76.46 76.91 76.99 77.03 77.20 77.28 77.38 77.53 77.58 77.71 78.18 78.05 78.56 78.80 79.05 79.40 79.45 79.71 79.84 79.90 80.13 80.18 80.18 80.25 80.33 80.28 80.41 80.12 80.19 80.26 80.16 80.13 79.99 79.46 79.77 79.13 78.76 78.27 78.04 78.24 78.29 78.35 78.20 78.10 78.06 78.48 78.18 78.01 77.87 77.82 77.99 77.74 77.77 77.87 77.86 77.71 77.67 77.45 77.46 77.55 77.45 77.42 77.39 77.65 77.77 77.72 77.72 77.45 77.22 77.34 77.37 77.32 77.69 77.13 77.03 77.32 77.20 77.49 77.98 77.90 78.09 78.35 78.91 79.07 79.43 79.64 79.84 80.04 80.25 80.53 80.71 80.85 81.02 81.40 81.25 81.39 81.48 81.43 81.34 81.27 81.15 80.96 80.86 80.95 80.59 80.57 80.44 80.28 80.13 79.73 79.17 78.04 77.74 77.59 77.56 77.41 77.13 77.81 77.82 77.87 77.96 77.76 79.61 78.97 78.19 79.37 78.95 79.52 79.56 79.59 79.78
80.03 79.43 79.92 79.92 80.01 79.98 79.99 80.03 80.00 80.01 79.99 80.00 79.98 79.94 79.97 79.93 79.86 79.45 78.70 77.99 78.10 78.09 78.15 78.05 77.51 77.18 77.01 76.77 76.58 76.08 75.80 75.55 75.16 74.81 74.51 74.61 75.17 75.95 76.22 76.30 76.43 76.55 76.60 76.66 76.56 76.70 76.69 76.57 76.55 76.66 76.90 77.08 77.10 77.05 77.24 77.46 77.56 77.61 77.59 77.63 77.61 77.62 77.98 79.02 79.03 79.70 79.84 79.89 79.96 80.13 80.26 80.47 80.47 80.47 80.43 80.57 80.50 80.52 80.50 80.27 80.43 80.39 80.11 79.71 79.34 78.89 78.47 78.23 78.56 78.36 78.31 77.97 78.19 78.18 78.23 78.01 78.09 77.87 78.03 78.12 77.69 77.65 77.81 77.59 78.03 77.51 77.56 77.40 77.54 77.26 77.14 77.29 77.54 77.64 77.56 77.40 77.39 77.49 77.35 77.65 77.59 77.67 77.62 77.28 77.46 77.76 77.80 78.03 78.19 78.63 78.80 79.17 79.37 79.60 79.82 80.04 80.30 80.61 80.83 80.96 81.19 81.31 81.45 81.56 81.76 81.56 81.50 81.47 81.40 81.07 81.18 81.08 80.95 80.76 80.56 80.71 80.64 80.46 80.28 80.10 79.79 79.41 79.20 78.73 78.45 77.83 78.28 78.05 78.00 78.13 78.19 78.93 79.29 79.39 79.58 79.68 79.73 79.85 79.92 79.99
80.16 80.08 80.08 80.03 80.06 80.04 80.06 80.06 80.05 80.07 80.08 80.07 80.05 80.01 80.05 79.97 80.01 79.90 79.39 77.51 77.91 78.08 77.95 77.61 77.04 77.17 76.99 76.75 76.40 75.92 75.45 74.91 74.35 74.09 73.90 73.84 74.26 74.88 75.89 76.42 76.58 76.64 76.70 76.68 76.09 76.29 76.78 76.91 76.70 76.60 76.89 76.81 76.69 76.82 77.13 77.45 77.58 77.66 77.68 77.71 77.72 77.68 77.95 79.00 79.59 79.76 79.87 79.88 80.03 80.16 80.22 80.53 80.43 80.59 80.62 80.74 80.72 80.83 80.70 80.58 80.54 80.45 80.47 79.69 79.44 79.03 78.89 78.72 78.50 78.61 78.06 78.10 78.14 78.50 78.66 77.97 78.12 77.94 78.06 77.92 77.95 77.87 77.84 77.78 77.76 77.57 77.46 77.81 77.44 77.16 77.57 77.23 77.27 77.21 77.14 77.10 77.26 77.37 77.44 77.77 77.80 77.75 78.17 78.00 77.90 78.20 78.12 78.22 78.53 78.79 79.09 79.38 79.53 79.78 79.95 80.25 80.50 80.82 81.06 81.26 81.35 81.47 81.70 81.84 81.92 81.88 81.74 81.71 81.51 81.47 81.31 80.93 81.12 80.93 80.88 80.84 80.73 80.59 80.57 80.41 80.30 80.06 79.97 79.89 79.63 79.48 79.09 78.54 78.30 78.36 78.38 78.80 78.87 79.54 79.65 79.75 79.87 80.05 80.16 80.19
80.30 80.14 80.15 80.05 80.14 80.11 80.14 80.14 80.10 80.11 80.13 80.13 80.12 80.06 80.02 79.99 79.94 79.85 79.79 77.95 77.94 77.87 77.69 77.48 77.16 77.20 77.01 76.77 76.45 75.65 74.67 73.93 73.19 72.73 72.72 73.09 73.47 73.59 74.56 75.75 76.50 76.77 76.82 76.79 76.71 76.58 76.68 76.79 76.89 77.12 76.67 76.56 76.43 76.27 76.75 77.22 77.55 77.63 77.66 77.65 77.71 77.65 78.19 79.14 79.58 79.75 79.86 79.96 80.04 80.25 80.30 80.46 80.53 80.72 80.76 80.91 81.04 80.99 80.98 80.82 80.87 80.79 80.66 80.59 80.28 80.07 79.99 79.75 79.32 79.77 78.50 78.31 78.11 78.08 78.29 78.10 78.30 78.53 77.97 78.40 78.03 78.23 77.93 78.50 78.02 78.02 77.73 77.60 77.51 77.31 77.22 77.16 77.16 77.02 77.03 77.02 77.14 77.50 78.21 78.00 77.89 77.74 77.86 77.78 78.12 78.25 78.31 78.38 78.85 79.04 79.32 79.60 79.75 79.90 80.25 80.51 80.67 80.99 81.19 81.48 81.61 81.81 81.98 82.01 82.07 82.11 82.04 81.88 81.84 81.65 81.56 81.46 81.37 81.18 81.33 81.26 81.01 80.77 80.76 80.55 80.35 80.24 79.96 79.85 79.58 79.49 79.20 78.89 78.67 78.64 78.57 78.92 78.80 79.70 79.74 79.85 80.08 80.11 80.21 80.23
80.25 80.20 80.22 80.15 79.77 80.17 80.18 79.94 80.17 80.16 80.13 80.14 80.07 80.06 80.02 79.97 79.95 79.98 79.76 79.23 77.73 77.64 77.86 77.53 77.52 77.25 77.11 76.90 76.29 75.06 73.78 72.65 71.91 71.81 71.45 71.71 72.97 73.20 73.64 74.87 76.18 76.80 76.91 76.88 76.65 76.74 76.58 75.81 76.73 76.77 76.74 76.59 76.27 76.00 76.33 76.90 77.35 77.50 77.59 77.58 77.83 77.86 77.89 78.61 79.60 79.83 79.88 79.94 80.12 80.27 80.45 80.60 80.63 80.86 80.98 81.06 81.12 81.18 81.19 81.31 80.98 80.98 80.92 80.85 80.67 80.13 80.30 80.02 79.55 79.47 79.23 78.69 78.67 78.58 78.50 78.21 78.08 78.04 78.51 78.31 78.51 79.48 78.48 77.92 78.61 77.85 77.76 77.73 77.63 77.65 77.46 77.21 77.82 77.09 77.12 77.37 77.24 77.39 78.16 78.14 78.17 78.14 78.18 78.32 78.36 78.46 78.60 78.86 79.00 79.29 79.52 79.77 79.84 80.18 80.38 80.67 80.87 81.06 81.39 81.46 81.92 82.10 82.16 82.17 82.17 82.21 82.10 82.07 81.95 82.04 81.79 81.73 81.54 81.50 81.43 81.36 81.24 80.92 80.58 80.64 80.42 80.29 80.07 79.85 79.58 79.57 79.36 79.19 79.09 78.94 78.82 78.41 77.81 79.76 79.81 79.84 80.07 80.21 80.26 80.20
80.24 80.25 80.28 80.25 80.22 80.20 80.15 80.19 80.17 80.15 80.16 80.17 80.12 80.15 80.03 80.05 79.97 79.71 79.58 79.23 78.64 78.20 77.93 77.78 77.59 77.41 77.28 76.94 76.20 74.80 73.34 72.44 72.11 72.03 71.25 71.65 72.74 73.31 73.90 75.17 76.32 76.85 76.92 76.89 76.29 76.79 76.63 76.31 76.57 76.47 76.48 76.34 76.32 76.43 76.63 76.78 77.16 77.48 77.49 77.45 77.66 77.87 77.88 78.44 79.38 79.92 79.99 79.90 80.17 80.35 80.48 80.69 80.80 80.95 81.10 81.23 81.29 81.33 81.34 81.32 81.28 81.24 81.13 81.35 81.30 80.82 80.52 80.43 80.08 80.12 79.44 79.98 79.57 79.20 79.30 78.67 78.38 78.98 78.15 78.65 79.66 79.67 79.57 78.19 78.45 77.72 77.66 77.88 77.90 77.78 77.64 77.78 78.92 78.13 77.57 77.73 78.38 77.59 78.26 78.14 78.21 78.19 78.55 78.62 78.78 78.67 78.91 78.96 79.30 79.59 79.71 79.80 80.01 80.23 80.61 80.84 81.10 81.23 81.65 81.83 81.97 82.21 82.24 82.23 82.22 82.17 82.21 82.16 82.11 81.98 81.89 81.93 81.90 81.75 81.59 81.42 81.27 81.16 80.95 80.75 80.50 80.25 80.11 79.90 79.64 79.64 79.55 79.42 79.40 79.14 78.21 78.53 78.24 79.58 79.78 79.95 80.00 80.19 80.18 80.27
80.24 80.31 80.31 80.27 80.24 80.23 80.20 80.19 80.18 80.20 80.17 80.25 80.20 80.21 80.08 80.04 79.90 79.72 79.37 78.88 78.49 78.19 77.98 77.83 77.68 77.56 77.38 77.19 76.65 75.69 74.34 73.23 72.70 72.53 72.42 72.56 73.17 73.57 75.41 76.48 76.98 77.11 77.00 76.97 76.98 76.54 76.79 76.16 76.48 76.51 76.42 76.54 75.92 76.43 76.92 76.81 76.95 77.33 77.50 77.72 77.69 77.72 77.87 78.45 79.33 79.96 80.15 80.21 80.32 80.46 80.70 80.82 81.07 81.15 81.57 81.28 81.41 81.33 81.44 81.45 81.40 81.38 81.20 81.23 81.29 80.96 80.85 80.51 80.41 80.45 80.27 80.15 80.13 79.92 79.61 79.10 78.87 78.67 79.34 79.51 79.77 79.62 78.88 79.47 78.86 79.40 79.15 79.36 77.70 77.64 77.54 78.31 77.65 77.47 78.48 78.55 78.36 78.21 78.29 78.43 78.49 78.50 79.02 79.41 78.97 78.95 79.03 79.40 79.63 79.72 79.65 80.00 80.03 80.34 80.65 81.00 81.22 81.28 81.64 81.89 82.09 82.20 82.15 81.97 82.23 82.16 82.11 82.00 82.16 81.84 81.90 81.87 81.77 81.71 81.73 81.54 81.36 81.28 80.85 80.75 80.49 80.24 79.96 79.87 79.75 79.65 79.51 79.57 79.55 79.24 78.81 78.48 78.01 79.48 79.93 79.93 80.15 80.19 80.26 80.33
80.39 80.38 80.32 80.32 80.31 80.28 80.25 80.20 80.19 80.24 80.24 80.18 80.17 80.12 80.10 79.95 79.75 79.49 79.13 78.80 78.42 78.16 78.00 77.89 77.81 77.72 77.60 77.43 77.12 76.55 76.03 75.59 75.42 73.81 73.10 72.91 73.60 75.10 76.10 76.79 77.10 77.22 77.22 77.28 77.37 77.46 77.50 77.31 76.72 76.33 75.88 76.32 76.90 76.83 76.82 77.01 77.50 77.37 77.49 77.75 77.86 78.09 78.31 78.75 79.35 80.03 80.10 80.33 80.48 80.65 80.75 81.04 81.15 81.29 81.27 81.50 81.48 81.49 81.63 81.63 81.43 81.50 81.43 81.38 81.28 81.18 80.89 80.98 80.83 80.54 80.49 80.62 80.30 80.13 80.09 79.98 79.50 79.22 79.73 79.70 79.18 78.81 78.53 79.53 78.84 79.41 79.47 79.50 78.85 78.28 77.89 78.46 78.23 78.09 78.54 78.27 78.08 78.49 78.55 78.68 78.62 78.92 79.06 79.28 79.29 79.40 79.45 79.49 79.71 79.80 79.93 79.96 80.29 80.44 80.89 81.12 81.34 81.58 81.68 81.89 82.05 82.22 82.21 82.22 82.19 82.06 82.11 82.13 82.09 82.06 81.93 82.01 81.93 81.62 81.73 81.68 81.47 81.19 80.75 80.56 80.43 80.10 79.92 79.83 79.80 79.73 79.72 79.71 79.69 79.57 79.38 78.94 78.27 79.66 79.67 79.77 80.04 80.30 80.30 80.38
80.40 80.38 80.37 80.30 80.29 80.28 80.25 80.27 80.18 80.30 80.27 80.22 80.22 80.11 79.95 79.90 79.58 79.36 79.07 78.78 78.41 78.24 78.11 78.04 77.95 77.86 77.75 77.68 77.55 77.37 77.17 77.09 77.10 77.07 76.27 76.08 76.66 76.92 76.98 77.03 77.16 77.23 77.21 77.26 77.38 77.49 77.49 77.46 76.56 76.31 76.75 77.06 77.51 77.27 77.35 77.69 77.51 78.26 77.49 77.69 77.90 78.20 78.72 79.36 79.84 80.12 80.29 80.39 80.71 80.77 81.01 81.15 81.21 81.34 81.38 81.35 81.22 81.01 81.58 81.61 81.54 81.62 81.50 81.48 81.35 81.30 81.26 81.18 81.04 80.90 80.76 80.71 80.65 80.54 80.22 80.28 80.04 79.89 79.90 79.95 79.79 79.68 79.96 79.61 79.24 79.55 79.09 79.12 79.43 78.89 78.45 78.77 78.82 78.99 79.04 78.19 78.56 78.71 78.83 79.06 79.07 79.19 79.43 79.27 79.54 79.56 79.58 79.63 79.79 79.86 80.11 80.18 80.41 80.59 81.41 81.46 81.35 81.50 81.69 81.84 82.01 82.17 82.18 82.12 82.13 82.09 82.06 82.05 81.93 82.08 82.03 81.99 81.83 81.82 81.82 81.58 81.33 81.05 80.82 79.79 80.00 80.30 80.05 80.01 79.92 79.86 79.87 79.78 79.81 79.75 79.68 79.44 79.52 79.60 79.72 80.00 80.05 80.24 80.30 80.41
80.43 80.39 80.38 80.31 80.36 80.35 80.32 80.32 80.27 80.27 80.31 80.21 80.19 80.02 79.86 79.70 79.44 79.28 79.07 78.81 78.57 78.44 78.28 78.15 78.00 77.93 77.88 77.82 77.77 77.70 77.64 77.58 77.53 77.48 77.41 77.45 77.48 77.46 77.32 77.22 77.20 77.30 77.28 77.10 77.22 77.34 77.35 77.34 77.69 76.74 78.37 78.72 78.95 78.42 78.32 77.69 77.72 77.74 78.45 77.75 78.15 78.59 79.24 79.71 79.83 80.26 80.48 80.70 80.73 81.04 81.04 81.16 81.30 81.32 81.35 81.37 81.44 81.57 81.64 81.63 81.65 81.57 81.56 81.50 81.47 81.38 81.38 81.18 81.12 81.05 80.97 80.83 80.61 80.51 80.40 80.42 80.23 80.28 80.27 80.19 79.84 80.05 79.64 79.78 82.99 80.33 79.21 79.67 79.51 79.13 78.97 79.14 79.04 78.99 78.74 79.18 79.10 79.20 79.30 79.23 79.26 79.35 79.53 79.51 79.50 79.62 79.57 79.71 79.80 79.95 80.17 80.34 80.54 80.77 81.24 81.37 81.29 81.53 81.54 81.78 81.91 82.01 82.09 82.08 82.03 82.05 82.02 82.02 81.94 81.80 82.02 81.88 81.72 81.62 81.63 81.33 81.19 80.91 80.80 79.86 79.67 80.35 80.16 80.10 80.08 80.01 80.03 79.98 79.86 79.92 79.81 79.82 79.16 79.48 80.12 80.06 80.04 80.34 80.52 80.35
80.42 80.43 80.36 80.37 80.39 80.40 80.28 80.26 80.30 80.28 80.22 80.11 80.03 79.92 79.76 79.58 79.36 79.12 78.97 78.79 78.43 78.48 78.33 78.16 78.11 78.03 77.96 77.91 77.85 77.82 77.77 77.71 77.64 77.61 77.62 77.63 77.57 77.55 77.43 77.33 77.29 77.30 77.33 77.37 77.30 77.43 77.59 77.78 78.21 78.46 78.70 78.91 79.18 79.32 79.35 78.78 77.89 77.80 77.94 78.47 78.79 79.30 79.64 80.14 80.16 80.38 80.55 80.77 80.94 81.05 81.22 81.34 81.42 81.41 81.48 81.52 81.54 81.41 81.80 81.90 81.60 81.59 81.66 81.28 81.53 81.43 81.26 81.22 81.29 81.14 81.11 81.01 80.87 80.74 80.64 80.55 80.45 80.19 80.45 80.25 80.24 80.23 79.66 82.12 82.73 80.12 78.88 79.69 79.58 79.40 79.41 79.37 79.36 79.42 79.57 79.38 79.45 79.41 79.51 79.54 79.51 79.59 79.53 79.55 79.62 79.64 79.58 79.74 79.83 79.93 80.07 80.31 80.56 80.74 80.99 81.02 81.32 81.41 81.62 81.72 81.83 81.91 82.04 82.01 82.04 82.02 81.91 82.00 81.97 81.89 81.85 81.71 81.70 81.44 81.14 81.22 81.07 80.89 80.77 80.66 80.50 80.41 80.32 80.19 80.15 80.16 80.05 80.10 80.00 79.96 79.92 79.94 79.79 80.09 80.09 79.95 80.08 80.34 80.50 80.48
80.38 80.34 80.42 80.43 80.41 80.38 80.33 80.26 80.23 80.10 80.15 80.08 79.93 79.80 79.62 79.37 79.03 79.08 79.01 78.83 78.70 78.60 78.43 78.32 78.20 78.13 78.06 77.98 77.95 77.88 77.84 77.81 77.76 77.74 77.75 77.74 77.74 77.66 77.55 77.47 77.41 77.40 77.44 77.48 77.59 77.73 77.83 78.01 78.23 78.57 78.87 79.05 79.20 79.36 79.47 79.60 78.52 78.87 78.23 79.24 79.94 80.09 80.23 80.30 80.43 80.60 80.86 80.98 81.11 81.17 81.39 81.45 81.47 81.50 81.56 81.64 81.65 81.59 81.70 81.65 81.56 81.65 81.59 81.65 81.54 81.72 81.63 81.38 81.35 81.16 81.20 81.10 80.95 80.90 80.72 80.60 80.65 80.94 80.47 80.44 80.22 80.24 80.08 79.93 79.52 79.58 79.53 79.85 79.66 79.75 79.65 79.65 79.54 79.65 79.64 79.60 79.71 79.80 79.65 79.75 79.66 79.62 79.50 79.57 79.62 79.56 79.54 79.70 79.78 79.85 80.10 80.30 80.48 80.64 80.61 80.87 81.03 81.25 81.28 81.41 81.45 81.58 81.60 81.74 81.79 81.81 81.73 81.75 81.58 81.60 81.62 81.61 81.37 81.16 81.08 80.92 81.00 80.84 80.74 80.62 80.51 80.39 80.31 80.26 80.22 80.16 80.20 80.16 79.85 79.97 79.89 80.03 79.98 79.96 80.02 80.20 80.37 80.37 80.46 80.48
80.49 80.46 80.37 80.26 80.31 80.14 80.20 80.23 80.17 80.12 80.10 79.97 79.91 79.74 79.69 79.41 81.46 78.95 79.06 78.97 78.84 78.70 78.60 78.55 78.38 78.25 78.16 78.07 78.00 77.97 77.93 77.92 77.88 77.90 77.88 77.90 77.84 77.81 77.76 77.69 77.60 77.60 77.56 77.59 77.67 77.81 77.99 78.92 78.75 79.04 79.14 79.16 79.55 79.37 79.52 79.69 79.84 79.90 80.13 80.25 80.35 80.46 80.68 80.76 80.91 81.03 81.07 81.18 81.24 81.33 81.47 81.51 81.53 81.60 81.64 81.58 81.61 81.62 81.68 81.80 81.55 81.59 81.65 81.58 81.71 81.56 81.39 81.38 81.23 81.25 81.20 81.17 81.05 80.93 80.71 80.69 80.68 80.66 80.57 80.46 80.40 80.31 80.16 80.17 80.12 79.97 79.87 79.88 79.89 79.81 79.81 79.82 79.74 79.86 79.76 79.87 79.99 79.95 79.94 79.88 79.71 79.67 79.60 79.56 79.47 79.50 79.69 79.79 79.79 79.85 80.03 80.21 80.34 80.37 80.54 80.73 80.86 80.99 81.00 81.09 81.16 81.25 81.28 81.40 81.45 81.38 81.41 81.42 81.13 81.17 81.29 81.15 81.13 80.94 80.84 80.94 80.67 80.79 80.72 80.45 80.35 80.33 80.29 80.30 80.18 80.19 80.13 80.02 79.97 80.04 80.06 79.84 79.90 79.88 80.08 80.25 80.34 80.45 80.52 80.56
80.45 80.44 80.40 80.34 80.38 80.26 80.17 80.12 80.11 80.13 79.99 79.89 79.90 79.74 79.64 79.60 79.13 79.22 79.08 79.06 78.96 78.89 78.76 78.66 78.58 78.48 78.34 78.22 78.23 78.13 78.11 78.07 78.04 78.06 78.04 78.05 78.03 77.99 77.96 77.85 77.81 77.76 77.74 77.75 77.82 77.99 78.21 78.46 78.84 79.00 79.14 79.22 79.31 79.45 79.61 79.78 79.94 80.13 80.30 80.43 80.72 80.81 80.88 80.94 81.05 81.08 81.18 81.27 81.32 81.44 81.45 81.96 81.62 81.62 81.63 81.69 81.67 81.61 81.63 81.62 81.60 81.75 81.52 81.55 80.90 82.38 81.39 81.33 81.30 81.21 81.25 81.09 81.02 80.96 80.92 80.78 80.78 80.65 80.59 80.39 80.41 80.35 80.18 80.03 79.97 79.99 79.98 79.87 80.03 79.95 79.91 79.99 80.09 80.07 80.07 80.12 80.18 80.10 80.01 79.83 79.75 79.77 79.71 79.62 79.62 79.65 79.58 79.68 79.77 79.80 79.98 80.04 80.20 80.19 80.28 80.41 80.62 80.69 80.74 80.68 80.89 80.83 80.99 81.12 81.13 81.08 81.05 81.09 81.05 80.94 81.03 80.96 80.98 80.96 80.78 80.84 80.70 80.75 80.69 80.50 80.40 80.42 80.29 80.24 80.20 80.11 80.10 80.05 79.90 80.02 80.00 79.91 80.14 80.03 80.04 80.20 80.37 80.35 80.41 80.43
80.35 80.39 80.36 80.21 80.32 80.29 80.04 80.20 80.19 80.20 80.12 80.03 79.92 79.84 79.70 79.53 79.57 79.42 79.33 79.23 79.14 79.03 78.89 78.79 78.79 78.74 78.69 78.59 78.53 78.45 78.41 78.31 78.28 78.30 78.39 78.30 78.30 78.30 78.18 78.07 78.03 77.99 77.99 78.11 78.19 78.44 78.61 78.79 79.01 79.13 79.23 79.41 79.47 79.59 79.75 79.86 80.04 80.21 80.37 80.60 80.88 80.72 81.06 81.12 81.13 81.20 81.30 81.36 81.39 81.38 81.49 81.47 81.51 81.60 81.61 81.62 81.56 81.66 81.73 81.69 81.58 81.56 81.58 81.51 81.48 81.46 81.43 81.41 81.34 81.18 81.08 81.14 81.00 81.01 80.75 80.84 80.82 80.73 80.53 80.48 80.38 80.34 80.30 80.24 80.24 80.18 80.01 80.02 80.06 80.10 80.20 80.23 80.22 80.23 80.12 80.21 80.21 80.21 80.01 79.93 79.89 79.82 79.67 79.70 79.60 79.61 79.56 79.63 79.71 79.73 79.85 79.82 80.05 80.22 80.15 80.01 80.27 80.33 80.30 80.49 80.61 80.44 80.63 80.76 80.74 80.66 80.75 80.73 80.74 80.74 80.73 80.78 80.76 80.68 80.67 80.73 80.69 80.57 80.57 80.46 80.50 80.36 80.31 80.21 80.15 80.08 79.89 79.92 79.88 79.96 80.01 80.03 80.10 80.08 80.13 80.18 80.28 80.40 80.22 80.33
80.28 80.29 80.27 80.29 80.27 80.33 80.22 80.16 80.21 80.07 80.01 80.03 79.96 79.85 79.75 79.68 79.59 79.51 79.44 79.33 79.23 79.20 79.13 79.07 78.99 78.96 78.89 78.84 78.79 78.78 78.77 78.72 78.76 78.76 78.72 78.68 78.66 78.69 78.64 79.04 78.58 78.57 78.57 78.62 78.66 78.74 78.83 78.97 79.18 79.30 79.35 79.59 79.74 79.86 79.97 80.13 80.27 80.41 80.55 80.65 80.86 81.05 81.13 81.19 81.29 81.74 81.19 81.43 81.46 81.47 81.56 81.42 81.52 81.67 81.73 81.70 81.66 81.69 81.58 81.64 81.58 81.59 81.54 81.57 81.48 81.45 81.36 81.32 81.24 81.17 81.10 81.06 81.04 80.94 80.94 80.94 80.75 80.66 80.64 80.51 80.47 80.39 80.29 80.28 80.25 80.28 80.13 80.22 80.21 80.29 80.27 80.30 80.33 80.32 80.22 80.30 80.23 80.22 80.17 79.97 80.05 80.01 79.62 79.76 79.71 79.65 79.57 79.52 79.57 79.67 79.67 79.71 79.78 79.33 79.79 80.00 80.03 79.99 80.17 80.25 80.32 80.13 80.40 80.46 80.47 80.32 80.43 80.41 80.48 80.53 80.48 80.54 80.48 80.42 80.50 80.52 80.45 80.42 80.44 80.35 80.30 80.33 80.23 80.20 80.15 79.93 80.06 80.02 79.91 79.98 79.93 80.03 80.08 80.06 80.16 80.17 80.12 80.26 80.23 80.15
80.33 80.18 80.18 81.07 80.22 80.27 80.27 80.25 80.21 80.18 80.13 80.01 80.00 79.89 79.85 79.82 79.74 79.68 79.53 79.39 79.17 79.37 79.31 79.26 79.22 79.20 79.13 79.14 79.13 79.07 79.05 79.00 78.99 78.95 78.90 78.87 78.85 78.88 78.87 78.85 78.84 78.88 78.88 78.94 79.03 79.08 79.18 79.22 79.39 79.52 79.71 79.83 79.98 80.14 80.32 80.40 80.51 80.63 80.78 80.80 80.91 81.07 81.20 81.32 81.31 81.34 81.50 81.47 81.45 81.44 81.51 81.46 81.54 81.53 81.57 81.63 81.59 81.51 81.51 81.56 81.55 81.54 81.44 81.39 81.34 81.09 81.15 81.12 81.12 81.09 81.08 80.99 80.88 80.83 80.89 80.61 80.58 80.60 80.56 80.49 80.47 80.39 80.32 80.33 80.34 80.31 80.31 80.32 80.32 80.29 80.36 80.33 80.40 80.34 80.31 80.28 80.27 80.17 80.25 80.16 80.07 80.03 80.01 79.89 79.82 79.75 79.65 79.60 79.57 79.56 79.57 79.64 79.69 79.69 79.76 79.87 79.91 79.90 80.01 79.85 80.09 79.91 80.12 80.21 80.08 80.24 80.22 80.23 80.28 80.28 80.24 80.26 80.36 80.36 80.35 80.30 80.31 80.25 80.30 80.31 80.26 80.20 80.23 80.19 80.04 80.10 80.10 80.11 79.89 79.97 80.00 80.03 79.94 80.09 80.18 80.21 80.18 80.23 80.25 80.26
80.25 80.38 80.26 80.36 80.35 80.31 80.28 80.31 80.07 80.18 80.12 80.12 80.13 80.09 80.27 79.92 79.88 79.82 79.70 79.77 79.71 79.61 79.58 79.55 79.51 79.48 79.36 79.41 79.38 79.35 79.30 79.25 79.23 79.19 79.13 79.07 79.07 79.08 79.04 79.03 79.03 79.09 79.15 79.22 79.32 79.40 79.47 79.58 79.66 79.78 79.89 79.91 80.16 80.38 80.54 80.71 80.86 81.03 81.09 81.11 81.14 81.27 81.32 81.29 81.42 81.45 81.47 81.38 81.43 81.49 81.38 81.40 81.50 81.51 81.51 81.54 81.54 81.48 81.50 81.49 81.52 81.44 81.39 81.08 82.17 84.05 80.45 80.98 81.08 80.99 81.05 80.89 80.92 80.76 80.75 80.68 80.60 80.58 80.57 80.53 80.45 80.45 80.41 80.28 80.39 80.27 80.26 80.31 80.31 80.29 80.36 80.37 80.42 80.34 80.20 80.22 80.35 80.22 80.19 80.26 80.22 80.13 80.10 79.91 79.89 79.71 79.74 79.65 79.63 79.50 79.58 79.56 79.55 79.58 79.66 79.63 79.71 79.73 79.66 79.78 79.87 79.85 79.93 79.96 79.88 80.02 80.01 80.04 80.02 80.05 80.10 80.12 80.12 80.16 79.99 80.18 80.15 80.24 80.21 80.20 80.11 80.09 80.20 80.18 80.08 80.19 80.18 80.00 80.12 80.03 80.16 80.14 80.11 80.12 80.13 80.21 80.09 80.11 80.28 79.98
80.35 80.34 80.40 80.36 80.34 80.45 80.40 80.34 80.39 80.34 80.17 80.21 80.27 80.14 80.17 80.10 80.09 80.05 80.02 80.01 79.84 79.90 79.77 79.71 79.71 79.58 79.69 79.66 79.57 79.54 79.52 79.42 79.44 79.34 79.61 79.25 79.25 79.24 79.21 79.23 79.26 79.31 79.42 79.45 79.52 79.63 79.74 79.88 79.97 80.09 80.24 80.41 80.55 80.73 80.90 81.06 81.24 81.35 81.47 81.59 81.62 81.59 81.49 81.44 81.44 81.43 81.38 81.42 81.49 81.44 81.47 81.47 81.43 81.50 81.49 81.45 81.42 81.31 81.49 81.45 81.42 81.36 81.20 81.15 81.14 81.01 80.99 81.01 80.97 81.01 80.92 80.85 80.84 80.74 80.71 80.62 80.59 80.55 80.51 80.41 80.35 80.41 80.37 80.26 80.29 80.30 80.31 80.26 80.21 80.12 80.18 80.33 80.39 80.32 80.29 80.30 80.19 80.26 80.24 80.23 80.18 80.06 80.10 80.04 79.95 79.89 79.87 79.72 79.64 79.61 79.54 79.47 79.48 79.48 79.39 79.55 79.55 79.58 79.31 79.63 79.69 79.77 79.79 79.74 79.77 79.78 79.63 79.87 79.86 79.90 79.87 80.00 79.98 80.02 80.05 80.04 80.06 80.07 80.09 80.14 79.99 80.01 80.02 80.08 80.06 80.06 80.17 80.18 80.19 80.13 80.19 80.13 80.23 80.21 80.09 80.15 80.17 80.31 80.28 80.32
80.22 80.42 80.44 80.39 80.43 80.44 80.42 80.46 80.33 80.50 80.39 80.38 80.35 80.38 80.22 80.14 80.14 80.25 80.29 80.18 80.20 80.18 80.15 80.11 79.99 79.96 79.63 79.91 79.90 79.73 79.86 79.67 79.70 79.59 79.49 79.43 79.45 79.45 79.46 79.47 79.49 79.60 79.67 79.76 79.84 79.95 80.15 80.31 80.49 80.61 80.70 80.78 80.84 80.96 81.04 81.17 81.25 81.29 81.39 81.43 81.43 81.44 81.42 81.40 81.36 81.39 81.41 81.42 81.37 81.43 81.44 81.41 81.48 81.46 81.33 81.41 81.39 81.31 81.33 81.30 81.24 81.20 81.24 81.16 81.03 81.06 80.92 80.88 80.86 80.81 80.82 80.75 80.67 80.66 80.66 80.48 80.52 80.52 80.47 80.45 80.43 80.42 80.39 80.29 80.31 80.39 80.35 80.30 80.29 80.34 80.12 80.16 80.28 80.27 80.31 80.27 80.21 80.24 80.23 80.12 80.06 80.10 80.06 80.05 79.92 79.89 79.87 79.83 79.78 79.72 79.66 79.56 79.55 79.48 79.41 79.35 79.40 79.50 79.56 79.53 79.56 79.56 79.60 79.60 79.61 79.62 79.65 79.70 79.70 79.69 79.77 79.71 79.78 79.86 79.93 79.97 79.93 79.99 80.15 80.08 80.03 80.03 80.02 80.11 80.10 80.16 80.17 80.23 80.20 80.16 80.15 80.24 80.27 80.31 80.43 80.37 80.32 80.36 80.31 80.27
80.43 80.51 80.57 80.48 80.43 80.51 80.89 80.39 80.50 80.52 80.39 80.44 80.48 80.42 80.52 80.55 80.53 80.46 80.60 80.35 80.25 80.39 80.38 80.32 80.23 80.19 80.11 80.02 80.07 79.93 79.97 79.99 80.01 79.85 79.95 79.96 79.84 79.84 79.87 79.89 79.83 80.00 80.05 80.10 80.21 80.28 80.39 80.55 80.63 80.76 80.85 80.91 80.92 80.89 80.97 80.99 81.02 81.07 81.12 81.11 81.08 81.15 81.15 81.19 81.33 81.25 81.27 81.31 81.41 81.33 81.37 81.33 81.32 81.37 81.29 81.23 81.24 81.28 81.24 81.17 81.13 81.12 81.08 81.01 80.94 80.92 80.88 80.86 80.82 80.71 80.61 80.54 80.60 80.62 80.53 80.52 80.48 80.46 80.44 80.39 80.32 80.28 80.25 80.23 80.30 80.33 80.31 80.25 80.28 80.26 80.32 80.25 80.23 80.23 80.17 80.22 80.15 80.13 80.03 80.11 79.98 80.06 80.03 79.91 79.92 79.90 79.87 79.87 79.81 79.73 79.68 79.69 79.63 79.59 79.50 79.51 79.45 79.41 79.37 79.34 79.29 79.27 79.31 79.35 79.40 79.45 79.52 79.55 79.64 79.61 79.69 79.68 79.67 79.70 79.79 79.76 79.90 79.96 80.01 80.04 80.07 79.98 80.10 80.12 80.14 80.21 80.18 80.21 80.08 80.25 80.25 80.22 80.16 80.29 80.32 80.36 80.46 80.31 80.40 80.38
80.55 80.63 80.64 80.59 80.53 80.68 80.71 80.66 80.66 80.72 80.80 80.70 80.72 80.60 80.84 80.67 80.65 80.62 80.55 80.55 80.59 80.34 80.35 80.43 80.33 80.44 80.33 80.72 80.50 80.40 80.48 80.32 80.25 80.19 80.10 80.17 80.09 80.13 80.16 80.26 80.31 80.37 80.42 80.45 80.54 80.59 80.63 80.67 80.73 80.79 80.88 81.01 80.96 80.96 80.95 80.94 80.89 80.88 80.83 80.89 80.93 80.97 81.01 81.00 81.05 81.12 81.16 81.12 81.12 81.16 81.24 81.30 81.29 81.18 81.25 81.26 81.27 81.18 81.12 81.02 81.03 80.98 80.93 80.88 80.91 80.89 80.84 80.79 80.73 80.73 80.65 80.48 80.49 80.49 80.48 80.36 80.38 80.38 80.34 80.36 80.32 80.32 80.28 80.15 80.25 80.26 80.19 80.17 80.16 80.11 80.18 80.19 80.23 80.22 80.17 80.22 80.23 80.15 80.05 79.99 80.03 80.10 80.06 79.95 79.93 79.89 79.84 79.87 79.77 79.75 79.71 79.66 79.67 79.61 79.63 79.58 79.53 79.48 79.47 79.47 79.50 79.51 79.53 79.54 79.56 79.58 79.60 79.61 79.65 79.67 79.65 79.71 79.71 79.75 79.75 79.75 79.87 79.92 79.95 79.93 80.06 80.05 80.00 80.10 80.18 80.24 80.16 80.24 80.32 80.36 79.89 81.28 80.08 79.14 80.33 80.40 80.54 80.51 80.35 80.46
80.54 80.67 80.60 80.66 80.67 80.81 80.65 80.75 80.78 80.77 80.83 80.74 80.76 80.87 80.76 80.83 80.82 80.62 80.72 80.77 80.71 80.82 80.87 80.96 80.78 80.58 80.62 80.62 80.36 80.45 80.48 80.42 80.56 80.61 80.68 80.49 80.43 80.45 80.35 80.49 80.47 80.52 80.62 80.61 80.60 80.54 80.63 80.69 80.72 80.83 80.89 80.91 80.90 80.91 80.92 81.04 80.89 80.87 80.90 80.92 81.00 81.06 81.10 81.10 81.10 81.06 81.03 81.05 81.10 81.01 81.13 81.14 81.14 81.14 81.12 81.16 81.09 81.08 80.98 81.01 80.93 80.92 80.84 81.00 80.81 80.73 80.68 80.63 80.62 80.62 80.55 80.53 80.49 80.43 80.44 80.41 80.50 80.32 80.28 80.25 80.24 80.24 80.23 80.18 80.20 80.22 80.23 80.19 80.13 80.20 80.16 80.13 80.18 80.18 80.16 80.14 80.11 80.14 80.04 80.04 80.03 80.01 79.93 80.04 80.03 79.98 79.87 79.85 79.84 79.76 79.82 79.78 79.78 79.74 79.65 79.67 79.63 79.63 79.61 79.60 79.58 79.64 79.64 79.53 79.59 79.63 79.67 79.69 79.64 79.64 79.67 79.72 79.74 79.76 79.79 79.80 79.82 79.91 79.95 80.00 80.00 80.07 80.08 80.16 80.18 80.17 80.18 80.22 80.27 80.33 80.33 80.39 80.34 80.58 80.60 80.63 80.64 80.63 80.58 80.50
80.77 80.64 80.39 80.27 80.44 80.74 80.63 80.23 80.26 80.70 80.81 80.82 80.85 80.81 80.80 80.62 80.32 80.37 80.26 80.61 80.39 80.52 80.96 81.27 80.81 80.62 80.60 80.74 80.67 80.65 80.64 80.64 80.70 80.60 80.27 80.58 80.47 80.56 80.52 80.49 80.66 80.62 80.54 80.54 80.63 80.71 80.74 80.78 80.82 80.85 80.87 80.91 80.76 80.97 81.00 81.04 81.07 81.06 81.06 81.07 81.10 80.41 80.44 80.85 80.99 80.96 80.95 80.98 80.91 80.90 80.97 80.99 80.99 81.00 80.95 80.96 80.94 80.95 80.99 80.96 80.91 80.80 80.78 80.75 80.75 80.69 80.56 80.54 80.62 80.57 80.59 80.54 80.46 80.37 80.35 80.39 80.39 80.37 80.33 80.30 80.28 80.28 80.24 80.32 80.24 80.22 80.22 80.21 80.20 80.19 80.19 80.17 80.13 80.07 80.07 80.06 80.11 80.03 80.04 79.94 79.98 80.01 80.02 80.03 80.01 80.02 79.98 79.95 79.91 79.86 79.88 79.82 79.78 79.71 79.44 79.64 79.73 79.73 79.76 79.73 79.68 79.69 79.68 79.67 79.68 79.66 79.71 79.67 79.70 79.65 79.71 79.76 79.75 79.79 79.83 79.85 79.89 79.90 79.87 79.94 79.97 80.03 80.12 80.18 80.20 80.20 80.25 80.33 80.34 80.30 80.38 80.32 80.37 80.45 80.43 80.63 80.74 80.72 80.63 80.71
80.47 80.35 80.35 80.46 80.49 80.44 80.40 80.40 80.44 80.42 80.45 80.29 80.55 80.50 80.53 80.62 80.62 80.66 80.66 80.60 80.58 80.70 80.69 80.72 80.77 80.82 80.73 80.49 80.56 80.44 80.50 80.54 80.58 80.59 80.55 80.61 80.57 80.66 80.64 80.63 80.65 80.68 80.67 80.63 80.56 80.59 80.62 80.66 80.69 80.78 80.86 80.82 80.86 80.89 80.94 80.95 80.91 80.97 81.04 81.03 81.08 81.11 81.10 81.12 81.07 81.07 81.14 81.08 80.98 80.92 80.86 80.83 80.75 80.78 80.79 80.62 80.58 80.63 80.73 80.75 80.64 80.69 80.53 80.06 80.34 80.66 79.54 79.74 80.38 79.14 79.55 80.06 79.76 79.38 79.92 79.22 79.36 80.01 79.75 79.43 79.54 79.63 79.75 80.13 80.17 80.10 80.15 80.16 80.18 80.16 80.15 80.14 80.13 80.12 80.07 80.08 80.06 80.06 80.03 79.84 80.36 79.81 79.98 79.95 79.92 79.96 79.92 79.89 79.90 79.90 79.90 79.90 79.87 79.87 79.86 79.86 79.88 79.87 79.82 79.84 79.81 79.77 79.70 79.72 79.73 79.65 79.57 79.58 79.63 79.68 79.71 79.67 79.76 79.81 79.81 79.89 79.86 79.92 79.91 79.92 79.96 80.03 80.07 80.14 80.16 80.22 80.19 80.18 80.22 80.35 80.34 80.37 80.38 80.43 80.45 80.40 80.39 80.53 80.53 80.50
79.58 79.60 79.63 79.68 79.63 79.64 79.67 79.66 79.67 79.70 79.73 79.75 79.78 79.80 79.84 79.87 79.87 79.90 79.90 79.93 79.94 79.97 80.00 80.04 80.07 80.14 80.22 80.32 80.32 80.38 80.46 80.36 80.37 80.55 80.06 80.06 79.87 80.13 79.55 79.68 79.89 79.99 80.41 80.42 80.44 80.52 80.59 80.55 80.37 80.34 79.86 79.84 79.65 79.84 80.31 79.95 79.89 79.87 79.87 79.97 80.57 80.40 80.49 80.50 80.58 80.64 80.73 80.37 80.21 79.93 79.93 79.95 79.48 79.71 79.51 79.23 79.04 79.21 79.00 78.80 78.76 78.50 78.54 78.40 78.40 78.46 78.25 78.23 78.25 78.17 78.23 78.34 78.11 78.11 78.35 78.16 78.21 78.06 78.06 78.08 78.35 78.43 78.41 78.41 78.47 78.55 78.24 78.99 79.06 79.69 79.65 79.08 79.32 79.92 79.60 79.69 79.42 79.54 79.80 79.25 79.30 79.21 79.28 79.32 79.56 79.88 79.40 79.49 79.49 79.47 79.53 79.50 79.50 79.53 79.55 79.57 79.65 79.75 79.84 79.85 79.85 79.85 79.85 79.82 79.85 79.80 79.81 79.83 79.84 79.90 79.89 79.92 79.93 79.95 79.95 79.93 79.94 79.97 79.98 79.94 79.95 79.97 80.00 80.01 80.00 79.99 79.97 79.94 79.93 79.85 79.76 79.78 79.77 79.76 79.75 79.69 79.64 79.60 79.59 79.58
79.21 79.22 79.22 79.22 79.23 79.22 79.24 79.25 79.26 79.28 79.31 79.34 79.35 79.38 79.40 79.44 79.49 79.49 79.56 79.57 79.60 79.61 79.62 79.61 79.60 79.55 79.69 79.65 79.61 79.06 78.94 78.75 78.99 79.09 78.76 78.94 78.70 78.73 78.74 78.65 78.52 78.64 78.44 78.33 78.34 78.50 78.47 78.43 78.50 78.59 78.75 78.91 79.11 79.18 78.80 78.89 78.71 78.59 78.57 78.71 78.61 79.26 79.21 79.96 80.13 80.31 80.46 80.55 80.52 80.19 79.92 79.59 79.31 79.11 79.01 78.83 78.73 78.62 78.54 78.49 78.44 78.38 78.33 78.30 78.24 78.19 78.16 78.13 78.11 78.11 78.11 78.10 78.10 78.08 78.06 78.04 78.02 78.01 78.00 77.99 77.98 77.96 77.95 77.93 77.92 77.91 77.91 77.90 77.91 77.98 78.09 78.25 78.21 78.28 78.13 78.25 78.43 78.48 78.37 78.27 78.22 78.24 78.46 78.29 78.36 78.25 78.34 78.37 78.29 78.34 78.21 78.24 78.35 78.51 78.44 78.42 78.47 78.32 78.41 78.43 78.56 78.85 78.92 79.04 79.44 79.40 79.68 79.85 79.89 79.85 79.81 79.79 79.79 79.80 79.85 79.87 79.85 79.84 79.77 79.74 79.71 79.70 79.67 79.64 79.61 79.58 79.54 79.51 79.49 79.47 79.43 79.43 79.39 79.36 79.35 79.33 79.29 79.26 79.23 79.22
79.39 79.27 79.38 79.52 79.60 79.82 78.72 78.61 78.82 78.97 78.45 78.74 78.57 78.49 78.63 78.78 78.20 78.07 78.05 78.06 78.06 78.22 78.63 78.38 78.43 78.53 78.82 78.60 78.57 78.74 78.70 77.97 78.01 78.26 78.03 77.96 77.95 77.95 77.96 77.98 77.97 78.04 77.99 77.95 77.97 77.93 77.90 77.91 77.91 77.99 77.99 77.97 78.02 78.14 78.14 78.06 78.07 78.09 78.15 78.22 78.25 78.16 78.26 78.18 78.16 78.16 78.38 78.39 78.71 78.89 79.01 79.27 79.06 79.03 79.01 79.14 79.30 79.48 79.55 79.56 79.62 79.63 79.28 78.95 78.62 78.58 78.62 78.68 78.79 79.00 79.40 79.39 78.27 78.12 78.11 78.18 78.13 78.09 78.02 77.98 77.96 78.01 77.95 77.93 77.91 77.90 77.88 77.87 77.87 77.86 77.85 77.85 77.86 77.86 77.87 77.88 77.89 77.89 77.90 77.90 77.91 77.92 77.92 77.91 77.91 77.91 77.90 77.90 77.91 77.90 77.90 77.90 77.90 77.90 77.92 77.92 77.97 77.96 77.95 78.06 77.93 77.93 77.93 78.17 78.19 78.20 78.28 78.54 78.29 78.14 78.22 78.14 78.36 78.44 78.64 78.83 78.44 78.62 78.77 78.85 78.81 78.61 78.71 79.07 78.94 79.00 79.18 79.54 79.32 79.62 79.38 79.20 79.07 78.94 79.08 79.29 79.42 79.14 79.15 79.18
77.76 77.82 77.79 77.81 77.84 77.82 77.82 77.81 77.73 77.72 77.72 77.72 77.75 77.76 77.73 77.70 77.70 77.70 77.69 77.69 77.70 77.74 77.74 77.65 77.66 77.66 77.68 77.68 77.69 77.70 77.71 77.67 77.64 77.66 77.64 77.60 77.58 77.58 77.57 77.57 77.60 77.59 77.63 77.62 77.60 77.56 77.55 77.54 77.56 77.57 77.57 77.57 77.58 77.59 77.63 77.68 77.68 77.71 77.73 77.73 77.70 77.68 77.68 77.67 77.67 77.66 77.66 77.67 77.68 77.69 77.78 77.94 77.99 77.92 77.90 77.87 77.91 77.87 77.86 77.90 77.84 77.81 77.80 77.80 77.83 77.80 77.82 77.88 77.83 77.87 77.79 77.76 77.78 77.75 77.72 77.71 77.73 77.72 77.75 77.74 77.71 77.68 77.68 77.71 77.71 77.66 77.65 77.64 77.63 77.62 77.62 77.64 77.62 77.62 77.63 77.63 77.64 77.66 77.64 77.71 77.62 77.63 77.65 77.67 77.72 77.75 77.67 77.67 77.69 77.69 77.73 77.68 77.63 77.63 77.63 77.62 77.63 77.64 77.68 77.68 77.68 77.69 77.70 77.69 77.71 77.71 77.72 77.70 77.68 77.64 77.67 77.64 77.68 77.66 77.62 77.62 77.64 77.75 77.70 77.74 77.70 77.79 77.79 77.83 77.83 77.84 77.81 77.79 77.80 77.81 77.80 77.84 77.87 77.85 77.86 77.87 77.84 77.87 77.90 77.82
77.47 77.46 77.47 77.48 77.49 77.44 77.44 77.42 77.41 77.41 77.42 77.41 77.41 77.41 77.41 77.40 77.40 77.40 77.40 77.39 77.39 77.39 77.40 77.40 77.39 77.40 77.39 77.38 77.37 77.36 77.35 77.34 77.34 77.33 77.33 77.33 77.32 77.32 77.32 77.31 77.31 77.31 77.31 77.31 77.31 77.31 77.31 77.31 77.31 77.31 77.32 77.33 77.33 77.34 77.35 77.37 77.37 77.38 77.39 77.39 77.39 77.40 77.40 77.40 77.41 77.42 77.42 77.42 77.42 77.43 77.43 77.43 77.44 77.44 77.45 77.46 77.46 77.47 77.48 77.48 77.48 77.47 77.48 77.48 77.48 77.49 77.49 77.48 77.48 77.48 77.48 77.49 77.51 77.50 77.49 77.48 77.47 77.48 77.51 77.52 77.50 77.47 77.47 77.47 77.46 77.45 77.45 77.44 77.44 77.43 77.43 77.43 77.42 77.42 77.41 77.41 77.41 77.41 77.40 77.40 77.40 77.40 77.40 77.40 77.41 77.40 77.40 77.40 77.39 77.39 77.38 77.38 77.38 77.38 77.37 77.36 77.36 77.35 77.34 77.34 77.33 77.33 77.33 77.33 77.33 77.33 77.33 77.34 77.34 77.34 77.35 77.35 77.36 77.37 77.38 77.38 77.39 77.40 77.39 77.38 77.39 77.39 77.39 77.39 77.39 77.39 77.40 77.40 77.40 77.41 77.42 77.42 77.43 77.43 77.44 77.44 77.45 77.46 77.46 77.46
