Mars Surface Radiation Result (absorbed dose in thin silicon slab) (1E-6 Gy/day).

The first row gives the longitude
The first column for each row (starting from the 2nd row) gives the latitude
The rest values of each row gives the dose rate at different longitudes (given in the first row)

179°W  177°W  175°W  173°W  171°W  169°W  167°W  165°W  163°W  161°W  159°W  157°W  155°W  153°W  151°W  149°W  147°W  145°W  143°W  141°W  139°W  137°W  135°W  133°W  131°W  129°W  127°W  125°W  123°W  121°W  119°W  117°W  115°W  113°W  111°W  109°W  107°W  105°W  103°W  101°W  99°W  97°W  95°W  93°W  91°W  89°W  87°W  85°W  83°W  81°W  79°W  77°W  75°W  73°W  71°W  69°W  67°W  65°W  63°W  61°W  59°W  57°W  55°W  53°W  51°W  49°W  47°W  45°W  43°W  41°W  39°W  37°W  35°W  33°W  31°W  29°W  27°W  25°W  23°W  21°W  19°W  17°W  15°W  13°W  11°W  9°W  7°W  5°W  3°W  1°W  1°E  3°E  5°E  7°E  9°E  11°E  13°E  15°E  17°E  19°E  21°E  23°E  25°E  27°E  29°E  31°E  33°E  35°E  37°E  39°E  41°E  43°E  45°E  47°E  49°E  51°E  53°E  55°E  57°E  59°E  61°E  63°E  65°E  67°E  69°E  71°E  73°E  75°E  77°E  79°E  81°E  83°E  85°E  87°E  89°E  91°E  93°E  95°E  97°E  99°E  101°E  103°E  105°E  107°E  109°E  111°E  113°E  115°E  117°E  119°E  121°E  123°E  125°E  127°E  129°E  131°E  133°E  135°E  137°E  139°E  141°E  143°E  145°E  147°E  149°E  151°E  153°E  155°E  157°E  159°E  161°E  163°E  165°E  167°E  169°E  171°E  173°E  175°E  177°E  179°E  
--------------------------------------------------------------------------------------------------------------
89°S ||     80.66 80.69 80.74 80.75 80.75 80.74 80.73 80.75 80.77 80.80 80.93 80.98 80.95 80.99 81.15 81.23 81.27 81.34 81.35 81.27 81.21 81.32 81.33 81.29 81.24 81.22 81.17 81.18 81.24 81.21 81.28 81.36 81.31 81.25 81.33 81.26 81.18 81.12 81.02 80.93 80.86 80.79 80.72 80.69 80.66 80.66 80.64 80.65 80.63 80.61 80.59 80.59 80.56 80.56 80.56 80.57 80.50 80.48 80.46 80.48 80.47 80.47 80.48 80.45 80.46 80.49 80.50 80.38 80.33 80.35 80.31 80.32 80.32 80.33 80.29 80.27 80.26 80.26 80.24 80.25 80.24 80.27 80.28 80.26 80.28 80.29 80.28 80.28 80.28 80.29 80.30 80.32 80.32 80.31 80.32 80.33 80.33 80.34 80.35 80.35 80.34 80.35 80.35 80.35 80.37 80.38 80.39 80.41 80.42 80.44 80.46 80.47 80.46 80.50 80.56 80.60 80.60 80.60 80.61 80.62 80.64 80.65 80.66 80.68 80.71 80.73 80.73 80.76 80.78 80.79 80.81 80.81 80.82 80.83 80.84 80.87 80.87 80.87 80.87 80.88 80.83 80.84 80.82 80.79 80.80 80.80 80.79 80.76 80.73 80.71 80.70 80.69 80.69 80.65 80.64 80.63 80.62 80.61 80.61 80.62 80.61 80.61 80.60 80.58 80.57 80.56 80.57 80.57 80.58 80.58 80.59 80.61 80.62 80.64 80.65 80.66 80.67 80.67 80.66 80.66
87°S ||     81.83 81.88 81.89 81.97 81.95 82.00 81.94 81.93 81.92 81.87 81.87 81.86 81.80 81.72 81.68 81.67 81.68 81.69 81.69 81.67 81.67 81.70 81.79 81.82 81.80 81.77 81.77 81.71 81.76 81.65 81.82 81.83 81.72 81.70 81.69 81.70 81.67 81.64 81.64 81.61 81.55 81.59 81.56 81.54 81.52 81.50 81.50 81.45 81.42 81.37 81.25 81.39 81.23 81.01 81.04 81.00 80.91 80.81 80.76 80.75 80.92 80.51 80.61 80.40 80.34 80.32 80.27 80.22 80.19 80.19 80.19 80.21 80.28 80.26 80.01 79.97 79.90 79.82 79.81 79.98 79.71 79.55 79.55 79.47 79.45 79.46 79.48 79.51 79.55 79.57 79.60 79.59 79.57 79.54 79.54 79.94 79.86 80.03 79.88 80.05 80.05 80.07 80.16 80.18 80.21 80.29 80.34 80.47 80.54 80.59 80.49 80.50 80.54 80.57 80.60 80.60 80.65 80.67 80.72 80.73 80.78 80.81 80.82 80.86 80.91 80.90 80.91 80.96 81.01 80.99 81.04 81.05 81.06 81.10 81.19 81.28 81.34 81.44 81.39 81.27 81.17 81.14 81.12 81.10 81.06 81.06 81.02 80.85 80.83 80.81 80.81 80.82 80.84 80.84 80.84 80.84 80.89 80.97 81.03 81.02 81.08 81.12 81.18 81.21 81.29 81.35 81.41 81.44 81.53 81.55 81.66 81.66 81.68 81.68 81.73 81.67 81.51 81.59 81.82 81.96
85°S ||     81.18 81.19 81.20 81.20 81.21 81.21 81.22 81.25 81.26 81.26 81.26 81.27 81.28 81.32 81.28 81.24 81.25 81.32 81.32 81.32 81.33 81.34 81.37 81.38 81.37 81.37 81.40 81.47 81.52 81.61 81.82 81.85 81.84 81.84 81.87 81.78 81.92 81.86 81.84 81.80 81.97 82.17 82.14 82.17 82.04 82.03 81.96 81.90 81.85 81.78 81.80 81.71 81.70 81.69 81.90 81.98 81.76 81.64 81.68 81.96 81.86 81.16 81.09 81.14 81.24 81.32 81.17 81.23 81.20 80.88 81.06 81.02 80.77 80.69 80.73 80.51 80.79 81.02 81.28 80.99 80.86 80.80 80.87 80.89 80.99 80.88 80.83 80.72 80.72 80.82 80.71 80.71 80.77 80.71 80.69 80.70 80.71 80.73 80.74 80.79 80.76 80.87 81.10 81.30 81.25 81.21 81.18 81.18 81.14 81.17 81.21 81.24 81.26 81.29 81.14 81.17 81.23 81.24 81.20 81.14 81.13 81.16 81.18 81.24 81.30 81.36 81.36 81.31 81.31 81.28 81.25 81.23 81.20 81.21 81.23 81.30 81.64 82.29 82.51 82.36 82.00 81.83 81.75 81.77 81.49 81.35 81.28 81.21 81.25 81.28 81.21 81.22 81.25 81.33 81.43 81.47 81.49 81.50 81.48 81.49 81.47 81.37 81.28 81.23 81.22 81.27 81.31 81.35 81.43 81.54 81.40 81.43 81.40 81.36 81.32 81.30 81.28 81.28 81.21 81.18
83°S ||     81.20 81.21 81.22 81.24 81.24 81.24 81.26 81.27 81.28 81.30 81.31 81.33 81.36 81.37 81.37 81.37 81.39 81.41 81.43 81.45 81.47 81.50 81.52 81.55 81.58 81.62 81.65 81.69 81.76 81.84 81.80 81.71 81.70 81.67 81.75 81.82 81.81 81.79 81.83 81.88 81.73 81.74 81.75 81.77 81.79 81.82 81.81 82.16 82.24 82.30 82.24 82.26 82.21 82.22 82.24 82.22 82.18 82.38 82.43 82.41 82.10 82.34 82.28 82.20 82.43 82.22 82.23 82.21 82.49 82.26 82.48 82.68 82.81 82.82 82.72 82.61 82.62 82.61 82.62 82.72 82.71 82.69 82.58 82.61 82.63 82.57 82.53 82.52 82.57 82.56 82.36 82.35 82.40 82.64 82.33 82.26 82.18 82.13 82.13 82.00 82.12 81.77 81.87 81.70 81.95 82.09 82.12 81.96 81.89 81.90 81.91 81.99 82.14 82.18 82.23 82.20 81.96 81.97 81.93 81.91 81.87 81.86 81.67 81.62 81.66 81.69 81.69 81.60 81.59 81.68 81.64 81.65 81.75 81.75 81.87 82.21 82.67 82.62 82.64 82.63 82.64 81.96 81.88 81.90 81.88 81.95 81.93 81.88 81.86 81.85 81.81 81.74 81.67 81.63 81.60 81.52 81.48 81.51 81.70 81.91 82.18 82.33 82.05 81.72 81.29 81.28 81.10 81.05 81.03 81.04 81.13 81.26 81.54 81.52 81.34 81.22 81.16 81.15 81.16 81.18
81°S ||     81.37 81.41 81.41 81.50 81.35 81.40 81.43 81.46 81.49 81.53 81.57 81.61 81.71 81.74 81.61 81.62 81.64 81.68 81.71 81.73 81.76 81.79 81.80 81.83 81.85 81.89 81.93 81.96 81.98 82.00 82.03 82.13 82.12 82.14 82.21 82.18 82.05 82.08 82.07 82.09 82.20 82.11 81.92 81.96 81.86 81.79 81.83 81.95 82.00 81.93 82.04 81.99 82.15 82.70 82.48 82.61 82.80 82.49 82.77 82.70 82.49 82.58 82.62 82.60 82.60 82.57 82.61 82.62 82.58 82.53 82.60 82.50 82.39 82.42 82.44 82.45 82.40 82.40 82.40 82.44 82.73 82.39 82.28 82.24 82.23 82.24 82.23 82.25 82.23 82.23 82.22 82.23 82.16 82.03 81.89 81.68 81.21 80.72 81.33 81.41 81.73 81.94 81.89 81.96 82.14 82.26 82.33 82.47 82.44 82.37 82.23 82.41 82.48 82.56 82.55 82.60 82.62 82.66 82.65 82.64 82.62 82.65 82.61 82.57 82.55 82.58 82.34 82.36 82.40 82.44 82.48 82.61 82.65 82.70 82.73 82.72 82.70 82.34 81.85 81.73 81.70 81.66 81.65 81.75 81.79 81.80 81.76 81.84 81.90 81.95 82.02 82.07 82.13 82.00 82.06 82.20 82.29 82.09 82.01 82.03 82.30 82.16 81.98 81.97 82.05 82.01 82.26 81.87 81.41 81.22 81.24 81.33 81.41 81.55 81.72 81.32 81.39 81.39 81.27 81.31
79°S ||     81.56 81.59 81.60 81.67 81.66 81.64 81.64 81.67 81.68 81.80 81.72 81.77 81.81 81.83 81.88 81.97 81.92 82.05 81.87 82.00 81.93 81.95 81.93 82.21 82.47 81.87 82.14 82.43 82.32 82.38 82.34 82.34 82.33 82.34 82.38 82.39 82.39 82.39 82.33 82.31 82.32 82.18 82.54 82.61 82.05 82.16 82.16 82.09 82.07 82.23 82.38 82.23 82.66 82.57 82.61 82.73 82.88 82.13 82.52 82.22 82.67 82.53 82.15 82.43 82.44 82.64 82.66 82.63 82.62 82.60 82.58 82.59 82.59 82.60 82.59 82.57 82.58 82.61 82.60 82.47 82.54 82.64 82.47 82.45 82.47 82.61 82.39 82.52 82.41 82.43 82.47 82.40 82.37 82.18 81.63 81.64 81.36 81.69 82.03 82.19 82.14 82.28 82.30 82.34 82.39 82.51 82.40 82.47 82.32 82.47 82.23 82.40 82.30 82.30 82.10 82.04 82.46 82.56 82.71 82.74 82.77 82.76 82.78 82.76 82.79 82.77 82.74 82.77 82.76 82.78 82.74 82.73 82.78 82.77 82.77 82.77 82.81 82.82 82.79 82.79 82.79 82.81 82.62 82.39 82.50 82.17 81.87 81.87 81.87 81.81 81.85 81.91 82.14 82.80 82.71 82.19 82.06 82.39 81.69 81.70 82.06 81.72 81.55 81.46 81.42 81.48 81.38 81.61 81.45 81.43 81.43 81.47 81.54 81.36 81.30 81.38 81.44 81.50 81.51 81.52
77°S ||     82.03 81.87 81.83 81.82 81.76 81.92 81.90 82.11 82.08 82.11 82.10 82.12 82.31 82.19 82.16 82.20 82.26 82.27 82.33 82.23 82.19 82.22 82.19 82.26 82.22 82.30 82.41 82.46 82.38 82.44 82.42 82.44 82.44 82.43 82.43 82.45 82.43 82.45 82.44 82.44 82.43 82.45 82.40 82.32 82.29 82.17 81.87 82.27 81.82 81.98 82.44 82.34 82.25 81.95 82.06 82.19 82.30 82.27 82.36 82.34 82.51 82.62 82.52 82.56 82.67 82.70 82.69 82.71 82.71 82.69 82.68 82.67 82.64 82.65 82.63 82.64 82.62 82.57 82.46 82.47 82.44 82.36 82.32 82.23 82.38 82.50 82.42 82.44 82.32 82.40 82.41 82.38 82.17 82.08 82.00 81.89 81.58 81.34 82.03 82.67 82.86 82.94 82.94 82.29 82.44 82.37 82.38 82.48 82.33 82.51 82.36 82.33 82.29 82.53 82.73 82.63 82.33 82.25 82.01 81.88 81.82 81.60 81.51 81.83 82.17 82.45 82.62 82.61 82.56 82.44 82.12 82.47 82.57 82.19 82.51 82.62 82.79 82.73 82.59 82.52 82.34 82.36 82.24 82.50 82.83 82.80 82.70 82.63 82.23 82.25 82.30 81.85 82.24 82.43 82.42 81.93 81.71 81.75 81.61 81.62 81.67 81.57 81.56 81.71 81.64 81.60 81.67 81.72 81.74 81.73 81.66 81.72 81.85 81.66 81.67 81.70 81.82 81.91 81.97 81.86
75°S ||     82.16 82.22 82.09 82.17 82.06 82.06 82.12 82.52 82.26 82.22 82.76 82.94 82.35 82.42 82.42 82.48 82.35 82.41 82.41 82.30 82.30 82.44 82.44 82.53 82.45 82.49 82.51 82.53 82.51 82.49 82.49 82.48 82.50 82.47 82.22 82.44 82.45 82.44 82.43 82.43 82.40 82.37 82.38 82.38 82.41 82.45 82.41 82.36 82.25 82.19 82.25 81.96 81.88 82.11 82.42 82.48 82.45 82.63 82.72 82.74 82.77 82.76 82.73 82.71 82.69 82.69 82.68 82.57 82.67 82.62 82.54 82.46 82.44 82.35 82.31 82.36 82.32 82.43 82.34 82.35 82.39 82.42 82.47 82.37 82.56 82.43 82.43 82.52 82.42 82.42 82.37 82.20 82.13 82.31 82.39 82.40 82.41 82.41 82.44 82.37 82.27 82.33 82.33 82.30 82.47 82.50 82.50 82.41 82.40 82.33 82.28 82.19 81.92 82.03 82.12 81.81 82.04 81.96 81.84 81.93 81.79 81.76 82.17 82.34 82.23 82.17 82.80 82.00 82.11 82.12 82.19 82.46 82.40 82.33 82.29 82.17 82.34 81.78 81.56 81.31 81.27 81.67 82.93 82.84 82.89 82.22 82.59 82.23 82.66 82.84 82.76 82.72 82.68 82.69 82.74 82.10 81.47 81.43 81.41 81.41 81.39 81.48 81.86 81.79 81.89 81.53 81.57 81.68 81.72 81.72 81.77 81.77 81.80 81.94 81.95 81.99 82.05 82.02 82.05 82.08
73°S ||     82.78 82.15 82.52 82.52 82.46 82.28 82.70 82.53 82.54 82.54 82.29 82.10 82.65 82.24 82.39 82.50 82.47 82.46 82.42 82.35 82.26 82.05 82.64 81.93 82.08 82.56 82.42 82.41 82.42 82.45 82.46 82.46 82.51 82.31 82.27 82.09 82.22 82.44 82.37 82.41 82.41 82.43 82.38 82.41 82.44 82.44 82.45 82.31 82.63 83.14 83.14 83.23 83.21 82.35 82.66 82.67 82.77 82.80 82.81 82.83 82.83 82.82 82.79 82.74 82.76 82.55 82.64 82.75 82.76 82.76 82.73 82.58 82.46 82.53 82.46 82.39 82.35 82.42 82.54 82.34 82.35 82.36 82.39 82.57 82.48 82.62 82.70 82.67 82.61 82.64 82.46 82.44 82.24 82.45 82.44 82.50 82.59 82.61 82.60 82.59 82.61 82.61 82.65 82.63 82.58 82.55 82.62 82.37 82.32 82.24 81.99 81.78 81.93 82.18 82.43 82.27 82.38 82.32 82.38 82.17 82.25 82.03 81.91 81.86 82.04 82.01 82.21 82.23 82.39 82.36 82.34 82.39 82.41 82.46 82.51 82.52 82.50 82.57 82.38 82.17 82.41 81.64 81.76 82.12 82.18 82.21 82.26 82.39 82.77 82.60 82.49 82.00 82.45 82.71 82.87 82.93 82.59 82.00 81.48 81.72 81.57 81.74 82.03 82.07 81.66 81.83 82.08 82.16 82.07 82.29 82.74 82.60 82.37 82.29 82.30 82.26 82.35 82.23 82.26 82.72
71°S ||     82.67 82.71 82.77 82.82 82.86 82.96 83.04 83.00 83.00 83.01 83.00 82.61 82.21 82.01 81.61 81.62 82.02 82.12 82.74 82.26 82.29 82.18 82.06 82.10 83.16 82.45 82.45 82.46 82.39 82.27 82.31 82.25 82.25 82.36 82.32 82.30 82.26 82.44 82.35 82.37 82.44 82.35 82.44 82.39 82.42 82.44 82.28 82.18 82.21 82.74 83.14 83.08 83.27 82.22 82.71 82.80 82.83 82.87 82.83 82.84 82.88 82.70 82.63 82.70 82.77 82.81 82.85 82.74 82.76 82.26 82.42 82.53 82.45 82.55 82.38 82.49 82.39 82.12 82.01 81.93 81.88 82.44 82.44 82.44 82.55 82.56 82.64 82.54 82.69 82.61 82.88 82.83 82.61 82.66 82.65 82.56 82.51 82.17 82.51 82.67 82.74 82.59 82.61 82.62 82.61 82.64 82.44 81.94 82.11 82.30 82.33 82.39 82.40 82.50 82.51 82.47 82.61 82.51 82.58 82.63 82.58 82.70 82.71 82.59 82.68 82.48 82.14 82.27 82.93 82.92 82.37 82.46 82.33 81.64 82.13 82.25 82.30 82.04 81.87 82.06 82.28 81.97 82.47 82.56 82.72 82.74 82.71 82.55 82.55 82.65 82.81 82.76 82.89 82.79 83.22 83.32 83.27 83.08 82.86 82.72 82.85 82.74 82.61 82.80 82.90 82.86 82.85 82.74 82.65 82.93 82.68 82.85 82.78 82.79 82.48 82.47 82.50 82.55 82.34 82.64
69°S ||     82.30 82.35 82.56 82.71 82.47 83.31 83.21 83.00 83.09 83.07 83.04 82.91 82.54 82.58 82.32 82.43 81.75 81.85 82.08 82.34 82.55 82.41 82.24 82.18 82.11 82.51 82.36 82.45 82.22 82.57 82.00 82.05 82.00 82.17 82.20 82.26 82.43 82.45 82.51 82.50 82.55 82.51 82.50 82.53 82.54 82.90 82.43 82.61 82.62 82.61 82.65 82.73 82.74 82.80 82.82 82.79 82.81 82.83 82.71 82.71 82.60 82.82 82.80 82.89 82.81 82.69 82.36 82.38 82.42 82.42 82.39 82.46 82.45 82.57 82.63 82.75 82.65 82.32 82.03 82.19 82.27 82.54 82.55 82.32 82.31 82.20 82.24 82.22 82.38 82.54 82.56 82.64 82.12 82.66 82.71 82.66 82.74 82.74 82.73 82.75 82.72 82.70 82.74 82.69 82.57 82.40 82.01 82.64 82.75 82.69 82.59 82.49 82.55 82.48 82.56 82.30 82.27 82.59 82.80 82.91 83.02 82.94 82.96 83.00 82.99 82.94 82.74 82.51 82.35 82.35 82.59 82.51 82.48 82.46 82.96 82.32 81.61 81.82 81.89 81.97 82.09 82.09 81.88 81.96 82.26 82.53 82.60 82.45 82.72 82.77 82.77 82.83 82.56 81.57 82.78 83.21 83.11 81.90 83.21 83.15 83.10 82.96 82.91 82.86 82.71 82.55 82.40 82.44 82.01 81.85 82.40 82.75 82.70 82.58 82.49 82.40 82.35 82.29 82.41 82.40
67°S ||     83.14 82.25 82.09 82.53 82.56 82.63 82.66 83.03 83.02 83.09 83.11 83.11 83.00 82.91 82.68 82.49 82.29 82.01 81.94 81.76 81.75 81.58 81.78 81.80 82.03 82.01 81.94 81.88 82.18 81.71 81.72 81.74 82.08 83.00 82.05 82.20 82.22 82.70 82.46 82.47 82.53 82.53 82.51 82.52 82.53 82.56 82.54 82.61 82.62 82.60 82.62 82.69 82.71 82.72 82.67 82.77 82.86 82.79 82.84 82.78 82.47 82.70 82.84 82.83 82.69 82.57 83.59 83.59 83.32 82.43 82.51 82.53 82.56 82.68 82.77 82.55 82.36 82.04 82.09 81.92 82.10 82.12 82.34 82.31 82.50 82.45 82.52 82.54 82.54 82.54 82.58 82.68 82.63 82.72 82.69 82.76 82.69 82.66 82.67 82.57 82.58 82.18 82.06 82.09 81.89 82.20 82.93 83.22 83.19 82.95 82.89 82.65 82.68 82.49 82.58 82.53 82.74 82.83 82.98 83.00 82.99 82.99 83.02 83.01 82.97 83.10 83.09 83.16 83.17 82.89 82.46 82.08 82.41 82.51 82.08 81.97 81.90 81.66 81.97 81.52 81.68 81.91 81.93 82.46 82.30 82.26 81.99 82.18 82.44 82.64 82.81 82.90 82.74 82.84 82.91 82.94 82.95 82.94 82.77 82.87 82.84 82.86 82.73 82.60 82.75 82.71 82.71 82.70 82.65 82.39 82.75 82.60 82.55 82.42 82.15 82.51 82.13 82.12 82.14 82.42
65°S ||     82.30 82.07 81.87 82.15 82.18 82.71 82.79 83.05 82.99 83.03 83.02 83.08 83.08 83.07 83.01 82.89 82.80 82.75 82.67 82.46 82.14 82.06 82.10 81.97 82.19 82.14 81.94 82.40 82.29 81.94 81.81 82.00 81.87 82.03 82.15 82.24 82.26 82.31 82.32 82.46 82.47 82.54 82.56 82.56 82.62 82.64 82.62 82.62 82.64 82.63 82.57 82.52 82.48 82.57 82.66 82.74 82.75 82.75 82.68 82.17 82.81 82.86 82.97 83.09 82.69 82.88 82.89 82.91 82.57 82.53 82.66 82.59 82.63 82.71 82.84 82.77 82.49 82.38 82.16 81.97 81.98 82.17 82.67 82.37 82.48 82.51 82.51 82.47 82.33 82.56 82.57 82.60 82.57 82.68 82.57 82.70 82.85 82.75 82.60 82.64 82.50 82.52 82.44 82.38 82.16 82.34 82.26 82.41 82.48 82.42 82.41 82.34 82.41 82.74 82.90 83.18 83.16 83.06 82.97 82.92 82.92 83.02 83.11 83.09 83.17 83.14 83.12 83.15 83.14 83.19 82.62 82.57 82.53 82.46 83.29 82.15 82.11 82.17 82.43 81.76 81.73 81.74 82.03 82.05 82.08 81.82 81.73 82.46 82.29 82.12 82.66 82.58 82.52 82.81 82.79 81.93 82.29 82.41 82.75 82.57 82.20 82.29 82.73 82.49 82.63 82.78 82.69 82.74 82.71 82.68 82.46 82.40 82.28 81.90 82.49 82.63 82.37 82.27 82.03 81.96
63°S ||     82.27 82.25 82.50 82.09 81.92 82.21 82.56 82.64 82.82 82.77 82.94 82.84 83.07 82.96 82.97 82.88 82.93 82.94 82.88 82.56 82.21 82.18 82.00 82.06 82.01 82.10 82.10 81.98 81.94 81.99 81.96 82.05 82.21 82.22 82.19 82.05 81.93 82.15 82.41 82.24 82.52 82.32 82.20 82.45 82.49 82.47 82.34 82.54 82.50 82.48 82.35 82.39 82.60 82.87 82.69 82.25 82.53 82.88 82.79 82.83 82.79 82.78 82.87 83.01 83.24 83.09 82.66 83.13 82.57 82.89 82.74 82.62 82.65 82.57 82.63 82.94 83.04 82.98 82.92 82.68 82.56 82.33 82.39 82.39 82.41 82.44 82.53 82.53 82.54 82.52 82.52 82.54 82.61 82.57 82.61 82.50 82.59 82.64 82.54 82.69 82.71 82.54 82.58 82.69 82.60 82.45 82.34 82.20 82.23 82.11 82.42 82.51 82.73 83.07 83.31 83.35 83.36 83.23 83.11 83.07 83.04 83.02 83.06 83.08 83.22 83.26 83.20 83.17 83.19 83.20 83.08 82.73 82.65 82.80 82.54 82.24 82.06 82.16 82.06 81.56 82.65 81.89 82.25 82.19 82.17 81.97 81.87 81.75 81.58 81.88 82.17 82.44 82.30 82.34 82.55 82.77 82.93 82.95 82.76 82.68 82.36 82.41 82.53 82.50 82.40 81.82 81.79 82.03 82.35 82.54 82.62 82.66 82.54 82.71 82.68 82.09 82.38 82.44 82.40 82.56
61°S ||     82.75 82.12 81.83 82.23 82.45 82.59 82.57 82.13 82.21 82.35 82.05 82.21 82.59 82.20 83.35 82.25 82.52 82.49 82.86 82.63 82.56 82.52 82.54 82.11 81.99 81.85 82.57 82.32 81.97 82.04 82.35 82.56 82.58 82.51 82.50 82.30 82.04 82.17 82.11 82.09 82.39 81.93 82.23 82.46 82.26 81.63 82.61 82.72 82.76 82.72 82.69 82.79 82.78 82.56 82.30 82.94 82.94 82.79 82.95 82.95 82.91 82.80 82.89 82.95 83.13 83.36 83.19 82.80 83.24 83.26 83.13 82.94 82.38 82.88 83.01 82.70 82.65 82.72 82.63 82.44 81.89 81.91 82.36 82.53 82.39 82.34 82.27 82.47 82.55 82.54 82.58 82.54 82.55 82.67 82.61 82.65 82.63 82.52 82.61 82.68 82.73 82.64 82.59 82.59 82.25 82.60 82.55 82.57 82.59 82.68 82.76 82.82 82.89 83.01 83.18 83.22 82.95 82.91 82.94 82.80 83.54 83.22 82.86 83.01 83.14 83.19 83.30 83.34 83.16 83.31 83.49 83.34 81.99 83.20 83.09 82.93 82.18 82.29 82.27 82.53 82.00 81.92 81.85 81.92 81.96 81.89 81.89 81.74 81.90 81.87 82.07 82.07 82.11 82.17 82.20 82.85 83.23 83.17 83.16 83.06 82.93 82.76 82.61 82.44 82.38 82.12 81.86 82.02 82.08 81.43 81.94 82.42 82.52 82.34 81.68 81.93 82.06 82.65 82.67 82.65
59°S ||     82.84 82.48 82.33 82.53 82.55 82.43 81.58 82.05 82.18 82.02 82.37 82.04 82.19 81.63 82.30 82.62 82.42 82.52 82.31 82.51 82.61 82.62 82.42 82.31 81.76 82.03 82.16 82.21 82.49 82.04 82.20 82.65 82.71 82.49 82.69 82.51 82.15 81.81 81.70 81.80 82.00 82.41 82.64 82.63 82.58 82.36 82.71 82.81 82.94 82.93 82.94 82.94 82.97 82.98 82.79 82.66 82.75 82.64 82.87 82.97 82.77 82.59 83.15 83.06 82.64 83.38 82.69 83.07 83.26 82.32 82.53 83.04 83.47 82.85 83.20 82.76 82.78 82.57 82.41 82.42 82.04 82.13 82.34 82.20 82.24 82.52 82.41 82.39 82.65 81.89 82.46 82.61 82.67 82.60 82.90 82.49 82.45 82.47 83.10 82.43 82.38 82.65 82.56 82.58 82.64 82.68 82.67 82.63 82.63 82.85 82.91 83.05 83.09 83.10 83.01 82.81 82.84 82.91 82.69 82.42 82.45 82.48 82.91 83.16 83.39 83.47 83.51 83.47 83.52 83.63 83.47 83.45 83.27 83.15 83.19 82.99 82.64 81.89 81.52 81.72 83.02 82.89 81.50 81.51 82.42 81.73 81.81 81.38 81.80 82.08 81.78 81.84 82.18 82.60 82.79 82.92 83.05 83.00 83.07 83.06 83.03 82.97 82.87 82.75 82.45 82.21 81.98 81.93 82.06 81.91 82.57 81.47 82.00 82.15 81.95 82.41 82.57 82.45 82.64 82.74
57°S ||     82.71 82.73 82.85 83.03 82.72 81.86 82.14 82.02 81.73 81.77 81.85 82.97 81.81 81.91 81.65 81.71 82.17 82.49 82.17 82.07 82.89 82.10 82.13 82.12 81.62 82.06 82.24 82.22 82.20 81.65 81.31 82.65 82.48 82.54 82.51 82.33 82.43 82.02 81.88 81.92 81.79 82.20 82.37 82.48 82.54 82.35 82.05 82.01 82.60 82.93 82.96 83.00 82.89 82.87 82.70 82.28 82.15 82.18 82.04 81.97 82.44 83.41 82.76 82.38 83.32 83.57 83.47 82.86 84.05 81.53 83.71 82.85 82.49 82.90 82.63 83.22 83.39 83.19 82.96 83.44 83.46 82.85 82.39 82.44 82.60 82.42 82.46 82.30 82.26 82.48 82.54 82.60 82.41 82.21 82.22 82.19 82.20 82.27 82.55 82.27 82.10 82.20 82.20 82.25 82.25 82.66 82.70 82.82 82.93 83.03 83.12 83.21 83.31 83.37 83.30 83.15 83.23 83.24 83.33 83.17 83.11 83.24 83.49 83.68 83.81 83.81 83.82 83.82 83.82 83.94 83.65 83.56 83.42 83.54 83.46 83.39 83.32 82.99 81.77 82.48 83.07 83.28 81.86 81.99 82.34 82.21 81.96 81.80 81.78 82.04 82.37 82.48 82.57 82.39 82.69 82.54 82.87 82.50 81.96 82.12 82.91 82.97 82.91 82.69 82.38 82.16 81.98 81.97 82.04 81.96 81.73 81.63 81.97 82.03 82.70 82.02 82.03 82.12 82.32 82.67
55°S ||     82.77 82.79 82.88 82.93 82.49 82.44 82.38 82.09 81.96 82.32 82.28 82.19 82.08 82.17 81.94 82.10 82.47 82.39 82.38 82.32 81.94 81.45 81.45 82.87 81.44 82.07 82.31 82.31 82.30 82.10 81.93 82.55 82.51 82.41 82.54 82.27 82.08 81.89 81.61 81.53 81.62 81.54 81.51 81.67 82.22 82.00 81.88 82.15 82.56 82.75 82.93 82.95 82.96 82.60 82.35 81.69 81.95 81.65 81.91 83.15 82.35 83.55 83.68 83.33 82.56 84.17 84.17 84.24 84.17 84.18 84.18 83.82 82.35 82.68 83.42 82.94 82.77 83.27 83.15 83.08 82.73 82.52 82.62 82.60 82.54 82.43 82.44 82.26 82.34 82.14 82.33 82.47 82.64 82.42 82.48 82.79 83.27 82.50 82.48 82.55 82.53 82.48 82.09 82.21 82.10 82.29 82.80 82.88 83.03 83.17 83.29 83.37 83.51 83.62 83.62 83.73 83.80 83.87 83.91 84.06 84.21 84.29 84.32 84.37 84.47 84.31 84.21 84.20 84.43 84.04 83.86 83.79 83.68 83.51 83.62 83.55 82.60 83.10 82.99 82.74 82.60 82.46 82.52 82.53 81.73 82.02 82.12 82.11 82.36 82.58 82.83 82.82 83.30 83.03 82.50 82.64 82.79 81.87 82.01 82.98 82.77 82.61 82.47 82.48 82.19 82.08 82.20 82.34 82.52 82.34 82.32 81.86 82.40 82.12 81.97 82.04 82.23 82.53 82.54 82.72
53°S ||     82.81 82.51 82.57 83.02 83.17 82.00 82.57 82.66 82.65 82.50 82.60 82.21 82.05 82.33 82.33 82.32 82.10 82.38 82.30 82.37 82.27 81.76 81.50 82.35 82.02 82.23 83.03 82.20 82.34 82.20 82.44 82.34 82.34 82.54 82.38 82.36 82.33 81.72 81.48 81.46 81.37 81.49 81.87 82.03 82.20 82.31 82.43 82.40 83.02 83.48 82.15 82.20 82.43 82.26 82.36 82.76 82.63 82.10 82.04 82.72 82.36 83.61 83.69 83.78 84.36 84.28 84.19 84.20 84.22 84.23 84.22 84.15 83.94 83.70 83.11 82.99 83.17 83.37 82.85 83.01 83.13 83.02 82.92 82.78 82.62 83.23 82.74 82.44 82.54 82.58 82.37 82.32 82.24 82.58 82.19 82.08 82.32 82.39 82.47 82.38 82.50 82.58 82.27 81.74 82.65 82.49 82.64 82.88 82.98 83.06 83.36 83.48 83.67 83.81 83.88 84.01 84.23 84.34 84.69 85.22 85.67 86.05 86.22 86.29 86.32 85.92 85.78 85.85 85.86 85.75 84.99 84.06 84.06 84.18 83.60 83.72 83.73 83.53 82.78 82.77 82.87 82.51 82.56 82.28 82.40 82.89 82.30 82.29 82.35 82.18 82.39 82.66 82.92 83.05 83.45 82.82 82.73 81.67 83.00 82.74 82.84 82.86 82.85 82.59 82.38 82.33 82.09 82.35 81.89 82.32 82.48 81.98 81.56 81.56 82.00 82.46 82.52 82.60 82.77 82.81
51°S ||     82.73 82.60 82.34 82.41 82.85 82.73 82.65 82.05 82.81 82.42 82.15 82.36 82.24 82.43 82.31 82.22 82.30 81.77 82.18 82.24 82.08 81.79 81.44 81.30 81.05 82.02 81.76 82.06 82.30 82.30 82.20 82.35 82.11 82.03 82.17 81.96 81.98 81.87 81.65 81.05 81.04 80.92 81.22 82.03 82.19 82.34 82.42 82.13 83.09 83.37 82.06 82.04 81.69 81.49 82.29 83.05 83.20 83.19 82.49 82.03 82.02 82.21 83.72 84.13 84.27 84.16 84.25 84.21 84.21 84.21 84.21 84.25 83.94 83.97 84.06 84.24 83.16 83.20 82.94 82.96 83.08 83.00 82.71 82.56 82.40 82.81 82.26 82.35 82.53 82.50 82.48 82.53 82.62 82.68 82.47 82.18 82.28 82.35 82.42 82.13 82.57 82.37 82.15 82.48 82.40 82.53 82.78 82.99 83.16 83.20 83.56 83.67 83.73 83.95 84.11 84.36 84.73 85.30 85.90 86.62 86.89 87.26 87.41 87.62 87.60 87.62 87.45 87.46 87.33 87.13 87.44 86.88 84.76 84.66 84.17 83.84 83.39 82.49 81.86 83.09 82.84 82.35 83.06 82.28 81.85 82.04 82.32 82.75 82.55 82.61 82.88 82.90 82.80 82.71 82.24 82.71 82.75 82.86 82.79 82.81 82.76 82.39 82.49 82.78 82.73 82.56 82.15 82.71 82.39 82.65 82.36 82.04 82.38 81.91 82.00 82.24 82.35 82.54 82.60 82.71
49°S ||     82.03 82.23 82.12 82.44 83.04 83.19 83.29 82.65 82.66 81.89 82.25 81.89 81.87 81.75 82.00 81.85 81.79 81.83 81.25 81.45 81.71 81.93 81.32 81.20 81.72 81.55 81.84 82.28 82.26 82.25 82.09 82.27 81.99 81.01 81.00 81.13 81.38 81.37 81.41 81.01 80.87 80.94 81.08 81.77 82.05 82.21 82.23 82.23 82.17 82.08 81.93 81.68 81.32 81.18 81.40 81.77 82.62 82.69 82.17 82.02 83.37 83.56 83.68 83.84 84.17 84.36 84.23 84.24 84.22 84.29 84.30 84.17 84.04 83.34 83.62 82.97 82.96 83.20 82.89 82.99 82.99 82.94 82.74 82.47 82.50 82.16 82.28 83.30 82.81 82.51 82.34 82.47 82.91 82.92 82.52 82.32 81.87 82.66 82.14 82.14 82.12 82.14 82.37 82.65 82.72 82.46 82.43 83.01 83.15 83.38 83.16 83.56 83.90 84.18 84.69 85.30 85.93 86.35 86.95 87.33 87.93 88.31 87.94 87.91 87.07 87.56 87.65 87.76 87.64 87.59 87.62 87.63 87.38 86.87 85.51 84.61 83.79 83.32 83.54 83.20 83.37 82.88 82.09 82.52 82.64 81.90 82.43 82.24 82.63 82.74 82.21 82.58 82.56 82.52 82.42 82.75 82.58 82.42 82.16 82.18 81.21 81.85 82.45 82.34 82.08 82.52 82.81 83.03 82.54 83.01 82.92 82.69 82.65 82.26 81.91 81.58 81.74 81.92 82.22 82.34
47°S ||     81.85 82.26 82.06 82.02 82.58 83.02 82.49 82.07 82.49 82.15 81.90 82.00 81.18 82.27 81.34 81.53 80.87 81.06 81.69 81.51 81.91 81.41 81.70 81.96 81.92 82.27 81.76 82.05 82.19 82.16 82.16 82.15 82.20 81.52 81.36 81.47 81.70 81.74 81.73 81.49 81.15 81.05 81.34 81.44 81.33 81.85 81.86 81.93 81.76 81.79 81.52 81.39 81.11 81.13 81.09 81.38 81.65 81.64 82.09 82.47 81.72 83.13 82.83 83.63 83.63 84.25 84.35 84.34 84.31 84.35 84.32 84.22 84.12 83.41 83.61 83.58 82.96 82.91 82.75 82.34 82.86 82.68 82.60 82.56 82.30 82.35 82.15 82.36 82.61 82.52 82.60 82.61 83.02 82.58 82.40 81.85 82.11 82.00 82.27 82.72 82.14 81.86 82.06 82.34 83.02 83.04 82.72 82.97 83.29 83.24 83.13 83.39 83.80 83.99 85.89 87.05 87.47 88.18 88.59 87.91 87.51 87.76 88.10 88.01 87.63 87.35 87.14 87.51 87.69 87.58 87.59 87.41 87.42 87.33 86.79 85.79 84.83 84.01 83.70 83.55 83.46 83.35 82.91 82.54 82.99 82.96 82.51 82.80 82.74 82.73 82.73 82.24 82.10 82.40 82.07 82.30 82.35 81.87 81.57 82.14 82.76 82.85 82.08 82.01 82.42 82.85 82.73 82.88 83.03 82.94 82.89 82.83 82.14 82.15 81.90 82.35 82.08 81.95 82.26 82.15
45°S ||     82.28 82.35 82.23 82.27 82.49 82.46 82.55 82.58 82.67 81.99 81.78 82.23 81.80 81.63 81.70 81.71 82.51 81.65 81.97 82.07 81.88 82.12 82.63 81.79 82.09 82.30 82.14 82.02 82.02 81.98 81.85 81.93 81.86 81.67 81.67 81.64 81.66 81.68 81.77 81.77 81.49 81.41 81.56 81.48 81.46 81.63 81.64 81.46 81.31 81.16 81.10 81.10 81.07 80.69 80.55 81.49 81.85 81.98 82.32 82.56 82.84 82.81 83.14 83.26 83.25 83.98 84.16 84.89 84.77 84.45 84.38 84.29 83.90 83.72 83.54 83.67 82.80 82.76 82.73 83.43 82.46 82.63 82.40 82.36 82.31 82.23 82.23 82.63 82.62 82.54 82.44 82.51 82.69 82.50 82.33 82.41 82.12 82.14 82.11 82.70 81.45 82.01 82.19 82.26 82.77 82.26 82.76 82.95 83.13 83.16 83.25 83.19 83.81 84.70 87.12 87.59 88.50 88.62 88.03 88.39 88.20 88.43 88.27 88.26 88.04 88.40 88.52 87.64 87.50 87.95 87.59 87.48 87.48 87.35 86.78 86.45 85.31 84.24 83.83 83.66 83.47 83.56 81.95 83.00 83.02 82.78 82.87 82.62 82.46 82.76 82.47 82.29 82.51 82.26 82.33 82.03 81.83 81.90 81.46 80.84 81.87 81.70 82.15 82.87 82.96 82.87 82.43 82.99 82.54 82.60 82.84 82.75 82.13 82.16 82.22 81.50 81.54 82.04 82.21 82.12
43°S ||     82.75 82.08 82.86 82.52 82.74 82.45 82.54 82.51 82.31 82.10 81.77 81.83 81.66 81.49 81.78 81.81 82.14 82.21 82.09 82.06 81.62 81.82 81.99 82.00 81.74 82.05 82.13 82.12 81.53 81.78 81.65 81.87 81.90 81.49 81.57 81.55 81.57 81.66 81.82 81.90 81.38 81.18 80.31 80.37 81.08 81.43 81.30 81.10 81.13 80.90 80.81 80.83 80.76 80.86 80.91 81.56 81.65 81.81 81.91 82.25 82.25 82.34 82.73 82.32 83.49 83.40 83.82 83.91 83.99 84.05 83.97 83.95 83.53 83.73 83.61 82.91 82.82 82.97 82.86 82.95 82.76 83.71 82.38 82.55 82.42 82.41 82.30 82.66 82.63 82.41 82.34 82.48 82.53 82.45 82.42 82.22 82.41 82.21 82.49 82.08 82.03 82.14 82.02 81.69 81.75 82.06 82.66 83.24 82.85 83.04 83.13 83.22 83.93 85.68 87.45 88.28 88.26 87.99 88.22 88.57 88.35 88.34 88.08 88.41 88.34 87.70 87.85 87.77 88.03 87.76 87.57 87.53 87.33 87.00 86.04 85.92 85.35 84.43 83.83 83.82 83.67 83.70 83.46 83.39 83.20 83.05 82.85 82.68 82.68 83.19 82.88 82.74 82.68 82.35 82.30 82.03 81.78 81.76 81.82 81.85 81.65 81.74 82.34 83.00 83.14 83.10 82.94 82.84 82.52 82.70 82.69 82.80 81.64 82.32 82.35 82.95 82.07 82.28 82.54 82.49
41°S ||     82.91 82.83 82.86 83.15 82.99 82.38 82.47 82.38 82.89 83.19 83.66 83.53 82.54 81.85 82.08 81.97 81.58 81.82 81.55 81.87 81.55 82.04 82.00 81.98 81.80 81.05 81.52 81.68 81.87 81.45 81.33 81.55 81.38 81.38 81.17 81.43 81.49 81.64 81.66 79.83 79.56 79.40 77.82 77.59 77.68 79.73 79.73 79.74 80.42 80.73 80.49 80.83 80.62 80.79 80.77 80.84 80.93 81.39 82.16 82.03 81.73 81.26 82.43 82.96 82.92 83.39 83.37 83.59 83.84 83.88 83.83 83.54 83.73 83.25 83.29 83.29 83.13 83.80 83.07 82.72 82.90 82.79 82.51 82.52 82.36 82.37 82.48 82.72 82.71 82.59 82.37 82.54 82.30 82.34 82.44 82.01 81.88 82.31 82.27 82.16 81.89 81.97 81.57 81.38 82.74 82.14 82.48 82.94 82.96 82.98 83.16 83.37 83.91 85.73 87.13 88.32 88.31 87.65 88.43 88.46 88.44 88.26 88.52 88.65 88.24 87.70 88.02 88.11 87.89 88.04 87.79 87.50 86.81 86.22 85.93 85.66 85.02 84.34 84.08 83.84 83.96 83.28 83.10 83.31 82.46 82.56 82.87 82.95 82.99 82.94 82.86 82.84 82.84 82.29 82.17 82.11 81.89 82.25 82.21 82.01 81.95 81.89 82.44 82.76 82.88 82.78 82.86 82.78 82.14 82.53 82.54 81.90 81.82 82.45 82.38 82.45 82.50 82.69 82.85 82.56
39°S ||     82.79 82.91 82.65 82.33 83.06 82.30 82.69 82.58 81.94 82.31 83.34 83.33 82.14 81.85 82.38 82.13 82.36 81.94 82.16 82.22 82.37 81.71 82.38 82.37 82.12 82.11 81.91 81.65 81.77 81.65 81.52 79.85 80.81 81.17 81.17 81.32 81.44 81.40 80.75 80.61 80.09 78.97 78.68 78.77 79.11 79.24 79.15 79.39 78.87 79.85 80.49 80.52 80.56 80.66 80.81 80.85 81.07 81.36 81.44 81.89 81.91 82.05 81.66 81.87 82.53 82.05 83.01 83.76 83.67 83.64 83.67 83.66 83.37 83.24 83.35 83.26 83.20 83.04 82.91 82.93 82.89 82.89 82.76 82.60 82.57 82.36 82.66 82.89 82.61 82.55 82.74 82.78 82.70 82.32 82.49 82.18 82.19 82.15 82.12 82.48 81.91 82.09 81.78 81.89 81.82 81.79 82.43 82.80 83.00 83.03 83.03 83.51 83.95 84.85 86.93 88.42 88.67 88.54 88.09 88.37 88.66 88.52 88.63 88.67 88.36 88.03 88.39 88.12 88.25 87.87 87.60 87.06 86.37 86.01 85.50 85.19 84.96 84.66 84.05 83.62 83.52 83.06 83.03 82.94 82.92 83.08 83.17 83.03 82.39 82.90 82.94 83.02 82.80 82.64 82.32 82.54 82.31 82.05 82.55 82.41 82.14 82.01 82.03 82.22 82.52 82.63 83.00 82.85 82.59 82.57 82.69 82.52 82.82 82.73 82.75 82.50 82.62 82.82 82.95 83.06
37°S ||     83.08 82.92 82.93 82.60 83.46 83.23 82.87 82.16 81.69 81.13 80.86 81.69 81.59 82.36 82.72 82.69 82.70 82.70 82.55 82.47 82.46 82.43 82.13 82.31 82.01 81.67 81.73 81.31 81.19 81.65 81.53 80.71 80.84 80.29 80.91 80.10 80.62 78.91 79.02 80.56 78.88 78.19 79.37 79.41 79.34 79.30 79.50 80.13 79.60 79.58 79.39 79.95 80.49 80.93 80.95 81.06 80.97 81.48 81.60 81.45 81.44 82.11 82.11 82.43 82.83 82.81 83.16 83.30 82.13 83.47 83.20 83.28 83.32 83.41 83.31 83.19 83.10 83.09 83.10 82.93 82.74 82.62 82.37 83.44 82.65 82.46 82.47 82.37 82.82 82.56 82.67 82.79 82.74 82.56 82.16 82.42 82.10 82.04 82.40 82.36 81.85 81.83 81.71 81.88 82.05 82.04 83.25 82.49 82.91 83.09 83.14 83.22 83.58 84.63 85.73 88.01 88.71 89.01 89.31 88.41 88.48 88.51 88.06 88.64 88.15 88.24 88.05 88.16 88.10 87.98 87.78 86.77 85.90 85.55 85.08 84.82 84.40 84.07 83.86 83.66 83.17 83.23 82.82 82.83 82.70 82.80 83.04 83.05 83.02 82.90 83.04 82.92 82.83 82.78 82.63 82.66 82.84 82.66 82.56 81.95 82.24 82.19 81.79 81.76 82.38 82.55 82.98 82.63 82.66 82.79 82.93 82.91 82.89 82.87 82.71 82.55 83.10 83.20 83.10 83.39
35°S ||     83.09 83.48 82.96 82.35 82.86 82.30 82.20 82.36 81.79 81.13 80.99 81.72 82.34 82.50 82.66 82.59 82.71 81.45 82.51 82.45 82.39 82.21 82.19 82.02 81.56 81.77 81.59 81.46 80.97 81.09 80.79 80.65 80.73 80.47 80.58 80.72 80.09 78.80 78.90 78.86 78.37 79.33 79.97 79.89 79.62 79.86 79.71 79.79 80.04 80.09 79.93 79.17 79.88 80.82 81.13 81.31 81.31 81.32 81.35 81.44 81.61 81.78 81.77 82.71 82.67 82.17 82.40 82.74 82.67 83.28 83.22 83.33 83.14 82.91 83.02 83.15 83.16 83.15 83.31 83.08 82.80 82.55 82.72 82.57 82.65 82.36 82.27 82.38 82.49 82.55 82.57 82.73 82.65 82.27 82.29 82.27 82.48 82.69 82.11 81.99 82.03 81.52 81.66 82.00 82.17 82.13 82.20 82.54 83.01 82.90 82.88 83.03 83.30 83.49 84.36 85.73 88.39 88.76 89.12 89.19 88.45 88.42 89.06 89.04 88.09 88.20 88.15 88.02 88.10 87.91 87.11 85.44 84.85 84.81 84.57 84.32 84.43 84.06 84.03 83.99 83.35 83.09 82.40 82.81 82.60 82.72 82.84 82.90 83.01 83.07 82.95 82.77 82.23 82.24 82.31 82.57 82.30 82.12 82.41 82.59 82.37 82.08 82.44 82.63 82.47 82.48 82.35 82.57 82.54 82.16 82.99 83.05 82.81 82.76 82.91 82.97 83.37 83.25 82.97 82.46
33°S ||     83.17 83.25 82.37 82.22 82.38 81.62 81.97 81.16 81.18 81.67 81.61 81.83 82.42 82.56 82.82 82.51 82.73 82.77 82.47 82.48 81.83 82.24 82.17 82.14 81.85 81.60 81.60 81.42 81.20 80.94 80.77 80.02 80.36 80.14 79.83 79.99 79.38 78.50 78.36 77.74 77.98 79.35 80.15 79.80 80.46 79.90 80.71 80.79 80.57 80.62 80.08 79.25 78.52 80.01 80.81 81.31 81.28 81.34 81.38 81.37 81.71 82.10 81.99 82.68 82.76 82.82 82.80 82.80 82.74 82.61 82.79 83.19 83.15 82.93 83.24 82.96 83.30 83.12 83.09 83.18 83.01 82.85 83.02 82.75 82.69 82.57 82.52 82.41 82.40 82.46 82.49 82.20 82.39 82.54 82.33 82.45 82.24 82.47 82.21 81.75 81.91 81.75 81.54 81.74 81.98 82.09 82.10 82.04 82.62 82.87 82.74 82.69 82.51 82.80 83.31 84.19 86.52 87.86 88.50 88.91 88.89 89.21 88.23 88.03 88.25 88.25 87.98 87.95 87.09 86.13 85.63 84.66 84.18 84.14 84.10 84.10 84.27 84.14 83.92 83.87 83.61 83.11 82.82 82.72 82.58 82.53 82.68 82.64 82.74 82.85 82.82 82.60 82.47 82.29 81.82 81.72 81.82 81.77 82.36 81.98 82.29 82.52 82.10 82.35 82.24 82.18 82.52 82.66 82.85 82.51 82.68 83.07 82.46 82.88 82.89 83.02 83.13 82.97 82.73 82.71
31°S ||     83.14 82.57 82.46 82.38 81.81 81.87 81.39 81.76 81.87 81.73 81.88 81.91 82.26 82.51 82.75 82.75 82.76 82.37 82.25 82.51 82.16 82.21 82.13 82.06 81.87 81.80 81.60 81.41 81.12 80.81 80.53 80.36 80.30 79.74 79.59 80.07 79.30 78.31 78.44 77.71 78.62 79.38 79.74 80.28 80.50 80.71 80.75 80.95 80.96 81.09 80.27 79.26 79.62 79.72 79.86 79.83 81.02 81.51 81.49 81.78 82.13 82.46 82.67 82.72 82.87 82.84 82.91 83.02 82.96 82.92 83.00 83.56 82.96 82.78 82.93 82.93 83.01 83.10 83.24 83.23 83.29 83.22 83.04 83.05 82.93 82.63 82.39 82.26 82.41 82.44 82.42 82.48 82.24 82.43 82.48 82.39 82.44 82.34 82.30 81.94 81.91 82.33 82.06 81.90 82.14 82.30 82.38 82.12 82.64 82.84 83.02 82.69 82.99 82.91 83.48 83.48 84.14 84.54 84.95 87.41 88.13 88.66 87.82 88.09 87.93 88.04 87.66 87.13 85.01 84.20 84.69 84.43 84.04 84.02 83.98 83.79 83.76 83.91 83.88 83.71 83.65 82.84 82.88 82.65 82.74 82.39 82.51 82.48 82.50 82.58 82.68 82.50 82.32 82.33 82.01 81.94 82.48 81.74 81.58 81.40 82.39 82.67 82.97 82.48 82.64 82.78 82.90 82.83 82.87 82.77 82.66 82.87 82.60 82.83 82.82 82.66 82.82 82.94 82.92 82.87
29°S ||     83.16 82.60 81.44 82.40 81.82 81.66 82.12 81.71 81.99 81.81 81.80 82.00 82.50 82.68 82.77 82.74 82.72 81.80 82.60 82.58 82.40 82.17 82.15 82.04 81.95 81.79 81.63 81.35 81.04 80.76 80.50 80.17 79.97 79.91 79.86 79.13 79.16 78.70 77.43 76.59 78.52 79.51 79.91 80.20 80.52 80.79 80.97 81.10 81.22 81.23 81.22 81.11 80.49 80.50 80.42 79.76 80.02 80.47 81.48 81.74 82.20 82.74 82.85 82.82 83.10 82.89 82.78 82.88 83.06 83.05 83.17 83.38 83.18 82.91 83.10 83.31 83.16 83.14 83.39 83.36 83.33 83.34 83.18 83.26 82.81 82.78 82.65 82.45 82.33 82.47 82.51 82.53 82.62 82.55 82.50 82.43 82.45 82.05 82.36 82.04 82.47 82.52 82.26 82.27 82.49 82.59 82.66 82.57 82.08 82.78 82.54 82.97 83.08 83.15 82.63 82.85 83.69 83.60 84.02 84.02 84.47 84.45 85.35 86.88 85.93 86.15 85.04 85.44 84.18 83.95 83.80 83.61 83.82 83.91 83.81 83.59 83.69 83.67 83.62 83.27 83.23 83.00 82.80 82.69 82.65 82.52 82.50 82.56 82.56 82.59 82.63 82.44 82.42 82.03 82.23 81.85 81.41 81.63 82.28 81.36 82.23 82.60 82.74 82.34 82.78 82.10 82.76 82.92 82.73 82.64 82.81 82.71 82.53 82.64 82.69 82.86 82.72 82.85 82.96 83.09
27°S ||     82.93 82.59 82.54 82.48 81.96 81.83 82.32 81.52 81.91 82.20 82.10 82.44 82.39 82.54 82.82 82.63 82.84 82.15 82.62 82.14 82.17 82.18 82.07 82.04 81.86 81.74 81.60 81.47 81.04 80.72 80.38 80.07 79.68 79.68 79.50 79.65 79.83 78.54 78.27 76.80 78.75 79.55 79.89 80.28 80.60 80.88 81.09 81.24 81.34 81.51 81.52 81.60 81.38 80.84 80.85 80.94 81.19 81.17 81.08 81.07 80.88 82.28 82.91 82.94 82.92 82.95 83.04 83.19 83.04 82.97 83.00 83.43 83.51 83.66 83.36 83.11 83.33 83.35 83.50 83.50 83.49 83.48 83.41 83.23 83.14 82.93 82.98 82.98 82.66 82.54 82.48 82.63 82.64 82.28 82.40 82.51 82.52 82.27 82.26 82.25 82.49 82.68 82.23 82.48 82.65 82.55 82.79 82.25 81.89 82.12 82.67 82.69 82.92 82.75 82.70 82.78 82.77 83.64 83.59 83.73 83.82 83.83 83.99 84.04 84.08 84.25 84.58 84.28 84.19 83.92 83.64 83.79 83.81 83.70 83.42 83.56 81.98 83.61 83.60 82.42 82.87 82.60 82.54 82.54 82.57 82.58 82.58 82.60 82.52 82.49 82.46 82.25 81.82 81.72 81.61 81.86 82.39 81.52 81.59 82.16 81.84 82.24 82.64 82.63 82.98 82.26 82.85 82.66 82.84 82.97 82.92 82.80 82.45 82.26 82.30 82.63 82.63 82.69 82.99 83.03
25°S ||     83.05 82.47 82.77 82.53 82.45 82.39 82.50 82.79 82.31 82.59 82.43 82.92 82.92 82.85 82.95 82.78 82.83 82.49 82.18 82.58 82.27 82.13 82.08 81.95 81.82 81.63 81.48 81.31 80.95 80.51 80.17 79.87 79.60 79.42 79.34 78.70 79.06 79.39 78.28 78.58 78.99 79.50 79.96 80.30 80.52 80.78 80.96 81.20 81.36 81.40 81.59 81.66 81.42 81.09 80.29 80.95 81.23 81.38 81.37 81.23 80.59 81.72 82.75 82.81 82.92 82.95 82.96 82.55 82.75 82.88 82.94 82.97 83.35 83.80 83.92 83.47 83.57 83.64 83.77 83.60 83.60 83.54 83.73 83.47 83.61 83.17 83.22 83.23 83.19 82.66 82.92 82.80 82.98 82.26 82.61 82.56 82.56 82.17 81.87 82.49 82.51 82.40 82.47 82.50 82.38 82.04 82.42 81.83 81.64 81.96 82.22 82.31 82.62 82.48 82.90 83.27 82.98 83.43 83.59 83.70 83.79 83.71 83.65 83.97 83.77 84.12 84.01 83.67 83.59 83.46 83.58 83.39 83.38 83.54 83.38 82.80 82.72 82.99 82.25 82.65 82.53 82.37 82.25 82.30 82.39 82.46 82.71 82.51 82.47 82.36 82.31 82.13 81.80 81.44 81.58 81.83 82.17 81.78 81.29 81.68 81.58 81.95 82.32 82.69 82.40 82.44 82.83 82.45 82.73 82.89 82.88 82.57 82.29 82.78 82.83 82.66 82.76 83.08 83.26 83.01
23°S ||     83.04 83.02 82.59 82.59 82.50 82.58 82.76 82.89 83.00 83.05 83.04 83.00 83.16 83.22 83.00 83.12 82.00 82.29 82.67 82.33 82.32 82.08 82.06 81.96 81.79 81.52 81.30 80.98 80.61 80.24 79.89 79.51 79.30 79.18 79.22 79.14 78.36 78.70 78.24 78.49 78.96 79.50 79.83 80.08 80.33 80.55 80.80 81.03 81.30 81.46 81.74 81.74 81.74 81.44 80.77 80.94 81.23 81.25 81.21 80.88 80.27 81.95 82.66 82.73 82.50 82.68 82.90 82.62 82.92 82.91 82.77 83.13 83.25 83.64 83.75 83.85 83.55 83.66 83.58 83.70 83.70 83.65 83.67 83.83 83.59 83.36 83.43 83.49 83.39 82.54 83.02 82.84 83.05 83.06 83.07 82.68 82.59 83.42 82.49 82.15 82.30 82.11 81.91 81.77 82.03 82.40 81.72 81.67 81.39 81.92 82.14 82.53 82.42 82.11 82.07 82.31 82.79 82.98 83.19 83.34 83.63 83.47 83.65 83.79 83.80 83.98 83.76 83.48 83.48 83.36 83.09 83.14 83.27 83.34 82.73 82.26 81.71 81.88 82.22 82.50 82.32 82.16 81.89 82.03 82.32 82.42 82.48 82.57 82.34 82.29 82.23 82.17 82.34 82.21 82.28 81.80 82.23 81.81 81.47 81.76 81.41 82.15 82.34 82.56 82.57 82.72 82.65 82.79 82.73 83.19 82.77 83.45 82.77 82.84 82.90 82.85 82.70 83.18 83.42 83.04
21°S ||     82.89 82.96 82.63 82.62 82.59 82.59 82.85 83.36 83.14 83.07 82.96 83.01 83.09 82.96 83.06 83.15 82.85 82.56 82.59 82.40 82.24 82.07 82.01 81.87 81.69 81.48 81.10 80.65 80.15 79.73 79.41 79.06 78.85 78.80 78.93 78.46 78.62 77.94 78.07 78.55 78.90 79.30 79.54 79.79 80.09 80.30 80.61 80.84 81.10 81.32 81.48 81.68 81.73 81.39 80.97 81.23 80.88 81.14 80.86 80.54 80.62 80.95 82.60 82.59 82.68 82.58 82.87 82.97 82.94 82.97 83.07 83.06 83.24 83.44 83.79 83.96 83.78 83.69 83.78 83.82 83.77 83.74 83.71 83.83 83.76 83.84 83.53 83.54 83.40 83.12 82.99 83.10 83.20 83.23 82.91 82.80 82.65 82.35 82.30 82.44 82.52 82.60 81.73 82.06 82.28 82.19 82.38 81.52 81.42 81.82 82.22 81.87 82.29 82.27 82.34 82.56 82.66 82.99 83.05 83.37 83.48 83.59 83.31 83.70 83.52 83.45 83.48 82.77 83.10 83.11 83.01 82.89 83.22 82.76 82.41 82.18 81.21 81.34 82.09 81.98 82.19 82.19 81.88 81.59 82.37 82.48 82.50 82.53 82.53 82.33 82.11 81.89 81.64 81.92 82.56 81.92 82.08 82.02 81.58 82.21 82.09 82.24 82.13 82.12 82.63 82.75 82.94 82.78 82.57 83.19 83.31 83.08 83.13 83.32 83.24 82.86 82.56 82.97 82.98 82.77
19°S ||     82.29 82.55 82.55 82.39 82.69 82.90 83.16 83.63 83.60 83.35 83.25 83.05 83.13 83.11 83.25 83.10 82.91 82.85 82.46 82.41 82.26 82.04 81.90 81.65 81.49 81.23 80.87 80.21 79.39 78.95 78.66 78.52 78.38 78.49 78.69 77.20 78.35 77.86 77.99 78.27 78.44 78.79 79.07 79.34 79.69 80.02 80.37 80.63 80.95 81.16 81.31 81.43 81.58 81.54 81.17 80.80 80.78 80.76 80.89 80.78 80.46 81.72 82.44 82.40 82.58 82.74 83.03 83.06 83.11 82.97 83.08 83.23 83.44 83.70 84.07 84.10 84.06 83.73 83.85 83.86 84.01 83.83 83.77 83.76 83.90 83.94 83.67 83.49 83.50 83.54 83.39 83.27 83.30 83.22 82.91 82.96 82.67 82.58 82.76 82.14 82.47 82.53 81.94 82.27 81.88 82.18 81.55 81.38 81.84 81.85 81.67 82.00 81.98 82.16 82.26 82.40 82.43 82.38 82.44 83.18 83.33 83.34 83.41 83.40 83.25 83.26 82.93 82.94 83.01 82.92 82.87 82.45 82.30 82.53 82.28 82.02 81.61 81.49 81.87 82.06 82.32 82.36 82.55 82.55 82.43 82.47 82.50 82.52 82.41 82.31 82.48 82.01 81.70 81.80 82.17 82.29 82.20 82.36 81.92 82.28 82.37 82.20 82.10 82.03 82.50 82.52 82.44 82.39 82.94 83.26 83.46 83.56 83.61 83.75 83.55 83.58 83.48 83.28 83.32 82.34
17°S ||     82.36 82.34 82.45 82.76 82.77 82.97 83.45 83.55 83.55 83.49 83.39 83.19 83.24 82.77 83.22 83.51 83.04 83.03 82.73 82.39 82.25 82.06 81.70 81.42 81.22 80.93 80.46 79.41 78.51 77.96 77.86 77.94 78.11 78.26 77.95 77.33 77.71 77.91 77.77 77.65 77.77 78.16 78.55 78.83 79.32 79.71 80.07 80.35 80.68 80.97 81.10 81.32 81.35 81.43 81.12 80.77 80.30 80.32 80.82 80.71 80.50 81.87 82.44 81.97 82.35 84.13 84.79 83.93 83.06 83.18 82.87 83.20 83.42 83.62 84.09 84.07 84.10 83.74 83.91 83.79 83.90 83.86 83.87 83.87 83.89 83.86 83.75 83.75 83.70 83.57 83.32 83.35 83.35 83.23 83.07 83.05 82.75 82.79 82.50 83.01 82.60 82.38 82.01 82.00 81.97 81.90 82.00 81.54 81.99 81.95 82.09 81.92 81.74 81.72 82.00 82.05 82.20 82.72 82.78 82.38 82.80 82.72 82.88 82.91 82.85 83.18 83.10 83.10 83.01 82.90 82.45 82.50 81.61 81.93 82.06 81.92 81.42 81.45 81.94 82.17 82.43 82.47 82.59 82.67 82.51 82.48 82.45 82.40 82.36 82.15 82.27 82.19 81.89 82.00 81.89 81.95 82.19 82.39 82.20 82.65 82.39 82.36 82.16 81.99 82.82 82.04 82.33 82.55 82.99 83.44 83.56 83.68 83.69 83.79 83.87 83.65 83.66 83.49 83.64 83.20
15°S ||     83.40 82.37 83.09 82.89 83.15 83.29 83.82 83.75 83.47 83.52 83.51 83.24 83.10 83.14 83.26 83.49 82.40 83.09 83.25 82.51 82.32 82.03 81.75 81.45 81.07 80.57 79.75 78.37 76.93 76.48 76.94 77.52 77.69 77.95 78.09 78.02 78.20 78.23 77.56 77.23 77.20 77.76 78.11 78.44 78.94 79.49 79.88 80.18 80.38 80.55 80.59 80.98 81.18 81.20 80.91 80.80 80.44 81.33 80.68 81.48 81.83 83.91 84.51 84.84 85.17 84.94 84.49 85.18 85.16 83.29 83.21 83.57 83.53 83.60 83.96 83.95 84.05 83.95 83.87 83.84 83.87 83.88 83.86 83.96 83.85 83.82 83.83 83.74 83.68 83.63 83.66 83.53 83.44 83.22 83.10 83.11 83.02 82.85 82.42 82.82 82.28 82.36 82.23 81.92 82.02 81.77 81.89 81.85 81.71 81.78 82.14 81.70 81.54 81.51 81.59 81.28 82.09 82.73 82.75 82.77 82.39 82.77 82.75 82.66 82.87 83.02 82.98 83.16 82.74 82.43 82.27 81.52 81.43 81.49 81.75 81.64 81.42 81.60 81.66 82.05 82.33 82.54 82.51 82.53 82.63 82.54 82.37 82.45 82.18 82.31 82.17 82.35 81.83 81.58 82.40 82.56 82.00 82.54 82.59 82.38 82.44 82.34 82.03 82.23 82.62 82.73 82.62 82.65 82.87 83.59 83.75 84.10 83.94 83.88 83.65 83.96 83.77 84.08 83.17 83.28
13°S ||     83.50 83.44 83.23 83.02 83.19 83.47 83.70 83.87 83.79 83.86 83.72 83.44 83.35 83.46 83.44 83.49 83.16 83.12 83.00 82.72 82.45 82.10 81.80 81.46 80.97 80.34 79.38 77.43 75.15 74.66 75.94 77.07 77.42 77.52 77.60 78.28 78.04 78.00 77.41 77.15 77.19 78.39 77.68 78.18 78.71 79.21 79.70 80.00 80.23 80.41 80.47 81.18 80.65 81.76 84.24 83.89 83.83 82.17 85.06 85.43 83.98 81.96 81.89 82.12 84.20 84.36 83.96 84.01 82.77 84.86 83.44 83.47 83.63 83.74 83.79 83.96 83.92 84.05 84.15 83.92 83.90 83.90 83.89 83.89 83.79 83.82 83.89 83.79 83.68 83.81 83.72 83.66 83.54 83.37 83.56 83.26 83.12 82.93 82.80 82.80 82.76 82.52 82.19 82.00 81.82 82.21 81.85 81.82 81.70 81.63 81.65 81.79 81.42 81.75 81.64 81.84 81.86 82.53 82.68 82.55 82.60 82.78 82.68 82.67 82.43 82.81 82.87 82.89 82.73 82.56 81.69 81.46 81.19 81.65 81.56 81.77 81.41 81.58 82.17 82.21 82.63 82.55 82.65 82.59 82.64 82.58 82.28 82.13 82.08 82.13 82.11 81.92 82.25 81.87 82.61 82.60 82.18 82.18 82.49 82.59 82.36 82.44 82.13 82.01 82.31 83.05 83.09 83.21 83.46 83.79 83.91 84.01 84.05 84.01 83.98 84.05 84.12 84.00 84.10 83.99
11°S ||     84.09 83.92 84.13 84.14 83.62 83.61 83.75 83.92 83.81 83.81 83.73 83.69 83.72 83.49 83.62 83.55 83.48 83.27 83.13 82.87 82.56 82.30 81.86 81.46 80.83 80.23 79.34 77.65 75.23 73.24 74.31 77.05 77.32 77.34 77.25 77.90 77.82 77.53 77.07 76.83 77.30 77.65 77.60 78.12 78.57 79.00 79.69 79.89 80.10 80.33 80.22 80.89 83.63 84.04 85.75 85.82 82.65 79.74 79.57 80.61 81.25 81.45 81.72 81.94 82.36 82.27 82.45 83.46 82.98 83.15 85.24 83.88 85.29 84.01 83.86 84.29 84.21 84.02 84.12 84.14 83.94 83.94 83.97 83.92 83.93 83.90 84.00 83.85 83.89 83.78 83.77 83.87 83.58 83.47 83.33 83.33 83.35 83.07 82.10 82.44 82.82 82.86 82.44 82.22 82.12 81.82 81.79 81.86 81.65 81.69 82.06 81.79 81.86 81.60 81.82 81.94 81.86 82.07 82.39 82.20 82.32 82.54 82.50 82.42 82.15 82.79 82.74 82.94 82.75 82.72 82.48 81.79 81.30 81.50 81.46 81.95 81.66 82.07 82.38 82.41 82.76 82.70 82.58 82.66 82.68 82.65 82.54 82.59 82.36 82.33 82.18 81.89 81.55 81.98 81.93 82.16 82.52 82.61 82.39 82.74 82.55 82.95 83.14 82.89 83.05 83.76 83.17 83.45 83.60 83.87 83.96 83.98 84.13 84.09 84.16 84.22 84.22 83.93 84.01 83.85
9°S ||     83.73 83.86 83.83 84.02 84.15 83.73 83.94 83.82 83.94 83.99 83.81 83.86 83.74 83.69 83.70 83.57 83.56 83.40 83.27 82.98 82.76 82.38 82.06 81.58 81.05 80.37 79.56 78.76 75.61 71.90 71.89 75.97 77.20 77.21 77.28 77.16 77.59 77.37 77.41 77.09 77.23 77.86 79.52 81.11 80.03 79.08 79.66 80.24 80.19 80.59 83.66 84.36 84.30 85.57 83.98 80.23 79.36 81.11 79.99 81.20 81.45 81.59 82.17 82.12 82.53 82.69 83.66 83.04 84.35 83.30 85.33 85.36 85.65 84.80 84.58 84.28 83.95 84.06 84.08 84.46 84.14 83.93 84.00 84.01 83.98 84.00 84.08 83.88 83.90 83.90 83.99 83.70 83.69 83.65 83.47 83.28 83.34 83.17 82.71 82.62 82.86 82.64 82.35 82.50 82.46 82.09 81.83 82.16 83.06 83.31 81.91 82.15 82.02 82.09 82.05 81.91 81.92 81.99 82.21 82.26 82.23 82.07 82.25 82.08 82.05 82.16 82.41 82.71 82.76 82.76 82.48 82.12 81.34 82.10 82.10 81.59 82.37 82.59 82.09 82.48 82.77 82.80 82.93 82.77 82.78 82.60 82.53 82.85 82.77 82.43 81.77 81.97 81.57 82.25 82.61 82.49 82.68 83.00 82.69 82.83 83.20 83.76 83.93 83.66 83.63 83.93 83.91 83.83 83.94 83.97 84.03 84.11 84.18 84.64 84.33 84.30 83.93 82.81 83.99 83.92
7°S ||     83.96 83.93 83.88 83.87 84.37 84.23 84.01 84.05 84.27 84.11 84.04 83.92 83.83 83.81 83.80 83.83 83.78 83.57 83.39 83.17 82.90 82.57 82.24 81.73 81.20 80.69 80.04 79.45 76.27 73.16 73.92 75.42 76.88 77.13 77.30 77.52 77.09 77.11 77.54 77.11 80.37 80.73 78.13 81.90 81.18 81.15 81.58 83.50 83.10 82.42 81.26 79.92 82.43 85.34 83.74 84.05 84.29 81.81 81.05 81.65 81.78 81.81 82.09 82.25 83.17 84.16 84.13 83.89 82.81 82.96 84.19 85.45 85.36 84.87 85.23 84.79 84.52 84.00 83.98 84.09 84.12 84.05 84.08 83.97 84.01 83.96 83.89 83.84 83.80 83.85 83.82 83.87 83.69 83.64 83.63 83.66 83.66 83.32 82.95 83.07 82.37 82.32 82.44 82.51 81.89 82.31 82.44 82.17 82.16 82.19 82.38 82.35 82.46 81.83 81.92 81.92 81.91 82.36 82.39 82.22 81.87 81.72 81.80 81.61 81.99 82.45 82.25 82.40 82.77 82.77 82.68 82.58 81.70 81.62 82.02 82.22 82.27 82.36 82.24 82.59 82.82 82.78 83.02 82.99 82.95 82.99 83.05 83.07 83.04 83.22 81.59 81.45 81.63 82.26 81.88 82.95 83.76 83.38 83.47 83.44 83.78 83.92 83.88 83.81 84.06 84.20 84.08 84.17 84.18 84.16 84.18 84.17 84.25 84.37 84.52 84.51 84.23 84.12 84.06 83.96
5°S ||     84.00 84.05 84.11 84.08 83.98 84.41 84.36 84.35 84.45 84.16 84.04 83.82 83.89 83.96 84.05 84.11 84.10 83.93 83.48 83.46 83.16 82.88 82.53 82.04 81.58 81.07 80.54 79.68 78.52 76.93 75.64 75.88 76.89 77.03 77.40 77.66 77.64 78.65 77.94 77.31 77.68 77.99 78.42 82.50 80.93 82.82 80.81 81.69 80.89 80.17 79.75 82.57 83.26 83.73 83.18 80.30 80.66 81.71 83.77 83.67 82.03 82.17 82.26 82.31 82.89 82.60 83.18 82.81 82.90 83.12 83.51 83.88 84.79 83.77 83.76 84.75 84.92 84.60 83.88 83.96 84.46 84.19 84.15 84.08 84.04 83.95 83.87 83.88 83.95 83.89 83.83 83.79 83.84 83.61 83.63 83.71 83.67 83.65 83.44 83.50 82.94 82.17 82.34 82.49 82.75 82.51 82.41 82.34 82.45 82.29 82.77 82.83 82.69 82.04 81.88 81.92 81.70 81.89 81.65 82.15 81.88 82.16 81.94 81.95 82.18 82.01 82.50 82.20 82.67 82.73 82.62 82.15 82.27 81.80 82.22 82.38 82.66 82.59 82.69 82.80 82.72 82.92 83.28 83.32 83.17 83.15 83.59 83.41 83.09 82.92 82.45 82.08 82.76 82.70 82.63 83.06 84.10 83.80 85.14 84.18 84.02 83.87 83.86 84.10 84.10 84.31 84.31 84.26 84.26 84.31 84.37 84.32 84.46 84.45 84.43 84.48 84.51 84.34 84.19 84.08
3°S ||     84.09 84.07 84.18 84.21 84.12 84.70 84.71 84.55 84.26 84.39 83.94 83.65 84.08 84.41 84.37 84.45 83.88 83.51 83.92 83.72 83.54 83.14 83.03 82.57 82.01 81.49 81.00 80.13 79.46 78.20 77.23 77.05 76.75 76.71 77.50 77.95 78.28 78.46 78.51 78.10 77.90 78.48 78.86 79.74 80.03 80.08 80.69 80.73 80.57 80.26 80.02 79.81 80.29 82.13 81.74 80.82 81.40 81.89 82.20 84.22 82.03 82.65 82.62 82.77 82.91 83.00 83.65 83.24 83.35 83.57 83.70 83.80 85.48 83.99 83.94 84.53 84.30 84.39 84.05 84.08 84.17 84.16 84.43 84.20 84.06 84.00 84.04 83.96 83.95 83.92 83.89 83.82 83.78 83.75 83.68 83.66 83.38 83.65 83.65 83.67 83.13 82.67 82.51 82.65 82.87 82.49 82.60 82.75 82.69 82.70 82.88 82.88 82.63 82.37 82.21 81.80 81.52 82.59 82.37 82.21 82.13 82.22 82.07 82.38 81.94 82.25 82.04 82.63 82.69 82.88 82.52 82.65 82.57 82.45 82.80 83.31 82.50 83.05 82.95 82.74 82.95 83.00 83.51 83.51 83.24 83.68 83.58 83.28 83.06 82.85 82.38 82.58 82.49 82.67 82.85 83.47 84.11 84.11 84.15 83.96 84.18 84.12 84.10 84.06 84.16 84.33 84.24 84.10 84.48 84.50 84.46 84.55 84.59 84.63 84.62 84.62 84.55 84.45 84.25 84.22
1°S ||     84.27 84.23 84.26 84.37 84.44 84.74 84.75 84.54 84.40 84.09 83.87 83.56 84.14 84.39 84.63 84.20 83.93 84.07 84.02 83.75 83.66 83.50 83.31 82.96 82.50 81.81 81.23 80.55 79.89 79.18 78.17 77.60 76.21 74.68 77.74 78.18 78.45 78.73 78.90 78.94 78.99 79.83 80.18 80.48 80.73 81.26 81.56 81.76 82.00 82.15 81.47 82.76 84.42 80.84 80.96 81.24 82.02 82.33 82.42 83.29 82.69 82.90 82.91 82.91 83.09 83.17 83.16 83.71 83.76 83.75 84.49 83.84 85.19 85.31 84.15 84.15 84.07 84.09 84.12 84.29 84.64 84.43 84.36 84.10 84.12 84.10 84.03 83.96 83.91 83.89 83.91 83.96 83.84 83.81 83.71 83.66 83.31 83.64 83.63 83.66 83.16 83.02 82.88 82.71 82.88 82.83 82.78 82.92 82.96 83.00 83.10 83.08 82.53 82.32 82.29 81.99 81.72 82.64 82.45 82.42 82.44 82.09 82.16 81.98 82.32 82.38 82.55 82.67 83.13 83.03 82.76 82.28 82.74 82.84 83.30 83.30 83.13 83.66 83.02 82.89 83.05 83.17 83.57 83.60 83.63 83.72 83.65 83.00 83.22 82.88 82.78 82.87 83.36 83.41 83.63 84.10 84.27 84.38 84.26 84.23 84.45 84.35 84.18 84.17 84.35 84.27 84.09 84.26 84.44 84.53 84.56 84.58 84.59 84.64 84.66 84.64 84.50 84.51 84.39 84.30
1°N ||     84.33 84.26 84.37 84.60 84.50 84.62 84.76 84.97 84.45 84.19 83.92 83.93 84.34 84.66 84.66 84.40 84.25 84.16 83.73 83.94 83.77 83.77 83.35 82.80 82.34 82.20 81.60 80.76 79.99 79.73 79.32 78.79 76.61 73.94 74.92 78.49 78.65 78.78 79.10 79.44 79.85 80.18 80.42 80.73 81.12 81.60 81.91 82.23 82.71 82.97 81.77 80.79 80.62 81.00 81.30 81.87 82.29 82.66 82.72 83.05 82.85 83.05 83.50 83.05 83.15 83.25 83.15 84.03 83.54 83.72 83.91 85.13 86.05 85.94 84.00 84.08 84.09 84.13 84.00 84.69 84.01 84.59 84.20 84.07 84.27 84.17 84.05 83.95 84.00 83.91 83.89 83.94 83.86 83.85 83.83 83.70 83.65 83.44 83.46 83.33 83.31 83.35 83.19 83.27 82.95 82.77 82.81 83.21 83.09 83.06 83.03 82.72 82.81 82.71 82.36 82.19 82.48 82.46 82.20 82.56 82.39 82.26 82.34 82.37 82.37 82.48 82.65 82.86 82.91 83.09 83.40 83.27 83.59 83.57 83.59 83.59 83.39 83.37 83.51 83.31 83.59 83.64 83.79 83.78 83.81 83.63 83.26 83.22 83.27 83.05 83.24 83.51 83.94 84.04 84.07 84.12 84.29 84.39 84.34 84.44 84.36 84.36 84.28 84.41 84.38 84.29 84.19 84.40 84.48 84.52 84.57 84.61 84.60 84.63 84.64 84.64 84.66 84.59 84.52 84.44
3°N ||     84.68 84.59 84.64 84.74 84.85 84.89 84.85 84.77 84.66 84.19 84.10 84.14 84.72 84.83 84.80 84.59 84.44 83.97 83.89 84.07 83.97 83.60 83.20 82.65 82.07 82.71 82.07 80.21 80.03 80.13 80.01 80.15 79.67 76.33 77.83 78.80 78.56 78.67 79.18 79.65 80.06 80.30 80.49 80.48 81.52 81.93 82.38 82.67 82.94 83.39 83.44 82.33 81.77 81.99 82.34 82.64 82.83 82.93 82.99 83.22 83.15 83.07 82.85 83.55 83.63 83.38 83.48 83.74 83.78 83.91 83.97 84.06 85.45 85.60 85.15 84.76 84.78 84.56 84.43 84.37 84.12 84.05 84.22 84.13 84.08 84.24 84.03 83.92 83.96 83.96 84.00 83.94 83.91 83.86 83.82 83.72 83.70 83.56 83.64 83.53 83.52 83.53 83.52 83.37 83.36 82.93 83.15 83.42 83.65 83.02 83.13 82.92 82.60 82.57 82.45 82.79 82.62 82.62 82.35 82.60 82.46 82.34 82.32 82.44 82.47 82.55 82.76 82.90 83.11 83.20 83.75 83.97 84.14 84.25 84.52 84.18 83.70 83.64 83.53 83.70 83.72 83.82 83.88 83.81 83.77 83.50 83.47 83.37 83.27 83.05 83.64 84.11 84.07 83.99 84.03 84.27 84.34 84.42 84.44 84.51 84.33 84.49 84.42 84.47 84.44 84.34 84.38 84.46 84.49 84.52 84.53 84.59 84.61 84.62 84.61 84.64 84.66 84.68 84.70 84.72
5°N ||     84.68 84.78 85.05 84.79 84.95 84.96 84.89 84.86 84.76 84.44 84.33 84.27 84.87 84.98 84.97 84.83 84.26 83.89 84.22 84.14 83.90 83.33 82.87 82.52 82.76 82.86 82.66 81.54 80.15 80.06 80.28 80.70 80.96 80.64 79.78 79.15 78.39 78.20 79.32 79.92 80.33 80.55 80.67 80.43 81.73 82.45 82.77 82.99 83.27 83.65 83.79 82.74 82.72 82.97 83.12 83.24 83.23 83.26 83.29 83.41 83.59 83.31 83.03 83.14 83.35 83.65 83.77 83.83 83.86 84.01 84.21 85.29 84.22 84.88 85.55 85.09 84.55 84.19 84.12 84.15 84.04 84.15 84.08 84.12 84.28 84.11 84.08 83.95 83.98 83.95 83.93 83.94 83.82 83.80 83.78 83.77 83.75 83.75 83.68 83.55 83.54 83.54 83.48 83.52 83.47 83.44 83.48 83.41 83.47 82.91 83.04 82.41 82.58 82.48 82.64 82.51 82.53 82.66 82.59 82.58 82.47 82.37 82.29 82.35 82.83 82.63 82.77 83.01 83.26 83.57 83.98 85.48 85.64 85.63 85.57 85.33 84.91 84.04 83.92 83.88 83.86 83.97 83.91 83.79 83.80 83.58 83.47 83.49 83.15 83.22 84.10 84.06 84.14 84.16 84.22 84.24 84.38 84.44 84.50 84.51 84.47 84.44 84.48 84.48 84.48 84.47 84.47 84.45 84.50 84.50 84.49 84.54 84.58 84.60 84.61 84.65 84.68 84.69 84.72 84.75
7°N ||     84.74 84.81 84.86 84.88 84.96 84.98 84.97 84.95 84.88 84.66 84.42 84.71 85.01 85.08 85.09 84.88 84.19 84.43 84.37 84.17 83.75 83.41 83.48 83.30 83.18 83.14 82.87 82.19 79.75 79.92 80.28 81.08 81.36 81.12 80.50 79.60 77.44 77.42 79.80 80.28 80.58 80.76 80.89 81.15 82.24 82.59 82.86 83.13 83.38 83.62 83.81 83.84 83.22 83.20 83.20 83.23 83.34 83.44 83.53 83.60 83.63 83.50 83.18 83.49 83.73 83.79 83.91 83.95 83.99 84.10 84.29 85.37 85.76 85.29 85.54 84.24 84.20 84.15 84.45 84.61 84.42 84.13 84.16 84.22 84.12 84.02 84.03 83.95 84.00 83.92 83.95 83.92 83.90 83.95 83.78 83.73 83.69 83.76 83.63 83.48 83.48 83.51 83.57 83.47 83.45 83.57 83.28 83.66 83.47 83.50 83.16 82.85 82.79 82.35 82.45 82.54 82.45 82.60 82.61 82.63 82.45 82.51 82.32 82.79 83.09 82.57 82.79 83.08 83.57 84.07 85.41 85.79 85.72 85.68 85.66 85.56 85.51 85.02 84.07 84.05 84.08 84.00 83.86 83.89 83.59 83.38 83.47 83.68 83.53 83.50 84.05 84.20 84.24 84.31 84.44 84.33 84.47 84.52 84.47 84.52 84.55 84.46 84.48 84.47 84.50 84.49 84.46 84.46 84.45 84.45 84.47 84.44 84.54 84.59 84.56 84.66 84.71 84.73 84.75 84.78
9°N ||     84.83 84.95 84.75 84.81 85.00 84.99 85.00 84.96 85.05 84.76 84.53 84.97 85.14 85.17 85.13 84.70 84.45 84.67 84.34 83.99 83.92 83.80 83.74 83.64 83.51 83.31 83.07 82.31 80.31 80.22 80.80 81.63 81.61 81.79 81.38 80.05 76.81 74.99 79.10 80.58 80.75 80.98 81.21 81.59 82.18 82.61 82.92 83.21 83.41 83.65 83.82 83.85 83.75 83.38 83.33 83.34 83.43 83.53 83.60 83.69 83.78 83.72 83.61 83.65 83.75 83.94 84.12 84.14 84.18 84.52 85.37 85.42 85.23 85.69 84.43 84.39 84.45 84.37 84.64 84.19 84.19 84.15 84.12 84.17 84.23 84.12 84.07 84.14 84.07 84.08 83.97 83.94 83.88 83.91 83.84 83.96 83.77 83.70 83.66 83.68 83.63 83.41 83.25 83.20 83.52 83.62 83.65 83.37 83.32 83.21 83.16 83.16 83.03 83.15 82.91 82.68 82.56 82.60 82.60 82.34 82.53 82.48 82.23 83.29 82.67 82.58 82.91 83.28 83.76 84.54 85.59 85.83 85.83 85.79 85.71 85.64 85.57 85.37 84.82 84.37 84.20 84.30 83.86 83.74 83.73 83.68 83.87 83.98 83.90 83.91 84.15 84.32 84.56 84.32 84.49 84.58 84.49 84.47 84.41 84.42 84.87 84.37 84.34 84.39 84.45 84.49 84.40 84.43 84.36 84.41 84.40 84.52 84.53 84.60 84.54 84.66 84.71 84.76 84.79 84.79
11°N ||     84.90 84.89 84.90 84.88 85.07 85.08 85.13 85.09 85.22 85.13 85.00 85.26 85.28 85.24 85.17 85.11 84.72 84.73 84.34 84.09 84.00 83.93 83.80 83.66 83.49 83.33 83.00 82.29 81.60 81.89 81.84 81.84 81.87 81.88 81.99 81.87 77.46 71.62 73.30 80.58 80.92 81.17 81.45 81.80 82.18 82.66 83.04 83.27 83.50 83.65 83.79 83.87 83.85 83.51 83.44 83.43 83.51 83.61 83.66 83.74 83.80 83.67 83.62 83.83 83.96 84.08 84.29 84.45 84.65 84.49 85.77 85.53 84.44 85.75 85.35 84.38 85.25 84.28 84.20 84.34 84.18 84.14 84.08 84.05 84.12 84.15 84.26 84.14 84.12 84.11 83.98 83.96 83.96 83.96 84.02 83.84 83.95 83.70 83.74 83.77 83.71 83.68 83.48 83.23 83.62 83.57 83.95 83.52 83.76 83.16 83.32 83.29 83.25 83.37 83.14 82.74 82.57 82.77 82.94 82.51 82.67 82.59 82.41 82.32 82.48 82.86 83.15 83.49 83.98 84.81 85.85 85.89 85.91 85.80 85.67 85.65 85.53 85.45 85.06 84.51 84.34 83.90 84.00 83.92 83.82 84.03 84.17 84.25 84.25 84.28 84.39 84.54 84.73 84.76 84.60 84.66 84.57 84.55 84.39 84.32 84.25 84.17 84.19 84.22 84.27 84.30 84.31 84.31 84.33 84.63 84.12 84.40 84.51 84.52 84.52 84.72 84.75 84.74 84.44 84.79
13°N ||     84.81 84.96 84.60 84.64 85.08 85.05 85.16 85.23 85.27 85.31 85.36 85.41 85.38 85.34 85.29 85.14 84.99 84.68 84.07 84.11 84.04 83.88 83.77 83.68 83.46 83.24 83.02 82.73 82.09 82.09 81.99 81.98 81.99 82.09 82.27 82.42 81.72 73.69 74.99 79.73 80.74 81.40 81.75 82.00 79.04 82.88 83.16 83.36 83.55 83.65 83.81 83.86 83.87 83.55 83.51 83.55 83.62 83.68 83.73 83.77 83.79 83.83 83.91 83.84 84.05 84.39 84.58 84.80 84.91 85.60 85.71 85.56 84.85 84.73 84.51 85.22 84.60 84.45 84.19 84.07 84.06 84.16 84.09 84.13 84.12 84.12 85.45 84.13 84.65 84.07 83.97 83.99 83.99 84.09 84.06 83.83 83.84 83.87 83.91 83.92 83.89 83.65 83.56 83.61 83.67 83.74 83.66 83.78 83.97 83.49 83.48 83.65 83.41 83.35 83.25 83.11 82.93 83.02 83.13 83.08 82.96 82.71 82.64 82.68 82.76 82.96 83.28 83.68 84.13 84.92 85.87 85.88 85.84 85.76 85.66 85.64 85.57 85.49 85.21 84.69 84.47 84.16 84.19 84.23 84.23 84.29 84.27 84.55 84.43 84.65 84.74 84.82 84.99 85.10 85.12 84.86 84.78 84.53 84.30 84.11 83.95 83.87 83.98 83.99 84.08 84.14 84.17 84.26 84.24 84.26 84.28 84.19 84.54 84.49 84.58 84.61 84.74 84.75 84.20 84.62
15°N ||     84.87 85.01 85.02 85.22 85.16 85.07 85.25 85.38 85.40 85.44 85.49 85.57 85.53 85.48 85.46 85.26 84.73 84.38 84.14 84.13 83.81 81.41 76.96 76.37 78.82 83.16 82.93 82.86 82.66 82.25 82.18 82.08 82.11 82.19 82.28 82.39 82.41 81.27 79.27 79.66 80.96 81.59 81.99 82.22 82.61 83.10 83.26 83.43 83.56 83.64 83.78 83.86 83.89 83.60 83.60 83.60 83.66 83.73 83.78 83.79 83.82 83.82 83.80 83.96 84.41 84.68 84.89 85.04 85.07 85.54 85.80 85.64 85.24 84.94 85.30 84.84 84.83 84.49 84.36 84.30 84.50 84.17 83.93 84.91 84.18 84.13 84.16 84.12 84.13 84.13 84.49 84.18 84.04 83.99 84.03 83.92 83.94 83.97 83.99 84.04 83.97 83.96 83.74 83.70 83.75 83.76 83.67 84.00 83.87 83.36 83.53 83.56 83.59 83.62 83.33 83.28 83.13 83.01 83.09 83.09 82.95 83.03 82.90 82.96 83.04 83.19 83.43 83.86 84.36 85.83 85.85 85.74 85.84 85.74 85.66 85.62 85.55 85.50 85.28 84.85 84.62 84.51 84.41 84.38 84.36 84.39 84.47 84.59 84.86 84.93 85.05 85.15 85.16 85.23 85.24 85.18 84.86 84.50 84.17 83.96 83.81 83.70 83.58 83.70 83.79 84.00 84.09 84.15 84.16 84.20 84.23 84.25 84.36 84.47 84.52 84.63 84.63 84.83 84.42 85.48
17°N ||     84.98 85.11 85.15 85.26 84.80 85.25 85.28 85.37 85.50 85.53 85.60 85.65 85.66 85.63 85.66 84.94 84.54 84.49 84.24 84.26 83.44 76.00 72.04 70.78 73.85 80.90 82.90 82.88 83.07 82.69 82.44 82.20 82.15 82.22 82.30 82.40 82.43 82.24 81.21 81.09 81.57 81.79 82.06 82.30 82.67 83.12 83.34 83.50 83.60 83.68 83.74 83.89 83.87 83.49 83.53 83.67 83.70 83.75 83.78 83.81 83.84 83.90 84.00 84.28 84.48 84.93 85.14 85.37 85.63 85.68 85.49 85.66 85.55 85.32 85.40 85.04 84.64 84.69 84.57 84.30 84.21 84.05 84.28 84.73 84.12 84.16 84.17 85.25 84.18 84.33 84.16 84.14 84.03 83.99 84.04 84.09 84.05 84.05 84.05 84.12 84.11 84.04 83.88 83.83 83.95 83.93 83.93 83.91 83.63 83.50 83.61 83.63 83.54 83.45 83.41 83.36 83.20 82.74 83.02 83.11 83.15 83.14 83.11 83.16 83.22 83.34 83.76 83.93 84.44 85.65 85.80 85.81 85.76 85.69 85.66 85.65 85.58 85.44 85.31 85.11 84.89 84.98 84.82 84.82 84.80 84.97 85.01 85.10 85.21 85.29 85.36 85.35 85.35 85.44 85.38 85.35 85.10 84.48 84.18 83.85 83.65 83.42 83.24 83.25 83.48 83.89 84.03 84.06 84.06 84.12 84.19 84.28 84.38 84.46 84.45 84.58 84.88 84.86 84.76 85.06
19°N ||     84.99 85.15 85.28 85.32 85.37 85.28 85.31 85.43 85.57 85.62 85.68 85.75 85.76 85.76 85.77 85.06 84.60 84.37 84.01 84.15 83.73 76.08 72.11 71.18 73.36 81.15 83.12 83.23 83.27 83.17 82.73 82.32 82.09 82.04 82.06 82.32 82.46 82.45 82.03 81.88 81.96 82.03 82.11 82.29 82.55 82.98 83.39 83.53 83.65 83.69 83.74 83.91 83.79 83.83 83.49 83.61 83.71 83.74 83.80 83.81 83.89 83.90 84.11 84.47 84.88 85.20 85.56 85.66 85.87 85.87 85.98 85.84 85.78 85.65 85.55 85.04 84.90 84.93 85.29 84.39 84.26 84.18 84.32 84.26 85.20 84.10 84.14 84.05 84.15 84.18 84.19 84.20 84.42 84.11 84.09 84.14 84.10 84.10 84.09 84.12 84.13 83.98 84.61 83.98 84.05 83.84 83.75 83.90 83.74 83.70 83.63 83.56 83.43 83.40 83.42 83.57 83.10 83.23 83.09 83.31 83.43 83.55 83.18 83.22 83.28 83.41 83.71 83.61 84.16 84.80 85.43 85.74 85.67 85.65 85.62 85.56 85.55 85.51 85.42 85.34 85.33 85.33 85.46 85.36 85.39 85.37 85.49 85.51 85.53 85.61 85.66 85.59 85.71 85.64 85.61 85.43 85.20 84.49 84.05 83.74 83.33 83.02 82.92 83.12 83.15 82.42 83.89 83.97 84.02 84.08 84.16 84.27 84.38 84.47 84.52 84.75 84.48 84.99 84.93 85.06
21°N ||     85.41 85.29 85.27 85.46 85.57 85.56 85.52 85.61 85.72 85.74 85.82 85.83 85.85 85.85 85.83 85.06 84.62 84.12 84.02 84.22 84.05 78.14 75.76 74.82 76.75 82.76 83.45 83.45 83.40 83.23 82.92 82.49 82.07 81.85 81.68 81.60 82.41 82.44 82.29 82.16 82.13 82.14 82.19 82.31 82.54 82.96 83.43 83.52 83.59 83.67 83.67 83.82 83.93 84.00 83.55 83.61 83.64 83.72 83.74 83.83 83.89 83.92 84.25 84.52 84.94 85.71 85.81 85.87 85.99 86.01 86.01 85.96 85.78 85.80 85.67 85.30 85.19 85.23 84.80 84.40 84.45 84.72 84.35 84.26 84.10 84.35 84.48 84.16 84.19 84.24 84.18 84.18 84.13 84.11 84.20 84.16 84.12 84.14 84.13 84.13 84.18 84.01 83.92 84.07 83.86 83.93 84.06 83.55 83.76 83.93 83.54 83.42 83.41 83.46 83.46 83.58 83.31 83.32 82.62 83.49 83.53 83.51 83.04 83.16 83.37 83.41 83.67 83.57 83.82 84.08 84.66 84.85 85.28 85.39 85.38 85.55 85.54 85.54 85.55 85.53 85.57 85.69 85.69 85.71 85.75 85.73 85.81 85.85 85.86 85.80 85.86 85.81 85.83 85.72 85.75 85.73 85.49 84.59 84.00 83.53 82.93 82.76 82.68 82.66 83.03 83.46 83.76 83.87 83.96 84.06 84.18 84.27 84.37 84.45 84.65 84.71 84.52 85.07 85.07 85.17
23°N ||     85.39 85.44 85.49 85.58 85.64 85.72 85.76 85.83 85.87 85.87 85.90 85.90 85.90 85.88 85.87 85.11 84.43 84.06 84.20 84.34 84.36 82.82 80.95 80.39 83.10 83.80 83.62 83.57 83.47 83.16 82.84 82.50 82.15 81.74 81.50 81.42 82.16 82.44 82.38 82.15 82.15 81.95 82.20 82.36 82.38 83.10 83.27 83.43 83.49 83.59 83.64 83.70 83.81 83.96 83.83 83.68 84.05 84.65 84.46 84.02 83.93 83.83 84.28 84.56 85.03 85.69 85.94 86.01 86.12 86.16 86.08 86.15 85.82 86.08 85.93 85.65 85.57 85.60 85.48 84.85 84.46 84.21 84.10 84.22 84.15 84.24 84.23 84.23 84.22 84.13 84.25 84.28 84.23 84.17 84.28 84.30 84.42 84.05 84.23 84.21 84.14 84.04 83.94 84.03 84.04 84.01 84.00 83.89 83.74 83.83 83.69 83.52 83.53 83.42 83.40 83.44 83.52 83.31 82.79 83.45 83.52 83.39 83.90 83.71 83.35 83.32 83.50 83.63 83.69 83.91 84.10 84.28 84.51 84.80 85.15 85.43 85.55 85.62 85.70 85.74 85.76 85.95 85.86 86.01 86.08 86.14 86.19 86.14 86.28 86.19 86.20 86.14 86.09 86.08 86.11 85.97 85.87 84.77 83.98 83.46 83.03 82.69 82.54 81.00 81.82 83.07 83.60 83.82 83.97 84.06 84.19 84.29 84.43 84.58 84.81 84.68 84.98 85.08 84.82 85.33
25°N ||     85.50 85.54 85.51 85.71 85.82 85.82 85.89 85.89 85.90 85.93 85.95 85.93 85.92 85.91 85.89 85.20 84.32 84.15 84.20 84.11 84.38 84.30 84.28 84.26 84.07 83.87 83.50 83.62 83.36 83.03 82.65 82.40 82.00 81.65 81.43 80.94 81.00 82.35 82.43 82.13 82.23 82.14 82.24 81.49 82.63 83.11 83.34 83.41 83.45 83.51 83.40 83.60 83.62 84.03 83.62 83.65 83.69 83.67 84.12 84.96 85.17 84.11 84.47 85.29 85.68 86.01 86.12 86.13 86.20 86.26 86.24 86.19 86.13 86.04 85.76 85.87 85.83 85.91 86.04 85.26 84.91 84.34 84.26 84.40 84.51 84.28 84.33 84.28 84.29 84.17 84.24 84.39 84.27 84.28 84.29 84.66 84.34 84.25 84.19 84.24 84.02 84.04 84.11 84.04 83.99 84.17 84.10 83.86 83.98 83.92 83.71 83.82 83.78 83.75 83.94 83.48 83.61 83.10 83.27 82.91 83.20 83.15 83.16 83.35 83.37 83.44 83.39 83.33 83.72 83.61 84.03 84.35 84.33 84.57 85.22 85.54 85.65 85.85 85.92 85.98 86.10 86.17 86.25 86.36 86.49 86.61 86.68 86.70 86.69 86.61 86.53 86.48 86.48 86.40 86.30 86.20 86.02 85.77 84.23 83.69 82.97 82.65 81.06 74.56 80.75 82.97 83.62 83.86 83.97 84.09 84.30 84.27 84.49 84.67 84.97 85.01 85.13 85.10 85.33 85.40
27°N ||     85.67 85.73 85.75 85.73 85.93 85.83 86.00 86.02 86.01 86.00 85.99 85.97 85.95 85.93 85.92 85.40 84.43 84.17 84.21 84.18 84.15 84.20 83.92 84.01 84.03 83.92 83.80 83.44 83.18 82.92 82.54 82.24 81.93 81.57 80.96 80.87 81.18 82.49 82.66 82.30 82.44 82.42 82.45 81.48 82.31 83.09 83.29 83.36 83.41 83.30 83.15 83.23 83.65 83.82 83.99 84.12 84.07 84.26 84.34 85.00 84.62 84.02 85.65 85.83 85.98 86.07 86.07 86.17 86.29 86.32 86.10 86.26 86.27 86.17 85.91 86.20 85.99 86.07 86.15 86.11 85.23 84.93 84.70 84.57 84.61 84.39 84.29 84.24 84.29 84.30 84.35 84.35 84.30 84.27 84.34 84.24 84.41 84.33 84.13 84.03 84.47 83.98 84.10 84.11 83.84 84.28 83.66 83.92 83.98 83.87 83.85 83.90 83.87 83.82 83.77 83.84 83.77 84.05 83.58 83.39 83.55 83.88 83.33 83.51 83.53 83.18 82.98 83.50 83.82 83.64 84.06 84.19 84.45 85.04 85.50 85.76 85.99 86.01 86.11 86.23 86.33 86.49 86.60 86.80 86.97 87.01 87.07 87.01 87.01 86.91 86.84 86.84 86.70 86.56 86.40 86.28 86.10 85.88 85.07 83.80 83.25 82.79 82.08 81.40 82.09 83.44 83.81 83.94 84.02 84.13 84.18 84.47 84.65 84.83 85.07 85.24 85.23 85.29 85.44 85.58
29°N ||     85.85 85.89 85.96 86.01 86.08 86.06 86.10 86.12 86.11 86.07 86.07 86.06 86.02 85.84 85.98 85.92 85.22 84.34 84.11 84.13 84.14 84.18 83.90 83.85 84.12 83.98 83.61 83.36 83.10 82.78 82.46 82.14 81.91 81.53 80.39 80.76 81.70 82.50 82.61 82.44 82.68 82.72 82.69 82.77 82.94 83.10 83.30 83.39 83.38 83.09 83.16 83.34 83.36 83.84 83.88 83.95 83.96 84.20 84.28 84.55 84.51 84.91 85.50 85.23 84.90 85.88 85.99 86.14 86.30 86.38 86.31 86.42 86.37 86.42 86.38 86.32 86.21 86.26 86.33 86.36 86.31 85.41 85.11 84.85 84.95 84.48 84.35 86.72 84.37 84.32 84.40 84.59 84.37 84.47 84.26 84.28 84.36 84.36 84.16 84.16 84.07 84.18 84.09 84.12 83.98 83.90 83.76 83.85 83.89 83.75 83.88 83.86 83.98 84.14 84.10 84.09 83.88 83.61 83.56 83.52 83.66 83.49 83.40 83.48 83.29 83.58 84.02 84.17 84.14 84.26 84.35 84.62 85.23 85.45 85.69 86.01 86.10 86.25 86.42 86.59 86.75 86.90 87.11 87.25 87.33 87.47 87.42 87.25 87.34 87.20 87.13 86.99 86.85 86.66 86.55 86.46 86.29 86.14 85.59 84.25 83.79 83.43 83.02 82.98 83.36 83.85 83.97 84.03 84.09 84.17 84.47 84.59 84.86 85.09 85.31 85.48 85.50 85.52 85.72 85.80
31°N ||     86.10 86.03 86.14 86.15 86.16 86.15 86.18 86.22 86.22 86.17 86.14 86.14 86.13 86.09 86.06 86.02 85.60 84.98 84.66 84.60 84.39 84.31 84.12 84.09 84.22 83.69 83.51 83.31 82.96 82.71 82.39 82.29 81.82 81.56 81.10 81.14 81.71 82.53 82.56 82.56 82.74 82.84 82.96 82.96 83.06 83.17 83.28 83.41 83.34 82.91 83.33 83.41 83.45 83.60 83.67 83.76 83.88 83.92 84.03 84.43 84.34 84.80 85.05 85.29 85.65 85.70 85.96 86.09 86.15 86.39 86.44 86.43 86.50 86.59 86.54 86.67 86.37 86.44 86.52 86.42 86.39 86.24 85.71 86.02 85.37 85.01 84.52 84.32 84.51 84.54 84.60 84.46 84.37 84.34 84.73 84.44 84.28 84.17 84.13 84.27 84.06 84.08 84.16 84.16 84.04 84.00 83.82 83.83 83.90 83.82 83.79 83.77 83.98 84.08 84.04 84.04 83.82 83.62 83.73 83.75 83.71 84.02 83.54 83.45 83.70 83.60 83.84 84.26 84.19 84.36 84.60 85.15 85.31 85.67 85.89 86.09 86.29 86.51 86.79 86.98 87.12 87.29 87.68 87.53 87.67 87.75 87.70 87.62 87.55 87.42 87.24 87.13 87.22 86.85 86.83 86.70 86.54 86.39 85.98 85.41 84.31 84.05 83.93 83.91 83.76 83.51 84.12 84.12 84.17 84.24 84.07 85.85 85.21 84.45 85.62 85.20 85.77 85.81 85.84 86.03
33°N ||     86.28 85.68 86.17 86.18 86.26 86.24 86.24 86.28 86.25 86.26 86.24 86.25 86.23 86.19 86.22 86.18 86.11 85.69 84.94 84.27 84.37 84.35 84.41 84.32 83.87 83.58 83.43 83.21 83.02 82.53 82.25 82.00 81.60 81.24 80.93 81.03 81.61 82.40 82.67 82.75 82.87 82.99 83.05 83.10 83.00 83.14 83.13 83.02 83.00 83.10 83.33 83.49 83.51 83.47 83.64 83.82 83.91 83.95 83.93 83.97 83.95 83.96 84.27 85.27 85.27 85.95 86.09 86.15 86.21 86.38 86.52 86.73 86.74 86.74 86.69 86.84 86.76 86.78 86.76 86.53 86.69 86.65 86.37 85.96 85.59 85.13 84.72 84.49 84.81 84.61 84.57 84.25 84.46 84.44 84.50 84.28 84.36 84.17 84.31 84.39 84.01 83.99 84.11 83.93 84.31 83.86 83.91 83.78 83.89 83.66 83.54 83.68 83.89 83.97 83.91 83.78 83.77 83.85 83.74 83.99 83.94 84.00 83.96 83.67 83.82 84.07 84.11 84.30 84.45 84.87 85.05 85.41 85.61 85.85 86.07 86.30 86.55 86.88 87.09 87.23 87.46 87.58 87.73 87.84 88.04 87.85 87.78 87.74 87.67 87.35 87.45 87.36 87.22 87.02 86.83 86.98 86.90 86.72 86.54 86.35 86.04 85.66 85.45 84.98 84.73 84.15 84.53 84.32 84.28 84.39 84.45 85.17 85.53 85.64 85.83 85.93 85.98 86.10 86.17 86.24
35°N ||     86.42 86.33 86.33 86.28 86.32 86.30 86.32 86.32 86.30 86.32 86.34 86.32 86.30 86.26 86.30 86.22 86.27 86.16 85.64 83.87 84.20 84.35 84.23 83.95 83.46 83.58 83.41 83.19 82.85 82.37 81.90 81.34 80.77 80.49 80.31 80.24 80.67 81.31 82.34 82.86 83.02 83.09 83.14 83.12 82.54 82.74 83.22 83.34 83.14 83.05 83.32 83.24 83.13 83.25 83.54 83.82 83.93 83.99 84.00 84.03 84.04 84.01 84.23 85.25 85.83 86.01 86.13 86.13 86.28 86.41 86.48 86.79 86.69 86.85 86.88 87.01 86.98 87.10 86.97 86.85 86.80 86.71 86.73 85.94 85.69 85.28 85.13 84.97 84.75 84.86 84.33 84.37 84.41 84.76 84.90 84.25 84.40 84.23 84.33 84.21 84.24 84.17 84.14 84.09 84.07 83.92 83.83 84.11 83.81 83.57 83.92 83.63 83.67 83.61 83.55 83.51 83.66 83.75 83.81 84.08 84.11 84.06 84.43 84.28 84.19 84.47 84.38 84.48 84.78 85.04 85.34 85.63 85.78 86.03 86.20 86.51 86.77 87.09 87.34 87.54 87.63 87.75 87.99 88.12 88.21 88.17 88.03 88.00 87.79 87.75 87.59 87.20 87.39 87.20 87.15 87.11 87.00 86.85 86.83 86.67 86.56 86.31 86.22 86.14 85.88 85.72 85.33 84.78 84.55 84.61 84.64 85.04 85.12 85.79 85.90 86.00 86.12 86.31 86.41 86.45
37°N ||     86.56 86.39 86.40 86.30 86.40 86.36 86.40 86.39 86.35 86.37 86.38 86.39 86.37 86.32 86.27 86.24 86.20 86.10 86.04 84.24 84.23 84.16 84.02 83.84 83.56 83.60 83.43 83.20 82.89 82.10 81.10 80.34 79.57 79.09 79.08 79.47 79.86 79.98 80.98 82.20 82.94 83.21 83.25 83.23 83.15 83.02 83.12 83.22 83.32 83.53 83.11 83.01 82.88 82.72 83.19 83.62 83.90 83.97 83.99 83.98 84.03 83.99 84.46 85.39 85.82 86.00 86.12 86.21 86.29 86.50 86.56 86.72 86.79 86.98 87.03 87.18 87.31 87.26 87.25 87.09 87.14 87.06 86.93 86.85 86.54 86.33 86.24 86.00 85.57 86.02 84.75 84.56 84.37 84.35 84.54 84.36 84.57 84.79 84.26 84.67 84.31 84.48 84.22 84.77 84.30 84.31 84.06 83.94 83.86 83.70 83.62 83.57 83.56 83.44 83.45 83.44 83.55 83.86 84.47 84.28 84.19 84.06 84.16 84.09 84.39 84.51 84.57 84.63 85.10 85.29 85.56 85.84 86.00 86.16 86.51 86.77 86.93 87.26 87.47 87.76 87.89 88.09 88.27 88.30 88.36 88.40 88.33 88.17 88.13 87.93 87.84 87.74 87.65 87.45 87.60 87.53 87.28 87.03 87.03 86.81 86.61 86.50 86.21 86.10 85.83 85.74 85.44 85.14 84.92 84.89 84.82 85.16 85.04 85.94 85.99 86.10 86.33 86.36 86.47 86.48
39°N ||     86.50 86.46 86.48 86.40 86.02 86.43 86.44 86.20 86.43 86.41 86.38 86.39 86.32 86.31 86.27 86.22 86.21 86.24 86.01 85.48 84.05 83.98 84.17 83.88 83.88 83.65 83.52 83.33 82.74 81.50 80.18 79.01 78.24 78.14 77.77 78.03 79.34 79.57 80.03 81.30 82.63 83.23 83.34 83.31 83.09 83.17 83.03 82.26 83.17 83.21 83.18 83.03 82.72 82.44 82.77 83.32 83.73 83.86 83.94 83.92 84.13 84.16 84.18 84.86 85.85 86.08 86.13 86.19 86.38 86.53 86.71 86.87 86.89 87.13 87.25 87.33 87.39 87.45 87.46 87.58 87.25 87.25 87.19 87.12 86.93 86.39 86.56 86.27 85.79 85.71 85.48 84.93 84.91 84.83 84.75 84.46 84.35 84.31 84.76 84.57 84.78 85.73 84.75 84.20 84.86 84.15 84.08 84.05 83.96 83.98 83.83 83.60 84.12 83.50 83.53 83.75 83.63 83.77 84.43 84.40 84.43 84.40 84.44 84.57 84.61 84.71 84.84 85.10 85.25 85.54 85.77 86.02 86.09 86.43 86.64 86.94 87.14 87.33 87.67 87.74 88.21 88.39 88.45 88.46 88.47 88.50 88.39 88.36 88.23 88.32 88.07 88.01 87.82 87.78 87.71 87.64 87.52 87.19 86.84 86.91 86.68 86.54 86.33 86.10 85.83 85.81 85.61 85.44 85.33 85.19 85.06 84.66 84.12 86.00 86.06 86.09 86.32 86.46 86.52 86.46
41°N ||     86.49 86.51 86.54 86.51 86.48 86.45 86.41 86.45 86.42 86.41 86.41 86.43 86.37 86.40 86.28 86.31 86.22 85.96 85.82 85.47 84.88 84.46 84.21 84.09 83.93 83.79 83.67 83.36 82.65 81.23 79.72 78.79 78.45 78.36 77.55 77.97 79.10 79.70 80.31 81.61 82.77 83.28 83.35 83.32 82.73 83.22 83.07 82.76 83.02 82.92 82.93 82.79 82.77 82.88 83.07 83.21 83.57 83.84 83.85 83.82 83.99 84.16 84.17 84.69 85.62 86.17 86.25 86.15 86.43 86.61 86.74 86.96 87.07 87.22 87.38 87.50 87.56 87.60 87.62 87.60 87.55 87.52 87.40 87.63 87.58 87.08 86.79 86.69 86.33 86.37 85.69 86.23 85.82 85.44 85.55 84.91 84.63 85.23 84.42 84.91 85.91 85.91 85.82 84.47 84.70 84.04 84.00 84.17 84.19 84.09 83.98 84.09 85.19 84.39 83.92 84.05 84.64 83.93 84.52 84.40 84.47 84.45 84.80 84.87 85.03 84.92 85.15 85.21 85.54 85.84 85.96 86.05 86.26 86.49 86.88 87.11 87.37 87.51 87.94 88.12 88.25 88.50 88.53 88.52 88.51 88.46 88.50 88.45 88.40 88.27 88.18 88.22 88.19 88.03 87.87 87.70 87.55 87.43 87.22 87.01 86.76 86.51 86.36 86.16 85.89 85.89 85.79 85.66 85.65 85.38 84.47 84.77 84.50 85.83 86.03 86.21 86.25 86.45 86.44 86.53
43°N ||     86.50 86.57 86.57 86.53 86.50 86.49 86.46 86.44 86.44 86.45 86.43 86.51 86.45 86.46 86.34 86.30 86.15 85.97 85.61 85.12 84.74 84.45 84.26 84.13 84.01 83.91 83.76 83.60 83.09 82.13 80.76 79.62 79.06 78.89 78.77 78.91 79.54 79.96 81.85 82.93 83.40 83.52 83.42 83.39 83.41 82.98 83.23 82.60 82.93 82.95 82.86 82.98 82.37 82.88 83.34 83.24 83.38 83.72 83.86 84.04 84.02 84.04 84.17 84.70 85.58 86.22 86.41 86.47 86.58 86.72 86.97 87.09 87.34 87.42 87.85 87.56 87.69 87.61 87.72 87.73 87.68 87.66 87.47 87.51 87.57 87.23 87.12 86.77 86.67 86.71 86.53 86.41 86.39 86.18 85.86 85.34 85.11 84.92 85.59 85.76 86.02 85.87 85.13 85.71 85.11 85.65 85.39 85.61 84.02 83.98 83.89 84.56 83.98 83.83 84.73 84.80 84.61 84.47 84.55 84.68 84.74 84.75 85.27 85.66 85.21 85.20 85.27 85.65 85.87 85.97 85.90 86.25 86.28 86.60 86.91 87.27 87.49 87.55 87.92 88.18 88.38 88.49 88.44 88.26 88.52 88.45 88.40 88.29 88.45 88.13 88.19 88.15 88.05 88.00 88.01 87.82 87.63 87.55 87.12 87.01 86.75 86.50 86.21 86.12 86.00 85.90 85.76 85.82 85.79 85.49 85.06 84.73 84.29 85.72 86.18 86.18 86.41 86.44 86.52 86.59
45°N ||     86.65 86.64 86.58 86.58 86.57 86.53 86.51 86.46 86.44 86.50 86.50 86.44 86.43 86.38 86.35 86.20 86.00 85.73 85.38 85.04 84.67 84.42 84.27 84.18 84.12 84.04 83.94 83.80 83.53 83.00 82.48 82.03 81.87 80.21 79.47 79.28 80.00 81.54 82.55 83.23 83.51 83.62 83.62 83.68 83.75 83.83 83.86 83.70 83.15 82.78 82.33 82.76 83.33 83.27 83.25 83.43 83.86 83.75 83.85 84.07 84.15 84.35 84.56 85.00 85.59 86.29 86.36 86.59 86.74 86.92 87.02 87.31 87.42 87.57 87.55 87.78 87.76 87.77 87.91 87.92 87.71 87.78 87.71 87.66 87.55 87.46 87.16 87.25 87.09 86.80 86.75 86.89 86.56 86.39 86.34 86.23 85.74 85.47 85.98 85.95 85.43 85.06 84.78 85.78 85.09 85.65 85.72 85.75 85.12 84.54 84.20 84.71 84.50 84.36 84.79 84.53 84.35 84.74 84.80 84.93 84.87 85.16 85.30 85.53 85.53 85.65 85.70 85.74 85.96 86.05 86.18 86.22 86.55 86.70 87.16 87.39 87.62 87.86 87.97 88.18 88.34 88.51 88.50 88.52 88.48 88.35 88.40 88.42 88.38 88.35 88.21 88.30 88.22 87.91 88.02 87.96 87.75 87.46 87.01 86.82 86.69 86.35 86.17 86.08 86.05 85.98 85.97 85.96 85.94 85.82 85.62 85.19 84.53 85.91 85.92 86.02 86.30 86.56 86.56 86.64
47°N ||     86.66 86.64 86.63 86.55 86.55 86.54 86.50 86.52 86.43 86.56 86.53 86.47 86.47 86.36 86.20 86.15 85.82 85.60 85.32 85.03 84.66 84.50 84.38 84.31 84.23 84.16 84.06 84.01 83.90 83.75 83.58 83.50 83.51 83.49 82.72 82.53 83.10 83.34 83.40 83.44 83.56 83.63 83.61 83.66 83.76 83.85 83.85 83.82 82.99 82.75 83.18 83.47 83.87 83.67 83.73 84.02 83.87 84.54 83.85 84.01 84.19 84.46 84.96 85.60 86.09 86.38 86.54 86.65 86.97 87.04 87.28 87.42 87.49 87.61 87.66 87.62 87.49 87.28 87.86 87.89 87.82 87.90 87.78 87.76 87.63 87.57 87.54 87.45 87.31 87.17 87.03 86.98 86.92 86.80 86.47 86.54 86.30 86.15 86.15 86.20 86.04 85.93 86.21 85.85 85.49 85.80 85.34 85.37 85.68 85.14 84.70 85.02 85.07 85.23 85.28 84.46 84.80 84.96 85.07 85.30 85.31 85.43 85.67 85.51 85.79 85.81 85.82 85.88 86.04 86.11 86.36 86.44 86.67 86.85 87.69 87.74 87.62 87.78 87.97 88.13 88.30 88.47 88.47 88.41 88.42 88.38 88.34 88.34 88.21 88.37 88.32 88.28 88.12 88.11 88.11 87.86 87.61 87.32 87.09 86.04 86.25 86.56 86.31 86.26 86.18 86.11 86.12 86.03 86.06 86.00 85.93 85.68 85.76 85.85 85.97 86.25 86.30 86.50 86.56 86.67
49°N ||     86.69 86.65 86.64 86.57 86.62 86.61 86.58 86.57 86.52 86.53 86.57 86.47 86.44 86.28 86.11 85.95 85.69 85.52 85.32 85.06 84.81 84.69 84.53 84.41 84.28 84.22 84.18 84.12 84.08 84.03 83.98 83.93 83.88 83.85 83.79 83.82 83.84 83.83 83.70 83.62 83.60 83.69 83.67 83.52 83.62 83.72 83.73 83.72 84.01 83.17 84.63 84.97 85.20 84.69 84.58 84.02 84.04 84.06 84.73 84.07 84.41 84.84 85.49 85.96 86.08 86.52 86.74 86.96 87.00 87.31 87.31 87.43 87.57 87.60 87.63 87.65 87.72 87.85 87.93 87.92 87.93 87.85 87.84 87.78 87.75 87.66 87.65 87.45 87.39 87.33 87.24 87.09 86.88 86.77 86.66 86.68 86.49 86.53 86.53 86.44 86.09 86.30 85.89 86.03 89.28 86.59 85.46 85.92 85.76 85.37 85.22 85.39 85.29 85.24 84.99 85.42 85.34 85.45 85.55 85.48 85.50 85.59 85.77 85.75 85.75 85.86 85.82 85.96 86.05 86.21 86.42 86.60 86.80 87.03 87.52 87.65 87.57 87.81 87.82 88.07 88.19 88.29 88.38 88.37 88.32 88.34 88.31 88.31 88.23 88.08 88.31 88.16 88.00 87.90 87.91 87.61 87.46 87.18 87.07 86.11 85.92 86.61 86.42 86.36 86.33 86.26 86.29 86.23 86.11 86.17 86.06 86.07 85.40 85.73 86.38 86.31 86.29 86.60 86.78 86.61
51°N ||     86.68 86.69 86.62 86.63 86.65 86.66 86.54 86.52 86.56 86.54 86.47 86.36 86.28 86.17 86.01 85.83 85.60 85.37 85.21 85.03 84.68 84.73 84.59 84.42 84.37 84.30 84.24 84.20 84.15 84.13 84.08 84.03 83.98 83.95 83.96 83.97 83.92 83.90 83.81 83.72 83.68 83.69 83.72 83.75 83.69 83.80 83.93 84.09 84.46 84.71 84.95 85.15 85.42 85.57 85.60 85.03 84.18 84.10 84.23 84.71 85.03 85.55 85.88 86.40 86.42 86.64 86.81 87.04 87.21 87.32 87.50 87.62 87.70 87.69 87.76 87.80 87.82 87.68 88.08 88.19 87.88 87.87 87.94 87.56 87.81 87.71 87.53 87.49 87.57 87.41 87.39 87.28 87.13 87.00 86.90 86.82 86.71 86.45 86.71 86.51 86.50 86.49 85.91 88.40 88.98 86.38 85.12 85.94 85.83 85.64 85.65 85.62 85.60 85.66 85.82 85.62 85.69 85.65 85.76 85.79 85.75 85.84 85.78 85.80 85.87 85.89 85.82 85.99 86.08 86.18 86.33 86.57 86.82 87.01 87.26 87.29 87.59 87.69 87.90 88.00 88.11 88.19 88.33 88.29 88.33 88.31 88.20 88.29 88.26 88.18 88.14 87.99 87.99 87.72 87.41 87.49 87.34 87.16 87.03 86.93 86.76 86.67 86.58 86.45 86.41 86.41 86.31 86.35 86.25 86.21 86.17 86.20 86.04 86.34 86.34 86.20 86.33 86.60 86.76 86.74
53°N ||     86.64 86.60 86.68 86.69 86.67 86.64 86.59 86.52 86.48 86.36 86.40 86.33 86.18 86.05 85.87 85.62 85.28 85.33 85.25 85.08 84.94 84.85 84.68 84.58 84.46 84.40 84.33 84.26 84.23 84.18 84.14 84.12 84.07 84.05 84.07 84.06 84.06 84.00 83.90 83.83 83.78 83.77 83.81 83.84 83.93 84.05 84.13 84.28 84.49 84.82 85.12 85.30 85.45 85.60 85.72 85.85 84.77 85.13 84.49 85.49 86.19 86.34 86.48 86.56 86.69 86.87 87.13 87.25 87.38 87.44 87.67 87.73 87.75 87.78 87.84 87.92 87.93 87.87 87.99 87.93 87.84 87.94 87.87 87.94 87.82 88.00 87.91 87.66 87.63 87.43 87.47 87.38 87.22 87.17 86.99 86.86 86.92 87.21 86.73 86.70 86.48 86.49 86.33 86.18 85.77 85.83 85.78 86.10 85.91 86.00 85.89 85.90 85.79 85.90 85.88 85.84 85.96 86.05 85.90 86.00 85.91 85.87 85.74 85.82 85.87 85.80 85.79 85.95 86.03 86.10 86.35 86.56 86.74 86.90 86.88 87.14 87.30 87.52 87.56 87.69 87.73 87.87 87.89 88.03 88.07 88.09 88.01 88.03 87.86 87.88 87.90 87.89 87.64 87.44 87.35 87.19 87.27 87.10 87.00 86.88 86.78 86.65 86.57 86.52 86.48 86.42 86.46 86.42 86.10 86.22 86.14 86.28 86.23 86.22 86.27 86.46 86.63 86.63 86.72 86.74
55°N ||     86.75 86.72 86.63 86.52 86.57 86.39 86.45 86.49 86.43 86.37 86.35 86.22 86.16 85.99 85.94 85.65 87.74 85.20 85.31 85.21 85.09 84.95 84.85 84.80 84.63 84.51 84.42 84.34 84.28 84.25 84.21 84.21 84.17 84.19 84.17 84.19 84.14 84.11 84.08 84.01 83.95 83.94 83.91 83.93 84.00 84.12 84.27 85.19 85.00 85.28 85.38 85.40 85.80 85.61 85.76 85.94 86.09 86.15 86.38 86.50 86.61 86.72 86.95 87.03 87.18 87.30 87.34 87.46 87.51 87.61 87.75 87.79 87.81 87.88 87.92 87.86 87.90 87.90 87.97 88.08 87.83 87.88 87.93 87.86 88.00 87.84 87.67 87.66 87.50 87.53 87.48 87.45 87.32 87.20 86.97 86.96 86.94 86.93 86.83 86.72 86.66 86.57 86.41 86.43 86.38 86.22 86.12 86.13 86.14 86.06 86.06 86.07 85.99 86.11 86.01 86.12 86.25 86.20 86.19 86.13 85.96 85.92 85.84 85.81 85.72 85.74 85.94 86.04 86.04 86.10 86.28 86.47 86.60 86.63 86.80 86.99 87.12 87.26 87.27 87.36 87.43 87.52 87.56 87.68 87.73 87.66 87.69 87.70 87.40 87.44 87.57 87.42 87.40 87.21 87.11 87.21 86.93 87.06 86.99 86.71 86.61 86.59 86.55 86.56 86.43 86.45 86.39 86.28 86.22 86.30 86.32 86.09 86.15 86.13 86.34 86.51 86.60 86.71 86.78 86.82
57°N ||     86.71 86.71 86.66 86.60 86.64 86.51 86.42 86.38 86.37 86.39 86.24 86.14 86.15 85.99 85.89 85.85 85.38 85.46 85.32 85.31 85.21 85.13 85.01 84.90 84.83 84.73 84.59 84.48 84.48 84.39 84.37 84.34 84.32 84.33 84.31 84.32 84.30 84.27 84.25 84.14 84.12 84.07 84.06 84.07 84.13 84.27 84.47 84.71 85.09 85.24 85.38 85.47 85.56 85.69 85.86 86.03 86.19 86.39 86.55 86.69 86.99 87.07 87.15 87.21 87.32 87.35 87.46 87.55 87.60 87.72 87.73 88.25 87.90 87.90 87.91 87.97 87.95 87.89 87.92 87.90 87.88 88.04 87.80 87.83 87.17 88.66 87.66 87.60 87.58 87.48 87.53 87.36 87.29 87.23 87.19 87.04 87.04 86.92 86.85 86.65 86.66 86.61 86.44 86.29 86.22 86.24 86.23 86.12 86.28 86.21 86.16 86.25 86.34 86.32 86.32 86.37 86.44 86.36 86.27 86.08 86.00 86.02 85.96 85.87 85.86 85.89 85.83 85.93 86.02 86.05 86.23 86.29 86.46 86.45 86.53 86.67 86.88 86.96 87.01 86.94 87.16 87.10 87.26 87.39 87.41 87.35 87.32 87.36 87.32 87.21 87.30 87.23 87.25 87.23 87.04 87.11 86.96 87.02 86.95 86.76 86.66 86.68 86.55 86.50 86.46 86.36 86.36 86.30 86.15 86.28 86.25 86.16 86.40 86.28 86.29 86.46 86.63 86.61 86.67 86.69
59°N ||     86.61 86.65 86.62 86.47 86.58 86.55 86.30 86.46 86.45 86.46 86.37 86.28 86.17 86.10 85.95 85.77 85.82 85.67 85.58 85.48 85.39 85.28 85.14 85.04 85.03 84.98 84.94 84.84 84.78 84.70 84.66 84.57 84.53 84.55 84.64 84.55 84.55 84.56 84.44 84.34 84.30 84.27 84.27 84.38 84.45 84.69 84.86 85.04 85.25 85.37 85.47 85.65 85.71 85.84 86.00 86.11 86.29 86.46 86.63 86.87 87.14 86.98 87.33 87.39 87.41 87.47 87.58 87.64 87.67 87.65 87.77 87.75 87.79 87.88 87.89 87.90 87.84 87.95 88.01 87.97 87.86 87.84 87.86 87.79 87.76 87.74 87.71 87.69 87.61 87.45 87.35 87.42 87.27 87.28 87.02 87.11 87.09 86.99 86.80 86.75 86.64 86.60 86.56 86.50 86.50 86.44 86.27 86.27 86.31 86.36 86.45 86.49 86.48 86.48 86.38 86.47 86.46 86.47 86.26 86.18 86.14 86.07 85.92 85.94 85.85 85.86 85.81 85.88 85.96 85.98 86.10 86.07 86.30 86.47 86.41 86.26 86.52 86.59 86.56 86.75 86.88 86.70 86.90 87.02 87.01 86.92 87.01 86.99 87.01 87.01 87.00 87.04 87.03 86.95 86.94 86.99 86.95 86.83 86.83 86.72 86.76 86.62 86.57 86.46 86.41 86.33 86.15 86.17 86.13 86.21 86.26 86.28 86.35 86.33 86.38 86.43 86.54 86.66 86.47 86.59
61°N ||     86.54 86.55 86.53 86.55 86.52 86.59 86.48 86.41 86.47 86.32 86.26 86.28 86.21 86.10 86.00 85.92 85.84 85.76 85.69 85.57 85.47 85.45 85.37 85.31 85.23 85.20 85.13 85.08 85.04 85.03 85.02 84.97 85.00 85.00 84.96 84.93 84.91 84.93 84.89 85.29 84.83 84.82 84.82 84.87 84.91 84.99 85.08 85.22 85.42 85.55 85.59 85.84 85.99 86.11 86.22 86.39 86.53 86.67 86.81 86.91 87.13 87.33 87.40 87.47 87.57 88.02 87.46 87.71 87.74 87.75 87.85 87.70 87.80 87.95 88.02 87.98 87.95 87.97 87.87 87.92 87.86 87.87 87.82 87.85 87.76 87.73 87.64 87.60 87.51 87.45 87.37 87.33 87.31 87.21 87.21 87.21 87.02 86.93 86.90 86.77 86.73 86.65 86.54 86.53 86.51 86.53 86.39 86.48 86.46 86.55 86.53 86.55 86.59 86.58 86.47 86.56 86.49 86.48 86.42 86.22 86.30 86.26 85.86 86.01 85.96 85.90 85.81 85.77 85.82 85.92 85.92 85.96 86.03 85.58 86.04 86.25 86.29 86.25 86.42 86.51 86.58 86.38 86.66 86.72 86.73 86.58 86.69 86.67 86.74 86.79 86.74 86.80 86.74 86.68 86.77 86.78 86.71 86.68 86.70 86.61 86.56 86.59 86.49 86.46 86.41 86.18 86.31 86.27 86.16 86.23 86.19 86.29 86.33 86.31 86.42 86.43 86.38 86.52 86.49 86.40
63°N ||     86.58 86.44 86.43 87.34 86.47 86.52 86.53 86.50 86.47 86.44 86.39 86.26 86.25 86.14 86.11 86.07 85.99 85.93 85.78 85.64 85.42 85.61 85.56 85.50 85.46 85.44 85.37 85.38 85.38 85.32 85.30 85.25 85.23 85.19 85.15 85.11 85.10 85.12 85.11 85.10 85.08 85.12 85.13 85.18 85.27 85.33 85.42 85.47 85.64 85.76 85.96 86.08 86.23 86.39 86.58 86.66 86.78 86.89 87.04 87.07 87.18 87.34 87.47 87.60 87.59 87.62 87.78 87.75 87.73 87.72 87.79 87.74 87.82 87.81 87.85 87.92 87.87 87.79 87.79 87.84 87.83 87.82 87.72 87.66 87.62 87.36 87.43 87.40 87.39 87.36 87.35 87.26 87.14 87.10 87.16 86.88 86.84 86.87 86.82 86.75 86.73 86.65 86.58 86.58 86.60 86.57 86.56 86.58 86.57 86.55 86.62 86.59 86.66 86.59 86.57 86.54 86.52 86.43 86.51 86.42 86.32 86.28 86.26 86.14 86.07 86.00 85.89 85.85 85.82 85.81 85.82 85.88 85.94 85.94 86.01 86.12 86.16 86.16 86.26 86.10 86.35 86.16 86.38 86.46 86.34 86.49 86.48 86.49 86.53 86.54 86.50 86.52 86.62 86.62 86.61 86.56 86.57 86.51 86.56 86.57 86.52 86.46 86.49 86.44 86.29 86.35 86.35 86.36 86.14 86.22 86.25 86.29 86.19 86.34 86.43 86.47 86.43 86.48 86.50 86.52
65°N ||     86.51 86.64 86.52 86.62 86.61 86.57 86.54 86.57 86.33 86.43 86.37 86.37 86.38 86.35 86.53 86.17 86.13 86.07 85.94 86.02 85.96 85.85 85.83 85.80 85.75 85.73 85.61 85.65 85.62 85.60 85.54 85.49 85.47 85.43 85.37 85.32 85.31 85.32 85.28 85.27 85.28 85.33 85.40 85.47 85.56 85.65 85.72 85.83 85.91 86.03 86.14 86.16 86.42 86.64 86.80 86.98 87.13 87.31 87.36 87.39 87.41 87.54 87.60 87.57 87.70 87.73 87.75 87.65 87.71 87.77 87.65 87.68 87.78 87.79 87.79 87.82 87.82 87.75 87.78 87.77 87.80 87.72 87.66 87.35 88.45 90.30 86.71 87.25 87.35 87.26 87.32 87.16 87.19 87.03 87.02 86.94 86.86 86.84 86.84 86.79 86.71 86.71 86.67 86.54 86.65 86.53 86.52 86.57 86.56 86.55 86.62 86.63 86.68 86.59 86.45 86.48 86.61 86.48 86.45 86.52 86.47 86.39 86.36 86.16 86.14 85.96 85.99 85.90 85.88 85.74 85.83 85.80 85.80 85.83 85.91 85.88 85.95 85.98 85.91 86.03 86.12 86.10 86.19 86.21 86.13 86.28 86.26 86.30 86.27 86.30 86.35 86.37 86.38 86.42 86.24 86.44 86.41 86.49 86.47 86.46 86.36 86.35 86.46 86.44 86.33 86.44 86.44 86.25 86.38 86.29 86.42 86.40 86.36 86.37 86.38 86.46 86.35 86.37 86.54 86.24
67°N ||     86.61 86.60 86.66 86.62 86.60 86.71 86.66 86.60 86.65 86.59 86.43 86.47 86.52 86.39 86.43 86.36 86.35 86.30 86.28 86.26 86.09 86.15 86.02 85.96 85.96 85.83 85.94 85.91 85.82 85.79 85.76 85.67 85.69 85.59 85.86 85.49 85.49 85.48 85.45 85.48 85.51 85.56 85.66 85.70 85.77 85.87 85.99 86.13 86.22 86.35 86.50 86.67 86.81 86.99 87.17 87.33 87.51 87.63 87.75 87.87 87.90 87.87 87.77 87.72 87.72 87.71 87.66 87.70 87.77 87.72 87.75 87.75 87.71 87.78 87.77 87.73 87.70 87.59 87.77 87.72 87.70 87.64 87.48 87.43 87.42 87.28 87.26 87.29 87.24 87.28 87.19 87.12 87.11 87.01 86.97 86.89 86.85 86.81 86.77 86.67 86.61 86.67 86.63 86.52 86.55 86.55 86.57 86.51 86.47 86.37 86.44 86.59 86.65 86.58 86.54 86.56 86.44 86.52 86.50 86.48 86.44 86.32 86.36 86.29 86.20 86.14 86.12 85.97 85.89 85.86 85.79 85.71 85.72 85.72 85.64 85.79 85.80 85.83 85.55 85.88 85.94 86.02 86.04 85.99 86.02 86.03 85.88 86.13 86.11 86.15 86.13 86.25 86.23 86.28 86.30 86.29 86.31 86.33 86.34 86.39 86.24 86.26 86.27 86.34 86.32 86.31 86.43 86.43 86.44 86.39 86.45 86.39 86.48 86.46 86.35 86.40 86.43 86.56 86.53 86.58
69°N ||     86.48 86.68 86.70 86.65 86.69 86.70 86.68 86.72 86.59 86.76 86.65 86.64 86.61 86.64 86.48 86.40 86.40 86.51 86.55 86.44 86.45 86.44 86.40 86.37 86.24 86.22 85.88 86.16 86.15 85.98 86.11 85.92 85.95 85.84 85.74 85.67 85.70 85.69 85.71 85.72 85.73 85.85 85.92 86.01 86.09 86.20 86.40 86.57 86.75 86.88 86.96 87.05 87.10 87.22 87.31 87.44 87.53 87.57 87.67 87.71 87.70 87.72 87.70 87.68 87.63 87.67 87.69 87.70 87.65 87.71 87.72 87.68 87.76 87.74 87.60 87.68 87.67 87.59 87.61 87.58 87.51 87.48 87.52 87.43 87.30 87.33 87.19 87.15 87.12 87.08 87.09 87.02 86.93 86.92 86.92 86.74 86.79 86.79 86.74 86.71 86.69 86.68 86.65 86.55 86.57 86.65 86.61 86.56 86.55 86.60 86.37 86.42 86.53 86.52 86.57 86.52 86.47 86.50 86.48 86.38 86.32 86.35 86.32 86.30 86.17 86.14 86.12 86.08 86.03 85.97 85.91 85.81 85.79 85.73 85.66 85.59 85.64 85.74 85.81 85.78 85.81 85.81 85.85 85.85 85.86 85.86 85.90 85.95 85.95 85.93 86.02 85.96 86.03 86.11 86.18 86.22 86.19 86.25 86.41 86.33 86.29 86.28 86.28 86.36 86.36 86.41 86.43 86.49 86.46 86.42 86.40 86.49 86.53 86.57 86.69 86.63 86.58 86.62 86.57 86.53
71°N ||     86.69 86.77 86.83 86.74 86.69 86.77 87.15 86.65 86.76 86.78 86.64 86.71 86.74 86.68 86.79 86.81 86.80 86.72 86.86 86.61 86.51 86.65 86.64 86.58 86.49 86.44 86.36 86.27 86.32 86.18 86.22 86.25 86.26 86.10 86.20 86.21 86.09 86.09 86.12 86.14 86.09 86.25 86.30 86.35 86.47 86.54 86.65 86.81 86.90 87.02 87.12 87.18 87.19 87.16 87.24 87.26 87.29 87.34 87.39 87.38 87.35 87.42 87.42 87.46 87.61 87.53 87.55 87.59 87.69 87.61 87.65 87.61 87.60 87.65 87.57 87.51 87.52 87.55 87.51 87.45 87.40 87.39 87.35 87.29 87.21 87.19 87.14 87.13 87.09 86.98 86.88 86.81 86.86 86.88 86.79 86.78 86.74 86.72 86.70 86.65 86.58 86.54 86.51 86.49 86.56 86.59 86.57 86.51 86.53 86.52 86.58 86.51 86.48 86.49 86.42 86.48 86.41 86.38 86.29 86.37 86.23 86.31 86.28 86.16 86.17 86.15 86.12 86.12 86.06 85.98 85.93 85.94 85.88 85.84 85.75 85.76 85.70 85.66 85.62 85.59 85.53 85.52 85.56 85.60 85.65 85.70 85.77 85.79 85.88 85.86 85.94 85.93 85.92 85.95 86.04 86.01 86.15 86.22 86.27 86.30 86.32 86.24 86.35 86.38 86.40 86.47 86.44 86.47 86.34 86.51 86.50 86.48 86.41 86.55 86.58 86.62 86.72 86.57 86.66 86.64
73°N ||     86.81 86.89 86.90 86.85 86.79 86.95 86.97 86.93 86.93 86.99 87.06 86.96 86.98 86.86 87.11 86.94 86.91 86.88 86.81 86.81 86.86 86.59 86.61 86.69 86.59 86.70 86.59 86.98 86.77 86.66 86.74 86.58 86.51 86.45 86.35 86.43 86.34 86.38 86.42 86.52 86.57 86.63 86.68 86.71 86.80 86.85 86.89 86.94 86.99 87.06 87.14 87.28 87.23 87.23 87.22 87.21 87.16 87.15 87.09 87.16 87.20 87.24 87.28 87.28 87.32 87.40 87.43 87.40 87.39 87.43 87.52 87.57 87.56 87.46 87.52 87.54 87.55 87.46 87.39 87.29 87.30 87.25 87.20 87.15 87.18 87.16 87.11 87.06 86.99 86.99 86.91 86.74 86.75 86.75 86.74 86.62 86.64 86.64 86.60 86.62 86.58 86.57 86.54 86.41 86.51 86.52 86.45 86.42 86.42 86.37 86.43 86.45 86.49 86.48 86.43 86.48 86.49 86.41 86.31 86.24 86.29 86.35 86.31 86.21 86.18 86.14 86.09 86.12 86.02 86.00 85.95 85.91 85.92 85.86 85.87 85.83 85.78 85.73 85.71 85.72 85.74 85.76 85.78 85.78 85.81 85.83 85.85 85.86 85.90 85.92 85.89 85.96 85.96 86.00 86.00 86.00 86.12 86.17 86.21 86.18 86.31 86.30 86.25 86.36 86.44 86.49 86.42 86.49 86.57 86.62 86.15 87.55 86.34 85.39 86.59 86.66 86.80 86.77 86.61 86.72
75°N ||     86.81 86.93 86.87 86.93 86.94 87.07 86.91 87.01 87.04 87.04 87.10 87.01 87.03 87.13 87.03 87.09 87.09 86.89 86.99 87.04 86.97 87.09 87.14 87.23 87.05 86.85 86.88 86.89 86.62 86.71 86.74 86.68 86.82 86.87 86.94 86.76 86.69 86.71 86.61 86.75 86.73 86.78 86.89 86.87 86.87 86.80 86.89 86.95 86.99 87.10 87.16 87.17 87.17 87.18 87.19 87.31 87.16 87.14 87.17 87.19 87.27 87.33 87.37 87.37 87.37 87.33 87.30 87.33 87.37 87.28 87.41 87.41 87.41 87.42 87.39 87.43 87.36 87.36 87.25 87.28 87.20 87.19 87.11 87.27 87.07 87.00 86.95 86.89 86.88 86.88 86.82 86.79 86.75 86.69 86.70 86.67 86.76 86.57 86.53 86.51 86.49 86.49 86.48 86.44 86.46 86.48 86.48 86.44 86.38 86.46 86.42 86.38 86.44 86.43 86.42 86.39 86.36 86.39 86.30 86.30 86.28 86.26 86.19 86.29 86.28 86.24 86.13 86.10 86.09 86.01 86.07 86.03 86.03 85.99 85.90 85.92 85.88 85.88 85.86 85.85 85.83 85.89 85.89 85.77 85.84 85.88 85.92 85.94 85.89 85.89 85.92 85.97 85.99 86.01 86.04 86.05 86.08 86.16 86.20 86.25 86.25 86.33 86.34 86.41 86.44 86.43 86.44 86.48 86.53 86.59 86.59 86.65 86.59 86.84 86.86 86.89 86.90 86.90 86.84 86.76
77°N ||     87.03 86.90 86.65 86.53 86.70 87.00 86.90 86.49 86.52 86.96 87.08 87.09 87.12 87.08 87.07 86.88 86.58 86.63 86.52 86.87 86.65 86.78 87.23 87.54 87.08 86.88 86.87 87.01 86.93 86.92 86.90 86.91 86.96 86.87 86.52 86.84 86.73 86.82 86.79 86.75 86.92 86.89 86.80 86.80 86.89 86.97 87.01 87.04 87.09 87.11 87.14 87.18 87.03 87.24 87.27 87.31 87.34 87.34 87.34 87.34 87.38 86.67 86.70 87.12 87.26 87.23 87.22 87.25 87.17 87.17 87.24 87.26 87.26 87.27 87.22 87.23 87.20 87.22 87.26 87.23 87.18 87.07 87.05 87.02 87.01 86.95 86.82 86.80 86.89 86.84 86.85 86.80 86.72 86.63 86.61 86.65 86.65 86.63 86.59 86.55 86.54 86.54 86.49 86.57 86.49 86.48 86.48 86.46 86.46 86.45 86.45 86.43 86.39 86.32 86.32 86.32 86.37 86.28 86.29 86.20 86.23 86.26 86.27 86.28 86.26 86.27 86.23 86.21 86.16 86.11 86.13 86.07 86.03 85.96 85.69 85.89 85.98 85.98 86.01 85.98 85.93 85.94 85.93 85.92 85.93 85.91 85.96 85.92 85.95 85.90 85.96 86.01 86.00 86.04 86.08 86.10 86.14 86.16 86.12 86.19 86.22 86.29 86.38 86.44 86.45 86.46 86.51 86.59 86.59 86.56 86.64 86.57 86.63 86.71 86.69 86.90 87.01 86.98 86.90 86.97
79°N ||     86.73 86.61 86.61 86.72 86.75 86.70 86.66 86.66 86.70 86.68 86.71 86.54 86.81 86.76 86.79 86.88 86.88 86.93 86.93 86.87 86.85 86.97 86.95 86.99 87.04 87.08 87.00 86.75 86.82 86.70 86.76 86.80 86.84 86.85 86.81 86.88 86.83 86.93 86.91 86.90 86.91 86.94 86.94 86.89 86.82 86.85 86.89 86.93 86.96 87.04 87.12 87.09 87.12 87.16 87.21 87.22 87.18 87.24 87.31 87.30 87.35 87.38 87.37 87.39 87.34 87.34 87.41 87.36 87.25 87.19 87.13 87.09 87.02 87.05 87.05 86.89 86.85 86.89 87.00 87.02 86.90 86.96 86.79 86.31 86.60 86.92 85.79 85.99 86.64 85.38 85.80 86.32 86.01 85.63 86.18 85.46 85.61 86.26 86.00 85.68 85.79 85.88 86.00 86.39 86.43 86.36 86.41 86.42 86.44 86.41 86.40 86.40 86.38 86.37 86.32 86.34 86.32 86.31 86.29 86.09 86.62 86.06 86.23 86.20 86.18 86.21 86.17 86.14 86.15 86.15 86.15 86.15 86.12 86.13 86.12 86.12 86.13 86.13 86.07 86.09 86.06 86.02 85.95 85.97 85.98 85.90 85.81 85.83 85.88 85.93 85.96 85.92 86.01 86.06 86.06 86.14 86.11 86.18 86.16 86.17 86.21 86.29 86.32 86.40 86.41 86.47 86.44 86.44 86.48 86.60 86.60 86.63 86.64 86.69 86.71 86.66 86.65 86.79 86.79 86.76
81°N ||     85.83 85.84 85.87 85.93 85.88 85.89 85.92 85.91 85.92 85.95 85.97 86.00 86.03 86.05 86.09 86.12 86.12 86.16 86.15 86.18 86.19 86.22 86.25 86.29 86.33 86.39 86.48 86.58 86.57 86.64 86.72 86.62 86.63 86.81 86.32 86.31 86.12 86.38 85.80 85.93 86.14 86.25 86.67 86.68 86.70 86.78 86.85 86.81 86.63 86.60 86.11 86.09 85.90 86.09 86.57 86.21 86.15 86.12 86.12 86.23 86.83 86.66 86.75 86.76 86.84 86.90 87.00 86.63 86.46 86.18 86.18 86.20 85.73 85.96 85.76 85.48 85.28 85.46 85.25 85.04 85.01 84.75 84.79 84.65 84.65 84.71 84.51 84.49 84.50 84.43 84.48 84.60 84.38 84.38 84.61 84.42 84.47 84.33 84.33 84.35 84.61 84.68 84.66 84.66 84.73 84.80 84.50 85.24 85.31 85.94 85.89 85.33 85.57 86.17 85.85 85.94 85.67 85.79 86.05 85.50 85.54 85.45 85.53 85.56 85.80 86.13 85.65 85.73 85.73 85.72 85.78 85.75 85.75 85.78 85.79 85.82 85.90 86.00 86.09 86.10 86.10 86.10 86.10 86.07 86.10 86.05 86.06 86.08 86.09 86.15 86.15 86.18 86.19 86.21 86.20 86.19 86.19 86.22 86.24 86.19 86.20 86.22 86.26 86.26 86.26 86.25 86.22 86.19 86.18 86.10 86.01 86.03 86.02 86.01 85.99 85.94 85.89 85.84 85.84 85.83
83°N ||     85.46 85.46 85.47 85.47 85.47 85.47 85.48 85.49 85.50 85.52 85.55 85.59 85.60 85.63 85.65 85.69 85.73 85.74 85.81 85.81 85.85 85.86 85.86 85.86 85.85 85.79 85.94 85.90 85.86 85.31 85.19 84.99 85.23 85.34 85.01 85.19 84.95 84.97 84.98 84.90 84.77 84.89 84.69 84.58 84.60 84.74 84.72 84.68 84.75 84.84 84.99 85.15 85.36 85.42 85.04 85.14 84.96 84.84 84.82 84.96 84.86 85.50 85.45 86.22 86.38 86.57 86.72 86.81 86.78 86.45 86.17 85.83 85.56 85.36 85.26 85.07 84.97 84.86 84.79 84.74 84.69 84.63 84.59 84.55 84.49 84.45 84.42 84.40 84.38 84.38 84.38 84.37 84.36 84.35 84.33 84.32 84.30 84.29 84.28 84.27 84.26 84.24 84.23 84.22 84.21 84.20 84.20 84.19 84.20 84.26 84.36 84.52 84.48 84.53 84.39 84.51 84.68 84.74 84.62 84.52 84.48 84.49 84.71 84.55 84.61 84.51 84.60 84.63 84.55 84.60 84.47 84.50 84.60 84.76 84.69 84.68 84.73 84.58 84.66 84.68 84.81 85.10 85.17 85.28 85.68 85.65 85.93 86.11 86.14 86.10 86.06 86.04 86.04 86.05 86.10 86.12 86.10 86.09 86.02 85.99 85.96 85.95 85.92 85.89 85.86 85.83 85.79 85.75 85.73 85.71 85.68 85.67 85.63 85.61 85.60 85.58 85.54 85.51 85.48 85.47
85°N ||     85.64 85.51 85.63 85.77 85.84 86.07 84.98 84.86 85.07 85.22 84.71 84.99 84.82 84.74 84.89 85.03 84.46 84.34 84.32 84.33 84.33 84.48 84.88 84.63 84.69 84.79 85.06 84.85 84.83 84.99 84.96 84.25 84.29 84.52 84.31 84.24 84.23 84.23 84.24 84.26 84.25 84.31 84.27 84.23 84.25 84.22 84.19 84.20 84.20 84.27 84.27 84.26 84.29 84.41 84.41 84.33 84.34 84.36 84.41 84.48 84.52 84.42 84.51 84.44 84.42 84.42 84.64 84.64 84.97 85.15 85.27 85.51 85.30 85.28 85.26 85.40 85.55 85.74 85.80 85.81 85.87 85.88 85.52 85.20 84.88 84.83 84.87 84.93 85.04 85.25 85.66 85.65 84.53 84.38 84.37 84.45 84.40 84.35 84.29 84.26 84.24 84.28 84.24 84.21 84.20 84.19 84.18 84.17 84.16 84.15 84.15 84.15 84.16 84.16 84.16 84.17 84.18 84.19 84.19 84.19 84.20 84.21 84.21 84.20 84.20 84.20 84.19 84.19 84.20 84.19 84.19 84.19 84.19 84.19 84.21 84.21 84.25 84.24 84.23 84.34 84.22 84.22 84.22 84.44 84.45 84.46 84.54 84.78 84.55 84.40 84.47 84.40 84.62 84.69 84.89 85.08 84.69 84.87 85.01 85.10 85.05 84.86 84.96 85.32 85.19 85.24 85.43 85.79 85.57 85.86 85.63 85.44 85.31 85.18 85.33 85.53 85.67 85.39 85.39 85.42
87°N ||     84.08 84.12 84.10 84.11 84.14 84.12 84.12 84.11 84.05 84.04 84.04 84.04 84.06 84.07 84.05 84.03 84.02 84.03 84.02 84.02 84.02 84.06 84.06 83.98 83.99 83.99 84.00 84.01 84.02 84.02 84.03 84.00 83.97 83.99 83.98 83.94 83.93 83.92 83.92 83.92 83.94 83.93 83.96 83.96 83.94 83.91 83.90 83.89 83.91 83.92 83.92 83.92 83.93 83.93 83.96 84.00 84.01 84.03 84.05 84.05 84.03 84.01 84.01 84.00 84.00 83.99 83.99 84.00 84.00 84.02 84.09 84.23 84.28 84.21 84.19 84.17 84.20 84.17 84.16 84.19 84.14 84.12 84.11 84.11 84.13 84.11 84.12 84.17 84.13 84.16 84.10 84.08 84.09 84.07 84.04 84.03 84.05 84.04 84.06 84.05 84.03 84.01 84.01 84.03 84.03 83.99 83.99 83.98 83.97 83.96 83.96 83.97 83.96 83.96 83.96 83.97 83.97 83.99 83.98 84.03 83.96 83.97 83.98 84.00 84.04 84.06 84.00 84.00 84.02 84.02 84.04 84.01 83.96 83.96 83.96 83.96 83.96 83.98 84.01 84.01 84.01 84.02 84.02 84.01 84.03 84.03 84.04 84.03 84.00 83.97 84.00 83.97 84.01 83.99 83.96 83.96 83.97 84.07 84.03 84.06 84.02 84.10 84.10 84.13 84.13 84.14 84.11 84.10 84.11 84.12 84.11 84.14 84.16 84.15 84.16 84.17 84.14 84.17 84.19 84.12
89°N ||     83.84 83.83 83.83 83.85 83.85 83.81 83.81 83.79 83.79 83.79 83.79 83.78 83.78 83.78 83.78 83.78 83.78 83.77 83.77 83.77 83.77 83.77 83.78 83.77 83.77 83.77 83.77 83.75 83.75 83.74 83.73 83.73 83.72 83.72 83.72 83.71 83.71 83.71 83.71 83.70 83.70 83.70 83.70 83.70 83.70 83.70 83.70 83.70 83.70 83.70 83.71 83.71 83.72 83.73 83.74 83.75 83.75 83.76 83.77 83.77 83.76 83.77 83.77 83.78 83.78 83.79 83.79 83.80 83.79 83.80 83.80 83.80 83.81 83.81 83.82 83.82 83.83 83.83 83.84 83.85 83.84 83.84 83.84 83.84 83.84 83.85 83.85 83.84 83.85 83.85 83.84 83.85 83.86 83.86 83.85 83.84 83.83 83.84 83.87 83.87 83.86 83.84 83.84 83.83 83.83 83.82 83.82 83.81 83.81 83.80 83.80 83.80 83.79 83.79 83.79 83.78 83.78 83.78 83.78 83.78 83.78 83.78 83.78 83.78 83.78 83.78 83.78 83.77 83.77 83.76 83.76 83.76 83.76 83.75 83.75 83.74 83.74 83.73 83.73 83.72 83.72 83.72 83.72 83.72 83.72 83.72 83.72 83.72 83.72 83.73 83.73 83.74 83.74 83.75 83.76 83.76 83.77 83.78 83.77 83.76 83.76 83.77 83.77 83.77 83.77 83.77 83.77 83.77 83.78 83.78 83.79 83.79 83.80 83.80 83.81 83.81 83.82 83.82 83.82 83.83
