Mars Surface Radiation Result (absorbed dose in thin silicon slab) (1E-6 Gy/day).
Column 1 is East longitude (°)
Line 1 is North latitude (°)

-179  -177  -175  -173  -171  -169  -167  -165  -163  -161  -159  -157  -155  -153  -151  -149  -147  -145  -143  -141  -139  -137  -135  -133  -131  -129  -127  -125  -123  -121  -119  -117  -115  -113  -111  -109  -107  -105  -103  -101  -99  -97  -95  -93  -91  -89  -87  -85  -83  -81  -79  -77  -75  -73  -71  -69  -67  -65  -63  -61  -59  -57  -55  -53  -51  -49  -47  -45  -43  -41  -39  -37  -35  -33  -31  -29  -27  -25  -23  -21  -19  -17  -15  -13  -11  -9  -7  -5  -3  -1  1  3  5  7  9  11  13  15  17  19  21  23  25  27  29  31  33  35  37  39  41  43  45  47  49  51  53  55  57  59  61  63  65  67  69  71  73  75  77  79  81  83  85  87  89  91  93  95  97  99  101  103  105  107  109  111  113  115  117  119  121  123  125  127  129  131  133  135  137  139  141  143  145  147  149  151  153  155  157  159  161  163  165  167  169  171  173  175  177  179  
--------------------------------------------------------------------------------------------------
-89°N ||     82.37 82.41 82.46 82.48 82.48 82.47 82.47 82.49 82.52 82.56 82.71 82.77 82.74 82.80 83.00 83.10 83.15 83.22 83.24 83.12 83.06 83.21 83.23 83.18 83.13 83.10 83.04 83.06 83.15 83.11 83.20 83.31 83.26 83.19 83.29 83.21 83.12 83.06 82.98 82.92 82.87 82.80 82.74 82.71 82.69 82.69 82.68 82.69 82.68 82.67 82.64 82.64 82.60 82.59 82.59 82.58 82.51 82.48 82.46 82.46 82.44 82.41 82.41 82.38 82.39 82.43 82.44 82.32 82.27 82.28 82.22 82.20 82.20 82.20 82.16 82.13 82.12 82.11 82.09 82.10 82.08 82.10 82.10 82.08 82.10 82.10 82.10 82.09 82.08 82.09 82.10 82.14 82.15 82.16 82.17 82.18 82.17 82.18 82.19 82.20 82.18 82.17 82.16 82.16 82.17 82.18 82.19 82.20 82.21 82.21 82.22 82.20 82.17 82.19 82.24 82.27 82.26 82.26 82.26 82.28 82.30 82.31 82.32 82.35 82.39 82.42 82.42 82.45 82.48 82.49 82.51 82.52 82.53 82.54 82.55 82.58 82.59 82.59 82.59 82.59 82.54 82.55 82.53 82.49 82.51 82.50 82.50 82.47 82.44 82.41 82.40 82.39 82.39 82.35 82.33 82.31 82.30 82.28 82.28 82.29 82.28 82.28 82.27 82.26 82.26 82.25 82.26 82.27 82.27 82.28 82.29 82.30 82.30 82.31 82.31 82.33 82.34 82.35 82.36 82.37
-87°N ||     84.36 84.44 84.46 84.59 84.56 84.64 84.54 84.53 84.50 84.41 84.41 84.40 84.29 84.17 84.11 84.09 84.11 84.12 84.11 84.07 84.07 84.12 84.25 84.30 84.27 84.22 84.23 84.12 84.20 84.04 84.29 84.31 84.15 84.13 84.12 84.11 84.07 84.02 84.06 84.05 84.01 84.06 84.02 83.99 83.95 83.93 83.92 83.85 83.80 83.74 83.60 83.75 83.56 83.29 83.31 83.25 83.13 83.00 82.93 82.90 83.06 82.56 82.62 82.37 82.30 82.28 82.23 82.20 82.18 82.15 82.07 82.01 82.07 82.05 81.79 81.73 81.66 81.57 81.53 81.69 81.39 81.20 81.19 81.09 81.07 81.07 81.09 81.12 81.15 81.17 81.21 81.23 81.25 81.25 81.26 81.67 81.56 81.75 81.62 81.84 81.84 81.84 81.92 81.94 81.98 82.06 82.13 82.29 82.38 82.44 82.30 82.29 82.32 82.35 82.37 82.36 82.42 82.45 82.53 82.53 82.60 82.66 82.67 82.73 82.80 82.79 82.81 82.88 82.96 82.94 83.02 83.03 83.05 83.11 83.25 83.40 83.50 83.65 83.57 83.38 83.23 83.19 83.15 83.12 83.07 83.07 83.02 82.76 82.73 82.71 82.71 82.72 82.77 82.76 82.76 82.77 82.84 82.95 83.05 83.04 83.13 83.20 83.30 83.34 83.47 83.57 83.67 83.72 83.86 83.90 84.08 84.08 84.11 84.09 84.18 84.07 83.81 83.95 84.35 84.57
-85°N ||     83.78 83.79 83.81 83.82 83.83 83.83 83.85 83.90 83.90 83.89 83.90 83.90 83.92 83.99 83.92 83.85 83.86 83.97 83.96 83.97 83.97 83.99 84.02 84.04 84.02 84.03 84.07 84.18 84.25 84.40 84.75 84.78 84.76 84.75 84.79 84.62 84.82 84.70 84.65 84.60 84.84 85.12 85.06 85.07 84.85 84.81 84.69 84.59 84.49 84.40 84.43 84.31 84.28 84.25 84.50 84.58 84.28 84.10 84.15 84.53 84.35 83.42 83.28 83.32 83.44 83.53 83.37 83.47 83.45 83.04 83.16 83.03 82.74 82.66 82.71 82.45 82.77 83.04 83.31 82.95 82.77 82.69 82.75 82.75 82.85 82.70 82.62 82.49 82.48 82.59 82.48 82.51 82.63 82.61 82.61 82.62 82.64 82.69 82.74 82.85 82.82 82.94 83.24 83.55 83.47 83.42 83.40 83.42 83.38 83.44 83.54 83.60 83.66 83.73 83.50 83.56 83.68 83.70 83.62 83.53 83.52 83.56 83.60 83.70 83.82 83.91 83.91 83.84 83.85 83.79 83.75 83.71 83.67 83.69 83.72 83.84 84.43 85.60 86.01 85.74 85.09 84.78 84.65 84.69 84.20 83.95 83.85 83.73 83.79 83.86 83.73 83.76 83.82 83.97 84.15 84.21 84.25 84.28 84.25 84.25 84.24 84.07 83.92 83.84 83.82 83.92 83.99 84.07 84.21 84.40 84.14 84.20 84.16 84.10 84.03 83.99 83.96 83.95 83.83 83.78
-83°N ||     83.89 83.91 83.93 83.95 83.96 83.97 83.98 84.00 84.03 84.05 84.07 84.10 84.13 84.16 84.15 84.15 84.17 84.21 84.25 84.27 84.30 84.34 84.38 84.42 84.47 84.53 84.58 84.64 84.75 84.88 84.81 84.65 84.62 84.56 84.68 84.79 84.77 84.72 84.79 84.86 84.60 84.60 84.61 84.62 84.64 84.67 84.64 85.17 85.28 85.36 85.27 85.28 85.20 85.19 85.21 85.17 85.11 85.41 85.51 85.51 85.04 85.39 85.28 85.16 85.51 85.21 85.23 85.20 85.61 85.25 85.55 85.80 85.99 86.01 85.83 85.67 85.71 85.69 85.67 85.77 85.73 85.69 85.51 85.54 85.56 85.46 85.39 85.36 85.41 85.40 85.12 85.11 85.22 85.61 85.15 85.06 84.95 84.90 84.93 84.79 85.01 84.46 84.63 84.36 84.79 85.05 85.11 84.86 84.74 84.76 84.81 84.95 85.23 85.33 85.42 85.39 84.96 84.97 84.89 84.87 84.79 84.78 84.44 84.36 84.43 84.49 84.49 84.34 84.33 84.49 84.42 84.43 84.62 84.64 84.86 85.47 86.31 86.23 86.26 86.24 86.26 85.01 84.88 84.93 84.89 85.03 84.99 84.90 84.88 84.87 84.81 84.69 84.57 84.51 84.46 84.32 84.26 84.31 84.64 85.03 85.55 85.84 85.35 84.78 84.00 84.00 83.68 83.60 83.58 83.58 83.71 83.94 84.46 84.45 84.14 83.92 83.83 83.80 83.83 83.86
-81°N ||     84.25 84.32 84.33 84.48 84.21 84.29 84.34 84.39 84.45 84.51 84.57 84.65 84.83 84.87 84.64 84.63 84.67 84.72 84.78 84.84 84.89 84.93 84.95 84.99 85.03 85.09 85.16 85.19 85.22 85.25 85.30 85.47 85.44 85.47 85.59 85.53 85.30 85.34 85.31 85.34 85.53 85.36 85.03 85.08 84.90 84.76 84.83 85.01 85.07 84.96 85.12 85.02 85.26 86.14 85.79 86.00 86.30 85.80 86.28 86.19 85.85 85.98 86.05 86.02 86.03 85.98 86.04 86.05 85.96 85.87 85.97 85.80 85.61 85.63 85.65 85.68 85.62 85.63 85.59 85.61 86.05 85.51 85.33 85.28 85.25 85.28 85.26 85.27 85.23 85.22 85.20 85.22 85.11 84.92 84.70 84.39 83.71 83.00 83.85 83.99 84.49 84.85 84.79 84.92 85.25 85.47 85.62 85.87 85.83 85.69 85.45 85.78 85.91 86.06 86.05 86.13 86.17 86.25 86.22 86.22 86.19 86.24 86.17 86.09 86.07 86.11 85.69 85.73 85.81 85.89 85.96 86.20 86.27 86.37 86.42 86.40 86.37 85.70 84.80 84.59 84.53 84.48 84.45 84.64 84.73 84.75 84.68 84.85 84.95 85.05 85.20 85.29 85.42 85.18 85.30 85.56 85.73 85.37 85.23 85.27 85.78 85.55 85.25 85.25 85.41 85.34 85.81 85.11 84.28 83.95 83.97 84.13 84.30 84.56 84.88 84.17 84.30 84.29 84.08 84.15
-79°N ||     84.64 84.69 84.70 84.83 84.81 84.76 84.76 84.80 84.82 85.03 84.89 84.98 85.05 85.08 85.17 85.30 85.19 85.40 85.10 85.36 85.24 85.28 85.25 85.74 86.19 85.12 85.58 86.09 85.89 86.00 85.93 85.93 85.90 85.92 85.97 85.99 85.99 85.98 85.87 85.83 85.84 85.58 86.21 86.33 85.33 85.52 85.51 85.36 85.31 85.60 85.83 85.55 86.28 86.10 86.17 86.38 86.63 85.34 86.02 85.49 86.27 86.01 85.35 85.83 85.85 86.18 86.22 86.15 86.12 86.08 86.03 86.06 86.04 86.05 86.02 85.99 86.02 86.07 86.02 85.80 85.89 86.07 85.78 85.74 85.77 85.98 85.62 85.82 85.64 85.67 85.73 85.60 85.52 85.21 84.36 84.36 83.93 84.42 85.00 85.31 85.23 85.51 85.56 85.65 85.73 85.97 85.77 85.90 85.62 85.92 85.46 85.78 85.60 85.60 85.22 85.12 85.89 86.07 86.36 86.41 86.47 86.45 86.48 86.46 86.51 86.47 86.43 86.48 86.46 86.51 86.44 86.43 86.51 86.49 86.50 86.51 86.58 86.60 86.53 86.54 86.54 86.58 86.24 85.81 86.03 85.42 84.90 84.90 84.90 84.80 84.87 84.99 85.43 86.63 86.48 85.53 85.32 85.92 84.67 84.71 85.38 84.79 84.48 84.34 84.27 84.39 84.24 84.68 84.41 84.37 84.39 84.45 84.60 84.28 84.18 84.32 84.43 84.54 84.54 84.56
-77°N ||     85.52 85.22 85.14 85.11 85.02 85.30 85.26 85.63 85.57 85.61 85.58 85.60 85.96 85.76 85.71 85.77 85.86 85.86 85.99 85.84 85.78 85.83 85.77 85.88 85.81 85.95 86.15 86.23 86.06 86.18 86.14 86.17 86.17 86.17 86.16 86.18 86.14 86.16 86.14 86.14 86.12 86.15 86.07 85.92 85.85 85.62 85.08 85.79 84.98 85.25 86.05 85.86 85.69 85.14 85.31 85.54 85.72 85.67 85.82 85.78 86.08 86.27 86.08 86.15 86.34 86.38 86.35 86.39 86.39 86.35 86.32 86.30 86.25 86.26 86.23 86.22 86.20 86.10 85.88 85.90 85.83 85.69 85.63 85.47 85.71 85.90 85.76 85.80 85.59 85.71 85.73 85.66 85.29 85.12 84.98 84.80 84.29 83.89 85.08 86.24 86.61 86.77 86.77 85.60 85.88 85.74 85.77 85.96 85.67 86.01 85.73 85.68 85.62 86.06 86.43 86.25 85.68 85.53 85.10 84.85 84.74 84.34 84.19 84.77 85.41 85.92 86.24 86.22 86.13 85.92 85.33 85.97 86.14 85.46 86.06 86.27 86.58 86.48 86.22 86.10 85.77 85.79 85.55 86.02 86.65 86.60 86.44 86.31 85.59 85.63 85.71 84.89 85.62 85.96 85.96 85.09 84.72 84.82 84.59 84.64 84.74 84.57 84.57 84.85 84.72 84.67 84.82 84.93 84.98 84.95 84.84 84.95 85.18 84.84 84.86 84.92 85.14 85.31 85.41 85.21
-75°N ||     85.77 85.87 85.63 85.77 85.58 85.57 85.69 86.36 85.91 85.82 86.74 86.99 86.01 86.17 86.19 86.30 86.09 86.20 86.20 86.02 86.03 86.25 86.26 86.41 86.27 86.34 86.38 86.40 86.38 86.34 86.34 86.32 86.36 86.32 85.88 86.25 86.26 86.24 86.21 86.20 86.14 86.09 86.10 86.10 86.15 86.20 86.12 86.03 85.83 85.71 85.81 85.29 85.13 85.51 86.04 86.13 86.06 86.38 86.53 86.56 86.60 86.58 86.53 86.49 86.46 86.46 86.43 86.22 86.40 86.30 86.17 86.02 85.98 85.82 85.76 85.84 85.75 85.94 85.76 85.79 85.86 85.89 85.98 85.80 86.13 85.89 85.89 86.05 85.88 85.87 85.77 85.46 85.33 85.64 85.79 85.81 85.82 85.83 85.90 85.76 85.60 85.71 85.71 85.66 85.96 86.03 86.03 85.86 85.84 85.72 85.62 85.45 84.97 85.18 85.34 84.78 85.19 85.04 84.81 84.99 84.73 84.66 85.41 85.74 85.56 85.46 86.60 85.14 85.34 85.36 85.48 85.99 85.88 85.76 85.69 85.49 85.82 84.80 84.42 83.99 83.91 84.57 86.83 86.67 86.78 85.57 86.24 85.60 86.38 86.69 86.56 86.49 86.42 86.45 86.55 85.45 84.36 84.32 84.31 84.33 84.31 84.48 85.18 85.07 85.26 84.63 84.71 84.91 84.99 84.98 85.06 85.07 85.10 85.36 85.37 85.45 85.58 85.53 85.59 85.64
-73°N ||     86.85 85.77 86.40 86.39 86.28 85.97 86.66 86.38 86.41 86.39 85.97 85.63 86.52 85.94 86.24 86.42 86.37 86.36 86.30 86.17 86.02 85.67 86.66 85.47 85.72 86.54 86.31 86.28 86.31 86.36 86.38 86.38 86.45 86.11 86.04 85.72 85.94 86.30 86.18 86.24 86.23 86.26 86.17 86.22 86.25 86.25 86.25 86.01 86.54 87.32 87.32 87.43 87.39 85.99 86.51 86.52 86.68 86.73 86.75 86.77 86.78 86.75 86.70 86.61 86.65 86.28 86.43 86.61 86.63 86.64 86.59 86.33 86.11 86.23 86.10 85.99 85.92 86.04 86.25 85.87 85.88 85.89 85.93 86.25 86.09 86.33 86.45 86.41 86.30 86.34 86.00 85.96 85.60 85.98 85.96 86.06 86.24 86.26 86.25 86.23 86.27 86.27 86.36 86.31 86.22 86.16 86.30 85.82 85.75 85.59 85.12 84.74 85.01 85.47 85.92 85.62 85.83 85.70 85.81 85.43 85.58 85.18 84.96 84.88 85.22 85.18 85.54 85.57 85.86 85.82 85.79 85.90 85.95 86.06 86.16 86.19 86.17 86.30 85.96 85.59 86.01 84.59 84.77 85.42 85.53 85.58 85.67 85.91 86.53 86.29 86.08 85.19 86.00 86.47 86.76 86.89 86.31 85.29 84.39 84.85 84.59 84.92 85.46 85.53 84.83 85.14 85.60 85.76 85.60 85.98 86.75 86.53 86.14 86.01 86.02 85.97 86.14 85.94 85.99 86.75
-71°N ||     86.71 86.75 86.83 86.88 86.94 87.08 87.19 87.13 87.14 87.16 87.16 86.57 85.95 85.65 85.01 85.02 85.71 85.87 86.85 86.09 86.15 85.99 85.79 85.87 87.45 86.42 86.43 86.45 86.34 86.13 86.22 86.11 86.10 86.29 86.20 86.16 86.08 86.38 86.22 86.24 86.37 86.20 86.33 86.24 86.29 86.32 86.04 85.85 85.91 86.73 87.33 87.20 87.47 85.82 86.66 86.79 86.83 86.89 86.82 86.84 86.91 86.62 86.50 86.61 86.72 86.79 86.83 86.68 86.69 85.84 86.13 86.33 86.18 86.35 86.06 86.25 86.09 85.62 85.41 85.27 85.16 86.14 86.11 86.10 86.28 86.30 86.44 86.24 86.49 86.34 86.81 86.71 86.32 86.41 86.39 86.23 86.15 85.52 86.13 86.41 86.54 86.28 86.32 86.33 86.31 86.36 86.00 85.10 85.40 85.74 85.78 85.89 85.90 86.07 86.09 85.99 86.25 86.06 86.19 86.27 86.19 86.39 86.43 86.22 86.36 86.04 85.40 85.64 86.84 86.84 85.87 86.07 85.86 84.67 85.54 85.76 85.87 85.41 85.10 85.45 85.81 85.26 86.11 86.27 86.54 86.56 86.52 86.23 86.23 86.40 86.68 86.59 86.81 86.61 87.30 87.46 87.40 87.11 86.76 86.54 86.79 86.63 86.43 86.76 86.94 86.88 86.87 86.72 86.59 87.01 86.65 86.93 86.83 86.87 86.37 86.37 86.42 86.51 86.16 86.64
-69°N ||     86.15 86.23 86.55 86.77 86.36 87.56 87.42 87.15 87.27 87.25 87.21 87.04 86.50 86.60 86.20 86.36 85.30 85.50 85.87 86.33 86.67 86.45 86.17 86.04 85.96 86.57 86.36 86.51 86.14 86.66 85.80 85.88 85.78 86.05 86.08 86.16 86.41 86.43 86.52 86.52 86.58 86.52 86.49 86.54 86.54 87.02 86.35 86.63 86.64 86.61 86.65 86.77 86.77 86.86 86.88 86.82 86.85 86.88 86.69 86.69 86.51 86.86 86.83 86.96 86.84 86.64 86.07 86.10 86.16 86.17 86.12 86.25 86.24 86.44 86.54 86.74 86.57 86.04 85.51 85.78 85.93 86.37 86.35 85.96 85.94 85.72 85.79 85.75 86.01 86.28 86.30 86.43 85.52 86.46 86.54 86.46 86.59 86.59 86.57 86.61 86.56 86.53 86.59 86.51 86.28 85.98 85.26 86.39 86.57 86.45 86.27 86.08 86.18 86.05 86.19 85.70 85.64 86.20 86.58 86.77 86.94 86.81 86.85 86.92 86.91 86.83 86.48 86.08 85.80 85.83 86.29 86.19 86.16 86.12 86.99 85.90 84.69 85.08 85.20 85.35 85.56 85.55 85.16 85.29 85.81 86.27 86.38 86.13 86.58 86.67 86.67 86.75 86.28 84.54 86.65 87.32 87.18 85.15 87.33 87.25 87.19 87.01 86.95 86.88 86.65 86.40 86.17 86.24 85.53 85.27 86.23 86.79 86.76 86.58 86.44 86.29 86.18 86.09 86.31 86.31
-67°N ||     87.41 86.12 85.88 86.57 86.59 86.67 86.69 87.18 87.19 87.28 87.31 87.31 87.19 87.08 86.79 86.53 86.25 85.83 85.75 85.48 85.47 85.19 85.53 85.56 85.91 85.87 85.75 85.67 86.13 85.43 85.44 85.46 85.97 87.33 85.90 86.12 86.13 86.78 86.49 86.52 86.61 86.60 86.56 86.57 86.58 86.63 86.59 86.68 86.69 86.63 86.67 86.75 86.78 86.78 86.71 86.85 86.98 86.87 86.93 86.85 86.35 86.70 86.91 86.91 86.69 86.48 87.85 87.84 87.54 86.21 86.36 86.42 86.48 86.66 86.81 86.47 86.14 85.62 85.68 85.37 85.69 85.71 86.07 86.02 86.33 86.23 86.34 86.36 86.34 86.34 86.39 86.54 86.46 86.60 86.54 86.66 86.55 86.50 86.51 86.34 86.35 85.67 85.46 85.50 85.14 85.68 86.91 87.33 87.28 86.90 86.80 86.40 86.43 86.08 86.23 86.13 86.49 86.63 86.89 86.92 86.89 86.88 86.94 86.93 86.86 87.07 87.06 87.19 87.20 86.79 86.08 85.46 86.06 86.26 85.52 85.35 85.24 84.85 85.40 84.64 84.91 85.31 85.34 86.23 85.96 85.90 85.42 85.75 86.19 86.50 86.78 86.88 86.65 86.81 86.92 86.96 86.99 86.94 86.69 86.84 86.81 86.88 86.71 86.51 86.75 86.71 86.72 86.71 86.65 86.26 86.85 86.64 86.59 86.41 85.96 86.49 85.85 85.83 85.90 86.38
-65°N ||     86.29 85.91 85.59 86.02 86.05 86.84 86.90 87.24 87.18 87.23 87.22 87.31 87.32 87.32 87.25 87.12 87.01 86.96 86.88 86.61 86.15 86.02 86.09 85.88 86.22 86.14 85.82 86.48 86.37 85.85 85.63 85.93 85.71 85.95 86.13 86.25 86.27 86.33 86.35 86.55 86.58 86.67 86.69 86.70 86.77 86.80 86.77 86.75 86.77 86.76 86.66 86.57 86.49 86.59 86.72 86.84 86.84 86.85 86.74 85.91 86.83 87.00 87.14 87.28 86.73 86.99 86.95 86.95 86.51 86.45 86.66 86.56 86.63 86.76 86.95 86.83 86.40 86.23 85.86 85.53 85.56 85.86 86.66 86.18 86.35 86.39 86.38 86.30 86.06 86.43 86.43 86.46 86.42 86.58 86.39 86.60 86.83 86.68 86.43 86.50 86.27 86.30 86.17 86.06 85.67 85.98 85.82 86.06 86.16 86.04 86.00 85.87 85.97 86.50 86.78 87.21 87.17 87.02 86.87 86.77 86.78 86.94 87.09 87.06 87.17 87.13 87.10 87.15 87.15 87.24 86.35 86.30 86.26 86.15 87.44 85.68 85.63 85.75 86.19 85.09 85.06 85.08 85.58 85.62 85.68 85.26 85.11 86.30 86.02 85.74 86.56 86.45 86.34 86.82 86.79 85.37 85.98 86.17 86.73 86.44 85.86 86.03 86.75 86.42 86.64 86.90 86.77 86.85 86.81 86.77 86.45 86.37 86.20 85.61 86.54 86.75 86.35 86.19 85.83 85.73
-63°N ||     86.31 86.27 86.60 86.00 85.71 86.15 86.66 86.74 86.98 86.92 87.16 87.02 87.30 87.21 87.23 87.12 87.18 87.22 87.16 86.76 86.27 86.24 85.98 86.08 85.99 86.13 86.14 85.95 85.89 85.97 85.90 86.04 86.27 86.28 86.24 86.02 85.83 86.17 86.55 86.29 86.70 86.40 86.21 86.59 86.63 86.59 86.41 86.70 86.62 86.59 86.39 86.44 86.65 87.01 86.74 86.12 86.54 87.08 86.95 86.99 86.93 86.92 87.04 87.22 87.49 87.30 86.70 87.34 86.57 87.04 86.82 86.64 86.68 86.57 86.66 87.11 87.24 87.16 87.09 86.74 86.55 86.18 86.28 86.26 86.28 86.33 86.46 86.46 86.47 86.43 86.41 86.43 86.54 86.47 86.52 86.33 86.47 86.54 86.38 86.63 86.65 86.37 86.44 86.62 86.47 86.21 86.01 85.77 85.80 85.56 86.05 86.18 86.52 87.04 87.39 87.44 87.46 87.27 87.10 87.02 86.98 86.94 87.00 87.04 87.24 87.30 87.20 87.17 87.20 87.24 87.07 86.54 86.43 86.70 86.30 85.84 85.58 85.76 85.61 84.80 86.60 85.40 86.02 85.92 85.90 85.60 85.44 85.26 84.99 85.43 85.85 86.25 86.06 86.14 86.48 86.80 87.03 87.05 86.79 86.69 86.21 86.30 86.51 86.50 86.39 85.54 85.49 85.85 86.35 86.62 86.75 86.82 86.64 86.90 86.86 85.99 86.45 86.55 86.49 86.66
-61°N ||     87.01 86.07 85.69 86.29 86.59 86.78 86.75 86.10 86.22 86.42 85.99 86.23 86.76 86.22 87.67 86.32 86.70 86.65 87.13 86.88 86.81 86.77 86.78 86.18 86.00 85.80 86.76 86.50 85.96 86.07 86.52 86.81 86.84 86.73 86.69 86.41 86.06 86.26 86.18 86.15 86.57 85.88 86.31 86.62 86.34 85.36 86.83 86.98 87.01 86.95 86.92 87.05 87.03 86.71 86.30 87.20 87.20 87.00 87.20 87.19 87.12 86.97 87.07 87.14 87.36 87.60 87.41 86.90 87.48 87.50 87.35 87.11 86.30 87.00 87.18 86.75 86.72 86.82 86.69 86.42 85.55 85.58 86.28 86.54 86.31 86.24 86.11 86.40 86.54 86.51 86.57 86.49 86.50 86.67 86.58 86.63 86.59 86.42 86.55 86.66 86.72 86.58 86.50 86.49 85.92 86.49 86.39 86.41 86.42 86.53 86.64 86.70 86.80 86.98 87.21 87.25 86.83 86.77 86.82 86.59 87.67 87.23 86.66 86.90 87.09 87.16 87.32 87.39 87.13 87.34 87.61 87.42 85.32 87.27 87.14 86.94 85.82 86.02 86.01 86.43 85.63 85.54 85.46 85.57 85.65 85.56 85.56 85.33 85.57 85.49 85.77 85.75 85.82 85.93 85.97 86.95 87.42 87.37 87.36 87.25 87.09 86.88 86.69 86.47 86.42 86.08 85.68 85.92 86.04 85.04 85.84 86.56 86.69 86.44 85.44 85.80 86.02 86.86 86.90 86.86
-59°N ||     87.12 86.66 86.47 86.74 86.79 86.62 85.38 86.09 86.29 86.05 86.54 86.07 86.30 85.50 86.48 86.84 86.62 86.75 86.47 86.75 86.90 86.92 86.66 86.52 85.71 86.13 86.32 86.37 86.75 86.11 86.32 86.95 87.02 86.74 86.97 86.77 86.28 85.78 85.64 85.79 86.09 86.66 86.94 86.91 86.85 86.53 87.00 87.12 87.27 87.25 87.26 87.26 87.29 87.31 87.08 86.91 87.02 86.86 87.13 87.24 86.98 86.70 87.31 87.23 86.60 87.60 86.59 87.24 87.48 86.17 86.52 87.20 87.72 86.99 87.44 86.87 86.90 86.63 86.42 86.44 85.87 85.99 86.31 86.08 86.14 86.56 86.39 86.35 86.73 85.55 86.43 86.66 86.73 86.63 87.02 86.45 86.37 86.40 87.29 86.33 86.24 86.65 86.50 86.52 86.59 86.63 86.60 86.52 86.50 86.80 86.88 87.06 87.12 87.12 86.97 86.62 86.66 86.76 86.41 85.95 85.99 86.04 86.72 87.11 87.43 87.53 87.59 87.53 87.60 87.73 87.56 87.54 87.32 87.18 87.24 87.02 86.54 85.45 84.91 85.24 87.19 87.03 85.00 85.03 86.40 85.38 85.50 84.85 85.50 85.89 85.40 85.48 86.01 86.64 86.90 87.08 87.23 87.18 87.27 87.27 87.25 87.19 87.09 86.96 86.58 86.28 85.95 85.88 86.09 85.89 86.83 85.26 86.03 86.24 85.94 86.58 86.79 86.61 86.87 87.00
-57°N ||     86.99 87.02 87.16 87.37 87.03 85.84 86.25 86.10 85.69 85.76 85.87 87.33 85.82 85.95 85.57 85.65 86.31 86.75 86.35 86.22 87.28 86.27 86.32 86.30 85.57 86.21 86.46 86.43 86.39 85.60 85.07 86.98 86.78 86.87 86.84 86.57 86.70 86.18 86.00 86.05 85.86 86.43 86.65 86.77 86.85 86.60 86.16 86.09 86.89 87.29 87.31 87.36 87.23 87.21 87.01 86.42 86.25 86.27 86.03 85.89 86.51 87.67 86.86 86.28 87.51 87.80 87.68 86.81 88.69 84.94 87.95 86.84 86.45 87.07 86.71 87.48 87.65 87.44 87.16 87.72 87.74 87.06 86.42 86.49 86.71 86.45 86.51 86.27 86.22 86.53 86.60 86.69 86.41 86.10 86.11 86.05 86.07 86.16 86.57 86.15 85.88 86.02 86.00 86.06 86.03 86.63 86.66 86.82 86.96 87.08 87.18 87.28 87.39 87.44 87.35 87.12 87.22 87.22 87.34 87.10 87.01 87.19 87.53 87.75 87.90 87.89 87.91 87.90 87.91 88.13 87.74 87.66 87.51 87.65 87.58 87.51 87.46 87.08 85.32 86.40 87.25 87.49 85.59 85.80 86.34 86.16 85.79 85.56 85.53 85.91 86.37 86.53 86.66 86.42 86.82 86.63 87.07 86.58 85.78 86.03 87.13 87.23 87.18 86.93 86.55 86.27 86.02 86.00 86.11 86.02 85.71 85.57 86.06 86.14 87.00 86.07 86.07 86.18 86.47 86.92
-55°N ||     87.08 87.11 87.21 87.26 86.76 86.72 86.65 86.25 86.07 86.57 86.52 86.42 86.26 86.36 86.03 86.26 86.74 86.67 86.67 86.62 86.11 85.42 85.42 87.26 85.37 86.26 86.58 86.59 86.56 86.29 86.06 86.89 86.87 86.76 86.89 86.59 86.34 86.07 85.69 85.58 85.69 85.57 85.52 85.73 86.49 86.18 86.01 86.37 86.88 87.10 87.30 87.32 87.34 86.94 86.55 85.66 86.02 85.57 85.88 87.44 86.40 87.81 87.93 87.52 86.51 89.23 89.15 89.41 89.09 89.12 89.14 88.21 86.11 86.72 87.65 87.04 86.91 87.53 87.41 87.34 86.91 86.64 86.78 86.75 86.66 86.52 86.52 86.28 86.39 86.10 86.36 86.55 86.77 86.46 86.55 86.92 87.52 86.56 86.51 86.60 86.57 86.49 85.89 86.04 85.86 86.12 86.84 86.93 87.11 87.27 87.39 87.48 87.62 87.73 87.72 87.82 87.89 87.96 88.00 88.26 88.67 88.83 88.94 89.09 89.33 88.92 88.60 88.56 89.31 88.25 87.96 87.89 87.79 87.62 87.75 87.69 86.46 87.22 87.10 86.79 86.63 86.45 86.57 86.61 85.48 85.94 86.09 86.08 86.43 86.73 87.04 87.04 87.55 87.31 86.65 86.83 87.01 85.77 85.95 87.24 87.00 86.82 86.66 86.70 86.34 86.21 86.37 86.57 86.81 86.60 86.58 85.96 86.67 86.30 86.08 86.16 86.39 86.76 86.80 87.02
-53°N ||     87.15 86.81 86.88 87.38 87.54 86.19 86.92 87.03 87.01 86.83 86.94 86.48 86.27 86.63 86.62 86.61 86.34 86.69 86.61 86.70 86.58 85.90 85.55 86.68 86.24 86.52 87.41 86.48 86.66 86.47 86.78 86.67 86.68 86.84 86.75 86.73 86.69 85.89 85.58 85.55 85.43 85.58 86.07 86.28 86.50 86.64 86.78 86.73 87.38 87.81 86.40 86.47 86.76 86.53 86.64 87.11 86.94 86.23 86.12 86.99 86.43 87.87 87.94 88.04 89.99 89.62 89.21 89.22 89.28 89.32 89.30 89.01 88.25 87.93 87.34 87.20 87.43 87.64 87.08 87.27 87.42 87.29 87.18 87.01 86.81 87.50 86.91 86.56 86.71 86.74 86.46 86.39 86.26 86.72 86.18 86.02 86.36 86.45 86.55 86.41 86.57 86.65 86.19 85.41 86.70 86.45 86.65 86.95 87.06 87.13 87.48 87.60 87.78 87.91 87.98 88.16 88.70 89.00 89.82 90.81 91.61 92.20 92.45 92.56 92.62 91.99 91.77 91.89 91.93 91.78 90.47 88.27 88.27 88.66 87.72 87.86 87.88 87.70 86.84 86.86 87.02 86.58 86.67 86.31 86.47 87.11 86.37 86.37 86.47 86.22 86.52 86.88 87.21 87.36 87.73 87.11 86.99 85.57 87.29 86.97 87.12 87.15 87.16 86.86 86.61 86.57 86.25 86.62 86.01 86.60 86.81 86.16 85.57 85.57 86.17 86.76 86.82 86.91 87.10 87.14
-51°N ||     87.09 86.95 86.64 86.74 87.25 87.11 87.01 86.28 87.18 86.77 86.44 86.69 86.56 86.79 86.64 86.54 86.63 85.96 86.49 86.57 86.36 86.00 85.52 85.33 84.98 86.28 85.93 86.33 86.63 86.63 86.51 86.71 86.42 86.28 86.52 86.24 86.28 86.15 85.86 85.07 85.04 84.86 85.27 86.34 86.53 86.71 86.80 86.43 87.45 87.74 86.33 86.34 85.85 85.55 86.55 87.43 87.56 87.53 86.75 86.14 86.06 86.27 87.97 88.97 89.57 89.07 89.40 89.26 89.25 89.25 89.26 89.33 88.26 88.32 88.64 89.40 87.43 87.48 87.21 87.24 87.36 87.29 86.95 86.77 86.55 87.02 86.34 86.48 86.72 86.69 86.65 86.71 86.83 86.90 86.62 86.23 86.36 86.45 86.52 86.13 86.69 86.40 86.07 86.52 86.38 86.54 86.86 87.11 87.30 87.32 87.69 87.80 87.84 88.08 88.34 89.07 89.88 90.92 91.92 92.94 93.25 93.67 93.80 93.79 93.94 93.98 93.84 93.85 93.74 93.55 93.85 93.31 89.95 89.86 88.75 87.98 87.51 86.47 85.62 87.28 86.98 86.39 87.26 86.30 85.77 86.05 86.43 86.99 86.76 86.84 87.17 87.20 87.10 87.00 86.42 87.00 87.04 87.15 87.08 87.11 87.05 86.60 86.75 87.10 87.06 86.87 86.37 87.06 86.70 87.02 86.67 86.27 86.69 86.10 86.22 86.51 86.64 86.87 86.94 87.06
-49°N ||     86.28 86.53 86.40 86.79 87.42 87.56 87.65 87.03 87.05 86.11 86.57 86.15 86.12 85.97 86.29 86.09 86.02 86.07 85.31 85.58 85.92 86.20 85.41 85.24 85.93 85.70 86.08 86.63 86.61 86.60 86.41 86.65 86.31 85.04 85.03 85.20 85.55 85.55 85.61 85.08 84.89 84.97 85.15 86.05 86.41 86.59 86.62 86.61 86.54 86.43 86.25 85.92 85.42 85.20 85.49 85.95 86.98 87.04 86.40 86.17 87.67 87.83 87.93 88.13 89.12 89.84 89.32 89.37 89.27 89.56 89.61 89.07 88.60 87.60 87.92 87.22 87.20 87.48 87.16 87.27 87.27 87.23 87.01 86.70 86.70 86.29 86.44 87.60 87.05 86.73 86.49 86.68 87.20 87.20 86.73 86.43 85.85 86.86 86.21 86.19 86.15 86.15 86.43 86.77 86.84 86.49 86.43 87.14 87.30 87.52 87.27 87.68 88.03 88.55 89.83 90.95 91.95 92.55 93.29 93.67 94.13 94.25 94.13 94.11 93.38 93.90 93.97 94.04 93.96 93.93 93.95 93.95 93.79 93.26 91.28 89.73 87.93 87.45 87.72 87.40 87.58 87.07 86.15 86.71 86.86 85.92 86.62 86.40 86.90 87.03 86.39 86.86 86.85 86.81 86.69 87.07 86.90 86.71 86.37 86.38 85.12 85.97 86.75 86.58 86.29 86.82 87.16 87.38 86.86 87.39 87.31 87.07 87.02 86.57 86.14 85.70 85.91 86.15 86.51 86.67
-47°N ||     86.08 86.58 86.35 86.30 86.94 87.40 86.84 86.36 86.87 86.48 86.18 86.31 85.27 86.65 85.48 85.73 84.85 85.11 85.91 85.69 86.20 85.56 85.93 86.26 86.21 86.60 86.00 86.37 86.55 86.52 86.53 86.53 86.59 85.77 85.57 85.72 86.02 86.08 86.07 85.76 85.32 85.19 85.57 85.69 85.54 86.20 86.21 86.31 86.09 86.13 85.78 85.60 85.21 85.21 85.12 85.48 85.83 85.77 86.33 86.77 85.79 87.45 87.13 87.90 87.87 89.41 89.80 89.73 89.61 89.78 89.68 89.28 88.87 87.67 87.86 87.83 87.25 87.21 87.03 86.54 87.16 86.96 86.88 86.84 86.52 86.57 86.33 86.58 86.89 86.78 86.87 86.89 87.33 86.85 86.63 85.90 86.24 86.08 86.40 86.96 86.21 85.82 86.07 86.40 87.22 87.23 86.84 87.12 87.46 87.40 87.26 87.51 87.92 88.27 91.86 93.44 93.82 94.22 94.23 94.10 93.78 93.98 94.19 94.15 93.92 93.67 93.47 93.82 93.97 93.88 93.90 93.74 93.76 93.69 93.15 91.81 90.16 88.24 87.86 87.73 87.67 87.59 87.14 86.74 87.27 87.25 86.74 87.09 87.04 87.04 87.05 86.49 86.32 86.70 86.30 86.60 86.65 86.06 85.68 86.40 87.10 87.20 86.33 86.23 86.72 87.21 87.09 87.25 87.39 87.31 87.27 87.21 86.44 86.44 86.15 86.68 86.37 86.21 86.59 86.46
-45°N ||     86.63 86.71 86.56 86.61 86.86 86.83 86.94 86.97 87.08 86.30 86.04 86.61 86.08 85.88 85.97 85.98 86.89 85.89 86.30 86.42 86.18 86.46 86.99 86.07 86.44 86.66 86.50 86.37 86.37 86.33 86.18 86.29 86.21 86.00 86.01 85.97 86.00 86.03 86.15 86.17 85.82 85.72 85.91 85.81 85.77 86.00 86.00 85.77 85.58 85.37 85.28 85.27 85.21 84.69 84.48 85.69 86.13 86.27 86.64 86.90 87.18 87.14 87.46 87.56 87.52 88.40 89.03 91.14 90.81 90.13 89.89 89.52 88.22 87.96 87.80 87.91 87.11 87.07 87.04 87.72 86.73 86.94 86.67 86.62 86.55 86.45 86.45 86.94 86.92 86.83 86.71 86.80 86.98 86.78 86.57 86.66 86.29 86.32 86.26 86.97 85.37 86.08 86.28 86.34 86.95 86.32 86.91 87.12 87.31 87.33 87.41 87.33 87.93 89.68 93.50 93.86 94.26 94.24 94.09 94.26 94.18 94.27 94.18 94.19 94.07 94.27 94.22 93.80 93.78 94.09 93.88 93.80 93.81 93.70 93.12 92.73 91.05 88.84 87.98 87.84 87.67 87.76 85.94 87.26 87.30 87.05 87.18 86.92 86.73 87.09 86.78 86.57 86.82 86.56 86.64 86.30 86.06 86.15 85.59 84.80 86.07 85.89 86.44 87.24 87.32 87.24 86.77 87.36 86.90 86.96 87.22 87.14 86.44 86.48 86.49 85.66 85.72 86.34 86.54 86.45
-43°N ||     87.14 86.39 87.24 86.88 87.13 86.83 86.93 86.90 86.67 86.43 86.05 86.12 85.93 85.71 86.08 86.11 86.50 86.57 86.44 86.41 85.88 86.13 86.33 86.34 86.03 86.39 86.50 86.50 85.80 86.11 85.96 86.25 86.29 85.78 85.91 85.90 85.94 86.06 86.26 86.36 85.74 85.48 84.38 84.45 85.35 85.79 85.62 85.36 85.40 85.09 84.97 84.98 84.86 84.96 85.01 85.81 85.91 86.05 86.19 86.58 86.56 86.65 87.06 86.59 87.77 87.68 88.08 88.20 88.44 88.59 88.33 88.32 87.80 87.97 87.86 87.23 87.14 87.30 87.19 87.29 87.08 87.96 86.66 86.86 86.71 86.70 86.56 86.98 86.95 86.71 86.62 86.78 86.84 86.75 86.72 86.47 86.65 86.44 86.75 86.26 86.18 86.29 86.12 85.67 85.73 86.09 86.82 87.41 87.02 87.20 87.30 87.36 88.10 91.60 93.78 94.25 94.23 94.14 94.22 94.28 94.23 94.26 94.17 94.26 94.25 93.87 94.01 93.96 94.14 93.99 93.84 93.82 93.66 93.33 92.12 91.98 91.10 89.40 88.05 87.98 87.85 87.89 87.69 87.64 87.48 87.33 87.16 87.00 87.00 87.51 87.23 87.09 87.03 86.69 86.64 86.33 86.02 86.01 86.09 86.11 85.87 85.97 86.68 87.37 87.50 87.45 87.32 87.23 86.90 87.09 87.07 87.19 85.86 86.67 86.71 87.33 86.37 86.62 86.92 86.87
-41°N ||     87.28 87.21 87.24 87.51 87.36 86.75 86.85 86.75 87.27 87.53 87.93 87.82 86.90 86.17 86.45 86.30 85.85 86.13 85.79 86.19 85.81 86.39 86.34 86.33 86.12 85.21 85.79 85.99 86.23 85.74 85.60 85.89 85.70 85.71 85.46 85.79 85.87 86.06 86.11 83.83 83.49 83.29 81.29 81.00 81.09 83.67 83.66 83.66 84.52 84.91 84.59 85.00 84.72 84.92 84.88 84.94 85.05 85.60 86.49 86.35 85.97 85.36 86.77 87.29 87.26 87.67 87.67 87.85 88.09 88.14 88.12 87.81 87.97 87.55 87.60 87.60 87.45 88.04 87.40 87.04 87.23 87.13 86.82 86.83 86.66 86.67 86.75 87.05 87.05 86.92 86.68 86.86 86.60 86.65 86.75 86.25 86.08 86.59 86.54 86.41 86.05 86.12 85.60 85.33 86.97 86.24 86.64 87.13 87.15 87.17 87.34 87.54 88.06 91.66 93.41 94.26 94.17 93.91 94.26 94.27 94.24 94.22 94.26 94.27 94.22 93.88 94.11 94.18 94.06 94.15 94.01 93.80 93.09 92.37 91.98 91.59 90.54 89.15 88.39 88.00 88.22 87.50 87.35 87.57 86.67 86.85 87.19 87.28 87.32 87.28 87.20 87.18 87.20 86.64 86.50 86.44 86.19 86.58 86.56 86.32 86.24 86.19 86.81 87.15 87.27 87.17 87.24 87.17 86.48 86.91 86.92 86.19 86.09 86.81 86.73 86.78 86.87 87.06 87.22 86.93
-39°N ||     87.14 87.27 87.02 86.68 87.41 86.61 87.07 86.96 86.26 86.67 87.67 87.66 86.50 86.17 86.78 86.50 86.75 86.26 86.51 86.59 86.75 86.00 86.76 86.76 86.48 86.49 86.25 85.97 86.12 86.00 85.86 83.82 85.03 85.48 85.49 85.68 85.84 85.81 85.03 84.88 84.23 82.80 82.43 82.53 82.94 83.08 82.97 83.25 82.59 83.81 84.61 84.64 84.67 84.78 84.95 84.99 85.24 85.60 85.68 86.21 86.21 86.36 85.88 86.12 86.84 86.24 87.33 87.99 87.91 87.90 87.91 87.90 87.66 87.55 87.65 87.57 87.51 87.37 87.25 87.26 87.22 87.21 87.07 86.92 86.89 86.66 87.00 87.21 86.94 86.88 87.09 87.13 87.05 86.64 86.79 86.47 86.48 86.43 86.39 86.77 86.12 86.29 85.91 86.03 85.92 85.87 86.59 87.01 87.21 87.24 87.22 87.67 88.12 90.15 93.25 94.27 94.23 94.21 94.17 94.23 94.27 94.27 94.27 94.27 94.24 94.09 94.26 94.17 94.23 94.05 93.87 93.37 92.57 92.08 91.32 90.81 90.42 89.81 88.32 87.81 87.72 87.25 87.30 87.20 87.21 87.38 87.43 87.35 86.70 87.24 87.28 87.35 87.16 87.01 86.67 86.91 86.68 86.38 86.93 86.79 86.49 86.35 86.37 86.58 86.92 87.04 87.38 87.23 86.97 86.93 87.06 86.88 87.18 87.09 87.12 86.86 86.98 87.18 87.31 87.41
-37°N ||     87.41 87.26 87.28 86.95 87.73 87.55 87.24 86.50 85.99 85.31 84.99 85.99 85.88 86.76 87.12 87.09 87.09 87.08 86.93 86.84 86.83 86.80 86.46 86.68 86.35 85.96 86.06 85.57 85.44 86.00 85.88 84.92 85.09 84.43 85.21 84.24 84.89 82.80 82.94 84.85 82.74 81.87 83.32 83.36 83.25 83.20 83.42 84.21 83.53 83.49 83.25 83.93 84.60 85.12 85.13 85.26 85.15 85.76 85.89 85.69 85.67 86.46 86.44 86.78 87.16 87.07 87.47 87.60 86.39 87.74 87.52 87.58 87.62 87.69 87.60 87.50 87.42 87.41 87.41 87.25 87.06 86.92 86.65 87.70 86.96 86.77 86.77 86.68 87.12 86.89 87.01 87.14 87.10 86.91 86.48 86.76 86.40 86.32 86.71 86.65 86.07 86.03 85.86 86.05 86.24 86.20 87.48 86.69 87.13 87.30 87.34 87.41 87.74 89.70 91.56 94.05 94.26 94.14 93.86 94.27 94.27 94.27 94.15 94.27 94.15 94.20 94.14 94.19 94.17 94.11 93.98 93.04 91.90 91.38 90.63 90.16 89.31 88.34 88.04 87.83 87.39 87.48 87.10 87.13 87.00 87.11 87.35 87.37 87.34 87.23 87.37 87.26 87.19 87.14 87.00 87.03 87.20 87.04 86.94 86.28 86.61 86.54 86.10 86.08 86.77 86.94 87.35 87.02 87.05 87.16 87.28 87.26 87.24 87.22 87.05 86.88 87.43 87.52 87.43 87.68
-35°N ||     87.39 87.73 87.27 86.65 87.20 86.64 86.49 86.72 86.10 85.33 85.18 86.06 86.74 86.90 87.05 86.97 87.08 85.67 86.86 86.80 86.73 86.53 86.50 86.34 85.82 86.07 85.88 85.74 85.18 85.34 85.01 84.87 84.98 84.68 84.83 85.01 84.27 82.71 82.82 82.77 82.16 83.31 84.08 83.96 83.61 83.90 83.69 83.78 84.07 84.13 83.92 82.99 83.84 84.98 85.35 85.56 85.56 85.58 85.60 85.69 85.88 86.07 86.04 87.06 87.01 86.45 86.70 87.06 86.99 87.57 87.50 87.59 87.45 87.22 87.33 87.45 87.46 87.44 87.57 87.37 87.09 86.82 86.99 86.84 86.93 86.62 86.51 86.66 86.79 86.86 86.90 87.07 87.00 86.60 86.63 86.60 86.83 87.00 86.41 86.27 86.29 85.69 85.83 86.20 86.39 86.34 86.40 86.77 87.22 87.13 87.11 87.23 87.50 87.68 89.09 91.51 94.26 94.25 94.07 94.00 94.26 94.27 93.81 94.04 94.17 94.19 94.19 94.13 94.17 94.07 93.41 91.17 90.11 90.11 89.67 89.08 89.29 88.32 88.26 88.19 87.57 87.35 86.64 87.10 86.90 87.03 87.16 87.22 87.33 87.39 87.28 87.11 86.54 86.54 86.65 86.92 86.65 86.46 86.78 86.97 86.76 86.44 86.80 87.02 86.87 86.87 86.72 86.94 86.90 86.48 87.30 87.37 87.14 87.09 87.23 87.29 87.65 87.54 87.29 86.77
-33°N ||     87.45 87.51 86.65 86.50 86.70 85.86 86.28 85.35 85.38 85.98 85.92 86.18 86.81 86.95 87.18 86.88 87.09 87.11 86.80 86.80 86.07 86.54 86.47 86.44 86.13 85.86 85.87 85.67 85.44 85.15 84.98 84.11 84.53 84.30 83.94 84.15 83.44 82.38 82.20 81.45 81.72 83.35 84.29 83.86 84.64 83.95 84.91 84.99 84.71 84.75 84.10 83.09 82.21 83.99 84.96 85.55 85.52 85.59 85.63 85.61 86.01 86.43 86.27 87.03 87.09 87.14 87.11 87.11 87.04 86.90 87.09 87.45 87.41 87.22 87.49 87.24 87.55 87.40 87.36 87.43 87.26 87.09 87.25 86.99 86.93 86.82 86.76 86.66 86.66 86.75 86.80 86.50 86.72 86.88 86.67 86.78 86.57 86.81 86.52 86.00 86.17 85.98 85.72 85.94 86.20 86.32 86.31 86.24 86.87 87.12 86.98 86.94 86.75 87.04 87.53 88.67 92.65 93.95 94.26 94.19 94.19 93.94 94.12 94.14 94.23 94.23 94.12 94.10 93.33 92.21 91.46 89.75 88.64 88.53 88.42 88.40 88.85 88.54 88.09 88.03 87.80 87.37 87.10 87.01 86.88 86.84 86.99 86.96 87.06 87.17 87.14 86.92 86.80 86.61 86.09 85.98 86.10 86.06 86.71 86.32 86.66 86.90 86.46 86.73 86.61 86.55 86.89 87.01 87.19 86.84 86.98 87.34 86.74 87.18 87.19 87.31 87.42 87.27 87.03 87.00
-31°N ||     87.39 86.83 86.72 86.65 86.03 86.12 85.59 86.04 86.18 86.03 86.21 86.25 86.62 86.87 87.10 87.09 87.09 86.65 86.53 86.80 86.41 86.47 86.39 86.31 86.11 86.05 85.83 85.62 85.30 84.96 84.67 84.50 84.45 83.81 83.65 84.25 83.34 82.17 82.33 81.45 82.52 83.40 83.82 84.44 84.70 84.94 84.96 85.18 85.17 85.30 84.31 83.09 83.52 83.64 83.80 83.76 85.18 85.76 85.75 86.08 86.46 86.81 87.01 87.05 87.18 87.14 87.19 87.29 87.23 87.19 87.27 87.76 87.22 87.04 87.17 87.19 87.26 87.34 87.46 87.44 87.47 87.40 87.23 87.24 87.12 86.83 86.58 86.44 86.63 86.68 86.68 86.77 86.52 86.73 86.80 86.70 86.76 86.65 86.61 86.20 86.17 86.62 86.31 86.12 86.39 86.55 86.63 86.35 86.89 87.09 87.26 86.94 87.25 87.18 87.69 87.68 88.64 89.52 90.30 93.69 94.12 94.26 94.05 94.19 94.11 94.16 93.90 93.44 90.46 88.68 89.88 89.30 88.28 88.25 88.17 87.94 87.91 88.08 88.04 87.87 87.82 87.11 87.16 86.93 87.01 86.68 86.80 86.78 86.80 86.87 86.97 86.80 86.61 86.62 86.28 86.20 86.79 86.00 85.83 85.64 86.75 87.03 87.29 86.84 86.99 87.12 87.22 87.15 87.18 87.05 86.94 87.13 86.86 87.10 87.08 86.92 87.09 87.21 87.18 87.13
-29°N ||     87.38 86.82 85.54 86.64 86.02 85.85 86.38 85.94 86.29 86.11 86.10 86.32 86.84 87.01 87.09 87.04 87.01 86.00 86.86 86.83 86.63 86.38 86.37 86.25 86.16 85.99 85.82 85.51 85.17 84.87 84.60 84.26 84.04 83.99 83.96 83.12 83.17 82.65 81.15 80.17 82.42 83.58 84.03 84.36 84.72 85.02 85.21 85.35 85.45 85.45 85.41 85.25 84.52 84.54 84.44 83.66 83.98 84.52 85.71 86.02 86.52 87.07 87.16 87.13 87.33 87.16 87.04 87.14 87.31 87.28 87.39 87.58 87.40 87.13 87.31 87.50 87.35 87.33 87.56 87.52 87.48 87.49 87.33 87.40 86.96 86.93 86.80 86.60 86.49 86.66 86.72 86.78 86.89 86.82 86.79 86.72 86.74 86.31 86.65 86.31 86.75 86.81 86.53 86.52 86.76 86.86 86.93 86.84 86.32 87.04 86.79 87.22 87.32 87.40 86.90 87.10 87.86 87.80 88.32 88.34 89.36 89.39 91.09 93.13 91.89 92.22 90.54 91.15 88.62 88.13 87.95 87.79 87.99 88.07 87.96 87.77 87.85 87.84 87.80 87.51 87.48 87.27 87.07 86.96 86.92 86.80 86.77 86.83 86.83 86.86 86.89 86.70 86.68 86.26 86.48 86.07 85.58 85.84 86.56 85.57 86.55 86.94 87.08 86.67 87.11 86.39 87.06 87.20 87.01 86.90 87.05 86.94 86.75 86.86 86.90 87.09 86.96 87.08 87.19 87.31
-27°N ||     87.11 86.76 86.72 86.66 86.12 86.00 86.57 85.70 86.15 86.49 86.39 86.73 86.68 86.82 87.09 86.89 87.08 86.35 86.85 86.32 86.34 86.36 86.24 86.21 86.01 85.89 85.74 85.60 85.12 84.79 84.43 84.10 83.68 83.70 83.52 83.72 83.94 82.44 82.14 80.43 82.70 83.62 84.01 84.45 84.81 85.12 85.34 85.49 85.58 85.74 85.73 85.80 85.54 84.91 84.91 85.02 85.32 85.30 85.21 85.20 84.97 86.56 87.19 87.21 87.18 87.20 87.27 87.40 87.25 87.18 87.21 87.59 87.67 87.80 87.51 87.27 87.48 87.49 87.62 87.62 87.60 87.59 87.51 87.34 87.25 87.04 87.10 87.11 86.79 86.69 86.65 86.84 86.86 86.49 86.64 86.76 86.77 86.51 86.50 86.49 86.74 86.92 86.47 86.72 86.91 86.80 87.03 86.49 86.11 86.36 86.92 86.96 87.18 87.02 86.98 87.05 87.03 87.82 87.78 87.90 88.00 88.08 88.21 88.28 88.38 88.84 89.46 88.90 88.64 88.10 87.80 87.97 87.96 87.87 87.63 87.74 86.16 87.78 87.77 86.66 87.13 86.86 86.79 86.79 86.82 86.83 86.83 86.84 86.75 86.71 86.68 86.45 85.99 85.88 85.75 86.04 86.62 85.68 85.77 86.42 86.07 86.51 86.95 86.93 87.26 86.53 87.11 86.90 87.08 87.19 87.12 86.98 86.61 86.40 86.45 86.81 86.81 86.87 87.17 87.22
-25°N ||     87.19 86.59 86.92 86.68 86.62 86.59 86.73 87.03 86.54 86.85 86.67 87.16 87.16 87.09 87.17 86.99 87.03 86.68 86.33 86.75 86.41 86.26 86.21 86.07 85.93 85.72 85.56 85.39 84.99 84.51 84.16 83.85 83.57 83.38 83.32 82.59 83.02 83.42 82.14 82.51 82.98 83.56 84.09 84.47 84.71 85.00 85.18 85.43 85.59 85.61 85.79 85.84 85.56 85.16 84.23 85.00 85.32 85.50 85.50 85.35 84.59 85.89 87.00 87.05 87.15 87.17 87.16 86.73 86.93 87.05 87.11 87.14 87.49 87.89 87.99 87.58 87.67 87.72 87.83 87.67 87.67 87.61 87.79 87.54 87.66 87.24 87.30 87.31 87.28 86.76 87.06 86.96 87.15 86.42 86.80 86.76 86.77 86.37 86.04 86.71 86.73 86.62 86.69 86.73 86.60 86.24 86.64 86.02 85.82 86.18 86.46 86.56 86.89 86.75 87.16 87.49 87.25 87.65 87.78 87.87 87.95 87.88 87.83 88.19 87.93 88.48 88.21 87.84 87.76 87.65 87.75 87.59 87.58 87.72 87.58 87.04 86.97 87.24 86.48 86.91 86.79 86.61 86.47 86.52 86.61 86.67 86.91 86.71 86.66 86.53 86.48 86.28 85.92 85.53 85.69 85.97 86.33 85.92 85.39 85.84 85.74 86.15 86.56 86.95 86.63 86.66 87.05 86.64 86.92 87.05 87.04 86.69 86.39 86.89 86.95 86.78 86.90 87.22 87.40 87.15
-23°N ||     87.14 87.14 86.70 86.72 86.64 86.75 86.94 87.08 87.19 87.25 87.23 87.20 87.33 87.39 87.17 87.29 86.11 86.40 86.81 86.44 86.43 86.17 86.16 86.05 85.86 85.57 85.33 84.98 84.57 84.18 83.82 83.42 83.21 83.09 83.16 83.09 82.20 82.61 82.08 82.38 82.93 83.54 83.92 84.20 84.46 84.71 84.97 85.22 85.49 85.64 85.92 85.90 85.89 85.54 84.76 84.96 85.29 85.31 85.27 84.91 84.19 86.10 86.87 86.93 86.67 86.85 87.06 86.76 87.07 87.05 86.90 87.27 87.38 87.72 87.82 87.91 87.62 87.71 87.64 87.75 87.74 87.69 87.70 87.85 87.63 87.40 87.47 87.55 87.45 86.58 87.13 86.96 87.18 87.20 87.22 86.84 86.75 87.56 86.62 86.30 86.46 86.26 86.05 85.90 86.19 86.59 85.88 85.83 85.52 86.12 86.37 86.78 86.67 86.34 86.30 86.55 87.05 87.24 87.42 87.57 87.81 87.66 87.82 87.93 87.94 88.15 87.91 87.65 87.65 87.55 87.30 87.34 87.46 87.53 86.95 86.47 85.87 86.06 86.43 86.74 86.54 86.35 86.04 86.19 86.49 86.59 86.65 86.73 86.48 86.42 86.35 86.29 86.48 86.35 86.42 85.89 86.37 85.92 85.54 85.88 85.49 86.32 86.53 86.76 86.76 86.91 86.83 86.95 86.88 87.32 86.86 87.53 86.84 86.91 86.98 86.93 86.78 87.28 87.51 87.14
-21°N ||     86.96 87.05 86.71 86.72 86.70 86.72 86.99 87.49 87.28 87.22 87.10 87.15 87.23 87.09 87.20 87.27 86.97 86.66 86.69 86.49 86.31 86.13 86.07 85.91 85.72 85.49 85.08 84.59 84.04 83.60 83.27 82.90 82.68 82.65 82.81 82.29 82.48 81.72 81.88 82.43 82.84 83.28 83.56 83.84 84.16 84.39 84.73 84.97 85.24 85.46 85.61 85.81 85.85 85.46 84.96 85.26 84.86 85.16 84.84 84.48 84.56 84.92 86.77 86.74 86.81 86.70 87.00 87.09 87.05 87.08 87.17 87.17 87.34 87.52 87.84 87.99 87.81 87.73 87.81 87.84 87.78 87.75 87.72 87.83 87.77 87.84 87.55 87.57 87.44 87.17 87.05 87.18 87.30 87.33 87.02 86.92 86.77 86.46 86.41 86.57 86.66 86.75 85.82 86.18 86.43 86.34 86.55 85.63 85.54 85.98 86.40 86.05 86.49 86.48 86.56 86.79 86.89 87.21 87.29 87.57 87.67 87.75 87.47 87.86 87.69 87.61 87.65 86.97 87.29 87.30 87.21 87.09 87.41 86.96 86.60 86.36 85.28 85.44 86.28 86.16 86.37 86.35 85.99 85.66 86.51 86.61 86.63 86.65 86.64 86.43 86.19 85.95 85.67 85.98 86.69 85.99 86.17 86.10 85.62 86.32 86.19 86.37 86.24 86.23 86.78 86.90 87.09 86.91 86.67 87.29 87.38 87.13 87.17 87.36 87.29 86.89 86.56 87.02 87.03 86.82
-19°N ||     86.28 86.58 86.60 86.44 86.77 87.00 87.26 87.70 87.68 87.45 87.34 87.15 87.23 87.21 87.35 87.20 86.98 86.94 86.53 86.48 86.31 86.08 85.93 85.66 85.48 85.21 84.81 84.10 83.21 82.74 82.44 82.30 82.16 82.29 82.54 80.87 82.17 81.63 81.78 82.09 82.29 82.68 82.99 83.29 83.67 84.04 84.41 84.70 85.03 85.25 85.39 85.50 85.66 85.60 85.17 84.74 84.72 84.71 84.84 84.73 84.35 85.76 86.55 86.50 86.68 86.83 87.12 87.15 87.19 87.04 87.15 87.31 87.50 87.74 88.09 88.12 88.06 87.75 87.87 87.86 88.01 87.83 87.77 87.75 87.88 87.93 87.68 87.51 87.51 87.57 87.44 87.33 87.36 87.29 86.98 87.04 86.74 86.66 86.86 86.21 86.56 86.65 86.02 86.37 85.96 86.30 85.62 85.44 85.95 85.98 85.78 86.15 86.13 86.32 86.43 86.58 86.63 86.57 86.63 87.38 87.51 87.52 87.58 87.57 87.43 87.43 87.11 87.12 87.18 87.09 87.04 86.61 86.46 86.69 86.44 86.16 85.72 85.58 86.00 86.21 86.48 86.50 86.68 86.67 86.53 86.57 86.59 86.61 86.48 86.38 86.56 86.04 85.72 85.83 86.24 86.37 86.27 86.44 85.96 86.36 86.46 86.27 86.17 86.09 86.60 86.61 86.51 86.44 87.03 87.33 87.50 87.59 87.63 87.75 87.57 87.59 87.49 87.31 87.35 86.32
-17°N ||     86.33 86.32 86.46 86.81 86.83 87.04 87.53 87.61 87.61 87.55 87.45 87.25 87.30 86.83 87.29 87.57 87.10 87.09 86.78 86.43 86.28 86.08 85.70 85.39 85.18 84.87 84.37 83.23 82.26 81.66 81.57 81.66 81.86 82.04 81.70 81.02 81.45 81.67 81.52 81.39 81.51 81.94 82.37 82.68 83.22 83.64 84.04 84.34 84.70 85.00 85.12 85.34 85.36 85.44 85.07 84.68 84.15 84.18 84.74 84.61 84.36 85.90 86.51 85.97 86.38 88.34 89.13 88.02 87.11 87.22 86.90 87.24 87.46 87.64 88.09 88.06 88.08 87.74 87.90 87.78 87.88 87.84 87.85 87.84 87.86 87.84 87.74 87.74 87.69 87.58 87.34 87.38 87.38 87.27 87.12 87.09 86.80 86.85 86.54 87.09 86.66 86.44 86.05 86.05 86.03 85.96 86.08 85.58 86.08 86.03 86.19 86.01 85.81 85.79 86.11 86.17 86.33 86.88 86.95 86.54 86.98 86.90 87.06 87.08 87.01 87.33 87.26 87.25 87.15 87.05 86.57 86.62 85.67 86.03 86.18 86.03 85.47 85.50 86.04 86.29 86.56 86.58 86.69 86.76 86.58 86.54 86.51 86.45 86.41 86.18 86.32 86.24 85.91 86.03 85.90 85.97 86.23 86.45 86.24 86.71 86.44 86.40 86.19 86.00 86.90 86.05 86.35 86.57 87.03 87.46 87.57 87.68 87.68 87.77 87.84 87.63 87.65 87.49 87.64 87.21
-15°N ||     87.40 86.32 87.12 86.92 87.19 87.33 87.84 87.77 87.51 87.56 87.55 87.28 87.14 87.18 87.31 87.54 86.40 87.14 87.30 86.54 86.35 86.04 85.75 85.43 85.02 84.49 83.60 82.11 80.57 80.09 80.59 81.22 81.41 81.70 81.86 81.79 82.00 82.03 81.27 80.90 80.86 81.48 81.86 82.21 82.76 83.36 83.79 84.11 84.33 84.49 84.51 84.93 85.13 85.13 84.79 84.66 84.26 85.26 84.54 85.44 85.81 88.12 88.82 89.25 89.64 89.31 88.68 89.55 89.48 87.32 87.24 87.59 87.54 87.62 87.94 87.93 88.02 87.92 87.85 87.82 87.85 87.85 87.83 87.93 87.83 87.80 87.80 87.73 87.67 87.63 87.66 87.55 87.46 87.24 87.12 87.14 87.05 86.88 86.43 86.86 86.29 86.39 86.26 85.93 86.05 85.78 85.92 85.89 85.74 85.81 86.20 85.73 85.55 85.53 85.62 85.26 86.17 86.87 86.89 86.91 86.52 86.92 86.90 86.81 87.02 87.17 87.10 87.28 86.86 86.54 86.36 85.54 85.45 85.51 85.81 85.68 85.44 85.63 85.69 86.12 86.41 86.62 86.57 86.59 86.69 86.59 86.40 86.48 86.20 86.33 86.20 86.39 85.83 85.54 86.45 86.61 86.00 86.57 86.63 86.40 86.45 86.34 86.01 86.22 86.64 86.75 86.63 86.65 86.88 87.60 87.74 88.07 87.90 87.85 87.63 87.91 87.74 88.03 87.15 87.27
-13°N ||     87.49 87.44 87.24 87.02 87.20 87.49 87.71 87.86 87.79 87.85 87.72 87.45 87.37 87.49 87.47 87.52 87.19 87.16 87.05 86.76 86.48 86.12 85.79 85.44 84.92 84.24 83.21 81.11 78.68 78.16 79.52 80.74 81.12 81.23 81.33 82.08 81.81 81.76 81.10 80.80 80.84 82.16 81.36 81.90 82.47 83.01 83.55 83.88 84.13 84.31 84.35 85.12 84.51 85.68 88.31 87.99 87.90 86.09 89.45 89.93 88.22 85.95 85.88 86.12 88.43 88.49 87.99 88.06 86.77 89.01 87.46 87.47 87.62 87.73 87.77 87.93 87.88 88.01 88.10 87.88 87.86 87.87 87.85 87.85 87.76 87.79 87.85 87.76 87.66 87.78 87.71 87.65 87.54 87.38 87.56 87.28 87.14 86.94 86.82 86.82 86.78 86.53 86.18 85.99 85.79 86.22 85.84 85.81 85.69 85.61 85.62 85.78 85.37 85.75 85.63 85.85 85.88 86.62 86.78 86.65 86.71 86.90 86.80 86.79 86.54 86.94 86.99 87.00 86.83 86.65 85.70 85.45 85.15 85.67 85.58 85.80 85.39 85.58 86.22 86.26 86.70 86.59 86.69 86.62 86.67 86.61 86.28 86.13 86.08 86.14 86.12 85.91 86.27 85.85 86.66 86.64 86.17 86.16 86.49 86.59 86.34 86.42 86.07 85.94 86.26 87.05 87.09 87.21 87.46 87.77 87.87 87.96 87.99 87.95 87.93 87.99 88.05 87.95 88.05 87.95
-11°N ||     88.04 87.88 88.08 88.09 87.62 87.61 87.74 87.89 87.79 87.80 87.72 87.69 87.71 87.50 87.63 87.56 87.50 87.30 87.16 86.91 86.59 86.32 85.86 85.43 84.76 84.12 83.17 81.35 78.76 76.70 77.80 80.73 81.02 81.04 80.93 81.65 81.56 81.23 80.71 80.44 80.95 81.32 81.25 81.81 82.29 82.75 83.51 83.73 83.95 84.19 84.06 84.77 87.66 88.05 90.16 90.26 86.66 83.48 83.28 84.43 85.15 85.37 85.67 85.90 86.36 86.25 86.43 87.46 86.97 87.15 89.38 87.88 89.38 87.96 87.83 88.28 88.17 87.97 88.06 88.07 87.89 87.90 87.92 87.87 87.89 87.86 87.95 87.82 87.85 87.75 87.75 87.84 87.57 87.47 87.33 87.34 87.36 87.07 86.04 86.41 86.83 86.89 86.44 86.21 86.10 85.78 85.75 85.83 85.60 85.64 86.04 85.74 85.83 85.54 85.79 85.93 85.85 86.09 86.44 86.25 86.38 86.63 86.59 86.51 86.21 86.88 86.84 87.03 86.83 86.80 86.54 85.79 85.25 85.48 85.43 85.96 85.64 86.09 86.42 86.44 86.81 86.73 86.59 86.67 86.69 86.66 86.55 86.60 86.36 86.34 86.19 85.86 85.48 85.96 85.89 86.13 86.51 86.60 86.35 86.72 86.51 86.93 87.12 86.85 87.03 87.73 87.15 87.44 87.58 87.83 87.90 87.93 88.06 88.02 88.09 88.14 88.15 87.88 87.95 87.82
-9°N ||     87.70 87.82 87.80 87.97 88.09 87.71 87.90 87.79 87.90 87.95 87.78 87.84 87.73 87.68 87.69 87.58 87.57 87.42 87.29 87.01 86.79 86.40 86.06 85.56 84.99 84.27 83.41 82.58 79.18 75.35 75.33 79.56 80.89 80.89 80.97 80.83 81.29 81.04 81.07 80.72 80.86 81.54 83.35 85.07 83.87 82.82 83.45 84.08 84.02 84.45 87.78 88.44 88.34 89.94 88.05 84.00 83.05 84.97 83.75 85.08 85.36 85.51 86.14 86.09 86.53 86.69 87.67 87.03 88.41 87.28 89.47 89.44 89.75 88.78 88.55 88.23 87.90 88.00 88.02 88.40 88.08 87.88 87.94 87.96 87.93 87.95 88.02 87.84 87.86 87.87 87.94 87.68 87.68 87.64 87.47 87.29 87.35 87.18 86.69 86.60 86.87 86.63 86.33 86.49 86.45 86.05 85.77 86.12 87.08 87.34 85.85 86.10 85.97 86.05 86.02 85.87 85.89 85.98 86.23 86.29 86.26 86.10 86.30 86.11 86.08 86.20 86.46 86.78 86.82 86.82 86.52 86.13 85.27 86.10 86.10 85.54 86.38 86.61 86.07 86.49 86.79 86.82 86.94 86.77 86.78 86.59 86.52 86.87 86.79 86.43 85.72 85.94 85.49 86.22 86.61 86.46 86.65 86.98 86.65 86.79 87.18 87.73 87.87 87.63 87.60 87.87 87.85 87.78 87.88 87.90 87.96 88.03 88.10 88.58 88.24 88.22 87.87 86.73 87.94 87.87
-7°N ||     87.91 87.88 87.84 87.83 88.30 88.17 87.96 88.00 88.22 88.05 88.00 87.88 87.81 87.79 87.78 87.81 87.77 87.58 87.41 87.19 86.93 86.59 86.24 85.69 85.14 84.59 83.91 83.30 79.86 76.60 77.37 78.94 80.52 80.80 80.98 81.22 80.72 80.74 81.20 80.72 84.29 84.66 81.80 85.89 85.09 85.02 85.50 87.50 87.17 86.37 85.15 83.69 86.41 89.66 87.76 88.14 88.39 85.72 84.90 85.55 85.68 85.72 86.03 86.21 87.16 88.25 88.20 87.87 86.78 86.93 88.19 89.54 89.41 88.84 89.22 88.75 88.46 87.94 87.92 88.02 88.05 87.99 88.01 87.92 87.95 87.91 87.85 87.80 87.77 87.82 87.79 87.84 87.68 87.64 87.62 87.66 87.66 87.33 86.95 87.07 86.33 86.28 86.41 86.50 85.82 86.28 86.43 86.13 86.11 86.15 86.34 86.31 86.44 85.76 85.86 85.87 85.86 86.36 86.41 86.23 85.86 85.70 85.79 85.57 86.00 86.49 86.27 86.42 86.80 86.81 86.71 86.59 85.64 85.55 85.97 86.18 86.24 86.34 86.20 86.57 86.82 86.77 87.02 86.98 86.94 86.98 87.05 87.08 87.06 87.25 85.51 85.35 85.54 86.22 85.79 86.92 87.73 87.35 87.44 87.41 87.73 87.86 87.82 87.76 87.98 88.10 87.99 88.08 88.09 88.07 88.09 88.08 88.16 88.28 88.44 88.43 88.14 88.05 87.99 87.91
-5°N ||     87.94 87.99 88.04 88.02 87.92 88.34 88.29 88.28 88.40 88.10 87.98 87.79 87.86 87.92 88.00 88.06 88.06 87.90 87.49 87.48 87.19 86.90 86.54 86.01 85.53 84.98 84.42 83.51 82.26 80.54 79.16 79.42 80.52 80.67 81.08 81.35 81.32 82.41 81.61 80.92 81.30 81.63 82.09 86.51 84.80 86.81 84.64 85.59 84.75 83.97 83.51 86.57 87.23 87.77 87.16 84.06 84.46 85.60 87.76 87.67 85.93 86.08 86.19 86.25 86.87 86.55 87.17 86.76 86.86 87.09 87.49 87.83 88.77 87.73 87.72 88.69 88.86 88.53 87.83 87.90 88.40 88.11 88.08 88.01 87.98 87.90 87.83 87.84 87.91 87.85 87.80 87.77 87.81 87.60 87.63 87.70 87.66 87.64 87.45 87.51 86.93 86.11 86.29 86.46 86.75 86.48 86.38 86.30 86.41 86.24 86.76 86.82 86.68 85.98 85.81 85.86 85.63 85.84 85.59 86.14 85.85 86.16 85.92 85.93 86.17 85.98 86.50 86.18 86.67 86.74 86.61 86.09 86.22 85.71 86.15 86.33 86.62 86.56 86.66 86.78 86.68 86.90 87.27 87.31 87.15 87.15 87.59 87.42 87.09 86.92 86.41 86.01 86.73 86.66 86.58 87.02 88.02 87.75 89.03 88.08 87.94 87.81 87.79 88.01 88.01 88.19 88.20 88.15 88.16 88.20 88.26 88.22 88.35 88.35 88.34 88.39 88.43 88.25 88.11 88.01
-3°N ||     88.02 88.00 88.11 88.13 88.05 88.65 88.67 88.50 88.19 88.34 87.89 87.63 88.03 88.38 88.33 88.43 87.85 87.51 87.89 87.72 87.55 87.16 87.05 86.57 85.97 85.42 84.90 83.97 83.25 81.89 80.84 80.65 80.34 80.31 81.18 81.65 82.00 82.18 82.21 81.74 81.53 82.14 82.55 83.49 83.80 83.85 84.51 84.55 84.37 84.04 83.78 83.55 84.07 86.03 85.61 84.62 85.25 85.77 86.10 88.17 85.91 86.58 86.55 86.71 86.87 86.96 87.61 87.21 87.32 87.54 87.66 87.75 89.42 87.92 87.88 88.45 88.23 88.31 87.98 88.01 88.09 88.09 88.37 88.13 88.00 87.94 87.99 87.91 87.90 87.88 87.86 87.80 87.76 87.74 87.68 87.65 87.39 87.65 87.65 87.67 87.13 86.64 86.48 86.63 86.86 86.45 86.57 86.74 86.68 86.68 86.88 86.87 86.60 86.33 86.16 85.72 85.43 86.59 86.35 86.19 86.10 86.21 86.04 86.36 85.88 86.22 85.98 86.61 86.67 86.86 86.46 86.59 86.50 86.37 86.75 87.27 86.42 87.01 86.91 86.68 86.90 86.96 87.49 87.49 87.22 87.66 87.56 87.28 87.05 86.82 86.32 86.53 86.43 86.61 86.79 87.43 88.02 88.01 88.05 87.89 88.07 88.02 88.00 87.97 88.05 88.21 88.12 88.01 88.35 88.37 88.35 88.44 88.49 88.54 88.53 88.54 88.47 88.36 88.17 88.14
-1°N ||     88.18 88.14 88.17 88.28 88.36 88.68 88.70 88.47 88.33 88.03 87.83 87.54 88.08 88.33 88.62 88.14 87.90 88.03 87.98 87.74 87.66 87.51 87.33 86.97 86.48 85.75 85.12 84.40 83.69 82.92 81.83 81.22 79.74 78.15 81.40 81.87 82.16 82.44 82.61 82.64 82.68 83.57 83.94 84.27 84.53 85.10 85.42 85.64 85.88 86.05 85.30 86.71 88.40 84.65 84.78 85.07 85.90 86.23 86.32 87.23 86.61 86.83 86.84 86.84 87.04 87.13 87.11 87.65 87.70 87.70 88.42 87.78 89.06 89.19 88.05 88.05 87.99 88.01 88.04 88.20 88.58 88.35 88.29 88.03 88.06 88.04 87.98 87.91 87.87 87.85 87.87 87.92 87.81 87.79 87.70 87.66 87.31 87.64 87.63 87.66 87.16 87.01 86.86 86.69 86.87 86.81 86.77 86.92 86.95 87.00 87.11 87.08 86.50 86.28 86.25 85.93 85.63 86.64 86.44 86.40 86.43 86.05 86.12 85.92 86.27 86.33 86.50 86.63 87.10 86.98 86.68 86.16 86.66 86.75 87.23 87.24 87.07 87.61 86.95 86.82 86.99 87.12 87.53 87.56 87.60 87.69 87.63 86.96 87.20 86.84 86.72 86.82 87.32 87.37 87.58 88.00 88.15 88.24 88.14 88.11 88.30 88.21 88.07 88.06 88.22 88.15 87.99 88.15 88.31 88.40 88.43 88.46 88.48 88.55 88.57 88.55 88.41 88.42 88.29 88.21
1°N ||     88.23 88.18 88.28 88.52 88.42 88.55 88.70 88.93 88.37 88.11 87.87 87.88 88.28 88.62 88.63 88.35 88.19 88.10 87.71 87.91 87.76 87.76 87.36 86.79 86.30 86.15 85.51 84.60 83.78 83.48 83.03 82.46 80.15 77.39 78.39 82.17 82.34 82.48 82.81 83.16 83.59 83.93 84.18 84.51 84.93 85.44 85.76 86.11 86.62 86.89 85.61 84.57 84.38 84.79 85.11 85.72 86.16 86.56 86.62 86.98 86.76 86.98 87.45 86.97 87.08 87.19 87.08 87.93 87.48 87.66 87.83 88.95 89.85 89.75 87.91 87.99 88.00 88.04 87.93 88.60 87.94 88.52 88.12 88.00 88.21 88.10 87.99 87.90 87.95 87.87 87.86 87.90 87.83 87.83 87.80 87.69 87.65 87.44 87.46 87.34 87.31 87.36 87.19 87.25 86.94 86.75 86.79 87.21 87.09 87.06 87.03 86.71 86.80 86.70 86.32 86.14 86.45 86.43 86.15 86.55 86.36 86.21 86.30 86.32 86.31 86.41 86.58 86.80 86.83 87.01 87.32 87.19 87.52 87.49 87.50 87.52 87.32 87.30 87.44 87.25 87.54 87.59 87.74 87.73 87.76 87.59 87.22 87.18 87.23 87.00 87.19 87.46 87.86 87.95 87.97 88.02 88.16 88.25 88.20 88.29 88.22 88.22 88.15 88.27 88.24 88.17 88.08 88.27 88.34 88.38 88.44 88.49 88.49 88.53 88.54 88.55 88.56 88.50 88.43 88.34
3°N ||     88.58 88.49 88.54 88.64 88.76 88.82 88.78 88.69 88.58 88.11 88.03 88.06 88.66 88.80 88.76 88.56 88.39 87.92 87.85 88.02 87.93 87.60 87.20 86.62 86.00 86.69 86.00 84.00 83.80 83.90 83.76 83.91 83.39 79.85 81.42 82.47 82.22 82.35 82.88 83.37 83.80 84.05 84.24 84.22 85.33 85.77 86.25 86.56 86.85 87.32 87.37 86.18 85.59 85.82 86.20 86.52 86.73 86.83 86.90 87.14 87.07 86.99 86.75 87.49 87.56 87.31 87.41 87.67 87.71 87.83 87.88 87.95 89.20 89.37 88.95 88.60 88.62 88.42 88.32 88.26 88.04 87.98 88.14 88.05 88.01 88.18 87.97 87.87 87.91 87.91 87.95 87.90 87.88 87.83 87.79 87.70 87.69 87.55 87.63 87.53 87.52 87.53 87.52 87.36 87.36 86.92 87.14 87.42 87.64 87.01 87.13 86.92 86.58 86.55 86.41 86.79 86.60 86.60 86.31 86.58 86.42 86.28 86.26 86.38 86.39 86.47 86.68 86.82 87.03 87.12 87.66 87.86 87.99 88.08 88.30 88.04 87.62 87.56 87.46 87.63 87.66 87.75 87.81 87.75 87.72 87.45 87.43 87.32 87.23 86.99 87.58 88.00 87.97 87.90 87.93 88.13 88.20 88.27 88.29 88.34 88.19 88.33 88.27 88.31 88.29 88.21 88.24 88.32 88.35 88.38 88.40 88.46 88.49 88.51 88.50 88.53 88.56 88.58 88.60 88.61
5°N ||     88.56 88.67 88.95 88.69 88.85 88.87 88.81 88.78 88.68 88.35 88.23 88.18 88.81 88.93 88.94 88.80 88.20 87.85 88.16 88.08 87.86 87.32 86.85 86.48 86.73 86.83 86.63 85.42 83.92 83.81 84.04 84.49 84.75 84.41 83.48 82.82 82.02 81.83 83.02 83.66 84.08 84.30 84.42 84.16 85.54 86.31 86.66 86.89 87.20 87.58 87.72 86.61 86.59 86.86 87.02 87.15 87.13 87.17 87.21 87.33 87.51 87.23 86.93 87.05 87.27 87.57 87.69 87.74 87.77 87.90 88.06 89.01 88.08 88.68 89.30 88.88 88.39 88.08 88.03 88.06 87.97 88.07 88.00 88.04 88.21 88.03 88.01 87.90 87.93 87.90 87.88 87.89 87.79 87.77 87.75 87.74 87.73 87.73 87.66 87.54 87.53 87.53 87.47 87.52 87.46 87.44 87.47 87.41 87.46 86.89 87.03 86.37 86.54 86.44 86.61 86.47 86.50 86.63 86.56 86.55 86.42 86.31 86.21 86.26 86.77 86.54 86.67 86.91 87.17 87.48 87.85 89.09 89.24 89.25 89.20 88.99 88.67 87.92 87.82 87.79 87.78 87.88 87.83 87.72 87.74 87.53 87.42 87.43 87.09 87.15 87.99 87.96 88.02 88.03 88.08 88.11 88.23 88.28 88.32 88.33 88.31 88.28 88.32 88.32 88.32 88.32 88.32 88.31 88.35 88.36 88.36 88.42 88.45 88.47 88.49 88.53 88.56 88.58 88.60 88.64
7°N ||     88.61 88.68 88.73 88.76 88.85 88.87 88.87 88.85 88.78 88.56 88.32 88.61 88.94 89.03 89.06 88.84 88.12 88.37 88.30 88.10 87.73 87.40 87.47 87.29 87.17 87.13 86.85 86.12 83.49 83.66 84.03 84.88 85.17 84.90 84.23 83.29 81.01 80.99 83.53 84.03 84.33 84.51 84.63 84.91 86.07 86.45 86.74 87.04 87.30 87.55 87.73 87.76 87.13 87.10 87.10 87.13 87.25 87.35 87.45 87.52 87.55 87.42 87.08 87.41 87.65 87.69 87.81 87.85 87.87 87.97 88.12 89.05 89.41 89.02 89.26 88.11 88.08 88.04 88.31 88.49 88.31 88.04 88.07 88.14 88.04 87.95 87.96 87.89 87.93 87.86 87.90 87.87 87.86 87.90 87.75 87.71 87.66 87.74 87.62 87.46 87.46 87.50 87.55 87.45 87.43 87.56 87.27 87.64 87.47 87.49 87.14 86.83 86.76 86.29 86.40 86.50 86.40 86.56 86.56 86.59 86.38 86.44 86.23 86.71 87.03 86.45 86.67 86.98 87.48 87.94 89.01 89.35 89.30 89.28 89.27 89.19 89.15 88.71 87.95 87.93 87.96 87.90 87.78 87.81 87.52 87.31 87.40 87.61 87.46 87.43 87.94 88.06 88.09 88.15 88.27 88.18 88.29 88.33 88.30 88.34 88.38 88.30 88.31 88.31 88.33 88.33 88.31 88.31 88.31 88.32 88.33 88.31 88.40 88.45 88.43 88.52 88.58 88.60 88.62 88.65
9°N ||     88.68 88.81 88.61 88.67 88.87 88.86 88.88 88.84 88.94 88.64 88.42 88.87 89.06 89.12 89.09 88.64 88.38 88.63 88.27 87.94 87.88 87.77 87.72 87.63 87.50 87.30 87.06 86.24 84.08 83.97 84.58 85.46 85.44 85.62 85.17 83.76 80.34 78.45 82.76 84.34 84.50 84.73 84.97 85.36 85.99 86.46 86.80 87.11 87.32 87.57 87.73 87.77 87.66 87.28 87.23 87.24 87.33 87.44 87.52 87.61 87.69 87.63 87.52 87.55 87.66 87.83 87.97 87.99 88.02 88.29 89.00 89.06 88.91 89.35 88.25 88.23 88.28 88.22 88.48 88.09 88.09 88.06 88.03 88.07 88.13 88.03 87.99 88.05 87.99 88.00 87.91 87.88 87.83 87.86 87.80 87.90 87.73 87.67 87.64 87.64 87.60 87.39 87.23 87.17 87.50 87.60 87.63 87.35 87.31 87.19 87.14 87.13 87.00 87.14 86.87 86.62 86.50 86.54 86.54 86.26 86.46 86.39 86.11 87.24 86.55 86.44 86.79 87.18 87.66 88.27 89.16 89.39 89.40 89.38 89.32 89.27 89.21 89.03 88.54 88.18 88.06 88.14 87.77 87.66 87.65 87.60 87.78 87.87 87.81 87.81 88.01 88.15 88.35 88.15 88.28 88.35 88.30 88.29 88.25 88.26 88.69 88.22 88.20 88.24 88.29 88.32 88.26 88.28 88.23 88.27 88.27 88.37 88.39 88.45 88.40 88.51 88.57 88.61 88.64 88.64
11°N ||     88.73 88.73 88.74 88.73 88.92 88.93 88.98 88.95 89.08 89.01 88.88 89.16 89.20 89.17 89.12 89.06 88.67 88.69 88.26 88.02 87.94 87.89 87.77 87.64 87.48 87.33 86.98 86.22 85.46 85.76 85.70 85.69 85.70 85.71 85.81 85.69 81.02 75.15 76.78 84.31 84.66 84.91 85.20 85.57 85.99 86.50 86.92 87.17 87.42 87.56 87.70 87.78 87.76 87.42 87.35 87.34 87.42 87.52 87.57 87.65 87.71 87.58 87.52 87.72 87.84 87.94 88.10 88.21 88.35 88.24 89.31 89.12 88.22 89.38 89.07 88.21 89.00 88.14 88.08 88.21 88.07 88.04 87.99 87.96 88.02 88.05 88.16 88.05 88.03 88.03 87.91 87.89 87.90 87.90 87.96 87.80 87.89 87.67 87.70 87.73 87.67 87.64 87.45 87.20 87.58 87.54 87.89 87.49 87.72 87.13 87.30 87.26 87.22 87.35 87.11 86.68 86.49 86.71 86.89 86.42 86.59 86.49 86.29 86.18 86.34 86.73 87.04 87.40 87.85 88.46 89.39 89.44 89.48 89.39 89.28 89.27 89.16 89.09 88.74 88.28 88.16 87.80 87.89 87.82 87.73 87.91 88.02 88.08 88.08 88.11 88.19 88.29 88.43 88.47 88.36 88.41 88.35 88.34 88.23 88.17 88.11 88.05 88.07 88.09 88.13 88.16 88.17 88.17 88.19 88.48 88.02 88.27 88.35 88.36 88.36 88.56 88.59 88.58 88.30 88.62
13°N ||     88.63 88.78 88.44 88.49 88.90 88.88 89.00 89.07 89.11 89.15 89.22 89.28 89.28 89.26 89.22 89.08 88.94 88.62 88.00 88.03 87.97 87.84 87.74 87.66 87.46 87.25 87.01 86.69 85.99 85.98 85.86 85.84 85.83 85.92 86.10 86.25 85.49 77.20 78.48 83.36 84.44 85.14 85.51 85.77 82.71 86.73 87.05 87.26 87.46 87.56 87.72 87.77 87.78 87.47 87.42 87.46 87.53 87.59 87.63 87.68 87.70 87.73 87.79 87.74 87.91 88.16 88.28 88.43 88.52 89.12 89.23 89.13 88.53 88.46 88.28 88.91 88.38 88.27 88.07 87.97 87.96 88.05 87.99 88.02 88.02 88.02 89.26 88.03 88.51 87.99 87.90 87.92 87.92 88.00 87.99 87.78 87.78 87.81 87.85 87.86 87.83 87.61 87.53 87.57 87.63 87.69 87.62 87.73 87.90 87.45 87.45 87.61 87.37 87.31 87.21 87.06 86.87 86.96 87.07 87.01 86.87 86.60 86.52 86.55 86.63 86.83 87.17 87.58 87.98 88.54 89.39 89.42 89.40 89.34 89.27 89.25 89.20 89.12 88.86 88.40 88.25 88.00 88.03 88.06 88.06 88.10 88.09 88.27 88.20 88.34 88.41 88.49 88.64 88.74 88.78 88.57 88.51 88.32 88.15 88.00 87.86 87.79 87.89 87.90 87.97 88.03 88.05 88.13 88.11 88.13 88.15 88.07 88.38 88.33 88.40 88.44 88.56 88.58 88.09 88.47
15°N ||     88.67 88.80 88.82 89.01 88.97 88.88 89.06 89.19 89.21 89.27 89.33 89.42 89.40 89.38 89.37 89.19 88.65 88.29 88.06 88.04 87.76 85.27 80.53 79.89 82.49 87.16 86.91 86.82 86.59 86.14 86.06 85.95 85.96 86.03 86.11 86.21 86.22 84.98 82.88 83.29 84.66 85.32 85.75 86.00 86.43 86.97 87.15 87.34 87.47 87.56 87.69 87.77 87.80 87.51 87.52 87.51 87.57 87.64 87.68 87.69 87.72 87.72 87.69 87.84 88.18 88.33 88.48 88.61 88.64 89.05 89.30 89.18 88.85 88.61 88.94 88.55 88.59 88.28 88.19 88.15 88.34 88.05 87.85 88.69 88.06 88.02 88.05 88.02 88.02 88.03 88.35 88.07 87.95 87.91 87.95 87.85 87.87 87.89 87.91 87.96 87.90 87.88 87.69 87.65 87.69 87.71 87.62 87.92 87.81 87.32 87.49 87.51 87.54 87.57 87.28 87.22 87.05 86.93 87.01 87.01 86.85 86.93 86.79 86.84 86.92 87.07 87.32 87.75 88.14 89.33 89.36 89.28 89.38 89.31 89.25 89.22 89.15 89.11 88.90 88.52 88.32 88.26 88.19 88.17 88.15 88.17 88.22 88.29 88.48 88.54 88.65 88.75 88.76 88.84 88.87 88.83 88.57 88.29 88.04 87.87 87.73 87.64 87.52 87.64 87.73 87.91 87.98 88.04 88.04 88.08 88.10 88.12 88.21 88.30 88.34 88.45 88.44 88.62 88.26 89.24
17°N ||     88.75 88.88 88.92 89.04 88.60 89.03 89.07 89.16 89.29 89.33 89.41 89.48 89.51 89.50 89.54 88.83 88.43 88.39 88.14 88.15 87.38 79.54 75.52 74.33 77.31 84.73 86.87 86.82 87.02 86.59 86.33 86.07 86.00 86.06 86.13 86.22 86.23 86.02 84.92 84.79 85.29 85.53 85.82 86.09 86.50 86.99 87.23 87.40 87.51 87.59 87.66 87.80 87.77 87.41 87.44 87.58 87.61 87.66 87.68 87.71 87.74 87.79 87.87 88.08 88.22 88.51 88.68 88.87 89.09 89.15 89.01 89.17 89.09 88.91 88.99 88.70 88.36 88.41 88.33 88.14 88.07 87.95 88.13 88.53 88.01 88.04 88.05 89.01 88.06 88.19 88.05 88.03 87.94 87.90 87.95 87.99 87.95 87.96 87.96 88.01 88.00 87.94 87.81 87.76 87.87 87.86 87.86 87.84 87.58 87.45 87.55 87.57 87.48 87.39 87.35 87.28 87.12 86.62 86.92 87.01 87.04 87.03 86.99 87.04 87.10 87.22 87.65 87.81 88.19 89.16 89.30 89.33 89.30 89.25 89.22 89.22 89.16 89.03 88.90 88.73 88.53 88.59 88.45 88.44 88.42 88.56 88.59 88.66 88.75 88.83 88.89 88.90 88.92 89.00 88.97 88.96 88.77 88.27 88.05 87.77 87.58 87.36 87.18 87.19 87.42 87.81 87.93 87.96 87.96 88.01 88.07 88.14 88.22 88.29 88.28 88.39 88.66 88.64 88.55 88.84
19°N ||     88.75 88.90 89.02 89.07 89.12 89.03 89.07 89.20 89.33 89.40 89.47 89.55 89.58 89.60 89.63 88.93 88.48 88.27 87.94 88.05 87.68 79.67 75.62 74.73 76.86 84.97 87.07 87.17 87.20 87.10 86.63 86.20 85.93 85.86 85.88 86.13 86.27 86.24 85.78 85.62 85.71 85.78 85.87 86.07 86.37 86.84 87.29 87.44 87.56 87.60 87.66 87.81 87.70 87.74 87.41 87.53 87.62 87.65 87.70 87.71 87.77 87.79 87.95 88.21 88.46 88.71 89.01 89.10 89.28 89.29 89.40 89.30 89.26 89.16 89.08 88.66 88.55 88.59 88.91 88.20 88.10 88.04 88.15 88.11 88.90 87.99 88.03 87.95 88.03 88.06 88.07 88.07 88.25 88.00 87.99 88.02 87.99 87.99 87.99 88.01 88.02 87.89 88.41 87.89 87.95 87.77 87.69 87.83 87.68 87.64 87.57 87.49 87.36 87.33 87.34 87.49 87.00 87.13 86.98 87.22 87.33 87.45 87.06 87.10 87.16 87.30 87.60 87.51 87.99 88.44 88.97 89.25 89.20 89.18 89.16 89.11 89.10 89.06 88.97 88.90 88.88 88.87 88.97 88.87 88.89 88.87 88.97 88.99 89.00 89.08 89.13 89.09 89.20 89.16 89.15 89.02 88.83 88.26 87.94 87.66 87.26 86.95 86.85 87.06 87.09 86.35 87.81 87.88 87.92 87.97 88.04 88.13 88.22 88.29 88.32 88.52 88.30 88.74 88.69 88.81
21°N ||     89.11 89.00 88.99 89.17 89.28 89.27 89.25 89.34 89.46 89.49 89.58 89.61 89.65 89.67 89.67 88.91 88.49 88.03 87.95 88.10 87.96 81.84 79.30 78.31 80.33 86.66 87.38 87.38 87.32 87.15 86.83 86.37 85.91 85.66 85.47 85.37 86.21 86.23 86.06 85.92 85.88 85.90 85.96 86.10 86.35 86.81 87.32 87.43 87.51 87.59 87.59 87.73 87.83 87.88 87.47 87.52 87.55 87.63 87.65 87.73 87.78 87.80 88.06 88.23 88.51 89.12 89.19 89.26 89.36 89.39 89.40 89.37 89.23 89.25 89.15 88.84 88.76 88.80 88.46 88.20 88.24 88.44 88.17 88.10 87.98 88.18 88.29 88.03 88.05 88.09 88.05 88.05 88.01 88.00 88.07 88.03 88.00 88.02 88.01 88.01 88.05 87.91 87.84 87.97 87.79 87.85 87.95 87.49 87.69 87.84 87.47 87.34 87.34 87.38 87.38 87.50 87.21 87.22 86.48 87.39 87.43 87.40 86.90 87.04 87.25 87.30 87.57 87.47 87.72 87.94 88.33 88.49 88.83 88.93 88.92 89.07 89.06 89.06 89.06 89.03 89.06 89.14 89.14 89.15 89.18 89.15 89.22 89.25 89.26 89.22 89.28 89.25 89.29 89.21 89.26 89.26 89.06 88.33 87.90 87.46 86.84 86.67 86.60 86.58 86.97 87.41 87.69 87.79 87.87 87.95 88.05 88.12 88.20 88.26 88.41 88.46 88.32 88.79 88.79 88.89
23°N ||     89.06 89.11 89.16 89.25 89.31 89.39 89.44 89.52 89.56 89.59 89.64 89.65 89.67 89.67 89.68 88.96 88.30 87.98 88.09 88.21 88.22 86.72 84.78 84.20 87.03 87.73 87.55 87.50 87.39 87.08 86.74 86.37 85.99 85.54 85.28 85.18 85.94 86.23 86.15 85.91 85.90 85.69 85.97 86.14 86.18 86.96 87.15 87.33 87.41 87.50 87.56 87.63 87.73 87.85 87.74 87.59 87.91 88.33 88.19 87.88 87.81 87.73 88.08 88.25 88.56 89.09 89.28 89.35 89.44 89.48 89.42 89.49 89.22 89.45 89.33 89.10 89.04 89.07 88.99 88.50 88.22 88.06 87.98 88.07 88.01 88.08 88.08 88.08 88.07 88.01 88.10 88.13 88.08 88.04 88.12 88.15 88.23 87.94 88.09 88.07 88.01 87.93 87.85 87.93 87.94 87.91 87.91 87.81 87.67 87.75 87.61 87.45 87.45 87.34 87.32 87.35 87.42 87.20 86.65 87.34 87.42 87.28 87.78 87.60 87.24 87.21 87.40 87.53 87.59 87.80 87.95 88.09 88.24 88.43 88.71 88.95 89.05 89.10 89.16 89.19 89.20 89.34 89.26 89.38 89.43 89.47 89.51 89.47 89.59 89.52 89.54 89.51 89.49 89.50 89.53 89.43 89.36 88.45 87.87 87.39 86.94 86.60 86.45 84.85 85.72 87.01 87.55 87.75 87.88 87.95 88.05 88.14 88.24 88.34 88.53 88.43 88.68 88.77 88.56 89.01
25°N ||     89.13 89.17 89.15 89.34 89.45 89.45 89.52 89.54 89.57 89.62 89.65 89.66 89.67 89.68 89.68 89.02 88.21 88.06 88.09 88.01 88.23 88.17 88.14 88.13 87.96 87.79 87.43 87.55 87.28 86.94 86.53 86.25 85.82 85.44 85.19 84.68 84.73 86.13 86.20 85.89 85.98 85.90 86.01 85.25 86.44 86.97 87.23 87.31 87.37 87.42 87.33 87.53 87.54 87.90 87.54 87.57 87.61 87.58 87.96 88.58 88.72 87.95 88.18 88.76 89.06 89.32 89.41 89.42 89.48 89.53 89.51 89.48 89.44 89.37 89.14 89.24 89.22 89.29 89.40 88.78 88.51 88.14 88.09 88.18 88.26 88.10 88.14 88.11 88.12 88.03 88.09 88.20 88.11 88.12 88.13 88.43 88.17 88.10 88.05 88.09 87.92 87.93 87.99 87.94 87.89 88.04 87.98 87.78 87.88 87.83 87.64 87.74 87.70 87.66 87.83 87.39 87.51 86.98 87.16 86.77 87.08 87.02 87.03 87.23 87.26 87.33 87.29 87.23 87.62 87.51 87.90 88.13 88.11 88.27 88.75 89.02 89.11 89.27 89.32 89.36 89.45 89.49 89.55 89.64 89.74 89.83 89.89 89.91 89.91 89.85 89.79 89.76 89.79 89.74 89.67 89.59 89.44 89.26 88.06 87.61 86.89 86.56 84.91 78.34 84.63 86.90 87.56 87.78 87.87 87.97 88.13 88.12 88.27 88.40 88.65 88.68 88.79 88.78 88.98 89.05
27°N ||     89.26 89.32 89.35 89.33 89.51 89.44 89.59 89.62 89.63 89.64 89.65 89.66 89.66 89.66 89.67 89.19 88.29 88.07 88.10 88.07 88.04 88.08 87.84 87.92 87.93 87.84 87.73 87.37 87.10 86.82 86.40 86.07 85.74 85.35 84.70 84.61 84.93 86.29 86.46 86.08 86.22 86.20 86.24 85.25 86.12 86.95 87.17 87.26 87.31 87.22 87.08 87.16 87.57 87.73 87.87 87.97 87.93 88.07 88.12 88.54 88.30 87.88 89.04 89.17 89.29 89.35 89.35 89.43 89.52 89.55 89.37 89.50 89.51 89.44 89.23 89.47 89.31 89.37 89.45 89.43 88.74 88.53 88.37 88.28 88.30 88.18 88.11 88.08 88.12 88.12 88.16 88.17 88.13 88.10 88.16 88.09 88.21 88.15 88.00 87.92 88.26 87.89 87.98 87.99 87.76 88.12 87.60 87.83 87.88 87.78 87.77 87.80 87.78 87.73 87.68 87.74 87.66 87.91 87.47 87.28 87.44 87.76 87.22 87.40 87.43 87.07 86.87 87.40 87.71 87.56 87.93 88.03 88.20 88.61 88.97 89.18 89.36 89.37 89.45 89.54 89.61 89.74 89.81 89.97 90.11 90.13 90.19 90.14 90.14 90.06 90.02 90.03 89.93 89.83 89.71 89.62 89.48 89.31 88.66 87.71 87.18 86.71 85.97 85.31 86.02 87.37 87.72 87.85 87.91 88.00 88.04 88.26 88.37 88.52 88.72 88.87 88.87 88.93 89.05 89.18
29°N ||     89.40 89.44 89.50 89.55 89.62 89.60 89.65 89.67 89.68 89.66 89.68 89.69 89.68 89.54 89.68 89.64 88.99 88.20 88.01 88.03 88.03 88.06 87.83 87.79 88.00 87.89 87.55 87.30 87.02 86.67 86.31 85.96 85.71 85.31 84.13 84.50 85.47 86.30 86.41 86.23 86.49 86.53 86.49 86.59 86.78 86.97 87.19 87.29 87.29 87.01 87.09 87.27 87.29 87.74 87.79 87.84 87.84 88.03 88.08 88.24 88.21 88.46 88.91 88.69 88.44 89.18 89.26 89.38 89.50 89.56 89.51 89.59 89.55 89.60 89.56 89.52 89.45 89.49 89.55 89.59 89.55 88.86 88.63 88.45 88.52 88.22 88.15 89.98 88.16 88.13 88.19 88.31 88.18 88.25 88.09 88.11 88.17 88.17 88.02 88.02 87.95 88.03 87.97 87.99 87.88 87.82 87.69 87.77 87.80 87.68 87.79 87.77 87.87 87.99 87.96 87.95 87.77 87.51 87.46 87.42 87.55 87.39 87.30 87.38 87.19 87.48 87.88 88.01 87.99 88.08 88.14 88.33 88.76 88.92 89.12 89.37 89.43 89.54 89.68 89.80 89.92 90.03 90.20 90.31 90.37 90.48 90.44 90.30 90.38 90.27 90.22 90.11 90.01 89.87 89.79 89.73 89.60 89.49 89.05 88.07 87.70 87.36 86.94 86.91 87.29 87.75 87.86 87.91 87.96 88.03 88.25 88.32 88.53 88.72 88.91 89.05 89.07 89.10 89.27 89.35
31°N ||     89.59 89.54 89.64 89.65 89.66 89.66 89.68 89.73 89.74 89.71 89.70 89.72 89.72 89.71 89.70 89.67 89.30 88.74 88.46 88.40 88.23 88.17 88.01 87.99 88.08 87.63 87.45 87.24 86.87 86.59 86.24 86.11 85.62 85.35 84.87 84.92 85.51 86.36 86.40 86.39 86.57 86.67 86.80 86.80 86.92 87.04 87.17 87.31 87.25 86.84 87.26 87.34 87.39 87.53 87.60 87.67 87.78 87.81 87.90 88.18 88.09 88.37 88.55 88.73 88.99 89.02 89.22 89.32 89.36 89.55 89.58 89.58 89.64 89.70 89.66 89.77 89.55 89.61 89.67 89.60 89.58 89.47 89.07 89.32 88.83 88.57 88.25 88.12 88.25 88.27 88.31 88.23 88.17 88.15 88.41 88.22 88.12 88.03 88.00 88.11 87.95 87.96 88.03 88.02 87.92 87.90 87.74 87.75 87.81 87.74 87.71 87.69 87.87 87.95 87.91 87.91 87.72 87.54 87.63 87.64 87.61 87.88 87.45 87.36 87.61 87.53 87.74 88.08 88.03 88.15 88.30 88.70 88.82 89.10 89.26 89.42 89.57 89.73 89.95 90.10 90.20 90.33 90.64 90.50 90.62 90.68 90.64 90.57 90.51 90.41 90.27 90.19 90.28 89.98 89.98 89.88 89.76 89.65 89.33 88.88 88.11 87.92 87.82 87.81 87.66 87.45 87.97 87.98 88.02 88.08 87.96 89.34 88.82 88.24 89.16 88.82 89.29 89.33 89.36 89.53
33°N ||     89.73 89.23 89.64 89.65 89.72 89.70 89.71 89.75 89.72 89.74 89.73 89.76 89.76 89.75 89.79 89.76 89.71 89.35 88.69 88.14 88.21 88.20 88.24 88.17 87.79 87.53 87.37 87.14 86.93 86.41 86.09 85.81 85.40 85.03 84.73 84.84 85.43 86.26 86.54 86.61 86.74 86.86 86.90 86.96 86.88 87.03 87.03 86.93 86.92 87.03 87.26 87.42 87.45 87.41 87.57 87.73 87.80 87.84 87.82 87.85 87.84 87.85 88.07 88.70 88.70 89.20 89.30 89.35 89.40 89.53 89.63 89.79 89.80 89.80 89.76 89.88 89.82 89.84 89.83 89.66 89.78 89.75 89.54 89.24 88.98 88.64 88.35 88.23 88.43 88.31 88.30 88.09 88.23 88.22 88.27 88.12 88.16 88.03 88.12 88.19 87.91 87.89 87.99 87.85 88.13 87.79 87.82 87.71 87.81 87.60 87.49 87.61 87.80 87.86 87.81 87.69 87.68 87.75 87.65 87.86 87.82 87.87 87.84 87.60 87.73 87.94 87.97 88.11 88.22 88.49 88.62 88.90 89.05 89.23 89.40 89.57 89.76 90.01 90.17 90.27 90.45 90.53 90.64 90.73 90.89 90.72 90.66 90.63 90.58 90.31 90.40 90.33 90.23 90.08 89.93 90.06 90.01 89.87 89.73 89.58 89.33 89.02 88.86 88.51 88.36 87.96 88.24 88.12 88.10 88.19 88.24 88.78 89.07 89.16 89.32 89.41 89.45 89.56 89.62 89.69
35°N ||     89.83 89.76 89.77 89.72 89.75 89.74 89.75 89.75 89.74 89.76 89.78 89.77 89.77 89.76 89.81 89.75 89.80 89.72 89.28 87.81 88.07 88.18 88.10 87.87 87.43 87.52 87.36 87.12 86.75 86.24 85.74 85.15 84.59 84.32 84.13 84.08 84.52 85.19 86.23 86.77 86.93 86.98 87.02 86.99 86.44 86.64 87.12 87.25 87.07 86.99 87.26 87.18 87.09 87.21 87.48 87.73 87.82 87.87 87.88 87.90 87.91 87.89 88.05 88.68 89.11 89.24 89.33 89.34 89.45 89.55 89.60 89.84 89.76 89.88 89.91 90.01 89.99 90.08 89.98 89.89 89.85 89.79 89.81 89.23 89.04 88.75 88.65 88.53 88.38 88.48 88.14 88.17 88.19 88.44 88.53 88.10 88.20 88.08 88.14 88.06 88.07 88.03 88.01 87.97 87.96 87.84 87.76 87.99 87.74 87.52 87.82 87.58 87.61 87.56 87.50 87.46 87.59 87.67 87.73 87.95 87.97 87.94 88.20 88.10 88.03 88.23 88.18 88.23 88.43 88.61 88.84 89.07 89.17 89.36 89.49 89.72 89.91 90.16 90.34 90.49 90.55 90.64 90.82 90.93 90.99 90.95 90.84 90.81 90.64 90.61 90.48 90.18 90.33 90.19 90.16 90.13 90.05 89.95 89.94 89.81 89.73 89.53 89.45 89.39 89.18 89.06 88.79 88.40 88.28 88.32 88.36 88.68 88.75 89.28 89.38 89.46 89.56 89.72 89.81 89.85
37°N ||     89.94 89.80 89.81 89.73 89.81 89.77 89.80 89.79 89.76 89.77 89.78 89.79 89.79 89.76 89.74 89.72 89.70 89.63 89.59 88.11 88.09 88.04 87.92 87.78 87.52 87.55 87.37 87.14 86.80 85.98 84.96 84.18 83.43 82.97 82.96 83.36 83.77 83.90 84.91 86.13 86.87 87.12 87.14 87.11 87.04 86.93 87.03 87.15 87.24 87.45 87.07 86.98 86.87 86.73 87.17 87.56 87.80 87.86 87.87 87.86 87.90 87.88 88.18 88.77 89.10 89.23 89.32 89.39 89.46 89.62 89.67 89.79 89.84 89.99 90.03 90.14 90.24 90.21 90.19 90.07 90.11 90.05 89.96 89.90 89.67 89.52 89.46 89.28 88.97 89.31 88.40 88.28 88.18 88.16 88.29 88.17 88.32 88.48 88.10 88.39 88.13 88.25 88.07 88.47 88.12 88.12 87.94 87.86 87.79 87.65 87.58 87.53 87.53 87.41 87.42 87.41 87.51 87.78 88.22 88.10 88.03 87.94 88.02 87.97 88.18 88.25 88.29 88.32 88.66 88.80 89.01 89.22 89.34 89.45 89.71 89.91 90.02 90.27 90.42 90.65 90.74 90.89 91.02 91.05 91.08 91.11 91.05 90.92 90.88 90.73 90.65 90.57 90.51 90.36 90.48 90.43 90.24 90.06 90.06 89.90 89.74 89.66 89.44 89.36 89.16 89.09 88.88 88.67 88.52 88.52 88.50 88.77 88.70 89.40 89.45 89.54 89.73 89.76 89.85 89.87
39°N ||     89.89 89.85 89.87 89.81 89.51 89.82 89.83 89.63 89.81 89.79 89.77 89.77 89.72 89.72 89.70 89.67 89.67 89.70 89.53 89.08 87.96 87.90 88.03 87.81 87.80 87.59 87.46 87.27 86.67 85.42 84.11 82.94 82.19 82.09 81.73 82.00 83.32 83.57 84.02 85.27 86.57 87.15 87.24 87.20 87.00 87.08 86.96 86.28 87.12 87.16 87.14 87.01 86.75 86.52 86.82 87.32 87.67 87.78 87.84 87.83 87.98 88.00 88.02 88.41 89.12 89.29 89.34 89.39 89.53 89.65 89.79 89.92 89.94 90.12 90.22 90.28 90.33 90.37 90.38 90.47 90.21 90.21 90.17 90.12 89.98 89.58 89.71 89.50 89.15 89.10 88.93 88.54 88.52 88.47 88.41 88.24 88.17 88.14 88.45 88.31 88.47 89.16 88.44 88.06 88.49 88.02 87.97 87.95 87.88 87.89 87.77 87.58 87.99 87.49 87.51 87.69 87.60 87.72 88.19 88.19 88.21 88.19 88.22 88.29 88.31 88.38 88.47 88.67 88.77 88.99 89.16 89.34 89.40 89.65 89.80 90.02 90.17 90.31 90.56 90.61 90.98 91.11 91.16 91.16 91.16 91.18 91.09 91.06 90.96 91.03 90.82 90.78 90.63 90.60 90.54 90.50 90.41 90.16 89.91 89.96 89.79 89.69 89.53 89.37 89.17 89.16 89.02 88.90 88.84 88.76 88.69 88.41 88.04 89.46 89.51 89.54 89.72 89.84 89.89 89.85
41°N ||     89.88 89.89 89.92 89.90 89.87 89.84 89.80 89.82 89.79 89.78 89.77 89.78 89.74 89.77 89.68 89.70 89.65 89.45 89.34 89.05 88.57 88.26 88.07 87.97 87.85 87.72 87.62 87.32 86.61 85.22 83.74 82.80 82.47 82.39 81.60 82.03 83.16 83.77 84.37 85.62 86.73 87.21 87.26 87.23 86.70 87.15 87.02 86.76 87.00 86.92 86.94 86.83 86.83 86.93 87.11 87.24 87.55 87.77 87.78 87.76 87.89 88.01 88.02 88.32 88.96 89.37 89.44 89.38 89.59 89.73 89.84 90.01 90.11 90.22 90.35 90.45 90.49 90.52 90.53 90.51 90.47 90.44 90.35 90.52 90.49 90.11 89.89 89.82 89.56 89.60 89.10 89.50 89.20 88.92 89.01 88.54 88.34 88.77 88.22 88.57 89.30 89.30 89.23 88.25 88.40 87.95 87.91 88.04 88.06 87.98 87.90 87.98 88.78 88.18 87.84 87.94 88.33 87.85 88.26 88.19 88.23 88.23 88.45 88.50 88.61 88.54 88.71 88.75 88.98 89.20 89.30 89.36 89.52 89.68 89.97 90.14 90.34 90.44 90.76 90.89 91.00 91.18 91.21 91.20 91.18 91.14 91.16 91.12 91.08 90.97 90.90 90.93 90.91 90.78 90.66 90.53 90.42 90.34 90.18 90.03 89.85 89.66 89.56 89.42 89.23 89.24 89.17 89.09 89.08 88.92 88.28 88.51 88.32 89.34 89.50 89.64 89.68 89.83 89.83 89.91
43°N ||     89.89 89.95 89.95 89.91 89.88 89.87 89.84 89.82 89.80 89.81 89.78 89.83 89.79 89.80 89.70 89.67 89.57 89.42 89.14 88.75 88.44 88.25 88.11 88.01 87.91 87.83 87.70 87.55 87.08 86.17 84.85 83.73 83.20 83.03 82.92 83.08 83.70 84.12 85.92 86.92 87.34 87.44 87.34 87.31 87.33 86.97 87.19 86.67 86.96 86.99 86.92 87.04 86.54 86.98 87.38 87.30 87.42 87.69 87.80 87.93 87.92 87.94 88.03 88.36 88.95 89.42 89.58 89.63 89.72 89.85 90.04 90.15 90.34 90.41 90.77 90.53 90.64 90.57 90.65 90.66 90.61 90.59 90.45 90.47 90.52 90.26 90.18 89.92 89.85 89.88 89.75 89.66 89.64 89.49 89.26 88.88 88.71 88.57 89.07 89.19 89.39 89.28 88.74 89.16 88.72 89.10 88.92 89.08 87.95 87.91 87.85 88.31 87.91 87.80 88.41 88.44 88.31 88.23 88.27 88.37 88.40 88.42 88.80 89.09 88.76 88.75 88.80 89.07 89.23 89.30 89.25 89.51 89.54 89.77 90.00 90.26 90.42 90.47 90.74 90.94 91.09 91.18 91.13 90.98 91.19 91.13 91.08 91.00 91.14 90.87 90.91 90.88 90.80 90.75 90.76 90.62 90.48 90.42 90.11 90.03 89.84 89.67 89.47 89.41 89.33 89.27 89.17 89.22 89.21 89.02 88.73 88.50 88.19 89.27 89.63 89.63 89.81 89.84 89.90 89.96
45°N ||     90.01 90.01 89.96 89.96 89.94 89.91 89.88 89.83 89.81 89.84 89.83 89.77 89.76 89.72 89.70 89.58 89.43 89.23 88.95 88.67 88.38 88.23 88.12 88.05 88.00 87.94 87.86 87.75 87.51 87.04 86.57 86.16 86.00 84.46 83.77 83.60 84.28 85.71 86.62 87.22 87.46 87.55 87.54 87.59 87.65 87.72 87.74 87.62 87.19 86.91 86.55 86.91 87.38 87.34 87.34 87.48 87.81 87.74 87.81 87.97 88.03 88.16 88.28 88.57 88.99 89.50 89.57 89.75 89.88 90.02 90.12 90.36 90.45 90.57 90.57 90.75 90.74 90.75 90.86 90.86 90.69 90.74 90.68 90.64 90.56 90.48 90.26 90.32 90.20 89.99 89.95 90.05 89.80 89.68 89.64 89.56 89.20 89.00 89.38 89.36 88.98 88.71 88.51 89.22 88.72 89.12 89.17 89.19 88.74 88.33 88.08 88.42 88.28 88.19 88.46 88.28 88.18 88.42 88.46 88.55 88.51 88.72 88.83 88.99 89.00 89.08 89.12 89.15 89.30 89.38 89.47 89.50 89.74 89.86 90.19 90.36 90.53 90.71 90.79 90.95 91.07 91.20 91.19 91.20 91.17 91.06 91.10 91.11 91.08 91.05 90.94 91.00 90.94 90.70 90.78 90.73 90.58 90.36 90.05 89.92 89.83 89.59 89.46 89.40 89.39 89.35 89.35 89.35 89.34 89.28 89.17 88.87 88.39 89.43 89.45 89.53 89.74 89.94 89.94 90.01
47°N ||     90.03 90.01 90.01 89.94 89.93 89.92 89.88 89.89 89.81 89.89 89.86 89.80 89.79 89.71 89.58 89.53 89.29 89.12 88.90 88.66 88.39 88.28 88.20 88.15 88.09 88.03 87.96 87.92 87.84 87.72 87.58 87.51 87.52 87.49 86.84 86.68 87.15 87.35 87.39 87.43 87.53 87.58 87.56 87.60 87.69 87.76 87.77 87.75 87.14 86.97 87.29 87.52 87.82 87.68 87.73 87.94 87.83 88.25 87.83 87.95 88.07 88.25 88.58 89.03 89.39 89.60 89.74 89.83 90.08 90.15 90.35 90.48 90.55 90.66 90.71 90.69 90.60 90.45 90.88 90.90 90.85 90.90 90.80 90.78 90.67 90.62 90.59 90.52 90.41 90.31 90.20 90.15 90.10 90.01 89.77 89.82 89.64 89.53 89.53 89.56 89.44 89.36 89.55 89.29 89.02 89.24 88.91 88.92 89.14 88.75 88.43 88.64 88.68 88.79 88.82 88.27 88.48 88.59 88.67 88.83 88.84 88.93 89.11 89.00 89.20 89.21 89.22 89.27 89.38 89.44 89.62 89.68 89.85 89.99 90.60 90.64 90.55 90.67 90.81 90.93 91.06 91.19 91.19 91.13 91.14 91.11 91.08 91.07 90.97 91.09 91.04 91.01 90.88 90.87 90.86 90.67 90.49 90.29 90.14 89.43 89.57 89.76 89.58 89.56 89.51 89.47 89.48 89.42 89.45 89.43 89.40 89.26 89.33 89.41 89.51 89.71 89.76 89.90 89.95 90.04
49°N ||     90.07 90.04 90.03 89.97 90.00 89.98 89.95 89.94 89.89 89.88 89.89 89.81 89.78 89.65 89.52 89.40 89.20 89.07 88.90 88.70 88.51 88.41 88.30 88.23 88.14 88.09 88.06 88.02 87.99 87.94 87.91 87.87 87.83 87.80 87.75 87.77 87.78 87.77 87.67 87.60 87.59 87.65 87.64 87.53 87.62 87.70 87.71 87.71 87.92 87.35 88.33 88.54 88.71 88.38 88.32 87.95 87.97 87.98 88.42 88.01 88.25 88.53 88.99 89.33 89.44 89.76 89.93 90.11 90.15 90.41 90.44 90.55 90.68 90.71 90.76 90.78 90.84 90.95 91.01 91.00 91.01 90.94 90.92 90.87 90.84 90.76 90.75 90.59 90.54 90.48 90.41 90.29 90.13 90.04 89.95 89.96 89.82 89.84 89.83 89.76 89.51 89.64 89.34 89.43 91.84 89.79 89.00 89.32 89.21 88.93 88.81 88.92 88.85 88.82 88.65 88.94 88.88 88.95 89.02 88.98 89.00 89.07 89.20 89.19 89.19 89.27 89.24 89.34 89.41 89.53 89.69 89.82 89.97 90.15 90.50 90.60 90.55 90.73 90.74 90.92 91.02 91.09 91.15 91.15 91.10 91.11 91.09 91.08 91.02 90.90 91.07 90.95 90.83 90.74 90.74 90.52 90.41 90.22 90.15 89.51 89.38 89.83 89.69 89.65 89.64 89.60 89.62 89.59 89.51 89.58 89.52 89.55 89.10 89.35 89.82 89.78 89.77 89.99 90.13 90.01
51°N ||     90.09 90.09 90.04 90.04 90.05 90.05 89.95 89.92 89.94 89.91 89.85 89.76 89.69 89.60 89.47 89.32 89.15 88.97 88.85 88.70 88.45 88.47 88.35 88.25 88.22 88.16 88.12 88.09 88.05 88.03 87.99 87.96 87.91 87.89 87.89 87.90 87.86 87.84 87.77 87.71 87.68 87.69 87.71 87.74 87.70 87.78 87.88 87.99 88.24 88.38 88.56 88.71 88.90 89.00 89.02 88.63 88.09 88.03 88.13 88.47 88.71 89.08 89.33 89.71 89.74 89.91 90.05 90.23 90.38 90.49 90.65 90.77 90.85 90.87 90.94 90.98 91.00 90.91 91.22 91.30 91.06 91.04 91.09 90.79 90.97 90.88 90.75 90.70 90.75 90.62 90.59 90.49 90.38 90.27 90.18 90.11 90.02 89.83 90.00 89.85 89.82 89.79 89.37 91.13 91.79 89.61 88.78 89.34 89.27 89.14 89.14 89.11 89.10 89.14 89.23 89.10 89.14 89.12 89.19 89.22 89.19 89.25 89.21 89.23 89.29 89.30 89.26 89.38 89.45 89.54 89.65 89.83 90.02 90.16 90.35 90.38 90.60 90.68 90.84 90.92 91.00 91.06 91.16 91.13 91.16 91.14 91.05 91.11 91.09 91.02 90.98 90.87 90.86 90.65 90.43 90.48 90.37 90.24 90.15 90.07 89.96 89.89 89.83 89.75 89.73 89.74 89.67 89.71 89.65 89.64 89.62 89.66 89.57 89.79 89.81 89.72 89.83 90.02 90.14 90.13
53°N ||     90.10 90.07 90.12 90.12 90.10 90.07 90.02 89.97 89.93 89.82 89.84 89.77 89.65 89.54 89.40 89.20 88.95 88.96 88.90 88.76 88.66 88.58 88.45 88.37 88.30 88.25 88.19 88.14 88.12 88.08 88.05 88.03 88.00 87.98 87.99 87.98 87.97 87.93 87.86 87.81 87.78 87.78 87.80 87.83 87.89 87.98 88.04 88.15 88.28 88.51 88.72 88.86 88.97 89.08 89.16 89.24 88.51 88.74 88.35 89.07 89.59 89.71 89.83 89.90 90.01 90.15 90.36 90.48 90.59 90.67 90.86 90.94 90.98 91.03 91.10 91.17 91.18 91.15 91.24 91.20 91.12 91.19 91.13 91.17 91.07 91.20 91.12 90.92 90.88 90.72 90.73 90.64 90.51 90.45 90.31 90.20 90.22 90.42 90.06 90.02 89.85 89.83 89.70 89.57 89.27 89.28 89.26 89.48 89.36 89.41 89.34 89.34 89.26 89.33 89.31 89.28 89.36 89.42 89.32 89.39 89.33 89.30 89.21 89.27 89.31 89.27 89.27 89.39 89.45 89.52 89.70 89.86 89.99 90.13 90.12 90.32 90.44 90.61 90.64 90.74 90.77 90.88 90.89 91.00 91.03 91.04 90.98 90.99 90.86 90.86 90.87 90.86 90.67 90.52 90.45 90.33 90.38 90.26 90.18 90.10 90.02 89.93 89.88 89.85 89.83 89.79 89.82 89.80 89.59 89.69 89.65 89.76 89.74 89.75 89.80 89.94 90.08 90.09 90.16 90.17
55°N ||     90.23 90.20 90.13 90.05 90.08 89.95 89.98 89.99 89.94 89.88 89.85 89.73 89.67 89.54 89.48 89.26 90.67 88.89 88.96 88.89 88.80 88.68 88.61 88.56 88.43 88.33 88.28 88.22 88.17 88.15 88.12 88.11 88.09 88.09 88.08 88.08 88.05 88.03 88.00 87.96 87.91 87.91 87.89 87.91 87.96 88.04 88.15 88.76 88.66 88.87 88.95 88.99 89.27 89.15 89.26 89.40 89.51 89.56 89.76 89.88 89.98 90.08 90.25 90.33 90.45 90.57 90.62 90.73 90.80 90.90 91.03 91.10 91.13 91.21 91.27 91.23 91.27 91.28 91.33 91.42 91.22 91.25 91.29 91.22 91.31 91.18 91.04 91.02 90.89 90.89 90.82 90.78 90.66 90.55 90.37 90.34 90.31 90.28 90.19 90.09 90.03 89.94 89.81 89.81 89.75 89.63 89.56 89.56 89.57 89.50 89.50 89.50 89.44 89.51 89.44 89.52 89.60 89.57 89.56 89.52 89.40 89.37 89.32 89.29 89.24 89.26 89.40 89.48 89.49 89.55 89.69 89.84 89.94 89.98 90.11 90.26 90.37 90.47 90.49 90.56 90.62 90.69 90.72 90.81 90.84 90.79 90.81 90.81 90.60 90.62 90.71 90.59 90.57 90.43 90.35 90.41 90.22 90.30 90.25 90.05 89.99 89.96 89.93 89.94 89.86 89.87 89.83 89.76 89.73 89.80 89.82 89.68 89.74 89.74 89.90 90.03 90.11 90.20 90.25 90.28
57°N ||     90.27 90.26 90.22 90.17 90.19 90.09 90.01 89.97 89.95 89.95 89.82 89.73 89.72 89.59 89.49 89.44 89.08 89.12 89.02 89.00 88.92 88.85 88.75 88.67 88.60 88.52 88.42 88.33 88.33 88.27 88.25 88.22 88.20 88.21 88.19 88.19 88.18 88.16 88.14 88.07 88.05 88.02 88.01 88.02 88.07 88.17 88.31 88.48 88.77 88.90 89.01 89.09 89.17 89.28 89.41 89.55 89.68 89.84 89.99 90.12 90.36 90.44 90.51 90.58 90.68 90.72 90.82 90.91 90.98 91.10 91.14 91.59 91.33 91.34 91.37 91.43 91.43 91.39 91.41 91.40 91.37 91.49 91.29 91.31 90.78 91.99 91.14 91.08 91.05 90.95 90.95 90.81 90.73 90.66 90.61 90.48 90.46 90.34 90.27 90.11 90.10 90.04 89.89 89.77 89.71 89.72 89.70 89.62 89.72 89.66 89.62 89.68 89.74 89.73 89.72 89.75 89.80 89.74 89.67 89.53 89.47 89.48 89.44 89.38 89.38 89.41 89.37 89.45 89.52 89.56 89.70 89.76 89.89 89.90 89.97 90.08 90.25 90.32 90.36 90.33 90.49 90.45 90.58 90.68 90.69 90.65 90.62 90.65 90.62 90.54 90.59 90.54 90.55 90.53 90.39 90.43 90.32 90.36 90.31 90.18 90.10 90.11 90.01 89.98 89.95 89.89 89.89 89.86 89.76 89.86 89.85 89.80 89.98 89.91 89.93 90.06 90.19 90.19 90.24 90.25
59°N ||     90.26 90.29 90.26 90.15 90.22 90.19 89.99 90.09 90.07 90.06 89.98 89.89 89.79 89.72 89.59 89.45 89.46 89.34 89.26 89.17 89.09 89.00 88.89 88.81 88.79 88.75 88.71 88.63 88.58 88.52 88.48 88.41 88.38 88.39 88.45 88.38 88.37 88.37 88.29 88.23 88.20 88.18 88.18 88.26 88.32 88.49 88.63 88.77 88.94 89.05 89.14 89.30 89.36 89.47 89.61 89.71 89.87 90.02 90.17 90.37 90.61 90.51 90.79 90.86 90.89 90.96 91.06 91.14 91.18 91.20 91.32 91.33 91.38 91.47 91.50 91.52 91.48 91.57 91.62 91.59 91.49 91.47 91.48 91.41 91.38 91.35 91.31 91.27 91.19 91.04 90.92 90.94 90.81 90.79 90.57 90.61 90.58 90.48 90.32 90.26 90.16 90.12 90.08 90.02 90.01 89.95 89.81 89.82 89.83 89.86 89.93 89.95 89.93 89.93 89.85 89.91 89.90 89.90 89.74 89.67 89.64 89.59 89.48 89.50 89.43 89.44 89.41 89.47 89.53 89.56 89.66 89.65 89.83 89.97 89.94 89.85 90.05 90.12 90.10 90.26 90.36 90.24 90.39 90.48 90.47 90.41 90.48 90.47 90.48 90.48 90.47 90.50 90.48 90.42 90.41 90.45 90.41 90.32 90.32 90.24 90.27 90.16 90.12 90.04 90.01 89.95 89.82 89.85 89.83 89.89 89.94 89.97 90.03 90.02 90.07 90.12 90.20 90.30 90.16 90.25
61°N ||     90.29 90.29 90.27 90.28 90.25 90.29 90.19 90.13 90.16 90.03 89.97 89.96 89.89 89.79 89.69 89.62 89.54 89.47 89.40 89.30 89.21 89.18 89.11 89.06 88.99 88.96 88.90 88.85 88.82 88.80 88.79 88.74 88.76 88.76 88.73 88.70 88.67 88.69 88.65 88.92 88.60 88.60 88.61 88.65 88.69 88.76 88.84 88.96 89.13 89.25 89.30 89.51 89.65 89.76 89.87 90.02 90.15 90.28 90.42 90.52 90.72 90.90 90.98 91.05 91.15 91.56 91.11 91.33 91.38 91.40 91.51 91.41 91.51 91.66 91.73 91.71 91.68 91.71 91.62 91.66 91.61 91.61 91.56 91.57 91.49 91.46 91.36 91.30 91.21 91.13 91.02 90.97 90.93 90.82 90.80 90.78 90.61 90.52 90.48 90.36 90.31 90.24 90.14 90.12 90.09 90.11 89.98 90.04 90.02 90.08 90.06 90.07 90.09 90.08 89.99 90.05 89.98 89.97 89.92 89.77 89.82 89.79 89.49 89.60 89.56 89.52 89.46 89.43 89.48 89.57 89.57 89.62 89.69 89.35 89.72 89.89 89.93 89.91 90.06 90.14 90.20 90.06 90.28 90.33 90.34 90.23 90.31 90.30 90.36 90.40 90.36 90.41 90.36 90.31 90.38 90.39 90.33 90.31 90.32 90.26 90.22 90.24 90.17 90.14 90.11 89.94 90.04 90.02 89.94 90.00 89.98 90.06 90.10 90.09 90.18 90.20 90.16 90.27 90.26 90.19
63°N ||     90.42 90.30 90.29 91.01 90.30 90.33 90.33 90.29 90.24 90.21 90.14 90.03 90.01 89.90 89.86 89.82 89.74 89.69 89.55 89.42 89.24 89.38 89.33 89.28 89.24 89.21 89.15 89.16 89.14 89.09 89.07 89.03 89.01 88.97 88.94 88.91 88.89 88.91 88.90 88.88 88.87 88.91 88.92 88.97 89.04 89.10 89.18 89.23 89.38 89.50 89.67 89.80 89.94 90.09 90.26 90.35 90.47 90.59 90.74 90.79 90.92 91.07 91.20 91.33 91.34 91.38 91.54 91.53 91.53 91.55 91.63 91.60 91.69 91.70 91.74 91.80 91.77 91.70 91.69 91.73 91.71 91.69 91.60 91.53 91.49 91.25 91.29 91.24 91.22 91.17 91.13 91.03 90.91 90.85 90.89 90.62 90.58 90.58 90.52 90.45 90.42 90.34 90.26 90.25 90.26 90.22 90.20 90.21 90.19 90.16 90.21 90.18 90.23 90.17 90.14 90.11 90.09 90.01 90.07 89.99 89.91 89.88 89.86 89.77 89.71 89.66 89.58 89.55 89.53 89.53 89.55 89.61 89.66 89.68 89.74 89.84 89.89 89.90 89.99 89.88 90.09 89.95 90.13 90.21 90.11 90.24 90.24 90.25 90.29 90.30 90.27 90.29 90.37 90.37 90.37 90.33 90.34 90.30 90.33 90.35 90.31 90.26 90.29 90.26 90.14 90.20 90.20 90.22 90.04 90.11 90.14 90.17 90.10 90.23 90.30 90.33 90.30 90.35 90.36 90.38
65°N ||     90.46 90.56 90.45 90.53 90.51 90.46 90.42 90.43 90.21 90.29 90.22 90.20 90.20 90.16 90.29 89.98 89.94 89.88 89.76 89.81 89.75 89.65 89.62 89.58 89.54 89.51 89.40 89.44 89.41 89.38 89.33 89.28 89.26 89.23 89.18 89.13 89.12 89.13 89.09 89.09 89.09 89.14 89.19 89.26 89.34 89.42 89.49 89.60 89.68 89.79 89.91 89.95 90.18 90.39 90.55 90.71 90.87 91.04 91.11 91.17 91.21 91.35 91.42 91.42 91.55 91.60 91.63 91.57 91.63 91.70 91.62 91.66 91.76 91.78 91.79 91.82 91.82 91.76 91.78 91.76 91.77 91.69 91.63 91.34 92.34 94.07 90.72 91.20 91.28 91.17 91.19 91.03 91.04 90.88 90.86 90.77 90.68 90.65 90.63 90.58 90.49 90.47 90.41 90.29 90.37 90.26 90.24 90.28 90.26 90.23 90.29 90.28 90.32 90.24 90.11 90.13 90.23 90.12 90.09 90.14 90.10 90.03 90.01 89.85 89.83 89.69 89.72 89.65 89.64 89.53 89.62 89.61 89.61 89.64 89.72 89.71 89.79 89.82 89.78 89.89 89.97 89.97 90.05 90.08 90.02 90.15 90.15 90.18 90.17 90.19 90.25 90.26 90.27 90.31 90.16 90.33 90.31 90.39 90.37 90.37 90.29 90.28 90.39 90.38 90.29 90.39 90.39 90.23 90.34 90.27 90.38 90.37 90.34 90.36 90.36 90.43 90.33 90.34 90.49 90.23
67°N ||     90.67 90.65 90.70 90.65 90.61 90.70 90.64 90.58 90.60 90.54 90.39 90.41 90.44 90.31 90.33 90.26 90.24 90.19 90.16 90.13 89.97 90.01 89.89 89.83 89.81 89.70 89.79 89.75 89.67 89.64 89.61 89.53 89.54 89.46 89.70 89.37 89.37 89.36 89.33 89.35 89.38 89.42 89.52 89.55 89.62 89.72 89.83 89.96 90.06 90.19 90.34 90.50 90.65 90.82 91.00 91.15 91.33 91.45 91.59 91.72 91.78 91.77 91.71 91.68 91.70 91.72 91.69 91.74 91.82 91.78 91.83 91.84 91.81 91.88 91.88 91.83 91.80 91.70 91.86 91.81 91.78 91.72 91.57 91.51 91.50 91.36 91.33 91.34 91.29 91.30 91.20 91.11 91.09 90.98 90.93 90.83 90.79 90.73 90.68 90.57 90.50 90.54 90.49 90.37 90.39 90.38 90.38 90.33 90.28 90.18 90.22 90.35 90.39 90.33 90.29 90.30 90.19 90.25 90.23 90.22 90.17 90.07 90.11 90.06 89.99 89.94 89.93 89.81 89.74 89.73 89.68 89.62 89.63 89.63 89.56 89.72 89.74 89.78 89.54 89.85 89.91 89.99 90.02 89.98 90.02 90.04 89.90 90.14 90.14 90.18 90.16 90.28 90.26 90.31 90.34 90.34 90.36 90.38 90.40 90.45 90.32 90.35 90.36 90.44 90.42 90.43 90.53 90.54 90.55 90.49 90.55 90.50 90.59 90.58 90.47 90.51 90.52 90.64 90.61 90.65
69°N ||     90.65 90.83 90.83 90.78 90.80 90.81 90.77 90.79 90.66 90.81 90.69 90.67 90.63 90.64 90.48 90.40 90.38 90.48 90.50 90.39 90.39 90.37 90.32 90.28 90.16 90.13 89.82 90.07 90.05 89.89 90.01 89.83 89.86 89.75 89.66 89.60 89.63 89.62 89.63 89.64 89.65 89.76 89.83 89.91 89.99 90.10 90.28 90.45 90.62 90.75 90.84 90.94 91.00 91.13 91.22 91.36 91.45 91.50 91.61 91.67 91.69 91.73 91.73 91.73 91.70 91.75 91.78 91.80 91.76 91.84 91.86 91.85 91.92 91.91 91.78 91.86 91.84 91.77 91.78 91.75 91.68 91.64 91.67 91.59 91.45 91.47 91.32 91.27 91.24 91.18 91.18 91.09 90.99 90.97 90.96 90.77 90.80 90.78 90.72 90.68 90.65 90.63 90.58 90.47 90.48 90.55 90.50 90.44 90.43 90.46 90.23 90.27 90.37 90.36 90.39 90.35 90.29 90.32 90.30 90.20 90.15 90.19 90.16 90.15 90.04 90.02 90.01 89.98 89.94 89.90 89.85 89.77 89.76 89.70 89.65 89.61 89.67 89.78 89.85 89.83 89.87 89.88 89.93 89.93 89.95 89.97 90.01 90.07 90.07 90.06 90.15 90.10 90.17 90.26 90.33 90.38 90.35 90.41 90.57 90.51 90.47 90.47 90.48 90.56 90.56 90.62 90.64 90.70 90.68 90.64 90.62 90.71 90.74 90.78 90.89 90.83 90.78 90.81 90.75 90.70
71°N ||     90.97 91.04 91.09 90.99 90.93 91.01 91.33 90.86 90.95 90.96 90.82 90.86 90.88 90.81 90.90 90.92 90.89 90.80 90.94 90.68 90.57 90.70 90.68 90.61 90.52 90.47 90.38 90.29 90.34 90.20 90.23 90.25 90.26 90.10 90.21 90.22 90.10 90.09 90.11 90.13 90.08 90.24 90.29 90.35 90.46 90.53 90.64 90.80 90.89 91.01 91.11 91.19 91.20 91.19 91.27 91.31 91.34 91.39 91.46 91.47 91.44 91.52 91.54 91.59 91.74 91.67 91.70 91.75 91.86 91.80 91.85 91.83 91.82 91.88 91.81 91.75 91.77 91.81 91.77 91.70 91.65 91.63 91.59 91.51 91.43 91.41 91.35 91.33 91.27 91.16 91.04 90.96 91.00 91.01 90.91 90.89 90.83 90.80 90.76 90.71 90.63 90.57 90.53 90.49 90.55 90.57 90.54 90.48 90.49 90.47 90.52 90.45 90.42 90.42 90.35 90.41 90.33 90.31 90.21 90.30 90.16 90.25 90.23 90.12 90.13 90.13 90.11 90.11 90.07 90.00 89.97 89.99 89.94 89.92 89.84 89.86 89.82 89.79 89.76 89.74 89.69 89.68 89.73 89.78 89.84 89.89 89.97 90.00 90.10 90.09 90.18 90.17 90.17 90.21 90.31 90.28 90.43 90.50 90.56 90.59 90.62 90.55 90.68 90.70 90.72 90.80 90.78 90.82 90.69 90.86 90.85 90.83 90.75 90.88 90.91 90.95 91.04 90.88 90.97 90.94
73°N ||     91.19 91.25 91.25 91.19 91.11 91.26 91.28 91.22 91.21 91.25 91.32 91.20 91.22 91.09 91.33 91.14 91.10 91.06 90.98 90.96 91.00 90.72 90.73 90.80 90.70 90.81 90.69 91.09 90.86 90.75 90.82 90.65 90.58 90.52 90.42 90.50 90.41 90.45 90.48 90.58 90.63 90.69 90.73 90.77 90.86 90.92 90.95 91.00 91.06 91.13 91.22 91.36 91.32 91.33 91.33 91.33 91.29 91.28 91.24 91.31 91.36 91.41 91.46 91.46 91.52 91.60 91.65 91.62 91.62 91.67 91.76 91.83 91.82 91.72 91.79 91.81 91.82 91.73 91.66 91.56 91.57 91.52 91.46 91.40 91.43 91.40 91.34 91.27 91.20 91.19 91.10 90.91 90.91 90.90 90.88 90.74 90.76 90.75 90.69 90.71 90.65 90.64 90.59 90.45 90.54 90.54 90.47 90.43 90.42 90.37 90.43 90.44 90.48 90.46 90.41 90.46 90.47 90.39 90.29 90.23 90.28 90.35 90.32 90.22 90.20 90.17 90.13 90.17 90.08 90.07 90.04 90.01 90.03 89.98 90.01 89.97 89.94 89.90 89.89 89.91 89.94 89.97 90.00 90.02 90.05 90.08 90.10 90.12 90.18 90.21 90.19 90.27 90.27 90.32 90.32 90.33 90.47 90.53 90.57 90.54 90.68 90.68 90.64 90.75 90.84 90.90 90.82 90.91 91.00 91.04 90.54 91.91 90.73 89.69 90.99 91.06 91.20 91.16 90.98 91.10
75°N ||     91.27 91.39 91.31 91.36 91.35 91.48 91.30 91.40 91.42 91.40 91.45 91.34 91.36 91.47 91.35 91.41 91.39 91.17 91.26 91.30 91.22 91.33 91.37 91.46 91.27 91.06 91.09 91.09 90.81 90.90 90.92 90.85 91.00 91.05 91.12 90.93 90.86 90.88 90.77 90.91 90.88 90.93 91.04 91.02 91.02 90.95 91.05 91.11 91.15 91.26 91.32 91.33 91.33 91.36 91.37 91.51 91.35 91.35 91.38 91.41 91.50 91.56 91.60 91.61 91.62 91.60 91.57 91.59 91.65 91.56 91.69 91.70 91.71 91.71 91.68 91.73 91.65 91.64 91.53 91.56 91.48 91.47 91.39 91.55 91.33 91.25 91.18 91.11 91.10 91.09 91.01 90.98 90.93 90.86 90.86 90.83 90.92 90.71 90.66 90.63 90.60 90.59 90.57 90.52 90.53 90.54 90.55 90.50 90.44 90.51 90.46 90.42 90.48 90.47 90.46 90.43 90.40 90.43 90.34 90.35 90.34 90.32 90.24 90.36 90.36 90.32 90.22 90.21 90.21 90.13 90.21 90.18 90.19 90.16 90.08 90.12 90.09 90.09 90.08 90.09 90.08 90.15 90.17 90.05 90.13 90.18 90.24 90.26 90.22 90.23 90.28 90.34 90.37 90.39 90.44 90.44 90.48 90.58 90.63 90.68 90.69 90.78 90.79 90.88 90.91 90.90 90.91 90.96 91.01 91.07 91.07 91.14 91.07 91.33 91.35 91.38 91.38 91.37 91.32 91.22
77°N ||     91.52 91.37 91.09 90.95 91.12 91.44 91.32 90.87 90.90 91.36 91.46 91.46 91.49 91.44 91.42 91.22 90.88 90.92 90.80 91.17 90.93 91.05 91.51 91.82 91.33 91.13 91.11 91.26 91.18 91.16 91.13 91.13 91.18 91.08 90.71 91.05 90.93 91.03 90.98 90.94 91.12 91.08 90.99 90.99 91.08 91.17 91.21 91.25 91.29 91.32 91.34 91.38 91.24 91.46 91.49 91.54 91.57 91.57 91.57 91.58 91.63 90.89 90.92 91.37 91.52 91.49 91.49 91.53 91.45 91.45 91.52 91.55 91.55 91.56 91.51 91.52 91.49 91.50 91.54 91.51 91.45 91.33 91.32 91.28 91.27 91.19 91.05 91.03 91.11 91.05 91.05 91.00 90.91 90.80 90.78 90.82 90.82 90.79 90.74 90.69 90.67 90.66 90.61 90.68 90.59 90.57 90.57 90.55 90.55 90.53 90.53 90.51 90.46 90.40 90.40 90.39 90.45 90.37 90.37 90.28 90.33 90.36 90.38 90.39 90.39 90.40 90.37 90.35 90.32 90.27 90.31 90.26 90.22 90.16 89.87 90.10 90.21 90.23 90.26 90.24 90.20 90.22 90.23 90.23 90.25 90.23 90.30 90.26 90.30 90.25 90.33 90.39 90.39 90.44 90.49 90.52 90.56 90.59 90.55 90.63 90.67 90.74 90.84 90.91 90.93 90.94 90.99 91.08 91.09 91.04 91.14 91.06 91.12 91.20 91.17 91.39 91.51 91.48 91.38 91.46
79°N ||     91.21 91.07 91.06 91.18 91.20 91.14 91.09 91.08 91.11 91.09 91.10 90.91 91.19 91.13 91.16 91.25 91.24 91.28 91.28 91.21 91.18 91.30 91.26 91.29 91.34 91.38 91.28 91.02 91.10 90.97 91.03 91.08 91.11 91.11 91.06 91.13 91.08 91.18 91.17 91.15 91.17 91.20 91.20 91.14 91.08 91.11 91.15 91.19 91.22 91.31 91.39 91.34 91.38 91.43 91.48 91.49 91.45 91.51 91.59 91.59 91.64 91.67 91.65 91.67 91.62 91.63 91.70 91.65 91.55 91.49 91.43 91.40 91.31 91.35 91.36 91.18 91.13 91.18 91.29 91.30 91.18 91.24 91.06 90.54 90.84 91.19 89.95 90.17 90.88 89.51 89.96 90.52 90.18 89.76 90.36 89.58 89.74 90.44 90.15 89.79 89.91 90.00 90.14 90.54 90.58 90.50 90.56 90.57 90.59 90.56 90.54 90.54 90.52 90.51 90.46 90.48 90.46 90.45 90.43 90.22 90.79 90.21 90.40 90.37 90.35 90.39 90.36 90.34 90.35 90.36 90.37 90.39 90.37 90.38 90.38 90.38 90.40 90.41 90.36 90.39 90.37 90.33 90.27 90.30 90.31 90.23 90.15 90.17 90.23 90.30 90.34 90.31 90.41 90.47 90.47 90.56 90.54 90.61 90.60 90.62 90.66 90.74 90.78 90.87 90.89 90.95 90.92 90.92 90.96 91.10 91.09 91.12 91.13 91.18 91.21 91.14 91.13 91.28 91.28 91.25
81°N ||     90.23 90.24 90.27 90.33 90.27 90.27 90.29 90.28 90.28 90.30 90.33 90.35 90.37 90.39 90.42 90.45 90.45 90.48 90.47 90.49 90.50 90.52 90.54 90.58 90.62 90.68 90.78 90.88 90.87 90.95 91.05 90.95 90.96 91.15 90.61 90.61 90.41 90.70 90.06 90.20 90.44 90.55 91.02 91.03 91.06 91.14 91.22 91.18 90.98 90.92 90.35 90.29 90.10 90.33 90.88 90.49 90.42 90.40 90.40 90.52 91.18 90.96 91.03 91.02 91.11 91.17 91.28 90.90 90.73 90.43 90.45 90.47 89.96 90.23 90.02 89.71 89.49 89.69 89.45 89.22 89.19 88.89 88.94 88.77 88.77 88.84 88.61 88.58 88.60 88.50 88.57 88.70 88.42 88.42 88.70 88.49 88.53 88.34 88.34 88.37 88.70 88.80 88.78 88.78 88.81 88.90 88.56 89.40 89.48 90.18 90.13 89.49 89.75 90.40 90.05 90.15 89.86 90.00 90.27 89.66 89.71 89.63 89.73 89.78 90.05 90.41 89.88 89.98 89.99 89.98 90.06 90.04 90.04 90.07 90.10 90.13 90.22 90.33 90.43 90.44 90.45 90.45 90.46 90.42 90.45 90.39 90.40 90.44 90.46 90.53 90.53 90.57 90.58 90.61 90.61 90.60 90.60 90.65 90.66 90.62 90.64 90.66 90.70 90.71 90.71 90.70 90.67 90.64 90.63 90.54 90.45 90.47 90.46 90.44 90.43 90.37 90.31 90.26 90.25 90.23
83°N ||     89.83 89.84 89.84 89.83 89.83 89.82 89.83 89.84 89.85 89.87 89.89 89.92 89.93 89.96 89.97 90.02 90.06 90.06 90.14 90.14 90.17 90.18 90.18 90.17 90.15 90.09 90.25 90.21 90.15 89.54 89.41 89.21 89.49 89.60 89.22 89.43 89.16 89.20 89.21 89.11 88.97 89.11 88.88 88.75 88.76 88.94 88.91 88.86 88.94 89.02 89.16 89.30 89.56 89.67 89.26 89.38 89.18 89.04 89.02 89.17 89.05 89.75 89.66 90.50 90.67 90.87 91.04 91.16 91.14 90.79 90.50 90.13 89.83 89.62 89.52 89.30 89.19 89.06 88.98 88.92 88.87 88.80 88.75 88.71 88.64 88.58 88.54 88.49 88.47 88.47 88.47 88.46 88.45 88.42 88.39 88.37 88.34 88.32 88.31 88.30 88.29 88.27 88.26 88.24 88.23 88.22 88.22 88.21 88.22 88.29 88.43 88.61 88.56 88.62 88.46 88.60 88.81 88.88 88.75 88.63 88.56 88.60 88.88 88.69 88.77 88.64 88.75 88.79 88.70 88.76 88.61 88.65 88.78 88.97 88.89 88.86 88.92 88.75 88.84 88.86 89.01 89.36 89.44 89.57 90.02 89.97 90.29 90.49 90.53 90.49 90.46 90.45 90.45 90.46 90.52 90.54 90.52 90.52 90.44 90.41 90.39 90.38 90.35 90.31 90.28 90.25 90.21 90.17 90.15 90.13 90.09 90.08 90.04 90.01 90.00 89.97 89.91 89.88 89.85 89.85
85°N ||     90.10 89.95 90.08 90.23 90.30 90.55 89.25 89.12 89.37 89.56 88.96 89.29 89.09 88.99 89.13 89.33 88.63 88.44 88.41 88.43 88.44 88.65 89.15 88.84 88.86 89.00 89.34 89.08 89.03 89.27 89.20 88.30 88.37 88.68 88.41 88.30 88.28 88.28 88.29 88.31 88.30 88.40 88.34 88.28 88.31 88.27 88.24 88.25 88.24 88.34 88.33 88.30 88.37 88.55 88.54 88.43 88.45 88.47 88.54 88.62 88.66 88.55 88.68 88.58 88.54 88.54 88.80 88.81 89.20 89.41 89.56 89.85 89.62 89.59 89.56 89.71 89.88 90.08 90.16 90.18 90.25 90.27 89.87 89.49 89.09 89.03 89.09 89.17 89.28 89.54 90.00 89.99 88.69 88.49 88.48 88.57 88.51 88.46 88.35 88.30 88.28 88.34 88.27 88.25 88.23 88.22 88.21 88.20 88.19 88.18 88.17 88.18 88.18 88.18 88.19 88.20 88.21 88.21 88.22 88.21 88.22 88.24 88.25 88.24 88.23 88.23 88.23 88.23 88.24 88.23 88.23 88.23 88.23 88.24 88.25 88.25 88.31 88.31 88.29 88.46 88.27 88.27 88.27 88.59 88.60 88.62 88.73 89.04 88.74 88.54 88.68 88.55 88.86 88.95 89.18 89.42 88.95 89.18 89.35 89.45 89.40 89.15 89.28 89.71 89.55 89.62 89.84 90.27 90.03 90.35 90.06 89.84 89.70 89.55 89.71 89.92 90.05 89.72 89.76 89.83
87°N ||     88.12 88.17 88.15 88.16 88.19 88.17 88.17 88.17 88.09 88.08 88.08 88.08 88.10 88.11 88.09 88.06 88.06 88.06 88.06 88.06 88.07 88.10 88.11 88.02 88.03 88.02 88.04 88.05 88.06 88.06 88.07 88.04 88.02 88.04 88.02 87.99 87.97 87.97 87.97 87.97 87.99 87.98 88.01 88.00 87.99 87.95 87.95 87.94 87.96 87.97 87.97 87.97 87.97 87.98 88.01 88.05 88.05 88.07 88.09 88.09 88.06 88.05 88.04 88.03 88.03 88.03 88.02 88.03 88.04 88.05 88.13 88.36 88.41 88.31 88.26 88.22 88.26 88.21 88.20 88.24 88.17 88.15 88.14 88.14 88.16 88.13 88.15 88.21 88.16 88.19 88.13 88.11 88.13 88.10 88.07 88.06 88.08 88.07 88.09 88.08 88.06 88.04 88.04 88.06 88.07 88.03 88.02 88.01 88.00 88.00 87.99 88.01 87.99 88.00 88.00 88.01 88.01 88.02 88.01 88.07 88.00 88.01 88.02 88.04 88.08 88.11 88.04 88.04 88.06 88.06 88.09 88.05 88.01 88.01 88.01 88.01 88.01 88.02 88.05 88.06 88.06 88.07 88.08 88.06 88.09 88.08 88.09 88.07 88.04 88.01 88.04 88.02 88.05 88.04 88.00 88.01 88.01 88.11 88.07 88.10 88.06 88.15 88.14 88.19 88.18 88.19 88.17 88.16 88.17 88.18 88.15 88.19 88.23 88.21 88.21 88.21 88.18 88.22 88.27 88.17
89°N ||     87.91 87.90 87.90 87.91 87.92 87.88 87.88 87.87 87.86 87.86 87.87 87.86 87.86 87.86 87.86 87.86 87.85 87.85 87.85 87.85 87.85 87.85 87.86 87.85 87.85 87.85 87.85 87.84 87.83 87.83 87.82 87.82 87.82 87.81 87.81 87.81 87.81 87.80 87.80 87.80 87.80 87.80 87.80 87.80 87.80 87.80 87.80 87.80 87.80 87.80 87.81 87.81 87.81 87.82 87.83 87.83 87.84 87.84 87.85 87.85 87.84 87.85 87.85 87.86 87.86 87.86 87.87 87.87 87.87 87.87 87.87 87.87 87.88 87.88 87.89 87.89 87.89 87.89 87.90 87.91 87.90 87.90 87.90 87.91 87.90 87.91 87.91 87.90 87.91 87.91 87.91 87.91 87.92 87.92 87.91 87.90 87.90 87.91 87.93 87.93 87.92 87.90 87.90 87.90 87.90 87.89 87.89 87.88 87.88 87.87 87.87 87.87 87.87 87.87 87.86 87.86 87.86 87.86 87.86 87.86 87.86 87.86 87.86 87.86 87.86 87.86 87.86 87.85 87.85 87.85 87.85 87.84 87.84 87.84 87.84 87.83 87.83 87.82 87.82 87.82 87.81 87.81 87.81 87.81 87.81 87.81 87.81 87.81 87.81 87.82 87.82 87.83 87.83 87.83 87.84 87.85 87.85 87.86 87.85 87.85 87.85 87.85 87.85 87.85 87.85 87.85 87.85 87.85 87.86 87.86 87.86 87.87 87.87 87.88 87.88 87.88 87.89 87.89 87.89 87.90
