Mars Surface Radiation Result (absorbed dose in thin silicon slab) (1E-6 Gy/day).

The first row gives the longitude
The first column for each row (starting from the 2nd row) gives the latitude
The rest values of each row gives the dose rate at different longitudes (given in the first row)

179°W  177°W  175°W  173°W  171°W  169°W  167°W  165°W  163°W  161°W  159°W  157°W  155°W  153°W  151°W  149°W  147°W  145°W  143°W  141°W  139°W  137°W  135°W  133°W  131°W  129°W  127°W  125°W  123°W  121°W  119°W  117°W  115°W  113°W  111°W  109°W  107°W  105°W  103°W  101°W  99°W  97°W  95°W  93°W  91°W  89°W  87°W  85°W  83°W  81°W  79°W  77°W  75°W  73°W  71°W  69°W  67°W  65°W  63°W  61°W  59°W  57°W  55°W  53°W  51°W  49°W  47°W  45°W  43°W  41°W  39°W  37°W  35°W  33°W  31°W  29°W  27°W  25°W  23°W  21°W  19°W  17°W  15°W  13°W  11°W  9°W  7°W  5°W  3°W  1°W  1°E  3°E  5°E  7°E  9°E  11°E  13°E  15°E  17°E  19°E  21°E  23°E  25°E  27°E  29°E  31°E  33°E  35°E  37°E  39°E  41°E  43°E  45°E  47°E  49°E  51°E  53°E  55°E  57°E  59°E  61°E  63°E  65°E  67°E  69°E  71°E  73°E  75°E  77°E  79°E  81°E  83°E  85°E  87°E  89°E  91°E  93°E  95°E  97°E  99°E  101°E  103°E  105°E  107°E  109°E  111°E  113°E  115°E  117°E  119°E  121°E  123°E  125°E  127°E  129°E  131°E  133°E  135°E  137°E  139°E  141°E  143°E  145°E  147°E  149°E  151°E  153°E  155°E  157°E  159°E  161°E  163°E  165°E  167°E  169°E  171°E  173°E  175°E  177°E  179°E  
--------------------------------------------------------------------------------------------------------------
89°S ||     88.57 88.61 88.66 88.68 88.68 88.67 88.67 88.69 88.72 88.76 88.92 88.98 88.95 89.01 89.21 89.32 89.36 89.44 89.46 89.34 89.27 89.42 89.44 89.40 89.34 89.32 89.26 89.27 89.36 89.33 89.42 89.54 89.48 89.41 89.51 89.43 89.34 89.27 89.19 89.13 89.08 89.01 88.95 88.92 88.90 88.90 88.89 88.90 88.89 88.87 88.85 88.84 88.81 88.80 88.79 88.79 88.71 88.68 88.66 88.66 88.63 88.61 88.61 88.57 88.59 88.62 88.64 88.52 88.46 88.47 88.41 88.39 88.39 88.39 88.35 88.32 88.31 88.30 88.28 88.28 88.27 88.29 88.29 88.27 88.29 88.29 88.29 88.28 88.27 88.28 88.29 88.33 88.34 88.35 88.36 88.37 88.36 88.37 88.39 88.39 88.37 88.37 88.35 88.35 88.36 88.37 88.38 88.39 88.40 88.40 88.41 88.40 88.37 88.39 88.43 88.46 88.45 88.45 88.46 88.48 88.50 88.51 88.52 88.55 88.58 88.62 88.62 88.65 88.68 88.69 88.71 88.72 88.73 88.75 88.76 88.78 88.79 88.79 88.79 88.80 88.75 88.75 88.73 88.69 88.71 88.71 88.70 88.67 88.64 88.61 88.60 88.59 88.59 88.55 88.52 88.51 88.49 88.48 88.47 88.48 88.48 88.47 88.47 88.45 88.45 88.44 88.45 88.46 88.47 88.47 88.49 88.50 88.50 88.50 88.51 88.53 88.54 88.55 88.55 88.57
87°S ||     90.61 90.69 90.71 90.85 90.81 90.89 90.79 90.78 90.75 90.66 90.66 90.65 90.54 90.41 90.35 90.33 90.35 90.36 90.35 90.31 90.31 90.36 90.50 90.54 90.52 90.46 90.47 90.36 90.45 90.28 90.53 90.55 90.39 90.37 90.36 90.35 90.31 90.26 90.30 90.29 90.25 90.30 90.25 90.23 90.19 90.16 90.15 90.08 90.03 89.98 89.83 89.99 89.79 89.51 89.54 89.47 89.34 89.21 89.14 89.11 89.28 88.76 88.83 88.57 88.49 88.48 88.42 88.39 88.37 88.34 88.26 88.20 88.26 88.24 87.97 87.91 87.84 87.74 87.70 87.86 87.56 87.37 87.35 87.26 87.23 87.23 87.26 87.28 87.31 87.34 87.38 87.39 87.41 87.42 87.43 87.84 87.74 87.93 87.80 88.02 88.02 88.02 88.11 88.12 88.16 88.25 88.32 88.49 88.58 88.64 88.49 88.48 88.52 88.54 88.56 88.56 88.61 88.65 88.73 88.73 88.80 88.86 88.88 88.93 89.01 89.00 89.02 89.10 89.18 89.16 89.23 89.25 89.26 89.33 89.47 89.62 89.72 89.88 89.80 89.61 89.45 89.40 89.37 89.34 89.28 89.29 89.23 88.97 88.93 88.91 88.91 88.93 88.97 88.97 88.96 88.98 89.05 89.17 89.26 89.26 89.34 89.42 89.52 89.56 89.69 89.80 89.90 89.95 90.10 90.14 90.32 90.32 90.35 90.33 90.42 90.31 90.05 90.19 90.59 90.82
85°S ||     90.02 90.02 90.04 90.05 90.06 90.06 90.08 90.13 90.14 90.13 90.13 90.14 90.15 90.23 90.16 90.08 90.09 90.21 90.20 90.21 90.21 90.23 90.26 90.27 90.26 90.26 90.31 90.42 90.49 90.64 91.00 91.03 91.01 91.01 91.05 90.88 91.08 90.96 90.91 90.85 91.09 91.38 91.32 91.33 91.11 91.06 90.95 90.84 90.74 90.64 90.68 90.55 90.53 90.49 90.75 90.83 90.53 90.34 90.40 90.77 90.60 89.65 89.51 89.54 89.67 89.76 89.59 89.69 89.68 89.25 89.38 89.25 88.94 88.86 88.92 88.65 88.98 89.25 89.53 89.16 88.98 88.89 88.95 88.96 89.05 88.90 88.83 88.69 88.68 88.80 88.68 88.71 88.83 88.82 88.82 88.83 88.84 88.89 88.95 89.06 89.03 89.16 89.47 89.77 89.69 89.65 89.62 89.64 89.60 89.67 89.77 89.83 89.89 89.96 89.73 89.79 89.91 89.93 89.85 89.76 89.75 89.79 89.83 89.93 90.05 90.14 90.15 90.08 90.08 90.03 89.98 89.95 89.90 89.92 89.96 90.07 90.68 91.87 92.28 92.01 91.35 91.03 90.90 90.94 90.45 90.19 90.08 89.96 90.02 90.09 89.96 89.99 90.05 90.21 90.39 90.46 90.50 90.52 90.49 90.50 90.48 90.31 90.15 90.08 90.05 90.16 90.23 90.31 90.45 90.65 90.39 90.45 90.40 90.34 90.27 90.23 90.20 90.19 90.07 90.02
83°S ||     90.13 90.15 90.17 90.19 90.20 90.20 90.22 90.24 90.27 90.29 90.31 90.34 90.38 90.40 90.39 90.39 90.41 90.45 90.49 90.52 90.55 90.59 90.62 90.67 90.72 90.78 90.83 90.89 91.01 91.14 91.07 90.90 90.87 90.81 90.93 91.05 91.03 90.98 91.05 91.11 90.85 90.85 90.86 90.87 90.89 90.92 90.89 91.43 91.54 91.63 91.53 91.55 91.46 91.46 91.48 91.43 91.37 91.67 91.77 91.77 91.30 91.65 91.54 91.42 91.78 91.47 91.49 91.46 91.87 91.51 91.82 92.07 92.26 92.27 92.10 91.94 91.98 91.96 91.94 92.04 92.00 91.95 91.78 91.81 91.82 91.73 91.65 91.62 91.68 91.66 91.38 91.37 91.48 91.88 91.41 91.32 91.21 91.15 91.19 91.04 91.27 90.71 90.88 90.60 91.04 91.31 91.37 91.11 90.99 91.02 91.06 91.21 91.49 91.59 91.68 91.65 91.21 91.23 91.15 91.13 91.05 91.03 90.69 90.60 90.68 90.74 90.74 90.58 90.58 90.74 90.66 90.68 90.87 90.89 91.11 91.73 92.58 92.50 92.53 92.51 92.52 91.27 91.13 91.19 91.15 91.29 91.25 91.16 91.13 91.13 91.07 90.94 90.82 90.76 90.71 90.56 90.50 90.56 90.89 91.29 91.81 92.11 91.61 91.03 90.24 90.24 89.91 89.83 89.81 89.81 89.94 90.18 90.71 90.69 90.38 90.16 90.07 90.04 90.06 90.10
81°S ||     90.49 90.57 90.57 90.73 90.46 90.54 90.58 90.64 90.69 90.76 90.82 90.91 91.09 91.13 90.90 90.88 90.92 90.98 91.04 91.09 91.14 91.19 91.21 91.25 91.29 91.35 91.42 91.45 91.48 91.52 91.56 91.74 91.70 91.73 91.85 91.80 91.56 91.61 91.58 91.60 91.80 91.63 91.29 91.34 91.16 91.02 91.09 91.27 91.33 91.21 91.38 91.28 91.52 92.41 92.05 92.27 92.57 92.07 92.55 92.46 92.12 92.25 92.32 92.28 92.30 92.25 92.31 92.32 92.23 92.13 92.24 92.07 91.87 91.89 91.92 91.94 91.88 91.89 91.86 91.88 92.32 91.78 91.60 91.55 91.52 91.54 91.52 91.53 91.49 91.48 91.46 91.48 91.37 91.17 90.96 90.64 89.95 89.21 90.09 90.23 90.74 91.11 91.05 91.18 91.51 91.74 91.89 92.13 92.09 91.96 91.72 92.05 92.18 92.32 92.32 92.40 92.43 92.52 92.49 92.49 92.46 92.50 92.44 92.36 92.34 92.38 91.96 91.99 92.08 92.16 92.23 92.47 92.54 92.64 92.69 92.67 92.64 91.96 91.06 90.84 90.78 90.73 90.70 90.89 90.99 91.01 90.94 91.11 91.21 91.31 91.46 91.56 91.68 91.44 91.57 91.82 91.99 91.64 91.49 91.54 92.05 91.81 91.51 91.52 91.67 91.60 92.07 91.37 90.53 90.18 90.21 90.38 90.54 90.81 91.14 90.41 90.54 90.54 90.32 90.39
79°S ||     90.89 90.94 90.96 91.08 91.06 91.01 91.02 91.06 91.08 91.29 91.15 91.24 91.31 91.34 91.43 91.57 91.45 91.67 91.36 91.62 91.51 91.54 91.51 92.01 92.46 91.38 91.85 92.36 92.16 92.27 92.19 92.20 92.17 92.19 92.24 92.26 92.26 92.24 92.14 92.10 92.10 91.85 92.48 92.60 91.59 91.79 91.77 91.63 91.58 91.86 92.09 91.82 92.55 92.37 92.43 92.65 92.90 91.60 92.29 91.75 92.54 92.28 91.62 92.09 92.11 92.45 92.49 92.42 92.39 92.35 92.30 92.33 92.31 92.32 92.29 92.26 92.29 92.34 92.29 92.06 92.16 92.34 92.05 92.01 92.03 92.25 91.89 92.08 91.91 91.94 92.00 91.86 91.79 91.47 90.61 90.61 90.16 90.67 91.25 91.57 91.49 91.78 91.83 91.91 92.00 92.24 92.04 92.17 91.89 92.18 91.73 92.05 91.87 91.86 91.49 91.38 92.16 92.34 92.63 92.68 92.73 92.72 92.74 92.73 92.77 92.74 92.70 92.75 92.73 92.77 92.71 92.69 92.78 92.76 92.77 92.77 92.85 92.87 92.80 92.80 92.80 92.84 92.50 92.08 92.30 91.69 91.15 91.16 91.16 91.05 91.13 91.25 91.69 92.89 92.74 91.80 91.58 92.19 90.92 90.96 91.65 91.04 90.73 90.58 90.51 90.64 90.48 90.93 90.66 90.62 90.63 90.70 90.85 90.52 90.43 90.56 90.68 90.79 90.79 90.81
77°S ||     91.78 91.48 91.40 91.37 91.27 91.56 91.52 91.89 91.84 91.88 91.85 91.87 92.22 92.02 91.97 92.03 92.13 92.12 92.25 92.11 92.04 92.10 92.04 92.15 92.08 92.21 92.41 92.49 92.33 92.44 92.41 92.44 92.44 92.44 92.43 92.45 92.41 92.43 92.41 92.41 92.39 92.41 92.33 92.19 92.12 91.89 91.34 92.05 91.23 91.51 92.32 92.13 91.95 91.40 91.57 91.80 91.99 91.94 92.09 92.05 92.35 92.53 92.35 92.42 92.61 92.64 92.62 92.66 92.66 92.62 92.58 92.57 92.51 92.53 92.49 92.49 92.47 92.37 92.15 92.17 92.10 91.96 91.89 91.74 91.98 92.17 92.03 92.06 91.86 91.98 91.99 91.93 91.55 91.38 91.24 91.06 90.53 90.12 91.34 92.50 92.87 93.03 93.02 91.86 92.15 92.01 92.04 92.23 91.94 92.28 92.00 91.94 91.88 92.32 92.70 92.51 91.94 91.80 91.36 91.11 91.00 90.58 90.43 91.02 91.67 92.19 92.51 92.49 92.39 92.18 91.59 92.23 92.39 91.72 92.33 92.54 92.84 92.74 92.49 92.36 92.03 92.06 91.81 92.28 92.92 92.86 92.70 92.58 91.85 91.89 91.97 91.14 91.88 92.23 92.23 91.35 90.97 91.07 90.84 90.89 91.00 90.83 90.82 91.11 90.98 90.93 91.07 91.19 91.24 91.21 91.10 91.21 91.44 91.09 91.11 91.18 91.40 91.57 91.67 91.47
75°S ||     92.04 92.14 91.89 92.04 91.84 91.84 91.95 92.62 92.18 92.09 93.00 93.24 92.27 92.44 92.46 92.57 92.36 92.47 92.47 92.29 92.30 92.52 92.53 92.68 92.53 92.60 92.65 92.67 92.64 92.61 92.61 92.59 92.63 92.59 92.15 92.52 92.52 92.50 92.48 92.47 92.41 92.36 92.37 92.37 92.41 92.47 92.39 92.29 92.10 91.98 92.08 91.55 91.39 91.77 92.31 92.40 92.33 92.65 92.80 92.83 92.86 92.85 92.80 92.75 92.73 92.72 92.69 92.49 92.67 92.56 92.44 92.29 92.25 92.09 92.03 92.11 92.02 92.20 92.03 92.06 92.12 92.16 92.25 92.07 92.40 92.16 92.16 92.31 92.14 92.14 92.04 91.73 91.59 91.91 92.06 92.08 92.09 92.10 92.17 92.03 91.87 91.97 91.98 91.92 92.23 92.30 92.30 92.13 92.11 91.99 91.89 91.71 91.23 91.44 91.60 91.03 91.45 91.30 91.07 91.24 90.98 90.91 91.68 92.01 91.83 91.71 92.85 91.40 91.61 91.62 91.75 92.25 92.15 92.03 91.96 91.75 92.08 91.05 90.67 90.22 90.15 90.82 93.08 92.93 93.04 91.83 92.50 91.86 92.64 92.95 92.82 92.75 92.69 92.71 92.82 91.71 90.61 90.57 90.56 90.57 90.55 90.73 91.44 91.33 91.52 90.89 90.96 91.17 91.25 91.24 91.32 91.33 91.36 91.62 91.63 91.71 91.85 91.80 91.85 91.91
73°S ||     93.11 92.04 92.67 92.65 92.55 92.24 92.92 92.65 92.68 92.66 92.23 91.90 92.76 92.21 92.51 92.68 92.64 92.63 92.56 92.44 92.29 91.94 92.92 91.73 91.98 92.80 92.57 92.55 92.58 92.63 92.65 92.64 92.72 92.38 92.31 91.98 92.21 92.57 92.45 92.51 92.50 92.53 92.44 92.49 92.52 92.52 92.52 92.28 92.80 93.55 93.54 93.65 93.61 92.26 92.77 92.79 92.95 92.99 93.01 93.03 93.04 93.02 92.96 92.88 92.91 92.55 92.69 92.88 92.90 92.90 92.85 92.60 92.38 92.50 92.37 92.26 92.18 92.31 92.52 92.14 92.15 92.16 92.20 92.52 92.35 92.59 92.72 92.67 92.56 92.61 92.27 92.23 91.87 92.25 92.23 92.33 92.50 92.53 92.52 92.50 92.54 92.54 92.62 92.57 92.49 92.43 92.56 92.09 92.01 91.86 91.38 91.00 91.26 91.74 92.19 91.89 92.10 91.97 92.08 91.70 91.85 91.44 91.22 91.13 91.48 91.44 91.81 91.84 92.13 92.09 92.05 92.17 92.22 92.33 92.43 92.45 92.44 92.57 92.23 91.85 92.27 90.84 91.02 91.69 91.80 91.85 91.93 92.18 92.76 92.55 92.35 91.45 92.27 92.74 93.02 93.14 92.58 91.55 90.64 91.10 90.84 91.18 91.72 91.79 91.08 91.40 91.87 92.03 91.87 92.25 93.01 92.79 92.41 92.28 92.29 92.24 92.40 92.21 92.26 93.00
71°S ||     92.97 93.01 93.09 93.14 93.19 93.33 93.43 93.37 93.38 93.40 93.41 92.84 92.21 91.91 91.26 91.28 91.97 92.13 93.10 92.36 92.41 92.26 92.06 92.14 93.66 92.68 92.70 92.72 92.61 92.40 92.48 92.38 92.37 92.55 92.47 92.43 92.35 92.65 92.49 92.51 92.63 92.47 92.60 92.51 92.56 92.59 92.31 92.12 92.18 92.98 93.55 93.43 93.67 92.09 92.92 93.05 93.09 93.14 93.08 93.10 93.16 92.88 92.76 92.87 92.98 93.05 93.09 92.94 92.96 92.11 92.40 92.60 92.45 92.62 92.33 92.51 92.36 91.89 91.68 91.53 91.42 92.40 92.38 92.37 92.55 92.57 92.70 92.51 92.76 92.61 93.06 92.97 92.59 92.67 92.66 92.49 92.42 91.78 92.39 92.68 92.81 92.55 92.59 92.60 92.58 92.62 92.27 91.36 91.67 92.01 92.05 92.16 92.17 92.34 92.36 92.26 92.52 92.33 92.46 92.54 92.46 92.66 92.69 92.49 92.61 92.30 91.67 91.91 93.10 93.10 92.14 92.33 92.13 90.92 91.81 92.03 92.14 91.67 91.36 91.71 92.07 91.51 92.37 92.54 92.81 92.83 92.79 92.50 92.50 92.67 92.95 92.85 93.07 92.87 93.53 93.67 93.62 93.35 93.01 92.80 93.04 92.89 92.69 93.02 93.19 93.13 93.13 92.99 92.85 93.25 92.91 93.18 93.09 93.12 92.64 92.63 92.69 92.78 92.43 92.89
69°S ||     92.42 92.49 92.82 93.03 92.63 93.76 93.63 93.39 93.51 93.48 93.45 93.29 92.76 92.86 92.46 92.61 91.57 91.76 92.13 92.60 92.93 92.72 92.43 92.30 92.23 92.82 92.63 92.77 92.41 92.90 92.06 92.15 92.04 92.31 92.35 92.43 92.68 92.70 92.79 92.79 92.84 92.78 92.75 92.81 92.81 93.25 92.61 92.89 92.90 92.87 92.91 93.03 93.03 93.12 93.14 93.08 93.11 93.13 92.95 92.95 92.78 93.12 93.09 93.21 93.10 92.90 92.34 92.37 92.43 92.43 92.39 92.51 92.51 92.71 92.81 93.00 92.83 92.31 91.78 92.05 92.19 92.63 92.61 92.23 92.21 91.99 92.06 92.01 92.28 92.55 92.57 92.69 91.78 92.73 92.80 92.72 92.86 92.85 92.83 92.88 92.83 92.79 92.86 92.78 92.55 92.24 91.52 92.65 92.84 92.72 92.54 92.35 92.45 92.32 92.46 91.97 91.91 92.47 92.85 93.03 93.20 93.07 93.10 93.18 93.17 93.09 92.74 92.35 92.07 92.10 92.56 92.46 92.42 92.38 93.23 92.16 90.94 91.34 91.46 91.61 91.82 91.82 91.43 91.55 92.08 92.54 92.65 92.40 92.85 92.93 92.93 93.01 92.55 90.79 92.91 93.55 93.42 91.41 93.56 93.49 93.43 93.26 93.20 93.14 92.91 92.66 92.43 92.50 91.80 91.53 92.50 93.04 93.02 92.85 92.71 92.55 92.45 92.36 92.58 92.57
67°S ||     93.63 92.39 92.15 92.83 92.85 92.93 92.95 93.40 93.43 93.51 93.54 93.54 93.43 93.32 93.05 92.79 92.52 92.09 92.02 91.75 91.74 91.45 91.79 91.82 92.18 92.14 92.02 91.94 92.39 91.69 91.70 91.72 92.23 93.55 92.17 92.39 92.40 93.01 92.76 92.78 92.87 92.86 92.82 92.84 92.85 92.89 92.85 92.95 92.95 92.90 92.93 93.01 93.04 93.04 92.97 93.11 93.23 93.12 93.19 93.11 92.62 92.97 93.17 93.17 92.95 92.74 93.98 93.98 93.74 92.48 92.63 92.69 92.75 92.93 93.07 92.73 92.41 91.88 91.95 91.64 91.96 91.98 92.34 92.29 92.60 92.50 92.61 92.63 92.61 92.61 92.65 92.80 92.73 92.86 92.81 92.92 92.81 92.77 92.77 92.61 92.61 91.93 91.72 91.76 91.40 91.95 93.16 93.56 93.51 93.15 93.06 92.66 92.70 92.35 92.50 92.40 92.76 92.89 93.14 93.17 93.15 93.14 93.19 93.19 93.12 93.32 93.31 93.43 93.44 93.05 92.35 91.73 92.32 92.52 91.78 91.62 91.50 91.11 91.67 90.90 91.17 91.58 91.60 92.49 92.23 92.17 91.69 92.02 92.46 92.77 93.04 93.12 92.91 93.07 93.18 93.21 93.24 93.18 92.95 93.10 93.07 93.13 92.97 92.78 93.01 92.97 92.98 92.97 92.91 92.53 93.11 92.90 92.85 92.67 92.23 92.74 92.12 92.10 92.17 92.65
65°S ||     92.56 92.18 91.86 92.29 92.32 93.10 93.14 93.47 93.42 93.47 93.46 93.54 93.55 93.55 93.49 93.36 93.26 93.21 93.14 92.87 92.42 92.29 92.36 92.15 92.48 92.41 92.08 92.73 92.62 92.12 91.90 92.20 91.98 92.22 92.40 92.52 92.53 92.60 92.62 92.82 92.84 92.93 92.96 92.96 93.03 93.06 93.03 93.02 93.03 93.02 92.92 92.83 92.75 92.85 92.98 93.10 93.10 93.11 93.00 92.18 93.05 93.25 93.38 93.51 92.99 93.23 93.17 93.16 92.78 92.72 92.92 92.82 92.89 93.02 93.20 93.09 92.66 92.50 92.13 91.80 91.82 92.13 92.92 92.45 92.62 92.65 92.65 92.57 92.33 92.69 92.70 92.73 92.68 92.84 92.65 92.87 93.09 92.95 92.70 92.77 92.54 92.57 92.44 92.33 91.94 92.25 92.09 92.33 92.42 92.30 92.27 92.13 92.24 92.75 93.04 93.44 93.41 93.27 93.13 93.03 93.04 93.20 93.34 93.31 93.41 93.37 93.34 93.39 93.39 93.48 92.62 92.57 92.53 92.42 93.66 91.95 91.90 92.01 92.45 91.35 91.32 91.34 91.85 91.89 91.94 91.52 91.37 92.57 92.28 92.00 92.81 92.71 92.61 93.08 93.05 91.64 92.25 92.44 92.99 92.71 92.13 92.30 93.01 92.69 92.90 93.16 93.03 93.10 93.07 93.03 92.72 92.64 92.47 91.87 92.80 93.01 92.62 92.46 92.09 91.99
63°S ||     92.58 92.54 92.85 92.26 91.98 92.41 92.93 93.00 93.23 93.18 93.40 93.28 93.51 93.45 93.47 93.36 93.43 93.45 93.41 93.02 92.54 92.51 92.25 92.35 92.26 92.40 92.41 92.22 92.16 92.24 92.17 92.31 92.54 92.55 92.51 92.28 92.10 92.44 92.81 92.55 92.96 92.67 92.47 92.85 92.90 92.85 92.68 92.96 92.89 92.85 92.66 92.70 92.89 93.24 92.99 92.39 92.80 93.32 93.20 93.24 93.19 93.17 93.29 93.45 93.70 93.53 92.96 93.56 92.83 93.29 93.08 92.91 92.94 92.84 92.92 93.36 93.48 93.40 93.33 93.00 92.81 92.45 92.54 92.53 92.55 92.60 92.73 92.73 92.74 92.69 92.68 92.69 92.80 92.73 92.78 92.60 92.74 92.81 92.64 92.89 92.92 92.64 92.70 92.89 92.74 92.48 92.28 92.04 92.07 91.83 92.32 92.45 92.78 93.29 93.61 93.65 93.67 93.50 93.34 93.27 93.23 93.20 93.25 93.29 93.47 93.53 93.44 93.41 93.44 93.47 93.32 92.80 92.70 92.96 92.57 92.11 91.84 92.03 91.87 91.05 92.86 91.67 92.29 92.19 92.17 91.87 91.70 91.52 91.25 91.69 92.12 92.51 92.33 92.41 92.74 93.06 93.28 93.29 93.05 92.95 92.48 92.57 92.78 92.77 92.65 91.80 91.75 92.12 92.62 92.89 93.01 93.08 92.90 93.15 93.12 92.26 92.71 92.81 92.76 92.90
61°S ||     93.26 92.32 91.95 92.56 92.86 93.04 93.01 92.37 92.48 92.69 92.25 92.50 93.01 92.49 93.84 92.59 92.97 92.92 93.36 93.14 93.07 93.03 93.04 92.45 92.26 92.07 92.99 92.77 92.23 92.34 92.79 93.07 93.10 92.99 92.95 92.67 92.33 92.53 92.45 92.42 92.84 92.15 92.58 92.87 92.61 91.62 93.09 93.23 93.26 93.20 93.17 93.30 93.27 92.97 92.57 93.44 93.44 93.26 93.44 93.43 93.36 93.22 93.31 93.38 93.59 93.79 93.62 93.15 93.69 93.71 93.58 93.36 92.57 93.24 93.41 93.00 92.99 93.08 92.96 92.69 91.82 91.84 92.55 92.80 92.58 92.50 92.38 92.67 92.80 92.77 92.83 92.75 92.77 92.94 92.84 92.90 92.85 92.69 92.81 92.92 92.98 92.85 92.77 92.75 92.19 92.76 92.65 92.67 92.69 92.80 92.90 92.97 93.06 93.23 93.45 93.48 93.09 93.03 93.08 92.85 93.84 93.45 92.92 93.16 93.34 93.40 93.55 93.61 93.38 93.56 93.80 93.64 91.58 93.50 93.38 93.19 92.08 92.29 92.28 92.69 91.89 91.81 91.72 91.84 91.92 91.82 91.83 91.59 91.84 91.76 92.04 92.01 92.09 92.19 92.24 93.20 93.63 93.59 93.59 93.49 93.34 93.13 92.95 92.74 92.68 92.35 91.95 92.18 92.30 91.30 92.11 92.83 92.96 92.71 91.70 92.06 92.28 93.12 93.16 93.11
59°S ||     93.37 92.92 92.73 93.00 93.05 92.88 91.64 92.35 92.55 92.31 92.80 92.34 92.57 91.76 92.75 93.07 92.88 93.01 92.74 93.00 93.16 93.18 92.92 92.79 91.98 92.40 92.59 92.64 93.00 92.38 92.59 93.20 93.27 93.00 93.22 93.03 92.55 92.05 91.90 92.06 92.36 92.92 93.19 93.17 93.10 92.79 93.25 93.36 93.50 93.49 93.49 93.49 93.53 93.54 93.32 93.17 93.27 93.12 93.38 93.48 93.23 92.96 93.49 93.44 92.83 93.78 92.80 93.48 93.69 92.44 92.78 93.41 93.88 93.24 93.65 93.12 93.15 92.89 92.68 92.70 92.14 92.26 92.58 92.35 92.41 92.82 92.66 92.62 92.99 91.82 92.70 92.92 92.99 92.89 93.25 92.72 92.64 92.67 93.52 92.60 92.51 92.91 92.76 92.78 92.85 92.90 92.86 92.79 92.76 93.06 93.14 93.31 93.36 93.36 93.22 92.89 92.92 93.02 92.67 92.22 92.26 92.30 92.98 93.35 93.65 93.73 93.78 93.73 93.79 93.89 93.76 93.74 93.55 93.42 93.47 93.27 92.80 91.71 91.17 91.50 93.43 93.27 91.25 91.29 92.65 91.64 91.77 91.11 91.76 92.16 91.66 91.74 92.27 92.90 93.15 93.33 93.47 93.42 93.50 93.50 93.49 93.43 93.34 93.21 92.85 92.55 92.22 92.15 92.35 92.15 93.08 91.53 92.30 92.51 92.21 92.84 93.04 92.88 93.12 93.25
57°S ||     93.24 93.27 93.40 93.59 93.28 92.10 92.52 92.37 91.96 92.03 92.14 93.56 92.09 92.22 91.84 91.92 92.58 93.01 92.61 92.48 93.51 92.54 92.58 92.56 91.83 92.48 92.73 92.70 92.65 91.87 91.33 93.23 93.04 93.12 93.10 92.82 92.95 92.45 92.27 92.32 92.13 92.69 92.91 93.03 93.11 92.86 92.43 92.36 93.14 93.52 93.54 93.58 93.47 93.45 93.26 92.67 92.52 92.54 92.29 92.15 92.77 93.83 93.09 92.53 93.67 93.94 93.84 92.98 94.70 91.17 94.05 93.04 92.71 93.31 92.96 93.69 93.83 93.66 93.40 93.88 93.90 93.31 92.68 92.76 92.97 92.72 92.78 92.54 92.48 92.79 92.87 92.95 92.67 92.37 92.38 92.32 92.34 92.43 92.83 92.42 92.14 92.29 92.26 92.33 92.30 92.89 92.92 93.08 93.22 93.32 93.42 93.52 93.61 93.65 93.58 93.36 93.46 93.46 93.56 93.34 93.25 93.43 93.73 93.91 94.02 94.01 94.02 94.02 94.02 94.20 93.90 93.84 93.71 93.82 93.78 93.72 93.66 93.32 91.58 92.66 93.48 93.69 91.85 92.07 92.61 92.43 92.06 91.83 91.79 92.17 92.63 92.80 92.93 92.68 93.07 92.89 93.32 92.84 92.05 92.30 93.37 93.47 93.42 93.19 92.81 92.54 92.29 92.27 92.37 92.29 91.97 91.84 92.33 92.41 93.25 92.34 92.34 92.45 92.73 93.17
55°S ||     93.33 93.35 93.45 93.50 93.02 92.98 92.91 92.52 92.34 92.83 92.79 92.69 92.53 92.63 92.30 92.52 92.99 92.93 92.93 92.88 92.38 91.68 91.68 93.49 91.63 92.52 92.85 92.85 92.82 92.55 92.33 93.15 93.13 93.02 93.14 92.85 92.61 92.33 91.96 91.85 91.96 91.84 91.78 92.00 92.75 92.44 92.28 92.63 93.14 93.35 93.53 93.55 93.57 93.19 92.79 91.93 92.29 91.83 92.14 93.65 92.65 93.95 94.04 93.69 92.74 95.24 95.15 95.40 95.08 95.11 95.14 94.28 92.31 92.95 93.81 93.24 93.16 93.73 93.63 93.57 93.16 92.91 93.04 93.01 92.92 92.78 92.79 92.54 92.65 92.37 92.62 92.81 93.03 92.73 92.81 93.16 93.73 92.82 92.78 92.87 92.84 92.75 92.15 92.30 92.13 92.39 93.10 93.18 93.36 93.51 93.61 93.69 93.81 93.89 93.89 93.96 94.01 94.06 94.08 94.31 94.69 94.84 94.94 95.09 95.32 94.92 94.61 94.57 95.30 94.30 94.06 94.01 93.93 93.80 93.91 93.87 92.71 93.45 93.34 93.05 92.89 92.72 92.84 92.88 91.74 92.21 92.35 92.34 92.70 92.98 93.29 93.29 93.72 93.54 92.91 93.09 93.27 92.03 92.22 93.48 93.25 93.08 92.92 92.96 92.61 92.48 92.64 92.83 93.07 92.86 92.84 92.23 92.92 92.57 92.35 92.43 92.65 93.02 93.06 93.27
53°S ||     93.40 93.07 93.14 93.59 93.74 92.46 93.18 93.28 93.26 93.09 93.19 92.75 92.53 92.89 92.88 92.87 92.61 92.95 92.87 92.96 92.84 92.17 91.82 92.94 92.51 92.78 93.63 92.74 92.92 92.74 93.04 92.93 92.94 93.08 93.01 93.00 92.95 92.16 91.84 91.82 91.69 91.85 92.33 92.54 92.77 92.90 93.04 92.99 93.59 93.95 92.66 92.74 93.02 92.80 92.90 93.35 93.19 92.50 92.39 93.25 92.66 94.00 94.05 94.12 95.98 95.61 95.20 95.21 95.27 95.31 95.29 95.01 94.28 94.03 93.56 93.44 93.64 93.82 93.33 93.51 93.63 93.52 93.42 93.26 93.07 93.71 93.15 92.83 92.97 93.00 92.72 92.66 92.53 92.98 92.45 92.29 92.63 92.72 92.82 92.68 92.83 92.92 92.46 91.67 92.96 92.71 92.91 93.20 93.31 93.37 93.69 93.79 93.93 94.03 94.08 94.21 94.71 95.00 95.81 96.81 97.61 98.21 98.46 98.57 98.63 98.00 97.78 97.90 97.93 97.79 96.46 94.30 94.30 94.67 93.89 93.98 94.00 93.87 93.09 93.11 93.27 92.84 92.93 92.57 92.74 93.34 92.63 92.64 92.73 92.49 92.78 93.13 93.44 93.58 93.90 93.35 93.24 91.83 93.52 93.21 93.36 93.39 93.40 93.12 92.88 92.84 92.52 92.88 92.28 92.86 93.07 92.43 91.84 91.84 92.44 93.02 93.08 93.16 93.35 93.39
51°S ||     93.34 93.20 92.91 93.00 93.48 93.35 93.25 92.54 93.42 93.03 92.71 92.95 92.82 93.05 92.90 92.80 92.89 92.23 92.75 92.83 92.63 92.26 91.78 91.59 91.24 92.55 92.20 92.60 92.89 92.90 92.77 92.97 92.68 92.53 92.79 92.50 92.55 92.42 92.13 91.33 91.30 91.12 91.53 92.61 92.80 92.97 93.06 92.70 93.65 93.90 92.60 92.61 92.12 91.82 92.80 93.64 93.76 93.74 93.00 92.40 92.31 92.51 94.07 94.97 95.56 95.07 95.39 95.25 95.25 95.24 95.25 95.33 94.30 94.34 94.64 95.39 93.65 93.69 93.44 93.47 93.59 93.52 93.20 93.03 92.81 93.25 92.60 92.74 92.98 92.95 92.92 92.97 93.08 93.15 92.89 92.49 92.63 92.72 92.79 92.39 92.95 92.67 92.33 92.78 92.65 92.80 93.12 93.36 93.53 93.55 93.86 93.94 93.97 94.14 94.36 95.07 95.87 96.92 97.93 98.96 99.26 99.66 99.79 99.74 99.91 99.95 99.82 99.83 99.73 99.55 99.83 99.32 95.94 95.86 94.79 94.07 93.70 92.73 91.87 93.51 93.23 92.66 93.48 92.54 92.04 92.31 92.70 93.24 93.02 93.09 93.41 93.44 93.34 93.25 92.69 93.25 93.28 93.39 93.33 93.35 93.30 92.86 93.01 93.35 93.31 93.13 92.64 93.30 92.96 93.27 92.93 92.54 92.95 92.37 92.49 92.78 92.90 93.12 93.20 93.31
49°S ||     92.54 92.80 92.66 93.05 93.64 93.76 93.83 93.27 93.30 92.38 92.83 92.42 92.38 92.24 92.55 92.36 92.29 92.34 91.57 91.84 92.19 92.47 91.67 91.50 92.20 91.96 92.35 92.90 92.87 92.86 92.68 92.91 92.57 91.30 91.29 91.46 91.82 91.81 91.88 91.34 91.15 91.23 91.41 92.32 92.68 92.86 92.89 92.88 92.80 92.70 92.51 92.18 91.68 91.46 91.75 92.22 93.23 93.29 92.66 92.44 93.84 93.97 94.04 94.19 95.11 95.83 95.32 95.37 95.26 95.55 95.60 95.06 94.61 93.79 94.03 93.44 93.41 93.67 93.41 93.50 93.50 93.46 93.26 92.96 92.96 92.56 92.71 93.79 93.29 92.99 92.75 92.94 93.44 93.43 92.99 92.68 92.12 93.11 92.47 92.45 92.42 92.42 92.70 93.03 93.10 92.76 92.69 93.38 93.53 93.71 93.50 93.86 94.11 94.56 95.82 96.95 97.95 98.56 99.29 99.66 100.08 100.15 100.08 100.07 99.39 99.88 99.95 100.01 99.94 99.91 99.93 99.93 99.78 99.26 97.28 95.72 94.03 93.64 93.88 93.62 93.78 93.31 92.42 92.97 93.12 92.19 92.89 92.67 93.15 93.28 92.66 93.12 93.11 93.07 92.95 93.32 93.15 92.97 92.64 92.65 91.38 92.23 93.01 92.84 92.56 93.08 93.41 93.59 93.11 93.61 93.54 93.32 93.27 92.83 92.41 91.97 92.18 92.41 92.78 92.93
47°S ||     92.35 92.84 92.61 92.57 93.19 93.62 93.09 92.63 93.13 92.74 92.45 92.57 91.53 92.91 91.74 91.99 91.11 91.37 92.18 91.96 92.47 91.82 92.20 92.53 92.48 92.85 92.27 92.64 92.82 92.79 92.80 92.80 92.86 92.04 91.83 91.98 92.29 92.34 92.34 92.03 91.58 91.45 91.84 91.95 91.81 92.47 92.48 92.58 92.36 92.40 92.04 91.87 91.47 91.47 91.38 91.75 92.10 92.04 92.60 93.03 92.06 93.66 93.37 94.01 94.00 95.40 95.79 95.72 95.60 95.77 95.67 95.27 94.87 93.83 93.99 93.97 93.49 93.44 93.28 92.81 93.40 93.22 93.13 93.10 92.78 92.84 92.59 92.85 93.14 93.04 93.13 93.14 93.56 93.11 92.89 92.17 92.50 92.35 92.66 93.21 92.47 92.08 92.33 92.67 93.45 93.46 93.10 93.37 93.67 93.62 93.49 93.71 94.03 94.33 97.86 99.45 99.80 100.14 100.10 100.06 99.76 99.94 100.13 100.10 99.90 99.66 99.47 99.81 99.94 99.87 99.88 99.73 99.75 99.68 99.15 97.82 96.16 94.27 93.99 93.90 93.85 93.78 93.37 93.00 93.50 93.48 92.99 93.34 93.29 93.29 93.30 92.76 92.58 92.96 92.57 92.86 92.91 92.33 91.95 92.66 93.35 93.44 92.59 92.50 92.97 93.45 93.33 93.48 93.61 93.54 93.50 93.45 92.70 92.70 92.42 92.94 92.64 92.48 92.85 92.73
45°S ||     92.90 92.97 92.82 92.88 93.12 93.09 93.19 93.22 93.32 92.57 92.31 92.88 92.35 92.15 92.24 92.24 93.14 92.16 92.56 92.68 92.45 92.73 93.23 92.34 92.70 92.92 92.76 92.63 92.64 92.59 92.45 92.56 92.48 92.26 92.27 92.24 92.27 92.30 92.42 92.44 92.09 91.98 92.18 92.08 92.03 92.26 92.27 92.04 91.85 91.64 91.55 91.53 91.47 90.94 90.73 91.95 92.40 92.53 92.91 93.16 93.42 93.38 93.67 93.75 93.67 94.42 95.03 97.14 96.81 96.13 95.88 95.52 94.27 94.06 93.94 94.02 93.35 93.32 93.28 93.88 92.99 93.19 92.93 92.89 92.82 92.72 92.72 93.19 93.18 93.09 92.97 93.06 93.23 93.04 92.84 92.92 92.56 92.59 92.52 93.23 91.63 92.35 92.55 92.61 93.21 92.59 93.17 93.37 93.54 93.55 93.63 93.56 94.04 95.69 99.49 99.84 100.14 100.11 100.03 100.16 100.11 100.17 100.09 100.10 100.01 100.17 100.09 99.77 99.77 100.04 99.87 99.79 99.80 99.69 99.13 98.74 97.05 94.84 94.07 93.97 93.85 93.92 92.17 93.50 93.53 93.29 93.42 93.17 92.98 93.34 93.04 92.83 93.06 92.83 92.90 92.57 92.33 92.42 91.86 91.05 92.32 92.15 92.71 93.47 93.55 93.48 93.03 93.58 93.15 93.21 93.46 93.38 92.71 92.75 92.73 91.93 91.98 92.61 92.80 92.71
43°S ||     93.38 92.66 93.48 93.13 93.37 93.08 93.19 93.16 92.93 92.69 92.32 92.38 92.19 91.98 92.35 92.38 92.77 92.83 92.71 92.68 92.15 92.39 92.60 92.61 92.30 92.66 92.77 92.76 92.06 92.38 92.23 92.51 92.56 92.03 92.18 92.17 92.21 92.32 92.52 92.63 92.00 91.75 90.63 90.70 91.62 92.05 91.89 91.62 91.66 91.35 91.23 91.24 91.12 91.22 91.27 92.08 92.18 92.31 92.46 92.84 92.82 92.91 93.30 92.85 93.92 93.84 94.14 94.24 94.47 94.60 94.35 94.35 93.94 94.06 93.99 93.47 93.39 93.53 93.43 93.52 93.33 94.05 92.92 93.12 92.97 92.97 92.83 93.23 93.20 92.97 92.88 93.03 93.09 93.01 92.98 92.74 92.90 92.70 93.00 92.53 92.45 92.56 92.39 91.94 92.00 92.36 93.08 93.61 93.27 93.43 93.53 93.57 94.17 97.61 99.76 100.17 100.16 100.09 100.15 100.16 100.14 100.17 100.11 100.16 100.17 99.84 99.97 99.93 100.09 99.96 99.82 99.81 99.66 99.34 98.13 97.99 97.11 95.40 94.13 94.07 93.98 94.01 93.86 93.82 93.68 93.55 93.40 93.25 93.25 93.71 93.47 93.34 93.28 92.95 92.90 92.60 92.29 92.28 92.35 92.38 92.13 92.24 92.94 93.60 93.70 93.66 93.54 93.46 93.15 93.34 93.32 93.43 92.13 92.94 92.97 93.56 92.64 92.89 93.17 93.13
41°S ||     93.51 93.45 93.47 93.71 93.59 93.01 93.11 93.01 93.51 93.72 94.04 93.96 93.14 92.43 92.71 92.57 92.11 92.40 92.06 92.45 92.08 92.66 92.61 92.59 92.39 91.47 92.06 92.26 92.50 92.01 91.86 92.16 91.96 91.98 91.72 92.06 92.14 92.33 92.38 90.07 89.71 89.51 87.46 87.16 87.25 89.90 89.89 89.89 90.77 91.17 90.84 91.26 90.98 91.18 91.14 91.20 91.31 91.87 92.75 92.61 92.24 91.62 93.02 93.50 93.48 93.84 93.84 93.97 94.15 94.19 94.18 93.95 94.06 93.74 93.79 93.79 93.67 94.11 93.62 93.28 93.47 93.38 93.08 93.09 92.92 92.93 93.00 93.30 93.30 93.17 92.94 93.11 92.87 92.91 93.01 92.52 92.35 92.85 92.80 92.67 92.32 92.38 91.87 91.59 93.22 92.50 92.90 93.36 93.39 93.41 93.56 93.74 94.13 97.67 99.40 100.17 100.08 99.89 100.17 100.18 100.14 100.14 100.15 100.14 100.15 99.85 100.06 100.12 100.03 100.10 99.98 99.79 99.10 98.39 97.99 97.60 96.54 95.14 94.41 94.09 94.26 93.70 93.56 93.77 92.91 93.11 93.43 93.51 93.55 93.52 93.44 93.41 93.43 92.90 92.77 92.71 92.45 92.84 92.82 92.59 92.51 92.46 93.07 93.39 93.50 93.41 93.47 93.41 92.74 93.17 93.17 92.46 92.35 93.07 92.99 93.02 93.12 93.31 93.46 93.18
39°S ||     93.37 93.50 93.26 92.94 93.63 92.86 93.32 93.21 92.52 92.93 93.84 93.84 92.77 92.44 93.04 92.76 93.01 92.53 92.78 92.86 93.01 92.26 93.02 93.02 92.75 92.75 92.52 92.24 92.39 92.26 92.13 90.05 91.29 91.75 91.75 91.95 92.11 92.08 91.28 91.13 90.47 89.01 88.63 88.73 89.15 89.30 89.18 89.47 88.79 90.04 90.86 90.89 90.93 91.04 91.21 91.25 91.51 91.86 91.95 92.47 92.48 92.63 92.15 92.38 93.08 92.48 93.55 94.08 94.02 94.01 94.02 94.02 93.83 93.75 93.83 93.77 93.72 93.59 93.48 93.50 93.46 93.44 93.30 93.18 93.14 92.92 93.25 93.44 93.19 93.13 93.34 93.38 93.30 92.90 93.03 92.74 92.75 92.69 92.66 93.02 92.39 92.55 92.17 92.30 92.19 92.13 92.85 93.26 93.45 93.47 93.46 93.84 94.18 96.15 99.26 100.17 100.09 100.10 100.11 100.14 100.14 100.17 100.15 100.14 100.15 100.04 100.17 100.11 100.16 100.02 99.85 99.37 98.58 98.09 97.32 96.81 96.41 95.80 94.34 93.94 93.89 93.45 93.53 93.43 93.45 93.60 93.61 93.58 92.96 93.48 93.52 93.57 93.40 93.26 92.94 93.17 92.94 92.65 93.18 93.05 92.76 92.62 92.64 92.84 93.18 93.29 93.60 93.47 93.22 93.17 93.31 93.14 93.42 93.34 93.36 93.12 93.24 93.42 93.54 93.63
37°S ||     93.63 93.49 93.51 93.20 93.90 93.75 93.48 92.77 92.26 91.57 91.25 92.26 92.15 93.02 93.36 93.33 93.33 93.33 93.19 93.10 93.08 93.06 92.73 92.94 92.61 92.23 92.33 91.84 91.71 92.27 92.15 91.18 91.35 90.68 91.47 90.48 91.15 89.00 89.15 91.10 88.95 88.06 89.54 89.58 89.47 89.41 89.65 90.45 89.75 89.72 89.48 90.17 90.85 91.38 91.38 91.52 91.41 92.03 92.16 91.96 91.94 92.72 92.70 93.04 93.39 93.28 93.67 93.79 92.66 93.89 93.72 93.77 93.81 93.85 93.79 93.71 93.64 93.63 93.63 93.49 93.31 93.18 92.92 93.87 93.22 93.03 93.03 92.94 93.35 93.15 93.27 93.39 93.35 93.17 92.75 93.02 92.67 92.59 92.97 92.91 92.34 92.30 92.13 92.32 92.51 92.47 93.69 92.95 93.38 93.53 93.55 93.61 93.90 95.72 97.57 100.00 100.13 99.95 99.58 100.18 100.17 100.17 100.10 100.15 100.08 100.12 100.10 100.13 100.12 100.07 99.94 99.05 97.91 97.39 96.62 96.15 95.30 94.36 94.12 93.97 93.60 93.69 93.34 93.37 93.25 93.36 93.58 93.60 93.57 93.47 93.59 93.50 93.43 93.38 93.25 93.28 93.44 93.29 93.19 92.55 92.88 92.80 92.37 92.35 93.03 93.19 93.57 93.27 93.30 93.40 93.51 93.49 93.47 93.46 93.30 93.14 93.64 93.73 93.65 93.85
35°S ||     93.61 93.89 93.50 92.91 93.44 92.90 92.75 92.98 92.37 91.60 91.44 92.32 93.00 93.16 93.30 93.22 93.33 91.94 93.12 93.06 93.00 92.79 92.76 92.60 92.09 92.34 92.15 92.00 91.44 91.60 91.27 91.13 91.24 90.93 91.08 91.27 90.52 88.91 89.03 88.98 88.35 89.53 90.32 90.20 89.84 90.14 89.93 90.02 90.31 90.37 90.16 89.20 90.08 91.24 91.61 91.83 91.82 91.84 91.86 91.96 92.15 92.34 92.31 93.31 93.26 92.72 92.96 93.30 93.24 93.76 93.70 93.75 93.66 93.46 93.56 93.67 93.67 93.66 93.76 93.59 93.34 93.08 93.25 93.10 93.18 92.88 92.77 92.92 93.05 93.11 93.16 93.32 93.25 92.87 92.89 92.86 93.09 93.24 92.68 92.53 92.56 91.96 92.10 92.47 92.66 92.61 92.66 93.03 93.45 93.38 93.35 93.45 93.70 93.85 95.09 97.52 100.17 100.11 99.85 99.76 100.16 100.18 99.56 99.83 100.11 100.13 100.13 100.08 100.12 100.03 99.41 97.17 96.11 96.11 95.66 95.07 95.28 94.34 94.28 94.23 93.73 93.58 92.90 93.35 93.15 93.28 93.40 93.46 93.56 93.61 93.51 93.35 92.81 92.80 92.91 93.18 92.92 92.72 93.04 93.23 93.02 92.70 93.05 93.26 93.12 93.13 92.99 93.20 93.16 92.74 93.52 93.59 93.38 93.33 93.46 93.52 93.83 93.75 93.52 93.03
33°S ||     93.66 93.72 92.91 92.77 92.96 92.13 92.55 91.61 91.65 92.25 92.19 92.45 93.07 93.20 93.41 93.13 93.34 93.36 93.06 93.06 92.34 92.81 92.74 92.71 92.40 92.13 92.14 91.94 91.70 91.41 91.24 90.35 90.78 90.54 90.18 90.40 89.66 88.57 88.39 87.62 87.90 89.58 90.54 90.09 90.90 90.19 91.17 91.25 90.96 91.01 90.34 89.31 88.40 90.23 91.21 91.82 91.78 91.86 91.90 91.88 92.28 92.70 92.52 93.28 93.34 93.39 93.36 93.35 93.29 93.16 93.33 93.65 93.60 93.46 93.69 93.48 93.75 93.62 93.59 93.65 93.50 93.34 93.48 93.24 93.19 93.07 93.02 92.92 92.93 93.00 93.05 92.76 92.98 93.14 92.93 93.04 92.83 93.06 92.79 92.27 92.44 92.25 91.98 92.21 92.47 92.58 92.58 92.51 93.12 93.36 93.24 93.19 93.01 93.28 93.73 94.69 98.65 99.91 100.16 100.01 100.02 99.69 100.03 100.09 100.16 100.15 100.07 100.06 99.33 98.22 97.47 95.75 94.65 94.54 94.43 94.41 94.86 94.56 94.15 94.11 93.94 93.60 93.35 93.27 93.14 93.10 93.24 93.21 93.31 93.41 93.38 93.18 93.06 92.87 92.36 92.25 92.37 92.33 92.96 92.59 92.92 93.16 92.73 92.99 92.87 92.81 93.14 93.26 93.42 93.10 93.23 93.56 93.00 93.42 93.43 93.54 93.64 93.51 93.28 93.24
31°S ||     93.61 93.09 92.98 92.91 92.30 92.39 91.85 92.31 92.45 92.30 92.48 92.52 92.89 93.12 93.35 93.33 93.33 92.91 92.80 93.05 92.68 92.73 92.65 92.58 92.38 92.32 92.10 91.89 91.56 91.22 90.92 90.75 90.69 90.05 89.88 90.49 89.56 88.36 88.52 87.62 88.72 89.63 90.05 90.69 90.95 91.19 91.21 91.44 91.43 91.56 90.55 89.31 89.75 89.87 90.03 89.99 91.44 92.02 92.02 92.35 92.73 93.07 93.26 93.30 93.42 93.38 93.43 93.53 93.47 93.43 93.50 93.92 93.46 93.29 93.40 93.43 93.49 93.57 93.67 93.65 93.68 93.61 93.47 93.48 93.36 93.09 92.84 92.71 92.90 92.95 92.95 93.03 92.79 93.00 93.05 92.96 93.02 92.92 92.87 92.47 92.44 92.88 92.58 92.39 92.65 92.81 92.89 92.62 93.15 93.33 93.49 93.19 93.48 93.42 93.85 93.84 94.67 95.52 96.30 99.68 100.06 100.13 100.01 100.13 100.06 100.10 99.87 99.44 96.45 94.69 95.87 95.29 94.31 94.28 94.21 94.04 94.03 94.14 94.12 94.00 93.96 93.35 93.40 93.19 93.26 92.94 93.06 93.04 93.06 93.13 93.23 93.06 92.87 92.88 92.55 92.47 93.05 92.27 92.10 91.90 93.01 93.28 93.51 93.10 93.25 93.36 93.46 93.39 93.42 93.30 93.19 93.37 93.12 93.34 93.33 93.17 93.34 93.45 93.42 93.38
29°S ||     93.60 93.08 91.80 92.90 92.29 92.12 92.64 92.20 92.56 92.38 92.37 92.58 93.10 93.26 93.33 93.29 93.26 92.26 93.12 93.09 92.89 92.65 92.64 92.52 92.43 92.26 92.09 91.77 91.43 91.13 90.85 90.50 90.28 90.23 90.20 89.34 89.39 88.86 87.31 86.30 88.62 89.81 90.27 90.61 90.97 91.28 91.47 91.61 91.72 91.71 91.67 91.52 90.77 90.79 90.69 89.89 90.22 90.77 91.98 92.28 92.79 93.32 93.41 93.37 93.51 93.40 93.28 93.38 93.54 93.52 93.61 93.76 93.62 93.38 93.54 93.71 93.58 93.56 93.75 93.73 93.69 93.70 93.56 93.62 93.21 93.18 93.06 92.86 92.76 92.92 92.97 93.04 93.14 93.08 93.05 92.98 93.00 92.58 92.91 92.57 93.02 93.06 92.79 92.78 93.02 93.12 93.18 93.10 92.59 93.29 93.05 93.46 93.55 93.62 93.16 93.34 93.99 93.93 94.36 94.38 95.37 95.38 97.09 99.13 97.89 98.23 96.54 97.15 94.63 94.18 94.05 93.94 94.08 94.14 94.06 93.92 93.98 93.97 93.95 93.71 93.69 93.50 93.32 93.22 93.18 93.06 93.03 93.09 93.09 93.12 93.15 92.96 92.95 92.53 92.75 92.34 91.85 92.11 92.81 91.83 92.81 93.19 93.33 92.93 93.35 92.65 93.31 93.44 93.26 93.15 93.30 93.19 93.02 93.12 93.14 93.33 93.21 93.33 93.43 93.54
27°S ||     93.36 93.02 92.97 92.91 92.39 92.27 92.84 91.96 92.42 92.75 92.65 92.98 92.94 93.08 93.34 93.15 93.33 92.61 93.11 92.58 92.61 92.63 92.51 92.48 92.28 92.16 92.01 91.87 91.38 91.05 90.68 90.34 89.91 89.93 89.75 89.95 90.18 88.64 88.33 86.57 88.91 89.85 90.25 90.70 91.07 91.38 91.61 91.76 91.85 92.01 92.00 92.06 91.81 91.16 91.17 91.28 91.58 91.56 91.47 91.46 91.22 92.83 93.43 93.45 93.42 93.44 93.51 93.61 93.49 93.42 93.45 93.77 93.83 93.94 93.71 93.51 93.69 93.70 93.81 93.80 93.79 93.78 93.72 93.57 93.48 93.28 93.34 93.36 93.05 92.95 92.92 93.10 93.12 92.75 92.90 93.02 93.03 92.77 92.76 92.75 93.00 93.17 92.73 92.97 93.16 93.06 93.27 92.76 92.38 92.62 93.17 93.21 93.42 93.27 93.24 93.30 93.26 93.96 93.94 94.02 94.09 94.16 94.25 94.30 94.39 94.84 95.46 94.92 94.65 94.17 93.95 94.07 94.05 93.99 93.81 93.90 92.43 93.94 93.93 92.92 93.38 93.12 93.05 93.05 93.08 93.09 93.09 93.10 93.01 92.97 92.94 92.71 92.25 92.15 92.02 92.31 92.88 91.94 92.03 92.69 92.34 92.77 93.20 93.18 93.49 92.79 93.36 93.15 93.33 93.43 93.36 93.23 92.88 92.66 92.71 93.07 93.07 93.12 93.41 93.45
25°S ||     93.42 92.85 93.17 92.94 92.88 92.85 92.99 93.28 92.81 93.10 92.93 93.40 93.40 93.33 93.41 93.25 93.28 92.94 92.60 93.02 92.67 92.53 92.48 92.34 92.20 91.99 91.83 91.65 91.25 90.76 90.40 90.09 89.80 89.61 89.54 88.79 89.24 89.64 88.33 88.71 89.20 89.79 90.33 90.72 90.96 91.25 91.44 91.70 91.85 91.87 92.06 92.11 91.83 91.42 90.48 91.25 91.59 91.76 91.77 91.61 90.84 92.15 93.25 93.30 93.40 93.41 93.40 92.99 93.19 93.30 93.36 93.38 93.69 94.01 94.08 93.77 93.84 93.89 93.96 93.85 93.85 93.80 93.93 93.74 93.83 93.48 93.54 93.54 93.52 93.02 93.31 93.21 93.39 92.69 93.06 93.02 93.03 92.63 92.31 92.97 92.99 92.88 92.95 92.99 92.86 92.50 92.90 92.29 92.08 92.45 92.73 92.83 93.15 93.01 93.39 93.69 93.48 93.83 93.93 94.00 94.05 94.00 93.97 94.24 94.03 94.50 94.24 93.97 93.91 93.83 93.91 93.79 93.77 93.88 93.78 93.29 93.23 93.48 92.74 93.16 93.05 92.87 92.73 92.78 92.88 92.93 93.16 92.97 92.92 92.80 92.74 92.55 92.19 91.79 91.96 92.24 92.59 92.19 91.65 92.11 92.00 92.42 92.82 93.20 92.90 92.93 93.30 92.90 93.18 93.30 93.29 92.95 92.65 93.14 93.21 93.04 93.15 93.46 93.62 93.40
23°S ||     93.37 93.39 92.96 92.98 92.90 93.01 93.20 93.32 93.42 93.49 93.47 93.44 93.56 93.61 93.41 93.52 92.38 92.65 93.07 92.71 92.70 92.44 92.43 92.31 92.13 91.84 91.59 91.23 90.82 90.42 90.06 89.65 89.43 89.31 89.38 89.30 88.39 88.81 88.27 88.58 89.14 89.77 90.15 90.44 90.71 90.96 91.23 91.48 91.75 91.91 92.19 92.17 92.16 91.80 91.02 91.21 91.55 91.58 91.53 91.16 90.43 92.36 93.13 93.18 92.93 93.10 93.31 93.02 93.32 93.30 93.16 93.50 93.60 93.89 93.96 94.02 93.81 93.88 93.82 93.91 93.91 93.86 93.88 93.98 93.81 93.63 93.69 93.75 93.67 92.84 93.37 93.21 93.42 93.43 93.46 93.09 93.01 93.76 92.86 92.57 92.73 92.53 92.31 92.17 92.46 92.86 92.14 92.09 91.79 92.39 92.63 93.04 92.93 92.60 92.57 92.82 93.30 93.48 93.63 93.77 93.95 93.83 93.96 94.04 94.04 94.20 94.02 93.82 93.84 93.75 93.53 93.56 93.67 93.73 93.20 92.73 92.13 92.33 92.70 93.00 92.80 92.62 92.31 92.46 92.76 92.85 92.91 92.99 92.75 92.69 92.62 92.56 92.75 92.61 92.68 92.16 92.63 92.18 91.80 92.15 91.75 92.59 92.80 93.02 93.02 93.17 93.09 93.20 93.14 93.54 93.12 93.74 93.09 93.17 93.23 93.18 93.04 93.51 93.72 93.39
21°S ||     93.22 93.30 92.98 92.99 92.96 92.98 93.24 93.70 93.50 93.45 93.35 93.39 93.47 93.34 93.44 93.51 93.22 92.92 92.95 92.75 92.58 92.39 92.34 92.18 91.98 91.75 91.34 90.84 90.28 89.83 89.49 89.12 88.89 88.86 89.02 88.49 88.68 87.90 88.07 88.63 89.05 89.51 89.79 90.07 90.40 90.64 90.98 91.23 91.50 91.73 91.87 92.08 92.12 91.73 91.22 91.52 91.12 91.42 91.10 90.73 90.81 91.18 93.03 93.00 93.07 92.96 93.25 93.34 93.30 93.33 93.40 93.40 93.56 93.73 93.98 94.08 93.95 93.89 93.95 93.97 93.93 93.91 93.89 93.97 93.92 93.97 93.75 93.77 93.66 93.41 93.29 93.42 93.53 93.55 93.26 93.17 93.03 92.72 92.68 92.83 92.92 93.01 92.09 92.45 92.70 92.60 92.82 91.90 91.80 92.25 92.66 92.31 92.76 92.75 92.82 93.05 93.15 93.44 93.52 93.77 93.84 93.91 93.64 93.98 93.86 93.79 93.81 93.22 93.52 93.52 93.45 93.33 93.63 93.21 92.87 92.62 91.55 91.70 92.54 92.42 92.64 92.62 92.26 91.93 92.77 92.88 92.89 92.92 92.91 92.70 92.46 92.22 91.93 92.25 92.95 92.26 92.44 92.37 91.89 92.59 92.46 92.63 92.51 92.50 93.04 93.16 93.34 93.17 92.93 93.52 93.60 93.37 93.41 93.59 93.52 93.15 92.82 93.27 93.28 93.08
19°S ||     92.55 92.85 92.86 92.70 93.03 93.25 93.49 93.87 93.85 93.67 93.56 93.39 93.47 93.45 93.58 93.44 93.22 93.19 92.79 92.75 92.58 92.35 92.20 91.93 91.75 91.47 91.07 90.34 89.43 88.95 88.64 88.49 88.35 88.49 88.74 87.03 88.36 87.81 87.96 88.28 88.48 88.89 89.20 89.51 89.90 90.28 90.66 90.95 91.29 91.51 91.66 91.77 91.92 91.86 91.43 91.00 90.98 90.96 91.10 90.98 90.60 92.03 92.81 92.76 92.94 93.09 93.37 93.39 93.43 93.29 93.39 93.54 93.71 93.90 94.15 94.18 94.13 93.91 93.99 93.99 94.10 93.96 93.92 93.91 94.00 94.04 93.85 93.71 93.72 93.77 93.66 93.56 93.59 93.52 93.23 93.28 92.99 92.92 93.12 92.47 92.83 92.91 92.28 92.64 92.23 92.57 91.89 91.70 92.22 92.24 92.05 92.41 92.40 92.59 92.70 92.84 92.89 92.84 92.89 93.61 93.72 93.72 93.78 93.77 93.63 93.65 93.35 93.36 93.42 93.34 93.29 92.87 92.72 92.94 92.71 92.43 91.99 91.84 92.27 92.47 92.75 92.77 92.95 92.93 92.80 92.84 92.86 92.87 92.75 92.65 92.82 92.30 91.99 92.10 92.51 92.64 92.53 92.71 92.23 92.63 92.72 92.54 92.44 92.35 92.86 92.88 92.78 92.71 93.28 93.55 93.71 93.78 93.82 93.91 93.76 93.79 93.70 93.54 93.56 92.58
17°S ||     92.59 92.59 92.72 93.07 93.09 93.29 93.73 93.79 93.80 93.75 93.66 93.49 93.53 93.09 93.52 93.77 93.35 93.34 93.04 92.70 92.55 92.35 91.97 91.66 91.44 91.13 90.61 89.45 88.45 87.84 87.74 87.84 88.04 88.23 87.88 87.18 87.62 87.85 87.69 87.56 87.68 88.13 88.56 88.89 89.44 89.87 90.28 90.59 90.95 91.26 91.38 91.61 91.63 91.71 91.33 90.94 90.39 90.42 90.99 90.87 90.61 92.17 92.77 92.24 92.65 94.43 95.12 94.13 93.35 93.45 93.16 93.47 93.67 93.81 94.15 94.13 94.15 93.90 94.01 93.93 94.00 93.98 93.98 93.98 93.99 93.97 93.90 93.90 93.86 93.78 93.57 93.60 93.61 93.50 93.37 93.33 93.06 93.11 92.80 93.34 92.92 92.71 92.32 92.32 92.30 92.23 92.35 91.84 92.35 92.30 92.45 92.28 92.07 92.06 92.38 92.44 92.60 93.14 93.21 92.80 93.23 93.15 93.30 93.33 93.26 93.56 93.49 93.48 93.39 93.30 92.83 92.88 91.93 92.30 92.45 92.30 91.74 91.77 92.31 92.56 92.83 92.85 92.95 93.03 92.85 92.81 92.78 92.72 92.68 92.45 92.59 92.50 92.18 92.30 92.17 92.23 92.50 92.71 92.50 92.97 92.71 92.67 92.45 92.27 93.15 92.32 92.62 92.84 93.28 93.66 93.77 93.86 93.86 93.93 93.97 93.82 93.84 93.70 93.81 93.45
15°S ||     93.62 92.59 93.36 93.17 93.43 93.56 93.96 93.92 93.72 93.76 93.75 93.51 93.38 93.42 93.54 93.74 92.66 93.39 93.53 92.80 92.61 92.31 92.01 91.70 91.28 90.74 89.83 88.30 86.72 86.23 86.73 87.38 87.58 87.88 88.05 87.97 88.18 88.21 87.44 87.05 87.01 87.65 88.04 88.41 88.96 89.59 90.02 90.35 90.57 90.74 90.76 91.19 91.39 91.39 91.04 90.92 90.51 91.51 90.79 91.70 92.06 94.24 94.88 95.28 95.63 95.31 94.69 95.54 95.47 93.55 93.47 93.79 93.75 93.80 94.05 94.04 94.10 94.03 93.98 93.96 93.98 93.98 93.97 94.04 93.96 93.94 93.95 93.89 93.85 93.81 93.84 93.75 93.67 93.48 93.37 93.38 93.30 93.14 92.70 93.11 92.56 92.66 92.53 92.20 92.32 92.05 92.19 92.16 92.01 92.08 92.46 92.00 91.82 91.79 91.88 91.52 92.43 93.12 93.14 93.17 92.78 93.18 93.16 93.07 93.26 93.41 93.33 93.51 93.11 92.80 92.63 91.80 91.71 91.78 92.07 91.95 91.71 91.90 91.96 92.39 92.68 92.88 92.84 92.85 92.95 92.85 92.67 92.75 92.47 92.59 92.47 92.66 92.10 91.81 92.72 92.88 92.27 92.83 92.89 92.67 92.72 92.61 92.28 92.49 92.90 93.01 92.89 92.92 93.13 93.79 93.90 94.14 94.01 93.98 93.80 94.02 93.89 94.10 93.39 93.50
13°S ||     93.69 93.66 93.47 93.27 93.44 93.70 93.88 93.99 93.94 93.98 93.88 93.67 93.60 93.70 93.68 93.73 93.43 93.40 93.30 93.02 92.75 92.38 92.06 91.70 91.17 90.49 89.43 87.27 84.78 84.24 85.64 86.89 87.28 87.40 87.49 88.27 87.99 87.94 87.27 86.95 87.00 88.35 87.53 88.08 88.67 89.23 89.78 90.11 90.37 90.55 90.60 91.38 90.76 91.92 94.37 94.11 93.99 92.28 95.50 95.93 94.31 92.22 92.14 92.39 94.50 94.52 94.09 94.17 93.02 95.02 93.65 93.68 93.81 93.89 93.93 94.04 94.00 94.09 94.16 94.00 93.99 93.99 93.98 93.98 93.92 93.94 93.98 93.92 93.84 93.93 93.88 93.84 93.74 93.60 93.76 93.51 93.39 93.20 93.07 93.08 93.04 92.80 92.45 92.26 92.06 92.48 92.10 92.08 91.95 91.87 91.89 92.04 91.64 92.01 91.90 92.12 92.15 92.89 93.04 92.91 92.98 93.15 93.06 93.05 92.80 93.19 93.24 93.25 93.09 92.91 91.97 91.72 91.42 91.93 91.84 92.07 91.66 91.84 92.49 92.52 92.96 92.86 92.96 92.89 92.94 92.87 92.55 92.40 92.34 92.40 92.39 92.18 92.53 92.12 92.92 92.90 92.44 92.43 92.76 92.86 92.60 92.69 92.34 92.21 92.53 93.30 93.33 93.45 93.67 93.92 93.99 94.06 94.08 94.05 94.04 94.08 94.13 94.05 94.12 94.05
11°S ||     94.12 94.00 94.15 94.15 93.80 93.80 93.90 94.01 93.94 93.94 93.89 93.86 93.88 93.70 93.82 93.75 93.71 93.53 93.41 93.16 92.85 92.59 92.13 91.70 91.02 90.36 89.39 87.52 84.86 82.75 83.87 86.88 87.18 87.20 87.09 87.83 87.73 87.40 86.86 86.58 87.10 87.49 87.42 88.00 88.49 88.96 89.73 89.96 90.19 90.43 90.30 91.02 93.83 94.13 96.16 96.25 92.79 89.70 89.50 90.68 91.41 91.63 91.94 92.17 92.63 92.51 92.70 93.64 93.20 93.39 95.38 94.03 95.37 94.06 93.97 94.36 94.24 94.07 94.13 94.14 94.01 94.01 94.03 94.00 94.01 93.99 94.05 93.96 93.98 93.91 93.91 93.97 93.77 93.69 93.56 93.56 93.58 93.31 92.30 92.68 93.09 93.14 92.71 92.48 92.37 92.05 92.02 92.10 91.87 91.90 92.30 92.01 92.09 91.81 92.06 92.20 92.12 92.36 92.71 92.52 92.65 92.89 92.86 92.77 92.48 93.13 93.10 93.28 93.09 93.06 92.81 92.06 91.51 91.74 91.69 92.23 91.91 92.36 92.69 92.71 93.07 92.99 92.85 92.93 92.95 92.92 92.81 92.86 92.62 92.61 92.45 92.13 91.75 92.23 92.16 92.40 92.78 92.86 92.62 92.98 92.77 93.18 93.37 93.11 93.28 93.89 93.39 93.65 93.78 93.97 94.02 94.03 94.13 94.10 94.15 94.19 94.20 94.00 94.05 93.96
9°S ||     93.87 93.96 93.95 94.07 94.15 93.88 94.01 93.94 94.02 94.05 93.93 93.97 93.89 93.86 93.86 93.77 93.77 93.64 93.53 93.27 93.05 92.67 92.33 91.82 91.25 90.51 89.64 88.78 85.28 81.38 81.37 85.68 87.05 87.05 87.12 86.98 87.46 87.20 87.23 86.87 87.01 87.71 89.57 91.33 90.10 89.03 89.67 90.32 90.26 90.70 93.89 94.46 94.37 95.93 94.15 90.24 89.27 91.19 89.98 91.34 91.62 91.77 92.40 92.36 92.79 92.95 93.81 93.25 94.47 93.48 95.46 95.44 95.74 94.79 94.58 94.29 94.01 94.09 94.10 94.43 94.14 94.00 94.04 94.06 94.04 94.05 94.10 93.98 93.99 94.00 94.05 93.86 93.86 93.82 93.69 93.52 93.57 93.42 92.95 92.87 93.12 92.88 92.59 92.75 92.71 92.32 92.04 92.39 93.33 93.57 92.12 92.36 92.24 92.32 92.28 92.14 92.16 92.24 92.50 92.56 92.53 92.37 92.57 92.38 92.34 92.47 92.73 93.04 93.08 93.08 92.78 92.39 91.53 92.37 92.36 91.80 92.65 92.88 92.34 92.76 93.05 93.08 93.19 93.03 93.04 92.85 92.78 93.13 93.05 92.70 91.98 92.21 91.76 92.49 92.87 92.73 92.92 93.24 92.91 93.04 93.42 93.89 94.00 93.82 93.79 94.00 93.98 93.93 94.00 94.02 94.06 94.11 94.16 94.61 94.27 94.25 93.99 92.98 94.04 94.00
7°S ||     94.02 94.01 93.97 93.97 94.32 94.21 94.06 94.08 94.27 94.12 94.08 94.00 93.95 93.94 93.93 93.95 93.93 93.78 93.63 93.43 93.18 92.85 92.51 91.96 91.40 90.84 90.14 89.52 85.98 82.65 83.43 85.04 86.67 86.95 87.14 87.38 86.88 86.89 87.37 86.87 90.53 90.91 87.98 92.14 91.33 91.21 91.74 93.67 93.29 92.55 91.39 89.92 92.65 95.67 93.90 94.28 94.49 91.97 91.15 91.81 91.95 91.98 92.30 92.47 93.36 94.34 94.27 93.97 93.04 93.18 94.29 95.53 95.40 94.84 95.21 94.75 94.50 94.04 94.03 94.10 94.12 94.08 94.10 94.03 94.05 94.02 93.98 93.95 93.93 93.96 93.94 93.98 93.85 93.82 93.81 93.84 93.84 93.56 93.20 93.32 92.60 92.55 92.67 92.76 92.09 92.55 92.69 92.40 92.38 92.42 92.61 92.58 92.70 92.02 92.13 92.14 92.13 92.63 92.68 92.50 92.12 91.96 92.05 91.84 92.26 92.75 92.54 92.68 93.06 93.07 92.97 92.85 91.91 91.81 92.24 92.45 92.51 92.60 92.47 92.84 93.08 93.03 93.27 93.23 93.19 93.24 93.30 93.33 93.30 93.48 91.77 91.61 91.80 92.48 92.06 93.18 93.89 93.56 93.66 93.63 93.90 93.99 93.96 93.92 94.07 94.16 94.08 94.14 94.15 94.14 94.15 94.14 94.20 94.30 94.46 94.44 94.19 94.13 94.08 94.02
5°S ||     94.04 94.08 94.11 94.10 94.03 94.36 94.32 94.31 94.41 94.16 94.08 93.94 93.99 94.03 94.09 94.13 94.13 94.02 93.70 93.69 93.43 93.16 92.80 92.28 91.80 91.23 90.67 89.73 88.46 86.69 85.27 85.54 86.67 86.82 87.24 87.52 87.49 88.60 87.79 87.08 87.47 87.81 88.28 92.76 91.05 93.04 90.86 91.83 91.00 90.21 89.74 92.82 93.37 93.92 93.34 90.30 90.71 91.86 93.91 93.81 92.20 92.35 92.46 92.52 93.12 92.82 93.41 93.02 93.12 93.34 93.70 93.96 94.81 93.90 93.88 94.72 94.86 94.54 93.97 94.02 94.44 94.17 94.14 94.09 94.07 94.02 93.97 93.97 94.02 93.98 93.95 93.92 93.95 93.79 93.82 93.87 93.84 93.83 93.66 93.72 93.18 92.37 92.56 92.72 93.01 92.75 92.64 92.57 92.68 92.51 93.02 93.08 92.94 92.24 92.07 92.13 91.89 92.11 91.85 92.41 92.11 92.42 92.19 92.20 92.44 92.25 92.76 92.45 92.93 93.00 92.87 92.36 92.48 91.97 92.42 92.60 92.88 92.82 92.92 93.04 92.94 93.15 93.50 93.54 93.38 93.39 93.78 93.63 93.34 93.18 92.68 92.28 92.99 92.93 92.84 93.27 94.10 93.91 95.03 94.17 94.05 93.95 93.94 94.09 94.09 94.23 94.24 94.20 94.20 94.24 94.30 94.25 94.37 94.36 94.36 94.41 94.44 94.28 94.17 94.09
3°S ||     94.10 94.08 94.16 94.18 94.12 94.65 94.67 94.51 94.24 94.37 94.01 93.81 94.12 94.40 94.35 94.44 93.98 93.72 94.01 93.88 93.75 93.40 93.30 92.83 92.24 91.68 91.15 90.21 89.47 88.07 87.00 86.80 86.48 86.45 87.34 87.82 88.18 88.37 88.40 87.92 87.70 88.33 88.75 89.71 90.03 90.09 90.76 90.80 90.61 90.27 90.01 89.78 90.31 92.23 91.83 90.87 91.51 92.04 92.37 94.22 92.17 92.85 92.81 92.96 93.12 93.21 93.77 93.44 93.55 93.74 93.84 93.91 95.41 94.03 94.00 94.48 94.29 94.36 94.07 94.09 94.15 94.15 94.40 94.18 94.08 94.05 94.08 94.02 94.02 94.00 93.99 93.95 93.92 93.90 93.85 93.84 93.61 93.83 93.83 93.85 93.37 92.89 92.74 92.89 93.12 92.72 92.84 93.00 92.94 92.94 93.13 93.13 92.87 92.59 92.43 91.99 91.69 92.85 92.61 92.46 92.37 92.47 92.30 92.62 92.15 92.49 92.25 92.88 92.93 93.12 92.72 92.86 92.77 92.63 93.01 93.50 92.68 93.26 93.16 92.94 93.16 93.21 93.70 93.70 93.46 93.84 93.76 93.51 93.30 93.08 92.58 92.79 92.70 92.87 93.05 93.65 94.10 94.10 94.13 94.01 94.14 94.10 94.09 94.07 94.13 94.24 94.18 94.09 94.37 94.39 94.37 94.45 94.50 94.54 94.54 94.55 94.48 94.38 94.21 94.19
1°S ||     94.22 94.19 94.22 94.31 94.38 94.69 94.70 94.49 94.35 94.10 93.97 93.75 94.15 94.36 94.62 94.19 94.01 94.10 94.07 93.90 93.84 93.72 93.56 93.22 92.75 92.01 91.38 90.65 89.92 89.14 88.01 87.38 85.86 84.23 87.57 88.05 88.35 88.64 88.81 88.84 88.88 89.80 90.18 90.51 90.78 91.36 91.68 91.90 92.15 92.31 91.53 92.96 94.45 90.90 91.03 91.33 92.17 92.49 92.58 93.45 92.87 93.09 93.09 93.10 93.29 93.37 93.36 93.82 93.86 93.87 94.51 93.93 95.06 95.20 94.12 94.13 94.08 94.09 94.12 94.26 94.60 94.38 94.33 94.11 94.13 94.11 94.07 94.02 94.00 93.98 94.00 94.03 93.96 93.94 93.87 93.84 93.54 93.82 93.82 93.84 93.40 93.26 93.12 92.95 93.13 93.07 93.03 93.17 93.21 93.25 93.35 93.33 92.77 92.55 92.52 92.20 91.90 92.90 92.70 92.67 92.70 92.32 92.39 92.19 92.54 92.60 92.77 92.89 93.34 93.24 92.94 92.42 92.92 93.01 93.46 93.47 93.32 93.79 93.21 93.07 93.24 93.36 93.73 93.76 93.79 93.86 93.82 93.20 93.44 93.10 92.98 93.08 93.55 93.60 93.78 94.09 94.20 94.27 94.19 94.17 94.33 94.25 94.13 94.13 94.25 94.20 94.08 94.19 94.33 94.41 94.44 94.48 94.49 94.55 94.58 94.56 94.42 94.44 94.32 94.25
1°N ||     94.27 94.22 94.30 94.52 94.43 94.56 94.70 94.94 94.39 94.17 94.00 94.00 94.32 94.63 94.63 94.37 94.23 94.16 93.88 94.02 93.92 93.92 93.58 93.05 92.57 92.42 91.78 90.85 90.01 89.71 89.25 88.66 86.28 83.46 84.48 88.36 88.53 88.68 89.02 89.38 89.82 90.17 90.42 90.76 91.18 91.70 92.03 92.38 92.88 93.13 91.87 90.82 90.63 91.04 91.37 91.98 92.43 92.83 92.89 93.23 93.02 93.23 93.66 93.23 93.33 93.43 93.33 94.05 93.69 93.84 93.97 94.97 95.84 95.75 94.02 94.08 94.09 94.11 94.04 94.61 94.04 94.53 94.18 94.09 94.27 94.16 94.08 94.02 94.05 93.99 93.99 94.02 93.97 93.97 93.95 93.86 93.83 93.66 93.68 93.56 93.55 93.58 93.43 93.46 93.19 93.01 93.05 93.45 93.33 93.31 93.28 92.97 93.05 92.96 92.59 92.41 92.72 92.70 92.42 92.81 92.62 92.48 92.56 92.59 92.58 92.68 92.85 93.06 93.09 93.27 93.55 93.43 93.72 93.70 93.69 93.72 93.54 93.53 93.66 93.48 93.74 93.78 93.90 93.89 93.92 93.79 93.46 93.43 93.47 93.25 93.43 93.66 93.98 94.05 94.07 94.10 94.20 94.28 94.24 94.32 94.25 94.25 94.20 94.29 94.27 94.21 94.14 94.30 94.36 94.40 94.45 94.50 94.50 94.53 94.55 94.55 94.57 94.51 94.44 94.36
3°N ||     94.59 94.50 94.55 94.65 94.76 94.82 94.78 94.70 94.59 94.17 94.11 94.13 94.67 94.80 94.76 94.56 94.41 94.03 93.97 94.10 94.04 93.79 93.44 92.88 92.27 92.95 92.27 90.24 90.03 90.14 90.00 90.14 89.61 85.97 87.59 88.67 88.42 88.55 89.09 89.59 90.04 90.29 90.49 90.46 91.60 92.04 92.52 92.82 93.11 93.53 93.58 92.45 91.86 92.09 92.47 92.79 92.99 93.09 93.15 93.39 93.31 93.24 93.01 93.70 93.75 93.54 93.63 93.85 93.88 93.96 94.00 94.05 95.20 95.36 94.97 94.62 94.63 94.44 94.36 94.29 94.12 94.07 94.19 94.12 94.09 94.24 94.06 94.00 94.03 94.02 94.05 94.02 94.00 93.97 93.94 93.88 93.86 93.75 93.82 93.73 93.72 93.73 93.72 93.59 93.58 93.17 93.38 93.64 93.83 93.26 93.38 93.17 92.84 92.81 92.68 93.05 92.87 92.86 92.58 92.84 92.69 92.55 92.52 92.65 92.66 92.73 92.95 93.07 93.28 93.36 93.84 93.98 94.09 94.16 94.34 94.12 93.81 93.76 93.67 93.82 93.84 93.91 93.95 93.91 93.89 93.67 93.64 93.55 93.46 93.24 93.77 94.09 94.06 94.02 94.04 94.18 94.24 94.29 94.31 94.36 94.23 94.35 94.30 94.33 94.32 94.24 94.27 94.34 94.37 94.39 94.41 94.48 94.50 94.52 94.51 94.54 94.56 94.58 94.60 94.62
5°N ||     94.57 94.67 94.95 94.69 94.85 94.87 94.81 94.78 94.68 94.36 94.27 94.22 94.81 94.93 94.93 94.80 94.24 93.98 94.20 94.15 93.99 93.55 93.11 92.74 92.99 93.09 92.89 91.69 90.15 90.05 90.28 90.73 91.01 90.66 89.70 89.03 88.21 88.01 89.24 89.89 90.32 90.55 90.66 90.40 91.80 92.57 92.92 93.15 93.44 93.77 93.89 92.88 92.86 93.12 93.27 93.39 93.38 93.41 93.45 93.56 93.72 93.46 93.18 93.30 93.50 93.77 93.86 93.91 93.92 94.02 94.13 95.02 94.14 94.71 95.30 94.88 94.41 94.15 94.11 94.13 94.06 94.13 94.08 94.12 94.26 94.11 94.09 94.01 94.04 94.02 94.00 94.01 93.94 93.92 93.91 93.91 93.89 93.90 93.84 93.75 93.73 93.73 93.68 93.72 93.67 93.65 93.69 93.63 93.68 93.15 93.28 92.63 92.81 92.70 92.87 92.74 92.76 92.90 92.82 92.81 92.69 92.58 92.48 92.53 93.03 92.80 92.93 93.16 93.41 93.69 93.99 95.09 95.24 95.24 95.20 94.99 94.70 94.03 93.96 93.93 93.93 94.00 93.97 93.89 93.90 93.73 93.64 93.65 93.33 93.40 94.08 94.05 94.10 94.11 94.15 94.16 94.26 94.31 94.34 94.35 94.33 94.31 94.34 94.34 94.34 94.34 94.34 94.33 94.37 94.37 94.38 94.43 94.46 94.48 94.50 94.54 94.57 94.58 94.61 94.64
7°N ||     94.62 94.68 94.74 94.76 94.84 94.87 94.87 94.85 94.78 94.57 94.34 94.62 94.94 95.03 95.05 94.84 94.17 94.38 94.32 94.16 93.89 93.62 93.68 93.53 93.41 93.37 93.10 92.39 89.72 89.89 90.27 91.14 91.43 91.16 90.48 89.51 87.17 87.15 89.76 90.27 90.58 90.76 90.89 91.17 92.34 92.72 93.00 93.29 93.53 93.75 93.90 93.92 93.37 93.35 93.34 93.37 93.48 93.58 93.66 93.72 93.75 93.64 93.33 93.63 93.83 93.86 93.95 93.98 94.00 94.06 94.17 95.06 95.41 95.03 95.26 94.17 94.14 94.11 94.34 94.52 94.34 94.11 94.14 94.20 94.11 94.05 94.06 94.01 94.04 93.99 94.01 94.00 93.99 94.02 93.91 93.88 93.84 93.90 93.81 93.68 93.68 93.71 93.75 93.66 93.65 93.76 93.50 93.82 93.68 93.70 93.38 93.08 93.02 92.55 92.66 92.76 92.66 92.82 92.83 92.85 92.65 92.70 92.49 92.98 93.27 92.72 92.94 93.23 93.69 94.04 95.01 95.35 95.29 95.27 95.27 95.19 95.15 94.71 94.05 94.04 94.06 94.02 93.93 93.95 93.73 93.54 93.62 93.80 93.67 93.65 94.04 94.13 94.15 94.20 94.31 94.22 94.32 94.35 94.32 94.35 94.39 94.32 94.34 94.33 94.35 94.35 94.33 94.33 94.33 94.34 94.35 94.34 94.42 94.46 94.44 94.53 94.58 94.61 94.62 94.65
9°N ||     94.68 94.81 94.61 94.67 94.87 94.86 94.87 94.84 94.93 94.65 94.44 94.87 95.06 95.11 95.08 94.65 94.39 94.64 94.30 94.04 94.00 93.93 93.89 93.81 93.71 93.53 93.31 92.51 90.32 90.21 90.84 91.73 91.70 91.89 91.43 89.99 86.48 84.54 88.97 90.58 90.75 90.99 91.23 91.62 92.26 92.72 93.06 93.36 93.55 93.77 93.90 93.92 93.84 93.52 93.47 93.48 93.56 93.66 93.72 93.80 93.86 93.82 93.72 93.74 93.84 93.97 94.07 94.08 94.10 94.34 95.01 95.06 94.92 95.34 94.28 94.26 94.31 94.26 94.50 94.15 94.15 94.13 94.11 94.14 94.19 94.11 94.08 94.12 94.08 94.09 94.02 94.00 93.97 93.99 93.94 94.02 93.89 93.85 93.82 93.82 93.77 93.61 93.47 93.41 93.70 93.79 93.81 93.58 93.54 93.43 93.39 93.37 93.25 93.38 93.13 92.89 92.77 92.81 92.80 92.52 92.73 92.66 92.38 93.48 92.82 92.71 93.05 93.42 93.84 94.30 95.16 95.39 95.40 95.37 95.31 95.26 95.20 95.03 94.55 94.23 94.13 94.22 93.93 93.84 93.83 93.79 93.93 94.00 93.95 93.96 94.10 94.20 94.39 94.20 94.31 94.37 94.32 94.32 94.28 94.29 94.71 94.25 94.24 94.27 94.32 94.34 94.29 94.31 94.26 94.31 94.30 94.39 94.40 94.46 94.42 94.52 94.58 94.62 94.65 94.64
11°N ||     94.73 94.73 94.74 94.73 94.92 94.93 94.98 94.95 95.08 95.00 94.88 95.15 95.19 95.16 95.12 95.06 94.67 94.69 94.29 94.10 94.05 94.01 93.93 93.83 93.69 93.56 93.24 92.48 91.73 92.03 91.97 91.95 91.97 91.98 92.08 91.96 87.18 81.18 82.84 90.55 90.91 91.17 91.46 91.84 92.26 92.77 93.18 93.41 93.64 93.76 93.88 93.93 93.92 93.64 93.57 93.57 93.64 93.73 93.77 93.83 93.88 93.78 93.73 93.88 93.98 94.04 94.16 94.25 94.37 94.27 95.30 95.12 94.26 95.37 95.08 94.25 94.99 94.19 94.14 94.25 94.13 94.11 94.08 94.06 94.10 94.12 94.22 94.12 94.12 94.12 94.03 94.01 94.02 94.02 94.06 93.94 94.01 93.85 93.87 93.89 93.85 93.82 93.65 93.44 93.78 93.74 94.01 93.69 93.89 93.38 93.53 93.49 93.46 93.57 93.35 92.93 92.76 92.97 93.14 92.68 92.85 92.76 92.56 92.45 92.61 92.99 93.29 93.62 93.98 94.48 95.38 95.43 95.47 95.38 95.27 95.26 95.16 95.09 94.74 94.31 94.21 93.94 94.01 93.96 93.89 94.02 94.10 94.14 94.14 94.16 94.23 94.32 94.45 94.48 94.37 94.43 94.36 94.36 94.26 94.22 94.17 94.12 94.14 94.15 94.18 94.21 94.22 94.22 94.23 94.51 94.10 94.29 94.37 94.37 94.38 94.57 94.60 94.58 94.33 94.63
13°N ||     94.63 94.78 94.45 94.51 94.90 94.88 95.00 95.06 95.10 95.15 95.21 95.27 95.27 95.25 95.22 95.08 94.94 94.63 94.09 94.11 94.07 93.97 93.90 93.84 93.68 93.48 93.26 92.95 92.25 92.25 92.13 92.11 92.10 92.19 92.37 92.51 91.75 83.26 84.57 89.59 90.69 91.40 91.77 92.04 88.92 92.99 93.30 93.50 93.67 93.76 93.89 93.92 93.93 93.68 93.64 93.67 93.73 93.79 93.82 93.86 93.87 93.89 93.94 93.90 94.03 94.21 94.31 94.44 94.53 95.12 95.23 95.13 94.54 94.48 94.31 94.91 94.39 94.30 94.14 94.06 94.06 94.13 94.08 94.10 94.10 94.10 95.26 94.11 94.54 94.08 94.01 94.03 94.03 94.09 94.08 93.93 93.94 93.95 93.98 93.99 93.97 93.80 93.73 93.77 93.82 93.87 93.80 93.89 94.02 93.66 93.66 93.80 93.59 93.54 93.45 93.31 93.12 93.21 93.32 93.27 93.12 92.87 92.79 92.81 92.89 93.08 93.41 93.78 94.07 94.55 95.39 95.41 95.39 95.34 95.26 95.24 95.19 95.12 94.86 94.42 94.28 94.09 94.11 94.13 94.13 94.16 94.15 94.30 94.24 94.36 94.43 94.50 94.65 94.74 94.78 94.58 94.52 94.34 94.20 94.08 93.99 93.94 94.01 94.01 94.07 94.11 94.12 94.18 94.17 94.18 94.19 94.14 94.40 94.35 94.42 94.45 94.56 94.59 94.16 94.50
15°N ||     94.68 94.80 94.82 95.01 94.96 94.88 95.06 95.18 95.21 95.26 95.32 95.41 95.40 95.37 95.36 95.18 94.65 94.32 94.13 94.11 93.92 91.53 86.67 86.02 88.69 93.40 93.17 93.07 92.85 92.41 92.33 92.21 92.23 92.30 92.38 92.47 92.49 91.23 89.09 89.51 90.91 91.59 92.02 92.27 92.70 93.22 93.39 93.57 93.68 93.76 93.87 93.92 93.94 93.72 93.72 93.72 93.77 93.83 93.86 93.87 93.89 93.89 93.87 93.98 94.22 94.35 94.49 94.61 94.65 95.05 95.29 95.18 94.85 94.62 94.93 94.56 94.62 94.31 94.23 94.20 94.38 94.12 93.98 94.70 94.13 94.10 94.12 94.10 94.10 94.11 94.39 94.14 94.05 94.03 94.07 93.98 94.00 94.01 94.03 94.05 94.01 94.00 93.86 93.83 93.87 93.88 93.80 94.03 93.95 93.55 93.70 93.72 93.74 93.77 93.51 93.46 93.30 93.19 93.26 93.26 93.11 93.19 93.05 93.10 93.16 93.32 93.55 93.91 94.19 95.32 95.35 95.28 95.38 95.30 95.24 95.21 95.15 95.10 94.90 94.53 94.34 94.29 94.23 94.21 94.20 94.21 94.25 94.31 94.49 94.55 94.65 94.75 94.77 94.84 94.86 94.83 94.58 94.31 94.12 94.00 93.90 93.82 93.73 93.82 93.89 94.02 94.07 94.11 94.12 94.14 94.16 94.18 94.25 94.33 94.36 94.47 94.46 94.63 94.30 95.23
17°N ||     94.75 94.88 94.92 95.03 94.61 95.03 95.07 95.15 95.29 95.32 95.40 95.47 95.50 95.49 95.53 94.83 94.45 94.41 94.19 94.20 93.57 85.66 81.55 80.36 83.37 90.95 93.12 93.08 93.27 92.86 92.60 92.34 92.27 92.33 92.40 92.49 92.50 92.28 91.18 91.04 91.55 91.80 92.09 92.36 92.76 93.24 93.47 93.62 93.72 93.79 93.84 93.95 93.93 93.63 93.66 93.77 93.80 93.84 93.86 93.88 93.90 93.94 94.00 94.15 94.25 94.52 94.68 94.87 95.09 95.15 95.01 95.17 95.09 94.91 94.99 94.71 94.38 94.42 94.35 94.19 94.14 94.05 94.19 94.58 94.09 94.11 94.12 95.01 94.13 94.25 94.12 94.11 94.05 94.02 94.05 94.08 94.05 94.06 94.06 94.09 94.09 94.05 93.95 93.92 94.00 93.99 93.99 93.97 93.78 93.66 93.75 93.77 93.69 93.61 93.57 93.52 93.36 92.88 93.17 93.26 93.29 93.28 93.24 93.29 93.35 93.46 93.84 93.96 94.23 95.15 95.30 95.32 95.29 95.24 95.22 95.22 95.16 95.02 94.90 94.73 94.54 94.59 94.46 94.45 94.44 94.57 94.60 94.66 94.75 94.83 94.89 94.90 94.91 95.00 94.96 94.96 94.77 94.29 94.12 93.93 93.78 93.59 93.42 93.43 93.64 93.96 94.04 94.06 94.06 94.09 94.13 94.19 94.26 94.31 94.31 94.41 94.66 94.65 94.56 94.85
19°N ||     94.75 94.90 95.01 95.06 95.11 95.03 95.07 95.19 95.33 95.39 95.46 95.55 95.58 95.59 95.62 94.93 94.49 94.30 94.04 94.12 93.85 85.79 81.65 80.76 82.92 91.22 93.32 93.41 93.44 93.34 92.89 92.46 92.20 92.13 92.14 92.40 92.54 92.50 92.05 91.88 91.97 92.05 92.14 92.34 92.63 93.10 93.52 93.66 93.76 93.79 93.84 93.96 93.88 93.90 93.63 93.73 93.81 93.83 93.87 93.88 93.92 93.94 94.05 94.25 94.47 94.72 95.00 95.09 95.28 95.29 95.39 95.29 95.26 95.16 95.08 94.67 94.56 94.59 94.91 94.24 94.16 94.11 94.22 94.17 94.90 94.08 94.10 94.05 94.11 94.13 94.13 94.14 94.29 94.08 94.08 94.10 94.08 94.08 94.08 94.09 94.10 94.01 94.44 94.01 94.05 93.93 93.86 93.97 93.86 93.83 93.76 93.70 93.59 93.56 93.57 93.70 93.25 93.36 93.23 93.45 93.56 93.67 93.31 93.35 93.41 93.53 93.79 93.71 94.08 94.46 94.97 95.25 95.19 95.18 95.16 95.11 95.10 95.06 94.97 94.90 94.88 94.87 94.96 94.87 94.89 94.87 94.97 94.98 95.00 95.07 95.13 95.09 95.20 95.16 95.15 95.01 94.83 94.29 94.04 93.84 93.49 93.20 93.11 93.31 93.34 92.61 93.95 94.00 94.03 94.06 94.11 94.18 94.25 94.31 94.34 94.53 94.33 94.74 94.69 94.81
21°N ||     95.10 95.00 94.98 95.17 95.27 95.26 95.24 95.33 95.45 95.48 95.57 95.60 95.64 95.66 95.66 94.91 94.50 94.11 94.05 94.16 94.06 88.02 85.41 84.40 86.47 92.92 93.60 93.61 93.55 93.39 93.09 92.64 92.18 91.93 91.74 91.63 92.48 92.49 92.33 92.19 92.15 92.17 92.23 92.37 92.62 93.07 93.54 93.64 93.71 93.78 93.78 93.90 93.96 94.00 93.68 93.73 93.75 93.81 93.83 93.89 93.93 93.95 94.13 94.27 94.52 95.11 95.19 95.25 95.35 95.38 95.39 95.36 95.22 95.25 95.15 94.84 94.77 94.80 94.48 94.24 94.29 94.47 94.22 94.16 94.07 94.26 94.35 94.11 94.12 94.15 94.12 94.12 94.09 94.08 94.14 94.11 94.09 94.10 94.10 94.09 94.13 94.03 93.97 94.06 93.94 93.98 94.05 93.70 93.86 93.97 93.68 93.56 93.56 93.60 93.59 93.70 93.45 93.46 92.74 93.61 93.65 93.62 93.16 93.28 93.48 93.53 93.77 93.68 93.88 94.04 94.35 94.50 94.83 94.93 94.92 95.07 95.06 95.06 95.06 95.03 95.05 95.14 95.13 95.14 95.17 95.15 95.21 95.25 95.25 95.21 95.27 95.24 95.28 95.20 95.25 95.25 95.06 94.35 94.01 93.67 93.10 92.94 92.86 92.84 93.23 93.63 93.87 93.94 93.99 94.05 94.12 94.18 94.24 94.29 94.42 94.47 94.36 94.79 94.79 94.88
23°N ||     95.06 95.11 95.16 95.25 95.30 95.38 95.43 95.51 95.56 95.58 95.63 95.65 95.66 95.66 95.67 94.95 94.33 94.07 94.15 94.24 94.25 92.86 90.96 90.42 93.27 93.90 93.75 93.71 93.62 93.32 93.00 92.64 92.26 91.81 91.54 91.44 92.21 92.50 92.42 92.18 92.17 91.96 92.23 92.41 92.45 93.21 93.40 93.56 93.63 93.71 93.76 93.81 93.89 93.98 93.90 93.78 94.03 94.36 94.24 94.00 93.95 93.89 94.14 94.28 94.57 95.08 95.28 95.34 95.43 95.47 95.41 95.48 95.22 95.45 95.32 95.09 95.04 95.07 94.99 94.51 94.26 94.13 94.07 94.13 94.09 94.16 94.15 94.14 94.14 94.09 94.16 94.18 94.15 94.12 94.18 94.19 94.27 94.05 94.15 94.14 94.10 94.04 93.98 94.04 94.04 94.02 94.02 93.95 93.85 93.91 93.80 93.66 93.67 93.57 93.54 93.58 93.64 93.44 92.91 93.57 93.64 93.51 93.93 93.79 93.48 93.45 93.62 93.73 93.78 93.95 94.05 94.15 94.27 94.45 94.71 94.94 95.04 95.10 95.16 95.18 95.19 95.33 95.25 95.37 95.42 95.46 95.50 95.46 95.58 95.51 95.54 95.50 95.48 95.49 95.53 95.42 95.35 94.46 94.00 93.61 93.20 92.87 92.72 91.11 91.98 93.26 93.75 93.91 94.00 94.05 94.12 94.19 94.27 94.36 94.54 94.45 94.69 94.78 94.58 95.00
25°N ||     95.13 95.17 95.15 95.33 95.44 95.44 95.51 95.53 95.56 95.61 95.64 95.65 95.66 95.67 95.68 95.02 94.24 94.13 94.15 94.09 94.26 94.21 94.19 94.18 94.06 93.94 93.65 93.75 93.52 93.19 92.80 92.52 92.09 91.70 91.45 90.94 90.99 92.40 92.47 92.16 92.25 92.17 92.28 91.51 92.71 93.23 93.46 93.54 93.59 93.64 93.56 93.73 93.74 94.02 93.74 93.77 93.80 93.78 94.06 94.60 94.74 94.05 94.23 94.76 95.06 95.32 95.40 95.41 95.47 95.52 95.51 95.47 95.43 95.36 95.14 95.23 95.21 95.28 95.39 94.78 94.52 94.19 94.15 94.23 94.31 94.16 94.19 94.16 94.17 94.11 94.15 94.24 94.17 94.17 94.18 94.47 94.21 94.16 94.12 94.15 94.03 94.04 94.08 94.04 94.01 94.11 94.07 93.93 94.00 93.97 93.82 93.90 93.87 93.83 93.96 93.62 93.72 93.23 93.39 93.03 93.32 93.27 93.28 93.47 93.49 93.56 93.52 93.45 93.81 93.72 94.02 94.19 94.17 94.30 94.75 95.01 95.10 95.26 95.31 95.35 95.44 95.49 95.54 95.63 95.73 95.82 95.88 95.91 95.90 95.84 95.79 95.75 95.78 95.73 95.66 95.58 95.44 95.25 94.13 93.79 93.15 92.83 91.16 84.42 90.89 93.15 93.76 93.93 94.00 94.06 94.18 94.17 94.30 94.41 94.65 94.69 94.79 94.78 94.98 95.04
27°N ||     95.26 95.31 95.34 95.32 95.50 95.43 95.59 95.62 95.62 95.63 95.64 95.65 95.65 95.65 95.66 95.18 94.31 94.13 94.16 94.13 94.11 94.14 93.98 94.03 94.04 93.97 93.89 93.60 93.35 93.08 92.67 92.34 92.01 91.62 90.96 90.87 91.19 92.55 92.72 92.35 92.49 92.47 92.50 91.51 92.38 93.21 93.41 93.50 93.55 93.46 93.33 93.41 93.76 93.90 94.00 94.06 94.03 94.14 94.17 94.55 94.35 94.00 95.03 95.16 95.28 95.34 95.34 95.42 95.52 95.54 95.37 95.49 95.50 95.43 95.23 95.46 95.30 95.37 95.45 95.42 94.75 94.54 94.39 94.30 94.33 94.22 94.16 94.14 94.17 94.18 94.21 94.21 94.18 94.16 94.21 94.15 94.25 94.20 94.09 94.03 94.31 94.01 94.07 94.08 93.92 94.18 93.79 93.96 94.00 93.93 93.92 93.95 93.93 93.89 93.86 93.90 93.83 94.02 93.68 93.52 93.65 93.92 93.46 93.62 93.63 93.32 93.13 93.61 93.87 93.76 94.04 94.11 94.24 94.61 94.97 95.18 95.36 95.37 95.44 95.53 95.60 95.73 95.80 95.97 96.10 96.13 96.18 96.13 96.13 96.06 96.01 96.02 95.92 95.83 95.70 95.62 95.48 95.31 94.66 93.88 93.42 92.97 92.24 91.57 92.28 93.59 93.89 93.98 94.03 94.09 94.12 94.29 94.39 94.53 94.72 94.86 94.87 94.92 95.05 95.18
29°N ||     95.39 95.43 95.49 95.54 95.61 95.60 95.64 95.67 95.67 95.66 95.67 95.68 95.67 95.53 95.68 95.63 94.98 94.25 94.09 94.11 94.11 94.13 93.97 93.94 94.09 94.01 93.75 93.53 93.27 92.93 92.58 92.23 91.98 91.57 90.37 90.75 91.74 92.57 92.68 92.50 92.76 92.80 92.76 92.86 93.04 93.22 93.43 93.52 93.52 93.26 93.33 93.50 93.52 93.91 93.94 93.97 93.98 94.10 94.14 94.28 94.25 94.48 94.90 94.70 94.45 95.17 95.25 95.37 95.49 95.55 95.50 95.58 95.55 95.59 95.56 95.52 95.44 95.48 95.54 95.58 95.55 94.86 94.64 94.46 94.53 94.26 94.20 95.97 94.21 94.18 94.23 94.33 94.22 94.30 94.16 94.17 94.22 94.21 94.10 94.10 94.05 94.12 94.07 94.08 94.00 93.96 93.86 93.93 93.94 93.86 93.94 93.92 93.99 94.08 94.06 94.05 93.93 93.72 93.67 93.64 93.75 93.61 93.53 93.60 93.42 93.67 94.00 94.10 94.08 94.15 94.19 94.36 94.76 94.92 95.11 95.36 95.42 95.54 95.67 95.79 95.91 96.03 96.19 96.30 96.37 96.48 96.44 96.29 96.37 96.26 96.22 96.11 96.01 95.87 95.79 95.72 95.59 95.48 95.04 94.13 93.87 93.58 93.20 93.17 93.52 93.91 93.99 94.02 94.06 94.10 94.29 94.35 94.54 94.73 94.91 95.05 95.07 95.10 95.27 95.34
31°N ||     95.59 95.53 95.63 95.64 95.65 95.65 95.67 95.72 95.73 95.70 95.69 95.71 95.72 95.71 95.69 95.67 95.29 94.74 94.47 94.42 94.26 94.21 94.10 94.08 94.15 93.81 93.66 93.48 93.13 92.85 92.51 92.38 91.89 91.61 91.12 91.18 91.77 92.63 92.66 92.66 92.84 92.94 93.06 93.06 93.17 93.29 93.41 93.54 93.49 93.10 93.50 93.57 93.61 93.73 93.79 93.85 93.93 93.96 94.01 94.22 94.16 94.39 94.55 94.73 94.99 95.02 95.22 95.31 95.36 95.54 95.58 95.57 95.63 95.70 95.66 95.76 95.54 95.60 95.66 95.59 95.57 95.47 95.07 95.32 94.83 94.58 94.28 94.18 94.29 94.30 94.33 94.26 94.21 94.20 94.42 94.26 94.17 94.11 94.08 94.16 94.05 94.06 94.10 94.10 94.03 94.01 93.90 93.91 93.95 93.90 93.88 93.87 94.00 94.05 94.03 94.02 93.89 93.74 93.82 93.82 93.80 94.00 93.66 93.59 93.80 93.73 93.89 94.14 94.11 94.20 94.32 94.70 94.82 95.10 95.26 95.41 95.56 95.73 95.95 96.09 96.19 96.32 96.64 96.50 96.61 96.68 96.64 96.56 96.51 96.41 96.26 96.19 96.27 95.98 95.97 95.87 95.75 95.64 95.32 94.88 94.17 94.03 93.96 93.95 93.81 93.63 94.07 94.07 94.10 94.15 94.06 95.33 94.82 94.28 95.15 94.82 95.29 95.32 95.36 95.52
33°N ||     95.72 95.23 95.64 95.64 95.71 95.69 95.70 95.74 95.71 95.73 95.73 95.75 95.75 95.74 95.78 95.76 95.71 95.34 94.69 94.19 94.25 94.24 94.27 94.21 93.94 93.73 93.60 93.38 93.18 92.67 92.36 92.08 91.67 91.29 90.98 91.09 91.69 92.52 92.80 92.88 93.00 93.12 93.16 93.21 93.13 93.28 93.28 93.18 93.18 93.28 93.49 93.64 93.66 93.63 93.76 93.90 93.95 93.97 93.96 93.98 93.98 93.98 94.14 94.70 94.71 95.20 95.30 95.34 95.39 95.52 95.63 95.79 95.79 95.79 95.76 95.87 95.82 95.83 95.82 95.65 95.77 95.75 95.53 95.23 94.98 94.65 94.37 94.26 94.44 94.34 94.34 94.15 94.26 94.25 94.31 94.17 94.21 94.11 94.18 94.25 94.02 94.01 94.08 93.98 94.19 93.94 93.96 93.88 93.95 93.79 93.70 93.80 93.95 93.99 93.95 93.86 93.86 93.91 93.83 93.99 93.96 94.00 93.97 93.79 93.89 94.04 94.07 94.17 94.25 94.50 94.63 94.90 95.05 95.23 95.39 95.56 95.75 96.00 96.16 96.27 96.44 96.53 96.64 96.72 96.89 96.72 96.66 96.63 96.57 96.31 96.40 96.33 96.23 96.07 95.93 96.05 96.00 95.86 95.72 95.58 95.32 95.02 94.86 94.52 94.41 94.06 94.27 94.18 94.16 94.23 94.27 94.78 95.07 95.16 95.31 95.40 95.44 95.55 95.62 95.68
35°N ||     95.82 95.76 95.76 95.72 95.75 95.73 95.75 95.74 95.73 95.75 95.77 95.77 95.77 95.75 95.80 95.74 95.80 95.71 95.28 93.95 94.14 94.23 94.16 93.99 93.65 93.73 93.58 93.36 93.01 92.51 92.01 91.41 90.84 90.56 90.37 90.32 90.77 91.45 92.50 93.03 93.18 93.23 93.27 93.25 92.70 92.90 93.36 93.49 93.32 93.24 93.49 93.42 93.33 93.45 93.69 93.89 93.96 94.00 94.00 94.02 94.02 94.01 94.12 94.69 95.10 95.24 95.32 95.33 95.44 95.54 95.59 95.83 95.76 95.88 95.90 96.00 95.98 96.07 95.97 95.88 95.85 95.78 95.80 95.22 95.04 94.75 94.65 94.54 94.40 94.49 94.19 94.21 94.23 94.47 94.54 94.16 94.25 94.14 94.20 94.13 94.14 94.11 94.09 94.07 94.05 93.97 93.92 94.08 93.91 93.73 93.96 93.77 93.80 93.76 93.71 93.67 93.79 93.85 93.89 94.05 94.06 94.04 94.24 94.16 94.11 94.28 94.22 94.27 94.44 94.62 94.84 95.06 95.17 95.35 95.48 95.72 95.91 96.15 96.34 96.49 96.55 96.63 96.82 96.93 96.99 96.95 96.83 96.81 96.63 96.60 96.48 96.18 96.33 96.18 96.15 96.13 96.05 95.94 95.93 95.81 95.72 95.52 95.44 95.38 95.18 95.06 94.79 94.41 94.30 94.34 94.38 94.68 94.75 95.27 95.37 95.45 95.55 95.71 95.81 95.84
37°N ||     95.93 95.79 95.81 95.72 95.80 95.77 95.79 95.78 95.75 95.76 95.78 95.78 95.78 95.75 95.73 95.71 95.69 95.62 95.58 94.16 94.15 94.11 94.03 93.93 93.71 93.75 93.60 93.38 93.06 92.25 91.22 90.43 89.66 89.18 89.18 89.58 90.00 90.14 91.16 92.40 93.13 93.36 93.38 93.36 93.29 93.18 93.28 93.39 93.48 93.67 93.32 93.23 93.13 93.00 93.41 93.76 93.95 93.99 94.00 93.99 94.02 94.00 94.22 94.78 95.09 95.23 95.32 95.39 95.45 95.61 95.66 95.78 95.84 95.99 96.02 96.13 96.24 96.20 96.19 96.06 96.10 96.04 95.95 95.90 95.66 95.51 95.45 95.28 94.97 95.31 94.41 94.31 94.22 94.20 94.32 94.22 94.36 94.51 94.16 94.43 94.18 94.28 94.14 94.50 94.18 94.18 94.05 93.99 93.94 93.83 93.78 93.73 93.73 93.63 93.64 93.63 93.72 93.93 94.26 94.16 94.11 94.05 94.10 94.06 94.22 94.28 94.31 94.34 94.66 94.80 95.01 95.22 95.33 95.44 95.70 95.90 96.02 96.27 96.42 96.64 96.74 96.89 97.03 97.05 97.09 97.12 97.05 96.92 96.88 96.73 96.65 96.57 96.51 96.35 96.48 96.43 96.24 96.05 96.05 95.89 95.73 95.65 95.43 95.35 95.15 95.08 94.88 94.67 94.53 94.53 94.52 94.77 94.70 95.40 95.44 95.53 95.72 95.75 95.84 95.86
39°N ||     95.88 95.85 95.86 95.81 95.50 95.81 95.82 95.62 95.80 95.79 95.76 95.76 95.71 95.71 95.69 95.66 95.66 95.69 95.52 95.08 94.05 94.01 94.12 93.95 93.95 93.79 93.68 93.50 92.93 91.69 90.35 89.15 88.38 88.28 87.91 88.19 89.54 89.80 90.26 91.53 92.83 93.39 93.47 93.44 93.25 93.33 93.21 92.54 93.36 93.40 93.39 93.26 93.01 92.78 93.08 93.55 93.85 93.93 93.97 93.97 94.07 94.09 94.10 94.42 95.11 95.29 95.33 95.38 95.53 95.64 95.79 95.91 95.93 96.12 96.22 96.28 96.32 96.37 96.37 96.47 96.21 96.21 96.16 96.11 95.97 95.57 95.70 95.49 95.15 95.09 94.93 94.55 94.53 94.48 94.42 94.28 94.21 94.19 94.47 94.34 94.51 95.16 94.48 94.13 94.50 94.10 94.06 94.05 94.00 94.01 93.92 93.77 94.08 93.70 93.72 93.87 93.79 93.89 94.24 94.23 94.24 94.23 94.25 94.32 94.33 94.40 94.49 94.67 94.77 94.98 95.15 95.34 95.39 95.64 95.80 96.02 96.17 96.30 96.56 96.61 96.98 97.12 97.16 97.16 97.16 97.18 97.09 97.06 96.96 97.03 96.82 96.78 96.63 96.60 96.54 96.49 96.41 96.15 95.90 95.95 95.78 95.68 95.52 95.36 95.17 95.16 95.02 94.90 94.84 94.76 94.70 94.43 94.12 95.46 95.51 95.53 95.71 95.83 95.88 95.84
41°N ||     95.87 95.89 95.91 95.89 95.86 95.83 95.79 95.82 95.79 95.77 95.76 95.77 95.73 95.76 95.67 95.70 95.64 95.44 95.33 95.05 94.57 94.29 94.14 94.07 93.98 93.89 93.80 93.55 92.88 91.48 89.97 89.01 88.67 88.59 87.78 88.22 89.38 90.00 90.61 91.89 92.99 93.45 93.49 93.46 92.96 93.39 93.27 93.02 93.25 93.18 93.19 93.09 93.08 93.19 93.35 93.48 93.75 93.93 93.93 93.92 94.01 94.09 94.10 94.35 94.96 95.36 95.43 95.37 95.58 95.72 95.83 96.01 96.10 96.21 96.34 96.44 96.49 96.52 96.53 96.51 96.47 96.44 96.35 96.52 96.48 96.11 95.89 95.82 95.55 95.59 95.10 95.49 95.19 94.92 95.00 94.55 94.36 94.78 94.26 94.60 95.29 95.29 95.22 94.31 94.42 94.05 94.03 94.12 94.13 94.07 94.01 94.07 94.81 94.23 93.97 94.04 94.36 93.98 94.29 94.23 94.27 94.26 94.46 94.51 94.62 94.54 94.71 94.75 94.98 95.19 95.29 95.35 95.51 95.68 95.96 96.13 96.33 96.43 96.76 96.89 97.00 97.19 97.21 97.20 97.19 97.14 97.17 97.13 97.08 96.98 96.90 96.93 96.91 96.78 96.66 96.53 96.42 96.33 96.17 96.02 95.84 95.65 95.55 95.41 95.23 95.23 95.17 95.08 95.08 94.92 94.31 94.52 94.35 95.33 95.50 95.63 95.67 95.82 95.82 95.90
43°N ||     95.88 95.94 95.94 95.90 95.87 95.86 95.83 95.81 95.80 95.80 95.77 95.83 95.78 95.79 95.69 95.66 95.56 95.42 95.13 94.75 94.45 94.28 94.16 94.09 94.03 93.97 93.87 93.75 93.33 92.44 91.11 89.96 89.42 89.25 89.13 89.29 89.93 90.36 92.19 93.17 93.57 93.66 93.57 93.54 93.56 93.22 93.43 92.93 93.21 93.24 93.18 93.29 92.81 93.23 93.60 93.53 93.64 93.86 93.95 94.04 94.03 94.05 94.11 94.38 94.95 95.41 95.57 95.62 95.72 95.84 96.04 96.14 96.34 96.41 96.77 96.53 96.63 96.57 96.65 96.66 96.61 96.59 96.44 96.47 96.52 96.25 96.17 95.91 95.84 95.87 95.74 95.65 95.64 95.48 95.25 94.88 94.72 94.58 95.07 95.19 95.39 95.27 94.75 95.16 94.73 95.10 94.92 95.07 94.05 94.03 93.98 94.33 94.03 93.95 94.43 94.45 94.34 94.27 94.31 94.38 94.42 94.43 94.80 95.09 94.76 94.75 94.80 95.07 95.23 95.30 95.25 95.50 95.53 95.76 95.99 96.26 96.42 96.46 96.74 96.94 97.10 97.18 97.13 96.99 97.19 97.13 97.09 97.00 97.15 96.87 96.91 96.88 96.80 96.75 96.76 96.62 96.48 96.42 96.10 96.02 95.84 95.66 95.46 95.40 95.33 95.27 95.17 95.22 95.20 95.01 94.73 94.51 94.23 95.27 95.62 95.63 95.80 95.83 95.89 95.95
45°N ||     96.00 96.00 95.95 95.95 95.93 95.90 95.87 95.83 95.80 95.83 95.82 95.77 95.76 95.71 95.69 95.58 95.42 95.22 94.94 94.68 94.40 94.26 94.18 94.12 94.09 94.04 93.99 93.91 93.72 93.29 92.84 92.42 92.27 90.71 90.00 89.83 90.52 91.98 92.88 93.46 93.67 93.75 93.74 93.78 93.84 93.89 93.91 93.81 93.42 93.16 92.82 93.16 93.60 93.57 93.57 93.69 93.95 93.90 93.95 94.06 94.11 94.21 94.31 94.58 94.99 95.49 95.56 95.74 95.87 96.02 96.11 96.35 96.45 96.57 96.57 96.75 96.74 96.75 96.86 96.86 96.69 96.74 96.68 96.64 96.55 96.48 96.25 96.32 96.20 95.98 95.94 96.04 95.79 95.67 95.63 95.55 95.20 95.00 95.37 95.36 94.98 94.71 94.52 95.22 94.72 95.12 95.16 95.18 94.76 94.36 94.15 94.44 94.31 94.23 94.47 94.31 94.22 94.43 94.47 94.56 94.52 94.73 94.83 94.99 94.99 95.08 95.11 95.14 95.30 95.37 95.46 95.49 95.73 95.85 96.18 96.35 96.53 96.71 96.79 96.95 97.07 97.20 97.19 97.20 97.17 97.06 97.10 97.12 97.08 97.05 96.94 97.00 96.94 96.70 96.78 96.73 96.57 96.36 96.04 95.91 95.82 95.58 95.45 95.40 95.38 95.35 95.34 95.34 95.33 95.27 95.16 94.87 94.41 95.42 95.44 95.52 95.73 95.93 95.93 96.00
47°N ||     96.02 96.01 96.00 95.94 95.92 95.91 95.88 95.88 95.80 95.89 95.85 95.80 95.79 95.70 95.57 95.52 95.28 95.12 94.89 94.67 94.41 94.31 94.24 94.20 94.15 94.11 94.06 94.03 93.97 93.88 93.78 93.72 93.72 93.70 93.10 92.94 93.39 93.57 93.62 93.65 93.73 93.77 93.76 93.79 93.86 93.92 93.92 93.91 93.36 93.22 93.52 93.72 93.96 93.85 93.90 94.04 93.97 94.31 93.97 94.05 94.14 94.28 94.58 95.03 95.38 95.60 95.73 95.83 96.07 96.14 96.35 96.48 96.55 96.66 96.71 96.69 96.60 96.44 96.88 96.90 96.85 96.90 96.80 96.77 96.67 96.62 96.59 96.52 96.41 96.30 96.19 96.15 96.10 96.01 95.77 95.81 95.63 95.52 95.52 95.56 95.44 95.35 95.55 95.29 95.02 95.23 94.92 94.92 95.13 94.76 94.44 94.65 94.69 94.79 94.82 94.30 94.49 94.59 94.67 94.83 94.84 94.93 95.10 95.00 95.19 95.21 95.22 95.26 95.37 95.43 95.61 95.67 95.84 95.98 96.59 96.64 96.55 96.67 96.81 96.93 97.06 97.19 97.19 97.14 97.15 97.11 97.08 97.07 96.97 97.09 97.04 97.01 96.88 96.87 96.86 96.67 96.48 96.28 96.13 95.42 95.56 95.76 95.57 95.55 95.50 95.46 95.47 95.41 95.44 95.43 95.40 95.25 95.32 95.40 95.50 95.71 95.75 95.90 95.95 96.03
49°N ||     96.06 96.03 96.02 95.97 95.99 95.98 95.95 95.93 95.88 95.87 95.89 95.80 95.77 95.64 95.52 95.39 95.19 95.06 94.90 94.70 94.52 94.43 94.33 94.26 94.19 94.15 94.13 94.10 94.08 94.05 94.02 93.99 93.97 93.95 93.91 93.92 93.93 93.92 93.85 93.79 93.78 93.84 93.83 93.74 93.81 93.87 93.88 93.88 94.03 93.57 94.36 94.55 94.71 94.41 94.35 94.05 94.07 94.07 94.47 94.09 94.28 94.54 94.99 95.33 95.43 95.75 95.92 96.10 96.15 96.40 96.43 96.55 96.68 96.71 96.76 96.78 96.84 96.95 97.01 97.00 97.01 96.94 96.92 96.87 96.84 96.76 96.75 96.59 96.54 96.48 96.40 96.29 96.12 96.04 95.95 95.96 95.81 95.83 95.82 95.76 95.50 95.64 95.34 95.42 97.85 95.79 94.99 95.31 95.20 94.93 94.81 94.92 94.85 94.82 94.66 94.94 94.88 94.95 95.02 94.97 95.00 95.06 95.19 95.18 95.18 95.26 95.23 95.33 95.40 95.52 95.68 95.81 95.97 96.14 96.50 96.60 96.54 96.73 96.74 96.92 97.02 97.09 97.15 97.15 97.10 97.12 97.09 97.08 97.02 96.90 97.07 96.95 96.83 96.74 96.74 96.52 96.41 96.21 96.14 95.51 95.37 95.82 95.68 95.64 95.64 95.60 95.62 95.58 95.51 95.57 95.51 95.54 95.10 95.34 95.81 95.77 95.76 95.99 96.12 96.01
51°N ||     96.08 96.08 96.04 96.03 96.04 96.04 95.94 95.92 95.93 95.90 95.85 95.75 95.68 95.59 95.46 95.32 95.15 94.97 94.85 94.71 94.46 94.48 94.37 94.28 94.25 94.21 94.17 94.15 94.12 94.11 94.08 94.05 94.03 94.01 94.01 94.01 93.99 93.97 93.92 93.88 93.85 93.86 93.88 93.90 93.87 93.93 94.00 94.08 94.27 94.40 94.56 94.71 94.90 95.00 95.02 94.64 94.15 94.11 94.18 94.48 94.72 95.08 95.33 95.70 95.73 95.90 96.04 96.23 96.38 96.48 96.65 96.77 96.85 96.87 96.94 96.98 97.01 96.92 97.22 97.30 97.06 97.04 97.09 96.79 96.97 96.88 96.74 96.70 96.75 96.62 96.58 96.49 96.37 96.26 96.18 96.10 96.01 95.82 95.99 95.84 95.81 95.79 95.37 97.13 97.79 95.60 94.78 95.33 95.27 95.14 95.14 95.11 95.09 95.13 95.23 95.10 95.14 95.11 95.19 95.21 95.19 95.25 95.21 95.22 95.28 95.29 95.26 95.37 95.44 95.53 95.64 95.82 96.01 96.16 96.34 96.37 96.60 96.68 96.84 96.92 97.00 97.06 97.17 97.14 97.16 97.14 97.06 97.12 97.09 97.02 96.99 96.87 96.86 96.65 96.43 96.48 96.36 96.23 96.14 96.07 95.95 95.89 95.82 95.74 95.72 95.73 95.67 95.70 95.64 95.63 95.62 95.65 95.56 95.79 95.81 95.72 95.82 96.02 96.14 96.13
53°N ||     96.10 96.07 96.12 96.12 96.10 96.07 96.02 95.96 95.92 95.81 95.83 95.76 95.64 95.54 95.39 95.20 94.95 94.96 94.89 94.77 94.66 94.59 94.46 94.38 94.32 94.28 94.23 94.19 94.18 94.14 94.12 94.11 94.08 94.07 94.08 94.07 94.07 94.03 93.99 93.96 93.93 93.93 93.95 93.97 94.01 94.07 94.11 94.19 94.31 94.52 94.73 94.86 94.97 95.07 95.15 95.23 94.52 94.75 94.37 95.07 95.58 95.70 95.82 95.90 96.01 96.15 96.36 96.47 96.59 96.67 96.86 96.94 96.98 97.03 97.10 97.17 97.19 97.16 97.24 97.20 97.13 97.19 97.13 97.18 97.07 97.20 97.12 96.92 96.88 96.72 96.73 96.64 96.51 96.45 96.30 96.19 96.22 96.42 96.05 96.02 95.84 95.83 95.69 95.56 95.26 95.28 95.25 95.47 95.35 95.41 95.33 95.33 95.25 95.32 95.31 95.28 95.35 95.41 95.31 95.38 95.32 95.29 95.21 95.26 95.30 95.26 95.26 95.38 95.44 95.51 95.69 95.85 95.99 96.12 96.12 96.31 96.44 96.61 96.64 96.74 96.77 96.88 96.89 97.00 97.03 97.04 96.98 96.99 96.86 96.86 96.87 96.86 96.67 96.51 96.44 96.32 96.37 96.25 96.18 96.09 96.01 95.93 95.87 95.84 95.82 95.78 95.82 95.79 95.59 95.68 95.64 95.75 95.73 95.74 95.79 95.94 96.07 96.08 96.15 96.17
55°N ||     96.22 96.20 96.13 96.04 96.07 95.94 95.97 95.99 95.93 95.87 95.84 95.73 95.66 95.53 95.47 95.25 96.67 94.89 94.96 94.89 94.80 94.69 94.61 94.57 94.44 94.35 94.31 94.25 94.22 94.20 94.17 94.17 94.15 94.15 94.14 94.15 94.12 94.11 94.08 94.06 94.02 94.02 94.01 94.02 94.05 94.12 94.20 94.78 94.66 94.87 94.95 94.98 95.27 95.14 95.26 95.39 95.50 95.56 95.75 95.87 95.97 96.07 96.25 96.32 96.45 96.56 96.61 96.73 96.79 96.90 97.03 97.10 97.14 97.22 97.27 97.23 97.27 97.29 97.34 97.43 97.23 97.26 97.29 97.23 97.32 97.18 97.04 97.02 96.89 96.89 96.82 96.78 96.66 96.55 96.37 96.33 96.31 96.27 96.19 96.09 96.02 95.94 95.81 95.80 95.75 95.62 95.55 95.56 95.56 95.49 95.49 95.49 95.43 95.51 95.44 95.52 95.60 95.56 95.55 95.51 95.39 95.36 95.31 95.29 95.23 95.26 95.39 95.47 95.49 95.54 95.68 95.83 95.94 95.97 96.11 96.25 96.36 96.47 96.49 96.56 96.62 96.69 96.72 96.81 96.84 96.79 96.81 96.81 96.59 96.62 96.70 96.59 96.57 96.43 96.35 96.41 96.21 96.29 96.24 96.05 95.98 95.96 95.92 95.93 95.85 95.86 95.83 95.76 95.73 95.79 95.82 95.68 95.73 95.73 95.89 96.03 96.10 96.19 96.25 96.28
57°N ||     96.26 96.25 96.21 96.16 96.19 96.09 96.01 95.96 95.94 95.94 95.81 95.72 95.71 95.58 95.49 95.43 95.08 95.12 95.01 94.99 94.92 94.85 94.75 94.67 94.61 94.53 94.43 94.35 94.35 94.30 94.28 94.26 94.24 94.24 94.23 94.23 94.22 94.20 94.19 94.13 94.12 94.10 94.09 94.10 94.13 94.21 94.33 94.50 94.77 94.89 95.01 95.08 95.16 95.27 95.41 95.54 95.68 95.84 95.98 96.11 96.35 96.43 96.51 96.57 96.68 96.72 96.82 96.92 96.98 97.11 97.14 97.60 97.33 97.35 97.38 97.44 97.43 97.39 97.41 97.40 97.38 97.50 97.30 97.32 96.78 98.00 97.14 97.08 97.05 96.95 96.96 96.80 96.73 96.66 96.61 96.47 96.45 96.34 96.27 96.10 96.09 96.03 95.89 95.77 95.71 95.71 95.69 95.61 95.71 95.66 95.62 95.67 95.74 95.72 95.71 95.74 95.79 95.73 95.66 95.52 95.47 95.47 95.43 95.37 95.37 95.40 95.37 95.44 95.51 95.55 95.69 95.75 95.88 95.89 95.97 96.08 96.25 96.31 96.36 96.32 96.49 96.45 96.57 96.67 96.68 96.64 96.62 96.65 96.61 96.53 96.59 96.54 96.55 96.53 96.39 96.43 96.32 96.35 96.30 96.17 96.09 96.10 96.00 95.97 95.95 95.88 95.88 95.85 95.75 95.85 95.84 95.79 95.97 95.90 95.92 96.05 96.18 96.18 96.23 96.25
59°N ||     96.26 96.28 96.26 96.14 96.21 96.18 95.98 96.09 96.07 96.05 95.97 95.88 95.78 95.71 95.58 95.44 95.46 95.33 95.25 95.17 95.09 95.00 94.89 94.81 94.79 94.75 94.71 94.64 94.59 94.53 94.49 94.42 94.40 94.41 94.46 94.40 94.39 94.39 94.32 94.26 94.24 94.22 94.23 94.29 94.34 94.50 94.63 94.77 94.94 95.05 95.14 95.29 95.35 95.46 95.60 95.71 95.86 96.01 96.16 96.37 96.61 96.50 96.79 96.86 96.89 96.96 97.07 97.14 97.19 97.20 97.32 97.33 97.39 97.48 97.51 97.52 97.49 97.58 97.63 97.59 97.50 97.48 97.49 97.41 97.38 97.36 97.31 97.27 97.20 97.04 96.92 96.94 96.81 96.79 96.56 96.61 96.57 96.48 96.31 96.25 96.16 96.11 96.07 96.01 96.00 95.95 95.81 95.81 95.83 95.86 95.92 95.94 95.93 95.92 95.84 95.90 95.89 95.89 95.73 95.67 95.63 95.58 95.47 95.49 95.42 95.43 95.40 95.46 95.52 95.55 95.66 95.65 95.83 95.97 95.93 95.84 96.05 96.11 96.10 96.25 96.36 96.23 96.38 96.48 96.47 96.41 96.48 96.46 96.47 96.47 96.46 96.49 96.48 96.42 96.40 96.44 96.41 96.32 96.31 96.23 96.26 96.15 96.11 96.04 96.00 95.94 95.82 95.84 95.82 95.89 95.94 95.96 96.02 96.02 96.06 96.11 96.19 96.29 96.16 96.24
61°N ||     96.28 96.29 96.27 96.28 96.25 96.29 96.19 96.12 96.15 96.03 95.96 95.95 95.88 95.78 95.69 95.62 95.54 95.47 95.40 95.29 95.20 95.17 95.11 95.05 94.98 94.96 94.90 94.85 94.82 94.80 94.79 94.75 94.76 94.76 94.73 94.70 94.68 94.69 94.66 94.92 94.61 94.60 94.61 94.65 94.69 94.77 94.84 94.96 95.13 95.24 95.30 95.50 95.64 95.75 95.86 96.01 96.14 96.28 96.41 96.52 96.72 96.90 96.98 97.05 97.15 97.57 97.11 97.34 97.38 97.41 97.52 97.42 97.52 97.67 97.74 97.72 97.69 97.72 97.63 97.67 97.62 97.62 97.57 97.58 97.50 97.46 97.37 97.31 97.21 97.13 97.03 96.97 96.93 96.82 96.80 96.78 96.60 96.51 96.48 96.35 96.31 96.24 96.14 96.12 96.09 96.10 95.97 96.04 96.02 96.07 96.05 96.06 96.08 96.07 95.98 96.04 95.98 95.97 95.92 95.76 95.82 95.78 95.48 95.59 95.56 95.51 95.46 95.43 95.47 95.56 95.57 95.61 95.68 95.35 95.71 95.88 95.92 95.91 96.05 96.13 96.19 96.05 96.28 96.32 96.33 96.22 96.31 96.30 96.36 96.40 96.36 96.41 96.36 96.31 96.37 96.39 96.33 96.31 96.32 96.25 96.21 96.24 96.16 96.14 96.10 95.93 96.03 96.01 95.93 95.99 95.97 96.06 96.10 96.09 96.18 96.19 96.16 96.27 96.25 96.18
63°N ||     96.42 96.29 96.28 97.01 96.30 96.33 96.32 96.28 96.24 96.20 96.14 96.02 96.00 95.90 95.85 95.81 95.73 95.68 95.55 95.42 95.24 95.38 95.32 95.27 95.23 95.21 95.15 95.15 95.14 95.09 95.07 95.02 95.01 94.97 94.93 94.91 94.89 94.90 94.90 94.88 94.87 94.91 94.91 94.96 95.04 95.09 95.18 95.23 95.37 95.49 95.67 95.79 95.93 96.09 96.26 96.35 96.46 96.59 96.74 96.79 96.92 97.07 97.21 97.33 97.34 97.38 97.55 97.54 97.54 97.55 97.64 97.61 97.70 97.70 97.75 97.81 97.78 97.71 97.70 97.74 97.72 97.70 97.60 97.54 97.49 97.25 97.30 97.25 97.22 97.17 97.13 97.03 96.91 96.85 96.89 96.62 96.57 96.58 96.52 96.44 96.41 96.33 96.26 96.25 96.25 96.21 96.20 96.20 96.19 96.15 96.20 96.17 96.22 96.16 96.13 96.10 96.08 96.00 96.06 95.98 95.90 95.87 95.85 95.76 95.70 95.65 95.57 95.55 95.52 95.53 95.54 95.60 95.66 95.67 95.74 95.83 95.89 95.89 95.99 95.87 96.08 95.94 96.13 96.20 96.11 96.24 96.23 96.24 96.29 96.29 96.27 96.28 96.37 96.37 96.36 96.33 96.34 96.29 96.33 96.34 96.31 96.26 96.29 96.26 96.14 96.19 96.20 96.21 96.03 96.11 96.13 96.17 96.09 96.22 96.30 96.33 96.30 96.34 96.36 96.37
65°N ||     96.45 96.56 96.45 96.53 96.50 96.45 96.42 96.43 96.21 96.28 96.21 96.20 96.19 96.15 96.28 95.98 95.93 95.87 95.75 95.80 95.74 95.64 95.61 95.57 95.53 95.50 95.40 95.43 95.40 95.37 95.32 95.27 95.26 95.22 95.17 95.12 95.12 95.12 95.09 95.08 95.09 95.13 95.19 95.25 95.33 95.41 95.48 95.59 95.67 95.79 95.90 95.94 96.18 96.39 96.54 96.71 96.87 97.04 97.12 97.17 97.22 97.36 97.43 97.42 97.56 97.61 97.64 97.57 97.64 97.71 97.63 97.67 97.77 97.79 97.80 97.83 97.83 97.77 97.79 97.77 97.78 97.70 97.64 97.35 98.33 100.03 96.72 97.20 97.28 97.17 97.20 97.03 97.05 96.88 96.86 96.77 96.68 96.65 96.63 96.57 96.48 96.47 96.41 96.29 96.37 96.26 96.23 96.27 96.26 96.23 96.28 96.28 96.31 96.23 96.11 96.13 96.23 96.11 96.08 96.14 96.10 96.03 96.00 95.84 95.83 95.68 95.71 95.64 95.63 95.53 95.61 95.60 95.60 95.63 95.71 95.70 95.78 95.82 95.77 95.88 95.97 95.96 96.04 96.07 96.01 96.15 96.14 96.18 96.16 96.19 96.24 96.26 96.27 96.31 96.16 96.33 96.31 96.38 96.37 96.36 96.28 96.28 96.38 96.37 96.29 96.39 96.39 96.23 96.34 96.26 96.38 96.37 96.34 96.35 96.36 96.43 96.32 96.34 96.49 96.22
67°N ||     96.67 96.65 96.69 96.65 96.61 96.70 96.64 96.57 96.60 96.54 96.38 96.40 96.44 96.31 96.33 96.25 96.24 96.19 96.15 96.13 95.96 96.01 95.88 95.82 95.81 95.69 95.78 95.74 95.66 95.63 95.60 95.52 95.53 95.45 95.69 95.36 95.36 95.35 95.32 95.34 95.37 95.42 95.51 95.55 95.61 95.71 95.82 95.96 96.05 96.18 96.33 96.50 96.64 96.82 97.00 97.16 97.33 97.46 97.60 97.72 97.78 97.78 97.72 97.69 97.71 97.73 97.70 97.75 97.82 97.79 97.84 97.85 97.82 97.89 97.89 97.84 97.81 97.71 97.87 97.82 97.79 97.73 97.57 97.52 97.50 97.36 97.33 97.35 97.29 97.31 97.20 97.11 97.09 96.98 96.93 96.83 96.78 96.73 96.68 96.57 96.49 96.54 96.48 96.37 96.38 96.38 96.38 96.33 96.28 96.17 96.21 96.34 96.39 96.32 96.28 96.29 96.18 96.25 96.23 96.21 96.17 96.07 96.10 96.05 95.98 95.94 95.92 95.80 95.73 95.72 95.67 95.61 95.62 95.62 95.56 95.71 95.73 95.77 95.53 95.85 95.91 95.98 96.01 95.97 96.01 96.04 95.90 96.13 96.13 96.17 96.15 96.27 96.26 96.31 96.33 96.33 96.35 96.38 96.40 96.45 96.32 96.35 96.36 96.43 96.42 96.42 96.53 96.53 96.54 96.49 96.55 96.50 96.59 96.58 96.47 96.51 96.52 96.64 96.61 96.65
69°N ||     96.65 96.83 96.83 96.78 96.80 96.81 96.77 96.79 96.66 96.81 96.69 96.66 96.62 96.64 96.47 96.39 96.38 96.47 96.50 96.39 96.39 96.36 96.32 96.28 96.15 96.12 95.81 96.06 96.05 95.89 96.00 95.82 95.85 95.75 95.66 95.60 95.62 95.61 95.62 95.63 95.64 95.75 95.82 95.90 95.98 96.09 96.28 96.44 96.62 96.75 96.84 96.94 97.00 97.13 97.23 97.36 97.45 97.50 97.62 97.68 97.70 97.73 97.73 97.74 97.71 97.76 97.79 97.81 97.77 97.85 97.87 97.85 97.93 97.92 97.79 97.87 97.85 97.78 97.79 97.75 97.69 97.65 97.68 97.59 97.46 97.48 97.33 97.28 97.24 97.19 97.18 97.10 96.99 96.98 96.96 96.77 96.80 96.78 96.72 96.68 96.65 96.63 96.58 96.47 96.48 96.54 96.50 96.44 96.42 96.45 96.23 96.26 96.37 96.35 96.39 96.34 96.29 96.31 96.30 96.20 96.14 96.18 96.15 96.15 96.03 96.01 96.00 95.98 95.93 95.89 95.84 95.76 95.75 95.70 95.64 95.60 95.66 95.77 95.84 95.82 95.86 95.87 95.92 95.93 95.94 95.96 96.00 96.06 96.07 96.06 96.14 96.10 96.17 96.25 96.32 96.37 96.34 96.41 96.57 96.50 96.46 96.47 96.47 96.56 96.56 96.62 96.64 96.70 96.67 96.63 96.62 96.71 96.74 96.78 96.89 96.83 96.78 96.81 96.75 96.70
71°N ||     96.98 97.05 97.10 96.99 96.93 97.01 97.32 96.86 96.95 96.96 96.82 96.86 96.88 96.81 96.90 96.92 96.89 96.80 96.94 96.68 96.57 96.69 96.68 96.61 96.52 96.47 96.38 96.29 96.33 96.19 96.22 96.24 96.26 96.10 96.20 96.21 96.09 96.09 96.11 96.13 96.07 96.23 96.29 96.34 96.45 96.53 96.64 96.80 96.89 97.02 97.12 97.19 97.21 97.19 97.28 97.31 97.35 97.40 97.46 97.47 97.45 97.53 97.55 97.60 97.75 97.68 97.71 97.76 97.87 97.81 97.86 97.84 97.83 97.89 97.82 97.76 97.78 97.82 97.78 97.71 97.65 97.64 97.60 97.52 97.44 97.41 97.36 97.33 97.28 97.16 97.04 96.96 97.00 97.02 96.91 96.89 96.83 96.80 96.76 96.70 96.62 96.57 96.53 96.49 96.55 96.57 96.54 96.47 96.49 96.47 96.52 96.44 96.41 96.42 96.35 96.40 96.33 96.30 96.21 96.29 96.16 96.25 96.22 96.11 96.13 96.12 96.10 96.11 96.06 96.00 95.96 95.98 95.93 95.91 95.83 95.86 95.81 95.78 95.75 95.73 95.68 95.68 95.72 95.77 95.83 95.89 95.97 96.00 96.10 96.08 96.17 96.17 96.17 96.21 96.31 96.28 96.42 96.50 96.56 96.59 96.62 96.55 96.68 96.70 96.72 96.80 96.78 96.82 96.69 96.86 96.85 96.83 96.75 96.88 96.91 96.95 97.04 96.88 96.97 96.94
73°N ||     97.19 97.26 97.26 97.19 97.11 97.27 97.28 97.22 97.21 97.26 97.32 97.21 97.22 97.09 97.33 97.14 97.10 97.06 96.98 96.96 97.00 96.72 96.73 96.80 96.70 96.81 96.69 97.09 96.86 96.75 96.82 96.65 96.57 96.52 96.42 96.50 96.41 96.45 96.48 96.58 96.63 96.69 96.73 96.77 96.86 96.92 96.96 97.00 97.06 97.13 97.22 97.36 97.32 97.34 97.34 97.33 97.29 97.29 97.24 97.31 97.36 97.42 97.47 97.47 97.52 97.61 97.65 97.62 97.63 97.67 97.77 97.84 97.83 97.73 97.80 97.82 97.83 97.74 97.67 97.56 97.58 97.52 97.46 97.41 97.43 97.40 97.34 97.28 97.20 97.19 97.10 96.91 96.91 96.90 96.88 96.74 96.76 96.75 96.69 96.71 96.65 96.64 96.59 96.45 96.54 96.54 96.47 96.43 96.42 96.36 96.42 96.43 96.48 96.46 96.41 96.46 96.47 96.39 96.28 96.22 96.27 96.35 96.31 96.21 96.20 96.17 96.12 96.17 96.07 96.07 96.03 96.00 96.03 95.97 96.00 95.97 95.93 95.89 95.88 95.90 95.94 95.97 96.00 96.01 96.04 96.07 96.10 96.12 96.17 96.20 96.18 96.26 96.26 96.32 96.32 96.33 96.46 96.53 96.56 96.54 96.68 96.68 96.64 96.75 96.84 96.90 96.82 96.91 97.00 97.04 96.53 97.91 96.73 95.69 96.99 97.06 97.20 97.16 96.98 97.10
75°N ||     97.27 97.39 97.31 97.36 97.36 97.49 97.30 97.40 97.42 97.40 97.46 97.35 97.36 97.47 97.35 97.41 97.39 97.17 97.26 97.30 97.22 97.33 97.37 97.46 97.27 97.06 97.10 97.10 96.81 96.90 96.92 96.85 97.00 97.05 97.12 96.93 96.86 96.88 96.77 96.91 96.88 96.93 97.04 97.02 97.02 96.95 97.05 97.11 97.15 97.26 97.32 97.34 97.34 97.36 97.38 97.51 97.36 97.35 97.39 97.42 97.51 97.57 97.61 97.62 97.63 97.60 97.57 97.60 97.65 97.56 97.70 97.71 97.71 97.72 97.69 97.73 97.66 97.65 97.54 97.57 97.49 97.47 97.40 97.55 97.34 97.25 97.18 97.12 97.10 97.10 97.01 96.98 96.93 96.86 96.86 96.83 96.92 96.71 96.66 96.62 96.60 96.59 96.57 96.51 96.53 96.54 96.54 96.50 96.43 96.50 96.46 96.42 96.48 96.47 96.45 96.43 96.40 96.43 96.34 96.34 96.33 96.31 96.24 96.36 96.36 96.32 96.21 96.20 96.20 96.12 96.20 96.17 96.19 96.15 96.08 96.11 96.08 96.09 96.08 96.08 96.07 96.15 96.16 96.04 96.12 96.18 96.23 96.26 96.21 96.23 96.27 96.33 96.36 96.39 96.43 96.44 96.48 96.58 96.63 96.68 96.69 96.78 96.79 96.88 96.91 96.90 96.92 96.96 97.01 97.07 97.08 97.14 97.07 97.34 97.36 97.38 97.38 97.38 97.32 97.23
77°N ||     97.53 97.38 97.09 96.95 97.12 97.44 97.32 96.87 96.90 97.36 97.47 97.46 97.49 97.44 97.42 97.22 96.88 96.92 96.80 97.17 96.93 97.05 97.52 97.83 97.34 97.13 97.11 97.26 97.18 97.16 97.14 97.14 97.19 97.08 96.71 97.05 96.93 97.03 96.99 96.94 97.12 97.09 96.99 96.99 97.09 97.17 97.21 97.25 97.30 97.33 97.35 97.39 97.24 97.46 97.50 97.55 97.58 97.58 97.58 97.59 97.63 96.89 96.92 97.37 97.52 97.50 97.50 97.53 97.45 97.46 97.53 97.56 97.56 97.57 97.52 97.53 97.50 97.51 97.55 97.52 97.46 97.34 97.32 97.28 97.27 97.20 97.05 97.03 97.11 97.05 97.06 97.00 96.91 96.80 96.78 96.82 96.82 96.79 96.74 96.69 96.66 96.66 96.60 96.68 96.59 96.57 96.57 96.55 96.54 96.53 96.53 96.50 96.46 96.39 96.40 96.39 96.45 96.36 96.37 96.28 96.32 96.36 96.38 96.39 96.38 96.40 96.37 96.35 96.31 96.26 96.30 96.25 96.22 96.15 95.87 96.10 96.20 96.22 96.26 96.24 96.20 96.21 96.22 96.22 96.25 96.23 96.29 96.26 96.29 96.25 96.33 96.39 96.38 96.43 96.49 96.52 96.56 96.58 96.55 96.63 96.66 96.74 96.84 96.91 96.93 96.94 96.99 97.08 97.09 97.05 97.14 97.06 97.12 97.20 97.17 97.40 97.51 97.48 97.39 97.47
79°N ||     97.22 97.07 97.07 97.18 97.20 97.15 97.09 97.08 97.12 97.09 97.10 96.91 97.19 97.13 97.16 97.25 97.24 97.28 97.28 97.21 97.18 97.30 97.27 97.29 97.34 97.38 97.28 97.03 97.10 96.98 97.04 97.08 97.11 97.11 97.06 97.13 97.08 97.19 97.17 97.16 97.17 97.20 97.20 97.15 97.08 97.11 97.15 97.20 97.23 97.31 97.39 97.35 97.39 97.44 97.49 97.50 97.46 97.52 97.60 97.60 97.65 97.68 97.66 97.68 97.63 97.63 97.71 97.65 97.55 97.50 97.43 97.40 97.32 97.35 97.36 97.18 97.13 97.18 97.29 97.31 97.18 97.24 97.06 96.54 96.84 97.19 95.95 96.17 96.88 95.50 95.95 96.51 96.18 95.75 96.35 95.57 95.73 96.43 96.15 95.78 95.91 96.00 96.13 96.54 96.58 96.50 96.55 96.56 96.58 96.55 96.54 96.53 96.52 96.51 96.45 96.47 96.45 96.45 96.43 96.21 96.79 96.20 96.40 96.37 96.35 96.39 96.36 96.33 96.35 96.36 96.37 96.38 96.36 96.38 96.37 96.38 96.40 96.40 96.36 96.38 96.36 96.33 96.26 96.29 96.31 96.23 96.14 96.16 96.23 96.29 96.34 96.30 96.41 96.47 96.47 96.56 96.53 96.61 96.60 96.61 96.66 96.74 96.78 96.87 96.89 96.95 96.92 96.92 96.97 97.10 97.10 97.13 97.13 97.19 97.21 97.15 97.13 97.29 97.29 97.25
81°N ||     96.22 96.24 96.27 96.33 96.26 96.26 96.29 96.27 96.28 96.30 96.32 96.34 96.36 96.39 96.42 96.44 96.44 96.47 96.47 96.49 96.49 96.52 96.54 96.58 96.61 96.68 96.77 96.88 96.87 96.95 97.05 96.95 96.96 97.16 96.61 96.61 96.40 96.70 96.05 96.20 96.44 96.55 97.03 97.03 97.06 97.14 97.23 97.18 96.98 96.92 96.34 96.29 96.10 96.33 96.89 96.49 96.42 96.40 96.40 96.52 97.18 96.97 97.03 97.03 97.11 97.18 97.28 96.90 96.73 96.42 96.44 96.47 95.96 96.23 96.02 95.70 95.48 95.68 95.44 95.22 95.18 94.89 94.94 94.77 94.77 94.84 94.61 94.59 94.61 94.51 94.58 94.70 94.44 94.43 94.71 94.50 94.54 94.36 94.36 94.39 94.71 94.80 94.78 94.78 94.82 94.91 94.57 95.40 95.48 96.18 96.12 95.49 95.75 96.40 96.05 96.15 95.85 95.99 96.26 95.65 95.71 95.62 95.72 95.77 96.04 96.41 95.88 95.98 95.98 95.97 96.05 96.03 96.03 96.07 96.09 96.12 96.22 96.33 96.43 96.43 96.44 96.45 96.45 96.42 96.44 96.38 96.40 96.43 96.45 96.52 96.53 96.57 96.58 96.61 96.61 96.59 96.60 96.64 96.66 96.62 96.63 96.66 96.70 96.71 96.71 96.70 96.67 96.64 96.63 96.54 96.45 96.47 96.45 96.44 96.42 96.36 96.31 96.25 96.24 96.23
83°N ||     95.83 95.83 95.83 95.82 95.82 95.81 95.82 95.83 95.84 95.86 95.88 95.91 95.92 95.95 95.97 96.01 96.05 96.06 96.13 96.13 96.17 96.18 96.17 96.16 96.15 96.09 96.24 96.20 96.15 95.53 95.41 95.20 95.48 95.59 95.22 95.43 95.16 95.19 95.20 95.11 94.97 95.10 94.88 94.75 94.76 94.93 94.91 94.86 94.94 95.02 95.16 95.30 95.55 95.66 95.26 95.37 95.17 95.04 95.02 95.17 95.04 95.75 95.66 96.49 96.67 96.87 97.04 97.16 97.14 96.79 96.49 96.13 95.83 95.61 95.51 95.30 95.18 95.06 94.97 94.92 94.87 94.80 94.75 94.71 94.64 94.58 94.55 94.50 94.48 94.48 94.48 94.47 94.46 94.44 94.41 94.38 94.36 94.34 94.33 94.32 94.31 94.30 94.29 94.27 94.26 94.26 94.25 94.25 94.25 94.32 94.45 94.62 94.57 94.63 94.47 94.61 94.81 94.88 94.75 94.63 94.57 94.61 94.88 94.70 94.77 94.64 94.75 94.79 94.70 94.77 94.62 94.65 94.78 94.97 94.89 94.86 94.92 94.75 94.84 94.86 95.01 95.35 95.43 95.56 96.01 95.96 96.28 96.49 96.52 96.49 96.46 96.44 96.44 96.45 96.51 96.54 96.52 96.51 96.44 96.41 96.38 96.37 96.34 96.31 96.28 96.24 96.20 96.17 96.14 96.12 96.08 96.07 96.03 96.01 95.99 95.96 95.91 95.87 95.84 95.84
85°N ||     96.09 95.94 96.07 96.22 96.30 96.55 95.25 95.12 95.37 95.56 94.95 95.29 95.09 94.99 95.13 95.33 94.64 94.45 94.43 94.44 94.45 94.66 95.14 94.84 94.87 95.00 95.34 95.08 95.03 95.26 95.20 94.33 94.39 94.69 94.43 94.33 94.31 94.30 94.31 94.34 94.33 94.41 94.36 94.31 94.34 94.29 94.27 94.28 94.28 94.36 94.35 94.32 94.39 94.55 94.55 94.45 94.46 94.49 94.55 94.63 94.67 94.56 94.68 94.59 94.55 94.54 94.81 94.82 95.20 95.41 95.56 95.85 95.61 95.59 95.56 95.71 95.88 96.08 96.16 96.18 96.25 96.27 95.86 95.48 95.09 95.03 95.09 95.17 95.28 95.53 96.00 96.00 94.69 94.50 94.49 94.58 94.52 94.47 94.37 94.32 94.31 94.36 94.30 94.28 94.27 94.26 94.25 94.24 94.23 94.22 94.22 94.22 94.22 94.23 94.23 94.24 94.24 94.25 94.25 94.25 94.26 94.27 94.28 94.27 94.26 94.26 94.26 94.27 94.27 94.26 94.27 94.26 94.26 94.27 94.28 94.28 94.33 94.33 94.32 94.48 94.30 94.30 94.30 94.60 94.61 94.63 94.74 95.04 94.74 94.55 94.68 94.56 94.86 94.95 95.18 95.41 94.95 95.17 95.34 95.44 95.39 95.15 95.28 95.70 95.55 95.61 95.84 96.27 96.02 96.35 96.06 95.83 95.69 95.54 95.70 95.92 96.04 95.72 95.76 95.83
87°N ||     94.18 94.22 94.20 94.21 94.23 94.22 94.22 94.21 94.15 94.14 94.14 94.15 94.16 94.17 94.15 94.13 94.13 94.13 94.13 94.13 94.13 94.16 94.17 94.10 94.10 94.10 94.11 94.12 94.13 94.13 94.14 94.11 94.10 94.11 94.10 94.08 94.06 94.06 94.06 94.06 94.08 94.07 94.09 94.09 94.08 94.05 94.05 94.05 94.05 94.06 94.06 94.06 94.07 94.07 94.09 94.12 94.12 94.14 94.15 94.15 94.13 94.12 94.12 94.11 94.11 94.11 94.10 94.11 94.11 94.12 94.19 94.40 94.45 94.35 94.29 94.27 94.29 94.25 94.24 94.28 94.22 94.20 94.19 94.19 94.21 94.18 94.20 94.24 94.21 94.23 94.18 94.16 94.18 94.16 94.13 94.13 94.14 94.14 94.15 94.15 94.13 94.11 94.11 94.13 94.14 94.11 94.10 94.09 94.09 94.08 94.08 94.09 94.08 94.08 94.09 94.09 94.09 94.10 94.10 94.13 94.09 94.09 94.10 94.11 94.15 94.17 94.11 94.11 94.13 94.13 94.15 94.12 94.09 94.09 94.09 94.09 94.09 94.10 94.13 94.13 94.13 94.14 94.15 94.13 94.15 94.15 94.15 94.13 94.11 94.10 94.11 94.10 94.12 94.11 94.09 94.09 94.10 94.17 94.14 94.16 94.13 94.19 94.19 94.23 94.22 94.23 94.21 94.21 94.22 94.22 94.21 94.24 94.27 94.25 94.25 94.25 94.22 94.26 94.31 94.22
89°N ||     94.02 94.02 94.02 94.03 94.03 94.00 94.00 93.99 93.99 93.99 93.99 93.99 93.99 93.99 93.99 93.99 93.99 93.98 93.98 93.98 93.98 93.98 93.99 93.98 93.98 93.98 93.98 93.97 93.97 93.97 93.96 93.96 93.96 93.96 93.95 93.95 93.95 93.95 93.95 93.95 93.95 93.95 93.95 93.95 93.95 93.95 93.95 93.95 93.95 93.95 93.95 93.95 93.96 93.96 93.96 93.97 93.97 93.98 93.98 93.98 93.98 93.98 93.98 93.99 93.99 93.99 93.99 93.99 93.99 94.00 94.00 94.00 94.00 94.00 94.01 94.01 94.01 94.01 94.02 94.02 94.02 94.02 94.02 94.02 94.02 94.02 94.02 94.02 94.02 94.02 94.02 94.03 94.03 94.03 94.02 94.02 94.01 94.02 94.04 94.04 94.03 94.02 94.02 94.02 94.01 94.01 94.01 94.00 94.00 94.00 94.00 94.00 94.00 93.99 93.99 93.99 93.99 93.99 93.99 93.99 93.99 93.99 93.99 93.99 93.99 93.99 93.99 93.98 93.98 93.98 93.98 93.98 93.98 93.98 93.97 93.97 93.97 93.96 93.96 93.96 93.96 93.96 93.96 93.96 93.96 93.95 93.96 93.96 93.96 93.96 93.96 93.96 93.97 93.97 93.98 93.98 93.98 93.99 93.98 93.98 93.98 93.98 93.98 93.98 93.98 93.98 93.98 93.98 93.99 93.99 93.99 93.99 94.00 94.00 94.00 94.00 94.01 94.01 94.01 94.02
