East longitude (degrees): -179:2:179
North latitude (degrees): -89:2:89

Absorbed dose on Martian Surface (1E-6 Gy/day), 2D array where Absorbed dose(i,j)= value at latitude(i) and longitude(j).
84.06 84.10 84.15 84.17 84.17 84.16 84.16 84.18 84.21 84.25 84.41 84.46 84.43 84.49 84.69 84.80 84.84 84.91 84.93 84.82 84.75 84.90 84.92 84.88 84.82 84.80 84.74 84.75 84.84 84.81 84.90 85.01 84.95 84.89 84.99 84.91 84.82 84.75 84.67 84.61 84.57 84.49 84.43 84.41 84.39 84.39 84.38 84.38 84.37 84.36 84.33 84.33 84.30 84.28 84.28 84.28 84.20 84.17 84.15 84.15 84.13 84.10 84.10 84.07 84.08 84.12 84.13 84.01 83.96 83.97 83.90 83.89 83.88 83.89 83.85 83.82 83.81 83.79 83.78 83.78 83.77 83.78 83.78 83.77 83.78 83.79 83.79 83.78 83.77 83.78 83.79 83.83 83.84 83.85 83.86 83.86 83.86 83.87 83.88 83.89 83.87 83.86 83.85 83.85 83.86 83.87 83.87 83.89 83.89 83.90 83.91 83.89 83.86 83.88 83.93 83.96 83.95 83.94 83.95 83.97 83.99 84.00 84.01 84.04 84.08 84.11 84.11 84.14 84.17 84.18 84.20 84.21 84.22 84.23 84.24 84.27 84.28 84.28 84.28 84.28 84.24 84.24 84.22 84.18 84.20 84.20 84.19 84.16 84.13 84.10 84.09 84.08 84.08 84.04 84.01 84.00 83.99 83.97 83.97 83.98 83.97 83.97 83.96 83.95 83.95 83.94 83.95 83.96 83.96 83.97 83.98 83.99 83.99 84.00 84.00 84.02 84.03 84.04 84.05 84.06
86.06 86.14 86.17 86.30 86.27 86.34 86.24 86.23 86.21 86.12 86.12 86.10 86.00 85.87 85.81 85.79 85.81 85.82 85.82 85.77 85.77 85.82 85.96 86.00 85.98 85.92 85.93 85.82 85.91 85.74 85.99 86.01 85.85 85.83 85.82 85.82 85.77 85.72 85.76 85.76 85.71 85.76 85.72 85.69 85.65 85.63 85.62 85.55 85.50 85.44 85.30 85.45 85.26 84.99 85.01 84.94 84.82 84.69 84.62 84.60 84.76 84.25 84.32 84.06 83.99 83.97 83.92 83.89 83.87 83.83 83.76 83.70 83.76 83.74 83.47 83.42 83.34 83.25 83.21 83.37 83.07 82.88 82.87 82.77 82.75 82.75 82.77 82.80 82.83 82.85 82.89 82.91 82.93 82.93 82.94 83.35 83.25 83.43 83.31 83.53 83.53 83.53 83.61 83.62 83.66 83.75 83.82 83.98 84.07 84.13 83.99 83.98 84.01 84.04 84.06 84.05 84.11 84.14 84.22 84.22 84.29 84.35 84.36 84.42 84.50 84.49 84.50 84.58 84.66 84.64 84.71 84.73 84.74 84.81 84.95 85.09 85.19 85.35 85.27 85.08 84.93 84.88 84.85 84.81 84.76 84.77 84.71 84.45 84.42 84.40 84.40 84.41 84.46 84.45 84.45 84.46 84.53 84.65 84.74 84.74 84.82 84.90 85.00 85.04 85.17 85.27 85.37 85.42 85.57 85.60 85.79 85.79 85.81 85.79 85.88 85.77 85.51 85.66 86.05 86.28
85.48 85.49 85.51 85.52 85.53 85.53 85.55 85.60 85.60 85.60 85.60 85.60 85.62 85.69 85.62 85.55 85.56 85.68 85.67 85.67 85.67 85.69 85.72 85.74 85.72 85.73 85.77 85.88 85.95 86.10 86.45 86.49 86.46 86.46 86.50 86.33 86.53 86.41 86.36 86.31 86.54 86.83 86.77 86.78 86.56 86.51 86.40 86.29 86.20 86.10 86.13 86.01 85.99 85.95 86.20 86.28 85.99 85.80 85.86 86.23 86.06 85.12 84.98 85.02 85.14 85.23 85.07 85.16 85.15 84.73 84.86 84.73 84.43 84.35 84.40 84.14 84.47 84.73 85.01 84.64 84.47 84.38 84.44 84.44 84.54 84.39 84.32 84.18 84.17 84.28 84.17 84.20 84.32 84.30 84.30 84.31 84.33 84.38 84.43 84.55 84.52 84.64 84.94 85.24 85.16 85.12 85.09 85.11 85.08 85.14 85.24 85.30 85.36 85.43 85.20 85.26 85.38 85.40 85.32 85.23 85.22 85.26 85.30 85.40 85.52 85.61 85.61 85.54 85.55 85.49 85.45 85.41 85.37 85.39 85.42 85.54 86.14 87.31 87.72 87.45 86.79 86.49 86.35 86.40 85.91 85.66 85.55 85.43 85.49 85.56 85.43 85.46 85.52 85.67 85.85 85.92 85.95 85.98 85.95 85.95 85.94 85.77 85.62 85.55 85.52 85.62 85.69 85.77 85.91 86.11 85.85 85.91 85.86 85.80 85.73 85.69 85.66 85.65 85.53 85.48
85.59 85.61 85.64 85.65 85.66 85.67 85.68 85.70 85.73 85.75 85.77 85.80 85.84 85.86 85.85 85.85 85.87 85.91 85.95 85.98 86.01 86.04 86.08 86.12 86.17 86.23 86.28 86.35 86.46 86.59 86.52 86.35 86.33 86.27 86.38 86.50 86.48 86.43 86.50 86.57 86.30 86.30 86.32 86.32 86.35 86.38 86.35 86.88 86.99 87.07 86.98 86.99 86.91 86.90 86.92 86.88 86.82 87.12 87.22 87.22 86.75 87.10 86.99 86.87 87.22 86.92 86.94 86.91 87.32 86.96 87.26 87.52 87.70 87.72 87.54 87.38 87.42 87.40 87.38 87.48 87.44 87.40 87.22 87.25 87.27 87.17 87.10 87.07 87.12 87.11 86.83 86.82 86.93 87.32 86.86 86.77 86.66 86.60 86.64 86.50 86.72 86.17 86.34 86.06 86.49 86.76 86.82 86.56 86.44 86.47 86.51 86.66 86.94 87.04 87.13 87.10 86.66 86.68 86.60 86.58 86.50 86.49 86.15 86.06 86.13 86.20 86.19 86.04 86.03 86.19 86.12 86.14 86.32 86.34 86.56 87.18 88.02 87.94 87.97 87.95 87.97 86.72 86.59 86.64 86.60 86.74 86.70 86.61 86.58 86.58 86.52 86.39 86.28 86.22 86.17 86.02 85.96 86.02 86.35 86.74 87.26 87.55 87.06 86.48 85.70 85.71 85.38 85.30 85.28 85.28 85.41 85.64 86.17 86.15 85.84 85.62 85.54 85.50 85.53 85.56
85.95 86.03 86.03 86.19 85.92 85.99 86.04 86.09 86.15 86.21 86.28 86.36 86.54 86.58 86.35 86.34 86.38 86.43 86.49 86.54 86.59 86.64 86.66 86.70 86.74 86.80 86.87 86.90 86.93 86.96 87.01 87.18 87.15 87.18 87.30 87.24 87.01 87.05 87.02 87.05 87.24 87.07 86.74 86.79 86.61 86.47 86.54 86.72 86.78 86.66 86.83 86.73 86.97 87.85 87.50 87.71 88.01 87.51 87.99 87.90 87.56 87.69 87.76 87.73 87.74 87.69 87.75 87.76 87.67 87.58 87.69 87.51 87.32 87.34 87.36 87.39 87.33 87.34 87.30 87.32 87.76 87.22 87.04 86.99 86.96 86.98 86.97 86.97 86.94 86.93 86.91 86.93 86.81 86.62 86.41 86.09 85.41 84.69 85.55 85.69 86.20 86.56 86.50 86.63 86.96 87.18 87.33 87.58 87.54 87.41 87.16 87.49 87.62 87.77 87.76 87.84 87.88 87.97 87.94 87.93 87.90 87.95 87.88 87.81 87.78 87.82 87.40 87.44 87.52 87.60 87.67 87.91 87.98 88.09 88.13 88.11 88.08 87.41 86.51 86.29 86.24 86.18 86.16 86.35 86.44 86.46 86.39 86.56 86.66 86.76 86.91 87.00 87.12 86.88 87.01 87.27 87.44 87.08 86.94 86.98 87.49 87.26 86.96 86.96 87.12 87.05 87.52 86.81 85.99 85.65 85.67 85.84 86.00 86.26 86.59 85.87 86.00 86.00 85.79 85.85
86.34 86.40 86.41 86.53 86.51 86.47 86.47 86.51 86.53 86.74 86.60 86.69 86.76 86.79 86.88 87.01 86.90 87.11 86.81 87.07 86.95 86.99 86.96 87.45 87.90 86.83 87.29 87.80 87.60 87.71 87.64 87.64 87.61 87.63 87.68 87.70 87.70 87.69 87.58 87.54 87.55 87.29 87.93 88.04 87.04 87.23 87.22 87.07 87.02 87.30 87.54 87.26 87.99 87.81 87.88 88.09 88.34 87.05 87.73 87.20 87.98 87.72 87.06 87.54 87.56 87.89 87.93 87.86 87.83 87.79 87.74 87.77 87.75 87.76 87.74 87.70 87.73 87.78 87.73 87.51 87.61 87.78 87.49 87.45 87.48 87.70 87.33 87.53 87.35 87.38 87.44 87.31 87.23 86.92 86.06 86.06 85.63 86.13 86.70 87.02 86.94 87.22 87.27 87.36 87.44 87.68 87.48 87.61 87.33 87.63 87.17 87.49 87.31 87.31 86.93 86.82 87.60 87.78 88.07 88.12 88.18 88.16 88.19 88.17 88.22 88.18 88.14 88.19 88.17 88.22 88.15 88.14 88.22 88.20 88.21 88.22 88.29 88.31 88.24 88.25 88.25 88.29 87.95 87.52 87.74 87.13 86.60 86.61 86.61 86.50 86.58 86.70 87.14 88.34 88.19 87.24 87.03 87.63 86.38 86.41 87.09 86.50 86.19 86.04 85.97 86.10 85.94 86.38 86.12 86.08 86.09 86.16 86.30 85.98 85.89 86.02 86.13 86.25 86.25 86.27
87.23 86.92 86.85 86.82 86.72 87.01 86.97 87.34 87.28 87.32 87.29 87.31 87.67 87.47 87.42 87.48 87.57 87.57 87.70 87.55 87.49 87.54 87.48 87.59 87.52 87.66 87.86 87.94 87.78 87.89 87.85 87.88 87.89 87.88 87.87 87.89 87.85 87.87 87.85 87.85 87.83 87.86 87.78 87.63 87.56 87.33 86.79 87.50 86.68 86.96 87.76 87.57 87.40 86.85 87.02 87.25 87.43 87.38 87.53 87.49 87.79 87.98 87.79 87.86 88.06 88.09 88.06 88.10 88.10 88.06 88.03 88.01 87.96 87.97 87.94 87.94 87.91 87.81 87.59 87.62 87.54 87.40 87.34 87.18 87.42 87.62 87.47 87.51 87.30 87.43 87.44 87.37 87.00 86.83 86.69 86.51 85.99 85.59 86.79 87.95 88.32 88.48 88.47 87.31 87.59 87.45 87.48 87.67 87.38 87.72 87.44 87.39 87.33 87.77 88.14 87.96 87.39 87.24 86.80 86.56 86.45 86.04 85.89 86.48 87.12 87.63 87.95 87.93 87.84 87.63 87.03 87.68 87.85 87.17 87.77 87.98 88.29 88.19 87.93 87.81 87.48 87.50 87.26 87.73 88.36 88.31 88.15 88.02 87.29 87.34 87.42 86.59 87.33 87.67 87.67 86.80 86.43 86.53 86.29 86.34 86.45 86.28 86.28 86.56 86.43 86.38 86.52 86.64 86.69 86.66 86.55 86.66 86.89 86.54 86.57 86.63 86.85 87.02 87.12 86.92
87.48 87.58 87.34 87.48 87.28 87.28 87.40 88.07 87.62 87.53 88.45 88.70 87.72 87.89 87.90 88.01 87.80 87.91 87.91 87.73 87.74 87.96 87.97 88.13 87.98 88.05 88.09 88.11 88.09 88.05 88.06 88.03 88.07 88.03 87.60 87.96 87.97 87.95 87.92 87.91 87.85 87.80 87.81 87.82 87.86 87.91 87.83 87.74 87.54 87.42 87.52 86.99 86.84 87.22 87.75 87.84 87.77 88.10 88.24 88.28 88.31 88.29 88.24 88.20 88.17 88.17 88.14 87.94 88.12 88.01 87.88 87.73 87.70 87.53 87.47 87.55 87.46 87.65 87.48 87.50 87.57 87.60 87.69 87.51 87.84 87.60 87.60 87.76 87.59 87.58 87.48 87.17 87.04 87.35 87.50 87.52 87.53 87.54 87.61 87.47 87.31 87.42 87.42 87.37 87.67 87.74 87.74 87.57 87.55 87.43 87.34 87.16 86.68 86.89 87.05 86.48 86.90 86.75 86.52 86.69 86.43 86.37 87.12 87.45 87.27 87.17 88.30 86.85 87.05 87.07 87.19 87.70 87.59 87.47 87.40 87.20 87.53 86.51 86.12 85.69 85.61 86.28 88.53 88.38 88.49 87.27 87.95 87.31 88.09 88.40 88.27 88.20 88.13 88.16 88.26 87.16 86.07 86.03 86.01 86.03 86.01 86.19 86.89 86.77 86.97 86.34 86.42 86.62 86.70 86.69 86.77 86.77 86.81 87.07 87.08 87.16 87.29 87.24 87.30 87.35
88.56 87.48 88.12 88.10 87.99 87.68 88.37 88.10 88.12 88.10 87.68 87.34 88.22 87.65 87.95 88.13 88.08 88.07 88.01 87.88 87.73 87.38 88.37 87.18 87.43 88.25 88.02 87.99 88.02 88.07 88.09 88.09 88.16 87.82 87.76 87.43 87.65 88.01 87.90 87.95 87.95 87.98 87.88 87.93 87.96 87.96 87.97 87.72 88.25 89.02 89.02 89.13 89.09 87.70 88.22 88.23 88.39 88.44 88.46 88.48 88.49 88.46 88.41 88.32 88.36 87.99 88.14 88.32 88.35 88.35 88.30 88.04 87.82 87.94 87.81 87.71 87.63 87.75 87.96 87.58 87.59 87.60 87.64 87.96 87.80 88.04 88.16 88.12 88.01 88.05 87.72 87.68 87.31 87.69 87.67 87.77 87.95 87.97 87.97 87.94 87.98 87.98 88.07 88.02 87.93 87.87 88.01 87.53 87.46 87.30 86.83 86.45 86.71 87.18 87.63 87.33 87.54 87.41 87.52 87.14 87.29 86.89 86.67 86.58 86.93 86.89 87.25 87.28 87.57 87.54 87.50 87.62 87.66 87.77 87.87 87.90 87.88 88.01 87.67 87.30 87.72 86.29 86.48 87.13 87.24 87.29 87.38 87.62 88.23 88.00 87.79 86.90 87.71 88.18 88.47 88.60 88.02 87.00 86.09 86.55 86.30 86.63 87.16 87.24 86.54 86.85 87.31 87.47 87.31 87.70 88.46 88.24 87.85 87.72 87.74 87.68 87.85 87.65 87.70 88.46
88.42 88.46 88.54 88.59 88.65 88.79 88.90 88.83 88.85 88.86 88.87 88.28 87.66 87.36 86.71 86.73 87.42 87.58 88.56 87.80 87.86 87.70 87.50 87.58 89.15 88.13 88.14 88.17 88.05 87.84 87.93 87.83 87.81 88.00 87.92 87.87 87.79 88.09 87.94 87.95 88.08 87.91 88.05 87.95 88.00 88.03 87.75 87.56 87.62 88.44 89.03 88.90 89.16 87.53 88.37 88.50 88.54 88.59 88.53 88.55 88.62 88.33 88.21 88.32 88.43 88.50 88.54 88.39 88.40 87.55 87.84 88.04 87.89 88.06 87.77 87.96 87.80 87.33 87.12 86.98 86.87 87.85 87.82 87.81 87.99 88.01 88.15 87.96 88.20 88.05 88.51 88.42 88.03 88.12 88.11 87.94 87.86 87.22 87.84 88.12 88.25 87.99 88.03 88.04 88.02 88.07 87.71 86.81 87.11 87.45 87.49 87.60 87.61 87.78 87.80 87.70 87.96 87.77 87.90 87.98 87.90 88.11 88.14 87.93 88.06 87.75 87.11 87.35 88.55 88.55 87.58 87.78 87.57 86.37 87.25 87.47 87.58 87.12 86.81 87.16 87.52 86.96 87.82 87.99 88.25 88.27 88.24 87.94 87.94 88.11 88.39 88.30 88.52 88.32 89.01 89.15 89.10 88.81 88.47 88.25 88.50 88.34 88.14 88.47 88.64 88.59 88.58 88.43 88.30 88.72 88.36 88.64 88.54 88.58 88.08 88.08 88.14 88.22 87.87 88.35
87.86 87.94 88.26 88.48 88.08 89.25 89.12 88.85 88.98 88.95 88.92 88.75 88.21 88.31 87.91 88.06 87.01 87.21 87.58 88.04 88.38 88.16 87.88 87.75 87.68 88.28 88.07 88.22 87.85 88.36 87.51 87.59 87.49 87.76 87.79 87.88 88.12 88.14 88.24 88.23 88.29 88.23 88.20 88.25 88.26 88.72 88.06 88.34 88.35 88.32 88.36 88.47 88.48 88.57 88.59 88.53 88.56 88.58 88.40 88.40 88.22 88.57 88.54 88.67 88.55 88.35 87.78 87.81 87.88 87.88 87.83 87.96 87.95 88.15 88.25 88.45 88.28 87.75 87.22 87.50 87.64 88.08 88.06 87.67 87.66 87.43 87.51 87.46 87.72 87.99 88.01 88.14 87.23 88.17 88.25 88.17 88.30 88.30 88.28 88.32 88.27 88.24 88.30 88.22 88.00 87.69 86.97 88.10 88.28 88.17 87.99 87.80 87.89 87.76 87.90 87.41 87.35 87.91 88.29 88.48 88.65 88.52 88.55 88.63 88.62 88.54 88.19 87.79 87.51 87.54 88.00 87.90 87.87 87.83 88.69 87.61 86.40 86.79 86.91 87.06 87.27 87.26 86.87 87.00 87.52 87.98 88.10 87.84 88.29 88.38 88.38 88.46 87.99 86.25 88.36 89.02 88.89 86.86 89.03 88.95 88.90 88.71 88.65 88.59 88.36 88.11 87.88 87.95 87.24 86.98 87.94 88.50 88.47 88.29 88.16 88.00 87.89 87.80 88.02 88.02
89.11 87.83 87.59 88.28 88.30 88.38 88.40 88.88 88.89 88.98 89.01 89.01 88.89 88.79 88.50 88.24 87.96 87.54 87.46 87.19 87.18 86.90 87.24 87.27 87.63 87.58 87.46 87.38 87.84 87.14 87.15 87.17 87.68 89.03 87.61 87.84 87.84 88.48 88.20 88.23 88.32 88.31 88.27 88.28 88.30 88.34 88.30 88.40 88.40 88.35 88.38 88.46 88.49 88.49 88.42 88.56 88.69 88.58 88.64 88.56 88.06 88.41 88.62 88.62 88.39 88.19 89.53 89.52 89.24 87.92 88.08 88.13 88.19 88.37 88.52 88.18 87.85 87.33 87.39 87.08 87.40 87.42 87.78 87.73 88.04 87.94 88.05 88.07 88.05 88.05 88.10 88.25 88.17 88.31 88.25 88.37 88.26 88.21 88.22 88.05 88.06 87.38 87.17 87.21 86.85 87.39 88.62 89.03 88.98 88.61 88.51 88.11 88.14 87.79 87.94 87.84 88.21 88.34 88.60 88.63 88.60 88.59 88.65 88.64 88.57 88.78 88.77 88.89 88.91 88.50 87.80 87.17 87.77 87.97 87.23 87.06 86.95 86.56 87.11 86.35 86.62 87.02 87.05 87.94 87.67 87.61 87.13 87.46 87.90 88.22 88.49 88.58 88.36 88.52 88.63 88.67 88.70 88.65 88.40 88.55 88.52 88.58 88.42 88.22 88.46 88.42 88.43 88.42 88.36 87.97 88.56 88.35 88.30 88.12 87.67 88.19 87.56 87.54 87.62 88.09
88.00 87.62 87.31 87.73 87.76 88.55 88.60 88.94 88.88 88.93 88.92 89.01 89.02 89.03 88.96 88.82 88.72 88.67 88.59 88.32 87.86 87.73 87.80 87.59 87.93 87.85 87.53 88.19 88.07 87.56 87.34 87.64 87.42 87.66 87.84 87.96 87.98 88.04 88.06 88.26 88.29 88.38 88.40 88.41 88.48 88.51 88.48 88.46 88.48 88.47 88.37 88.28 88.20 88.30 88.43 88.55 88.55 88.56 88.45 87.62 88.53 88.71 88.84 88.99 88.44 88.69 88.65 88.64 88.22 88.16 88.37 88.27 88.34 88.47 88.65 88.54 88.11 87.94 87.57 87.24 87.27 87.57 88.37 87.89 88.06 88.10 88.09 88.01 87.77 88.14 88.14 88.18 88.13 88.29 88.10 88.31 88.54 88.39 88.14 88.21 87.98 88.01 87.88 87.77 87.38 87.69 87.53 87.77 87.87 87.75 87.71 87.58 87.68 88.20 88.49 88.91 88.88 88.73 88.58 88.48 88.49 88.65 88.79 88.76 88.88 88.83 88.80 88.85 88.85 88.94 88.07 88.01 87.97 87.86 89.14 87.39 87.34 87.46 87.90 86.80 86.77 86.79 87.29 87.33 87.39 86.97 86.82 88.01 87.73 87.45 88.26 88.16 88.05 88.53 88.50 87.08 87.69 87.88 88.44 88.15 87.57 87.74 88.46 88.13 88.35 88.61 88.48 88.56 88.52 88.48 88.16 88.08 87.92 87.32 88.25 88.46 88.06 87.90 87.54 87.44
88.02 87.98 88.31 87.71 87.43 87.86 88.37 88.45 88.69 88.63 88.86 88.73 89.00 88.91 88.93 88.82 88.89 88.92 88.87 88.47 87.98 87.95 87.69 87.79 87.70 87.84 87.85 87.66 87.61 87.68 87.61 87.75 87.98 87.99 87.95 87.73 87.55 87.88 88.26 88.00 88.41 88.11 87.92 88.30 88.35 88.30 88.12 88.41 88.33 88.30 88.10 88.15 88.35 88.71 88.45 87.84 88.25 88.78 88.66 88.70 88.64 88.63 88.74 88.92 89.19 89.00 88.41 89.04 88.28 88.75 88.53 88.35 88.39 88.28 88.37 88.82 88.94 88.86 88.79 88.45 88.26 87.89 87.99 87.97 88.00 88.04 88.17 88.17 88.18 88.14 88.12 88.14 88.25 88.18 88.23 88.04 88.18 88.25 88.09 88.34 88.36 88.08 88.15 88.33 88.19 87.92 87.73 87.48 87.51 87.27 87.76 87.89 88.23 88.75 89.09 89.13 89.15 88.97 88.80 88.73 88.69 88.65 88.71 88.74 88.94 89.00 88.91 88.88 88.91 88.94 88.78 88.25 88.14 88.41 88.01 87.56 87.29 87.47 87.32 86.50 88.31 87.11 87.73 87.63 87.61 87.31 87.15 86.97 86.70 87.13 87.56 87.96 87.78 87.85 88.19 88.51 88.74 88.75 88.50 88.40 87.92 88.01 88.22 88.21 88.10 87.25 87.20 87.57 88.06 88.33 88.46 88.53 88.35 88.60 88.57 87.70 88.16 88.26 88.20 88.37
88.72 87.77 87.40 88.00 88.30 88.49 88.46 87.82 87.93 88.13 87.70 87.94 88.46 87.93 89.35 88.03 88.41 88.36 88.83 88.59 88.52 88.48 88.49 87.89 87.71 87.51 88.46 88.21 87.67 87.78 88.23 88.52 88.55 88.44 88.40 88.12 87.77 87.97 87.89 87.86 88.28 87.59 88.03 88.33 88.06 87.07 88.54 88.68 88.72 88.66 88.63 88.76 88.73 88.42 88.01 88.90 88.90 88.71 88.91 88.89 88.83 88.68 88.77 88.84 89.06 89.29 89.11 88.61 89.18 89.20 89.05 88.82 88.01 88.71 88.88 88.46 88.43 88.53 88.40 88.13 87.26 87.29 87.99 88.25 88.02 87.95 87.82 88.11 88.25 88.22 88.28 88.20 88.22 88.38 88.29 88.34 88.30 88.13 88.26 88.37 88.43 88.30 88.22 88.20 87.63 88.20 88.10 88.12 88.13 88.24 88.35 88.41 88.51 88.69 88.91 88.95 88.54 88.48 88.53 88.30 89.35 88.93 88.37 88.61 88.80 88.87 89.03 89.09 88.84 89.04 89.30 89.12 87.02 88.97 88.84 88.65 87.53 87.73 87.72 88.13 87.34 87.25 87.17 87.28 87.36 87.27 87.27 87.04 87.28 87.20 87.48 87.46 87.53 87.64 87.68 88.66 89.12 89.07 89.06 88.95 88.80 88.59 88.40 88.19 88.13 87.79 87.39 87.63 87.75 86.75 87.55 88.27 88.40 88.15 87.15 87.51 87.73 88.57 88.61 88.57
88.83 88.37 88.18 88.45 88.50 88.33 87.08 87.80 88.00 87.76 88.25 87.78 88.01 87.21 88.19 88.54 88.33 88.46 88.19 88.45 88.61 88.63 88.37 88.23 87.42 87.84 88.03 88.08 88.45 87.82 88.04 88.65 88.73 88.45 88.68 88.48 87.99 87.49 87.35 87.50 87.80 88.37 88.65 88.62 88.55 88.24 88.70 88.82 88.97 88.95 88.96 88.96 89.00 89.02 88.78 88.62 88.72 88.57 88.84 88.94 88.68 88.41 89.00 88.93 88.30 89.29 88.28 88.95 89.18 87.88 88.23 88.90 89.40 88.70 89.14 88.57 88.61 88.34 88.13 88.15 87.58 87.70 88.02 87.79 87.85 88.27 88.11 88.06 88.44 87.26 88.14 88.37 88.44 88.34 88.72 88.16 88.08 88.11 88.99 88.04 87.95 88.36 88.21 88.23 88.30 88.34 88.31 88.23 88.21 88.51 88.59 88.77 88.82 88.82 88.68 88.33 88.37 88.47 88.12 87.66 87.71 87.75 88.43 88.81 89.13 89.22 89.28 89.22 89.29 89.41 89.25 89.23 89.02 88.89 88.94 88.72 88.25 87.16 86.62 86.95 88.89 88.73 86.70 86.74 88.10 87.09 87.21 86.56 87.21 87.60 87.11 87.19 87.72 88.35 88.61 88.78 88.94 88.89 88.97 88.97 88.95 88.90 88.80 88.67 88.29 87.99 87.66 87.59 87.80 87.60 88.54 86.97 87.74 87.96 87.65 88.29 88.50 88.32 88.58 88.71
88.70 88.73 88.86 89.07 88.74 87.55 87.96 87.81 87.40 87.47 87.58 89.03 87.53 87.67 87.28 87.36 88.03 88.46 88.06 87.93 88.98 87.98 88.03 88.01 87.28 87.92 88.17 88.14 88.10 87.31 86.78 88.69 88.49 88.57 88.55 88.28 88.41 87.89 87.71 87.77 87.57 88.14 88.36 88.48 88.56 88.31 87.87 87.80 88.60 88.99 89.01 89.06 88.93 88.91 88.72 88.12 87.96 87.98 87.74 87.60 88.22 89.35 88.56 87.99 89.20 89.48 89.37 88.49 90.33 86.64 89.61 88.54 88.16 88.78 88.41 89.18 89.34 89.14 88.86 89.40 89.42 88.77 88.13 88.20 88.42 88.16 88.22 87.98 87.93 88.24 88.31 88.40 88.12 87.81 87.82 87.76 87.78 87.87 88.28 87.86 87.59 87.73 87.71 87.77 87.74 88.34 88.37 88.53 88.67 88.78 88.88 88.99 89.09 89.14 89.05 88.82 88.93 88.92 89.04 88.80 88.71 88.89 89.22 89.43 89.57 89.56 89.58 89.57 89.58 89.79 89.42 89.35 89.20 89.33 89.28 89.21 89.15 88.78 87.03 88.11 88.95 89.19 87.30 87.51 88.05 87.87 87.50 87.27 87.24 87.62 88.08 88.24 88.37 88.13 88.53 88.34 88.77 88.29 87.50 87.74 88.83 88.93 88.88 88.64 88.26 87.98 87.73 87.71 87.82 87.73 87.42 87.28 87.77 87.85 88.71 87.78 87.78 87.89 88.18 88.63
88.79 88.81 88.91 88.97 88.47 88.43 88.36 87.96 87.78 88.28 88.24 88.13 87.97 88.08 87.74 87.97 88.44 88.38 88.38 88.33 87.82 87.13 87.13 88.96 87.08 87.97 88.29 88.30 88.27 88.00 87.77 88.60 88.58 88.47 88.60 88.30 88.05 87.78 87.40 87.29 87.41 87.28 87.23 87.44 88.20 87.89 87.72 88.08 88.59 88.81 89.01 89.03 89.04 88.64 88.25 87.37 87.73 87.28 87.59 89.14 88.11 89.48 89.60 89.21 88.22 90.88 90.79 91.05 90.73 90.76 90.78 89.87 87.80 88.42 89.33 88.73 88.62 89.22 89.11 89.04 88.62 88.35 88.49 88.46 88.37 88.23 88.23 87.99 88.10 87.81 88.07 88.26 88.48 88.17 88.26 88.63 89.22 88.27 88.22 88.31 88.28 88.20 87.60 87.75 87.58 87.83 88.55 88.63 88.82 88.98 89.09 89.17 89.31 89.41 89.41 89.50 89.56 89.63 89.66 89.92 90.31 90.48 90.58 90.73 90.97 90.56 90.25 90.20 90.95 89.91 89.63 89.56 89.47 89.31 89.43 89.38 88.17 88.92 88.80 88.50 88.33 88.16 88.29 88.33 87.19 87.66 87.80 87.79 88.15 88.43 88.75 88.75 89.24 89.01 88.36 88.54 88.72 87.48 87.66 88.94 88.71 88.53 88.37 88.41 88.05 87.92 88.09 88.28 88.52 88.31 88.29 87.67 88.38 88.01 87.79 87.87 88.10 88.47 88.51 88.73
88.86 88.52 88.59 89.07 89.24 87.90 88.63 88.73 88.72 88.54 88.65 88.19 87.98 88.34 88.33 88.32 88.05 88.40 88.32 88.41 88.29 87.62 87.26 88.39 87.96 88.23 89.11 88.19 88.37 88.18 88.49 88.38 88.39 88.55 88.46 88.44 88.40 87.60 87.29 87.26 87.14 87.29 87.78 87.99 88.21 88.35 88.49 88.44 89.08 89.49 88.11 88.18 88.47 88.24 88.35 88.82 88.64 87.94 87.83 88.70 88.13 89.55 89.61 89.70 91.63 91.26 90.85 90.86 90.92 90.96 90.94 90.65 89.90 89.60 89.04 88.90 89.13 89.33 88.79 88.98 89.11 88.99 88.88 88.72 88.52 89.20 88.62 88.27 88.42 88.45 88.17 88.10 87.98 88.43 87.89 87.73 88.07 88.16 88.26 88.12 88.28 88.36 87.90 87.12 88.41 88.16 88.36 88.66 88.77 88.83 89.18 89.29 89.47 89.59 89.65 89.81 90.35 90.64 91.46 92.46 93.25 93.85 94.10 94.21 94.27 93.64 93.41 93.53 93.57 93.43 92.11 89.92 89.92 90.31 89.41 89.53 89.55 89.39 88.55 88.57 88.72 88.29 88.38 88.02 88.18 88.81 88.08 88.08 88.18 87.93 88.23 88.58 88.91 89.06 89.42 88.81 88.70 87.28 88.99 88.67 88.82 88.86 88.86 88.57 88.32 88.28 87.96 88.33 87.72 88.31 88.52 87.87 87.28 87.28 87.89 88.47 88.53 88.61 88.81 88.85
88.79 88.66 88.35 88.45 88.95 88.81 88.71 87.99 88.89 88.48 88.15 88.40 88.27 88.50 88.35 88.25 88.34 87.67 88.20 88.28 88.08 87.71 87.23 87.04 86.69 87.99 87.64 88.04 88.34 88.34 88.22 88.42 88.13 87.98 88.23 87.95 88.00 87.86 87.58 86.78 86.75 86.57 86.98 88.05 88.24 88.42 88.51 88.14 89.15 89.42 88.04 88.05 87.56 87.26 88.26 89.13 89.25 89.23 88.46 87.85 87.77 87.97 89.64 90.62 91.21 90.71 91.04 90.90 90.90 90.89 90.90 90.97 89.91 89.96 90.28 91.04 89.13 89.18 88.91 88.94 89.06 88.99 88.66 88.48 88.26 88.72 88.05 88.19 88.43 88.40 88.36 88.42 88.53 88.60 88.33 87.94 88.07 88.16 88.24 87.84 88.40 88.11 87.78 88.23 88.09 88.25 88.57 88.82 89.00 89.02 89.38 89.48 89.52 89.74 89.99 90.72 91.52 92.56 93.56 94.59 94.90 95.31 95.44 95.42 95.58 95.61 95.48 95.49 95.38 95.19 95.49 94.96 91.59 91.50 90.40 89.65 89.20 88.18 87.32 88.98 88.69 88.10 88.96 88.00 87.48 87.76 88.14 88.70 88.47 88.55 88.88 88.90 88.80 88.71 88.13 88.71 88.74 88.86 88.79 88.81 88.76 88.31 88.46 88.81 88.77 88.58 88.08 88.76 88.41 88.72 88.38 87.99 88.40 87.81 87.93 88.23 88.35 88.58 88.65 88.77
87.99 88.24 88.11 88.50 89.12 89.26 89.34 88.73 88.76 87.82 88.28 87.86 87.83 87.68 88.00 87.81 87.73 87.78 87.02 87.29 87.63 87.91 87.12 86.95 87.64 87.41 87.79 88.34 88.32 88.31 88.12 88.36 88.02 86.75 86.74 86.91 87.26 87.26 87.32 86.79 86.60 86.68 86.86 87.76 88.12 88.30 88.33 88.32 88.25 88.14 87.96 87.63 87.13 86.91 87.20 87.66 88.69 88.75 88.11 87.89 89.36 89.51 89.60 89.79 90.76 91.48 90.97 91.02 90.91 91.20 91.25 90.71 90.24 89.29 89.59 88.92 88.90 89.17 88.87 88.97 88.97 88.93 88.72 88.41 88.41 88.00 88.15 89.29 88.76 88.44 88.20 88.39 88.90 88.90 88.44 88.13 87.56 88.56 87.92 87.90 87.86 87.86 88.14 88.48 88.55 88.20 88.14 88.85 89.01 89.21 88.97 89.37 89.69 90.19 91.47 92.59 93.59 94.20 94.93 95.31 95.76 95.86 95.77 95.75 95.03 95.54 95.61 95.68 95.60 95.57 95.59 95.59 95.43 94.91 92.92 91.37 89.60 89.14 89.40 89.10 89.28 88.78 87.86 88.42 88.57 87.63 88.33 88.11 88.61 88.73 88.10 88.57 88.56 88.52 88.40 88.78 88.60 88.42 88.08 88.09 86.83 87.68 88.46 88.29 88.00 88.53 88.87 89.07 88.57 89.09 89.01 88.77 88.73 88.28 87.85 87.41 87.62 87.86 88.22 88.38
87.79 88.29 88.06 88.01 88.64 89.10 88.55 88.07 88.58 88.19 87.89 88.02 86.97 88.36 87.19 87.44 86.56 86.81 87.62 87.40 87.91 87.27 87.65 87.97 87.92 88.30 87.71 88.08 88.26 88.23 88.24 88.24 88.30 87.48 87.28 87.43 87.73 87.79 87.78 87.48 87.03 86.90 87.28 87.40 87.25 87.91 87.93 88.02 87.80 87.84 87.49 87.31 86.92 86.91 86.83 87.19 87.54 87.48 88.04 88.48 87.51 89.15 88.83 89.57 89.55 91.05 91.44 91.37 91.25 91.42 91.32 90.92 90.51 89.36 89.54 89.51 88.96 88.91 88.74 88.25 88.87 88.67 88.58 88.55 88.23 88.28 88.04 88.29 88.60 88.49 88.58 88.60 89.03 88.56 88.34 87.61 87.95 87.80 88.11 88.66 87.92 87.53 87.78 88.11 88.92 88.93 88.55 88.83 89.16 89.10 88.96 89.20 89.59 89.93 93.50 95.09 95.46 95.84 95.84 95.73 95.42 95.61 95.82 95.78 95.56 95.31 95.11 95.46 95.61 95.52 95.54 95.38 95.41 95.33 94.79 93.46 91.80 89.89 89.53 89.42 89.36 89.28 88.84 88.45 88.97 88.95 88.44 88.80 88.75 88.75 88.76 88.20 88.03 88.41 88.01 88.31 88.36 87.77 87.39 88.11 88.81 88.91 88.04 87.94 88.43 88.92 88.79 88.95 89.09 89.01 88.97 88.91 88.15 88.15 87.86 88.39 88.08 87.92 88.30 88.17
88.34 88.42 88.27 88.33 88.57 88.54 88.65 88.68 88.78 88.01 87.75 88.32 87.80 87.59 87.68 87.69 88.60 87.60 88.01 88.13 87.89 88.17 88.70 87.78 88.15 88.37 88.21 88.08 88.08 88.04 87.90 88.00 87.92 87.71 87.72 87.68 87.71 87.75 87.86 87.88 87.53 87.43 87.62 87.52 87.48 87.71 87.71 87.48 87.29 87.08 86.99 86.98 86.92 86.39 86.19 87.40 87.84 87.98 88.35 88.61 88.88 88.85 89.15 89.25 89.20 90.04 90.67 92.78 92.46 91.77 91.53 91.17 89.87 89.63 89.48 89.58 88.82 88.78 88.74 89.40 88.44 88.64 88.38 88.33 88.26 88.16 88.16 88.64 88.63 88.54 88.42 88.51 88.69 88.49 88.28 88.37 88.00 88.03 87.97 88.68 87.08 87.79 87.99 88.06 88.66 88.03 88.62 88.83 89.01 89.03 89.11 89.03 89.60 91.32 95.14 95.50 95.87 95.85 95.72 95.88 95.81 95.89 95.80 95.81 95.70 95.89 95.83 95.44 95.42 95.72 95.52 95.44 95.45 95.34 94.77 94.38 92.70 90.48 89.65 89.52 89.36 89.45 87.64 88.97 89.00 88.75 88.88 88.63 88.44 88.80 88.49 88.28 88.52 88.27 88.35 88.01 87.78 87.87 87.30 86.50 87.77 87.60 88.15 88.94 89.02 88.94 88.48 89.06 88.60 88.67 88.93 88.84 88.15 88.19 88.19 87.37 87.43 88.05 88.25 88.16
88.84 88.10 88.95 88.59 88.84 88.53 88.64 88.61 88.38 88.14 87.76 87.83 87.64 87.42 87.79 87.82 88.21 88.28 88.15 88.12 87.59 87.84 88.04 88.05 87.74 88.10 88.21 88.21 87.51 87.83 87.67 87.96 88.00 87.48 87.62 87.61 87.65 87.77 87.97 88.07 87.45 87.19 86.08 86.16 87.06 87.50 87.33 87.07 87.11 86.80 86.67 86.69 86.57 86.67 86.72 87.52 87.62 87.76 87.90 88.29 88.27 88.36 88.76 88.30 89.45 89.36 89.74 89.85 90.09 90.24 89.98 89.97 89.48 89.64 89.54 88.93 88.85 89.00 88.89 88.99 88.79 89.62 88.36 88.57 88.42 88.41 88.27 88.69 88.66 88.42 88.33 88.49 88.55 88.46 88.43 88.18 88.36 88.15 88.46 87.97 87.89 88.00 87.83 87.38 87.44 87.80 88.53 89.11 88.73 88.90 89.00 89.06 89.76 93.24 95.42 95.88 95.86 95.77 95.84 95.89 95.85 95.88 95.80 95.87 95.88 95.51 95.65 95.60 95.77 95.63 95.47 95.46 95.30 94.98 93.77 93.63 92.75 91.05 89.71 89.64 89.52 89.56 89.38 89.33 89.17 89.03 88.87 88.70 88.71 89.20 88.93 88.80 88.74 88.40 88.35 88.04 87.73 87.72 87.80 87.82 87.58 87.68 88.39 89.07 89.19 89.15 89.02 88.93 88.61 88.79 88.78 88.89 87.57 88.38 88.42 89.03 88.08 88.34 88.63 88.58
88.98 88.92 88.94 89.20 89.06 88.46 88.56 88.46 88.98 89.22 89.60 89.50 88.60 87.88 88.16 88.01 87.56 87.84 87.50 87.90 87.52 88.10 88.05 88.04 87.83 86.92 87.50 87.70 87.94 87.45 87.31 87.60 87.41 87.42 87.17 87.50 87.58 87.77 87.82 85.53 85.18 84.99 82.97 82.68 82.77 85.36 85.35 85.36 86.23 86.62 86.30 86.71 86.43 86.63 86.59 86.65 86.75 87.31 88.20 88.06 87.68 87.07 88.47 88.99 88.96 89.36 89.35 89.52 89.75 89.80 89.77 89.49 89.63 89.24 89.29 89.29 89.15 89.70 89.10 88.74 88.94 88.84 88.53 88.54 88.37 88.38 88.45 88.76 88.76 88.63 88.39 88.56 88.31 88.36 88.46 87.97 87.79 88.30 88.25 88.12 87.76 87.83 87.31 87.04 88.68 87.95 88.35 88.83 88.85 88.87 89.04 89.24 89.72 93.31 95.05 95.88 95.79 95.55 95.88 95.89 95.86 95.84 95.87 95.88 95.85 95.52 95.74 95.81 95.70 95.78 95.64 95.44 94.74 94.02 93.62 93.24 92.18 90.79 90.04 89.67 89.87 89.20 89.05 89.26 88.38 88.56 88.89 88.98 89.03 88.99 88.91 88.88 88.90 88.35 88.21 88.15 87.90 88.29 88.27 88.03 87.96 87.90 88.52 88.86 88.97 88.88 88.94 88.87 88.19 88.62 88.63 87.90 87.80 88.52 88.44 88.48 88.58 88.77 88.93 88.63
88.84 88.97 88.72 88.39 89.11 88.32 88.78 88.67 87.97 88.38 89.36 89.35 88.21 87.88 88.49 88.21 88.46 87.97 88.22 88.30 88.45 87.71 88.47 88.47 88.19 88.20 87.96 87.68 87.83 87.71 87.58 85.52 86.74 87.19 87.20 87.40 87.55 87.52 86.73 86.58 85.93 84.50 84.12 84.22 84.63 84.78 84.66 84.95 84.28 85.51 86.32 86.35 86.38 86.49 86.66 86.70 86.95 87.31 87.39 87.92 87.92 88.07 87.59 87.83 88.54 87.94 89.03 89.66 89.58 89.57 89.58 89.57 89.35 89.24 89.34 89.26 89.21 89.07 88.95 88.97 88.92 88.91 88.77 88.63 88.60 88.37 88.70 88.91 88.65 88.58 88.80 88.84 88.76 88.35 88.49 88.18 88.19 88.14 88.10 88.48 87.83 88.00 87.62 87.74 87.63 87.58 88.30 88.71 88.91 88.94 88.93 89.36 89.77 91.79 94.90 95.89 95.84 95.83 95.80 95.85 95.88 95.89 95.88 95.88 95.86 95.72 95.88 95.80 95.85 95.69 95.51 95.02 94.21 93.73 92.96 92.46 92.06 91.45 89.97 89.48 89.41 88.95 89.00 88.91 88.91 89.08 89.12 89.05 88.41 88.94 88.99 89.05 88.86 88.72 88.38 88.62 88.39 88.09 88.64 88.50 88.20 88.06 88.08 88.29 88.63 88.74 89.08 88.94 88.68 88.63 88.77 88.59 88.89 88.80 88.82 88.57 88.69 88.89 89.01 89.11
89.11 88.96 88.98 88.65 89.42 89.24 88.94 88.22 87.70 87.02 86.70 87.70 87.59 88.47 88.83 88.79 88.79 88.79 88.64 88.55 88.53 88.51 88.17 88.39 88.06 87.67 87.77 87.28 87.15 87.71 87.60 86.63 86.80 86.14 86.92 85.94 86.60 84.49 84.63 86.55 84.44 83.56 85.02 85.05 84.95 84.89 85.12 85.91 85.22 85.19 84.95 85.64 86.30 86.83 86.83 86.97 86.86 87.47 87.60 87.40 87.38 88.17 88.15 88.49 88.86 88.76 89.16 89.29 88.10 89.42 89.21 89.27 89.31 89.37 89.29 89.20 89.12 89.11 89.11 88.95 88.76 88.63 88.36 89.39 88.67 88.48 88.48 88.39 88.82 88.60 88.72 88.85 88.81 88.62 88.19 88.47 88.11 88.03 88.42 88.36 87.78 87.74 87.58 87.76 87.95 87.91 89.17 88.40 88.84 89.00 89.03 89.10 89.43 91.35 93.21 95.68 95.87 95.73 95.43 95.89 95.89 95.89 95.78 95.89 95.77 95.82 95.78 95.82 95.80 95.75 95.61 94.69 93.54 93.03 92.27 91.80 90.95 89.98 89.71 89.51 89.09 89.18 88.80 88.83 88.71 88.82 89.05 89.07 89.05 88.94 89.07 88.96 88.89 88.85 88.71 88.74 88.91 88.75 88.65 87.99 88.32 88.25 87.82 87.79 88.48 88.65 89.05 88.72 88.75 88.87 88.98 88.96 88.94 88.92 88.76 88.59 89.12 89.22 89.13 89.36
89.09 89.41 88.98 88.36 88.90 88.35 88.20 88.43 87.81 87.04 86.89 87.77 88.45 88.61 88.75 88.68 88.79 87.38 88.57 88.51 88.44 88.24 88.21 88.05 87.53 87.78 87.59 87.45 86.88 87.04 86.72 86.58 86.69 86.38 86.53 86.72 85.97 84.40 84.52 84.46 83.85 85.00 85.78 85.66 85.31 85.60 85.39 85.48 85.77 85.83 85.63 84.68 85.55 86.69 87.06 87.27 87.27 87.29 87.31 87.41 87.60 87.78 87.75 88.77 88.72 88.16 88.41 88.76 88.69 89.26 89.19 89.27 89.15 88.93 89.03 89.15 89.15 89.14 89.26 89.07 88.80 88.53 88.70 88.55 88.64 88.33 88.22 88.37 88.50 88.57 88.61 88.78 88.71 88.31 88.34 88.31 88.54 88.70 88.12 87.98 88.00 87.40 87.54 87.91 88.10 88.06 88.11 88.48 88.92 88.84 88.81 88.93 89.19 89.37 90.73 93.16 95.88 95.86 95.65 95.58 95.88 95.89 95.39 95.63 95.80 95.82 95.82 95.76 95.80 95.70 95.06 92.81 91.75 91.75 91.31 90.72 90.93 89.96 89.90 89.85 89.25 89.05 88.35 88.81 88.61 88.74 88.86 88.93 89.03 89.09 88.98 88.82 88.25 88.25 88.36 88.63 88.36 88.17 88.49 88.68 88.47 88.15 88.51 88.72 88.57 88.58 88.43 88.65 88.61 88.19 89.00 89.07 88.84 88.79 88.93 88.99 89.34 89.24 88.99 88.48
89.15 89.21 88.36 88.22 88.41 87.57 87.99 87.05 87.09 87.69 87.64 87.89 88.52 88.66 88.88 88.59 88.79 88.82 88.51 88.51 87.78 88.25 88.18 88.15 87.84 87.57 87.58 87.38 87.14 86.85 86.69 85.81 86.24 86.00 85.65 85.86 85.13 84.07 83.89 83.13 83.40 85.05 86.00 85.56 86.35 85.65 86.62 86.70 86.42 86.46 85.80 84.78 83.90 85.70 86.66 87.26 87.22 87.30 87.34 87.32 87.72 88.15 87.98 88.73 88.80 88.85 88.82 88.81 88.75 88.61 88.79 89.14 89.10 88.93 89.19 88.95 89.25 89.10 89.06 89.13 88.97 88.80 88.95 88.70 88.64 88.52 88.47 88.37 88.37 88.45 88.51 88.21 88.43 88.59 88.38 88.49 88.28 88.51 88.23 87.71 87.88 87.69 87.43 87.65 87.92 88.03 88.02 87.95 88.58 88.82 88.69 88.64 88.46 88.74 89.22 90.32 94.30 95.58 95.88 95.79 95.79 95.52 95.74 95.78 95.86 95.85 95.75 95.74 94.97 93.85 93.11 91.39 90.29 90.17 90.06 90.04 90.49 90.19 89.75 89.69 89.47 89.07 88.81 88.72 88.59 88.55 88.70 88.66 88.76 88.87 88.85 88.63 88.51 88.32 87.80 87.69 87.81 87.77 88.41 88.03 88.37 88.61 88.17 88.44 88.32 88.26 88.60 88.72 88.89 88.55 88.69 89.04 88.45 88.88 88.89 89.02 89.12 88.97 88.74 88.70
89.09 88.54 88.43 88.36 87.74 87.83 87.30 87.75 87.89 87.74 87.93 87.96 88.33 88.58 88.81 88.79 88.79 88.36 88.24 88.50 88.12 88.18 88.10 88.02 87.82 87.76 87.54 87.34 87.01 86.67 86.37 86.21 86.15 85.51 85.35 85.95 85.04 83.86 84.02 83.13 84.21 85.10 85.52 86.15 86.40 86.64 86.66 86.89 86.88 87.01 86.01 84.79 85.22 85.34 85.50 85.46 86.89 87.47 87.46 87.79 88.17 88.52 88.72 88.76 88.89 88.84 88.90 89.00 88.94 88.90 88.97 89.45 88.93 88.75 88.87 88.89 88.96 89.04 89.16 89.14 89.17 89.10 88.94 88.95 88.83 88.54 88.29 88.15 88.34 88.39 88.39 88.48 88.23 88.44 88.50 88.41 88.47 88.36 88.32 87.92 87.88 88.33 88.02 87.84 88.10 88.26 88.34 88.06 88.60 88.79 88.96 88.65 88.95 88.88 89.37 89.36 90.29 91.17 91.94 95.33 95.75 95.87 95.68 95.81 95.74 95.79 95.53 95.08 92.10 90.33 91.52 90.94 89.93 89.90 89.82 89.61 89.59 89.74 89.70 89.55 89.50 88.81 88.86 88.64 88.72 88.39 88.51 88.49 88.51 88.58 88.68 88.51 88.32 88.33 87.99 87.92 88.50 87.72 87.54 87.35 88.46 88.73 88.99 88.55 88.70 88.83 88.92 88.85 88.88 88.76 88.65 88.84 88.57 88.80 88.79 88.62 88.80 88.91 88.89 88.84
89.08 88.53 87.24 88.35 87.73 87.56 88.09 87.65 88.00 87.82 87.81 88.03 88.55 88.71 88.79 88.75 88.71 87.71 88.57 88.54 88.34 88.09 88.08 87.96 87.87 87.70 87.53 87.22 86.88 86.58 86.31 85.96 85.75 85.70 85.66 84.82 84.87 84.35 82.83 81.84 84.11 85.28 85.73 86.06 86.42 86.73 86.92 87.06 87.16 87.16 87.11 86.96 86.23 86.24 86.14 85.36 85.68 86.22 87.42 87.73 88.23 88.77 88.87 88.83 89.02 88.86 88.74 88.84 89.01 88.99 89.09 89.27 89.10 88.84 89.02 89.20 89.06 89.03 89.25 89.22 89.18 89.19 89.03 89.10 88.66 88.64 88.51 88.31 88.20 88.37 88.42 88.49 88.60 88.53 88.50 88.43 88.45 88.02 88.36 88.02 88.46 88.51 88.24 88.23 88.47 88.57 88.63 88.55 88.03 88.75 88.50 88.93 89.02 89.10 88.61 88.80 89.54 89.47 89.98 89.99 91.01 91.03 92.73 94.77 93.53 93.87 92.19 92.80 90.26 89.78 89.62 89.47 89.65 89.73 89.63 89.45 89.53 89.51 89.48 89.20 89.17 88.97 88.78 88.67 88.63 88.51 88.48 88.54 88.54 88.57 88.60 88.41 88.39 87.97 88.20 87.78 87.29 87.55 88.27 87.28 88.26 88.65 88.78 88.38 88.81 88.10 88.77 88.90 88.71 88.61 88.75 88.64 88.46 88.57 88.60 88.79 88.66 88.79 88.89 89.01
88.82 88.47 88.43 88.36 87.83 87.71 88.28 87.41 87.86 88.20 88.10 88.43 88.39 88.53 88.79 88.60 88.79 88.06 88.56 88.03 88.05 88.07 87.95 87.92 87.72 87.60 87.45 87.31 86.83 86.50 86.14 85.80 85.38 85.40 85.22 85.42 85.64 84.13 83.83 82.10 84.39 85.32 85.71 86.15 86.52 86.83 87.05 87.20 87.30 87.45 87.44 87.51 87.25 86.61 86.62 86.73 87.03 87.01 86.91 86.91 86.67 88.27 88.90 88.92 88.88 88.90 88.98 89.10 88.96 88.88 88.91 89.28 89.35 89.48 89.21 88.98 89.18 89.19 89.31 89.31 89.29 89.28 89.21 89.04 88.95 88.74 88.80 88.82 88.50 88.40 88.36 88.55 88.57 88.20 88.35 88.47 88.48 88.22 88.21 88.20 88.45 88.63 88.18 88.43 88.61 88.51 88.73 88.21 87.82 88.07 88.63 88.67 88.89 88.73 88.69 88.76 88.73 89.50 89.47 89.57 89.67 89.74 89.86 89.92 90.02 90.49 91.10 90.55 90.29 89.76 89.48 89.64 89.62 89.54 89.32 89.42 87.88 89.47 89.46 88.37 88.84 88.57 88.50 88.50 88.53 88.54 88.54 88.55 88.46 88.42 88.39 88.16 87.70 87.59 87.46 87.75 88.33 87.39 87.48 88.13 87.79 88.22 88.65 88.64 88.96 88.24 88.82 88.61 88.79 88.89 88.83 88.69 88.32 88.11 88.16 88.52 88.52 88.58 88.88 88.92
88.89 88.30 88.63 88.39 88.33 88.30 88.43 88.74 88.25 88.55 88.38 88.87 88.86 88.79 88.87 88.70 88.74 88.39 88.05 88.46 88.12 87.97 87.92 87.78 87.64 87.43 87.27 87.10 86.70 86.22 85.86 85.55 85.27 85.08 85.01 84.28 84.72 85.12 83.83 84.20 84.68 85.26 85.79 86.18 86.42 86.70 86.89 87.14 87.30 87.32 87.50 87.55 87.27 86.87 85.94 86.70 87.03 87.21 87.21 87.06 86.29 87.60 88.71 88.76 88.86 88.87 88.87 88.44 88.64 88.76 88.82 88.85 89.18 89.57 89.66 89.27 89.35 89.40 89.51 89.36 89.36 89.30 89.47 89.23 89.35 88.95 89.01 89.02 88.99 88.47 88.77 88.66 88.86 88.13 88.51 88.47 88.48 88.08 87.75 88.42 88.44 88.33 88.40 88.44 88.31 87.95 88.35 87.73 87.53 87.89 88.17 88.27 88.60 88.46 88.86 89.19 88.95 89.34 89.46 89.55 89.62 89.56 89.51 89.85 89.60 90.13 89.86 89.51 89.44 89.34 89.44 89.29 89.27 89.40 89.28 88.75 88.68 88.95 88.19 88.62 88.50 88.32 88.18 88.23 88.32 88.38 88.62 88.42 88.37 88.24 88.19 87.99 87.63 87.24 87.40 87.68 88.04 87.63 87.10 87.55 87.45 87.87 88.27 88.65 88.34 88.37 88.76 88.35 88.63 88.76 88.74 88.40 88.10 88.60 88.66 88.49 88.60 88.93 89.10 88.86
88.84 88.85 88.41 88.43 88.35 88.46 88.65 88.78 88.89 88.95 88.94 88.90 89.03 89.09 88.88 88.99 87.82 88.10 88.52 88.16 88.14 87.88 87.87 87.76 87.57 87.28 87.04 86.68 86.28 85.88 85.52 85.12 84.90 84.78 84.85 84.78 83.89 84.30 83.77 84.07 84.62 85.24 85.62 85.90 86.17 86.41 86.68 86.92 87.20 87.35 87.63 87.61 87.60 87.25 86.47 86.66 87.00 87.02 86.98 86.61 85.89 87.81 88.58 88.64 88.38 88.55 88.77 88.47 88.78 88.75 88.61 88.97 89.08 89.41 89.50 89.58 89.32 89.40 89.33 89.43 89.43 89.38 89.39 89.53 89.32 89.10 89.17 89.24 89.15 88.29 88.83 88.67 88.89 88.90 88.93 88.54 88.46 89.26 88.33 88.01 88.18 87.97 87.76 87.61 87.90 88.31 87.59 87.54 87.23 87.83 88.08 88.49 88.38 88.05 88.01 88.26 88.76 88.94 89.12 89.26 89.49 89.35 89.50 89.60 89.61 89.80 89.58 89.34 89.34 89.25 89.00 89.04 89.15 89.23 88.66 88.18 87.58 87.77 88.14 88.44 88.25 88.06 87.75 87.90 88.20 88.30 88.36 88.44 88.19 88.13 88.06 88.00 88.19 88.06 88.13 87.60 88.08 87.63 87.25 87.59 87.20 88.03 88.24 88.47 88.47 88.62 88.54 88.65 88.59 89.02 88.57 89.23 88.55 88.62 88.69 88.64 88.49 88.98 89.21 88.85
88.67 88.76 88.42 88.43 88.41 88.43 88.70 89.19 88.98 88.92 88.81 88.86 88.94 88.80 88.90 88.98 88.68 88.37 88.40 88.20 88.02 87.84 87.78 87.62 87.43 87.20 86.79 86.29 85.74 85.30 84.97 84.60 84.37 84.35 84.51 83.98 84.17 83.41 83.57 84.12 84.53 84.98 85.26 85.54 85.86 86.09 86.43 86.68 86.95 87.17 87.32 87.52 87.57 87.17 86.67 86.97 86.57 86.87 86.55 86.19 86.27 86.63 88.47 88.45 88.52 88.41 88.71 88.80 88.76 88.79 88.87 88.87 89.04 89.22 89.52 89.65 89.49 89.41 89.49 89.51 89.47 89.44 89.41 89.51 89.45 89.52 89.24 89.26 89.14 88.88 88.75 88.89 89.00 89.03 88.72 88.62 88.48 88.17 88.12 88.28 88.37 88.46 87.54 87.89 88.14 88.05 88.26 87.34 87.25 87.69 88.11 87.76 88.20 88.19 88.27 88.50 88.60 88.91 88.99 89.27 89.35 89.44 89.15 89.53 89.38 89.30 89.33 88.68 88.99 89.00 88.91 88.79 89.11 88.67 88.31 88.07 86.99 87.15 87.99 87.87 88.08 88.06 87.70 87.37 88.22 88.32 88.34 88.36 88.35 88.14 87.90 87.66 87.38 87.69 88.40 87.70 87.88 87.81 87.33 88.03 87.90 88.08 87.96 87.94 88.49 88.61 88.80 88.62 88.38 88.99 89.08 88.83 88.88 89.06 88.99 88.60 88.27 88.73 88.74 88.53
87.99 88.29 88.31 88.15 88.48 88.71 88.96 89.39 89.37 89.15 89.04 88.85 88.94 88.92 89.05 88.90 88.68 88.65 88.24 88.19 88.02 87.79 87.64 87.37 87.19 86.92 86.52 85.80 84.91 84.43 84.13 83.99 83.85 83.98 84.23 82.55 83.86 83.31 83.46 83.78 83.97 84.37 84.68 84.98 85.37 85.74 86.12 86.40 86.74 86.96 87.10 87.21 87.37 87.31 86.88 86.45 86.43 86.41 86.55 86.43 86.06 87.47 88.26 88.21 88.39 88.54 88.83 88.85 88.90 88.75 88.86 89.01 89.20 89.42 89.75 89.78 89.72 89.43 89.54 89.54 89.67 89.50 89.45 89.44 89.56 89.60 89.36 89.20 89.21 89.26 89.14 89.03 89.06 88.99 88.69 88.74 88.45 88.37 88.57 87.92 88.27 88.36 87.73 88.08 87.67 88.01 87.33 87.15 87.66 87.69 87.49 87.86 87.84 88.03 88.14 88.29 88.34 88.28 88.34 89.08 89.21 89.21 89.27 89.27 89.12 89.13 88.81 88.82 88.89 88.80 88.75 88.32 88.17 88.40 88.15 87.87 87.43 87.29 87.71 87.92 88.19 88.21 88.40 88.38 88.24 88.28 88.30 88.32 88.19 88.10 88.27 87.75 87.43 87.54 87.95 88.08 87.98 88.15 87.67 88.07 88.17 87.99 87.88 87.80 88.31 88.32 88.22 88.16 88.73 89.03 89.20 89.28 89.32 89.44 89.26 89.29 89.19 89.01 89.05 88.03
88.04 88.03 88.17 88.52 88.54 88.75 89.22 89.30 89.30 89.24 89.15 88.96 89.00 88.54 89.00 89.26 88.81 88.80 88.49 88.14 87.99 87.80 87.41 87.10 86.89 86.58 86.07 84.92 83.94 83.35 83.25 83.34 83.54 83.73 83.39 82.70 83.13 83.36 83.20 83.07 83.19 83.63 84.06 84.37 84.91 85.34 85.74 86.05 86.40 86.71 86.83 87.05 87.07 87.15 86.78 86.39 85.85 85.88 86.45 86.32 86.06 87.61 88.22 87.68 88.10 90.01 90.77 89.69 88.81 88.92 88.61 88.94 89.16 89.33 89.75 89.72 89.74 89.42 89.57 89.46 89.56 89.52 89.53 89.52 89.54 89.51 89.43 89.42 89.38 89.27 89.04 89.08 89.08 88.97 88.83 88.79 88.51 88.56 88.25 88.79 88.37 88.15 87.76 87.76 87.74 87.67 87.79 87.29 87.79 87.74 87.90 87.72 87.52 87.50 87.82 87.88 88.04 88.59 88.66 88.25 88.69 88.61 88.76 88.79 88.72 89.04 88.96 88.95 88.85 88.76 88.28 88.33 87.38 87.75 87.89 87.74 87.18 87.21 87.75 88.00 88.27 88.29 88.40 88.47 88.29 88.25 88.22 88.16 88.12 87.89 88.03 87.95 87.62 87.74 87.62 87.68 87.95 88.16 87.95 88.42 88.15 88.11 87.90 87.71 88.60 87.76 88.06 88.28 88.74 89.16 89.27 89.37 89.37 89.45 89.52 89.32 89.34 89.19 89.32 88.91
89.10 88.03 88.82 88.62 88.89 89.03 89.51 89.45 89.20 89.25 89.24 88.98 88.84 88.89 89.01 89.23 88.11 88.85 89.00 88.25 88.06 87.75 87.46 87.14 86.73 86.20 85.30 83.80 82.24 81.76 82.26 82.90 83.09 83.39 83.55 83.48 83.68 83.71 82.95 82.58 82.54 83.16 83.54 83.90 84.45 85.06 85.49 85.81 86.03 86.20 86.22 86.64 86.84 86.84 86.49 86.37 85.96 86.96 86.25 87.15 87.51 89.79 90.48 90.90 91.28 90.95 90.33 91.19 91.12 89.02 88.94 89.28 89.24 89.31 89.61 89.60 89.68 89.59 89.53 89.50 89.52 89.53 89.51 89.60 89.50 89.48 89.48 89.41 89.36 89.32 89.35 89.24 89.15 88.95 88.83 88.84 88.76 88.59 88.14 88.57 88.00 88.10 87.97 87.64 87.76 87.49 87.63 87.60 87.45 87.52 87.91 87.44 87.26 87.24 87.33 86.97 87.88 88.58 88.60 88.62 88.23 88.63 88.61 88.52 88.72 88.87 88.80 88.98 88.56 88.25 88.07 87.25 87.16 87.22 87.52 87.39 87.15 87.34 87.40 87.83 88.13 88.33 88.28 88.30 88.40 88.30 88.11 88.20 87.91 88.04 87.91 88.10 87.54 87.25 88.16 88.32 87.71 88.28 88.34 88.11 88.16 88.05 87.72 87.93 88.35 88.46 88.34 88.36 88.59 89.29 89.42 89.73 89.57 89.52 89.31 89.58 89.42 89.69 88.86 88.98
89.18 89.14 88.94 88.72 88.90 89.18 89.40 89.54 89.47 89.52 89.40 89.15 89.07 89.18 89.17 89.22 88.89 88.86 88.75 88.47 88.19 87.83 87.50 87.15 86.62 85.95 84.91 82.79 80.34 79.82 81.19 82.41 82.80 82.91 83.01 83.77 83.50 83.45 82.78 82.48 82.52 83.85 83.04 83.58 84.16 84.71 85.25 85.58 85.83 86.01 86.06 86.83 86.21 87.38 89.97 89.66 89.57 87.78 91.10 91.57 89.89 87.67 87.59 87.83 90.09 90.14 89.65 89.73 88.48 90.65 89.15 89.17 89.31 89.41 89.45 89.60 89.56 89.67 89.76 89.56 89.54 89.54 89.53 89.53 89.45 89.47 89.53 89.44 89.35 89.46 89.39 89.34 89.24 89.08 89.26 88.98 88.85 88.65 88.52 88.53 88.49 88.24 87.90 87.70 87.50 87.93 87.55 87.52 87.40 87.32 87.33 87.49 87.08 87.46 87.34 87.56 87.59 88.33 88.49 88.36 88.42 88.61 88.51 88.50 88.25 88.65 88.70 88.71 88.54 88.36 87.41 87.16 86.86 87.38 87.29 87.51 87.10 87.29 87.93 87.97 88.41 88.31 88.40 88.33 88.38 88.32 87.99 87.84 87.79 87.85 87.83 87.62 87.98 87.56 88.37 88.35 87.88 87.87 88.20 88.30 88.05 88.13 87.78 87.65 87.97 88.76 88.79 88.91 89.16 89.45 89.54 89.63 89.65 89.62 89.60 89.66 89.72 89.62 89.71 89.62
89.70 89.56 89.74 89.75 89.31 89.30 89.42 89.56 89.47 89.48 89.41 89.37 89.40 89.19 89.32 89.25 89.20 89.00 88.87 88.61 88.30 88.03 87.57 87.14 86.47 85.82 84.87 83.03 80.42 78.34 79.45 82.41 82.70 82.71 82.61 83.33 83.24 82.91 82.38 82.11 82.62 83.00 82.93 83.50 83.98 84.45 85.20 85.43 85.65 85.89 85.76 86.48 89.35 89.71 91.80 91.90 88.33 85.18 84.98 86.13 86.86 87.08 87.38 87.61 88.07 87.96 88.14 89.15 88.67 88.86 91.03 89.56 91.02 89.63 89.51 89.95 89.83 89.64 89.72 89.73 89.57 89.57 89.59 89.55 89.56 89.53 89.62 89.49 89.53 89.44 89.44 89.52 89.27 89.17 89.03 89.04 89.06 88.77 87.75 88.12 88.54 88.59 88.15 87.92 87.81 87.49 87.46 87.54 87.31 87.35 87.75 87.45 87.54 87.25 87.50 87.64 87.56 87.80 88.15 87.96 88.10 88.34 88.30 88.22 87.92 88.59 88.55 88.73 88.54 88.51 88.25 87.50 86.96 87.19 87.14 87.67 87.35 87.80 88.13 88.15 88.52 88.44 88.30 88.38 88.40 88.37 88.26 88.31 88.07 88.05 87.90 87.57 87.19 87.67 87.60 87.84 88.22 88.31 88.06 88.43 88.22 88.64 88.83 88.56 88.73 89.41 88.86 89.13 89.27 89.51 89.58 89.60 89.72 89.68 89.74 89.80 89.81 89.55 89.62 89.50
89.39 89.50 89.48 89.64 89.75 89.39 89.57 89.47 89.57 89.61 89.46 89.51 89.41 89.37 89.38 89.27 89.26 89.12 89.00 88.72 88.50 88.11 87.77 87.27 86.69 85.97 85.11 84.27 80.84 76.99 76.98 81.23 82.57 82.57 82.64 82.51 82.98 82.72 82.75 82.39 82.53 83.22 85.04 86.78 85.57 84.51 85.14 85.78 85.72 86.16 89.45 90.09 89.99 91.58 89.72 85.70 84.75 86.66 85.45 86.79 87.07 87.22 87.85 87.80 88.24 88.40 89.35 88.73 90.07 88.98 91.11 91.09 91.39 90.43 90.20 89.89 89.57 89.66 89.68 90.05 89.73 89.55 89.61 89.63 89.60 89.62 89.69 89.52 89.54 89.54 89.61 89.37 89.37 89.33 89.17 88.99 89.05 88.88 88.40 88.31 88.58 88.33 88.04 88.20 88.16 87.76 87.48 87.84 88.79 89.04 87.56 87.81 87.68 87.77 87.73 87.59 87.60 87.69 87.94 88.00 87.97 87.81 88.01 87.82 87.79 87.91 88.17 88.49 88.53 88.53 88.23 87.84 86.98 87.81 87.81 87.25 88.09 88.32 87.78 88.20 88.50 88.53 88.65 88.48 88.49 88.30 88.23 88.58 88.50 88.14 87.43 87.65 87.20 87.93 88.32 88.17 88.36 88.69 88.36 88.49 88.88 89.41 89.55 89.32 89.29 89.54 89.53 89.46 89.56 89.58 89.63 89.69 89.76 90.23 89.89 89.87 89.55 88.44 89.60 89.55
89.58 89.56 89.51 89.51 89.95 89.82 89.63 89.66 89.88 89.71 89.66 89.56 89.49 89.47 89.46 89.49 89.46 89.27 89.11 88.90 88.64 88.30 87.96 87.40 86.84 86.30 85.61 85.00 81.53 78.24 79.02 80.60 82.20 82.48 82.66 82.90 82.40 82.41 82.88 82.40 85.99 86.36 83.48 87.59 86.80 86.71 87.21 89.19 88.84 88.06 86.86 85.39 88.11 91.31 89.44 89.82 90.06 87.43 86.60 87.26 87.39 87.43 87.74 87.92 88.85 89.91 89.86 89.54 88.48 88.64 89.86 91.18 91.05 90.49 90.86 90.39 90.12 89.61 89.59 89.69 89.71 89.65 89.68 89.59 89.62 89.58 89.53 89.48 89.46 89.50 89.47 89.52 89.37 89.33 89.32 89.35 89.35 89.03 88.66 88.78 88.04 87.99 88.12 88.21 87.53 87.99 88.14 87.84 87.82 87.86 88.05 88.02 88.15 87.47 87.57 87.58 87.58 88.07 88.12 87.94 87.57 87.41 87.50 87.28 87.71 88.20 87.98 88.13 88.51 88.52 88.42 88.30 87.35 87.26 87.68 87.89 87.95 88.05 87.91 88.28 88.53 88.48 88.72 88.69 88.65 88.69 88.76 88.79 88.76 88.95 87.22 87.06 87.25 87.93 87.50 88.63 89.41 89.05 89.14 89.11 89.42 89.54 89.50 89.44 89.64 89.76 89.66 89.74 89.75 89.73 89.75 89.74 89.81 89.93 90.09 90.08 89.80 89.71 89.66 89.58
89.61 89.65 89.70 89.68 89.59 89.98 89.94 89.93 90.04 89.75 89.65 89.47 89.53 89.59 89.66 89.72 89.72 89.57 89.19 89.18 88.89 88.61 88.25 87.72 87.24 86.68 86.12 85.20 83.95 82.22 80.83 81.09 82.20 82.35 82.76 83.03 83.00 84.10 83.29 82.60 82.98 83.31 83.78 88.22 86.50 88.51 86.34 87.30 86.45 85.67 85.21 88.28 88.91 89.45 88.85 85.76 86.16 87.31 89.44 89.35 87.64 87.79 87.90 87.96 88.58 88.26 88.88 88.47 88.57 88.80 89.18 89.51 90.42 89.42 89.40 90.34 90.50 90.18 89.51 89.58 90.05 89.77 89.74 89.68 89.65 89.57 89.51 89.52 89.58 89.53 89.48 89.45 89.49 89.29 89.32 89.38 89.35 89.33 89.15 89.20 88.64 87.82 88.00 88.17 88.46 88.19 88.09 88.01 88.13 87.95 88.47 88.53 88.39 87.69 87.52 87.57 87.34 87.55 87.30 87.85 87.56 87.87 87.63 87.64 87.88 87.70 88.21 87.89 88.38 88.45 88.32 87.81 87.93 87.42 87.86 88.04 88.33 88.27 88.37 88.49 88.39 88.60 88.97 89.01 88.85 88.85 89.28 89.12 88.80 88.63 88.13 87.73 88.44 88.37 88.29 88.73 89.68 89.43 90.67 89.75 89.61 89.49 89.47 89.67 89.67 89.84 89.85 89.80 89.81 89.85 89.91 89.87 90.00 89.99 89.99 90.04 90.07 89.90 89.77 89.68
89.68 89.66 89.76 89.79 89.71 90.29 90.31 90.15 89.85 89.99 89.56 89.32 89.69 90.02 89.98 90.08 89.53 89.21 89.57 89.40 89.24 88.87 88.76 88.28 87.68 87.13 86.60 85.67 84.95 83.57 82.52 82.33 82.01 81.98 82.86 83.33 83.68 83.86 83.90 83.43 83.21 83.83 84.24 85.19 85.50 85.55 86.22 86.26 86.07 85.74 85.48 85.25 85.77 87.72 87.31 86.33 86.96 87.48 87.81 89.82 87.62 88.29 88.26 88.42 88.58 88.67 89.29 88.91 89.02 89.23 89.35 89.43 91.06 89.59 89.55 90.10 89.88 89.96 89.64 89.67 89.74 89.75 90.02 89.78 89.66 89.61 89.65 89.58 89.58 89.56 89.53 89.48 89.44 89.42 89.36 89.34 89.09 89.34 89.34 89.36 88.84 88.35 88.19 88.34 88.57 88.16 88.28 88.45 88.39 88.39 88.58 88.58 88.31 88.04 87.87 87.43 87.13 88.30 88.06 87.90 87.81 87.92 87.75 88.07 87.60 87.93 87.69 88.32 88.38 88.57 88.17 88.30 88.21 88.08 88.46 88.97 88.13 88.72 88.62 88.39 88.61 88.67 89.18 89.19 88.92 89.35 89.26 88.98 88.76 88.53 88.03 88.24 88.14 88.32 88.50 89.13 89.68 89.68 89.71 89.56 89.73 89.69 89.67 89.64 89.71 89.86 89.78 89.67 90.00 90.02 89.99 90.08 90.13 90.18 90.17 90.18 90.12 90.01 89.82 89.79
89.83 89.80 89.83 89.93 90.00 90.32 90.34 90.12 89.97 89.69 89.51 89.24 89.74 89.98 90.26 89.79 89.57 89.69 89.64 89.43 89.35 89.21 89.03 88.68 88.19 87.46 86.83 86.10 85.39 84.62 83.51 82.90 81.41 79.80 83.08 83.55 83.84 84.13 84.30 84.33 84.37 85.27 85.65 85.97 86.24 86.81 87.13 87.35 87.59 87.76 87.00 88.41 90.05 86.35 86.48 86.78 87.61 87.94 88.03 88.93 88.32 88.54 88.55 88.55 88.75 88.83 88.82 89.34 89.38 89.39 90.08 89.46 90.70 90.83 89.71 89.72 89.65 89.67 89.70 89.86 90.22 90.00 89.95 89.69 89.72 89.70 89.64 89.58 89.54 89.53 89.55 89.59 89.49 89.47 89.39 89.35 89.02 89.33 89.32 89.35 88.87 88.72 88.57 88.40 88.58 88.52 88.48 88.62 88.66 88.71 88.81 88.79 88.21 87.99 87.96 87.64 87.34 88.35 88.15 88.11 88.14 87.76 87.83 87.63 87.98 88.04 88.21 88.34 88.80 88.69 88.39 87.87 88.37 88.46 88.93 88.94 88.78 89.30 88.66 88.52 88.70 88.82 89.23 89.26 89.29 89.38 89.32 88.66 88.91 88.55 88.43 88.53 89.02 89.07 89.28 89.67 89.80 89.89 89.79 89.77 89.95 89.87 89.73 89.72 89.87 89.80 89.66 89.80 89.96 90.04 90.08 90.11 90.12 90.19 90.21 90.19 90.05 90.07 89.94 89.86
89.88 89.83 89.93 90.16 90.06 90.19 90.34 90.57 90.02 89.77 89.55 89.55 89.94 90.26 90.27 90.00 89.84 89.76 89.39 89.58 89.44 89.44 89.06 88.50 88.01 87.86 87.22 86.31 85.48 85.18 84.73 84.15 81.82 79.04 80.05 83.86 84.03 84.17 84.51 84.86 85.29 85.63 85.88 86.22 86.63 87.15 87.47 87.82 88.33 88.60 87.32 86.28 86.09 86.50 86.82 87.43 87.87 88.27 88.33 88.69 88.47 88.68 89.15 88.68 88.79 88.89 88.79 89.61 89.18 89.34 89.51 90.60 91.49 91.39 89.58 89.65 89.66 89.70 89.60 90.24 89.61 90.16 89.78 89.67 89.87 89.75 89.66 89.57 89.62 89.54 89.53 89.57 89.51 89.51 89.48 89.38 89.34 89.14 89.16 89.04 89.02 89.06 88.89 88.95 88.64 88.46 88.50 88.91 88.79 88.77 88.74 88.42 88.51 88.41 88.03 87.85 88.16 88.14 87.86 88.26 88.07 87.93 88.01 88.03 88.02 88.12 88.29 88.51 88.54 88.72 89.02 88.90 89.21 89.19 89.19 89.21 89.02 89.00 89.14 88.95 89.23 89.28 89.42 89.41 89.45 89.29 88.92 88.89 88.94 88.70 88.89 89.15 89.53 89.62 89.64 89.68 89.81 89.90 89.85 89.94 89.87 89.87 89.81 89.92 89.89 89.82 89.73 89.92 89.99 90.03 90.09 90.13 90.14 90.17 90.19 90.19 90.21 90.14 90.07 89.99
90.22 90.13 90.18 90.29 90.41 90.46 90.42 90.34 90.23 89.77 89.69 89.72 90.31 90.44 90.40 90.20 90.04 89.59 89.52 89.68 89.60 89.29 88.90 88.33 87.71 88.40 87.71 85.70 85.50 85.60 85.46 85.61 85.09 81.52 83.11 84.16 83.91 84.04 84.58 85.07 85.50 85.75 85.95 85.92 87.04 87.49 87.97 88.27 88.56 89.01 89.06 87.90 87.30 87.53 87.91 88.23 88.44 88.54 88.61 88.85 88.77 88.69 88.46 89.18 89.25 89.01 89.11 89.36 89.39 89.50 89.55 89.62 90.84 91.01 90.60 90.25 90.26 90.07 89.97 89.91 89.70 89.65 89.79 89.71 89.67 89.84 89.63 89.55 89.58 89.58 89.62 89.57 89.55 89.51 89.47 89.39 89.38 89.25 89.32 89.22 89.21 89.22 89.21 89.07 89.06 88.62 88.84 89.12 89.33 88.72 88.84 88.63 88.29 88.26 88.12 88.50 88.31 88.31 88.02 88.29 88.13 87.99 87.97 88.09 88.10 88.18 88.39 88.52 88.73 88.82 89.35 89.53 89.66 89.74 89.95 89.70 89.32 89.25 89.16 89.32 89.34 89.43 89.49 89.44 89.41 89.15 89.13 89.03 88.93 88.70 89.28 89.67 89.63 89.57 89.60 89.79 89.85 89.92 89.94 89.98 89.84 89.97 89.92 89.96 89.94 89.86 89.89 89.97 90.00 90.02 90.04 90.11 90.14 90.15 90.15 90.18 90.20 90.22 90.24 90.26
90.21 90.31 90.59 90.33 90.49 90.52 90.45 90.42 90.32 89.99 89.88 89.83 90.45 90.57 90.58 90.44 89.85 89.52 89.81 89.74 89.54 89.02 88.56 88.19 88.44 88.54 88.34 87.13 85.62 85.51 85.74 86.19 86.46 86.12 85.17 84.52 83.71 83.52 84.72 85.36 85.78 86.01 86.12 85.86 87.25 88.02 88.37 88.60 88.90 89.27 89.40 88.32 88.30 88.57 88.73 88.85 88.84 88.87 88.91 89.03 89.21 88.93 88.63 88.76 88.97 89.26 89.37 89.43 89.45 89.58 89.72 90.66 89.74 90.33 90.94 90.52 90.04 89.74 89.69 89.72 89.63 89.73 89.66 89.70 89.86 89.70 89.68 89.57 89.60 89.57 89.56 89.56 89.47 89.45 89.44 89.43 89.41 89.42 89.35 89.24 89.22 89.22 89.17 89.21 89.16 89.13 89.17 89.11 89.16 88.60 88.74 88.08 88.25 88.15 88.32 88.19 88.21 88.34 88.27 88.26 88.13 88.02 87.92 87.97 88.48 88.25 88.38 88.62 88.87 89.18 89.53 90.73 90.89 90.89 90.84 90.63 90.32 89.59 89.50 89.47 89.46 89.55 89.51 89.41 89.42 89.22 89.12 89.13 88.79 88.86 89.65 89.62 89.68 89.70 89.74 89.76 89.88 89.93 89.97 89.98 89.95 89.93 89.97 89.96 89.97 89.96 89.97 89.96 90.00 90.00 90.01 90.06 90.10 90.12 90.13 90.17 90.20 90.22 90.24 90.28
90.26 90.32 90.38 90.40 90.49 90.52 90.51 90.49 90.42 90.21 89.97 90.26 90.59 90.67 90.70 90.48 89.77 90.01 89.95 89.76 89.41 89.10 89.17 89.00 88.88 88.83 88.55 87.83 85.19 85.36 85.74 86.59 86.88 86.61 85.94 84.99 82.69 82.67 85.23 85.73 86.03 86.22 86.34 86.62 87.78 88.16 88.45 88.74 89.00 89.24 89.42 89.44 88.83 88.81 88.80 88.83 88.95 89.05 89.14 89.21 89.24 89.12 88.79 89.11 89.34 89.38 89.49 89.52 89.55 89.63 89.78 90.69 91.05 90.66 90.91 89.77 89.74 89.70 89.96 90.14 89.96 89.70 89.73 89.79 89.70 89.62 89.62 89.56 89.60 89.54 89.57 89.54 89.53 89.57 89.43 89.39 89.35 89.42 89.31 89.16 89.16 89.19 89.25 89.15 89.13 89.25 88.97 89.33 89.16 89.19 88.85 88.53 88.47 88.00 88.11 88.21 88.11 88.27 88.27 88.30 88.09 88.15 87.94 88.42 88.73 88.16 88.38 88.69 89.18 89.61 90.65 91.00 90.94 90.92 90.92 90.83 90.79 90.35 89.62 89.60 89.63 89.57 89.46 89.49 89.22 89.01 89.10 89.30 89.16 89.13 89.61 89.72 89.75 89.80 89.92 89.83 89.94 89.98 89.95 89.98 90.02 89.95 89.96 89.96 89.98 89.98 89.96 89.96 89.96 89.96 89.98 89.96 90.05 90.10 90.08 90.17 90.22 90.25 90.26 90.29
90.32 90.45 90.25 90.31 90.51 90.50 90.52 90.49 90.58 90.29 90.07 90.52 90.71 90.76 90.73 90.28 90.02 90.28 89.92 89.61 89.55 89.45 89.40 89.32 89.20 89.00 88.77 87.95 85.78 85.68 86.29 87.17 87.15 87.33 86.88 85.46 82.01 80.11 84.45 86.04 86.21 86.44 86.68 87.07 87.70 88.17 88.51 88.82 89.02 89.26 89.42 89.45 89.35 88.99 88.93 88.95 89.04 89.14 89.21 89.30 89.38 89.32 89.21 89.24 89.35 89.51 89.64 89.65 89.68 89.94 90.64 90.70 90.55 90.99 89.90 89.88 89.93 89.88 90.13 89.74 89.75 89.72 89.69 89.73 89.78 89.69 89.65 89.71 89.65 89.66 89.58 89.56 89.51 89.54 89.48 89.57 89.41 89.36 89.33 89.33 89.28 89.09 88.93 88.88 89.19 89.29 89.32 89.06 89.01 88.90 88.85 88.84 88.71 88.84 88.58 88.33 88.22 88.25 88.25 87.97 88.17 88.10 87.82 88.94 88.26 88.15 88.50 88.88 89.35 89.92 90.80 91.03 91.05 91.02 90.96 90.91 90.85 90.67 90.18 89.84 89.72 89.80 89.46 89.35 89.34 89.29 89.46 89.55 89.49 89.49 89.68 89.80 90.00 89.80 89.93 90.00 89.95 89.94 89.90 89.91 90.34 89.87 89.85 89.89 89.94 89.97 89.91 89.93 89.88 89.92 89.92 90.02 90.03 90.10 90.05 90.16 90.21 90.25 90.28 90.28
90.37 90.37 90.38 90.37 90.56 90.57 90.62 90.59 90.73 90.65 90.53 90.80 90.84 90.81 90.76 90.70 90.31 90.33 89.91 89.68 89.61 89.56 89.45 89.33 89.18 89.03 88.69 87.93 87.17 87.47 87.41 87.40 87.41 87.42 87.52 87.40 82.70 76.79 78.43 86.01 86.37 86.62 86.91 87.28 87.70 88.21 88.63 88.88 89.12 89.26 89.39 89.46 89.44 89.12 89.05 89.04 89.12 89.22 89.27 89.34 89.40 89.27 89.22 89.41 89.52 89.61 89.76 89.86 90.00 89.89 90.95 90.76 89.87 91.02 90.71 89.86 90.64 89.79 89.74 89.86 89.73 89.70 89.66 89.63 89.69 89.71 89.82 89.71 89.70 89.70 89.59 89.57 89.57 89.57 89.63 89.48 89.56 89.35 89.39 89.41 89.36 89.33 89.14 88.90 89.28 89.23 89.57 89.18 89.40 88.84 89.00 88.96 88.92 89.05 88.81 88.38 88.20 88.42 88.60 88.13 88.30 88.20 88.01 87.89 88.05 88.44 88.74 89.10 89.53 90.11 91.03 91.08 91.12 91.03 90.92 90.91 90.80 90.73 90.38 89.93 89.81 89.48 89.56 89.50 89.41 89.58 89.68 89.74 89.74 89.76 89.84 89.94 90.08 90.11 90.00 90.06 89.99 89.99 89.88 89.83 89.77 89.71 89.73 89.75 89.79 89.82 89.83 89.83 89.84 90.13 89.69 89.91 90.00 90.00 90.01 90.20 90.23 90.22 89.95 90.27
90.27 90.42 90.09 90.14 90.55 90.53 90.64 90.71 90.75 90.79 90.86 90.92 90.92 90.90 90.86 90.72 90.58 90.27 89.66 89.69 89.64 89.52 89.43 89.35 89.16 88.95 88.72 88.40 87.70 87.69 87.57 87.55 87.54 87.63 87.81 87.96 87.20 78.85 80.14 85.06 86.14 86.85 87.22 87.48 84.40 88.44 88.76 88.97 89.16 89.26 89.41 89.45 89.46 89.17 89.12 89.16 89.23 89.29 89.32 89.37 89.38 89.41 89.47 89.42 89.58 89.81 89.93 90.07 90.16 90.76 90.87 90.77 90.18 90.11 89.93 90.55 90.02 89.92 89.73 89.63 89.63 89.71 89.66 89.69 89.68 89.68 90.90 89.69 90.16 89.65 89.57 89.59 89.59 89.67 89.65 89.46 89.47 89.49 89.52 89.53 89.51 89.30 89.22 89.26 89.32 89.38 89.31 89.42 89.57 89.14 89.15 89.30 89.07 89.01 88.91 88.77 88.58 88.67 88.78 88.72 88.58 88.31 88.23 88.26 88.34 88.53 88.88 89.28 89.64 90.19 91.03 91.06 91.04 90.98 90.91 90.89 90.84 90.76 90.50 90.05 89.90 89.67 89.69 89.72 89.72 89.76 89.75 89.92 89.85 89.98 90.06 90.13 90.28 90.39 90.42 90.21 90.16 89.97 89.81 89.66 89.54 89.47 89.56 89.57 89.64 89.69 89.71 89.78 89.77 89.78 89.80 89.73 90.03 89.97 90.05 90.08 90.20 90.22 89.75 90.12
90.31 90.44 90.46 90.65 90.61 90.53 90.71 90.83 90.85 90.91 90.97 91.06 91.04 91.02 91.01 90.83 90.29 89.94 89.72 89.70 89.45 86.98 82.20 81.56 84.18 88.86 88.62 88.52 88.30 87.86 87.77 87.66 87.67 87.74 87.82 87.92 87.93 86.68 84.57 84.99 86.36 87.03 87.46 87.71 88.14 88.68 88.86 89.04 89.17 89.25 89.38 89.45 89.48 89.21 89.21 89.21 89.26 89.33 89.37 89.38 89.41 89.41 89.38 89.52 89.83 89.97 90.13 90.25 90.29 90.69 90.94 90.82 90.49 90.25 90.58 90.19 90.24 89.93 89.85 89.80 89.99 89.71 89.53 90.34 89.72 89.69 89.71 89.68 89.68 89.69 90.00 89.73 89.62 89.59 89.62 89.53 89.54 89.57 89.59 89.62 89.57 89.56 89.38 89.34 89.38 89.39 89.31 89.60 89.49 89.02 89.18 89.21 89.24 89.26 88.98 88.93 88.76 88.64 88.71 88.72 88.56 88.64 88.50 88.55 88.62 88.78 89.03 89.43 89.80 90.97 91.00 90.92 91.02 90.95 90.89 90.86 90.79 90.75 90.54 90.16 89.97 89.91 89.84 89.82 89.81 89.82 89.87 89.94 90.12 90.19 90.29 90.39 90.41 90.48 90.51 90.47 90.22 89.93 89.70 89.55 89.42 89.33 89.22 89.33 89.41 89.58 89.65 89.70 89.70 89.74 89.76 89.78 89.87 89.95 89.99 90.10 90.09 90.27 89.91 90.88
90.39 90.52 90.56 90.68 90.25 90.67 90.71 90.80 90.93 90.97 91.05 91.12 91.15 91.14 91.18 90.47 90.08 90.03 89.80 89.80 89.07 81.21 77.16 75.97 78.96 86.42 88.58 88.53 88.72 88.30 88.04 87.78 87.71 87.77 87.84 87.93 87.94 87.73 86.63 86.50 87.00 87.24 87.53 87.80 88.21 88.70 88.94 89.10 89.21 89.29 89.35 89.48 89.46 89.11 89.14 89.27 89.31 89.35 89.37 89.40 89.42 89.47 89.54 89.74 89.87 90.15 90.32 90.51 90.73 90.79 90.65 90.81 90.74 90.55 90.64 90.34 90.01 90.06 89.98 89.79 89.73 89.62 89.79 90.19 89.67 89.70 89.71 90.65 89.72 89.85 89.71 89.70 89.61 89.58 89.62 89.65 89.62 89.63 89.62 89.68 89.67 89.61 89.49 89.45 89.55 89.53 89.53 89.52 89.27 89.15 89.25 89.26 89.18 89.09 89.05 88.99 88.82 88.33 88.62 88.72 88.75 88.74 88.70 88.75 88.81 88.93 89.34 89.49 89.85 90.80 90.95 90.97 90.94 90.89 90.86 90.86 90.80 90.67 90.55 90.37 90.17 90.23 90.09 90.09 90.07 90.20 90.23 90.30 90.39 90.47 90.54 90.54 90.56 90.64 90.61 90.60 90.41 89.92 89.71 89.46 89.28 89.06 88.88 88.89 89.12 89.49 89.60 89.63 89.63 89.67 89.73 89.80 89.87 89.94 89.93 90.04 90.30 90.29 90.19 90.48
90.39 90.54 90.66 90.71 90.76 90.67 90.71 90.84 90.97 91.04 91.11 91.19 91.22 91.24 91.27 90.58 90.13 89.92 89.61 89.71 89.36 81.34 77.26 76.37 78.51 86.67 88.78 88.87 88.91 88.80 88.34 87.91 87.64 87.57 87.59 87.84 87.98 87.95 87.49 87.33 87.42 87.49 87.58 87.78 88.08 88.55 88.99 89.14 89.25 89.29 89.35 89.49 89.39 89.42 89.11 89.22 89.31 89.34 89.39 89.40 89.46 89.47 89.62 89.86 90.11 90.36 90.65 90.74 90.92 90.93 91.04 90.94 90.90 90.80 90.72 90.31 90.20 90.23 90.55 89.85 89.76 89.70 89.81 89.77 90.55 89.65 89.69 89.62 89.70 89.72 89.73 89.73 89.90 89.66 89.65 89.68 89.66 89.66 89.65 89.67 89.68 89.57 90.06 89.56 89.62 89.46 89.38 89.51 89.37 89.33 89.26 89.19 89.06 89.03 89.05 89.19 88.71 88.83 88.68 88.92 89.03 89.15 88.77 88.81 88.87 89.01 89.29 89.20 89.66 90.09 90.61 90.89 90.84 90.83 90.81 90.75 90.74 90.70 90.62 90.54 90.52 90.51 90.61 90.51 90.53 90.51 90.61 90.63 90.65 90.72 90.77 90.73 90.85 90.80 90.79 90.66 90.48 89.91 89.61 89.35 88.96 88.66 88.56 88.77 88.80 88.06 89.49 89.55 89.59 89.64 89.70 89.78 89.87 89.94 89.97 90.16 89.95 90.38 90.33 90.45
90.75 90.65 90.63 90.81 90.92 90.91 90.89 90.98 91.10 91.13 91.22 91.25 91.29 91.31 91.31 90.56 90.14 89.69 89.61 89.76 89.63 83.53 80.96 79.97 82.01 88.37 89.08 89.08 89.03 88.85 88.54 88.08 87.62 87.37 87.18 87.08 87.92 87.94 87.77 87.63 87.59 87.61 87.67 87.81 88.06 88.52 89.02 89.13 89.20 89.28 89.28 89.42 89.50 89.55 89.17 89.22 89.25 89.32 89.34 89.41 89.46 89.48 89.72 89.88 90.15 90.76 90.84 90.90 91.00 91.03 91.04 91.01 90.87 90.89 90.79 90.49 90.41 90.45 90.11 89.85 89.90 90.09 89.83 89.76 89.65 89.85 89.95 89.70 89.72 89.75 89.71 89.71 89.67 89.66 89.73 89.70 89.67 89.68 89.68 89.67 89.71 89.59 89.52 89.63 89.47 89.53 89.62 89.19 89.38 89.52 89.17 89.04 89.04 89.08 89.08 89.19 88.92 88.93 88.19 89.09 89.13 89.10 88.61 88.74 88.95 89.00 89.27 89.17 89.40 89.61 89.98 90.13 90.48 90.57 90.57 90.71 90.70 90.71 90.70 90.67 90.70 90.78 90.78 90.79 90.82 90.79 90.86 90.90 90.90 90.86 90.92 90.89 90.93 90.85 90.90 90.90 90.70 89.98 89.57 89.16 88.55 88.38 88.31 88.29 88.68 89.11 89.38 89.47 89.54 89.62 89.71 89.78 89.86 89.91 90.05 90.11 89.98 90.43 90.43 90.53
90.70 90.76 90.80 90.89 90.95 91.03 91.08 91.16 91.20 91.23 91.28 91.29 91.31 91.31 91.32 90.60 89.95 89.65 89.75 89.86 89.87 88.40 86.47 85.89 88.73 89.42 89.24 89.19 89.09 88.78 88.45 88.08 87.70 87.25 86.98 86.89 87.65 87.94 87.86 87.62 87.61 87.40 87.68 87.85 87.89 88.67 88.86 89.04 89.11 89.20 89.26 89.32 89.41 89.52 89.42 89.28 89.58 89.98 89.85 89.55 89.49 89.41 89.74 89.90 90.21 90.73 90.92 90.99 91.08 91.12 91.06 91.13 90.86 91.09 90.97 90.74 90.68 90.71 90.63 90.15 89.87 89.72 89.64 89.73 89.68 89.74 89.74 89.74 89.73 89.67 89.76 89.78 89.74 89.70 89.78 89.80 89.88 89.61 89.75 89.73 89.68 89.60 89.53 89.60 89.61 89.58 89.58 89.49 89.36 89.44 89.31 89.15 89.15 89.04 89.02 89.05 89.12 88.91 88.36 89.04 89.12 88.98 89.46 89.30 88.94 88.91 89.10 89.22 89.28 89.48 89.62 89.75 89.89 90.08 90.35 90.59 90.69 90.74 90.80 90.83 90.84 90.98 90.90 91.02 91.07 91.11 91.15 91.11 91.23 91.16 91.18 91.15 91.13 91.14 91.17 91.07 91.00 90.09 89.55 89.09 88.65 88.31 88.16 86.56 87.43 88.72 89.24 89.43 89.55 89.62 89.71 89.79 89.89 89.99 90.18 90.08 90.33 90.42 90.21 90.65
90.77 90.81 90.80 90.98 91.09 91.09 91.16 91.18 91.21 91.26 91.29 91.30 91.31 91.32 91.33 90.66 89.86 89.72 89.75 89.67 89.88 89.82 89.80 89.78 89.63 89.47 89.13 89.25 88.99 88.65 88.25 87.96 87.53 87.15 86.90 86.39 86.44 87.84 87.91 87.60 87.70 87.61 87.72 86.96 88.16 88.68 88.93 89.01 89.07 89.12 89.03 89.22 89.24 89.57 89.23 89.26 89.30 89.27 89.63 90.22 90.37 89.61 89.84 90.40 90.71 90.96 91.05 91.06 91.12 91.17 91.15 91.12 91.08 91.01 90.78 90.88 90.86 90.93 91.04 90.43 90.16 89.79 89.74 89.83 89.92 89.76 89.80 89.76 89.77 89.69 89.75 89.85 89.77 89.78 89.78 90.08 89.82 89.76 89.71 89.75 89.59 89.60 89.65 89.61 89.56 89.70 89.65 89.46 89.55 89.51 89.33 89.42 89.38 89.34 89.51 89.09 89.21 88.69 88.86 88.48 88.78 88.73 88.74 88.94 88.96 89.04 88.99 88.93 89.31 89.21 89.57 89.79 89.77 89.92 90.39 90.66 90.75 90.91 90.96 91.00 91.09 91.13 91.19 91.28 91.38 91.47 91.53 91.55 91.55 91.49 91.43 91.40 91.43 91.38 91.31 91.23 91.08 90.90 89.72 89.30 88.60 88.27 86.62 79.99 86.34 88.61 89.25 89.46 89.55 89.64 89.78 89.77 89.92 90.04 90.29 90.33 90.44 90.42 90.62 90.69
90.90 90.96 90.99 90.97 91.15 91.08 91.23 91.27 91.27 91.28 91.29 91.30 91.30 91.30 91.31 90.83 89.94 89.72 89.75 89.73 89.70 89.74 89.52 89.59 89.60 89.51 89.41 89.07 88.81 88.53 88.11 87.79 87.45 87.06 86.41 86.32 86.64 88.00 88.17 87.79 87.93 87.91 87.95 86.96 87.83 88.66 88.88 88.96 89.02 88.92 88.78 88.87 89.26 89.42 89.55 89.63 89.60 89.73 89.78 90.19 89.96 89.55 90.68 90.81 90.93 90.99 90.99 91.07 91.16 91.19 91.01 91.14 91.15 91.08 90.88 91.11 90.95 91.02 91.09 91.07 90.39 90.17 90.02 89.92 89.95 89.83 89.76 89.73 89.77 89.78 89.81 89.82 89.78 89.76 89.81 89.75 89.86 89.81 89.67 89.59 89.92 89.56 89.64 89.65 89.44 89.78 89.29 89.50 89.56 89.46 89.45 89.48 89.46 89.41 89.37 89.43 89.35 89.58 89.17 88.99 89.14 89.45 88.93 89.10 89.12 88.78 88.58 89.10 89.39 89.25 89.60 89.69 89.86 90.25 90.62 90.82 91.00 91.02 91.09 91.18 91.25 91.38 91.45 91.61 91.75 91.77 91.83 91.78 91.78 91.71 91.66 91.67 91.57 91.47 91.35 91.26 91.12 90.95 90.30 89.40 88.88 88.42 87.68 87.02 87.73 89.07 89.41 89.52 89.58 89.67 89.71 89.91 90.02 90.16 90.37 90.51 90.51 90.57 90.69 90.83
91.04 91.08 91.14 91.19 91.26 91.24 91.29 91.31 91.32 91.30 91.32 91.33 91.32 91.18 91.32 91.28 90.63 89.86 89.68 89.69 89.69 89.72 89.51 89.47 89.67 89.56 89.24 89.00 88.73 88.38 88.02 87.67 87.42 87.02 85.83 86.21 87.18 88.01 88.12 87.94 88.20 88.24 88.20 88.30 88.49 88.68 88.89 88.99 88.99 88.72 88.79 88.97 88.99 89.43 89.47 89.51 89.52 89.69 89.74 89.89 89.86 90.11 90.55 90.34 90.09 90.82 90.90 91.02 91.14 91.20 91.15 91.23 91.19 91.24 91.20 91.16 91.09 91.13 91.19 91.23 91.19 90.50 90.28 90.09 90.16 89.88 89.80 91.62 89.82 89.78 89.84 89.96 89.83 89.91 89.75 89.77 89.83 89.82 89.68 89.69 89.62 89.69 89.64 89.66 89.56 89.50 89.38 89.46 89.48 89.37 89.47 89.45 89.54 89.66 89.63 89.62 89.46 89.21 89.16 89.12 89.25 89.09 89.00 89.08 88.89 89.17 89.56 89.68 89.66 89.74 89.80 89.98 90.40 90.57 90.76 91.01 91.07 91.18 91.32 91.44 91.56 91.67 91.84 91.95 92.01 92.12 92.08 91.94 92.02 91.91 91.86 91.75 91.65 91.51 91.43 91.37 91.24 91.13 90.69 89.73 89.39 89.06 88.65 88.62 88.99 89.43 89.53 89.58 89.63 89.69 89.90 89.97 90.17 90.37 90.55 90.69 90.72 90.74 90.91 90.99
91.23 91.18 91.28 91.29 91.30 91.30 91.32 91.37 91.38 91.35 91.34 91.36 91.36 91.35 91.34 91.31 90.94 90.38 90.10 90.05 89.88 89.82 89.68 89.65 89.74 89.32 89.15 88.94 88.58 88.30 87.95 87.82 87.33 87.06 86.57 86.63 87.22 88.08 88.11 88.10 88.29 88.38 88.51 88.51 88.62 88.75 88.88 89.01 88.95 88.55 88.96 89.05 89.09 89.22 89.29 89.36 89.46 89.49 89.57 89.83 89.75 90.02 90.19 90.37 90.63 90.66 90.86 90.96 91.00 91.19 91.22 91.22 91.28 91.34 91.31 91.41 91.19 91.25 91.31 91.24 91.22 91.12 90.71 90.96 90.47 90.22 89.90 89.78 89.90 89.92 89.96 89.88 89.82 89.80 90.06 89.87 89.77 89.69 89.66 89.76 89.62 89.63 89.69 89.68 89.59 89.57 89.43 89.43 89.49 89.42 89.40 89.38 89.55 89.62 89.59 89.58 89.40 89.23 89.32 89.33 89.30 89.55 89.15 89.06 89.30 89.22 89.42 89.74 89.69 89.80 89.95 90.34 90.47 90.74 90.90 91.06 91.21 91.37 91.59 91.74 91.84 91.97 92.28 92.14 92.26 92.32 92.28 92.21 92.16 92.05 91.91 91.83 91.92 91.63 91.62 91.52 91.40 91.29 90.97 90.52 89.76 89.59 89.50 89.48 89.34 89.14 89.64 89.65 89.68 89.74 89.63 90.98 90.46 89.89 90.80 90.46 90.93 90.97 91.01 91.17
91.37 90.87 91.29 91.29 91.36 91.34 91.35 91.39 91.36 91.38 91.37 91.40 91.40 91.39 91.43 91.40 91.35 90.99 90.33 89.79 89.86 89.85 89.89 89.82 89.47 89.23 89.07 88.84 88.64 88.12 87.80 87.52 87.11 86.74 86.43 86.54 87.14 87.97 88.25 88.32 88.45 88.57 88.61 88.67 88.59 88.74 88.74 88.63 88.63 88.74 88.96 89.12 89.14 89.11 89.26 89.42 89.48 89.51 89.50 89.53 89.52 89.53 89.73 90.34 90.35 90.84 90.95 90.99 91.04 91.17 91.27 91.44 91.44 91.44 91.40 91.52 91.47 91.48 91.47 91.30 91.42 91.39 91.18 90.88 90.62 90.29 90.00 89.88 90.07 89.96 89.95 89.75 89.88 89.87 89.92 89.77 89.82 89.69 89.78 89.85 89.58 89.56 89.65 89.52 89.79 89.47 89.50 89.40 89.49 89.29 89.19 89.30 89.48 89.54 89.49 89.38 89.37 89.43 89.34 89.54 89.50 89.55 89.51 89.29 89.41 89.61 89.64 89.77 89.87 90.13 90.27 90.54 90.70 90.87 91.04 91.21 91.40 91.65 91.81 91.91 92.09 92.17 92.28 92.37 92.53 92.36 92.30 92.28 92.22 91.96 92.04 91.97 91.87 91.72 91.57 91.70 91.65 91.51 91.37 91.22 90.97 90.66 90.50 90.15 90.01 89.63 89.89 89.78 89.76 89.84 89.89 90.42 90.71 90.80 90.96 91.05 91.09 91.20 91.26 91.33
91.47 91.41 91.41 91.37 91.39 91.38 91.39 91.39 91.38 91.40 91.42 91.42 91.41 91.40 91.45 91.39 91.44 91.36 90.92 89.49 89.73 89.84 89.75 89.54 89.13 89.22 89.06 88.82 88.46 87.95 87.45 86.86 86.30 86.02 85.83 85.78 86.23 86.90 87.94 88.48 88.63 88.68 88.72 88.70 88.15 88.35 88.82 88.95 88.78 88.70 88.96 88.89 88.79 88.91 89.18 89.41 89.50 89.55 89.55 89.57 89.58 89.56 89.71 90.32 90.75 90.88 90.97 90.98 91.09 91.19 91.24 91.48 91.41 91.52 91.55 91.65 91.63 91.72 91.62 91.53 91.50 91.43 91.45 90.87 90.69 90.39 90.29 90.18 90.03 90.12 89.80 89.82 89.85 90.09 90.17 89.75 89.85 89.73 89.80 89.72 89.73 89.69 89.67 89.64 89.62 89.52 89.45 89.65 89.43 89.22 89.50 89.27 89.30 89.25 89.19 89.16 89.29 89.36 89.41 89.62 89.63 89.61 89.85 89.76 89.70 89.89 89.83 89.88 90.07 90.26 90.49 90.71 90.81 91.00 91.13 91.36 91.55 91.80 91.98 92.13 92.19 92.28 92.46 92.57 92.63 92.60 92.48 92.45 92.28 92.25 92.13 91.82 91.97 91.83 91.80 91.78 91.70 91.59 91.58 91.45 91.37 91.17 91.09 91.03 90.83 90.70 90.43 90.05 89.92 89.96 90.00 90.32 90.39 90.92 91.02 91.10 91.20 91.36 91.45 91.49
91.58 91.44 91.45 91.37 91.45 91.41 91.44 91.43 91.40 91.41 91.42 91.43 91.43 91.40 91.38 91.36 91.34 91.27 91.23 89.76 89.75 89.70 89.59 89.46 89.21 89.25 89.07 88.84 88.51 87.69 86.67 85.89 85.13 84.66 84.66 85.06 85.47 85.60 86.61 87.84 88.58 88.82 88.85 88.82 88.75 88.63 88.74 88.85 88.95 89.15 88.77 88.68 88.58 88.44 88.87 89.26 89.48 89.53 89.55 89.54 89.57 89.55 89.83 90.42 90.74 90.87 90.96 91.03 91.10 91.26 91.31 91.43 91.48 91.63 91.67 91.78 91.88 91.85 91.83 91.71 91.75 91.69 91.60 91.54 91.31 91.16 91.10 90.92 90.61 90.95 90.04 89.93 89.83 89.81 89.94 89.83 89.97 90.13 89.76 90.04 89.79 89.90 89.73 90.12 89.78 89.78 89.61 89.53 89.47 89.34 89.28 89.23 89.22 89.11 89.12 89.11 89.21 89.46 89.88 89.76 89.70 89.61 89.68 89.64 89.83 89.90 89.94 89.97 90.30 90.44 90.65 90.86 90.98 91.09 91.35 91.55 91.66 91.91 92.06 92.29 92.38 92.54 92.67 92.69 92.73 92.76 92.70 92.56 92.52 92.37 92.30 92.22 92.15 92.00 92.12 92.07 91.89 91.70 91.70 91.54 91.38 91.30 91.08 91.00 90.80 90.73 90.52 90.31 90.16 90.17 90.15 90.41 90.34 91.04 91.09 91.18 91.37 91.40 91.49 91.51
91.53 91.50 91.51 91.45 91.15 91.46 91.47 91.27 91.45 91.43 91.41 91.41 91.36 91.36 91.34 91.31 91.31 91.34 91.17 90.72 89.62 89.57 89.70 89.49 89.48 89.29 89.16 88.97 88.38 87.13 85.81 84.63 83.88 83.78 83.41 83.69 85.01 85.27 85.72 86.98 88.28 88.85 88.94 88.91 88.71 88.79 88.66 87.99 88.82 88.87 88.85 88.72 88.46 88.23 88.53 89.02 89.36 89.46 89.51 89.51 89.65 89.67 89.69 90.05 90.76 90.93 90.98 91.03 91.17 91.29 91.43 91.56 91.58 91.76 91.86 91.92 91.97 92.01 92.02 92.12 91.85 91.85 91.81 91.76 91.62 91.22 91.35 91.14 90.79 90.74 90.57 90.18 90.17 90.11 90.06 89.89 89.82 89.80 90.10 89.96 90.12 90.81 90.10 89.72 90.14 89.68 89.63 89.61 89.55 89.56 89.45 89.27 89.65 89.19 89.20 89.38 89.29 89.40 89.85 89.84 89.86 89.85 89.87 89.94 89.96 90.03 90.12 90.31 90.41 90.63 90.80 90.98 91.04 91.29 91.44 91.66 91.81 91.95 92.21 92.26 92.62 92.76 92.80 92.80 92.80 92.82 92.73 92.70 92.60 92.67 92.47 92.42 92.27 92.24 92.19 92.14 92.05 91.80 91.55 91.60 91.43 91.33 91.17 91.01 90.81 90.80 90.66 90.55 90.48 90.40 90.34 90.06 89.70 91.10 91.15 91.18 91.36 91.48 91.53 91.49
91.52 91.53 91.56 91.54 91.51 91.48 91.44 91.47 91.44 91.42 91.41 91.42 91.38 91.41 91.32 91.34 91.29 91.09 90.98 90.69 90.21 89.91 89.73 89.64 89.53 89.41 89.31 89.02 88.33 86.93 85.44 84.49 84.16 84.08 83.29 83.72 84.86 85.47 86.07 87.33 88.44 88.91 88.96 88.93 88.41 88.85 88.73 88.46 88.71 88.63 88.65 88.54 88.53 88.64 88.81 88.95 89.24 89.45 89.46 89.44 89.56 89.68 89.68 89.97 90.61 91.01 91.08 91.02 91.23 91.37 91.48 91.65 91.75 91.86 91.99 92.09 92.13 92.16 92.17 92.15 92.11 92.08 91.99 92.16 92.13 91.75 91.53 91.46 91.20 91.24 90.74 91.14 90.84 90.56 90.65 90.18 89.99 90.42 89.87 90.22 90.94 90.94 90.87 89.91 90.05 89.62 89.58 89.71 89.72 89.65 89.57 89.64 90.43 89.84 89.52 89.61 89.98 89.53 89.90 89.85 89.88 89.88 90.09 90.14 90.26 90.18 90.35 90.39 90.62 90.84 90.94 91.00 91.16 91.32 91.61 91.78 91.98 92.08 92.40 92.54 92.64 92.83 92.85 92.84 92.83 92.78 92.81 92.77 92.72 92.62 92.54 92.57 92.55 92.42 92.30 92.18 92.06 91.98 91.82 91.67 91.49 91.30 91.20 91.06 90.87 90.88 90.82 90.73 90.72 90.56 89.93 90.15 89.97 90.98 91.15 91.28 91.32 91.47 91.47 91.55
91.53 91.59 91.59 91.55 91.52 91.51 91.48 91.46 91.44 91.45 91.42 91.47 91.43 91.44 91.34 91.31 91.21 91.06 90.78 90.39 90.09 89.90 89.76 89.67 89.59 89.51 89.39 89.25 88.79 87.88 86.56 85.43 84.90 84.73 84.61 84.77 85.40 85.82 87.63 88.63 89.04 89.14 89.05 89.02 89.03 88.67 88.89 88.38 88.66 88.70 88.63 88.74 88.25 88.69 89.08 89.00 89.12 89.38 89.48 89.60 89.59 89.61 89.69 90.00 90.59 91.06 91.22 91.27 91.36 91.49 91.68 91.79 91.99 92.06 92.41 92.17 92.28 92.22 92.30 92.30 92.26 92.24 92.09 92.11 92.16 91.90 91.82 91.56 91.49 91.52 91.39 91.30 91.28 91.13 90.90 90.52 90.36 90.22 90.71 90.84 91.03 90.92 90.38 90.80 90.36 90.74 90.56 90.72 89.62 89.59 89.52 89.95 89.58 89.48 90.05 90.08 89.96 89.88 89.92 90.01 90.05 90.06 90.44 90.73 90.40 90.39 90.45 90.71 90.87 90.94 90.89 91.15 91.18 91.41 91.64 91.90 92.07 92.11 92.39 92.58 92.74 92.82 92.77 92.63 92.83 92.77 92.73 92.64 92.79 92.51 92.55 92.52 92.44 92.40 92.41 92.26 92.12 92.07 91.75 91.67 91.49 91.31 91.11 91.05 90.98 90.91 90.81 90.86 90.85 90.66 90.37 90.15 89.84 90.92 91.27 91.27 91.45 91.48 91.54 91.60
91.65 91.65 91.60 91.60 91.58 91.55 91.52 91.47 91.45 91.48 91.47 91.42 91.40 91.36 91.34 91.22 91.07 90.87 90.59 90.32 90.03 89.88 89.78 89.71 89.66 89.61 89.53 89.43 89.21 88.75 88.28 87.87 87.71 86.17 85.47 85.29 85.98 87.42 88.33 88.92 89.16 89.24 89.23 89.28 89.34 89.40 89.43 89.31 88.89 88.61 88.26 88.62 89.08 89.04 89.04 89.18 89.49 89.42 89.49 89.63 89.69 89.82 89.93 90.21 90.64 91.14 91.21 91.39 91.52 91.66 91.76 92.00 92.09 92.21 92.21 92.39 92.38 92.40 92.50 92.50 92.34 92.39 92.32 92.28 92.20 92.12 91.90 91.96 91.85 91.63 91.59 91.69 91.44 91.32 91.28 91.20 90.85 90.64 91.02 91.00 90.62 90.35 90.15 90.86 90.36 90.76 90.81 90.83 90.38 89.98 89.74 90.07 89.93 89.84 90.10 89.93 89.83 90.06 90.10 90.19 90.16 90.37 90.47 90.64 90.64 90.72 90.76 90.79 90.94 91.02 91.11 91.14 91.38 91.50 91.83 92.00 92.17 92.35 92.43 92.59 92.71 92.84 92.83 92.84 92.81 92.70 92.74 92.76 92.72 92.69 92.58 92.65 92.58 92.34 92.42 92.37 92.22 92.01 91.69 91.56 91.47 91.23 91.10 91.05 91.03 90.99 90.99 90.99 90.98 90.92 90.81 90.51 90.04 91.07 91.09 91.17 91.38 91.58 91.58 91.65
91.67 91.65 91.65 91.58 91.57 91.56 91.52 91.53 91.45 91.53 91.50 91.44 91.43 91.35 91.22 91.17 90.93 90.76 90.54 90.31 90.04 89.93 89.85 89.80 89.75 89.69 89.63 89.59 89.52 89.40 89.27 89.21 89.21 89.19 88.55 88.39 88.85 89.05 89.09 89.13 89.22 89.27 89.26 89.29 89.38 89.45 89.45 89.44 88.84 88.68 89.00 89.22 89.50 89.37 89.42 89.61 89.51 89.91 89.51 89.62 89.73 89.90 90.22 90.67 91.03 91.24 91.38 91.47 91.72 91.79 91.99 92.12 92.19 92.30 92.35 92.33 92.24 92.09 92.53 92.54 92.49 92.54 92.44 92.42 92.32 92.27 92.23 92.17 92.06 91.95 91.84 91.79 91.75 91.66 91.42 91.46 91.28 91.17 91.17 91.20 91.08 91.00 91.19 90.93 90.67 90.88 90.56 90.56 90.78 90.40 90.08 90.28 90.33 90.43 90.47 89.92 90.12 90.23 90.31 90.47 90.49 90.58 90.75 90.64 90.84 90.85 90.87 90.91 91.02 91.08 91.26 91.32 91.49 91.63 92.24 92.28 92.20 92.31 92.46 92.57 92.71 92.83 92.83 92.78 92.79 92.75 92.72 92.72 92.61 92.73 92.69 92.65 92.52 92.51 92.51 92.32 92.13 91.93 91.78 91.07 91.21 91.40 91.22 91.20 91.15 91.11 91.12 91.06 91.09 91.08 91.05 90.90 90.97 91.05 91.15 91.35 91.40 91.54 91.59 91.68
91.71 91.68 91.67 91.61 91.64 91.63 91.59 91.58 91.53 91.52 91.53 91.45 91.42 91.29 91.16 91.04 90.84 90.71 90.54 90.34 90.16 90.06 89.95 89.88 89.79 89.74 89.72 89.68 89.65 89.61 89.58 89.54 89.51 89.48 89.43 89.45 89.46 89.45 89.36 89.29 89.28 89.34 89.33 89.23 89.31 89.39 89.40 89.40 89.59 89.05 89.98 90.19 90.35 90.03 89.97 89.62 89.64 89.65 90.08 89.67 89.90 90.17 90.64 90.98 91.08 91.40 91.57 91.75 91.80 92.05 92.08 92.20 92.32 92.36 92.40 92.43 92.49 92.59 92.65 92.64 92.65 92.58 92.56 92.51 92.48 92.41 92.39 92.24 92.19 92.13 92.05 91.94 91.77 91.68 91.60 91.60 91.46 91.48 91.47 91.40 91.15 91.29 90.98 91.07 93.48 91.43 90.64 90.96 90.85 90.57 90.45 90.56 90.49 90.46 90.30 90.58 90.52 90.59 90.66 90.62 90.64 90.71 90.84 90.83 90.83 90.91 90.88 90.98 91.05 91.17 91.33 91.46 91.61 91.79 92.14 92.24 92.19 92.37 92.38 92.56 92.66 92.73 92.79 92.79 92.74 92.76 92.73 92.73 92.66 92.55 92.71 92.60 92.47 92.39 92.39 92.17 92.05 91.86 91.79 91.15 91.02 91.47 91.33 91.29 91.28 91.24 91.27 91.23 91.15 91.22 91.16 91.19 90.74 90.99 91.46 91.42 91.41 91.64 91.77 91.65
91.73 91.73 91.68 91.68 91.69 91.69 91.59 91.57 91.58 91.55 91.49 91.40 91.33 91.24 91.11 90.97 90.79 90.62 90.49 90.35 90.09 90.11 90.00 89.90 89.87 89.82 89.78 89.74 89.71 89.69 89.66 89.62 89.59 89.56 89.57 89.57 89.53 89.51 89.45 89.39 89.36 89.38 89.40 89.42 89.39 89.47 89.55 89.66 89.89 90.03 90.20 90.35 90.54 90.64 90.66 90.28 89.74 89.69 89.79 90.11 90.36 90.72 90.97 91.35 91.38 91.55 91.69 91.87 92.02 92.13 92.29 92.41 92.49 92.51 92.58 92.62 92.65 92.56 92.86 92.94 92.70 92.68 92.73 92.43 92.61 92.53 92.39 92.35 92.39 92.27 92.23 92.14 92.02 91.91 91.82 91.75 91.66 91.47 91.64 91.49 91.46 91.43 91.02 92.77 93.43 91.25 90.43 90.98 90.92 90.78 90.78 90.75 90.74 90.78 90.87 90.74 90.79 90.76 90.83 90.86 90.84 90.90 90.85 90.87 90.93 90.94 90.91 91.02 91.09 91.18 91.29 91.47 91.66 91.80 91.99 92.02 92.25 92.32 92.48 92.56 92.64 92.71 92.81 92.78 92.80 92.78 92.70 92.76 92.73 92.66 92.63 92.51 92.50 92.30 92.07 92.12 92.01 91.88 91.79 91.71 91.60 91.54 91.47 91.39 91.37 91.38 91.32 91.35 91.29 91.28 91.26 91.30 91.21 91.43 91.45 91.37 91.47 91.66 91.79 91.77
91.74 91.71 91.76 91.76 91.74 91.71 91.66 91.61 91.57 91.46 91.48 91.41 91.29 91.18 91.04 90.85 90.59 90.60 90.54 90.41 90.30 90.22 90.10 90.01 89.94 89.90 89.85 89.80 89.78 89.74 89.71 89.70 89.66 89.65 89.65 89.64 89.64 89.60 89.54 89.49 89.46 89.46 89.48 89.50 89.56 89.64 89.70 89.80 89.93 90.15 90.37 90.50 90.61 90.72 90.80 90.88 90.16 90.39 90.00 90.71 91.23 91.35 91.47 91.54 91.66 91.79 92.00 92.12 92.23 92.31 92.51 92.58 92.62 92.67 92.74 92.81 92.83 92.80 92.88 92.84 92.77 92.83 92.77 92.82 92.71 92.84 92.76 92.56 92.52 92.36 92.37 92.28 92.15 92.10 91.95 91.84 91.86 92.07 91.70 91.66 91.49 91.47 91.34 91.21 90.91 90.92 90.90 91.12 91.00 91.05 90.98 90.98 90.90 90.97 90.95 90.93 91.00 91.06 90.96 91.03 90.97 90.94 90.86 90.91 90.95 90.91 90.91 91.03 91.09 91.16 91.34 91.50 91.63 91.77 91.76 91.96 92.09 92.25 92.28 92.38 92.42 92.52 92.54 92.64 92.67 92.69 92.62 92.63 92.50 92.51 92.52 92.50 92.31 92.16 92.09 91.97 92.02 91.90 91.82 91.74 91.66 91.57 91.52 91.49 91.47 91.43 91.46 91.44 91.23 91.33 91.29 91.40 91.38 91.39 91.44 91.59 91.72 91.73 91.80 91.81
91.87 91.84 91.77 91.69 91.72 91.59 91.62 91.63 91.58 91.52 91.49 91.38 91.31 91.18 91.12 90.90 92.31 90.53 90.60 90.53 90.44 90.33 90.25 90.20 90.07 89.98 89.93 89.87 89.83 89.80 89.78 89.77 89.74 89.75 89.74 89.74 89.71 89.69 89.66 89.62 89.58 89.58 89.56 89.58 89.62 89.70 89.81 90.41 90.30 90.51 90.60 90.63 90.91 90.79 90.90 91.04 91.15 91.20 91.40 91.52 91.62 91.72 91.89 91.97 92.10 92.21 92.26 92.37 92.44 92.54 92.67 92.74 92.78 92.86 92.91 92.87 92.91 92.93 92.98 93.07 92.87 92.90 92.93 92.87 92.96 92.82 92.68 92.66 92.53 92.53 92.47 92.42 92.31 92.20 92.01 91.98 91.95 91.92 91.83 91.73 91.67 91.58 91.45 91.45 91.39 91.27 91.20 91.20 91.21 91.14 91.14 91.14 91.08 91.15 91.08 91.16 91.24 91.21 91.20 91.16 91.04 91.01 90.96 90.93 90.88 90.90 91.04 91.12 91.13 91.19 91.33 91.48 91.58 91.62 91.75 91.90 92.01 92.11 92.13 92.20 92.26 92.34 92.37 92.45 92.48 92.43 92.45 92.46 92.24 92.26 92.35 92.24 92.21 92.07 91.99 92.06 91.86 91.94 91.89 91.69 91.63 91.60 91.57 91.58 91.50 91.51 91.48 91.41 91.37 91.44 91.47 91.32 91.38 91.38 91.54 91.68 91.75 91.84 91.89 91.92
91.91 91.90 91.86 91.81 91.83 91.73 91.66 91.61 91.59 91.59 91.46 91.37 91.36 91.23 91.13 91.08 90.72 90.76 90.66 90.64 90.56 90.49 90.40 90.31 90.25 90.16 90.06 89.98 89.98 89.92 89.90 89.87 89.85 89.86 89.84 89.84 89.83 89.81 89.79 89.73 89.71 89.68 89.67 89.68 89.73 89.82 89.96 90.13 90.41 90.54 90.65 90.73 90.81 90.92 91.05 91.19 91.32 91.49 91.63 91.76 92.00 92.08 92.16 92.22 92.32 92.36 92.47 92.56 92.62 92.75 92.78 93.24 92.97 92.99 93.02 93.07 93.07 93.03 93.05 93.04 93.02 93.13 92.94 92.96 92.43 93.63 92.78 92.72 92.69 92.59 92.60 92.45 92.37 92.30 92.25 92.12 92.10 91.98 91.91 91.75 91.74 91.68 91.53 91.41 91.35 91.36 91.34 91.26 91.36 91.31 91.27 91.32 91.38 91.37 91.36 91.39 91.44 91.38 91.31 91.17 91.11 91.12 91.08 91.02 91.02 91.05 91.01 91.09 91.16 91.20 91.34 91.40 91.53 91.54 91.61 91.72 91.89 91.96 92.00 91.97 92.13 92.10 92.22 92.32 92.33 92.29 92.26 92.29 92.26 92.18 92.24 92.18 92.19 92.17 92.03 92.07 91.96 92.00 91.95 91.82 91.74 91.75 91.65 91.62 91.59 91.53 91.53 91.50 91.40 91.50 91.49 91.44 91.62 91.55 91.57 91.70 91.83 91.83 91.88 91.90
91.90 91.93 91.91 91.79 91.86 91.83 91.63 91.73 91.71 91.70 91.62 91.53 91.43 91.36 91.23 91.09 91.10 90.98 90.90 90.81 90.73 90.64 90.53 90.45 90.44 90.39 90.35 90.28 90.22 90.16 90.13 90.05 90.03 90.04 90.09 90.03 90.02 90.02 89.94 89.88 89.85 89.83 89.84 89.91 89.97 90.14 90.27 90.41 90.58 90.69 90.78 90.94 91.00 91.11 91.25 91.35 91.51 91.66 91.81 92.02 92.25 92.15 92.43 92.50 92.53 92.60 92.71 92.78 92.83 92.84 92.96 92.97 93.03 93.12 93.15 93.16 93.12 93.22 93.27 93.23 93.14 93.11 93.13 93.05 93.02 93.00 92.95 92.91 92.84 92.68 92.56 92.59 92.45 92.43 92.21 92.26 92.22 92.13 91.96 91.90 91.80 91.76 91.72 91.66 91.65 91.59 91.46 91.46 91.47 91.50 91.57 91.59 91.57 91.57 91.49 91.55 91.54 91.54 91.38 91.32 91.28 91.23 91.12 91.14 91.07 91.08 91.05 91.11 91.17 91.20 91.30 91.29 91.47 91.61 91.58 91.49 91.69 91.76 91.74 91.90 92.00 91.88 92.03 92.12 92.11 92.05 92.12 92.11 92.12 92.12 92.11 92.14 92.12 92.06 92.05 92.09 92.05 91.96 91.96 91.88 91.91 91.80 91.76 91.68 91.65 91.59 91.46 91.49 91.47 91.54 91.58 91.61 91.67 91.66 91.71 91.76 91.84 91.94 91.80 91.89
91.93 91.93 91.92 91.92 91.89 91.93 91.83 91.77 91.80 91.67 91.61 91.60 91.53 91.43 91.33 91.26 91.18 91.11 91.04 90.94 90.85 90.82 90.75 90.70 90.63 90.60 90.54 90.50 90.46 90.44 90.43 90.39 90.41 90.40 90.37 90.34 90.32 90.33 90.29 90.56 90.25 90.24 90.25 90.29 90.33 90.41 90.49 90.61 90.77 90.89 90.94 91.15 91.29 91.40 91.51 91.66 91.79 91.92 92.06 92.17 92.36 92.54 92.62 92.70 92.80 93.20 92.75 92.98 93.02 93.05 93.16 93.06 93.16 93.30 93.37 93.36 93.33 93.36 93.27 93.31 93.25 93.26 93.20 93.22 93.14 93.10 93.01 92.95 92.85 92.77 92.67 92.61 92.57 92.46 92.45 92.42 92.25 92.16 92.12 92.00 91.95 91.88 91.78 91.76 91.73 91.75 91.62 91.68 91.66 91.72 91.70 91.71 91.73 91.72 91.63 91.69 91.62 91.61 91.56 91.41 91.46 91.43 91.13 91.24 91.20 91.16 91.10 91.07 91.12 91.21 91.22 91.26 91.33 90.99 91.36 91.53 91.57 91.55 91.70 91.78 91.84 91.70 91.92 91.97 91.98 91.87 91.96 91.94 92.00 92.04 92.00 92.05 92.01 91.96 92.02 92.03 91.98 91.95 91.96 91.90 91.86 91.88 91.81 91.78 91.75 91.58 91.68 91.66 91.58 91.64 91.62 91.70 91.74 91.73 91.82 91.84 91.80 91.92 91.90 91.83
92.06 91.94 91.93 92.65 91.95 91.97 91.97 91.93 91.89 91.85 91.79 91.67 91.65 91.55 91.50 91.46 91.38 91.33 91.19 91.06 90.88 91.02 90.97 90.92 90.88 90.85 90.79 90.80 90.79 90.73 90.71 90.67 90.65 90.62 90.58 90.55 90.53 90.55 90.54 90.52 90.51 90.55 90.56 90.61 90.68 90.74 90.82 90.87 91.02 91.14 91.32 91.44 91.58 91.73 91.91 92.00 92.11 92.23 92.38 92.44 92.56 92.71 92.85 92.97 92.98 93.02 93.18 93.18 93.18 93.19 93.28 93.25 93.34 93.34 93.39 93.45 93.41 93.35 93.34 93.38 93.36 93.34 93.24 93.18 93.13 92.89 92.94 92.89 92.86 92.81 92.77 92.67 92.55 92.50 92.53 92.27 92.22 92.22 92.17 92.09 92.06 91.98 91.90 91.90 91.90 91.86 91.85 91.85 91.83 91.80 91.85 91.82 91.87 91.81 91.78 91.75 91.73 91.65 91.71 91.63 91.55 91.52 91.50 91.41 91.35 91.30 91.22 91.19 91.17 91.18 91.19 91.25 91.30 91.32 91.39 91.48 91.53 91.54 91.64 91.52 91.73 91.59 91.77 91.85 91.75 91.88 91.88 91.89 91.93 91.94 91.92 91.93 92.01 92.01 92.01 91.98 91.98 91.94 91.98 91.99 91.95 91.91 91.93 91.90 91.79 91.84 91.84 91.86 91.68 91.75 91.78 91.81 91.74 91.87 91.94 91.98 91.95 91.99 92.00 92.02
92.10 92.21 92.10 92.17 92.15 92.10 92.06 92.07 91.85 91.93 91.86 91.85 91.84 91.80 91.93 91.63 91.58 91.52 91.40 91.45 91.39 91.29 91.26 91.22 91.18 91.15 91.04 91.08 91.05 91.02 90.97 90.92 90.90 90.87 90.82 90.77 90.76 90.77 90.74 90.73 90.73 90.78 90.84 90.90 90.98 91.06 91.13 91.24 91.32 91.43 91.55 91.59 91.82 92.03 92.19 92.36 92.51 92.68 92.76 92.81 92.86 93.00 93.07 93.06 93.20 93.25 93.28 93.21 93.28 93.35 93.26 93.30 93.41 93.43 93.44 93.47 93.47 93.41 93.42 93.40 93.42 93.34 93.28 92.99 93.98 95.70 92.36 92.84 92.92 92.81 92.84 92.68 92.69 92.52 92.50 92.42 92.33 92.29 92.27 92.22 92.13 92.11 92.05 91.93 92.02 91.90 91.88 91.92 91.90 91.88 91.93 91.92 91.96 91.88 91.76 91.77 91.87 91.76 91.73 91.79 91.74 91.67 91.65 91.49 91.47 91.33 91.36 91.29 91.28 91.17 91.26 91.25 91.25 91.28 91.36 91.35 91.43 91.47 91.42 91.53 91.61 91.61 91.69 91.72 91.66 91.79 91.79 91.82 91.81 91.84 91.89 91.91 91.91 91.95 91.80 91.98 91.95 92.03 92.01 92.01 91.93 91.92 92.03 92.02 91.93 92.04 92.03 91.88 91.98 91.91 92.03 92.01 91.98 92.00 92.01 92.07 91.97 91.98 92.13 91.87
92.31 92.29 92.34 92.29 92.26 92.35 92.28 92.22 92.25 92.19 92.03 92.05 92.09 91.95 91.97 91.90 91.88 91.84 91.80 91.78 91.61 91.65 91.53 91.47 91.45 91.34 91.43 91.39 91.31 91.28 91.25 91.17 91.18 91.10 91.34 91.01 91.01 91.00 90.97 90.99 91.02 91.06 91.16 91.19 91.26 91.36 91.47 91.60 91.70 91.83 91.98 92.15 92.29 92.47 92.64 92.80 92.97 93.10 93.23 93.36 93.42 93.42 93.36 93.33 93.35 93.36 93.34 93.39 93.46 93.43 93.48 93.49 93.46 93.52 93.52 93.48 93.45 93.34 93.51 93.46 93.43 93.37 93.21 93.16 93.14 93.00 92.97 92.99 92.93 92.95 92.84 92.75 92.73 92.62 92.57 92.48 92.43 92.37 92.32 92.21 92.14 92.18 92.13 92.01 92.03 92.02 92.03 91.97 91.92 91.82 91.86 91.99 92.03 91.97 91.93 91.94 91.83 91.90 91.87 91.86 91.82 91.71 91.75 91.70 91.63 91.58 91.57 91.45 91.38 91.37 91.32 91.26 91.27 91.27 91.21 91.36 91.38 91.42 91.18 91.49 91.55 91.63 91.66 91.62 91.66 91.68 91.55 91.78 91.78 91.82 91.80 91.92 91.90 91.95 91.98 91.98 92.00 92.02 92.04 92.10 91.96 91.99 92.01 92.08 92.07 92.07 92.17 92.18 92.19 92.14 92.20 92.14 92.24 92.22 92.11 92.16 92.17 92.29 92.26 92.29
92.30 92.48 92.48 92.42 92.44 92.45 92.41 92.44 92.30 92.45 92.34 92.31 92.27 92.28 92.12 92.04 92.03 92.12 92.14 92.03 92.03 92.01 91.97 91.92 91.80 91.77 91.46 91.71 91.69 91.53 91.65 91.47 91.50 91.39 91.30 91.24 91.27 91.26 91.27 91.28 91.29 91.40 91.47 91.55 91.63 91.74 91.92 92.09 92.26 92.39 92.49 92.58 92.65 92.77 92.87 93.00 93.09 93.14 93.26 93.31 93.33 93.37 93.37 93.37 93.35 93.40 93.43 93.45 93.41 93.49 93.51 93.49 93.57 93.55 93.43 93.51 93.49 93.41 93.43 93.39 93.32 93.29 93.32 93.23 93.10 93.12 92.97 92.92 92.88 92.83 92.82 92.74 92.64 92.62 92.60 92.41 92.44 92.43 92.36 92.33 92.29 92.27 92.22 92.11 92.12 92.19 92.14 92.09 92.07 92.10 91.87 91.91 92.01 92.00 92.04 91.99 91.93 91.96 91.95 91.84 91.79 91.83 91.80 91.80 91.68 91.66 91.65 91.62 91.58 91.54 91.49 91.41 91.40 91.34 91.29 91.25 91.31 91.42 91.49 91.47 91.51 91.52 91.57 91.57 91.59 91.61 91.65 91.71 91.71 91.70 91.79 91.74 91.82 91.90 91.97 92.02 91.99 92.05 92.21 92.15 92.11 92.11 92.12 92.21 92.21 92.26 92.28 92.35 92.32 92.28 92.27 92.36 92.39 92.42 92.53 92.47 92.42 92.45 92.39 92.35
92.62 92.69 92.74 92.63 92.58 92.65 92.97 92.50 92.60 92.60 92.46 92.51 92.52 92.46 92.55 92.56 92.53 92.45 92.58 92.32 92.21 92.34 92.32 92.26 92.16 92.11 92.03 91.93 91.98 91.84 91.87 91.89 91.90 91.75 91.85 91.86 91.74 91.74 91.75 91.77 91.72 91.88 91.94 91.99 92.10 92.17 92.28 92.44 92.53 92.66 92.76 92.83 92.85 92.83 92.92 92.95 92.99 93.04 93.10 93.11 93.09 93.17 93.19 93.24 93.39 93.32 93.35 93.40 93.51 93.44 93.50 93.47 93.47 93.53 93.46 93.40 93.42 93.46 93.41 93.34 93.29 93.28 93.23 93.16 93.08 93.05 93.00 92.97 92.92 92.80 92.68 92.60 92.65 92.66 92.55 92.53 92.47 92.44 92.41 92.35 92.27 92.21 92.17 92.14 92.20 92.21 92.19 92.12 92.14 92.11 92.17 92.09 92.06 92.06 91.99 92.05 91.97 91.95 91.85 91.94 91.81 91.89 91.87 91.76 91.77 91.77 91.75 91.75 91.71 91.64 91.61 91.63 91.58 91.56 91.48 91.50 91.46 91.43 91.40 91.38 91.33 91.32 91.37 91.42 91.48 91.53 91.62 91.65 91.74 91.73 91.82 91.81 91.81 91.85 91.95 91.93 92.07 92.15 92.20 92.24 92.27 92.19 92.32 92.35 92.37 92.44 92.42 92.46 92.34 92.51 92.50 92.47 92.39 92.53 92.55 92.59 92.68 92.53 92.61 92.58
92.83 92.90 92.90 92.83 92.75 92.91 92.92 92.86 92.85 92.90 92.96 92.85 92.86 92.73 92.97 92.79 92.74 92.70 92.62 92.61 92.64 92.37 92.37 92.45 92.34 92.45 92.33 92.73 92.50 92.39 92.46 92.29 92.22 92.16 92.07 92.14 92.06 92.09 92.13 92.22 92.27 92.33 92.37 92.41 92.50 92.56 92.60 92.65 92.70 92.77 92.86 93.00 92.96 92.98 92.98 92.97 92.93 92.93 92.88 92.95 93.00 93.06 93.11 93.11 93.16 93.25 93.29 93.26 93.27 93.31 93.41 93.48 93.47 93.37 93.44 93.46 93.47 93.38 93.31 93.20 93.22 93.16 93.10 93.05 93.07 93.04 92.98 92.92 92.84 92.83 92.74 92.55 92.55 92.55 92.53 92.39 92.40 92.39 92.34 92.35 92.29 92.28 92.23 92.09 92.18 92.19 92.11 92.08 92.07 92.01 92.07 92.08 92.12 92.10 92.05 92.10 92.11 92.03 91.93 91.87 91.92 91.99 91.96 91.86 91.84 91.81 91.77 91.82 91.72 91.71 91.68 91.65 91.67 91.62 91.65 91.62 91.58 91.54 91.53 91.55 91.58 91.61 91.64 91.66 91.69 91.72 91.74 91.76 91.82 91.85 91.83 91.91 91.91 91.96 91.97 91.97 92.11 92.17 92.21 92.19 92.33 92.33 92.28 92.39 92.48 92.54 92.46 92.55 92.64 92.68 92.18 93.55 92.38 91.34 92.63 92.70 92.84 92.80 92.63 92.74
92.91 93.03 92.95 93.00 93.00 93.13 92.94 93.04 93.06 93.04 93.09 92.99 93.00 93.11 92.99 93.05 93.03 92.81 92.90 92.94 92.86 92.97 93.01 93.10 92.91 92.70 92.74 92.74 92.46 92.54 92.56 92.49 92.64 92.69 92.77 92.57 92.50 92.52 92.41 92.55 92.52 92.58 92.68 92.66 92.66 92.60 92.69 92.75 92.79 92.90 92.96 92.98 92.98 93.00 93.01 93.15 93.00 92.99 93.03 93.06 93.14 93.20 93.25 93.26 93.27 93.24 93.21 93.24 93.29 93.20 93.34 93.35 93.35 93.36 93.33 93.37 93.30 93.29 93.18 93.21 93.13 93.11 93.03 93.19 92.98 92.89 92.83 92.76 92.74 92.74 92.66 92.62 92.58 92.51 92.51 92.47 92.56 92.36 92.30 92.27 92.24 92.23 92.21 92.16 92.17 92.19 92.19 92.14 92.08 92.15 92.10 92.06 92.12 92.11 92.10 92.07 92.04 92.07 91.98 91.99 91.98 91.96 91.89 92.00 92.00 91.96 91.86 91.85 91.85 91.77 91.85 91.82 91.84 91.80 91.72 91.76 91.73 91.73 91.73 91.73 91.72 91.79 91.81 91.69 91.77 91.83 91.88 91.90 91.86 91.87 91.92 91.98 92.01 92.03 92.08 92.09 92.12 92.22 92.27 92.33 92.33 92.42 92.43 92.52 92.55 92.55 92.56 92.60 92.65 92.72 92.72 92.78 92.72 92.98 93.00 93.02 93.02 93.02 92.96 92.87
93.16 93.02 92.73 92.59 92.76 93.08 92.96 92.52 92.54 93.00 93.11 93.10 93.13 93.08 93.06 92.86 92.52 92.56 92.44 92.81 92.57 92.69 93.15 93.47 92.98 92.77 92.75 92.90 92.82 92.80 92.78 92.78 92.83 92.72 92.35 92.69 92.58 92.67 92.63 92.58 92.77 92.73 92.63 92.64 92.73 92.82 92.85 92.89 92.94 92.97 92.99 93.03 92.88 93.10 93.14 93.19 93.21 93.22 93.22 93.23 93.27 92.53 92.57 93.01 93.16 93.14 93.13 93.17 93.09 93.10 93.17 93.19 93.19 93.21 93.15 93.17 93.14 93.15 93.18 93.16 93.10 92.98 92.96 92.93 92.91 92.84 92.69 92.67 92.75 92.69 92.70 92.64 92.55 92.45 92.43 92.46 92.46 92.43 92.38 92.33 92.31 92.30 92.25 92.33 92.24 92.21 92.21 92.19 92.19 92.18 92.17 92.15 92.11 92.04 92.04 92.04 92.09 92.01 92.02 91.92 91.97 92.00 92.02 92.04 92.03 92.05 92.01 91.99 91.96 91.91 91.95 91.90 91.86 91.80 91.52 91.75 91.85 91.87 91.90 91.89 91.84 91.86 91.87 91.87 91.89 91.87 91.94 91.90 91.94 91.90 91.97 92.04 92.03 92.08 92.13 92.16 92.20 92.23 92.19 92.28 92.31 92.38 92.49 92.55 92.57 92.58 92.63 92.72 92.73 92.69 92.78 92.70 92.76 92.85 92.81 93.04 93.15 93.12 93.03 93.11
92.86 92.71 92.71 92.82 92.85 92.79 92.74 92.73 92.76 92.73 92.74 92.56 92.83 92.77 92.80 92.89 92.88 92.92 92.92 92.85 92.82 92.94 92.91 92.93 92.98 93.02 92.92 92.67 92.74 92.62 92.68 92.72 92.75 92.76 92.70 92.77 92.72 92.83 92.81 92.80 92.81 92.85 92.84 92.79 92.72 92.75 92.79 92.84 92.87 92.95 93.03 92.99 93.03 93.08 93.13 93.14 93.10 93.16 93.24 93.23 93.28 93.31 93.30 93.32 93.27 93.27 93.35 93.29 93.19 93.13 93.07 93.04 92.96 92.99 93.00 92.82 92.78 92.82 92.93 92.95 92.82 92.88 92.70 92.18 92.49 92.83 91.59 91.81 92.52 91.15 91.60 92.16 91.82 91.40 92.00 91.22 91.38 92.08 91.79 91.43 91.55 91.64 91.78 92.18 92.23 92.15 92.20 92.21 92.23 92.20 92.19 92.18 92.17 92.15 92.10 92.12 92.10 92.10 92.07 91.86 92.44 91.85 92.04 92.01 91.99 92.04 92.00 91.98 91.99 92.00 92.01 92.03 92.01 92.02 92.02 92.03 92.05 92.05 92.00 92.03 92.01 91.97 91.91 91.94 91.96 91.88 91.79 91.81 91.87 91.94 91.98 91.95 92.05 92.11 92.12 92.21 92.18 92.26 92.24 92.26 92.30 92.39 92.42 92.51 92.53 92.60 92.56 92.56 92.61 92.75 92.74 92.77 92.78 92.83 92.85 92.79 92.77 92.93 92.93 92.89
91.87 91.88 91.91 91.97 91.91 91.91 91.94 91.92 91.93 91.95 91.97 91.99 92.01 92.03 92.07 92.09 92.09 92.12 92.11 92.13 92.14 92.16 92.18 92.23 92.26 92.33 92.42 92.52 92.52 92.60 92.70 92.59 92.61 92.80 92.25 92.25 92.05 92.34 91.70 91.84 92.08 92.19 92.67 92.67 92.70 92.78 92.87 92.82 92.62 92.56 91.99 91.93 91.74 91.98 92.53 92.14 92.06 92.05 92.05 92.16 92.82 92.61 92.67 92.67 92.75 92.82 92.92 92.54 92.37 92.07 92.09 92.12 91.61 91.87 91.66 91.35 91.13 91.33 91.09 90.86 90.83 90.53 90.58 90.42 90.41 90.49 90.25 90.23 90.24 90.15 90.22 90.34 90.07 90.07 90.35 90.13 90.18 89.99 89.99 90.02 90.35 90.44 90.42 90.42 90.46 90.54 90.21 91.04 91.12 91.83 91.77 91.14 91.39 92.04 91.69 91.79 91.50 91.64 91.91 91.30 91.36 91.27 91.37 91.42 91.69 92.05 91.53 91.62 91.63 91.62 91.70 91.68 91.68 91.71 91.74 91.77 91.86 91.97 92.08 92.08 92.09 92.09 92.10 92.06 92.09 92.03 92.05 92.08 92.10 92.17 92.18 92.21 92.23 92.25 92.25 92.24 92.25 92.29 92.31 92.26 92.28 92.31 92.34 92.35 92.35 92.34 92.32 92.29 92.27 92.19 92.09 92.11 92.10 92.09 92.07 92.01 91.95 91.90 91.89 91.88
91.48 91.48 91.48 91.47 91.47 91.46 91.47 91.48 91.49 91.51 91.53 91.56 91.57 91.60 91.62 91.66 91.70 91.70 91.78 91.78 91.82 91.82 91.82 91.81 91.80 91.73 91.89 91.85 91.79 91.18 91.05 90.85 91.13 91.24 90.86 91.07 90.80 90.84 90.85 90.75 90.61 90.75 90.52 90.39 90.40 90.58 90.55 90.50 90.59 90.66 90.80 90.95 91.20 91.31 90.91 91.02 90.82 90.68 90.66 90.82 90.69 91.39 91.30 92.14 92.31 92.51 92.68 92.80 92.78 92.43 92.14 91.78 91.47 91.26 91.16 90.95 90.83 90.70 90.62 90.57 90.52 90.44 90.39 90.35 90.28 90.22 90.19 90.14 90.11 90.11 90.11 90.10 90.09 90.07 90.04 90.01 89.99 89.97 89.96 89.95 89.94 89.92 89.91 89.89 89.88 89.87 89.87 89.86 89.87 89.94 90.07 90.25 90.20 90.27 90.10 90.24 90.45 90.52 90.39 90.27 90.21 90.25 90.52 90.34 90.41 90.28 90.39 90.43 90.34 90.41 90.25 90.29 90.42 90.61 90.53 90.51 90.56 90.39 90.49 90.51 90.66 91.00 91.08 91.21 91.66 91.61 91.93 92.13 92.17 92.13 92.10 92.09 92.09 92.10 92.16 92.19 92.17 92.16 92.08 92.05 92.03 92.02 91.99 91.95 91.92 91.89 91.85 91.81 91.79 91.77 91.73 91.72 91.68 91.65 91.64 91.61 91.55 91.52 91.49 91.49
91.74 91.59 91.72 91.87 91.95 92.19 90.89 90.76 91.01 91.20 90.60 90.94 90.74 90.63 90.77 90.97 90.27 90.08 90.06 90.07 90.08 90.29 90.79 90.49 90.50 90.64 90.98 90.72 90.67 90.91 90.84 89.95 90.02 90.32 90.05 89.95 89.93 89.93 89.94 89.96 89.95 90.04 89.99 89.93 89.96 89.92 89.89 89.90 89.89 89.99 89.97 89.94 90.02 90.19 90.18 90.08 90.09 90.12 90.18 90.26 90.30 90.19 90.32 90.22 90.18 90.18 90.45 90.46 90.84 91.05 91.20 91.50 91.26 91.23 91.21 91.35 91.52 91.72 91.80 91.82 91.90 91.91 91.51 91.13 90.73 90.67 90.73 90.81 90.92 91.18 91.64 91.63 90.33 90.14 90.13 90.21 90.16 90.10 90.00 89.95 89.93 89.98 89.92 89.90 89.88 89.87 89.86 89.85 89.84 89.83 89.83 89.83 89.83 89.84 89.84 89.85 89.86 89.87 89.87 89.86 89.87 89.89 89.90 89.89 89.88 89.88 89.88 89.88 89.89 89.88 89.88 89.88 89.88 89.89 89.90 89.90 89.96 89.96 89.94 90.11 89.92 89.92 89.92 90.23 90.25 90.27 90.38 90.68 90.38 90.19 90.32 90.19 90.50 90.59 90.83 91.06 90.59 90.82 90.99 91.09 91.04 90.79 90.92 91.35 91.20 91.26 91.49 91.91 91.67 91.99 91.71 91.48 91.34 91.19 91.35 91.56 91.69 91.37 91.40 91.48
89.78 89.83 89.80 89.81 89.84 89.82 89.82 89.82 89.75 89.74 89.74 89.74 89.76 89.77 89.75 89.72 89.72 89.72 89.72 89.72 89.73 89.76 89.76 89.69 89.69 89.69 89.70 89.71 89.72 89.72 89.73 89.70 89.68 89.70 89.68 89.65 89.64 89.64 89.63 89.64 89.66 89.65 89.67 89.67 89.65 89.62 89.62 89.61 89.62 89.64 89.64 89.63 89.64 89.65 89.67 89.71 89.71 89.73 89.75 89.75 89.72 89.71 89.70 89.70 89.69 89.69 89.68 89.69 89.70 89.71 89.79 90.01 90.06 89.96 89.91 89.88 89.91 89.86 89.85 89.90 89.83 89.80 89.79 89.79 89.81 89.79 89.81 89.86 89.82 89.85 89.78 89.76 89.78 89.75 89.73 89.72 89.73 89.73 89.75 89.74 89.72 89.70 89.70 89.72 89.73 89.69 89.68 89.68 89.67 89.66 89.66 89.67 89.66 89.66 89.67 89.67 89.67 89.69 89.68 89.73 89.66 89.67 89.69 89.70 89.74 89.77 89.70 89.70 89.72 89.72 89.74 89.71 89.67 89.67 89.67 89.67 89.67 89.68 89.72 89.72 89.72 89.73 89.74 89.72 89.75 89.74 89.74 89.73 89.70 89.68 89.70 89.68 89.71 89.70 89.67 89.67 89.68 89.77 89.73 89.76 89.72 89.80 89.80 89.84 89.84 89.85 89.82 89.81 89.83 89.83 89.81 89.85 89.88 89.86 89.87 89.86 89.83 89.87 89.93 89.83
89.58 89.57 89.58 89.59 89.59 89.56 89.55 89.54 89.54 89.54 89.54 89.54 89.54 89.54 89.53 89.53 89.53 89.53 89.53 89.53 89.53 89.53 89.53 89.53 89.53 89.53 89.52 89.52 89.51 89.50 89.50 89.50 89.50 89.49 89.49 89.49 89.49 89.48 89.48 89.48 89.48 89.48 89.48 89.48 89.48 89.48 89.48 89.48 89.48 89.48 89.48 89.49 89.49 89.50 89.50 89.51 89.52 89.52 89.52 89.52 89.52 89.53 89.53 89.53 89.53 89.54 89.54 89.54 89.54 89.55 89.55 89.55 89.55 89.56 89.56 89.56 89.57 89.57 89.58 89.58 89.58 89.57 89.57 89.58 89.57 89.58 89.58 89.58 89.58 89.58 89.58 89.59 89.59 89.59 89.58 89.57 89.57 89.58 89.60 89.60 89.59 89.57 89.57 89.57 89.57 89.56 89.56 89.56 89.55 89.55 89.55 89.55 89.54 89.54 89.54 89.54 89.54 89.53 89.53 89.53 89.53 89.53 89.53 89.53 89.54 89.53 89.53 89.53 89.53 89.52 89.52 89.52 89.52 89.52 89.51 89.51 89.51 89.50 89.50 89.50 89.49 89.49 89.49 89.49 89.49 89.49 89.49 89.49 89.49 89.50 89.50 89.50 89.51 89.51 89.52 89.52 89.53 89.53 89.53 89.52 89.52 89.52 89.53 89.53 89.52 89.53 89.53 89.53 89.53 89.53 89.54 89.54 89.55 89.55 89.55 89.56 89.56 89.56 89.56 89.57
