Mars Surface Radiation Result (absorbed dose in thin silicon slab) (1E-6 Gy/day).

The first row gives the longitude
The first column for each row (starting from the 2nd row) gives the latitude
The rest values of each row gives the dose rate at different longitudes (given in the first row)

179°W  177°W  175°W  173°W  171°W  169°W  167°W  165°W  163°W  161°W  159°W  157°W  155°W  153°W  151°W  149°W  147°W  145°W  143°W  141°W  139°W  137°W  135°W  133°W  131°W  129°W  127°W  125°W  123°W  121°W  119°W  117°W  115°W  113°W  111°W  109°W  107°W  105°W  103°W  101°W  99°W  97°W  95°W  93°W  91°W  89°W  87°W  85°W  83°W  81°W  79°W  77°W  75°W  73°W  71°W  69°W  67°W  65°W  63°W  61°W  59°W  57°W  55°W  53°W  51°W  49°W  47°W  45°W  43°W  41°W  39°W  37°W  35°W  33°W  31°W  29°W  27°W  25°W  23°W  21°W  19°W  17°W  15°W  13°W  11°W  9°W  7°W  5°W  3°W  1°W  1°E  3°E  5°E  7°E  9°E  11°E  13°E  15°E  17°E  19°E  21°E  23°E  25°E  27°E  29°E  31°E  33°E  35°E  37°E  39°E  41°E  43°E  45°E  47°E  49°E  51°E  53°E  55°E  57°E  59°E  61°E  63°E  65°E  67°E  69°E  71°E  73°E  75°E  77°E  79°E  81°E  83°E  85°E  87°E  89°E  91°E  93°E  95°E  97°E  99°E  101°E  103°E  105°E  107°E  109°E  111°E  113°E  115°E  117°E  119°E  121°E  123°E  125°E  127°E  129°E  131°E  133°E  135°E  137°E  139°E  141°E  143°E  145°E  147°E  149°E  151°E  153°E  155°E  157°E  159°E  161°E  163°E  165°E  167°E  169°E  171°E  173°E  175°E  177°E  179°E  
--------------------------------------------------------------------------------------------------------------
89°S ||     84.67 84.71 84.75 84.76 84.76 84.75 84.74 84.76 84.79 84.82 84.94 84.99 84.96 85.01 85.16 85.24 85.29 85.36 85.37 85.28 85.23 85.34 85.35 85.31 85.26 85.23 85.18 85.20 85.26 85.23 85.30 85.38 85.33 85.27 85.34 85.28 85.20 85.14 85.03 84.94 84.88 84.80 84.74 84.70 84.68 84.67 84.65 84.66 84.64 84.62 84.60 84.60 84.57 84.57 84.57 84.57 84.51 84.49 84.47 84.48 84.48 84.47 84.49 84.46 84.47 84.50 84.51 84.38 84.33 84.35 84.32 84.33 84.33 84.33 84.29 84.27 84.27 84.26 84.25 84.25 84.24 84.27 84.28 84.27 84.28 84.29 84.29 84.29 84.29 84.29 84.30 84.33 84.33 84.32 84.32 84.34 84.34 84.35 84.36 84.36 84.34 84.35 84.35 84.36 84.37 84.39 84.40 84.42 84.43 84.45 84.47 84.47 84.47 84.51 84.57 84.61 84.60 84.61 84.62 84.63 84.65 84.66 84.67 84.69 84.72 84.74 84.75 84.77 84.79 84.81 84.82 84.83 84.84 84.85 84.86 84.88 84.89 84.89 84.88 84.89 84.85 84.85 84.83 84.80 84.81 84.81 84.80 84.78 84.75 84.72 84.71 84.70 84.70 84.67 84.65 84.64 84.63 84.62 84.62 84.63 84.62 84.62 84.61 84.59 84.58 84.57 84.58 84.58 84.59 84.59 84.60 84.62 84.63 84.65 84.66 84.67 84.68 84.68 84.67 84.68
87°S ||     85.85 85.90 85.91 85.99 85.97 86.02 85.97 85.96 85.95 85.89 85.89 85.89 85.82 85.74 85.70 85.69 85.71 85.72 85.72 85.69 85.69 85.72 85.81 85.84 85.82 85.79 85.79 85.73 85.78 85.68 85.84 85.85 85.74 85.73 85.72 85.72 85.70 85.66 85.66 85.63 85.57 85.61 85.58 85.56 85.54 85.52 85.52 85.47 85.44 85.39 85.27 85.41 85.25 85.02 85.06 85.02 84.92 84.82 84.77 84.76 84.94 84.52 84.62 84.41 84.34 84.33 84.27 84.23 84.19 84.19 84.20 84.21 84.28 84.26 84.01 83.96 83.90 83.82 83.80 83.98 83.70 83.54 83.54 83.46 83.44 83.45 83.47 83.50 83.54 83.56 83.59 83.58 83.56 83.53 83.53 83.94 83.86 84.03 83.88 84.05 84.05 84.07 84.16 84.18 84.22 84.29 84.35 84.48 84.55 84.60 84.50 84.50 84.55 84.58 84.61 84.61 84.66 84.69 84.74 84.74 84.79 84.83 84.83 84.87 84.92 84.91 84.92 84.97 85.02 85.01 85.06 85.06 85.07 85.12 85.21 85.30 85.36 85.46 85.41 85.29 85.19 85.16 85.14 85.11 85.08 85.08 85.04 84.86 84.84 84.83 84.82 84.83 84.86 84.85 84.85 84.86 84.90 84.98 85.04 85.04 85.09 85.14 85.20 85.23 85.31 85.37 85.43 85.46 85.55 85.57 85.68 85.68 85.70 85.70 85.76 85.69 85.53 85.62 85.85 85.99
85°S ||     85.20 85.21 85.22 85.22 85.23 85.23 85.24 85.27 85.28 85.28 85.28 85.28 85.30 85.34 85.30 85.26 85.27 85.34 85.34 85.34 85.35 85.36 85.39 85.40 85.39 85.39 85.42 85.49 85.54 85.63 85.85 85.87 85.86 85.87 85.90 85.81 85.94 85.88 85.86 85.83 85.99 86.19 86.17 86.20 86.06 86.05 85.99 85.93 85.87 85.80 85.82 85.73 85.73 85.71 85.92 86.00 85.78 85.66 85.71 85.98 85.88 85.18 85.10 85.15 85.26 85.34 85.19 85.25 85.22 84.89 85.08 85.04 84.78 84.70 84.75 84.52 84.80 85.03 85.30 85.01 84.87 84.82 84.88 84.90 85.00 84.90 84.85 84.73 84.73 84.83 84.72 84.72 84.78 84.72 84.70 84.71 84.72 84.74 84.75 84.80 84.77 84.88 85.11 85.32 85.27 85.23 85.20 85.20 85.16 85.18 85.23 85.25 85.28 85.31 85.16 85.19 85.25 85.26 85.21 85.16 85.15 85.17 85.20 85.26 85.32 85.38 85.38 85.33 85.33 85.30 85.27 85.25 85.22 85.23 85.25 85.32 85.66 86.31 86.53 86.39 86.03 85.85 85.77 85.79 85.51 85.37 85.30 85.23 85.26 85.30 85.23 85.24 85.27 85.35 85.45 85.49 85.51 85.53 85.51 85.51 85.50 85.39 85.30 85.25 85.23 85.29 85.33 85.37 85.45 85.56 85.42 85.45 85.42 85.38 85.34 85.32 85.30 85.30 85.23 85.20
83°S ||     85.21 85.23 85.24 85.25 85.26 85.26 85.27 85.29 85.30 85.32 85.33 85.35 85.38 85.39 85.39 85.39 85.41 85.43 85.45 85.47 85.49 85.52 85.54 85.57 85.60 85.64 85.67 85.71 85.78 85.86 85.83 85.74 85.73 85.70 85.77 85.84 85.84 85.81 85.86 85.91 85.76 85.76 85.78 85.79 85.82 85.85 85.83 86.18 86.27 86.33 86.27 86.28 86.23 86.24 86.26 86.24 86.20 86.40 86.46 86.44 86.13 86.37 86.31 86.23 86.45 86.24 86.25 86.23 86.51 86.28 86.51 86.70 86.83 86.84 86.74 86.63 86.65 86.63 86.65 86.74 86.74 86.72 86.61 86.64 86.65 86.60 86.56 86.55 86.60 86.59 86.39 86.37 86.43 86.66 86.36 86.29 86.21 86.16 86.15 86.03 86.15 85.80 85.89 85.72 85.97 86.12 86.15 85.99 85.91 85.92 85.94 86.01 86.16 86.21 86.25 86.23 85.99 86.00 85.95 85.94 85.89 85.88 85.69 85.64 85.68 85.71 85.71 85.62 85.62 85.70 85.66 85.67 85.77 85.78 85.90 86.24 86.69 86.65 86.67 86.66 86.66 85.98 85.90 85.93 85.90 85.98 85.95 85.90 85.88 85.88 85.84 85.76 85.69 85.66 85.63 85.54 85.51 85.54 85.72 85.93 86.21 86.36 86.07 85.75 85.30 85.30 85.11 85.07 85.05 85.06 85.14 85.27 85.56 85.54 85.36 85.23 85.18 85.16 85.18 85.20
81°S ||     85.39 85.43 85.44 85.52 85.37 85.42 85.45 85.48 85.51 85.55 85.59 85.63 85.74 85.76 85.64 85.64 85.67 85.70 85.73 85.76 85.78 85.81 85.83 85.85 85.88 85.91 85.96 85.98 86.00 86.03 86.06 86.16 86.14 86.16 86.23 86.21 86.08 86.10 86.09 86.11 86.23 86.14 85.95 85.99 85.89 85.81 85.86 85.98 86.02 85.96 86.07 86.01 86.17 86.72 86.50 86.64 86.82 86.52 86.79 86.72 86.52 86.60 86.65 86.63 86.63 86.60 86.63 86.65 86.61 86.55 86.63 86.53 86.42 86.44 86.47 86.48 86.43 86.43 86.43 86.47 86.75 86.42 86.30 86.27 86.25 86.27 86.26 86.27 86.26 86.25 86.24 86.26 86.18 86.06 85.91 85.70 85.23 84.73 85.35 85.43 85.75 85.96 85.92 85.99 86.16 86.28 86.36 86.49 86.47 86.39 86.26 86.44 86.51 86.58 86.58 86.62 86.64 86.69 86.67 86.67 86.65 86.67 86.63 86.59 86.58 86.60 86.37 86.39 86.43 86.47 86.51 86.64 86.67 86.73 86.75 86.74 86.73 86.36 85.87 85.75 85.72 85.69 85.67 85.77 85.81 85.82 85.78 85.87 85.92 85.97 86.05 86.10 86.16 86.02 86.09 86.22 86.31 86.12 86.03 86.05 86.32 86.18 86.00 86.00 86.08 86.04 86.29 85.89 85.43 85.24 85.26 85.35 85.43 85.57 85.74 85.34 85.41 85.41 85.29 85.33
79°S ||     85.58 85.62 85.63 85.70 85.69 85.66 85.67 85.69 85.70 85.82 85.74 85.80 85.83 85.85 85.91 85.99 85.95 86.08 85.90 86.02 85.95 85.97 85.96 86.24 86.49 85.90 86.16 86.45 86.35 86.41 86.37 86.37 86.36 86.37 86.40 86.42 86.42 86.41 86.36 86.34 86.34 86.21 86.56 86.63 86.07 86.19 86.18 86.11 86.09 86.26 86.40 86.26 86.69 86.59 86.64 86.76 86.90 86.16 86.55 86.25 86.69 86.55 86.18 86.45 86.47 86.66 86.69 86.65 86.64 86.62 86.60 86.62 86.61 86.62 86.61 86.59 86.61 86.64 86.62 86.50 86.56 86.67 86.50 86.48 86.50 86.64 86.42 86.54 86.43 86.46 86.50 86.42 86.39 86.21 85.65 85.66 85.38 85.71 86.05 86.22 86.16 86.31 86.33 86.37 86.41 86.53 86.43 86.49 86.34 86.50 86.25 86.43 86.33 86.33 86.12 86.07 86.49 86.58 86.74 86.77 86.80 86.79 86.80 86.79 86.81 86.79 86.77 86.79 86.78 86.80 86.77 86.76 86.80 86.79 86.79 86.80 86.84 86.85 86.81 86.81 86.81 86.83 86.64 86.41 86.52 86.19 85.90 85.90 85.89 85.83 85.87 85.93 86.17 86.82 86.73 86.21 86.09 86.41 85.71 85.72 86.08 85.75 85.57 85.48 85.44 85.50 85.40 85.64 85.47 85.45 85.45 85.49 85.56 85.38 85.32 85.40 85.46 85.52 85.53 85.54
77°S ||     86.06 85.89 85.86 85.84 85.79 85.95 85.92 86.13 86.11 86.13 86.12 86.15 86.34 86.22 86.19 86.23 86.29 86.29 86.35 86.26 86.22 86.25 86.22 86.28 86.25 86.32 86.44 86.49 86.40 86.47 86.45 86.46 86.46 86.46 86.46 86.47 86.45 86.47 86.46 86.46 86.46 86.47 86.43 86.35 86.31 86.19 85.89 86.30 85.84 86.01 86.47 86.36 86.28 85.98 86.09 86.22 86.32 86.30 86.38 86.37 86.54 86.64 86.54 86.59 86.70 86.72 86.71 86.73 86.74 86.72 86.70 86.69 86.66 86.68 86.66 86.66 86.65 86.60 86.48 86.50 86.46 86.38 86.35 86.26 86.41 86.53 86.45 86.47 86.35 86.42 86.43 86.40 86.20 86.10 86.03 85.91 85.60 85.36 86.06 86.69 86.88 86.96 86.96 86.32 86.47 86.39 86.41 86.51 86.35 86.53 86.38 86.35 86.32 86.56 86.76 86.66 86.35 86.28 86.04 85.91 85.85 85.62 85.53 85.85 86.20 86.47 86.65 86.64 86.58 86.47 86.15 86.50 86.59 86.21 86.54 86.65 86.81 86.76 86.61 86.54 86.37 86.39 86.26 86.52 86.85 86.82 86.73 86.66 86.26 86.28 86.32 85.87 86.27 86.45 86.45 85.95 85.73 85.77 85.63 85.65 85.69 85.59 85.58 85.73 85.66 85.62 85.69 85.75 85.77 85.75 85.69 85.74 85.88 85.68 85.69 85.73 85.84 85.94 85.99 85.88
75°S ||     86.18 86.25 86.12 86.20 86.09 86.08 86.15 86.54 86.28 86.24 86.78 86.96 86.37 86.45 86.44 86.50 86.38 86.44 86.43 86.33 86.33 86.46 86.47 86.56 86.47 86.51 86.54 86.55 86.54 86.52 86.52 86.50 86.52 86.50 86.25 86.46 86.47 86.47 86.45 86.45 86.42 86.40 86.40 86.41 86.44 86.48 86.43 86.38 86.28 86.22 86.28 85.98 85.91 86.13 86.45 86.50 86.47 86.66 86.75 86.77 86.79 86.78 86.75 86.73 86.72 86.72 86.70 86.59 86.70 86.64 86.57 86.48 86.46 86.37 86.34 86.39 86.35 86.45 86.36 86.38 86.42 86.44 86.50 86.40 86.58 86.45 86.45 86.54 86.45 86.45 86.39 86.23 86.15 86.33 86.41 86.43 86.43 86.44 86.47 86.39 86.30 86.36 86.35 86.33 86.49 86.53 86.53 86.44 86.42 86.36 86.31 86.21 85.95 86.05 86.15 85.84 86.07 85.99 85.86 85.96 85.82 85.78 86.19 86.36 86.26 86.19 86.82 86.03 86.14 86.15 86.21 86.48 86.43 86.36 86.32 86.20 86.37 85.80 85.58 85.33 85.29 85.70 86.95 86.86 86.91 86.25 86.61 86.26 86.68 86.86 86.79 86.75 86.71 86.72 86.77 86.13 85.49 85.45 85.43 85.43 85.41 85.50 85.88 85.81 85.91 85.55 85.59 85.70 85.75 85.74 85.79 85.79 85.82 85.97 85.97 86.01 86.08 86.05 86.08 86.11
73°S ||     86.80 86.17 86.55 86.54 86.48 86.31 86.72 86.55 86.57 86.56 86.32 86.13 86.66 86.27 86.42 86.52 86.49 86.49 86.45 86.37 86.28 86.08 86.66 85.96 86.10 86.59 86.45 86.43 86.45 86.48 86.49 86.48 86.53 86.33 86.30 86.11 86.25 86.46 86.40 86.43 86.43 86.46 86.41 86.44 86.46 86.46 86.47 86.33 86.66 87.16 87.16 87.24 87.22 86.38 86.68 86.69 86.79 86.82 86.84 86.85 86.86 86.84 86.81 86.76 86.79 86.58 86.66 86.77 86.78 86.79 86.75 86.61 86.49 86.56 86.48 86.42 86.38 86.45 86.57 86.36 86.37 86.38 86.41 86.60 86.51 86.64 86.72 86.70 86.64 86.67 86.48 86.46 86.27 86.48 86.46 86.52 86.62 86.63 86.63 86.62 86.64 86.64 86.68 86.65 86.61 86.58 86.65 86.39 86.35 86.27 86.01 85.81 85.95 86.21 86.45 86.29 86.41 86.34 86.40 86.20 86.28 86.06 85.94 85.88 86.07 86.04 86.24 86.26 86.42 86.39 86.36 86.42 86.44 86.49 86.54 86.54 86.53 86.60 86.41 86.19 86.44 85.66 85.78 86.15 86.21 86.24 86.28 86.42 86.79 86.63 86.51 86.02 86.48 86.73 86.89 86.95 86.61 86.02 85.50 85.75 85.59 85.77 86.05 86.09 85.68 85.85 86.11 86.19 86.10 86.31 86.76 86.62 86.40 86.32 86.32 86.28 86.37 86.26 86.29 86.74
71°S ||     86.70 86.73 86.80 86.84 86.88 86.98 87.06 87.01 87.02 87.03 87.02 86.63 86.24 86.04 85.63 85.64 86.05 86.14 86.76 86.28 86.32 86.21 86.08 86.13 87.17 86.47 86.47 86.49 86.42 86.29 86.34 86.28 86.27 86.39 86.35 86.33 86.28 86.47 86.38 86.39 86.47 86.38 86.47 86.42 86.45 86.47 86.31 86.20 86.24 86.76 87.16 87.09 87.28 86.24 86.74 86.82 86.85 86.89 86.85 86.86 86.90 86.72 86.65 86.72 86.79 86.84 86.87 86.77 86.78 86.29 86.45 86.56 86.48 86.57 86.40 86.51 86.42 86.15 86.04 85.95 85.90 86.47 86.46 86.46 86.57 86.59 86.67 86.57 86.71 86.63 86.90 86.85 86.63 86.68 86.68 86.58 86.54 86.19 86.53 86.69 86.77 86.62 86.64 86.64 86.63 86.66 86.47 85.97 86.13 86.33 86.36 86.42 86.43 86.52 86.54 86.49 86.63 86.54 86.61 86.65 86.61 86.72 86.74 86.62 86.70 86.51 86.16 86.29 86.95 86.94 86.40 86.49 86.36 85.66 86.15 86.27 86.33 86.06 85.89 86.09 86.30 85.99 86.49 86.58 86.74 86.76 86.74 86.57 86.57 86.67 86.83 86.78 86.92 86.81 87.23 87.33 87.28 87.09 86.88 86.74 86.87 86.76 86.64 86.82 86.92 86.88 86.87 86.77 86.68 86.95 86.71 86.87 86.80 86.81 86.50 86.50 86.53 86.58 86.36 86.67
69°S ||     86.33 86.38 86.59 86.73 86.50 87.32 87.22 87.02 87.11 87.09 87.05 86.93 86.56 86.61 86.35 86.45 85.77 85.88 86.11 86.37 86.58 86.44 86.27 86.21 86.14 86.53 86.38 86.47 86.24 86.59 86.03 86.07 86.02 86.19 86.23 86.29 86.45 86.47 86.53 86.53 86.58 86.54 86.52 86.56 86.57 86.92 86.45 86.63 86.64 86.64 86.67 86.76 86.76 86.83 86.84 86.81 86.83 86.85 86.74 86.74 86.63 86.85 86.82 86.91 86.83 86.71 86.38 86.41 86.45 86.45 86.42 86.49 86.48 86.59 86.66 86.77 86.67 86.35 86.05 86.21 86.30 86.56 86.57 86.34 86.34 86.22 86.27 86.25 86.41 86.57 86.59 86.66 86.15 86.69 86.73 86.69 86.76 86.76 86.75 86.78 86.75 86.73 86.76 86.72 86.59 86.43 86.03 86.67 86.78 86.71 86.62 86.51 86.57 86.51 86.59 86.32 86.30 86.61 86.83 86.93 87.03 86.96 86.98 87.02 87.01 86.96 86.76 86.54 86.38 86.38 86.62 86.54 86.50 86.48 86.98 86.34 85.63 85.85 85.91 86.00 86.12 86.12 85.91 85.98 86.29 86.55 86.62 86.47 86.74 86.79 86.80 86.85 86.58 85.59 86.80 87.22 87.12 85.93 87.22 87.16 87.12 86.98 86.93 86.88 86.73 86.57 86.43 86.47 86.03 85.87 86.42 86.77 86.72 86.60 86.51 86.43 86.37 86.31 86.44 86.42
67°S ||     87.16 86.28 86.12 86.56 86.59 86.66 86.68 87.04 87.04 87.10 87.13 87.12 87.02 86.93 86.71 86.52 86.32 86.03 85.97 85.79 85.77 85.60 85.81 85.83 86.06 86.04 85.96 85.90 86.20 85.74 85.74 85.76 86.11 87.02 86.07 86.22 86.25 86.72 86.48 86.50 86.56 86.55 86.53 86.55 86.56 86.59 86.57 86.64 86.65 86.62 86.65 86.71 86.74 86.74 86.70 86.79 86.89 86.82 86.86 86.80 86.50 86.72 86.86 86.86 86.71 86.59 87.58 87.58 87.33 86.45 86.53 86.55 86.59 86.70 86.80 86.58 86.38 86.07 86.11 85.94 86.13 86.15 86.36 86.33 86.52 86.47 86.55 86.57 86.56 86.57 86.60 86.70 86.66 86.74 86.71 86.78 86.72 86.69 86.69 86.59 86.60 86.20 86.08 86.11 85.92 86.23 86.95 87.23 87.20 86.97 86.91 86.68 86.70 86.51 86.60 86.55 86.77 86.85 87.00 87.02 87.01 87.00 87.04 87.03 86.99 87.11 87.10 87.18 87.19 86.91 86.48 86.11 86.43 86.54 86.10 86.00 85.92 85.68 86.00 85.54 85.70 85.94 85.96 86.49 86.33 86.29 86.01 86.21 86.47 86.66 86.84 86.92 86.76 86.86 86.93 86.96 86.97 86.96 86.79 86.89 86.86 86.88 86.76 86.63 86.77 86.74 86.73 86.72 86.68 86.42 86.77 86.62 86.58 86.45 86.18 86.53 86.16 86.14 86.17 86.44
65°S ||     86.33 86.09 85.90 86.17 86.21 86.74 86.81 87.06 87.01 87.05 87.03 87.10 87.10 87.09 87.03 86.91 86.82 86.77 86.70 86.49 86.17 86.09 86.13 85.99 86.21 86.17 85.96 86.42 86.32 85.97 85.83 86.02 85.89 86.05 86.18 86.26 86.28 86.33 86.35 86.48 86.50 86.56 86.58 86.59 86.64 86.66 86.65 86.64 86.66 86.66 86.60 86.54 86.51 86.59 86.69 86.77 86.77 86.78 86.71 86.20 86.83 86.89 86.99 87.10 86.72 86.90 86.91 86.92 86.59 86.56 86.68 86.61 86.66 86.74 86.86 86.79 86.51 86.41 86.19 85.99 86.01 86.19 86.69 86.39 86.51 86.53 86.54 86.50 86.36 86.58 86.59 86.62 86.60 86.70 86.59 86.72 86.87 86.77 86.62 86.67 86.52 86.54 86.47 86.41 86.18 86.37 86.29 86.44 86.51 86.44 86.43 86.36 86.44 86.76 86.92 87.19 87.18 87.08 86.99 86.94 86.94 87.04 87.13 87.11 87.18 87.15 87.13 87.16 87.16 87.20 86.65 86.60 86.56 86.48 87.30 86.18 86.13 86.19 86.46 85.79 85.76 85.76 86.05 86.07 86.10 85.85 85.76 86.48 86.31 86.15 86.68 86.61 86.55 86.84 86.82 85.95 86.32 86.43 86.78 86.60 86.23 86.32 86.76 86.52 86.65 86.81 86.71 86.76 86.73 86.70 86.49 86.42 86.31 85.93 86.51 86.65 86.40 86.30 86.06 85.98
63°S ||     86.30 86.28 86.53 86.11 85.94 86.24 86.59 86.66 86.84 86.79 86.96 86.86 87.08 86.98 86.99 86.90 86.95 86.96 86.90 86.58 86.23 86.21 86.03 86.09 86.03 86.12 86.13 86.01 85.97 86.02 85.98 86.08 86.23 86.24 86.22 86.07 85.95 86.17 86.43 86.26 86.55 86.35 86.22 86.48 86.51 86.49 86.37 86.57 86.52 86.51 86.38 86.42 86.62 86.88 86.71 86.28 86.55 86.91 86.82 86.85 86.81 86.81 86.90 87.03 87.25 87.11 86.68 87.14 86.59 86.91 86.76 86.65 86.67 86.60 86.66 86.96 87.06 87.00 86.94 86.70 86.58 86.36 86.42 86.41 86.43 86.47 86.55 86.56 86.57 86.55 86.55 86.56 86.64 86.60 86.63 86.52 86.62 86.66 86.56 86.72 86.73 86.56 86.61 86.72 86.63 86.47 86.37 86.23 86.26 86.13 86.44 86.53 86.75 87.08 87.32 87.35 87.37 87.24 87.13 87.08 87.06 87.04 87.07 87.10 87.23 87.27 87.21 87.19 87.20 87.21 87.09 86.75 86.67 86.82 86.57 86.27 86.08 86.18 86.08 85.58 86.68 85.91 86.27 86.21 86.19 86.00 85.89 85.77 85.60 85.90 86.20 86.46 86.33 86.37 86.58 86.80 86.95 86.97 86.79 86.70 86.38 86.43 86.55 86.52 86.43 85.84 85.81 86.06 86.38 86.56 86.65 86.69 86.56 86.73 86.70 86.12 86.40 86.47 86.42 86.58
61°S ||     86.78 86.14 85.86 86.25 86.47 86.61 86.60 86.16 86.23 86.38 86.08 86.24 86.61 86.22 87.35 86.28 86.55 86.51 86.88 86.65 86.58 86.55 86.56 86.14 86.01 85.87 86.58 86.34 85.99 86.06 86.37 86.59 86.61 86.53 86.52 86.32 86.06 86.19 86.14 86.12 86.41 85.95 86.25 86.48 86.29 85.65 86.63 86.75 86.78 86.74 86.72 86.81 86.80 86.59 86.32 86.96 86.96 86.81 86.97 86.97 86.93 86.82 86.91 86.97 87.15 87.37 87.20 86.82 87.25 87.27 87.14 86.96 86.41 86.90 87.03 86.72 86.68 86.74 86.65 86.46 85.91 85.93 86.38 86.56 86.41 86.37 86.30 86.49 86.58 86.56 86.61 86.56 86.58 86.69 86.63 86.68 86.65 86.55 86.63 86.70 86.75 86.66 86.62 86.61 86.27 86.63 86.57 86.60 86.62 86.70 86.79 86.84 86.91 87.03 87.19 87.23 86.97 86.94 86.96 86.82 87.53 87.23 86.88 87.03 87.15 87.20 87.30 87.35 87.18 87.31 87.49 87.34 86.01 87.21 87.10 86.95 86.21 86.31 86.29 86.55 86.02 85.95 85.87 85.94 85.98 85.92 85.92 85.76 85.92 85.90 86.10 86.09 86.13 86.19 86.22 86.87 87.24 87.19 87.17 87.08 86.95 86.78 86.63 86.47 86.40 86.15 85.88 86.04 86.11 85.45 85.96 86.45 86.54 86.37 85.71 85.95 86.09 86.67 86.70 86.67
59°S ||     86.86 86.50 86.36 86.55 86.57 86.45 85.61 86.07 86.21 86.05 86.40 86.06 86.21 85.65 86.33 86.64 86.44 86.54 86.34 86.53 86.63 86.65 86.44 86.34 85.78 86.06 86.19 86.23 86.51 86.07 86.22 86.67 86.73 86.52 86.71 86.53 86.18 85.83 85.72 85.82 86.02 86.44 86.67 86.66 86.61 86.38 86.73 86.83 86.96 86.95 86.96 86.96 86.99 87.00 86.81 86.68 86.78 86.67 86.89 86.99 86.80 86.61 87.15 87.07 86.65 87.38 86.70 87.09 87.27 86.35 86.56 87.05 87.46 86.87 87.21 86.78 86.80 86.60 86.44 86.44 86.07 86.16 86.37 86.23 86.26 86.54 86.44 86.42 86.68 85.91 86.48 86.64 86.69 86.63 86.92 86.52 86.47 86.49 87.11 86.46 86.41 86.68 86.58 86.61 86.66 86.70 86.69 86.66 86.65 86.87 86.93 87.07 87.11 87.12 87.03 86.83 86.87 86.93 86.72 86.44 86.47 86.51 86.93 87.17 87.40 87.47 87.51 87.47 87.52 87.61 87.47 87.45 87.28 87.16 87.20 87.01 86.66 85.92 85.54 85.74 87.04 86.91 85.52 85.53 86.45 85.75 85.83 85.40 85.83 86.11 85.80 85.86 86.21 86.63 86.81 86.94 87.06 87.02 87.09 87.08 87.05 86.99 86.90 86.77 86.48 86.24 86.01 85.95 86.09 85.93 86.60 85.50 86.02 86.17 85.98 86.43 86.60 86.47 86.66 86.77
57°S ||     86.74 86.76 86.87 87.05 86.74 85.88 86.16 86.05 85.76 85.80 85.87 86.99 85.84 85.93 85.67 85.73 86.19 86.52 86.20 86.09 86.91 86.13 86.16 86.15 85.64 86.09 86.27 86.25 86.22 85.68 85.32 86.67 86.50 86.56 86.54 86.35 86.45 86.04 85.91 85.95 85.81 86.23 86.40 86.50 86.57 86.38 86.07 86.03 86.62 86.95 86.98 87.02 86.91 86.89 86.72 86.30 86.18 86.21 86.07 86.00 86.46 87.41 86.77 86.40 87.32 87.56 87.46 86.86 87.98 85.54 87.69 86.86 86.51 86.92 86.65 87.23 87.39 87.20 86.98 87.44 87.46 86.87 86.41 86.47 86.62 86.44 86.48 86.32 86.29 86.51 86.57 86.63 86.44 86.24 86.25 86.21 86.23 86.30 86.57 86.30 86.13 86.23 86.22 86.28 86.28 86.68 86.72 86.84 86.95 87.05 87.14 87.23 87.31 87.37 87.31 87.16 87.24 87.25 87.34 87.18 87.13 87.25 87.49 87.66 87.78 87.77 87.79 87.78 87.78 87.88 87.63 87.55 87.42 87.53 87.46 87.39 87.33 87.01 85.79 86.50 87.09 87.29 85.88 86.01 86.37 86.24 85.98 85.82 85.80 86.07 86.39 86.51 86.59 86.41 86.71 86.56 86.89 86.53 85.98 86.15 86.93 86.99 86.93 86.71 86.41 86.19 86.01 86.00 86.07 85.99 85.76 85.66 86.00 86.06 86.72 86.04 86.06 86.14 86.35 86.69
55°S ||     86.79 86.81 86.90 86.95 86.52 86.47 86.41 86.11 85.99 86.34 86.30 86.22 86.11 86.20 85.97 86.12 86.49 86.41 86.40 86.34 85.96 85.47 85.48 86.89 85.46 86.09 86.34 86.34 86.32 86.12 85.95 86.57 86.54 86.44 86.56 86.29 86.10 85.92 85.63 85.55 85.64 85.56 85.53 85.69 86.24 86.02 85.91 86.18 86.58 86.77 86.95 86.97 86.98 86.63 86.37 85.71 85.98 85.68 85.93 87.16 86.37 87.54 87.66 87.33 86.57 88.08 88.08 88.14 88.08 88.09 88.09 87.78 86.36 86.70 87.41 86.95 86.79 87.28 87.17 87.10 86.76 86.55 86.64 86.63 86.56 86.46 86.47 86.29 86.37 86.17 86.36 86.50 86.66 86.44 86.51 86.81 87.28 86.53 86.50 86.57 86.56 86.51 86.11 86.23 86.13 86.32 86.82 86.90 87.05 87.19 87.29 87.38 87.50 87.61 87.61 87.70 87.76 87.83 87.86 87.98 88.12 88.19 88.22 88.27 88.36 88.21 88.12 88.11 88.32 87.97 87.82 87.75 87.66 87.50 87.60 87.54 86.62 87.12 87.01 86.77 86.62 86.48 86.54 86.56 85.75 86.05 86.14 86.14 86.39 86.61 86.85 86.85 87.30 87.05 86.53 86.66 86.81 85.89 86.03 87.00 86.80 86.64 86.49 86.51 86.22 86.10 86.22 86.37 86.55 86.37 86.34 85.89 86.43 86.15 85.99 86.07 86.26 86.55 86.57 86.74
53°S ||     86.83 86.54 86.59 87.04 87.18 86.03 86.59 86.69 86.68 86.52 86.62 86.23 86.08 86.36 86.36 86.35 86.13 86.41 86.32 86.39 86.29 85.78 85.53 86.38 86.04 86.26 87.04 86.23 86.37 86.22 86.47 86.37 86.36 86.56 86.40 86.39 86.36 85.74 85.50 85.48 85.39 85.51 85.89 86.06 86.22 86.33 86.46 86.42 87.04 87.47 86.17 86.23 86.46 86.28 86.39 86.78 86.66 86.13 86.06 86.74 86.38 87.60 87.67 87.75 88.26 88.18 88.10 88.11 88.12 88.13 88.13 88.07 87.88 87.67 87.13 87.00 87.18 87.38 86.88 87.03 87.15 87.04 86.94 86.81 86.65 87.24 86.76 86.47 86.57 86.60 86.39 86.35 86.27 86.60 86.21 86.10 86.35 86.42 86.49 86.40 86.52 86.60 86.29 85.76 86.68 86.52 86.67 86.90 87.00 87.07 87.37 87.48 87.65 87.77 87.83 87.94 88.14 88.23 88.57 89.09 89.55 89.92 90.10 90.16 90.20 89.80 89.66 89.72 89.74 89.62 88.86 87.98 87.99 88.09 87.59 87.69 87.71 87.53 86.80 86.79 86.89 86.54 86.59 86.31 86.42 86.91 86.33 86.32 86.38 86.20 86.41 86.69 86.94 87.07 87.45 86.85 86.75 85.69 87.02 86.76 86.87 86.88 86.87 86.61 86.41 86.36 86.11 86.37 85.92 86.35 86.51 86.01 85.58 85.58 86.03 86.49 86.54 86.62 86.79 86.83
51°S ||     86.75 86.63 86.37 86.43 86.88 86.75 86.68 86.07 86.83 86.45 86.18 86.38 86.26 86.46 86.33 86.25 86.32 85.80 86.21 86.27 86.10 85.82 85.46 85.32 85.06 86.04 85.78 86.09 86.32 86.32 86.23 86.37 86.13 86.05 86.20 85.98 86.00 85.90 85.67 85.07 85.05 84.93 85.24 86.06 86.21 86.36 86.44 86.16 87.10 87.38 86.09 86.07 85.71 85.51 86.32 87.07 87.22 87.20 86.51 86.05 86.04 86.23 87.69 88.04 88.17 88.08 88.15 88.12 88.12 88.12 88.12 88.15 87.89 87.91 87.99 88.14 87.17 87.21 86.96 86.98 87.09 87.02 86.73 86.59 86.42 86.83 86.28 86.37 86.55 86.53 86.51 86.56 86.65 86.71 86.50 86.21 86.31 86.38 86.44 86.16 86.60 86.39 86.17 86.51 86.42 86.55 86.80 87.01 87.17 87.21 87.55 87.65 87.70 87.89 88.03 88.25 88.60 89.17 89.78 90.50 90.77 91.15 91.30 91.50 91.49 91.51 91.33 91.34 91.22 91.01 91.32 90.76 88.64 88.54 88.09 87.80 87.38 86.51 85.87 87.11 86.86 86.38 87.08 86.30 85.87 86.07 86.34 86.77 86.57 86.63 86.91 86.92 86.82 86.73 86.26 86.73 86.77 86.88 86.81 86.83 86.78 86.41 86.52 86.80 86.76 86.59 86.18 86.73 86.42 86.68 86.38 86.07 86.41 85.94 86.03 86.27 86.38 86.56 86.63 86.74
49°S ||     86.05 86.26 86.14 86.47 87.06 87.21 87.30 86.68 86.69 85.91 86.28 85.92 85.90 85.78 86.02 85.87 85.81 85.85 85.27 85.48 85.74 85.96 85.34 85.22 85.75 85.57 85.86 86.31 86.28 86.27 86.11 86.30 86.01 85.03 85.01 85.14 85.40 85.39 85.43 85.03 84.89 84.95 85.10 85.79 86.08 86.23 86.26 86.25 86.19 86.11 85.96 85.70 85.34 85.20 85.42 85.79 86.64 86.71 86.20 86.05 87.37 87.55 87.66 87.80 88.08 88.25 88.14 88.15 88.12 88.19 88.20 88.08 87.97 87.35 87.59 86.98 86.98 87.21 86.91 87.00 87.01 86.96 86.76 86.50 86.52 86.19 86.30 87.31 86.83 86.53 86.37 86.50 86.93 86.94 86.54 86.34 85.89 86.68 86.17 86.17 86.15 86.17 86.40 86.67 86.75 86.49 86.46 87.02 87.17 87.38 87.17 87.55 87.85 88.09 88.57 89.18 89.81 90.23 90.83 91.22 91.82 92.20 91.83 91.80 90.95 91.45 91.54 91.65 91.53 91.48 91.51 91.52 91.27 90.75 89.38 88.50 87.75 87.31 87.53 87.21 87.37 86.89 86.12 86.54 86.66 85.92 86.46 86.27 86.66 86.76 86.23 86.60 86.59 86.55 86.44 86.77 86.61 86.45 86.18 86.20 85.23 85.87 86.48 86.36 86.11 86.54 86.83 87.05 86.57 87.03 86.95 86.72 86.67 86.28 85.94 85.60 85.77 85.95 86.24 86.37
47°S ||     85.88 86.28 86.08 86.05 86.60 87.04 86.51 86.10 86.52 86.18 85.93 86.02 85.20 86.30 85.36 85.55 84.88 85.08 85.71 85.54 85.94 85.43 85.72 85.98 85.94 86.30 85.78 86.07 86.22 86.19 86.19 86.18 86.23 85.54 85.38 85.49 85.72 85.77 85.75 85.51 85.16 85.07 85.36 85.46 85.35 85.87 85.88 85.96 85.78 85.82 85.54 85.41 85.13 85.14 85.10 85.40 85.68 85.66 86.11 86.50 85.74 87.15 86.85 87.62 87.61 88.15 88.25 88.23 88.20 88.24 88.22 88.13 88.04 87.41 87.60 87.57 86.98 86.93 86.77 86.36 86.88 86.70 86.62 86.59 86.33 86.37 86.18 86.38 86.64 86.55 86.63 86.64 87.04 86.60 86.43 85.87 86.14 86.03 86.29 86.74 86.16 85.88 86.09 86.36 87.03 87.05 86.75 86.99 87.30 87.25 87.15 87.39 87.77 87.92 89.77 90.94 91.36 92.07 92.48 91.80 91.39 91.65 91.99 91.90 91.52 91.23 91.03 91.40 91.57 91.47 91.48 91.29 91.31 91.22 90.67 89.67 88.71 87.95 87.67 87.54 87.46 87.36 86.93 86.56 87.01 86.98 86.53 86.82 86.76 86.75 86.75 86.27 86.12 86.43 86.09 86.33 86.37 85.89 85.59 86.17 86.78 86.87 86.10 86.03 86.44 86.88 86.75 86.90 87.05 86.96 86.91 86.85 86.16 86.17 85.92 86.38 86.10 85.98 86.28 86.17
45°S ||     86.31 86.37 86.25 86.30 86.52 86.48 86.58 86.60 86.70 86.01 85.80 86.26 85.82 85.66 85.73 85.73 86.53 85.67 86.00 86.10 85.90 86.14 86.65 85.81 86.12 86.32 86.17 86.05 86.05 86.00 85.88 85.95 85.88 85.70 85.69 85.66 85.68 85.70 85.79 85.80 85.51 85.43 85.58 85.51 85.48 85.66 85.66 85.48 85.33 85.17 85.11 85.11 85.08 84.70 84.56 85.51 85.88 86.01 86.34 86.59 86.86 86.83 87.16 87.27 87.25 87.92 88.07 88.76 88.65 88.34 88.27 88.18 87.85 87.70 87.53 87.65 86.83 86.79 86.76 87.43 86.49 86.66 86.43 86.39 86.33 86.25 86.25 86.66 86.64 86.57 86.46 86.54 86.71 86.53 86.35 86.44 86.14 86.17 86.13 86.73 85.47 86.04 86.21 86.28 86.79 86.29 86.78 86.97 87.15 87.17 87.26 87.21 87.77 88.60 91.01 91.48 92.40 92.51 91.92 92.29 92.09 92.33 92.16 92.15 91.93 92.29 92.42 91.53 91.38 91.84 91.48 91.37 91.37 91.24 90.66 90.33 89.18 88.14 87.79 87.65 87.46 87.55 85.97 87.02 87.03 86.80 86.89 86.64 86.49 86.79 86.50 86.31 86.54 86.29 86.35 86.06 85.86 85.93 85.49 84.86 85.89 85.73 86.18 86.89 86.98 86.89 86.46 87.01 86.56 86.62 86.86 86.77 86.15 86.18 86.24 85.52 85.56 86.07 86.23 86.15
43°S ||     86.77 86.10 86.88 86.55 86.77 86.47 86.57 86.54 86.34 86.12 85.79 85.85 85.68 85.51 85.80 85.83 86.16 86.23 86.11 86.09 85.65 85.85 86.02 86.03 85.77 86.07 86.15 86.15 85.55 85.81 85.67 85.89 85.92 85.51 85.59 85.58 85.60 85.69 85.84 85.92 85.40 85.19 84.32 84.38 85.10 85.45 85.32 85.11 85.15 84.92 84.83 84.85 84.78 84.87 84.93 85.58 85.67 85.83 85.94 86.28 86.28 86.37 86.75 86.34 87.48 87.40 87.78 87.86 87.93 87.98 87.91 87.89 87.52 87.71 87.59 86.93 86.84 86.99 86.88 86.97 86.78 87.69 86.40 86.58 86.44 86.44 86.32 86.68 86.65 86.44 86.36 86.51 86.55 86.48 86.45 86.25 86.43 86.23 86.51 86.11 86.06 86.17 86.05 85.71 85.78 86.09 86.68 87.24 86.88 87.05 87.14 87.23 87.88 89.55 91.33 92.17 92.15 91.88 92.11 92.47 92.24 92.23 91.97 92.30 92.23 91.58 91.74 91.66 91.92 91.65 91.46 91.42 91.21 90.88 89.91 89.79 89.22 88.31 87.78 87.78 87.65 87.68 87.46 87.40 87.21 87.06 86.87 86.70 86.71 87.20 86.90 86.77 86.70 86.38 86.33 86.06 85.80 85.78 85.85 85.87 85.67 85.76 86.36 87.02 87.15 87.11 86.96 86.87 86.55 86.73 86.71 86.82 85.66 86.34 86.38 86.97 86.09 86.30 86.57 86.52
41°S ||     86.93 86.85 86.88 87.17 87.01 86.41 86.50 86.41 86.91 87.19 87.65 87.52 86.56 85.87 86.10 86.00 85.60 85.85 85.57 85.89 85.58 86.07 86.02 86.01 85.83 85.07 85.54 85.70 85.90 85.47 85.35 85.57 85.40 85.41 85.19 85.45 85.51 85.66 85.69 83.82 83.55 83.39 81.78 81.54 81.63 83.72 83.72 83.74 84.43 84.75 84.50 84.84 84.63 84.80 84.79 84.85 84.95 85.41 86.18 86.05 85.76 85.28 86.46 86.98 86.94 87.38 87.37 87.57 87.80 87.83 87.79 87.53 87.70 87.26 87.30 87.30 87.14 87.76 87.09 86.74 86.92 86.82 86.54 86.54 86.39 86.40 86.50 86.74 86.74 86.61 86.39 86.56 86.32 86.36 86.46 86.04 85.90 86.34 86.29 86.19 85.91 85.99 85.59 85.40 86.77 86.17 86.50 86.95 86.98 87.00 87.17 87.37 87.86 89.61 91.01 92.21 92.20 91.54 92.32 92.35 92.33 92.16 92.41 92.55 92.13 91.58 91.91 92.00 91.78 91.93 91.68 91.39 90.69 90.09 89.80 89.54 88.90 88.24 88.01 87.80 87.90 87.28 87.12 87.32 86.48 86.58 86.89 86.97 87.01 86.96 86.88 86.86 86.86 86.32 86.19 86.14 85.92 86.28 86.24 86.03 85.97 85.91 86.46 86.79 86.90 86.80 86.88 86.81 86.17 86.56 86.57 85.92 85.84 86.48 86.40 86.48 86.53 86.71 86.87 86.58
39°S ||     86.81 86.93 86.68 86.35 87.08 86.32 86.72 86.60 85.96 86.33 87.35 87.34 86.16 85.87 86.40 86.15 86.38 85.97 86.19 86.25 86.39 85.73 86.41 86.40 86.15 86.14 85.93 85.67 85.79 85.67 85.55 83.84 84.82 85.19 85.19 85.34 85.46 85.42 84.76 84.62 84.10 82.96 82.66 82.75 83.10 83.22 83.14 83.38 82.84 83.84 84.50 84.53 84.57 84.68 84.83 84.87 85.08 85.38 85.47 85.91 85.93 86.07 85.68 85.89 86.55 86.07 87.03 87.73 87.65 87.61 87.65 87.64 87.37 87.25 87.36 87.27 87.21 87.05 86.93 86.95 86.91 86.91 86.78 86.63 86.59 86.39 86.69 86.90 86.63 86.57 86.76 86.80 86.72 86.34 86.51 86.20 86.21 86.18 86.15 86.51 85.94 86.11 85.80 85.92 85.85 85.82 86.45 86.82 87.02 87.05 87.05 87.50 87.89 88.73 90.81 92.32 92.57 92.43 91.98 92.26 92.55 92.41 92.52 92.56 92.26 91.92 92.28 92.01 92.14 91.76 91.48 90.94 90.24 89.88 89.37 89.06 88.83 88.54 87.98 87.60 87.52 87.06 87.05 86.95 86.94 87.10 87.17 87.05 86.42 86.92 86.96 87.03 86.82 86.67 86.34 86.56 86.34 86.08 86.58 86.43 86.16 86.04 86.05 86.25 86.55 86.66 87.02 86.87 86.62 86.59 86.71 86.55 86.84 86.75 86.78 86.53 86.65 86.85 86.97 87.08
37°S ||     87.10 86.94 86.95 86.62 87.46 87.24 86.90 86.18 85.72 85.14 84.87 85.71 85.61 86.39 86.74 86.71 86.72 86.73 86.58 86.50 86.48 86.46 86.15 86.34 86.03 85.69 85.76 85.33 85.21 85.68 85.55 84.72 84.85 84.29 84.93 84.10 84.63 82.89 83.01 84.57 82.86 82.15 83.36 83.40 83.32 83.29 83.49 84.14 83.59 83.57 83.38 83.94 84.50 84.95 84.96 85.08 84.99 85.50 85.62 85.47 85.46 86.14 86.13 86.46 86.85 86.82 87.17 87.31 86.16 87.46 87.22 87.28 87.33 87.41 87.31 87.20 87.12 87.10 87.12 86.95 86.76 86.64 86.39 87.44 86.67 86.49 86.49 86.40 86.83 86.58 86.69 86.81 86.77 86.58 86.19 86.44 86.13 86.06 86.42 86.38 85.87 85.85 85.74 85.90 86.08 86.06 87.26 86.51 86.93 87.11 87.15 87.22 87.57 88.53 89.61 91.90 92.61 92.90 93.20 92.31 92.38 92.41 91.95 92.53 92.04 92.13 91.94 92.05 91.99 91.87 91.67 90.65 89.77 89.42 88.96 88.70 88.29 88.00 87.81 87.64 87.18 87.24 86.84 86.86 86.72 86.82 87.06 87.07 87.04 86.92 87.06 86.94 86.86 86.80 86.66 86.68 86.86 86.69 86.59 85.97 86.27 86.21 85.81 85.78 86.40 86.57 87.00 86.65 86.69 86.82 86.95 86.93 86.91 86.90 86.73 86.58 87.11 87.22 87.12 87.40
35°S ||     87.11 87.48 86.98 86.37 86.88 86.33 86.22 86.39 85.82 85.14 85.01 85.74 86.37 86.53 86.68 86.61 86.73 85.47 86.53 86.48 86.42 86.23 86.22 86.05 85.59 85.79 85.62 85.48 84.99 85.10 84.81 84.67 84.74 84.48 84.59 84.73 84.09 82.78 82.88 82.84 82.34 83.31 83.97 83.89 83.61 83.86 83.70 83.78 84.04 84.09 83.93 83.15 83.88 84.83 85.15 85.33 85.33 85.34 85.37 85.46 85.63 85.80 85.80 86.73 86.69 86.20 86.42 86.76 86.69 87.29 87.22 87.33 87.16 86.93 87.03 87.16 87.17 87.16 87.31 87.10 86.82 86.58 86.74 86.59 86.67 86.38 86.29 86.40 86.51 86.57 86.60 86.75 86.67 86.30 86.32 86.29 86.51 86.70 86.13 86.01 86.05 85.55 85.68 86.02 86.19 86.16 86.22 86.57 87.02 86.92 86.90 87.04 87.30 87.49 88.26 89.61 92.29 92.65 93.01 93.09 92.35 92.31 92.95 92.93 91.99 92.10 92.04 91.91 91.99 91.80 90.99 89.31 88.73 88.68 88.45 88.22 88.32 87.99 87.96 87.93 87.35 87.10 86.43 86.83 86.62 86.74 86.86 86.93 87.03 87.09 86.97 86.80 86.25 86.26 86.33 86.59 86.33 86.14 86.43 86.62 86.40 86.10 86.47 86.66 86.50 86.51 86.37 86.59 86.57 86.19 87.00 87.07 86.83 86.78 86.93 86.99 87.38 87.26 86.99 86.49
33°S ||     87.19 87.26 86.40 86.25 86.41 85.65 86.00 85.18 85.19 85.69 85.63 85.86 86.44 86.58 86.84 86.54 86.76 86.80 86.50 86.51 85.85 86.27 86.20 86.16 85.88 85.62 85.63 85.44 85.22 84.95 84.78 84.02 84.36 84.15 83.83 83.99 83.37 82.47 82.32 81.70 81.94 83.34 84.15 83.80 84.47 83.90 84.72 84.80 84.58 84.63 84.08 83.23 82.49 84.01 84.82 85.33 85.30 85.36 85.40 85.39 85.73 86.12 86.02 86.70 86.78 86.84 86.82 86.82 86.76 86.63 86.81 87.20 87.16 86.95 87.24 86.98 87.30 87.14 87.11 87.19 87.03 86.87 87.04 86.77 86.71 86.60 86.54 86.43 86.43 86.49 86.51 86.23 86.42 86.57 86.36 86.47 86.27 86.49 86.23 85.77 85.93 85.78 85.56 85.77 86.01 86.12 86.13 86.07 86.65 86.89 86.76 86.72 86.54 86.82 87.31 88.11 90.40 91.75 92.39 92.81 92.78 93.10 92.12 91.92 92.15 92.14 91.87 91.84 90.97 90.01 89.50 88.55 88.09 88.05 88.02 88.02 88.18 88.06 87.87 87.83 87.59 87.13 86.84 86.75 86.61 86.56 86.70 86.66 86.76 86.87 86.85 86.63 86.50 86.32 85.85 85.75 85.85 85.79 86.38 86.01 86.31 86.55 86.13 86.38 86.27 86.21 86.55 86.68 86.87 86.54 86.70 87.08 86.48 86.90 86.91 87.04 87.14 86.99 86.75 86.73
31°S ||     87.16 86.60 86.48 86.41 85.83 85.89 85.41 85.79 85.89 85.75 85.90 85.93 86.28 86.53 86.77 86.78 86.79 86.39 86.28 86.54 86.19 86.23 86.16 86.08 85.89 85.83 85.63 85.43 85.13 84.82 84.54 84.37 84.30 83.74 83.58 84.07 83.28 82.28 82.41 81.67 82.59 83.37 83.74 84.29 84.51 84.72 84.76 84.97 84.98 85.10 84.27 83.25 83.61 83.72 83.86 83.82 85.03 85.53 85.52 85.80 86.15 86.48 86.69 86.75 86.89 86.86 86.93 87.03 86.98 86.94 87.02 87.55 86.98 86.81 86.95 86.95 87.03 87.12 87.25 87.24 87.29 87.22 87.06 87.07 86.95 86.66 86.42 86.28 86.44 86.47 86.44 86.50 86.27 86.45 86.50 86.41 86.47 86.37 86.33 85.96 85.93 86.36 86.09 85.92 86.17 86.32 86.40 86.15 86.67 86.86 87.03 86.71 87.01 86.93 87.48 87.47 88.06 88.42 88.83 91.29 92.02 92.56 91.71 91.99 91.82 91.93 91.55 91.01 88.89 88.11 88.57 88.32 87.97 87.96 87.92 87.75 87.73 87.86 87.84 87.68 87.63 86.86 86.90 86.67 86.77 86.42 86.53 86.51 86.53 86.60 86.70 86.53 86.35 86.35 86.04 85.96 86.51 85.77 85.60 85.42 86.42 86.69 86.98 86.50 86.66 86.80 86.92 86.85 86.89 86.79 86.68 86.89 86.62 86.85 86.84 86.69 86.84 86.96 86.94 86.89
29°S ||     87.17 86.62 85.46 86.43 85.85 85.68 86.14 85.73 86.01 85.84 85.83 86.02 86.52 86.70 86.79 86.76 86.74 85.83 86.63 86.61 86.43 86.19 86.18 86.06 85.98 85.81 85.65 85.37 85.05 84.77 84.51 84.18 83.97 83.91 83.85 83.11 83.14 82.68 81.38 80.52 82.49 83.50 83.90 84.20 84.53 84.80 84.98 85.12 85.23 85.25 85.24 85.13 84.49 84.51 84.43 83.76 84.02 84.48 85.51 85.77 86.22 86.76 86.87 86.84 87.10 86.91 86.80 86.90 87.08 87.06 87.18 87.38 87.19 86.93 87.12 87.32 87.17 87.16 87.40 87.37 87.34 87.35 87.19 87.27 86.84 86.80 86.68 86.47 86.36 86.49 86.53 86.55 86.64 86.57 86.53 86.45 86.48 86.07 86.39 86.07 86.49 86.55 86.29 86.29 86.52 86.62 86.68 86.60 86.11 86.80 86.56 86.99 87.09 87.17 86.65 86.86 87.67 87.59 87.95 87.95 88.37 88.34 89.22 90.77 89.81 90.03 88.92 89.32 88.09 87.90 87.76 87.60 87.78 87.86 87.77 87.58 87.67 87.65 87.61 87.28 87.24 87.02 86.82 86.71 86.67 86.55 86.52 86.58 86.58 86.62 86.65 86.47 86.45 86.06 86.26 85.87 85.43 85.65 86.30 85.38 86.25 86.63 86.77 86.37 86.80 86.12 86.78 86.94 86.75 86.66 86.83 86.73 86.56 86.66 86.71 86.88 86.74 86.87 86.98 87.11
27°S ||     86.95 86.61 86.57 86.50 85.98 85.85 86.35 85.54 85.93 86.23 86.13 86.46 86.42 86.57 86.84 86.66 86.86 86.17 86.65 86.16 86.19 86.21 86.10 86.07 85.88 85.76 85.62 85.49 85.05 84.73 84.39 84.07 83.67 83.67 83.49 83.64 83.82 82.51 82.24 80.73 82.73 83.54 83.89 84.28 84.61 84.89 85.10 85.26 85.36 85.53 85.54 85.62 85.40 84.85 84.86 84.95 85.21 85.19 85.10 85.09 84.90 86.31 86.93 86.96 86.94 86.97 87.06 87.20 87.05 86.99 87.02 87.42 87.49 87.64 87.36 87.13 87.34 87.36 87.50 87.50 87.49 87.48 87.41 87.24 87.15 86.95 87.00 87.00 86.69 86.57 86.51 86.66 86.66 86.30 86.43 86.54 86.54 86.29 86.28 86.27 86.51 86.70 86.26 86.51 86.68 86.57 86.81 86.28 85.92 86.15 86.69 86.72 86.94 86.77 86.73 86.80 86.79 87.63 87.58 87.70 87.78 87.78 87.93 87.97 88.01 88.15 88.48 88.18 88.10 87.87 87.62 87.75 87.78 87.67 87.43 87.55 86.01 87.60 87.59 86.44 86.89 86.63 86.56 86.56 86.59 86.61 86.61 86.62 86.54 86.51 86.49 86.27 85.85 85.75 85.63 85.88 86.41 85.54 85.61 86.18 85.86 86.26 86.67 86.66 87.00 86.29 86.87 86.68 86.87 86.99 86.95 86.82 86.48 86.29 86.33 86.66 86.66 86.71 87.00 87.05
25°S ||     87.06 86.49 86.79 86.55 86.48 86.42 86.53 86.81 86.33 86.61 86.45 86.94 86.94 86.88 86.97 86.80 86.85 86.52 86.21 86.61 86.29 86.15 86.11 85.98 85.85 85.65 85.50 85.33 84.97 84.52 84.17 83.87 83.60 83.41 83.33 82.67 83.04 83.38 82.24 82.56 82.97 83.49 83.96 84.30 84.53 84.79 84.97 85.22 85.38 85.42 85.62 85.69 85.44 85.10 84.29 84.96 85.25 85.40 85.39 85.25 84.60 85.74 86.77 86.83 86.95 86.97 86.98 86.57 86.78 86.90 86.96 86.99 87.35 87.76 87.87 87.46 87.56 87.62 87.74 87.58 87.59 87.53 87.70 87.47 87.60 87.18 87.24 87.24 87.20 86.69 86.94 86.82 87.00 86.28 86.63 86.59 86.59 86.20 85.90 86.51 86.54 86.42 86.50 86.53 86.40 86.06 86.45 85.85 85.66 85.98 86.25 86.33 86.65 86.51 86.92 87.27 87.00 87.43 87.57 87.68 87.76 87.69 87.63 87.91 87.74 88.04 87.94 87.65 87.57 87.46 87.57 87.40 87.38 87.53 87.39 86.83 86.75 87.01 86.28 86.67 86.56 86.40 86.27 86.33 86.42 86.49 86.74 86.54 86.49 86.38 86.34 86.16 85.82 85.46 85.61 85.85 86.19 85.80 85.31 85.70 85.60 85.97 86.34 86.72 86.42 86.46 86.85 86.47 86.75 86.91 86.91 86.59 86.32 86.80 86.85 86.68 86.79 87.09 87.27 87.03
23°S ||     87.05 87.04 86.61 86.62 86.53 86.61 86.78 86.91 87.01 87.07 87.06 87.02 87.17 87.23 87.02 87.14 86.03 86.31 86.69 86.35 86.34 86.10 86.09 85.99 85.81 85.54 85.32 84.99 84.62 84.24 83.89 83.50 83.29 83.16 83.20 83.13 82.32 82.68 82.20 82.46 82.94 83.49 83.82 84.08 84.33 84.56 84.81 85.05 85.32 85.48 85.76 85.76 85.77 85.46 84.78 84.95 85.25 85.26 85.22 84.90 84.27 85.97 86.69 86.75 86.53 86.70 86.92 86.64 86.94 86.93 86.79 87.15 87.26 87.62 87.72 87.81 87.54 87.64 87.57 87.68 87.68 87.63 87.65 87.79 87.58 87.36 87.43 87.49 87.39 86.56 87.04 86.86 87.07 87.08 87.09 86.70 86.61 87.42 86.51 86.18 86.32 86.13 85.93 85.79 86.05 86.43 85.75 85.69 85.41 85.95 86.17 86.56 86.45 86.13 86.10 86.33 86.81 87.00 87.20 87.35 87.62 87.46 87.63 87.75 87.76 87.92 87.73 87.48 87.47 87.37 87.11 87.15 87.27 87.35 86.75 86.29 85.73 85.90 86.25 86.52 86.34 86.19 85.92 86.06 86.34 86.44 86.51 86.59 86.37 86.32 86.25 86.19 86.37 86.24 86.30 85.82 86.25 85.84 85.49 85.79 85.43 86.17 86.37 86.59 86.59 86.74 86.68 86.81 86.75 87.20 86.79 87.45 86.79 86.86 86.92 86.87 86.72 87.20 87.42 87.05
21°S ||     86.91 86.98 86.65 86.65 86.61 86.61 86.87 87.36 87.15 87.09 86.98 87.03 87.11 86.98 87.08 87.16 86.87 86.58 86.61 86.42 86.26 86.09 86.04 85.89 85.71 85.50 85.12 84.66 84.15 83.72 83.40 83.04 82.82 82.78 82.91 82.43 82.59 81.90 82.04 82.52 82.88 83.28 83.53 83.79 84.09 84.30 84.62 84.86 85.12 85.34 85.50 85.70 85.75 85.41 84.98 85.25 84.89 85.16 84.87 84.55 84.63 84.96 86.63 86.62 86.70 86.60 86.90 86.99 86.96 86.99 87.09 87.08 87.25 87.44 87.76 87.90 87.74 87.67 87.75 87.78 87.74 87.71 87.68 87.79 87.73 87.80 87.52 87.53 87.41 87.14 87.00 87.11 87.21 87.24 86.93 86.82 86.68 86.38 86.32 86.46 86.54 86.62 85.76 86.08 86.31 86.21 86.40 85.54 85.44 85.84 86.24 85.89 86.32 86.30 86.36 86.58 86.68 87.01 87.07 87.37 87.47 87.57 87.30 87.67 87.52 87.44 87.46 86.79 87.12 87.12 87.03 86.91 87.23 86.78 86.43 86.21 85.22 85.36 86.12 86.01 86.22 86.21 85.90 85.62 86.40 86.51 86.52 86.56 86.56 86.36 86.13 85.91 85.66 85.94 86.59 85.95 86.11 86.05 85.61 86.23 86.11 86.27 86.15 86.14 86.65 86.77 86.97 86.81 86.60 87.20 87.31 87.09 87.14 87.33 87.25 86.88 86.58 86.99 86.99 86.79
19°S ||     86.32 86.57 86.57 86.42 86.71 86.92 87.17 87.61 87.59 87.36 87.26 87.07 87.15 87.13 87.26 87.12 86.92 86.87 86.49 86.44 86.28 86.07 85.92 85.68 85.51 85.25 84.88 84.21 83.38 82.93 82.64 82.49 82.35 82.46 82.67 81.14 82.32 81.82 81.95 82.23 82.41 82.77 83.05 83.33 83.68 84.02 84.37 84.64 84.96 85.18 85.33 85.45 85.61 85.56 85.19 84.81 84.79 84.78 84.90 84.80 84.47 85.74 86.47 86.43 86.61 86.76 87.05 87.08 87.13 86.99 87.10 87.24 87.44 87.68 88.00 88.02 87.98 87.70 87.81 87.82 87.94 87.79 87.74 87.73 87.85 87.88 87.65 87.49 87.49 87.53 87.40 87.28 87.31 87.23 86.93 86.98 86.69 86.60 86.79 86.17 86.49 86.56 85.97 86.29 85.91 86.21 85.58 85.40 85.86 85.88 85.70 86.03 86.01 86.18 86.28 86.43 86.46 86.41 86.46 87.20 87.33 87.34 87.41 87.41 87.26 87.27 86.95 86.96 87.02 86.94 86.89 86.48 86.33 86.55 86.30 86.04 85.64 85.51 85.89 86.09 86.35 86.39 86.58 86.57 86.46 86.50 86.53 86.54 86.43 86.34 86.50 86.03 85.73 85.82 86.19 86.32 86.22 86.39 85.95 86.31 86.40 86.23 86.13 86.05 86.53 86.55 86.46 86.41 86.96 87.27 87.46 87.55 87.60 87.72 87.54 87.57 87.47 87.29 87.32 86.37
17°S ||     86.39 86.37 86.48 86.78 86.80 86.98 87.45 87.54 87.54 87.49 87.39 87.21 87.25 86.80 87.23 87.50 87.06 87.04 86.75 86.42 86.28 86.09 85.73 85.44 85.24 84.94 84.47 83.40 82.48 81.91 81.82 81.90 82.07 82.23 81.91 81.28 81.67 81.87 81.72 81.61 81.72 82.12 82.52 82.81 83.30 83.70 84.07 84.36 84.69 84.98 85.12 85.34 85.37 85.45 85.13 84.78 84.30 84.33 84.83 84.72 84.51 85.90 86.46 85.99 86.38 88.07 88.67 87.88 87.08 87.19 86.89 87.21 87.42 87.60 88.02 87.99 88.02 87.71 87.86 87.76 87.85 87.82 87.83 87.82 87.84 87.82 87.73 87.72 87.67 87.56 87.32 87.35 87.35 87.24 87.09 87.06 86.77 86.82 86.52 87.03 86.62 86.40 86.03 86.02 86.00 85.93 86.02 85.56 86.01 85.97 86.11 85.95 85.76 85.74 86.03 86.08 86.23 86.74 86.80 86.41 86.83 86.74 86.90 86.93 86.87 87.19 87.12 87.11 87.02 86.93 86.47 86.53 85.63 85.96 86.08 85.94 85.44 85.47 85.97 86.20 86.46 86.50 86.61 86.70 86.54 86.51 86.48 86.42 86.39 86.17 86.30 86.21 85.91 86.02 85.91 85.97 86.22 86.42 86.23 86.67 86.42 86.38 86.19 86.02 86.84 86.07 86.35 86.57 87.01 87.43 87.55 87.66 87.67 87.76 87.82 87.63 87.65 87.49 87.62 87.21
15°S ||     87.40 86.39 87.11 86.91 87.16 87.29 87.78 87.72 87.47 87.52 87.51 87.25 87.12 87.15 87.27 87.49 86.42 87.11 87.26 86.53 86.34 86.05 85.77 85.47 85.08 84.58 83.74 82.33 80.87 80.41 80.88 81.47 81.65 81.91 82.05 81.98 82.17 82.19 81.51 81.17 81.14 81.72 82.08 82.41 82.92 83.48 83.88 84.18 84.39 84.56 84.60 85.00 85.20 85.21 84.92 84.81 84.44 85.34 84.69 85.50 85.84 87.87 88.43 88.74 89.04 88.81 88.38 89.05 89.03 87.30 87.23 87.56 87.52 87.59 87.90 87.90 87.98 87.89 87.83 87.80 87.83 87.84 87.81 87.90 87.81 87.78 87.79 87.72 87.66 87.61 87.64 87.53 87.44 87.23 87.11 87.12 87.04 86.87 86.45 86.84 86.30 86.39 86.26 85.95 86.05 85.79 85.91 85.88 85.74 85.81 86.16 85.73 85.56 85.54 85.61 85.30 86.11 86.76 86.77 86.79 86.42 86.79 86.77 86.69 86.89 87.04 86.99 87.17 86.76 86.46 86.29 85.54 85.45 85.51 85.77 85.66 85.44 85.62 85.68 86.08 86.36 86.56 86.53 86.56 86.66 86.57 86.40 86.47 86.21 86.33 86.19 86.38 85.86 85.60 86.43 86.59 86.03 86.56 86.62 86.41 86.46 86.36 86.06 86.26 86.64 86.75 86.65 86.68 86.89 87.58 87.72 88.02 87.88 87.84 87.63 87.90 87.73 88.00 87.18 87.29
13°S ||     87.49 87.44 87.25 87.04 87.20 87.47 87.68 87.83 87.76 87.82 87.69 87.44 87.36 87.46 87.44 87.49 87.17 87.14 87.02 86.75 86.48 86.13 85.82 85.48 84.98 84.35 83.37 81.38 79.05 78.55 79.86 81.01 81.37 81.47 81.55 82.24 82.00 81.96 81.36 81.09 81.14 82.35 81.63 82.14 82.68 83.19 83.69 84.00 84.24 84.42 84.48 85.20 84.66 85.77 88.16 87.84 87.77 86.15 88.96 89.31 87.91 85.99 85.92 86.15 88.12 88.26 87.90 87.95 86.79 88.74 87.42 87.47 87.61 87.71 87.76 87.90 87.86 87.98 88.07 87.87 87.85 87.86 87.84 87.84 87.76 87.79 87.84 87.75 87.66 87.77 87.69 87.64 87.53 87.37 87.55 87.27 87.14 86.95 86.83 86.83 86.78 86.55 86.21 86.03 85.84 86.23 85.87 85.84 85.72 85.65 85.67 85.81 85.44 85.77 85.67 85.86 85.88 86.56 86.70 86.58 86.63 86.80 86.70 86.69 86.46 86.84 86.89 86.91 86.75 86.58 85.71 85.48 85.21 85.67 85.58 85.79 85.43 85.60 86.20 86.24 86.66 86.57 86.67 86.61 86.67 86.61 86.30 86.16 86.11 86.16 86.13 85.94 86.27 85.89 86.64 86.63 86.21 86.21 86.52 86.62 86.39 86.47 86.15 86.03 86.33 87.07 87.10 87.22 87.46 87.76 87.86 87.95 87.98 87.94 87.92 87.98 88.04 87.94 88.03 87.93
11°S ||     88.02 87.87 88.04 88.05 87.61 87.60 87.72 87.86 87.77 87.77 87.70 87.67 87.69 87.49 87.61 87.54 87.48 87.28 87.14 86.89 86.59 86.33 85.89 85.48 84.85 84.23 83.33 81.60 79.13 77.10 78.19 80.99 81.27 81.28 81.19 81.86 81.78 81.48 81.01 80.76 81.25 81.60 81.55 82.09 82.54 82.98 83.68 83.89 84.10 84.33 84.23 84.90 87.61 87.97 89.63 89.69 86.59 83.74 83.56 84.61 85.27 85.47 85.75 85.96 86.39 86.30 86.48 87.44 86.99 87.16 89.11 87.84 89.16 87.94 87.82 88.21 88.13 87.96 88.04 88.05 87.88 87.89 87.91 87.86 87.88 87.85 87.93 87.81 87.84 87.75 87.74 87.82 87.57 87.47 87.33 87.33 87.35 87.08 86.12 86.46 86.84 86.89 86.47 86.25 86.15 85.85 85.82 85.89 85.68 85.71 86.09 85.81 85.88 85.62 85.84 85.96 85.88 86.09 86.41 86.22 86.34 86.56 86.52 86.45 86.17 86.81 86.77 86.96 86.77 86.75 86.51 85.81 85.32 85.53 85.48 85.97 85.68 86.10 86.41 86.44 86.79 86.72 86.60 86.68 86.70 86.68 86.57 86.61 86.38 86.36 86.21 85.91 85.57 86.01 85.96 86.19 86.55 86.64 86.42 86.76 86.57 86.97 87.15 86.91 87.07 87.72 87.18 87.45 87.59 87.83 87.90 87.92 88.04 88.01 88.07 88.12 88.13 87.87 87.94 87.81
9°S ||     87.70 87.81 87.79 87.95 88.06 87.70 87.88 87.78 87.88 87.92 87.77 87.82 87.72 87.67 87.67 87.56 87.55 87.40 87.27 87.00 86.79 86.41 86.09 85.60 85.06 84.38 83.55 82.74 79.52 75.75 75.74 79.89 81.14 81.15 81.23 81.11 81.54 81.32 81.36 81.03 81.18 81.82 83.51 85.13 84.03 83.06 83.66 84.24 84.19 84.60 87.61 88.26 88.19 89.44 87.92 84.23 83.35 85.11 83.99 85.22 85.47 85.61 86.20 86.15 86.56 86.71 87.62 87.05 88.27 87.30 89.21 89.24 89.53 88.68 88.48 88.19 87.89 87.99 88.01 88.35 88.06 87.88 87.93 87.95 87.92 87.94 88.01 87.84 87.85 87.85 87.92 87.67 87.67 87.63 87.47 87.29 87.35 87.19 86.73 86.65 86.89 86.66 86.38 86.52 86.48 86.11 85.86 86.18 87.07 87.32 85.94 86.17 86.04 86.12 86.07 85.93 85.94 86.01 86.24 86.29 86.26 86.09 86.28 86.10 86.07 86.18 86.43 86.74 86.78 86.79 86.50 86.15 85.36 86.12 86.13 85.62 86.39 86.61 86.12 86.51 86.79 86.83 86.95 86.79 86.80 86.63 86.56 86.88 86.79 86.46 85.79 85.99 85.59 86.27 86.64 86.52 86.71 87.02 86.71 86.85 87.21 87.73 87.87 87.64 87.62 87.87 87.86 87.79 87.89 87.91 87.96 88.03 88.09 88.54 88.22 88.20 87.87 86.83 87.93 87.87
7°S ||     87.90 87.88 87.83 87.83 88.26 88.14 87.95 87.98 88.17 88.03 87.97 87.87 87.79 87.77 87.77 87.79 87.75 87.56 87.39 87.18 86.92 86.59 86.27 85.75 85.22 84.70 84.04 83.44 80.20 77.03 77.80 79.32 80.81 81.07 81.25 81.47 81.03 81.05 81.49 81.05 84.38 84.74 82.10 85.91 85.19 85.13 85.59 87.47 87.04 86.41 85.26 83.91 86.44 89.23 87.71 88.01 88.23 85.83 85.07 85.68 85.80 85.83 86.11 86.28 87.16 88.09 88.05 87.83 86.83 86.98 88.13 89.32 89.24 88.74 89.10 88.67 88.42 87.94 87.92 88.01 88.04 87.98 88.00 87.91 87.94 87.90 87.84 87.80 87.77 87.81 87.78 87.83 87.67 87.63 87.61 87.64 87.65 87.33 86.97 87.09 86.40 86.35 86.46 86.54 85.92 86.34 86.47 86.20 86.18 86.22 86.40 86.37 86.49 85.86 85.94 85.95 85.93 86.38 86.42 86.25 85.90 85.74 85.82 85.63 86.02 86.47 86.28 86.42 86.79 86.80 86.71 86.60 85.73 85.65 86.04 86.24 86.29 86.39 86.27 86.61 86.85 86.80 87.04 87.01 86.97 87.01 87.06 87.08 87.05 87.23 85.62 85.47 85.65 86.29 85.90 86.96 87.73 87.38 87.47 87.44 87.74 87.87 87.83 87.77 87.98 88.10 88.00 88.08 88.09 88.07 88.09 88.08 88.15 88.26 88.41 88.39 88.13 88.04 87.99 87.91
5°S ||     87.93 87.98 88.03 88.00 87.92 88.30 88.25 88.24 88.34 88.07 87.97 87.78 87.85 87.90 87.98 88.03 88.03 87.88 87.48 87.46 87.17 86.90 86.56 86.06 85.61 85.08 84.55 83.67 82.49 80.87 79.55 79.80 80.83 80.97 81.34 81.61 81.60 82.62 81.90 81.26 81.63 81.95 82.39 86.52 84.94 86.83 84.81 85.69 84.90 84.18 83.75 86.59 87.22 87.70 87.17 84.30 84.67 85.73 87.74 87.62 86.06 86.19 86.29 86.34 86.91 86.62 87.19 86.83 86.92 87.14 87.51 87.83 88.68 87.74 87.73 88.64 88.79 88.49 87.83 87.90 88.36 88.10 88.07 88.00 87.97 87.90 87.82 87.83 87.89 87.84 87.79 87.76 87.80 87.59 87.62 87.68 87.65 87.63 87.44 87.50 86.96 86.20 86.36 86.51 86.78 86.53 86.44 86.37 86.47 86.32 86.80 86.85 86.72 86.07 85.90 85.95 85.72 85.92 85.68 86.18 85.90 86.19 85.96 85.98 86.20 86.03 86.52 86.23 86.70 86.76 86.64 86.17 86.29 85.83 86.24 86.41 86.68 86.62 86.72 86.83 86.74 86.94 87.29 87.33 87.18 87.17 87.58 87.41 87.10 86.94 86.47 86.11 86.78 86.72 86.65 87.08 88.03 87.76 89.02 88.10 87.96 87.83 87.82 88.02 88.02 88.20 88.21 88.16 88.16 88.21 88.26 88.22 88.34 88.33 88.32 88.37 88.40 88.23 88.10 88.01
3°S ||     88.01 87.99 88.09 88.11 88.04 88.57 88.59 88.43 88.17 88.28 87.88 87.63 88.00 88.30 88.26 88.33 87.84 87.51 87.87 87.69 87.53 87.16 87.05 86.59 86.03 85.51 85.01 84.13 83.45 82.16 81.17 80.99 80.68 80.65 81.45 81.90 82.25 82.43 82.48 82.06 81.86 82.45 82.84 83.73 84.03 84.08 84.70 84.75 84.58 84.26 84.02 83.80 84.30 86.12 85.74 84.83 85.42 85.91 86.22 88.13 86.06 86.67 86.64 86.79 86.93 87.02 87.62 87.25 87.35 87.56 87.68 87.77 89.35 87.93 87.89 88.43 88.21 88.29 87.97 88.01 88.08 88.08 88.33 88.11 87.99 87.93 87.97 87.90 87.89 87.87 87.84 87.79 87.75 87.72 87.66 87.64 87.39 87.64 87.63 87.65 87.14 86.69 86.54 86.67 86.89 86.51 86.62 86.78 86.72 86.72 86.90 86.90 86.65 86.39 86.24 85.82 85.55 86.61 86.40 86.24 86.15 86.25 86.09 86.40 85.96 86.28 86.06 86.66 86.72 86.90 86.54 86.67 86.59 86.47 86.83 87.31 86.52 87.07 86.97 86.76 86.97 87.02 87.51 87.51 87.25 87.66 87.57 87.29 87.08 86.87 86.41 86.60 86.52 86.69 86.87 87.47 88.04 88.03 88.07 87.91 88.09 88.04 88.02 87.99 88.07 88.23 88.14 88.02 88.37 88.38 88.35 88.44 88.48 88.51 88.50 88.50 88.44 88.34 88.16 88.13
1°S ||     88.17 88.13 88.16 88.26 88.33 88.62 88.63 88.42 88.29 88.01 87.83 87.56 88.06 88.28 88.52 88.10 87.88 88.00 87.95 87.72 87.64 87.50 87.32 86.98 86.52 85.83 85.25 84.56 83.89 83.17 82.13 81.55 80.13 78.57 81.69 82.14 82.42 82.70 82.88 82.92 82.97 83.82 84.18 84.49 84.74 85.28 85.58 85.79 86.03 86.18 85.47 86.78 88.33 84.86 84.98 85.26 86.05 86.36 86.44 87.29 86.72 86.92 86.93 86.93 87.11 87.19 87.17 87.68 87.72 87.72 88.42 87.80 89.07 89.19 88.07 88.06 88.00 88.01 88.04 88.19 88.53 88.32 88.26 88.02 88.04 88.02 87.96 87.90 87.86 87.84 87.86 87.90 87.80 87.77 87.69 87.65 87.32 87.63 87.62 87.64 87.17 87.03 86.90 86.74 86.90 86.85 86.81 86.94 86.98 87.02 87.12 87.09 86.56 86.35 86.32 86.02 85.74 86.67 86.48 86.44 86.47 86.12 86.18 86.01 86.34 86.41 86.57 86.70 87.14 87.05 86.78 86.30 86.77 86.86 87.30 87.30 87.15 87.64 87.03 86.91 87.07 87.18 87.56 87.58 87.61 87.69 87.64 87.01 87.23 86.90 86.80 86.89 87.36 87.41 87.62 88.02 88.17 88.27 88.16 88.14 88.34 88.24 88.09 88.08 88.24 88.17 88.01 88.16 88.33 88.41 88.44 88.46 88.47 88.52 88.54 88.52 88.38 88.40 88.28 88.20
1°N ||     88.23 88.17 88.27 88.48 88.39 88.51 88.64 88.85 88.33 88.10 87.87 87.88 88.24 88.54 88.54 88.29 88.15 88.07 87.70 87.89 87.74 87.74 87.35 86.82 86.37 86.23 85.63 84.77 83.99 83.72 83.30 82.76 80.54 77.81 78.82 82.46 82.62 82.75 83.08 83.43 83.85 84.18 84.42 84.74 85.14 85.62 85.93 86.26 86.73 86.98 85.79 84.81 84.63 85.02 85.32 85.90 86.31 86.69 86.74 87.07 86.87 87.07 87.49 87.06 87.16 87.26 87.16 87.97 87.53 87.69 87.86 89.02 89.92 89.81 87.93 88.01 88.01 88.05 87.94 88.57 87.94 88.48 88.11 88.00 88.18 88.08 87.98 87.89 87.93 87.86 87.85 87.88 87.82 87.81 87.79 87.68 87.63 87.44 87.46 87.34 87.32 87.36 87.20 87.26 86.97 86.80 86.83 87.22 87.10 87.08 87.05 86.74 86.83 86.73 86.38 86.22 86.50 86.48 86.22 86.59 86.41 86.28 86.36 86.40 86.40 86.50 86.67 86.88 86.93 87.10 87.40 87.28 87.58 87.56 87.57 87.58 87.39 87.37 87.50 87.32 87.58 87.62 87.76 87.75 87.78 87.61 87.27 87.23 87.28 87.06 87.25 87.50 87.88 87.97 87.99 88.04 88.18 88.28 88.23 88.33 88.25 88.25 88.18 88.30 88.27 88.19 88.10 88.29 88.36 88.40 88.45 88.49 88.49 88.51 88.52 88.52 88.54 88.47 88.41 88.33
3°N ||     88.56 88.47 88.52 88.62 88.72 88.77 88.73 88.64 88.54 88.10 88.02 88.05 88.60 88.71 88.67 88.47 88.33 87.91 87.83 87.99 87.91 87.59 87.21 86.67 86.10 86.73 86.09 84.22 84.03 84.13 84.01 84.15 83.67 80.25 81.79 82.78 82.53 82.65 83.16 83.64 84.06 84.30 84.50 84.48 85.54 85.96 86.41 86.69 86.96 87.39 87.43 86.35 85.79 86.01 86.36 86.67 86.86 86.95 87.01 87.23 87.16 87.09 86.87 87.54 87.61 87.38 87.47 87.72 87.75 87.86 87.91 87.99 89.32 89.48 89.03 88.65 88.66 88.44 88.33 88.26 88.04 87.98 88.13 88.04 88.00 88.15 87.96 87.87 87.90 87.90 87.93 87.89 87.86 87.82 87.78 87.69 87.68 87.55 87.62 87.52 87.51 87.52 87.52 87.37 87.37 86.95 87.16 87.42 87.63 87.04 87.15 86.94 86.63 86.60 86.47 86.82 86.65 86.64 86.38 86.63 86.48 86.36 86.34 86.47 86.49 86.57 86.79 86.92 87.13 87.22 87.72 87.91 88.06 88.17 88.41 88.10 87.68 87.62 87.52 87.68 87.70 87.78 87.83 87.78 87.74 87.49 87.47 87.37 87.28 87.07 87.62 88.03 87.99 87.93 87.96 88.17 88.24 88.30 88.33 88.39 88.22 88.38 88.31 88.35 88.33 88.23 88.27 88.34 88.38 88.40 88.41 88.47 88.49 88.50 88.49 88.52 88.54 88.56 88.58 88.60
5°N ||     88.56 88.66 88.93 88.67 88.82 88.84 88.77 88.74 88.64 88.33 88.22 88.17 88.74 88.85 88.84 88.71 88.17 87.84 88.13 88.06 87.85 87.33 86.89 86.55 86.78 86.88 86.68 85.56 84.15 84.06 84.28 84.72 84.97 84.65 83.77 83.13 82.35 82.16 83.30 83.92 84.33 84.56 84.68 84.44 85.75 86.47 86.80 87.01 87.28 87.63 87.76 86.76 86.74 86.99 87.14 87.25 87.24 87.27 87.30 87.41 87.58 87.31 87.04 87.16 87.35 87.63 87.74 87.79 87.81 87.95 88.12 89.18 88.12 88.77 89.42 88.96 88.43 88.10 88.04 88.07 87.97 88.07 88.00 88.04 88.19 88.03 88.01 87.89 87.92 87.90 87.87 87.88 87.78 87.76 87.75 87.74 87.72 87.72 87.66 87.54 87.53 87.53 87.48 87.52 87.46 87.44 87.48 87.41 87.46 86.93 87.05 86.44 86.60 86.50 86.66 86.54 86.56 86.68 86.62 86.61 86.50 86.40 86.31 86.37 86.85 86.65 86.79 87.03 87.27 87.56 87.92 89.36 89.51 89.51 89.45 89.21 88.79 87.97 87.87 87.83 87.82 87.91 87.86 87.75 87.77 87.57 87.47 87.48 87.17 87.23 88.02 87.99 88.05 88.07 88.12 88.14 88.27 88.32 88.38 88.39 88.36 88.32 88.37 88.36 88.36 88.36 88.35 88.34 88.38 88.38 88.38 88.43 88.46 88.48 88.49 88.53 88.56 88.57 88.60 88.63
7°N ||     88.62 88.68 88.73 88.76 88.83 88.86 88.84 88.82 88.76 88.54 88.31 88.59 88.89 88.96 88.97 88.75 88.10 88.31 88.26 88.08 87.73 87.41 87.48 87.31 87.20 87.16 86.89 86.22 83.75 83.92 84.28 85.10 85.38 85.13 84.51 83.59 81.39 81.37 83.79 84.29 84.58 84.77 84.90 85.17 86.27 86.62 86.88 87.15 87.39 87.61 87.78 87.80 87.23 87.21 87.21 87.24 87.34 87.44 87.52 87.58 87.61 87.50 87.19 87.49 87.70 87.75 87.86 87.90 87.92 88.02 88.19 89.25 89.63 89.17 89.41 88.15 88.11 88.06 88.34 88.50 88.31 88.05 88.07 88.13 88.04 87.95 87.96 87.89 87.93 87.86 87.89 87.87 87.85 87.89 87.74 87.71 87.66 87.73 87.62 87.47 87.47 87.51 87.56 87.47 87.45 87.56 87.29 87.64 87.47 87.49 87.17 86.87 86.81 86.37 86.47 86.57 86.48 86.63 86.63 86.66 86.47 86.53 86.35 86.81 87.11 86.59 86.81 87.10 87.56 87.99 89.29 89.66 89.59 89.55 89.54 89.43 89.38 88.89 88.00 87.98 88.00 87.94 87.82 87.84 87.58 87.38 87.47 87.66 87.52 87.50 87.98 88.11 88.15 88.21 88.34 88.23 88.36 88.40 88.35 88.40 88.43 88.34 88.36 88.36 88.38 88.38 88.35 88.34 88.34 88.34 88.35 88.33 88.42 88.47 88.45 88.54 88.59 88.61 88.63 88.66
9°N ||     88.71 88.83 88.63 88.68 88.88 88.86 88.87 88.84 88.93 88.64 88.41 88.84 89.01 89.05 89.00 88.57 88.33 88.55 88.24 87.93 87.87 87.77 87.72 87.63 87.51 87.31 87.09 86.33 84.31 84.22 84.81 85.65 85.64 85.82 85.40 84.05 80.75 78.89 83.08 84.59 84.76 85.00 85.23 85.61 86.20 86.63 86.94 87.22 87.41 87.63 87.78 87.81 87.72 87.38 87.33 87.35 87.43 87.52 87.59 87.67 87.74 87.69 87.59 87.63 87.72 87.88 88.03 88.05 88.09 88.42 89.25 89.30 89.11 89.56 88.32 88.28 88.34 88.27 88.52 88.10 88.10 88.07 88.04 88.08 88.13 88.03 87.99 88.05 87.99 88.00 87.91 87.88 87.83 87.86 87.80 87.90 87.73 87.67 87.64 87.65 87.61 87.41 87.27 87.21 87.51 87.61 87.63 87.38 87.33 87.22 87.18 87.17 87.05 87.17 86.93 86.70 86.59 86.63 86.63 86.37 86.56 86.50 86.26 87.30 86.69 86.60 86.93 87.29 87.73 88.42 89.46 89.71 89.71 89.66 89.58 89.52 89.45 89.24 88.70 88.26 88.11 88.21 87.82 87.71 87.70 87.66 87.83 87.91 87.86 87.86 88.07 88.22 88.45 88.21 88.37 88.46 88.37 88.35 88.30 88.31 88.76 88.26 88.24 88.28 88.34 88.37 88.29 88.31 88.26 88.30 88.29 88.40 88.42 88.48 88.43 88.54 88.59 88.64 88.67 88.67
11°N ||     88.78 88.77 88.77 88.76 88.95 88.95 89.00 88.97 89.10 89.01 88.88 89.14 89.16 89.11 89.05 88.98 88.60 88.61 88.23 88.01 87.94 87.88 87.77 87.64 87.48 87.34 87.02 86.31 85.62 85.91 85.86 85.86 85.89 85.91 86.01 85.90 81.40 75.46 77.16 84.59 84.94 85.18 85.47 85.83 86.21 86.68 87.06 87.28 87.50 87.63 87.76 87.82 87.81 87.50 87.44 87.43 87.51 87.60 87.64 87.71 87.77 87.65 87.60 87.79 87.90 88.00 88.19 88.34 88.53 88.37 89.64 89.40 88.32 89.63 89.23 88.27 89.13 88.18 88.11 88.24 88.09 88.06 88.01 87.98 88.04 88.06 88.17 88.06 88.04 88.04 87.92 87.90 87.91 87.90 87.96 87.80 87.89 87.68 87.71 87.74 87.68 87.66 87.48 87.24 87.60 87.56 87.90 87.51 87.73 87.18 87.33 87.30 87.26 87.38 87.16 86.76 86.59 86.80 86.96 86.53 86.69 86.62 86.44 86.34 86.51 86.88 87.16 87.49 87.92 88.69 89.73 89.76 89.79 89.67 89.54 89.53 89.40 89.32 88.94 88.39 88.24 87.85 87.94 87.87 87.78 87.96 88.08 88.15 88.15 88.18 88.28 88.42 88.61 88.63 88.48 88.54 88.45 88.44 88.28 88.22 88.15 88.08 88.10 88.12 88.17 88.20 88.21 88.21 88.22 88.52 88.04 88.29 88.39 88.40 88.40 88.60 88.63 88.62 88.33 88.67
13°N ||     88.69 88.84 88.48 88.53 88.95 88.93 89.04 89.10 89.14 89.18 89.23 89.28 89.25 89.21 89.16 89.01 88.87 88.56 87.99 88.03 87.97 87.83 87.74 87.66 87.46 87.26 87.04 86.75 86.11 86.12 86.02 86.01 86.01 86.11 86.29 86.44 85.74 77.57 78.89 83.73 84.75 85.42 85.78 86.02 83.02 86.90 87.18 87.37 87.54 87.63 87.78 87.82 87.83 87.55 87.51 87.54 87.61 87.66 87.70 87.74 87.76 87.79 87.86 87.80 87.98 88.29 88.46 88.68 88.79 89.48 89.58 89.43 88.72 88.61 88.39 89.10 88.48 88.34 88.10 87.99 87.99 88.08 88.01 88.05 88.04 88.04 89.32 88.04 88.54 88.00 87.91 87.93 87.93 88.01 87.99 87.79 87.80 87.82 87.86 87.87 87.84 87.63 87.56 87.60 87.65 87.71 87.64 87.75 87.91 87.48 87.48 87.63 87.41 87.36 87.26 87.13 86.95 87.04 87.15 87.10 86.97 86.73 86.67 86.70 86.79 86.98 87.29 87.66 88.05 88.80 89.74 89.75 89.71 89.63 89.54 89.51 89.44 89.36 89.08 88.57 88.36 88.07 88.10 88.14 88.13 88.19 88.17 88.43 88.31 88.53 88.62 88.70 88.87 88.97 88.99 88.74 88.65 88.42 88.20 88.03 87.89 87.82 87.92 87.92 88.00 88.06 88.08 88.16 88.14 88.16 88.18 88.09 88.42 88.37 88.46 88.49 88.62 88.63 88.11 88.51
15°N ||     88.75 88.88 88.90 89.09 89.04 88.95 89.13 89.25 89.27 89.32 89.36 89.44 89.41 89.36 89.33 89.14 88.61 88.27 88.05 88.04 87.77 85.43 80.90 80.29 82.80 87.17 86.95 86.88 86.69 86.28 86.21 86.11 86.14 86.21 86.31 86.41 86.44 85.29 83.25 83.66 84.97 85.61 86.01 86.24 86.64 87.11 87.27 87.44 87.55 87.62 87.75 87.81 87.85 87.58 87.59 87.59 87.64 87.71 87.75 87.75 87.79 87.79 87.76 87.91 88.30 88.56 88.76 88.91 88.95 89.42 89.68 89.51 89.11 88.82 89.18 88.72 88.72 88.37 88.25 88.19 88.40 88.08 87.87 88.79 88.09 88.05 88.07 88.04 88.04 88.05 88.39 88.09 87.97 87.93 87.97 87.87 87.89 87.91 87.93 87.97 87.91 87.90 87.71 87.68 87.72 87.73 87.65 87.94 87.83 87.37 87.52 87.55 87.58 87.61 87.34 87.29 87.14 87.03 87.10 87.11 86.97 87.05 86.92 86.98 87.05 87.21 87.43 87.82 88.26 89.70 89.72 89.62 89.71 89.62 89.54 89.50 89.42 89.37 89.15 88.73 88.50 88.40 88.29 88.27 88.25 88.28 88.36 88.47 88.73 88.80 88.92 89.03 89.03 89.10 89.11 89.05 88.74 88.38 88.09 87.90 87.77 87.68 87.57 87.68 87.76 87.94 88.01 88.07 88.07 88.11 88.14 88.16 88.25 88.36 88.41 88.51 88.51 88.70 88.31 89.35
17°N ||     88.85 88.99 89.02 89.14 88.67 89.12 89.16 89.24 89.38 89.41 89.47 89.53 89.54 89.51 89.53 88.81 88.42 88.37 88.14 88.16 87.43 79.92 75.88 74.62 77.73 84.90 86.92 86.90 87.09 86.71 86.47 86.23 86.18 86.24 86.33 86.43 86.45 86.27 85.23 85.11 85.59 85.82 86.08 86.33 86.70 87.14 87.35 87.49 87.58 87.66 87.71 87.84 87.82 87.49 87.52 87.65 87.68 87.73 87.75 87.77 87.80 87.85 87.93 88.18 88.37 88.81 89.02 89.24 89.50 89.55 89.36 89.53 89.42 89.19 89.28 88.92 88.52 88.57 88.45 88.19 88.12 87.98 88.19 88.62 88.04 88.07 88.08 89.13 88.09 88.23 88.07 88.06 87.96 87.93 87.97 88.01 87.98 87.98 87.98 88.04 88.03 87.97 87.83 87.79 87.89 87.88 87.88 87.86 87.62 87.49 87.59 87.61 87.53 87.45 87.41 87.36 87.21 86.76 87.04 87.13 87.16 87.16 87.12 87.17 87.23 87.34 87.73 87.88 88.33 89.52 89.67 89.69 89.63 89.57 89.53 89.53 89.46 89.31 89.18 88.99 88.77 88.85 88.69 88.70 88.68 88.85 88.89 88.97 89.08 89.16 89.23 89.22 89.23 89.31 89.25 89.22 88.98 88.36 88.09 87.81 87.63 87.42 87.25 87.26 87.48 87.84 87.96 87.99 87.99 88.04 88.10 88.18 88.27 88.34 88.34 88.47 88.76 88.74 88.64 88.94
19°N ||     88.87 89.03 89.15 89.20 89.24 89.15 89.18 89.31 89.44 89.50 89.55 89.62 89.64 89.63 89.64 88.93 88.48 88.27 87.95 88.07 87.70 80.00 75.96 75.02 77.22 85.16 87.14 87.24 87.28 87.18 86.75 86.35 86.11 86.06 86.09 86.35 86.49 86.47 86.05 85.90 85.99 86.05 86.13 86.31 86.58 87.00 87.40 87.53 87.63 87.66 87.71 87.86 87.76 87.79 87.49 87.60 87.68 87.72 87.76 87.77 87.84 87.85 88.03 88.36 88.75 89.07 89.43 89.54 89.75 89.75 89.85 89.71 89.66 89.53 89.42 88.92 88.77 88.80 89.16 88.28 88.16 88.09 88.22 88.16 89.07 88.02 88.06 87.98 88.07 88.09 88.10 88.10 88.31 88.03 88.01 88.05 88.02 88.02 88.02 88.04 88.04 87.92 88.49 87.92 87.98 87.80 87.72 87.85 87.71 87.68 87.61 87.55 87.43 87.40 87.42 87.56 87.12 87.23 87.10 87.32 87.43 87.54 87.19 87.23 87.29 87.42 87.68 87.59 88.07 88.68 89.30 89.62 89.55 89.53 89.50 89.44 89.42 89.38 89.29 89.21 89.20 89.20 89.34 89.23 89.26 89.24 89.36 89.38 89.41 89.48 89.53 89.47 89.58 89.52 89.48 89.31 89.08 88.37 87.98 87.71 87.33 87.04 86.95 87.14 87.16 86.44 87.84 87.91 87.95 88.00 88.08 88.17 88.27 88.36 88.40 88.63 88.37 88.87 88.81 88.94
21°N ||     89.28 89.17 89.14 89.34 89.44 89.43 89.40 89.48 89.60 89.62 89.69 89.70 89.73 89.72 89.71 88.93 88.50 88.04 87.96 88.13 87.98 82.11 79.68 78.71 80.68 86.78 87.45 87.45 87.40 87.24 86.94 86.52 86.10 85.87 85.71 85.62 86.44 86.46 86.32 86.19 86.15 86.17 86.22 86.34 86.57 86.98 87.43 87.51 87.58 87.65 87.65 87.78 87.87 87.94 87.54 87.60 87.62 87.69 87.72 87.79 87.84 87.87 88.15 88.41 88.82 89.58 89.68 89.75 89.86 89.89 89.88 89.83 89.66 89.68 89.55 89.17 89.06 89.10 88.67 88.29 88.35 88.61 88.25 88.16 88.02 88.26 88.38 88.07 88.10 88.14 88.09 88.09 88.04 88.03 88.11 88.07 88.04 88.05 88.05 88.04 88.09 87.94 87.87 88.00 87.82 87.88 87.99 87.54 87.73 87.87 87.53 87.41 87.41 87.46 87.46 87.57 87.32 87.33 86.65 87.49 87.53 87.50 87.06 87.18 87.37 87.41 87.65 87.56 87.78 88.01 88.54 88.73 89.15 89.26 89.25 89.42 89.41 89.42 89.42 89.40 89.44 89.56 89.57 89.59 89.63 89.60 89.69 89.73 89.73 89.67 89.73 89.68 89.71 89.59 89.63 89.61 89.37 88.47 87.94 87.52 86.95 86.78 86.71 86.68 87.05 87.46 87.73 87.82 87.90 87.99 88.09 88.17 88.26 88.34 88.53 88.59 88.41 88.94 88.94 89.05
23°N ||     89.26 89.32 89.36 89.46 89.51 89.59 89.63 89.70 89.74 89.75 89.78 89.77 89.77 89.75 89.74 88.99 88.31 87.99 88.11 88.24 88.25 86.77 84.91 84.38 87.11 87.77 87.61 87.56 87.47 87.18 86.86 86.53 86.18 85.76 85.52 85.44 86.19 86.47 86.40 86.18 86.17 85.97 86.23 86.38 86.40 87.11 87.28 87.43 87.49 87.57 87.63 87.68 87.78 87.90 87.79 87.66 87.98 88.53 88.35 87.95 87.88 87.79 88.18 88.44 88.91 89.57 89.81 89.89 89.99 90.03 89.95 90.02 89.69 89.95 89.81 89.52 89.44 89.47 89.35 88.73 88.34 88.12 88.02 88.13 88.06 88.16 88.14 88.13 88.12 88.05 88.15 88.18 88.13 88.08 88.18 88.20 88.31 87.98 88.14 88.12 88.05 87.97 87.88 87.96 87.97 87.94 87.94 87.84 87.71 87.79 87.67 87.52 87.52 87.42 87.40 87.44 87.51 87.32 86.81 87.45 87.52 87.39 87.85 87.69 87.36 87.33 87.49 87.61 87.67 87.86 88.02 88.18 88.39 88.68 89.02 89.30 89.42 89.49 89.58 89.61 89.63 89.82 89.73 89.89 89.95 90.01 90.06 90.01 90.16 90.06 90.07 90.01 89.97 89.96 89.98 89.85 89.74 88.65 87.92 87.46 87.04 86.72 86.57 85.01 85.84 87.08 87.59 87.78 87.91 87.99 88.10 88.19 88.32 88.46 88.69 88.56 88.85 88.95 88.70 89.21
25°N ||     89.37 89.41 89.38 89.58 89.70 89.69 89.76 89.76 89.77 89.81 89.82 89.81 89.79 89.78 89.77 89.07 88.22 88.06 88.11 88.03 88.27 88.20 88.18 88.17 88.00 87.83 87.49 87.61 87.37 87.05 86.68 86.42 86.03 85.67 85.45 84.96 85.02 86.38 86.45 86.16 86.25 86.17 86.27 85.51 86.65 87.13 87.35 87.41 87.45 87.50 87.41 87.59 87.60 87.96 87.60 87.63 87.67 87.65 88.04 88.85 89.05 88.03 88.37 89.17 89.56 89.89 89.99 90.01 90.08 90.13 90.11 90.07 90.01 89.92 89.63 89.74 89.71 89.78 89.91 89.13 88.79 88.23 88.16 88.30 88.41 88.18 88.22 88.18 88.19 88.08 88.15 88.28 88.17 88.18 88.19 88.56 88.23 88.15 88.10 88.14 87.95 87.97 88.03 87.97 87.93 88.08 88.02 87.82 87.92 87.87 87.69 87.79 87.75 87.72 87.88 87.48 87.60 87.12 87.28 86.93 87.21 87.16 87.17 87.35 87.37 87.44 87.39 87.33 87.70 87.59 87.96 88.25 88.23 88.45 89.09 89.41 89.53 89.73 89.80 89.86 89.97 90.04 90.12 90.24 90.37 90.48 90.56 90.58 90.57 90.49 90.41 90.35 90.36 90.28 90.18 90.07 89.89 89.65 88.13 87.66 86.99 86.68 85.08 78.44 84.76 86.99 87.61 87.82 87.91 88.01 88.20 88.17 88.37 88.55 88.84 88.88 89.00 88.97 89.21 89.28
27°N ||     89.54 89.60 89.63 89.60 89.80 89.71 89.88 89.89 89.88 89.87 89.86 89.85 89.82 89.80 89.79 89.28 88.31 88.08 88.11 88.09 88.06 88.11 87.87 87.94 87.96 87.87 87.77 87.44 87.20 86.94 86.56 86.26 85.95 85.59 84.97 84.89 85.20 86.52 86.68 86.33 86.47 86.45 86.48 85.50 86.33 87.11 87.30 87.37 87.41 87.31 87.17 87.24 87.63 87.79 87.93 88.04 88.00 88.16 88.23 88.87 88.52 87.96 89.52 89.70 89.86 89.94 89.95 90.05 90.17 90.20 89.98 90.14 90.14 90.05 89.79 90.07 89.86 89.94 90.03 89.99 89.11 88.81 88.58 88.45 88.50 88.28 88.19 88.14 88.19 88.20 88.25 88.24 88.20 88.17 88.24 88.15 88.30 88.23 88.05 87.96 88.37 87.92 88.02 88.03 87.80 88.18 87.64 87.87 87.92 87.82 87.81 87.85 87.82 87.78 87.74 87.80 87.74 87.98 87.56 87.39 87.54 87.83 87.34 87.50 87.52 87.20 87.00 87.49 87.78 87.63 87.99 88.10 88.34 88.91 89.38 89.64 89.86 89.88 89.98 90.11 90.20 90.37 90.48 90.68 90.85 90.89 90.95 90.89 90.89 90.79 90.72 90.72 90.57 90.44 90.28 90.16 89.98 89.75 88.94 87.76 87.26 86.81 86.10 85.42 86.11 87.44 87.77 87.89 87.95 88.05 88.09 88.36 88.53 88.71 88.94 89.11 89.11 89.17 89.31 89.46
29°N ||     89.73 89.77 89.83 89.89 89.96 89.94 89.97 89.99 89.99 89.95 89.94 89.93 89.90 89.72 89.85 89.80 89.09 88.24 88.03 88.05 88.05 88.09 87.85 87.81 88.04 87.92 87.60 87.37 87.12 86.80 86.48 86.16 85.93 85.56 84.39 84.77 85.72 86.52 86.63 86.46 86.71 86.75 86.71 86.80 86.96 87.12 87.31 87.40 87.38 87.11 87.17 87.35 87.36 87.80 87.84 87.89 87.90 88.11 88.18 88.43 88.39 88.79 89.38 89.11 88.77 89.75 89.86 90.02 90.18 90.26 90.19 90.30 90.25 90.30 90.25 90.20 90.09 90.13 90.20 90.24 90.19 89.29 88.99 88.73 88.82 88.36 88.25 90.59 88.26 88.21 88.29 88.47 88.26 88.37 88.17 88.18 88.25 88.25 88.07 88.07 87.99 88.10 88.01 88.04 87.92 87.85 87.73 87.81 87.84 87.72 87.83 87.81 87.92 88.05 88.02 88.01 87.84 87.60 87.55 87.51 87.64 87.49 87.40 87.48 87.29 87.56 87.95 88.08 88.06 88.17 88.24 88.50 89.10 89.32 89.57 89.88 89.97 90.12 90.30 90.46 90.63 90.78 91.00 91.13 91.22 91.36 91.31 91.13 91.23 91.08 91.02 90.87 90.73 90.54 90.43 90.33 90.17 90.01 89.46 88.15 87.75 87.43 87.04 87.00 87.36 87.81 87.91 87.96 88.01 88.08 88.36 88.47 88.73 88.96 89.18 89.35 89.37 89.40 89.59 89.67
31°N ||     89.97 89.91 90.01 90.02 90.03 90.03 90.05 90.09 90.10 90.05 90.02 90.02 90.00 89.97 89.93 89.89 89.47 88.85 88.54 88.48 88.28 88.21 88.04 88.02 88.13 87.66 87.50 87.32 86.98 86.73 86.42 86.31 85.85 85.59 85.12 85.16 85.73 86.56 86.59 86.59 86.76 86.86 86.98 86.98 87.07 87.18 87.29 87.41 87.34 86.93 87.34 87.42 87.45 87.59 87.65 87.73 87.84 87.87 87.97 88.32 88.24 88.68 88.92 89.17 89.52 89.57 89.84 89.96 90.02 90.27 90.31 90.31 90.38 90.47 90.41 90.55 90.25 90.32 90.40 90.29 90.27 90.12 89.58 89.90 89.25 88.88 88.41 88.21 88.39 88.43 88.48 88.34 88.26 88.24 88.61 88.33 88.18 88.08 88.04 88.17 87.99 88.00 88.08 88.07 87.97 87.94 87.78 87.79 87.85 87.78 87.76 87.74 87.92 88.00 87.97 87.97 87.78 87.61 87.70 87.72 87.68 87.95 87.53 87.44 87.68 87.59 87.80 88.16 88.10 88.25 88.48 89.02 89.19 89.55 89.76 89.96 90.17 90.38 90.67 90.86 91.00 91.18 91.57 91.41 91.56 91.64 91.59 91.50 91.44 91.31 91.12 91.02 91.10 90.73 90.71 90.58 90.42 90.26 89.85 89.29 88.21 87.98 87.88 87.86 87.71 87.49 88.04 88.04 88.08 88.15 88.00 89.73 89.09 88.35 89.49 89.07 89.64 89.68 89.72 89.91
33°N ||     90.15 89.56 90.05 90.05 90.14 90.11 90.12 90.16 90.12 90.14 90.11 90.13 90.10 90.07 90.09 90.05 89.99 89.57 88.82 88.17 88.26 88.25 88.30 88.22 87.82 87.57 87.43 87.22 87.04 86.56 86.28 86.02 85.62 85.26 84.95 85.05 85.63 86.42 86.70 86.77 86.90 87.01 87.06 87.11 87.02 87.16 87.15 87.03 87.02 87.12 87.34 87.49 87.51 87.47 87.62 87.79 87.86 87.89 87.88 87.91 87.89 87.90 88.17 89.14 89.15 89.82 89.96 90.02 90.09 90.26 90.40 90.61 90.61 90.61 90.57 90.72 90.64 90.66 90.64 90.41 90.57 90.52 90.24 89.83 89.46 89.01 88.60 88.38 88.69 88.50 88.46 88.16 88.34 88.33 88.39 88.18 88.25 88.08 88.21 88.29 87.95 87.92 88.04 87.88 88.21 87.82 87.86 87.75 87.84 87.64 87.54 87.66 87.85 87.91 87.86 87.74 87.74 87.81 87.71 87.92 87.88 87.94 87.90 87.65 87.78 88.00 88.03 88.20 88.34 88.75 88.92 89.28 89.49 89.72 89.94 90.17 90.43 90.76 90.98 91.12 91.35 91.47 91.62 91.73 91.93 91.73 91.67 91.63 91.56 91.23 91.34 91.24 91.11 90.91 90.71 90.86 90.78 90.60 90.42 90.23 89.91 89.53 89.32 88.86 88.63 88.08 88.42 88.22 88.18 88.28 88.34 89.05 89.41 89.51 89.70 89.80 89.85 89.97 90.04 90.12
35°N ||     90.29 90.21 90.21 90.16 90.19 90.17 90.20 90.19 90.18 90.20 90.21 90.20 90.18 90.14 90.18 90.10 90.14 90.03 89.52 87.82 88.10 88.25 88.14 87.89 87.46 87.57 87.41 87.20 86.87 86.40 85.92 85.36 84.78 84.50 84.31 84.24 84.68 85.33 86.36 86.89 87.04 87.10 87.15 87.13 86.57 86.76 87.23 87.35 87.15 87.06 87.33 87.25 87.14 87.26 87.54 87.78 87.87 87.93 87.94 87.96 87.97 87.94 88.14 89.12 89.71 89.89 90.00 90.01 90.15 90.29 90.36 90.67 90.57 90.73 90.76 90.89 90.86 90.98 90.85 90.73 90.68 90.59 90.61 89.82 89.56 89.15 89.01 88.85 88.62 88.74 88.23 88.26 88.30 88.65 88.78 88.16 88.30 88.13 88.23 88.11 88.15 88.08 88.05 88.01 88.00 87.87 87.79 88.03 87.78 87.56 87.86 87.62 87.65 87.60 87.54 87.51 87.64 87.72 87.77 88.01 88.03 87.99 88.32 88.18 88.10 88.37 88.27 88.36 88.66 88.91 89.21 89.50 89.65 89.90 90.08 90.39 90.65 90.97 91.22 91.42 91.51 91.63 91.88 92.01 92.10 92.06 91.92 91.89 91.67 91.64 91.48 91.08 91.27 91.08 91.03 90.99 90.88 90.74 90.71 90.55 90.44 90.19 90.09 90.01 89.75 89.60 89.21 88.66 88.44 88.49 88.52 88.92 88.99 89.66 89.78 89.87 90.00 90.18 90.29 90.33
37°N ||     90.44 90.27 90.28 90.18 90.27 90.24 90.27 90.27 90.23 90.24 90.26 90.26 90.25 90.20 90.15 90.12 90.07 89.98 89.92 88.14 88.13 88.08 87.95 87.80 87.55 87.59 87.43 87.22 86.91 86.12 85.11 84.34 83.56 83.07 83.06 83.46 83.86 83.98 84.99 86.23 86.96 87.22 87.26 87.24 87.16 87.04 87.13 87.24 87.32 87.53 87.13 87.02 86.90 86.74 87.20 87.61 87.85 87.91 87.93 87.92 87.96 87.92 88.34 89.26 89.70 89.88 89.99 90.08 90.17 90.38 90.44 90.60 90.67 90.87 90.91 91.06 91.19 91.15 91.13 90.97 91.02 90.94 90.81 90.73 90.42 90.21 90.12 89.87 89.44 89.89 88.63 88.44 88.26 88.24 88.43 88.25 88.46 88.68 88.16 88.56 88.20 88.37 88.12 88.66 88.19 88.21 87.99 87.89 87.82 87.68 87.61 87.56 87.55 87.44 87.44 87.44 87.54 87.82 88.36 88.18 88.10 87.99 88.07 88.01 88.28 88.39 88.45 88.51 88.97 89.16 89.44 89.72 89.88 90.03 90.38 90.65 90.81 91.14 91.35 91.65 91.78 91.99 92.16 92.20 92.25 92.29 92.22 92.06 92.02 91.82 91.73 91.63 91.54 91.34 91.49 91.42 91.17 90.91 90.91 90.69 90.48 90.38 90.09 89.98 89.71 89.61 89.32 89.01 88.79 88.77 88.70 89.03 88.92 89.82 89.86 89.97 90.21 90.24 90.35 90.36
39°N ||     90.38 90.34 90.35 90.28 89.90 90.30 90.32 90.07 90.30 90.29 90.26 90.27 90.20 90.19 90.15 90.10 90.08 90.11 89.89 89.35 87.98 87.92 88.10 87.83 87.83 87.63 87.51 87.33 86.77 85.52 84.18 82.99 82.21 82.10 81.72 81.99 83.33 83.57 84.03 85.32 86.65 87.24 87.35 87.32 87.10 87.19 87.04 86.28 87.18 87.22 87.19 87.05 86.75 86.47 86.80 87.33 87.70 87.82 87.88 87.87 88.05 88.07 88.09 88.73 89.73 89.95 90.01 90.06 90.25 90.40 90.59 90.75 90.77 91.01 91.14 91.22 91.28 91.34 91.35 91.47 91.13 91.13 91.07 91.00 90.81 90.27 90.44 90.15 89.67 89.59 89.35 88.81 88.79 88.71 88.63 88.35 88.24 88.21 88.64 88.46 88.67 89.60 88.64 88.11 88.73 88.06 88.00 87.98 87.91 87.92 87.79 87.59 88.04 87.50 87.52 87.72 87.62 87.74 88.32 88.29 88.31 88.29 88.32 88.46 88.49 88.59 88.72 88.98 89.12 89.41 89.64 89.89 89.97 90.31 90.52 90.82 91.02 91.21 91.56 91.63 92.10 92.28 92.35 92.36 92.36 92.39 92.28 92.25 92.13 92.22 91.96 91.90 91.71 91.67 91.59 91.52 91.40 91.07 90.72 90.79 90.56 90.42 90.20 89.98 89.70 89.69 89.48 89.31 89.21 89.06 88.94 88.54 88.04 89.88 89.94 89.97 90.20 90.34 90.40 90.34
41°N ||     90.37 90.39 90.41 90.39 90.36 90.33 90.29 90.33 90.30 90.28 90.29 90.30 90.25 90.28 90.16 90.18 90.10 89.83 89.70 89.35 88.76 88.35 88.12 88.01 87.88 87.76 87.66 87.37 86.68 85.25 83.72 82.76 82.41 82.33 81.50 81.93 83.08 83.69 84.31 85.63 86.79 87.29 87.36 87.33 86.75 87.24 87.09 86.78 87.03 86.94 86.95 86.81 86.79 86.90 87.08 87.22 87.56 87.80 87.81 87.78 87.93 88.08 88.08 88.57 89.49 90.04 90.12 90.03 90.31 90.49 90.62 90.84 90.95 91.10 91.26 91.39 91.45 91.49 91.51 91.48 91.44 91.40 91.28 91.51 91.46 90.97 90.67 90.57 90.21 90.25 89.56 90.10 89.69 89.31 89.42 88.79 88.51 89.10 88.30 88.80 89.79 89.79 89.69 88.37 88.59 87.98 87.95 88.08 88.10 88.01 87.92 88.02 89.08 88.28 87.86 87.98 88.53 87.88 88.40 88.29 88.35 88.34 88.68 88.74 88.90 88.79 89.03 89.08 89.41 89.71 89.84 89.92 90.14 90.37 90.76 90.99 91.26 91.40 91.83 92.01 92.15 92.39 92.42 92.42 92.41 92.36 92.39 92.34 92.29 92.16 92.07 92.11 92.08 91.92 91.76 91.59 91.44 91.32 91.10 90.89 90.64 90.39 90.24 90.03 89.76 89.76 89.67 89.54 89.52 89.25 88.35 88.65 88.39 89.70 89.91 90.08 90.13 90.33 90.32 90.41
43°N ||     90.37 90.45 90.45 90.40 90.37 90.36 90.34 90.32 90.31 90.33 90.30 90.39 90.33 90.34 90.21 90.17 90.03 89.84 89.49 89.00 88.62 88.33 88.16 88.05 87.94 87.86 87.73 87.58 87.11 86.16 84.77 83.61 83.04 82.86 82.74 82.89 83.53 83.96 85.87 86.95 87.40 87.52 87.42 87.40 87.41 87.00 87.24 86.63 86.95 86.97 86.88 87.00 86.40 86.90 87.35 87.25 87.38 87.69 87.82 87.97 87.95 87.97 88.08 88.58 89.45 90.09 90.29 90.35 90.46 90.60 90.85 90.97 91.22 91.31 91.73 91.45 91.58 91.50 91.61 91.62 91.56 91.54 91.36 91.39 91.46 91.11 91.00 90.65 90.55 90.59 90.41 90.29 90.26 90.05 89.73 89.21 88.99 88.79 89.47 89.63 89.90 89.74 89.01 89.59 88.99 89.52 89.27 89.48 87.96 87.92 87.84 88.44 87.92 87.79 88.61 88.68 88.49 88.36 88.43 88.56 88.62 88.63 89.14 89.54 89.08 89.07 89.15 89.52 89.75 89.84 89.77 90.12 90.16 90.47 90.79 91.16 91.38 91.44 91.81 92.07 92.27 92.39 92.33 92.15 92.42 92.34 92.29 92.18 92.34 92.02 92.08 92.04 91.94 91.89 91.90 91.71 91.52 91.44 91.00 90.89 90.63 90.38 90.09 89.99 89.88 89.78 89.63 89.70 89.67 89.36 88.93 88.61 88.19 89.60 90.05 90.06 90.28 90.32 90.40 90.47
45°N ||     90.52 90.52 90.46 90.46 90.44 90.41 90.38 90.34 90.32 90.37 90.38 90.32 90.31 90.25 90.23 90.08 89.87 89.61 89.25 88.92 88.55 88.31 88.17 88.09 88.03 87.97 87.88 87.77 87.52 87.02 86.51 86.06 85.89 84.21 83.46 83.27 84.00 85.56 86.57 87.24 87.50 87.60 87.60 87.66 87.72 87.79 87.81 87.67 87.16 86.80 86.36 86.78 87.34 87.27 87.26 87.42 87.82 87.73 87.81 87.99 88.07 88.25 88.44 88.87 89.47 90.16 90.23 90.47 90.62 90.80 90.90 91.20 91.31 91.45 91.43 91.67 91.65 91.66 91.80 91.81 91.60 91.67 91.59 91.55 91.44 91.34 91.04 91.13 90.98 90.68 90.63 90.77 90.43 90.26 90.22 90.11 89.62 89.34 89.85 89.83 89.30 88.93 88.66 89.65 88.96 89.53 89.59 89.62 89.01 88.44 88.11 88.59 88.39 88.25 88.67 88.42 88.24 88.62 88.68 88.80 88.75 89.03 89.18 89.40 89.40 89.52 89.57 89.61 89.83 89.93 90.06 90.09 90.43 90.58 91.04 91.28 91.51 91.75 91.86 92.07 92.23 92.40 92.39 92.41 92.38 92.24 92.30 92.32 92.27 92.24 92.11 92.19 92.11 91.80 91.91 91.85 91.64 91.35 90.89 90.70 90.57 90.23 90.04 89.95 89.92 89.86 89.84 89.83 89.82 89.69 89.50 89.06 88.41 89.78 89.79 89.90 90.17 90.44 90.44 90.52
47°N ||     90.54 90.52 90.51 90.43 90.42 90.42 90.38 90.40 90.31 90.44 90.41 90.35 90.35 90.24 90.08 90.02 89.70 89.48 89.19 88.90 88.54 88.38 88.27 88.20 88.13 88.07 87.99 87.94 87.85 87.72 87.57 87.50 87.51 87.48 86.74 86.56 87.11 87.35 87.40 87.44 87.55 87.61 87.60 87.64 87.73 87.81 87.81 87.78 87.00 86.78 87.19 87.47 87.82 87.65 87.71 87.95 87.82 88.45 87.81 87.95 88.10 88.35 88.84 89.47 89.97 90.26 90.42 90.53 90.85 90.92 91.16 91.31 91.38 91.50 91.55 91.51 91.38 91.16 91.75 91.78 91.71 91.79 91.67 91.65 91.52 91.46 91.42 91.34 91.19 91.05 90.91 90.86 90.80 90.68 90.35 90.41 90.17 90.02 90.03 90.08 89.92 89.80 90.08 89.73 89.37 89.67 89.22 89.24 89.55 89.02 88.58 88.89 88.95 89.11 89.16 88.35 88.68 88.84 88.94 89.18 89.19 89.31 89.55 89.39 89.66 89.68 89.70 89.75 89.92 89.99 90.24 90.32 90.54 90.73 91.58 91.63 91.51 91.66 91.86 92.02 92.19 92.36 92.36 92.30 92.32 92.28 92.24 92.24 92.10 92.27 92.21 92.17 92.01 92.00 92.00 91.75 91.50 91.20 90.97 89.92 90.13 90.43 90.18 90.14 90.05 89.98 89.99 89.90 89.93 89.88 89.80 89.56 89.64 89.72 89.84 90.13 90.18 90.38 90.44 90.55
49°N ||     90.57 90.53 90.52 90.45 90.50 90.49 90.46 90.45 90.40 90.41 90.44 90.34 90.32 90.15 89.99 89.83 89.56 89.40 89.19 88.93 88.69 88.57 88.42 88.30 88.18 88.12 88.09 88.04 88.01 87.96 87.92 87.87 87.84 87.81 87.75 87.78 87.80 87.79 87.68 87.60 87.59 87.67 87.65 87.51 87.60 87.70 87.71 87.69 87.95 87.18 88.52 88.84 89.07 88.57 88.47 87.95 87.97 87.98 88.64 87.99 88.30 88.71 89.36 89.83 89.96 90.40 90.62 90.84 90.88 91.20 91.20 91.32 91.46 91.48 91.52 91.54 91.61 91.74 91.82 91.81 91.82 91.74 91.73 91.67 91.64 91.55 91.54 91.34 91.28 91.21 91.12 90.98 90.76 90.65 90.54 90.56 90.37 90.41 90.40 90.32 89.97 90.18 89.76 89.91 93.17 90.46 89.33 89.79 89.63 89.25 89.09 89.26 89.16 89.11 88.87 89.30 89.21 89.32 89.42 89.35 89.38 89.47 89.65 89.63 89.62 89.74 89.69 89.83 89.93 90.08 90.30 90.48 90.68 90.92 91.41 91.54 91.45 91.70 91.71 91.96 92.09 92.19 92.27 92.27 92.21 92.23 92.20 92.20 92.12 91.97 92.20 92.06 91.90 91.79 91.80 91.50 91.35 91.07 90.95 89.99 89.79 90.49 90.29 90.23 90.21 90.14 90.16 90.11 89.98 90.05 89.93 89.95 89.28 89.61 90.26 90.19 90.17 90.48 90.66 90.49
51°N ||     90.56 90.56 90.50 90.51 90.53 90.54 90.41 90.40 90.44 90.42 90.35 90.24 90.15 90.04 89.88 89.70 89.48 89.24 89.09 88.91 88.56 88.61 88.47 88.31 88.27 88.20 88.15 88.11 88.07 88.04 88.00 87.96 87.91 87.89 87.90 87.91 87.87 87.85 87.77 87.69 87.66 87.67 87.70 87.72 87.67 87.76 87.88 88.01 88.35 88.59 88.82 89.03 89.29 89.44 89.47 88.91 88.09 88.02 88.13 88.59 88.91 89.42 89.76 90.27 90.29 90.52 90.69 90.92 91.10 91.21 91.39 91.51 91.59 91.58 91.65 91.69 91.71 91.57 91.98 92.08 91.77 91.76 91.83 91.44 91.69 91.59 91.42 91.38 91.46 91.30 91.27 91.16 91.02 90.89 90.78 90.70 90.59 90.33 90.59 90.39 90.37 90.37 89.78 92.29 92.84 90.26 89.00 89.82 89.70 89.52 89.53 89.49 89.48 89.54 89.69 89.50 89.56 89.53 89.63 89.66 89.63 89.72 89.65 89.67 89.75 89.76 89.70 89.86 89.95 90.06 90.20 90.45 90.70 90.89 91.14 91.17 91.48 91.57 91.79 91.90 92.00 92.09 92.22 92.19 92.22 92.20 92.09 92.18 92.15 92.07 92.03 91.88 91.88 91.61 91.29 91.38 91.23 91.04 90.92 90.81 90.64 90.55 90.46 90.32 90.28 90.29 90.18 90.23 90.13 90.09 90.04 90.07 89.92 90.22 90.22 90.07 90.21 90.47 90.64 90.62
53°N ||     90.52 90.48 90.56 90.57 90.55 90.52 90.46 90.40 90.36 90.23 90.28 90.21 90.06 89.93 89.74 89.49 89.15 89.20 89.12 88.95 88.82 88.72 88.56 88.46 88.34 88.29 88.22 88.16 88.14 88.09 88.05 88.04 88.00 87.98 87.99 87.99 87.98 87.93 87.85 87.79 87.75 87.74 87.77 87.80 87.88 87.98 88.05 88.18 88.37 88.70 88.99 89.17 89.32 89.48 89.59 89.72 88.65 89.01 88.38 89.36 90.07 90.22 90.36 90.44 90.57 90.75 91.01 91.14 91.27 91.33 91.56 91.62 91.63 91.67 91.73 91.81 91.82 91.76 91.88 91.82 91.73 91.83 91.76 91.83 91.71 91.89 91.80 91.55 91.51 91.31 91.36 91.26 91.11 91.05 90.87 90.74 90.80 91.10 90.61 90.58 90.35 90.37 90.21 90.06 89.64 89.70 89.65 89.97 89.78 89.87 89.77 89.77 89.66 89.77 89.76 89.72 89.83 89.93 89.77 89.88 89.79 89.74 89.62 89.69 89.74 89.68 89.66 89.83 89.91 89.98 90.23 90.44 90.62 90.79 90.76 91.02 91.19 91.41 91.45 91.57 91.62 91.76 91.77 91.92 91.96 91.99 91.90 91.92 91.75 91.77 91.79 91.78 91.53 91.32 91.23 91.07 91.15 90.99 90.89 90.76 90.66 90.53 90.45 90.39 90.35 90.29 90.33 90.29 89.98 90.09 90.02 90.16 90.11 90.09 90.15 90.34 90.51 90.51 90.60 90.62
55°N ||     90.63 90.60 90.51 90.40 90.44 90.27 90.33 90.37 90.31 90.25 90.23 90.10 90.03 89.87 89.81 89.53 91.62 89.07 89.18 89.09 88.96 88.82 88.73 88.68 88.51 88.39 88.31 88.23 88.18 88.15 88.12 88.11 88.08 88.10 88.08 88.10 88.06 88.03 88.00 87.95 87.89 87.89 87.86 87.88 87.93 88.03 88.17 89.07 88.88 89.15 89.26 89.28 89.68 89.48 89.64 89.82 89.96 90.02 90.26 90.38 90.49 90.60 90.83 90.91 91.06 91.19 91.22 91.34 91.40 91.50 91.63 91.68 91.70 91.77 91.81 91.75 91.79 91.79 91.86 91.97 91.72 91.77 91.82 91.75 91.89 91.73 91.56 91.55 91.39 91.41 91.36 91.33 91.20 91.08 90.86 90.84 90.83 90.81 90.71 90.60 90.54 90.45 90.29 90.31 90.26 90.10 90.00 90.01 90.02 89.93 89.94 89.94 89.87 89.98 89.88 90.00 90.12 90.08 90.07 90.01 89.84 89.79 89.72 89.68 89.59 89.62 89.81 89.91 89.91 89.97 90.16 90.35 90.48 90.51 90.68 90.87 91.01 91.14 91.16 91.24 91.32 91.41 91.45 91.57 91.61 91.54 91.58 91.59 91.29 91.33 91.46 91.31 91.28 91.10 90.99 91.09 90.82 90.94 90.87 90.59 90.49 90.47 90.43 90.44 90.31 90.32 90.26 90.15 90.10 90.17 90.19 89.97 90.03 90.00 90.21 90.39 90.48 90.59 90.66 90.70
57°N ||     90.59 90.58 90.54 90.48 90.52 90.39 90.30 90.26 90.24 90.26 90.12 90.02 90.03 89.87 89.76 89.72 89.25 89.34 89.19 89.18 89.08 89.00 88.88 88.78 88.70 88.60 88.47 88.36 88.37 88.28 88.26 88.23 88.21 88.22 88.21 88.21 88.20 88.17 88.15 88.06 88.03 88.00 87.98 87.99 88.04 88.17 88.36 88.59 88.96 89.12 89.26 89.34 89.43 89.57 89.74 89.90 90.07 90.27 90.43 90.57 90.87 90.96 91.03 91.09 91.20 91.24 91.34 91.43 91.49 91.61 91.62 92.14 91.79 91.79 91.80 91.86 91.84 91.78 91.81 91.79 91.77 91.93 91.69 91.72 91.06 92.55 91.55 91.49 91.47 91.37 91.41 91.25 91.18 91.11 91.07 90.93 90.93 90.80 90.73 90.53 90.54 90.49 90.31 90.16 90.10 90.12 90.10 90.00 90.16 90.08 90.03 90.12 90.22 90.20 90.20 90.25 90.32 90.24 90.14 89.95 89.87 89.89 89.83 89.74 89.74 89.77 89.71 89.80 89.89 89.93 90.11 90.17 90.33 90.33 90.41 90.55 90.77 90.84 90.89 90.82 91.04 90.98 91.14 91.28 91.29 91.24 91.21 91.25 91.20 91.10 91.18 91.11 91.14 91.12 90.93 90.99 90.84 90.90 90.83 90.64 90.54 90.56 90.42 90.38 90.34 90.24 90.23 90.18 90.03 90.15 90.13 90.04 90.27 90.15 90.17 90.34 90.50 90.49 90.55 90.57
59°N ||     90.48 90.52 90.50 90.35 90.46 90.43 90.17 90.33 90.33 90.33 90.25 90.16 90.05 89.97 89.82 89.65 89.69 89.54 89.45 89.35 89.26 89.15 89.01 88.91 88.91 88.86 88.81 88.72 88.65 88.58 88.54 88.45 88.41 88.44 88.52 88.44 88.43 88.44 88.33 88.23 88.20 88.17 88.17 88.27 88.34 88.57 88.74 88.91 89.12 89.25 89.35 89.52 89.59 89.71 89.87 89.99 90.17 90.34 90.51 90.75 91.03 90.87 91.21 91.28 91.29 91.36 91.46 91.53 91.56 91.54 91.66 91.64 91.68 91.77 91.78 91.79 91.73 91.84 91.90 91.86 91.75 91.73 91.75 91.68 91.65 91.63 91.59 91.57 91.50 91.34 91.23 91.30 91.16 91.16 90.90 90.99 90.97 90.88 90.68 90.62 90.52 90.47 90.44 90.38 90.38 90.32 90.14 90.15 90.19 90.24 90.33 90.37 90.36 90.36 90.25 90.35 90.34 90.35 90.14 90.06 90.02 89.95 89.79 89.82 89.72 89.74 89.68 89.76 89.83 89.85 89.98 89.95 90.18 90.35 90.28 90.14 90.40 90.47 90.44 90.63 90.76 90.58 90.78 90.90 90.89 90.81 90.90 90.88 90.89 90.89 90.88 90.92 90.91 90.83 90.82 90.88 90.83 90.71 90.71 90.60 90.64 90.50 90.44 90.34 90.28 90.21 90.02 90.04 90.01 90.09 90.14 90.16 90.23 90.21 90.26 90.31 90.41 90.54 90.35 90.46
61°N ||     90.41 90.43 90.41 90.43 90.40 90.47 90.35 90.29 90.35 90.20 90.14 90.16 90.09 89.98 89.87 89.80 89.71 89.63 89.56 89.45 89.34 89.32 89.25 89.19 89.10 89.08 89.00 88.95 88.91 88.90 88.89 88.84 88.88 88.88 88.84 88.80 88.78 88.81 88.77 89.16 88.71 88.69 88.70 88.74 88.78 88.86 88.95 89.09 89.30 89.42 89.46 89.71 89.87 89.98 90.10 90.27 90.41 90.55 90.69 90.79 91.01 91.21 91.29 91.35 91.45 91.91 91.35 91.60 91.63 91.63 91.73 91.59 91.69 91.84 91.91 91.88 91.84 91.86 91.75 91.81 91.75 91.76 91.71 91.74 91.65 91.62 91.53 91.48 91.40 91.33 91.25 91.22 91.19 91.09 91.09 91.09 90.90 90.81 90.78 90.65 90.61 90.53 90.42 90.41 90.38 90.41 90.26 90.36 90.34 90.42 90.41 90.43 90.47 90.46 90.35 90.44 90.36 90.36 90.30 90.10 90.18 90.14 89.74 89.88 89.83 89.77 89.69 89.64 89.69 89.80 89.79 89.84 89.91 89.45 89.92 90.13 90.16 90.12 90.30 90.39 90.46 90.26 90.54 90.60 90.61 90.46 90.57 90.54 90.62 90.67 90.62 90.68 90.62 90.56 90.64 90.66 90.59 90.56 90.58 90.49 90.44 90.47 90.37 90.33 90.29 90.06 90.19 90.14 90.03 90.11 90.06 90.16 90.21 90.19 90.30 90.31 90.26 90.40 90.37 90.28
63°N ||     90.46 90.31 90.31 91.23 90.35 90.40 90.41 90.38 90.34 90.32 90.26 90.14 90.13 90.02 89.98 89.95 89.86 89.81 89.65 89.51 89.29 89.49 89.43 89.38 89.33 89.31 89.24 89.26 89.25 89.19 89.17 89.12 89.10 89.06 89.02 88.99 88.97 89.00 88.99 88.97 88.96 89.00 89.00 89.06 89.14 89.20 89.30 89.34 89.51 89.64 89.83 89.96 90.10 90.27 90.46 90.54 90.66 90.77 90.92 90.95 91.07 91.22 91.36 91.48 91.47 91.50 91.67 91.64 91.62 91.61 91.68 91.62 91.71 91.70 91.74 91.81 91.76 91.68 91.68 91.73 91.72 91.71 91.61 91.55 91.51 91.24 91.31 91.28 91.28 91.25 91.24 91.14 91.03 90.98 91.04 90.76 90.72 90.75 90.70 90.63 90.61 90.53 90.46 90.46 90.48 90.45 90.44 90.46 90.45 90.43 90.50 90.47 90.54 90.47 90.45 90.42 90.40 90.31 90.39 90.29 90.20 90.16 90.14 90.02 89.94 89.88 89.77 89.73 89.69 89.68 89.69 89.76 89.81 89.81 89.88 89.99 90.04 90.03 90.14 89.98 90.23 90.03 90.26 90.34 90.22 90.37 90.36 90.37 90.41 90.42 90.38 90.39 90.50 90.50 90.49 90.44 90.45 90.39 90.43 90.45 90.40 90.34 90.36 90.32 90.17 90.23 90.23 90.24 90.01 90.10 90.12 90.16 90.07 90.22 90.31 90.35 90.31 90.36 90.38 90.40
65°N ||     90.39 90.52 90.40 90.50 90.49 90.45 90.42 90.45 90.20 90.31 90.25 90.25 90.26 90.23 90.41 90.05 90.01 89.95 89.82 89.90 89.84 89.73 89.70 89.67 89.63 89.60 89.48 89.53 89.50 89.47 89.42 89.36 89.35 89.30 89.25 89.19 89.19 89.20 89.16 89.15 89.15 89.21 89.27 89.34 89.43 89.52 89.59 89.70 89.78 89.90 90.02 90.04 90.30 90.52 90.68 90.86 91.01 91.19 91.24 91.27 91.30 91.43 91.49 91.46 91.59 91.62 91.64 91.54 91.60 91.66 91.54 91.56 91.67 91.68 91.68 91.71 91.71 91.64 91.67 91.65 91.68 91.60 91.55 91.24 92.33 94.16 90.59 91.13 91.24 91.15 91.20 91.05 91.08 90.91 90.90 90.82 90.74 90.72 90.72 90.67 90.59 90.59 90.54 90.42 90.53 90.41 90.40 90.45 90.44 90.43 90.50 90.51 90.56 90.47 90.33 90.36 90.49 90.36 90.32 90.40 90.35 90.27 90.23 90.03 90.01 89.83 89.87 89.78 89.75 89.62 89.71 89.68 89.67 89.70 89.79 89.75 89.83 89.86 89.79 89.91 89.99 89.97 90.06 90.09 90.01 90.15 90.14 90.17 90.15 90.18 90.23 90.25 90.25 90.29 90.12 90.31 90.28 90.37 90.34 90.33 90.24 90.22 90.34 90.32 90.21 90.32 90.31 90.13 90.25 90.16 90.29 90.28 90.24 90.25 90.26 90.34 90.22 90.24 90.42 90.11
67°N ||     90.49 90.48 90.54 90.50 90.48 90.59 90.54 90.48 90.52 90.47 90.31 90.35 90.40 90.27 90.30 90.23 90.22 90.18 90.15 90.14 89.96 90.03 89.89 89.83 89.83 89.70 89.82 89.78 89.69 89.66 89.64 89.54 89.56 89.46 89.74 89.37 89.36 89.35 89.33 89.35 89.38 89.43 89.54 89.57 89.64 89.75 89.86 90.01 90.10 90.22 90.38 90.55 90.69 90.88 91.06 91.22 91.40 91.52 91.64 91.76 91.79 91.76 91.66 91.60 91.60 91.60 91.55 91.59 91.65 91.61 91.64 91.64 91.60 91.67 91.66 91.62 91.59 91.48 91.66 91.61 91.59 91.53 91.37 91.31 91.30 91.16 91.14 91.17 91.13 91.16 91.08 91.00 90.99 90.89 90.85 90.77 90.73 90.69 90.65 90.54 90.49 90.55 90.51 90.40 90.43 90.43 90.44 90.39 90.35 90.25 90.32 90.47 90.53 90.46 90.42 90.44 90.32 90.40 90.38 90.36 90.32 90.20 90.23 90.17 90.08 90.02 90.00 89.85 89.76 89.74 89.66 89.59 89.60 89.60 89.51 89.67 89.67 89.70 89.43 89.76 89.81 89.89 89.92 89.86 89.90 89.91 89.75 90.00 89.99 90.03 90.00 90.13 90.10 90.15 90.18 90.17 90.19 90.21 90.22 90.27 90.12 90.14 90.15 90.22 90.19 90.19 90.31 90.31 90.32 90.26 90.32 90.26 90.36 90.34 90.22 90.28 90.30 90.44 90.41 90.46
69°N ||     90.36 90.56 90.58 90.53 90.56 90.58 90.55 90.60 90.47 90.64 90.53 90.52 90.49 90.52 90.35 90.28 90.27 90.39 90.42 90.31 90.33 90.32 90.28 90.24 90.12 90.09 89.76 90.04 90.03 89.86 89.99 89.80 89.83 89.71 89.61 89.55 89.57 89.57 89.58 89.59 89.61 89.72 89.80 89.88 89.96 90.08 90.28 90.45 90.63 90.76 90.84 90.93 90.99 91.11 91.19 91.33 91.41 91.45 91.56 91.59 91.59 91.61 91.59 91.57 91.52 91.56 91.58 91.59 91.53 91.60 91.61 91.57 91.65 91.62 91.49 91.57 91.56 91.48 91.50 91.46 91.40 91.36 91.40 91.32 91.19 91.21 91.07 91.03 91.01 90.96 90.97 90.90 90.81 90.81 90.80 90.62 90.67 90.67 90.61 90.59 90.57 90.56 90.53 90.43 90.45 90.53 90.49 90.44 90.43 90.47 90.25 90.30 90.41 90.40 90.45 90.40 90.34 90.38 90.36 90.25 90.19 90.23 90.19 90.18 90.04 90.01 90.00 89.96 89.90 89.85 89.78 89.68 89.67 89.60 89.53 89.47 89.52 89.62 89.68 89.65 89.68 89.68 89.72 89.72 89.73 89.74 89.78 89.83 89.83 89.81 89.89 89.84 89.91 89.99 90.06 90.10 90.06 90.12 90.28 90.21 90.16 90.16 90.15 90.24 90.23 90.29 90.30 90.37 90.33 90.29 90.28 90.37 90.40 90.44 90.57 90.50 90.46 90.50 90.45 90.40
71°N ||     90.56 90.65 90.71 90.62 90.57 90.65 91.03 90.52 90.64 90.66 90.52 90.58 90.62 90.56 90.67 90.69 90.68 90.60 90.75 90.49 90.39 90.53 90.52 90.46 90.37 90.32 90.24 90.15 90.20 90.06 90.10 90.12 90.14 89.97 90.08 90.09 89.97 89.97 89.99 90.02 89.96 90.12 90.18 90.23 90.35 90.41 90.53 90.69 90.78 90.90 91.00 91.07 91.07 91.04 91.12 91.15 91.18 91.22 91.27 91.27 91.23 91.31 91.31 91.35 91.50 91.41 91.43 91.47 91.58 91.49 91.53 91.50 91.48 91.54 91.46 91.39 91.40 91.44 91.40 91.33 91.28 91.28 91.24 91.17 91.10 91.08 91.03 91.02 90.97 90.86 90.76 90.69 90.74 90.76 90.67 90.66 90.62 90.60 90.58 90.53 90.46 90.41 90.39 90.37 90.44 90.47 90.45 90.39 90.41 90.39 90.46 90.39 90.36 90.37 90.30 90.36 90.28 90.26 90.16 90.25 90.11 90.19 90.16 90.04 90.04 90.03 90.00 89.99 89.93 89.86 89.81 89.81 89.75 89.71 89.63 89.63 89.57 89.53 89.49 89.46 89.41 89.39 89.43 89.47 89.52 89.57 89.64 89.67 89.76 89.73 89.81 89.80 89.79 89.83 89.92 89.89 90.02 90.09 90.14 90.17 90.20 90.11 90.23 90.25 90.27 90.34 90.31 90.35 90.21 90.38 90.38 90.36 90.29 90.43 90.46 90.50 90.60 90.45 90.54 90.52
73°N ||     90.69 90.77 90.79 90.73 90.67 90.83 90.86 90.81 90.81 90.87 90.95 90.84 90.86 90.74 90.99 90.82 90.79 90.76 90.69 90.69 90.74 90.47 90.49 90.57 90.47 90.58 90.47 90.87 90.64 90.54 90.62 90.46 90.38 90.32 90.23 90.31 90.22 90.26 90.30 90.40 90.45 90.51 90.55 90.59 90.68 90.73 90.77 90.82 90.87 90.94 91.03 91.17 91.11 91.12 91.11 91.09 91.04 91.03 90.98 91.04 91.08 91.13 91.17 91.16 91.21 91.28 91.32 91.28 91.28 91.32 91.40 91.46 91.45 91.34 91.41 91.42 91.43 91.34 91.28 91.17 91.19 91.13 91.08 91.03 91.07 91.04 90.99 90.94 90.87 90.88 90.79 90.62 90.63 90.63 90.62 90.50 90.52 90.51 90.47 90.50 90.45 90.45 90.41 90.28 90.38 90.40 90.33 90.30 90.29 90.24 90.31 90.32 90.37 90.35 90.30 90.36 90.36 90.28 90.18 90.12 90.16 90.23 90.19 90.08 90.06 90.02 89.97 90.00 89.89 89.88 89.83 89.78 89.80 89.73 89.75 89.70 89.65 89.60 89.58 89.59 89.62 89.63 89.65 89.66 89.68 89.70 89.72 89.73 89.78 89.80 89.77 89.84 89.83 89.88 89.87 89.87 89.99 90.05 90.08 90.06 90.19 90.18 90.13 90.23 90.32 90.37 90.29 90.37 90.45 90.49 90.02 91.43 90.21 89.26 90.47 90.54 90.68 90.65 90.48 90.60
75°N ||     90.69 90.81 90.75 90.81 90.82 90.96 90.79 90.90 90.92 90.92 90.98 90.89 90.91 91.02 90.91 90.98 90.97 90.77 90.87 90.92 90.86 90.97 91.02 91.11 90.93 90.73 90.76 90.77 90.50 90.59 90.62 90.56 90.70 90.75 90.83 90.64 90.57 90.59 90.49 90.63 90.61 90.66 90.77 90.75 90.75 90.68 90.78 90.83 90.87 90.98 91.04 91.06 91.05 91.06 91.07 91.20 91.04 91.02 91.05 91.07 91.16 91.21 91.25 91.26 91.25 91.22 91.19 91.21 91.26 91.17 91.29 91.30 91.30 91.30 91.27 91.32 91.25 91.24 91.13 91.16 91.08 91.07 90.99 91.15 90.96 90.88 90.83 90.77 90.76 90.77 90.70 90.67 90.63 90.57 90.58 90.55 90.64 90.45 90.41 90.39 90.37 90.37 90.36 90.32 90.34 90.36 90.36 90.32 90.26 90.33 90.29 90.26 90.32 90.31 90.30 90.27 90.24 90.27 90.17 90.17 90.16 90.13 90.06 90.17 90.16 90.11 90.00 89.98 89.97 89.88 89.95 89.90 89.91 89.86 89.78 89.80 89.76 89.75 89.73 89.72 89.70 89.76 89.76 89.65 89.71 89.75 89.80 89.81 89.76 89.77 89.80 89.85 89.87 89.89 89.92 89.92 89.95 90.04 90.08 90.12 90.13 90.20 90.21 90.29 90.32 90.31 90.32 90.36 90.40 90.46 90.47 90.53 90.47 90.72 90.74 90.77 90.78 90.78 90.73 90.64
77°N ||     90.92 90.79 90.53 90.41 90.58 90.89 90.78 90.37 90.40 90.85 90.96 90.97 91.00 90.96 90.95 90.76 90.46 90.51 90.39 90.75 90.53 90.66 91.12 91.43 90.96 90.77 90.75 90.89 90.81 90.80 90.78 90.79 90.84 90.75 90.40 90.72 90.61 90.70 90.67 90.63 90.80 90.77 90.68 90.68 90.77 90.85 90.89 90.93 90.97 91.00 91.02 91.06 90.91 91.12 91.15 91.20 91.22 91.22 91.22 91.22 91.26 90.55 90.58 91.00 91.14 91.11 91.10 91.14 91.06 91.06 91.12 91.14 91.14 91.15 91.10 91.12 91.09 91.10 91.14 91.12 91.06 90.95 90.93 90.90 90.89 90.83 90.70 90.68 90.77 90.72 90.73 90.68 90.60 90.51 90.49 90.53 90.53 90.51 90.47 90.43 90.42 90.42 90.37 90.45 90.37 90.35 90.36 90.34 90.34 90.33 90.32 90.30 90.26 90.20 90.20 90.19 90.24 90.16 90.17 90.07 90.11 90.14 90.15 90.15 90.14 90.15 90.11 90.08 90.04 89.98 90.01 89.95 89.91 89.83 89.56 89.77 89.85 89.86 89.88 89.85 89.80 89.81 89.81 89.80 89.81 89.78 89.83 89.79 89.82 89.77 89.83 89.88 89.87 89.91 89.96 89.98 90.01 90.03 90.00 90.07 90.10 90.16 90.26 90.31 90.33 90.34 90.38 90.47 90.47 90.43 90.52 90.45 90.51 90.59 90.56 90.78 90.89 90.86 90.78 90.85
79°N ||     90.61 90.49 90.49 90.60 90.63 90.58 90.54 90.54 90.58 90.56 90.59 90.42 90.69 90.64 90.67 90.77 90.76 90.81 90.81 90.75 90.73 90.85 90.83 90.87 90.92 90.97 90.88 90.63 90.70 90.58 90.64 90.68 90.72 90.73 90.69 90.76 90.71 90.81 90.79 90.78 90.79 90.82 90.82 90.77 90.71 90.73 90.77 90.81 90.84 90.92 91.01 90.97 91.01 91.05 91.09 91.10 91.06 91.12 91.19 91.18 91.23 91.27 91.25 91.28 91.22 91.23 91.30 91.24 91.14 91.08 91.01 90.98 90.90 90.93 90.94 90.77 90.73 90.77 90.88 90.90 90.79 90.84 90.67 90.19 90.47 90.80 89.66 89.86 90.52 89.26 89.67 90.19 89.89 89.50 90.05 89.34 89.49 90.14 89.88 89.55 89.67 89.75 89.88 90.26 90.30 90.23 90.28 90.30 90.32 90.29 90.28 90.27 90.26 90.25 90.20 90.22 90.19 90.19 90.16 89.96 90.50 89.94 90.11 90.08 90.05 90.09 90.05 90.02 90.03 90.03 90.02 90.03 90.00 90.00 89.99 89.99 90.00 90.00 89.95 89.97 89.94 89.89 89.83 89.85 89.85 89.77 89.69 89.70 89.75 89.80 89.83 89.80 89.88 89.94 89.94 90.01 89.99 90.05 90.04 90.05 90.09 90.16 90.20 90.28 90.29 90.35 90.32 90.31 90.36 90.48 90.48 90.50 90.52 90.57 90.59 90.54 90.52 90.67 90.67 90.64
81°N ||     89.70 89.72 89.75 89.81 89.75 89.76 89.79 89.78 89.79 89.82 89.85 89.88 89.90 89.93 89.97 89.99 90.00 90.03 90.03 90.06 90.07 90.10 90.13 90.17 90.20 90.27 90.35 90.46 90.45 90.52 90.60 90.50 90.51 90.70 90.19 90.19 90.00 90.26 89.68 89.80 90.02 90.12 90.55 90.56 90.58 90.66 90.73 90.70 90.51 90.47 89.99 89.97 89.78 89.96 90.45 90.08 90.03 90.00 90.00 90.10 90.71 90.54 90.63 90.64 90.72 90.79 90.88 90.51 90.34 90.05 90.06 90.08 89.60 89.83 89.64 89.35 89.16 89.33 89.12 88.92 88.89 88.63 88.67 88.53 88.53 88.59 88.39 88.38 88.39 88.32 88.37 88.48 88.27 88.27 88.49 88.31 88.36 88.22 88.22 88.24 88.49 88.56 88.54 88.54 88.61 88.69 88.38 89.12 89.18 89.82 89.77 89.20 89.44 90.04 89.72 89.81 89.54 89.67 89.92 89.37 89.42 89.32 89.40 89.44 89.68 90.00 89.52 89.61 89.61 89.59 89.65 89.62 89.62 89.65 89.67 89.69 89.77 89.87 89.97 89.97 89.98 89.97 89.97 89.94 89.97 89.92 89.93 89.96 89.97 90.02 90.02 90.05 90.06 90.08 90.08 90.06 90.06 90.10 90.11 90.07 90.08 90.10 90.13 90.13 90.13 90.12 90.10 90.07 90.05 89.97 89.89 89.91 89.89 89.88 89.87 89.82 89.77 89.72 89.71 89.70
83°N ||     89.33 89.34 89.34 89.34 89.35 89.34 89.35 89.37 89.38 89.40 89.43 89.46 89.47 89.50 89.52 89.56 89.61 89.61 89.69 89.69 89.72 89.74 89.74 89.73 89.72 89.67 89.81 89.78 89.74 89.18 89.06 88.87 89.11 89.21 88.89 89.07 88.82 88.85 88.86 88.77 88.65 88.77 88.57 88.47 88.48 88.62 88.60 88.56 88.63 88.72 88.87 89.03 89.23 89.30 88.92 89.01 88.83 88.71 88.70 88.83 88.73 89.38 89.33 90.09 90.26 90.44 90.60 90.69 90.66 90.32 90.05 89.71 89.43 89.23 89.13 88.95 88.85 88.74 88.66 88.61 88.57 88.51 88.47 88.43 88.38 88.33 88.31 88.29 88.27 88.27 88.27 88.26 88.26 88.24 88.23 88.21 88.20 88.18 88.18 88.17 88.16 88.15 88.14 88.12 88.12 88.11 88.11 88.10 88.11 88.16 88.25 88.40 88.36 88.42 88.28 88.39 88.57 88.62 88.51 88.40 88.36 88.38 88.59 88.43 88.49 88.39 88.48 88.51 88.43 88.48 88.36 88.38 88.48 88.64 88.57 88.56 88.61 88.46 88.54 88.56 88.68 88.97 89.04 89.16 89.56 89.52 89.80 89.98 90.01 89.97 89.94 89.92 89.92 89.92 89.98 90.00 89.98 89.96 89.89 89.86 89.84 89.83 89.80 89.76 89.73 89.70 89.66 89.63 89.61 89.59 89.55 89.54 89.51 89.48 89.47 89.45 89.41 89.38 89.35 89.34
85°N ||     89.51 89.39 89.50 89.64 89.72 89.95 88.86 88.75 88.96 89.10 88.59 88.87 88.70 88.61 88.78 88.91 88.34 88.24 88.22 88.23 88.23 88.36 88.76 88.51 88.57 88.67 88.94 88.73 88.71 88.86 88.85 88.15 88.19 88.41 88.21 88.15 88.14 88.13 88.14 88.16 88.15 88.20 88.17 88.14 88.15 88.13 88.10 88.11 88.11 88.17 88.17 88.16 88.19 88.29 88.30 88.22 88.24 88.25 88.31 88.37 88.41 88.31 88.39 88.33 88.31 88.31 88.52 88.52 88.85 89.03 89.15 89.39 89.18 89.16 89.14 89.27 89.43 89.62 89.68 89.69 89.75 89.75 89.39 89.07 88.76 88.71 88.75 88.81 88.91 89.13 89.54 89.54 88.41 88.27 88.27 88.34 88.29 88.25 88.19 88.16 88.15 88.18 88.14 88.12 88.11 88.10 88.09 88.08 88.08 88.07 88.06 88.07 88.07 88.07 88.08 88.08 88.09 88.10 88.10 88.10 88.10 88.11 88.12 88.11 88.10 88.10 88.10 88.10 88.11 88.10 88.10 88.10 88.10 88.10 88.11 88.11 88.15 88.15 88.14 88.23 88.12 88.12 88.12 88.33 88.34 88.35 88.43 88.66 88.43 88.29 88.36 88.30 88.50 88.57 88.76 88.95 88.57 88.75 88.89 88.97 88.93 88.74 88.84 89.19 89.06 89.12 89.30 89.66 89.44 89.74 89.50 89.31 89.19 89.06 89.20 89.41 89.54 89.26 89.27 89.30
87°N ||     88.00 88.04 88.02 88.03 88.06 88.04 88.04 88.03 87.98 87.97 87.97 87.97 87.99 88.00 87.98 87.96 87.96 87.96 87.95 87.95 87.96 87.98 87.98 87.92 87.93 87.93 87.94 87.94 87.95 87.95 87.96 87.93 87.91 87.93 87.91 87.89 87.87 87.87 87.87 87.87 87.89 87.88 87.91 87.90 87.89 87.86 87.85 87.85 87.86 87.87 87.87 87.87 87.87 87.88 87.91 87.94 87.95 87.96 87.98 87.98 87.96 87.94 87.94 87.94 87.93 87.93 87.93 87.93 87.94 87.95 88.02 88.14 88.19 88.12 88.10 88.08 88.11 88.08 88.07 88.10 88.05 88.03 88.03 88.03 88.05 88.03 88.04 88.08 88.05 88.07 88.02 88.00 88.02 87.99 87.97 87.96 87.97 87.97 87.99 87.98 87.97 87.94 87.94 87.96 87.96 87.93 87.92 87.92 87.91 87.90 87.90 87.91 87.90 87.90 87.90 87.91 87.91 87.92 87.92 87.96 87.90 87.91 87.92 87.93 87.97 87.99 87.94 87.93 87.95 87.95 87.97 87.94 87.90 87.90 87.90 87.90 87.91 87.92 87.94 87.94 87.94 87.95 87.96 87.95 87.96 87.96 87.97 87.96 87.94 87.91 87.93 87.91 87.94 87.93 87.90 87.90 87.91 87.99 87.96 87.99 87.95 88.02 88.02 88.05 88.05 88.06 88.03 88.02 88.03 88.04 88.03 88.06 88.08 88.07 88.07 88.08 88.06 88.08 88.11 88.04
89°N ||     87.80 87.79 87.79 87.80 87.81 87.77 87.77 87.76 87.75 87.75 87.76 87.75 87.75 87.75 87.75 87.75 87.74 87.74 87.74 87.74 87.74 87.74 87.75 87.74 87.74 87.74 87.74 87.73 87.72 87.71 87.71 87.70 87.70 87.69 87.69 87.69 87.69 87.68 87.68 87.68 87.68 87.68 87.68 87.68 87.68 87.68 87.68 87.68 87.68 87.68 87.68 87.69 87.70 87.70 87.71 87.72 87.73 87.73 87.74 87.74 87.73 87.74 87.74 87.75 87.75 87.76 87.76 87.76 87.76 87.76 87.77 87.77 87.77 87.78 87.78 87.79 87.79 87.79 87.80 87.80 87.80 87.80 87.80 87.80 87.80 87.81 87.81 87.80 87.81 87.81 87.80 87.81 87.82 87.82 87.81 87.80 87.79 87.80 87.82 87.83 87.82 87.80 87.80 87.79 87.79 87.78 87.78 87.78 87.77 87.77 87.77 87.76 87.76 87.76 87.76 87.75 87.75 87.75 87.75 87.75 87.75 87.75 87.74 87.75 87.75 87.75 87.75 87.74 87.74 87.73 87.73 87.73 87.73 87.73 87.72 87.72 87.71 87.71 87.70 87.70 87.70 87.69 87.69 87.69 87.69 87.69 87.69 87.70 87.70 87.70 87.70 87.71 87.71 87.72 87.73 87.73 87.74 87.75 87.74 87.73 87.73 87.74 87.74 87.74 87.74 87.74 87.74 87.74 87.75 87.75 87.76 87.76 87.76 87.77 87.77 87.78 87.78 87.79 87.79 87.79
