East longitude (degrees): -179:2:179
North latitude (degrees): -89:2:89

Absorbed dose on Martian Surface (1E-6 Gy/day), 2D array where Absorbed dose(i,j)= value at latitude(i) and longitude(j).
80.74 80.78 80.83 80.85 80.85 80.84 80.84 80.86 80.89 80.93 81.08 81.14 81.11 81.17 81.36 81.46 81.51 81.58 81.60 81.49 81.42 81.57 81.59 81.55 81.49 81.47 81.41 81.42 81.51 81.48 81.57 81.68 81.62 81.55 81.65 81.58 81.49 81.42 81.34 81.29 81.24 81.17 81.11 81.08 81.06 81.06 81.05 81.06 81.05 81.03 81.01 81.00 80.97 80.96 80.96 80.95 80.88 80.85 80.83 80.83 80.81 80.78 80.78 80.75 80.76 80.80 80.81 80.69 80.64 80.65 80.59 80.57 80.57 80.57 80.53 80.50 80.49 80.48 80.46 80.47 80.45 80.47 80.47 80.45 80.47 80.48 80.47 80.46 80.45 80.46 80.48 80.51 80.52 80.53 80.54 80.55 80.54 80.55 80.57 80.57 80.55 80.55 80.53 80.53 80.54 80.55 80.56 80.57 80.58 80.58 80.59 80.58 80.55 80.56 80.61 80.64 80.63 80.63 80.63 80.65 80.67 80.68 80.69 80.72 80.76 80.79 80.79 80.82 80.84 80.86 80.88 80.89 80.90 80.91 80.92 80.95 80.96 80.96 80.95 80.96 80.91 80.92 80.90 80.86 80.88 80.87 80.87 80.84 80.81 80.78 80.77 80.76 80.76 80.72 80.70 80.68 80.67 80.65 80.65 80.66 80.65 80.65 80.65 80.63 80.63 80.62 80.63 80.64 80.64 80.65 80.66 80.68 80.68 80.68 80.68 80.70 80.71 80.72 80.73 80.74
82.72 82.79 82.82 82.95 82.92 82.99 82.89 82.88 82.86 82.77 82.77 82.76 82.65 82.52 82.46 82.45 82.47 82.47 82.47 82.43 82.42 82.47 82.61 82.65 82.63 82.58 82.58 82.48 82.56 82.40 82.64 82.67 82.50 82.49 82.48 82.47 82.43 82.38 82.42 82.41 82.37 82.41 82.37 82.34 82.31 82.28 82.27 82.21 82.16 82.10 81.96 82.11 81.92 81.65 81.68 81.61 81.49 81.36 81.30 81.27 81.43 80.93 80.99 80.74 80.67 80.65 80.60 80.57 80.55 80.52 80.44 80.38 80.44 80.42 80.16 80.11 80.03 79.94 79.91 80.06 79.77 79.58 79.57 79.48 79.45 79.45 79.47 79.50 79.53 79.55 79.59 79.61 79.63 79.63 79.64 80.04 79.94 80.12 80.00 80.22 80.22 80.22 80.30 80.31 80.35 80.44 80.50 80.66 80.75 80.81 80.67 80.66 80.69 80.72 80.74 80.73 80.79 80.82 80.89 80.90 80.97 81.03 81.04 81.09 81.17 81.16 81.17 81.25 81.33 81.31 81.38 81.40 81.41 81.48 81.61 81.76 81.86 82.01 81.93 81.75 81.59 81.55 81.52 81.48 81.43 81.44 81.38 81.13 81.09 81.08 81.07 81.09 81.13 81.13 81.12 81.14 81.20 81.32 81.41 81.41 81.49 81.57 81.66 81.70 81.83 81.93 82.03 82.08 82.22 82.26 82.44 82.44 82.46 82.45 82.54 82.43 82.17 82.31 82.70 82.93
82.14 82.15 82.17 82.18 82.19 82.18 82.21 82.25 82.26 82.25 82.25 82.26 82.28 82.35 82.28 82.21 82.22 82.33 82.32 82.33 82.33 82.35 82.38 82.39 82.38 82.38 82.43 82.54 82.60 82.75 83.10 83.13 83.11 83.11 83.15 82.98 83.18 83.06 83.01 82.96 83.19 83.47 83.41 83.43 83.20 83.16 83.05 82.94 82.85 82.75 82.78 82.66 82.64 82.60 82.85 82.93 82.64 82.46 82.51 82.88 82.71 81.78 81.65 81.68 81.81 81.89 81.73 81.83 81.81 81.40 81.53 81.40 81.10 81.02 81.08 80.82 81.14 81.40 81.67 81.32 81.14 81.06 81.11 81.12 81.21 81.06 80.99 80.86 80.85 80.96 80.85 80.88 81.00 80.98 80.98 80.99 81.00 81.06 81.11 81.22 81.19 81.31 81.61 81.91 81.83 81.78 81.76 81.78 81.74 81.81 81.90 81.96 82.02 82.09 81.86 81.92 82.04 82.06 81.98 81.89 81.88 81.92 81.96 82.06 82.17 82.27 82.27 82.20 82.21 82.15 82.11 82.07 82.03 82.05 82.08 82.20 82.79 83.95 84.36 84.09 83.44 83.13 83.00 83.04 82.56 82.31 82.21 82.09 82.15 82.21 82.09 82.12 82.18 82.33 82.50 82.57 82.61 82.64 82.60 82.61 82.59 82.43 82.28 82.20 82.18 82.28 82.35 82.43 82.56 82.76 82.50 82.56 82.51 82.46 82.39 82.35 82.32 82.31 82.19 82.14
82.25 82.27 82.29 82.31 82.32 82.32 82.34 82.36 82.38 82.41 82.43 82.46 82.49 82.52 82.50 82.51 82.53 82.57 82.60 82.63 82.66 82.69 82.73 82.77 82.82 82.88 82.93 82.99 83.10 83.24 83.16 83.00 82.98 82.92 83.03 83.15 83.13 83.08 83.15 83.21 82.95 82.95 82.96 82.97 82.99 83.02 83.00 83.52 83.63 83.71 83.62 83.63 83.55 83.55 83.56 83.52 83.46 83.76 83.86 83.86 83.39 83.74 83.63 83.51 83.86 83.56 83.58 83.55 83.96 83.60 83.90 84.15 84.34 84.35 84.18 84.02 84.06 84.04 84.02 84.12 84.08 84.04 83.86 83.89 83.91 83.81 83.74 83.71 83.76 83.75 83.47 83.46 83.57 83.96 83.50 83.41 83.30 83.25 83.28 83.14 83.36 82.82 82.99 82.71 83.14 83.40 83.46 83.21 83.09 83.12 83.16 83.30 83.58 83.68 83.77 83.74 83.31 83.32 83.24 83.22 83.14 83.13 82.80 82.71 82.78 82.85 82.84 82.69 82.69 82.84 82.77 82.79 82.97 82.99 83.21 83.82 84.66 84.57 84.61 84.59 84.60 83.36 83.23 83.29 83.24 83.38 83.34 83.26 83.23 83.22 83.17 83.04 82.92 82.87 82.82 82.67 82.61 82.67 83.00 83.38 83.90 84.19 83.70 83.13 82.36 82.36 82.04 81.96 81.94 81.94 82.07 82.30 82.82 82.80 82.50 82.28 82.19 82.16 82.19 82.22
82.60 82.68 82.68 82.84 82.57 82.65 82.69 82.75 82.80 82.86 82.93 83.01 83.18 83.22 83.00 82.99 83.02 83.08 83.14 83.19 83.24 83.29 83.30 83.35 83.38 83.44 83.51 83.54 83.57 83.60 83.65 83.82 83.79 83.82 83.94 83.88 83.65 83.69 83.66 83.69 83.88 83.71 83.38 83.43 83.26 83.12 83.18 83.37 83.42 83.31 83.47 83.37 83.61 84.49 84.14 84.35 84.65 84.15 84.63 84.54 84.20 84.33 84.40 84.36 84.37 84.33 84.39 84.40 84.31 84.21 84.32 84.15 83.95 83.98 84.00 84.03 83.97 83.98 83.94 83.96 84.40 83.86 83.69 83.63 83.60 83.63 83.61 83.62 83.58 83.57 83.55 83.57 83.46 83.27 83.06 82.74 82.07 81.36 82.21 82.35 82.85 83.20 83.15 83.28 83.60 83.82 83.97 84.21 84.18 84.04 83.80 84.13 84.26 84.40 84.39 84.48 84.51 84.60 84.57 84.56 84.54 84.58 84.52 84.44 84.42 84.46 84.04 84.08 84.16 84.24 84.31 84.55 84.62 84.72 84.77 84.75 84.72 84.05 83.15 82.94 82.89 82.83 82.81 83.00 83.09 83.11 83.04 83.20 83.30 83.40 83.55 83.64 83.77 83.53 83.65 83.90 84.08 83.72 83.58 83.63 84.13 83.90 83.60 83.60 83.76 83.69 84.15 83.46 82.64 82.31 82.33 82.49 82.65 82.91 83.23 82.52 82.65 82.65 82.44 82.51
82.99 83.04 83.06 83.18 83.16 83.11 83.12 83.16 83.18 83.39 83.24 83.34 83.40 83.43 83.52 83.65 83.54 83.75 83.45 83.71 83.59 83.63 83.60 84.09 84.54 83.47 83.93 84.44 84.24 84.35 84.27 84.28 84.25 84.27 84.32 84.34 84.34 84.32 84.22 84.18 84.19 83.93 84.56 84.68 83.68 83.87 83.86 83.71 83.66 83.95 84.18 83.90 84.63 84.45 84.52 84.73 84.98 83.69 84.37 83.84 84.62 84.36 83.70 84.18 84.19 84.53 84.57 84.50 84.47 84.43 84.38 84.41 84.39 84.40 84.37 84.34 84.37 84.41 84.37 84.14 84.24 84.42 84.13 84.09 84.11 84.33 83.97 84.16 83.99 84.02 84.08 83.95 83.87 83.56 82.72 82.72 82.28 82.78 83.35 83.66 83.58 83.86 83.91 84.00 84.08 84.32 84.12 84.25 83.97 84.26 83.81 84.13 83.95 83.95 83.57 83.47 84.24 84.42 84.71 84.76 84.82 84.80 84.83 84.81 84.85 84.82 84.78 84.83 84.81 84.85 84.79 84.77 84.86 84.84 84.85 84.86 84.93 84.95 84.88 84.88 84.88 84.93 84.58 84.16 84.38 83.78 83.25 83.25 83.26 83.15 83.22 83.34 83.78 84.98 84.83 83.88 83.67 84.27 83.02 83.06 83.73 83.14 82.84 82.69 82.62 82.75 82.60 83.03 82.77 82.73 82.74 82.81 82.95 82.63 82.54 82.67 82.78 82.89 82.90 82.91
83.87 83.57 83.49 83.46 83.37 83.65 83.61 83.97 83.92 83.96 83.93 83.95 84.30 84.11 84.06 84.12 84.21 84.20 84.33 84.19 84.13 84.18 84.12 84.23 84.16 84.29 84.49 84.57 84.41 84.52 84.49 84.52 84.52 84.52 84.51 84.53 84.49 84.51 84.49 84.49 84.47 84.49 84.41 84.27 84.20 83.97 83.44 84.14 83.33 83.60 84.40 84.21 84.04 83.49 83.66 83.89 84.07 84.02 84.17 84.13 84.43 84.61 84.43 84.50 84.69 84.72 84.70 84.74 84.74 84.70 84.66 84.65 84.59 84.61 84.57 84.57 84.55 84.45 84.23 84.25 84.18 84.04 83.98 83.82 84.06 84.25 84.11 84.14 83.94 84.06 84.08 84.01 83.64 83.47 83.33 83.15 82.65 82.24 83.43 84.58 84.96 85.12 85.12 83.95 84.23 84.09 84.12 84.31 84.02 84.36 84.08 84.03 83.97 84.40 84.78 84.59 84.02 83.88 83.45 83.20 83.10 82.69 82.55 83.12 83.76 84.27 84.59 84.57 84.47 84.26 83.68 84.32 84.49 83.81 84.41 84.62 84.92 84.83 84.57 84.45 84.12 84.14 83.90 84.37 85.00 84.95 84.79 84.66 83.94 83.98 84.06 83.24 83.97 84.31 84.31 83.44 83.07 83.17 82.94 82.99 83.10 82.93 82.93 83.20 83.08 83.03 83.17 83.28 83.33 83.30 83.20 83.30 83.53 83.19 83.21 83.28 83.49 83.66 83.76 83.56
84.12 84.22 83.98 84.12 83.92 83.92 84.04 84.71 84.26 84.17 85.09 85.35 84.36 84.52 84.54 84.65 84.44 84.55 84.55 84.37 84.37 84.60 84.61 84.76 84.61 84.68 84.73 84.75 84.72 84.69 84.69 84.67 84.71 84.67 84.23 84.60 84.60 84.58 84.55 84.55 84.49 84.44 84.44 84.45 84.49 84.55 84.47 84.37 84.18 84.06 84.16 83.64 83.48 83.86 84.39 84.48 84.41 84.73 84.88 84.91 84.95 84.93 84.88 84.83 84.81 84.80 84.77 84.57 84.75 84.65 84.52 84.37 84.33 84.17 84.11 84.19 84.10 84.28 84.11 84.14 84.20 84.24 84.33 84.15 84.48 84.24 84.24 84.39 84.22 84.22 84.12 83.81 83.68 83.99 84.14 84.16 84.17 84.18 84.25 84.11 83.95 84.06 84.06 84.01 84.31 84.38 84.38 84.21 84.19 84.07 83.97 83.80 83.32 83.53 83.69 83.13 83.54 83.40 83.17 83.34 83.08 83.01 83.76 84.09 83.91 83.81 84.95 83.49 83.69 83.71 83.83 84.33 84.23 84.11 84.04 83.84 84.17 83.15 82.77 82.34 82.27 82.93 85.18 85.02 85.13 83.91 84.58 83.95 84.73 85.04 84.91 84.84 84.77 84.80 84.90 83.80 82.72 82.68 82.67 82.68 82.66 82.84 83.53 83.42 83.61 82.99 83.06 83.26 83.34 83.33 83.41 83.42 83.45 83.71 83.72 83.80 83.93 83.88 83.93 83.99
85.20 84.12 84.75 84.73 84.63 84.32 85.01 84.73 84.76 84.74 84.31 83.98 84.87 84.29 84.59 84.76 84.72 84.71 84.64 84.52 84.37 84.02 85.01 83.82 84.07 84.89 84.65 84.63 84.66 84.71 84.73 84.72 84.80 84.46 84.39 84.06 84.29 84.65 84.53 84.59 84.58 84.61 84.52 84.57 84.60 84.60 84.60 84.36 84.89 85.68 85.67 85.79 85.75 84.34 84.86 84.87 85.03 85.07 85.10 85.12 85.12 85.10 85.05 84.96 85.00 84.63 84.77 84.96 84.98 84.99 84.93 84.68 84.46 84.58 84.45 84.34 84.26 84.39 84.60 84.22 84.23 84.24 84.28 84.60 84.43 84.67 84.80 84.75 84.65 84.69 84.35 84.31 83.95 84.33 84.31 84.41 84.58 84.61 84.60 84.58 84.62 84.62 84.70 84.65 84.57 84.50 84.64 84.17 84.09 83.94 83.47 83.10 83.36 83.82 84.27 83.97 84.18 84.05 84.16 83.78 83.93 83.53 83.32 83.23 83.57 83.53 83.89 83.92 84.21 84.17 84.13 84.25 84.30 84.41 84.51 84.53 84.52 84.65 84.31 83.94 84.36 82.94 83.12 83.77 83.88 83.93 84.01 84.26 84.88 84.64 84.43 83.55 84.35 84.82 85.11 85.24 84.66 83.64 82.75 83.20 82.95 83.28 83.81 83.88 83.18 83.49 83.95 84.11 83.95 84.33 85.10 84.87 84.49 84.36 84.37 84.31 84.48 84.29 84.34 85.10
85.06 85.10 85.18 85.23 85.29 85.43 85.55 85.48 85.49 85.51 85.52 84.92 84.29 84.00 83.36 83.37 84.06 84.22 85.20 84.44 84.49 84.34 84.14 84.22 85.81 84.77 84.78 84.80 84.69 84.48 84.56 84.46 84.45 84.63 84.55 84.51 84.43 84.73 84.57 84.59 84.71 84.55 84.68 84.59 84.64 84.67 84.39 84.20 84.26 85.08 85.69 85.56 85.83 84.17 85.01 85.14 85.18 85.24 85.17 85.19 85.26 84.96 84.85 84.96 85.07 85.14 85.19 85.02 85.04 84.19 84.48 84.68 84.53 84.70 84.41 84.60 84.44 83.97 83.76 83.62 83.51 84.49 84.46 84.45 84.63 84.65 84.78 84.59 84.84 84.69 85.16 85.06 84.67 84.76 84.74 84.57 84.50 83.87 84.47 84.76 84.89 84.62 84.67 84.68 84.66 84.70 84.35 83.45 83.75 84.09 84.13 84.24 84.25 84.42 84.44 84.34 84.60 84.41 84.54 84.62 84.54 84.74 84.77 84.57 84.71 84.38 83.75 83.99 85.19 85.19 84.22 84.41 84.21 83.03 83.89 84.11 84.22 83.76 83.45 83.80 84.17 83.61 84.46 84.62 84.89 84.91 84.87 84.58 84.58 84.75 85.03 84.94 85.16 84.96 85.66 85.81 85.75 85.46 85.11 84.89 85.14 84.98 84.77 85.11 85.29 85.23 85.22 85.07 84.94 85.36 84.99 85.28 85.18 85.22 84.72 84.71 84.77 84.86 84.51 84.99
84.50 84.57 84.90 85.12 84.71 85.92 85.78 85.50 85.63 85.60 85.57 85.39 84.85 84.95 84.55 84.71 83.65 83.85 84.22 84.68 85.01 84.80 84.52 84.40 84.31 84.92 84.71 84.85 84.49 85.01 84.15 84.23 84.12 84.39 84.43 84.51 84.76 84.78 84.87 84.87 84.93 84.86 84.83 84.89 84.89 85.38 84.69 84.98 84.98 84.96 84.99 85.11 85.12 85.21 85.23 85.17 85.20 85.23 85.04 85.04 84.86 85.21 85.18 85.31 85.19 84.99 84.42 84.45 84.51 84.51 84.47 84.60 84.59 84.79 84.89 85.09 84.92 84.38 83.86 84.13 84.27 84.72 84.70 84.31 84.29 84.07 84.14 84.10 84.36 84.63 84.65 84.77 83.88 84.81 84.88 84.80 84.94 84.94 84.92 84.96 84.91 84.88 84.94 84.86 84.63 84.33 83.61 84.73 84.92 84.80 84.62 84.43 84.53 84.40 84.54 84.05 83.99 84.55 84.93 85.12 85.29 85.16 85.20 85.27 85.26 85.18 84.83 84.43 84.15 84.18 84.64 84.54 84.50 84.47 85.34 84.26 83.04 83.43 83.55 83.70 83.91 83.90 83.52 83.64 84.16 84.61 84.73 84.48 84.93 85.02 85.02 85.10 84.63 82.90 84.99 85.68 85.54 83.50 85.68 85.60 85.55 85.36 85.30 85.23 85.00 84.74 84.51 84.59 83.88 83.62 84.58 85.14 85.10 84.93 84.79 84.63 84.53 84.44 84.66 84.65
85.77 84.47 84.23 84.92 84.93 85.02 85.03 85.53 85.54 85.63 85.67 85.67 85.54 85.43 85.14 84.88 84.60 84.18 84.10 83.83 83.82 83.54 83.88 83.90 84.26 84.22 84.10 84.02 84.49 83.78 83.79 83.81 84.32 85.68 84.25 84.47 84.48 85.13 84.84 84.86 84.96 84.95 84.91 84.92 84.93 84.98 84.94 85.03 85.04 84.98 85.01 85.10 85.13 85.13 85.06 85.20 85.33 85.22 85.28 85.20 84.70 85.05 85.26 85.26 85.03 84.83 86.23 86.22 85.91 84.56 84.71 84.77 84.83 85.01 85.16 84.81 84.49 83.97 84.03 83.72 84.04 84.06 84.42 84.37 84.68 84.58 84.69 84.71 84.69 84.69 84.73 84.89 84.81 84.94 84.89 85.01 84.89 84.85 84.86 84.69 84.70 84.01 83.81 83.85 83.49 84.03 85.26 85.68 85.63 85.25 85.15 84.74 84.78 84.43 84.58 84.48 84.84 84.98 85.24 85.27 85.24 85.23 85.29 85.28 85.21 85.43 85.41 85.54 85.56 85.14 84.43 83.81 84.41 84.60 83.87 83.70 83.59 83.21 83.76 83.00 83.27 83.66 83.69 84.58 84.31 84.25 83.77 84.10 84.54 84.85 85.13 85.23 85.00 85.16 85.27 85.31 85.34 85.29 85.04 85.20 85.16 85.23 85.06 84.86 85.10 85.06 85.07 85.06 85.00 84.61 85.20 84.99 84.94 84.76 84.31 84.84 84.20 84.18 84.25 84.73
84.64 84.26 83.94 84.37 84.40 85.19 85.25 85.60 85.53 85.59 85.57 85.66 85.67 85.68 85.61 85.47 85.36 85.31 85.23 84.96 84.49 84.37 84.44 84.23 84.56 84.49 84.16 84.83 84.72 84.20 83.98 84.28 84.06 84.30 84.48 84.60 84.61 84.68 84.70 84.90 84.92 85.01 85.04 85.05 85.12 85.15 85.12 85.10 85.12 85.11 85.01 84.92 84.84 84.94 85.07 85.19 85.19 85.20 85.09 84.26 85.19 85.35 85.49 85.64 85.08 85.34 85.31 85.31 84.86 84.80 85.01 84.90 84.98 85.10 85.30 85.18 84.75 84.58 84.21 83.88 83.91 84.21 85.01 84.53 84.70 84.73 84.73 84.65 84.41 84.77 84.78 84.81 84.76 84.93 84.74 84.95 85.18 85.03 84.78 84.85 84.62 84.65 84.52 84.41 84.02 84.33 84.17 84.41 84.51 84.39 84.35 84.21 84.32 84.85 85.13 85.56 85.53 85.37 85.22 85.12 85.13 85.29 85.44 85.41 85.52 85.48 85.45 85.50 85.50 85.60 84.70 84.65 84.61 84.50 85.80 84.03 83.98 84.10 84.54 83.44 83.41 83.44 83.93 83.97 84.03 83.61 83.46 84.65 84.37 84.08 84.91 84.80 84.69 85.17 85.14 83.72 84.33 84.52 85.08 84.79 84.21 84.38 85.10 84.77 84.99 85.25 85.12 85.20 85.16 85.12 84.80 84.72 84.55 83.96 84.89 85.10 84.70 84.54 84.17 84.08
84.66 84.62 84.95 84.34 84.06 84.50 85.01 85.09 85.33 85.27 85.51 85.38 85.66 85.56 85.58 85.47 85.54 85.57 85.52 85.11 84.62 84.59 84.33 84.43 84.34 84.48 84.49 84.30 84.24 84.32 84.25 84.39 84.62 84.63 84.59 84.36 84.18 84.52 84.89 84.63 85.05 84.75 84.55 84.94 84.98 84.94 84.76 85.05 84.97 84.94 84.74 84.79 85.01 85.37 85.10 84.47 84.89 85.43 85.30 85.34 85.28 85.27 85.39 85.57 85.86 85.66 85.05 85.70 84.92 85.39 85.17 84.99 85.03 84.92 85.01 85.47 85.60 85.51 85.44 85.09 84.90 84.53 84.62 84.61 84.63 84.68 84.81 84.81 84.82 84.77 84.76 84.77 84.88 84.82 84.87 84.68 84.82 84.89 84.72 84.97 85.00 84.72 84.79 84.97 84.82 84.56 84.36 84.12 84.15 83.91 84.40 84.53 84.87 85.40 85.75 85.79 85.82 85.62 85.45 85.37 85.33 85.29 85.35 85.39 85.59 85.65 85.56 85.53 85.55 85.59 85.43 84.88 84.78 85.05 84.65 84.19 83.92 84.11 83.95 83.15 84.94 83.75 84.37 84.27 84.25 83.95 83.79 83.61 83.34 83.78 84.20 84.60 84.41 84.49 84.83 85.15 85.38 85.40 85.14 85.04 84.56 84.65 84.86 84.85 84.73 83.89 83.84 84.20 84.70 84.97 85.10 85.17 84.99 85.25 85.21 84.34 84.79 84.90 84.84 85.02
85.36 84.42 84.03 84.64 84.94 85.13 85.10 84.45 84.57 84.77 84.33 84.58 85.11 84.57 86.04 84.67 85.05 85.00 85.48 85.23 85.16 85.12 85.13 84.53 84.35 84.15 85.11 84.85 84.31 84.42 84.87 85.16 85.19 85.08 85.04 84.76 84.41 84.61 84.53 84.50 84.92 84.23 84.66 84.97 84.69 83.71 85.18 85.33 85.36 85.30 85.27 85.40 85.38 85.06 84.65 85.55 85.55 85.36 85.56 85.54 85.47 85.32 85.42 85.49 85.72 85.97 85.77 85.25 85.84 85.86 85.71 85.47 84.65 85.36 85.54 85.10 85.07 85.17 85.04 84.77 83.90 83.93 84.63 84.89 84.66 84.58 84.46 84.75 84.88 84.85 84.91 84.83 84.85 85.02 84.93 84.98 84.94 84.77 84.89 85.01 85.07 84.93 84.85 84.84 84.27 84.84 84.74 84.76 84.77 84.88 84.99 85.05 85.15 85.33 85.56 85.61 85.18 85.12 85.17 84.93 86.03 85.58 85.01 85.25 85.44 85.51 85.68 85.75 85.49 85.70 85.97 85.78 83.67 85.63 85.49 85.29 84.16 84.37 84.36 84.77 83.98 83.89 83.81 83.92 84.00 83.91 83.91 83.68 83.92 83.84 84.12 84.10 84.17 84.27 84.32 85.30 85.78 85.73 85.72 85.60 85.45 85.23 85.03 84.82 84.77 84.43 84.03 84.27 84.38 83.40 84.19 84.91 85.04 84.79 83.79 84.15 84.36 85.21 85.25 85.21
85.48 85.01 84.82 85.10 85.14 84.97 83.73 84.43 84.63 84.40 84.89 84.42 84.65 83.85 84.83 85.19 84.97 85.10 84.82 85.10 85.25 85.27 85.00 84.87 84.06 84.48 84.67 84.72 85.10 84.46 84.67 85.30 85.37 85.09 85.33 85.12 84.63 84.13 83.98 84.14 84.44 85.00 85.29 85.26 85.19 84.88 85.35 85.47 85.62 85.60 85.61 85.61 85.65 85.67 85.43 85.26 85.37 85.21 85.49 85.59 85.33 85.04 85.68 85.59 84.96 85.97 84.95 85.60 85.84 84.52 84.87 85.56 86.09 85.34 85.80 85.22 85.25 84.98 84.76 84.79 84.22 84.34 84.66 84.43 84.49 84.90 84.74 84.70 85.08 83.90 84.78 85.01 85.08 84.98 85.37 84.80 84.72 84.75 85.64 84.68 84.59 85.00 84.84 84.87 84.93 84.98 84.95 84.87 84.84 85.15 85.23 85.41 85.47 85.47 85.32 84.97 85.01 85.11 84.75 84.30 84.34 84.38 85.07 85.46 85.79 85.89 85.95 85.89 85.96 86.10 85.92 85.90 85.68 85.54 85.60 85.37 84.89 83.80 83.27 83.59 85.54 85.38 83.35 83.38 84.75 83.73 83.85 83.21 83.85 84.24 83.75 83.83 84.35 84.99 85.25 85.43 85.59 85.54 85.63 85.62 85.60 85.55 85.45 85.31 84.93 84.63 84.30 84.23 84.43 84.23 85.18 83.61 84.38 84.59 84.29 84.93 85.14 84.96 85.22 85.35
85.34 85.37 85.51 85.73 85.38 84.19 84.60 84.45 84.04 84.11 84.22 85.68 84.17 84.30 83.92 84.00 84.66 85.10 84.69 84.56 85.63 84.62 84.66 84.65 83.92 84.56 84.81 84.78 84.73 83.95 83.42 85.33 85.13 85.22 85.19 84.92 85.05 84.53 84.34 84.40 84.21 84.77 84.99 85.12 85.20 84.95 84.51 84.44 85.24 85.64 85.67 85.71 85.58 85.56 85.36 84.77 84.60 84.62 84.37 84.23 84.86 86.04 85.21 84.64 85.89 86.18 86.06 85.18 87.10 83.29 86.33 85.21 84.80 85.42 85.06 85.84 86.02 85.80 85.52 86.09 86.11 85.41 84.76 84.84 85.06 84.80 84.86 84.62 84.56 84.88 84.95 85.03 84.75 84.45 84.46 84.40 84.42 84.51 84.91 84.50 84.22 84.37 84.34 84.41 84.38 84.98 85.01 85.17 85.31 85.43 85.53 85.64 85.75 85.80 85.71 85.47 85.58 85.57 85.69 85.45 85.36 85.54 85.89 86.12 86.28 86.27 86.29 86.28 86.29 86.52 86.11 86.03 85.87 86.02 85.95 85.88 85.82 85.43 83.67 84.75 85.60 85.86 83.94 84.15 84.69 84.51 84.14 83.91 83.88 84.25 84.72 84.88 85.01 84.77 85.17 84.98 85.42 84.93 84.13 84.38 85.48 85.58 85.53 85.28 84.90 84.62 84.36 84.35 84.45 84.37 84.05 83.92 84.41 84.49 85.36 84.42 84.42 84.52 84.81 85.27
85.43 85.46 85.56 85.62 85.11 85.06 84.99 84.60 84.42 84.91 84.87 84.77 84.61 84.71 84.38 84.60 85.09 85.02 85.02 84.96 84.46 83.77 83.77 85.61 83.72 84.60 84.93 84.94 84.91 84.64 84.41 85.24 85.22 85.11 85.25 84.93 84.69 84.42 84.04 83.93 84.04 83.92 83.86 84.08 84.84 84.53 84.36 84.72 85.23 85.45 85.66 85.68 85.70 85.29 84.90 84.01 84.37 83.91 84.23 85.80 84.75 86.18 86.32 85.89 84.87 87.64 87.57 87.82 87.50 87.53 87.55 86.60 84.48 85.07 86.02 85.41 85.27 85.89 85.77 85.70 85.26 84.99 85.12 85.10 85.01 84.86 84.87 84.62 84.74 84.45 84.71 84.90 85.12 84.81 84.90 85.27 85.88 84.91 84.86 84.95 84.92 84.84 84.23 84.38 84.21 84.47 85.19 85.28 85.47 85.63 85.75 85.84 85.98 86.10 86.09 86.20 86.27 86.35 86.39 86.66 87.07 87.24 87.35 87.51 87.74 87.33 87.01 86.97 87.72 86.65 86.35 86.27 86.17 85.98 86.12 86.06 84.82 85.57 85.45 85.14 84.97 84.80 84.92 84.96 83.83 84.29 84.43 84.43 84.78 85.08 85.39 85.39 85.92 85.66 85.00 85.18 85.37 84.11 84.30 85.59 85.35 85.17 85.01 85.05 84.69 84.56 84.72 84.92 85.16 84.94 84.93 84.31 85.02 84.65 84.43 84.51 84.74 85.12 85.15 85.37
85.51 85.16 85.23 85.74 85.90 84.54 85.27 85.38 85.36 85.18 85.29 84.83 84.61 84.98 84.97 84.96 84.69 85.04 84.95 85.05 84.93 84.25 83.90 85.03 84.59 84.86 85.77 84.82 85.01 84.82 85.13 85.02 85.03 85.20 85.10 85.08 85.04 84.24 83.93 83.90 83.78 83.93 84.42 84.62 84.85 84.98 85.13 85.07 85.74 86.19 84.74 84.82 85.11 84.88 84.99 85.46 85.29 84.58 84.47 85.35 84.78 86.25 86.33 86.43 88.40 88.03 87.62 87.63 87.69 87.73 87.71 87.43 86.65 86.31 85.70 85.56 85.79 86.01 85.44 85.63 85.77 85.64 85.53 85.36 85.16 85.87 85.27 84.91 85.05 85.09 84.80 84.74 84.61 85.07 84.53 84.37 84.71 84.80 84.90 84.76 84.92 85.00 84.54 83.76 85.05 84.80 85.00 85.30 85.41 85.48 85.84 85.97 86.16 86.30 86.37 86.56 87.11 87.41 88.23 89.22 90.01 90.61 90.86 90.97 91.03 90.40 90.17 90.29 90.33 90.19 88.88 86.67 86.67 87.07 86.09 86.24 86.26 86.07 85.19 85.21 85.37 84.92 85.02 84.65 84.82 85.46 84.72 84.72 84.81 84.57 84.87 85.23 85.56 85.71 86.11 85.46 85.34 83.91 85.65 85.32 85.47 85.50 85.51 85.21 84.96 84.92 84.60 84.96 84.36 84.95 85.16 84.51 83.92 83.92 84.52 85.11 85.17 85.26 85.46 85.50
85.44 85.30 84.99 85.09 85.60 85.46 85.36 84.63 85.54 85.12 84.79 85.04 84.90 85.14 84.99 84.89 84.98 84.31 84.84 84.92 84.71 84.34 83.87 83.68 83.33 84.63 84.28 84.68 84.98 84.98 84.86 85.06 84.76 84.63 84.87 84.59 84.63 84.50 84.21 83.42 83.39 83.22 83.62 84.69 84.88 85.06 85.15 84.78 85.82 86.11 84.68 84.69 84.20 83.90 84.90 85.79 85.92 85.89 85.10 84.49 84.41 84.62 86.36 87.39 87.98 87.48 87.81 87.67 87.67 87.66 87.67 87.74 86.67 86.72 87.05 87.81 85.79 85.84 85.56 85.59 85.72 85.64 85.30 85.12 84.90 85.38 84.69 84.83 85.07 85.04 85.00 85.06 85.17 85.25 84.97 84.57 84.71 84.80 84.87 84.47 85.04 84.75 84.42 84.87 84.73 84.89 85.21 85.47 85.65 85.68 86.07 86.17 86.22 86.47 86.75 87.49 88.29 89.33 90.32 91.35 91.66 92.08 92.21 92.21 92.35 92.39 92.25 92.26 92.14 91.96 92.26 91.72 88.36 88.27 87.15 86.37 85.88 84.82 83.97 85.63 85.34 84.74 85.62 84.65 84.12 84.39 84.78 85.34 85.11 85.19 85.53 85.55 85.45 85.35 84.77 85.36 85.39 85.51 85.44 85.46 85.40 84.95 85.10 85.45 85.41 85.22 84.72 85.41 85.05 85.37 85.02 84.62 85.04 84.45 84.56 84.86 84.99 85.22 85.29 85.42
84.63 84.88 84.75 85.14 85.78 85.93 86.02 85.38 85.40 84.46 84.92 84.50 84.47 84.32 84.63 84.44 84.37 84.42 83.66 83.93 84.27 84.55 83.76 83.59 84.28 84.05 84.43 84.98 84.95 84.95 84.76 84.99 84.65 83.39 83.38 83.55 83.90 83.90 83.96 83.43 83.24 83.32 83.50 84.40 84.76 84.94 84.97 84.96 84.89 84.78 84.59 84.26 83.77 83.55 83.84 84.30 85.33 85.39 84.75 84.52 86.04 86.21 86.31 86.53 87.53 88.25 87.74 87.79 87.68 87.97 88.02 87.48 87.00 85.97 86.30 85.57 85.56 85.84 85.52 85.63 85.63 85.58 85.36 85.04 85.05 84.64 84.79 85.96 85.41 85.08 84.84 85.03 85.55 85.55 85.08 84.78 84.20 85.21 84.55 84.53 84.50 84.50 84.78 85.12 85.19 84.84 84.78 85.49 85.66 85.88 85.62 86.05 86.42 86.96 88.24 89.36 90.35 90.95 91.69 92.08 92.55 92.68 92.55 92.53 91.79 92.31 92.39 92.46 92.37 92.34 92.37 92.37 92.20 91.67 89.69 88.14 86.31 85.82 86.09 85.76 85.95 85.43 84.50 85.05 85.21 84.27 84.97 84.75 85.25 85.38 84.74 85.21 85.20 85.16 85.03 85.42 85.25 85.06 84.72 84.73 83.47 84.32 85.10 84.93 84.64 85.17 85.52 85.74 85.21 85.74 85.66 85.42 85.37 84.92 84.49 84.05 84.26 84.49 84.86 85.02
84.43 84.93 84.69 84.65 85.29 85.76 85.19 84.71 85.22 84.83 84.53 84.65 83.62 85.00 83.83 84.07 83.21 83.46 84.26 84.04 84.55 83.91 84.28 84.61 84.56 84.95 84.35 84.72 84.90 84.87 84.88 84.88 84.94 84.12 83.92 84.07 84.37 84.42 84.42 84.11 83.67 83.54 83.92 84.04 83.89 84.55 84.56 84.66 84.44 84.48 84.12 83.95 83.56 83.56 83.47 83.83 84.18 84.12 84.68 85.12 84.14 85.81 85.48 86.28 86.25 87.82 88.21 88.15 88.02 88.19 88.09 87.69 87.28 86.05 86.24 86.21 85.61 85.56 85.38 84.89 85.52 85.31 85.23 85.19 84.86 84.92 84.67 84.93 85.24 85.13 85.22 85.24 85.69 85.20 84.98 84.25 84.58 84.43 84.75 85.31 84.56 84.16 84.41 84.75 85.57 85.58 85.19 85.47 85.82 85.76 85.61 85.87 86.30 86.67 90.26 91.85 92.23 92.64 92.67 92.52 92.19 92.39 92.62 92.57 92.33 92.08 91.87 92.23 92.38 92.30 92.31 92.15 92.17 92.10 91.55 90.22 88.57 86.64 86.24 86.11 86.04 85.96 85.50 85.09 85.62 85.60 85.09 85.45 85.39 85.39 85.41 84.84 84.66 85.05 84.65 84.94 85.00 84.41 84.03 84.75 85.45 85.56 84.67 84.58 85.07 85.57 85.44 85.60 85.75 85.67 85.62 85.56 84.78 84.79 84.50 85.03 84.72 84.56 84.94 84.81
84.98 85.06 84.91 84.96 85.21 85.18 85.29 85.32 85.43 84.65 84.39 84.96 84.43 84.23 84.32 84.32 85.24 84.24 84.64 84.76 84.53 84.81 85.35 84.42 84.78 85.01 84.85 84.72 84.72 84.68 84.53 84.64 84.56 84.34 84.35 84.32 84.35 84.38 84.50 84.52 84.17 84.07 84.26 84.16 84.12 84.34 84.35 84.12 83.93 83.72 83.63 83.62 83.56 83.04 82.84 84.04 84.47 84.61 84.99 85.25 85.54 85.49 85.82 85.93 85.90 86.80 87.44 89.55 89.22 88.54 88.30 87.94 86.62 86.35 86.17 86.30 85.46 85.42 85.39 86.09 85.08 85.29 85.02 84.97 84.90 84.80 84.80 85.29 85.27 85.18 85.06 85.15 85.33 85.13 84.92 85.01 84.64 84.67 84.61 85.32 83.72 84.43 84.63 84.69 85.30 84.67 85.26 85.48 85.67 85.68 85.77 85.68 86.31 88.08 91.90 92.28 92.70 92.68 92.52 92.69 92.61 92.70 92.61 92.62 92.49 92.70 92.65 92.21 92.19 92.51 92.30 92.21 92.22 92.11 91.52 91.14 89.46 87.25 86.37 86.22 86.04 86.14 84.29 85.62 85.65 85.40 85.53 85.27 85.08 85.45 85.13 84.92 85.17 84.91 84.99 84.65 84.41 84.50 83.94 83.15 84.42 84.24 84.79 85.59 85.68 85.60 85.12 85.71 85.25 85.31 85.58 85.49 84.79 84.83 84.84 84.01 84.07 84.69 84.89 84.80
85.49 84.74 85.60 85.23 85.48 85.17 85.28 85.25 85.02 84.78 84.40 84.47 84.27 84.06 84.43 84.46 84.85 84.92 84.79 84.76 84.23 84.47 84.68 84.69 84.38 84.74 84.85 84.85 84.14 84.46 84.31 84.59 84.64 84.13 84.26 84.25 84.29 84.40 84.60 84.71 84.08 83.83 82.74 82.81 83.70 84.14 83.97 83.71 83.75 83.45 83.32 83.33 83.22 83.32 83.36 84.16 84.26 84.40 84.54 84.93 84.91 85.00 85.41 84.94 86.14 86.05 86.47 86.60 86.85 87.00 86.74 86.72 86.18 86.36 86.24 85.58 85.50 85.66 85.54 85.64 85.44 86.34 85.00 85.21 85.06 85.05 84.91 85.33 85.30 85.05 84.96 85.13 85.19 85.10 85.07 84.82 85.00 84.79 85.10 84.61 84.53 84.64 84.47 84.02 84.08 84.44 85.17 85.78 85.37 85.55 85.66 85.72 86.50 90.01 92.19 92.68 92.66 92.56 92.64 92.71 92.66 92.69 92.59 92.69 92.68 92.28 92.43 92.37 92.56 92.40 92.25 92.23 92.07 91.74 90.53 90.39 89.51 87.82 86.44 86.37 86.23 86.27 86.06 86.01 85.84 85.69 85.52 85.35 85.36 85.87 85.58 85.45 85.38 85.04 84.99 84.68 84.37 84.36 84.43 84.46 84.21 84.32 85.03 85.73 85.86 85.81 85.67 85.58 85.25 85.44 85.42 85.54 84.21 85.02 85.06 85.69 84.72 84.97 85.27 85.22
85.64 85.57 85.59 85.87 85.72 85.10 85.20 85.10 85.63 85.90 86.31 86.19 85.25 84.51 84.79 84.65 84.19 84.48 84.14 84.53 84.16 84.74 84.69 84.67 84.47 83.56 84.14 84.34 84.58 84.09 83.95 84.24 84.05 84.06 83.81 84.14 84.22 84.41 84.46 82.19 81.85 81.66 79.67 79.38 79.47 82.03 82.02 82.02 82.88 83.27 82.95 83.36 83.08 83.27 83.23 83.29 83.40 83.95 84.84 84.69 84.32 83.71 85.12 85.65 85.61 86.04 86.03 86.23 86.49 86.54 86.51 86.19 86.35 85.91 85.96 85.96 85.81 86.43 85.76 85.39 85.59 85.48 85.17 85.18 85.01 85.01 85.10 85.40 85.40 85.27 85.02 85.21 84.95 85.00 85.10 84.60 84.43 84.94 84.89 84.75 84.40 84.47 83.95 83.68 85.32 84.59 84.98 85.48 85.50 85.52 85.70 85.90 86.45 90.07 91.82 92.69 92.60 92.32 92.69 92.71 92.67 92.64 92.69 92.71 92.64 92.30 92.53 92.60 92.48 92.56 92.42 92.21 91.50 90.78 90.38 90.00 88.95 87.56 86.80 86.39 86.62 85.87 85.71 85.93 85.03 85.20 85.54 85.63 85.68 85.64 85.56 85.53 85.55 84.99 84.85 84.79 84.53 84.93 84.91 84.67 84.59 84.54 85.16 85.50 85.62 85.53 85.60 85.52 84.83 85.26 85.27 84.54 84.43 85.16 85.08 85.13 85.22 85.41 85.58 85.28
85.49 85.62 85.37 85.02 85.77 84.96 85.43 85.31 84.60 85.02 86.04 86.03 84.85 84.52 85.13 84.84 85.10 84.61 84.86 84.94 85.09 84.34 85.11 85.11 84.83 84.83 84.60 84.32 84.47 84.34 84.21 82.18 83.38 83.83 83.84 84.03 84.19 84.16 83.38 83.23 82.58 81.17 80.80 80.90 81.31 81.45 81.33 81.62 80.96 82.17 82.96 82.99 83.03 83.14 83.31 83.34 83.59 83.95 84.03 84.55 84.56 84.71 84.23 84.47 85.19 84.59 85.69 86.38 86.30 86.28 86.30 86.29 86.03 85.91 86.01 85.93 85.87 85.72 85.60 85.62 85.57 85.56 85.42 85.27 85.24 85.01 85.35 85.56 85.29 85.23 85.44 85.48 85.41 84.99 85.14 84.82 84.83 84.78 84.74 85.12 84.47 84.64 84.26 84.37 84.27 84.21 84.94 85.36 85.56 85.59 85.58 86.04 86.52 88.56 91.66 92.70 92.67 92.65 92.59 92.66 92.71 92.71 92.71 92.70 92.67 92.51 92.69 92.59 92.65 92.47 92.28 91.78 90.97 90.49 89.73 89.22 88.83 88.22 86.72 86.18 86.10 85.62 85.66 85.56 85.57 85.74 85.80 85.71 85.05 85.59 85.64 85.71 85.51 85.36 85.02 85.26 85.02 84.73 85.28 85.14 84.84 84.70 84.72 84.93 85.27 85.39 85.74 85.59 85.32 85.28 85.41 85.23 85.54 85.44 85.47 85.21 85.34 85.54 85.67 85.76
85.77 85.62 85.63 85.30 86.10 85.91 85.59 84.85 84.33 83.66 83.34 84.34 84.23 85.11 85.47 85.44 85.44 85.44 85.28 85.19 85.17 85.15 84.81 85.03 84.69 84.31 84.40 83.92 83.79 84.35 84.23 83.28 83.44 82.79 83.56 82.59 83.24 81.16 81.30 83.20 81.11 80.25 81.68 81.72 81.61 81.56 81.78 82.56 81.89 81.85 81.62 82.29 82.95 83.47 83.48 83.61 83.50 84.11 84.24 84.04 84.02 84.80 84.78 85.13 85.51 85.43 85.83 85.97 84.74 86.11 85.88 85.94 85.98 86.06 85.97 85.86 85.78 85.76 85.77 85.60 85.41 85.28 85.00 86.07 85.31 85.12 85.12 85.03 85.48 85.24 85.37 85.49 85.45 85.26 84.83 85.11 84.75 84.67 85.06 85.00 84.42 84.38 84.21 84.40 84.59 84.55 85.84 85.04 85.49 85.66 85.70 85.77 86.12 88.10 89.97 92.47 92.70 92.59 92.33 92.70 92.70 92.71 92.57 92.71 92.57 92.62 92.56 92.61 92.59 92.53 92.39 91.45 90.30 89.79 89.04 88.57 87.72 86.74 86.44 86.21 85.75 85.84 85.45 85.48 85.35 85.46 85.71 85.73 85.70 85.59 85.73 85.62 85.54 85.49 85.35 85.38 85.56 85.39 85.29 84.63 84.96 84.89 84.45 84.43 85.12 85.29 85.71 85.37 85.40 85.51 85.64 85.61 85.59 85.57 85.41 85.23 85.78 85.88 85.79 86.04
85.75 86.10 85.63 85.00 85.55 84.99 84.85 85.07 84.45 83.68 83.53 84.40 85.09 85.25 85.40 85.32 85.43 84.02 85.21 85.15 85.08 84.88 84.85 84.68 84.17 84.42 84.23 84.09 83.53 83.69 83.36 83.22 83.33 83.03 83.18 83.36 82.63 81.07 81.19 81.14 80.53 81.67 82.44 82.32 81.97 82.26 82.05 82.14 82.43 82.48 82.28 81.35 82.20 83.34 83.70 83.91 83.91 83.93 83.94 84.04 84.23 84.42 84.39 85.42 85.36 84.80 85.05 85.41 85.34 85.94 85.87 85.96 85.81 85.58 85.68 85.81 85.81 85.80 85.94 85.73 85.44 85.17 85.35 85.19 85.28 84.96 84.86 85.01 85.14 85.21 85.25 85.42 85.35 84.95 84.98 84.95 85.18 85.35 84.76 84.61 84.64 84.04 84.18 84.55 84.74 84.69 84.75 85.12 85.58 85.49 85.46 85.59 85.86 86.05 87.50 89.92 92.68 92.69 92.53 92.46 92.69 92.70 92.28 92.50 92.59 92.62 92.61 92.55 92.59 92.48 91.82 89.57 88.52 88.52 88.08 87.49 87.70 86.72 86.66 86.60 85.94 85.71 84.99 85.45 85.25 85.38 85.51 85.58 85.68 85.74 85.63 85.46 84.89 84.89 84.99 85.27 85.00 84.81 85.13 85.32 85.11 84.78 85.15 85.37 85.21 85.22 85.07 85.29 85.25 84.83 85.65 85.72 85.49 85.44 85.58 85.64 86.01 85.91 85.64 85.12
85.81 85.87 85.00 84.85 85.04 84.21 84.63 83.70 83.73 84.33 84.27 84.53 85.16 85.30 85.53 85.23 85.44 85.46 85.15 85.15 84.42 84.89 84.82 84.79 84.48 84.21 84.22 84.02 83.78 83.50 83.33 82.47 82.89 82.65 82.30 82.51 81.80 80.75 80.57 79.83 80.10 81.72 82.65 82.22 83.00 82.31 83.27 83.35 83.06 83.11 82.46 81.45 80.58 82.35 83.31 83.90 83.86 83.94 83.98 83.96 84.36 84.78 84.62 85.38 85.45 85.49 85.47 85.46 85.39 85.25 85.44 85.81 85.77 85.58 85.86 85.60 85.92 85.75 85.72 85.79 85.62 85.44 85.61 85.34 85.28 85.17 85.11 85.01 85.01 85.09 85.15 84.85 85.07 85.23 85.02 85.13 84.92 85.15 84.87 84.35 84.52 84.33 84.06 84.29 84.55 84.66 84.66 84.59 85.22 85.47 85.34 85.29 85.09 85.39 85.89 87.07 91.06 92.37 92.70 92.64 92.64 92.41 92.54 92.56 92.66 92.65 92.53 92.52 91.74 90.61 89.87 88.17 87.05 86.93 86.83 86.80 87.25 86.95 86.49 86.42 86.17 85.73 85.45 85.37 85.23 85.19 85.34 85.31 85.41 85.52 85.49 85.28 85.15 84.96 84.44 84.33 84.45 84.41 85.06 84.67 85.01 85.25 84.81 85.08 84.96 84.90 85.24 85.36 85.54 85.19 85.33 85.70 85.09 85.53 85.54 85.67 85.78 85.63 85.38 85.35
85.75 85.18 85.07 85.00 84.38 84.47 83.94 84.39 84.53 84.38 84.56 84.60 84.97 85.22 85.45 85.44 85.44 85.00 84.88 85.14 84.76 84.81 84.73 84.66 84.46 84.40 84.18 83.97 83.65 83.32 83.02 82.86 82.80 82.17 82.01 82.60 81.70 80.54 80.70 79.83 80.89 81.76 82.18 82.80 83.05 83.29 83.31 83.53 83.52 83.65 82.66 81.46 81.88 82.00 82.16 82.11 83.53 84.11 84.10 84.43 84.81 85.16 85.36 85.40 85.53 85.49 85.55 85.65 85.59 85.55 85.62 86.14 85.58 85.39 85.53 85.54 85.61 85.70 85.82 85.80 85.84 85.76 85.59 85.60 85.48 85.18 84.93 84.79 84.98 85.03 85.03 85.12 84.87 85.08 85.14 85.05 85.11 85.00 84.96 84.55 84.52 84.97 84.66 84.47 84.74 84.90 84.98 84.70 85.24 85.44 85.61 85.29 85.60 85.53 86.06 86.05 87.04 87.94 88.71 92.10 92.55 92.70 92.46 92.61 92.52 92.58 92.31 91.84 88.87 87.09 88.29 87.71 86.68 86.65 86.57 86.33 86.30 86.47 86.44 86.25 86.20 85.46 85.51 85.28 85.37 85.02 85.15 85.13 85.15 85.22 85.33 85.15 84.96 84.97 84.63 84.55 85.14 84.35 84.18 83.99 85.10 85.38 85.65 85.19 85.35 85.47 85.58 85.50 85.53 85.41 85.29 85.49 85.21 85.45 85.44 85.27 85.44 85.56 85.54 85.49
85.73 85.17 83.88 84.98 84.37 84.20 84.73 84.29 84.64 84.46 84.45 84.67 85.19 85.36 85.44 85.39 85.36 84.35 85.21 85.18 84.98 84.73 84.72 84.60 84.51 84.34 84.17 83.86 83.52 83.22 82.95 82.61 82.40 82.35 82.32 81.49 81.54 81.02 79.53 78.56 80.79 81.94 82.39 82.72 83.07 83.38 83.56 83.70 83.80 83.80 83.76 83.60 82.87 82.89 82.79 82.02 82.34 82.87 84.06 84.36 84.87 85.42 85.52 85.48 85.69 85.51 85.39 85.49 85.66 85.64 85.75 85.94 85.76 85.48 85.67 85.86 85.71 85.69 85.92 85.88 85.84 85.85 85.68 85.76 85.31 85.28 85.15 84.95 84.84 85.01 85.07 85.13 85.24 85.17 85.14 85.06 85.09 84.66 85.00 84.65 85.10 85.15 84.88 84.87 85.11 85.21 85.28 85.19 84.67 85.39 85.14 85.58 85.68 85.76 85.25 85.46 86.25 86.17 86.72 86.74 87.78 87.80 89.50 91.54 90.29 90.63 88.95 89.56 87.03 86.53 86.34 86.16 86.38 86.47 86.35 86.14 86.23 86.22 86.18 85.87 85.84 85.62 85.42 85.31 85.27 85.15 85.12 85.18 85.18 85.21 85.24 85.05 85.03 84.61 84.83 84.42 83.93 84.19 84.91 83.92 84.89 85.29 85.43 85.01 85.46 84.73 85.41 85.55 85.36 85.25 85.40 85.29 85.10 85.21 85.25 85.44 85.31 85.44 85.54 85.67
85.46 85.11 85.07 85.01 84.47 84.35 84.92 84.05 84.50 84.83 84.73 85.08 85.03 85.17 85.44 85.24 85.44 84.70 85.20 84.66 84.69 84.71 84.59 84.56 84.36 84.24 84.09 83.95 83.48 83.14 82.79 82.46 82.04 82.06 81.89 82.08 82.30 80.81 80.51 78.82 81.07 81.99 82.37 82.80 83.17 83.47 83.69 83.84 83.93 84.09 84.08 84.15 83.89 83.26 83.26 83.37 83.67 83.65 83.56 83.55 83.32 84.91 85.55 85.57 85.53 85.55 85.63 85.76 85.61 85.53 85.56 85.96 86.04 86.18 85.87 85.63 85.84 85.85 85.99 85.98 85.97 85.95 85.88 85.69 85.60 85.39 85.45 85.47 85.14 85.04 85.00 85.19 85.21 84.84 84.99 85.11 85.12 84.85 84.85 84.84 85.09 85.27 84.82 85.07 85.26 85.15 85.38 84.84 84.46 84.71 85.27 85.31 85.53 85.37 85.33 85.40 85.38 86.20 86.16 86.28 86.39 86.47 86.61 86.68 86.78 87.26 87.86 87.31 87.05 86.50 86.18 86.36 86.34 86.25 85.99 86.11 84.51 86.16 86.15 85.01 85.49 85.21 85.14 85.14 85.17 85.18 85.18 85.19 85.10 85.06 85.03 84.80 84.33 84.23 84.10 84.39 84.97 84.03 84.12 84.77 84.42 84.86 85.30 85.28 85.61 84.87 85.46 85.25 85.43 85.54 85.47 85.33 84.96 84.75 84.79 85.16 85.16 85.22 85.53 85.57
85.54 84.94 85.27 85.03 84.97 84.93 85.07 85.38 84.89 85.19 85.02 85.52 85.51 85.44 85.52 85.35 85.39 85.03 84.68 85.10 84.76 84.61 84.56 84.42 84.28 84.07 83.91 83.74 83.34 82.87 82.51 82.21 81.93 81.74 81.68 80.96 81.39 81.78 80.51 80.88 81.35 81.92 82.45 82.83 83.06 83.35 83.53 83.78 83.94 83.96 84.14 84.19 83.91 83.51 82.59 83.35 83.67 83.85 83.85 83.70 82.94 84.23 85.35 85.40 85.51 85.52 85.52 85.07 85.28 85.41 85.46 85.49 85.85 86.28 86.38 85.94 86.03 86.09 86.21 86.04 86.04 85.98 86.17 85.90 86.03 85.60 85.66 85.67 85.64 85.11 85.41 85.31 85.51 84.77 85.15 85.11 85.12 84.71 84.39 85.06 85.08 84.96 85.04 85.08 84.94 84.58 84.99 84.37 84.17 84.53 84.81 84.91 85.24 85.10 85.51 85.86 85.60 86.02 86.15 86.25 86.34 86.27 86.21 86.60 86.31 86.89 86.61 86.22 86.13 86.02 86.13 85.96 85.94 86.09 85.95 85.40 85.32 85.60 84.83 85.26 85.14 84.95 84.82 84.87 84.96 85.02 85.27 85.06 85.00 84.88 84.82 84.63 84.27 83.88 84.04 84.32 84.68 84.27 83.74 84.19 84.09 84.50 84.91 85.30 84.98 85.01 85.40 84.99 85.27 85.41 85.39 85.04 84.73 85.25 85.31 85.13 85.25 85.58 85.76 85.51
85.49 85.50 85.05 85.07 84.99 85.10 85.29 85.43 85.54 85.60 85.59 85.55 85.69 85.75 85.53 85.64 84.46 84.75 85.16 84.79 84.78 84.52 84.51 84.39 84.21 83.92 83.68 83.33 82.93 82.54 82.18 81.79 81.57 81.45 81.52 81.45 80.57 80.98 80.46 80.75 81.29 81.90 82.27 82.55 82.82 83.06 83.32 83.57 83.84 83.99 84.27 84.25 84.24 83.89 83.12 83.31 83.64 83.66 83.62 83.26 82.54 84.45 85.22 85.28 85.02 85.20 85.41 85.11 85.42 85.40 85.25 85.62 85.73 86.09 86.20 86.29 85.99 86.08 86.01 86.12 86.12 86.06 86.07 86.23 85.99 85.76 85.83 85.91 85.81 84.93 85.48 85.31 85.54 85.55 85.58 85.19 85.10 85.93 84.97 84.65 84.81 84.61 84.40 84.25 84.54 84.94 84.22 84.17 83.87 84.47 84.71 85.13 85.02 84.68 84.65 84.90 85.41 85.60 85.78 85.93 86.19 86.03 86.20 86.32 86.32 86.55 86.29 86.02 86.02 85.92 85.65 85.70 85.82 85.89 85.30 84.82 84.21 84.41 84.78 85.08 84.88 84.70 84.39 84.53 84.84 84.93 85.00 85.08 84.83 84.77 84.70 84.64 84.83 84.69 84.77 84.24 84.72 84.26 83.89 84.23 83.84 84.67 84.88 85.11 85.11 85.26 85.18 85.30 85.23 85.67 85.21 85.90 85.19 85.26 85.33 85.28 85.13 85.64 85.87 85.50
85.31 85.40 85.06 85.07 85.05 85.07 85.34 85.85 85.63 85.57 85.46 85.50 85.59 85.45 85.55 85.63 85.32 85.01 85.04 84.83 84.66 84.47 84.42 84.26 84.07 83.84 83.43 82.94 82.40 81.96 81.64 81.27 81.05 81.02 81.18 80.66 80.85 80.10 80.26 80.80 81.21 81.65 81.92 82.20 82.52 82.75 83.08 83.32 83.59 83.81 83.96 84.16 84.20 83.81 83.32 83.61 83.21 83.51 83.20 82.84 82.91 83.28 85.11 85.09 85.16 85.05 85.35 85.44 85.40 85.43 85.52 85.52 85.69 85.88 86.22 86.38 86.19 86.10 86.18 86.21 86.16 86.13 86.09 86.21 86.14 86.22 85.91 85.93 85.80 85.52 85.40 85.54 85.65 85.69 85.37 85.27 85.12 84.80 84.76 84.91 85.01 85.10 84.17 84.53 84.78 84.68 84.90 83.98 83.89 84.33 84.75 84.39 84.84 84.83 84.91 85.14 85.24 85.57 85.65 85.94 86.03 86.13 85.84 86.24 86.06 85.98 86.02 85.32 85.65 85.65 85.56 85.44 85.77 85.31 84.95 84.71 83.63 83.79 84.62 84.50 84.72 84.70 84.34 84.01 84.86 84.96 84.97 85.00 84.99 84.78 84.54 84.30 84.02 84.33 85.04 84.34 84.52 84.45 83.97 84.67 84.54 84.71 84.59 84.58 85.13 85.25 85.44 85.26 85.02 85.64 85.74 85.48 85.53 85.72 85.64 85.24 84.91 85.38 85.38 85.17
84.63 84.93 84.95 84.79 85.12 85.35 85.62 86.07 86.05 85.81 85.70 85.50 85.59 85.57 85.71 85.55 85.33 85.29 84.87 84.83 84.66 84.43 84.27 84.01 83.83 83.56 83.17 82.46 81.58 81.11 80.81 80.67 80.53 80.66 80.91 79.25 80.54 80.01 80.16 80.46 80.66 81.05 81.35 81.65 82.03 82.40 82.77 83.05 83.38 83.60 83.74 83.85 84.01 83.95 83.52 83.10 83.08 83.06 83.20 83.08 82.71 84.11 84.90 84.84 85.02 85.18 85.47 85.50 85.55 85.39 85.51 85.67 85.86 86.12 86.49 86.52 86.45 86.12 86.25 86.24 86.40 86.20 86.15 86.13 86.26 86.31 86.04 85.87 85.88 85.93 85.80 85.69 85.72 85.65 85.33 85.39 85.09 85.01 85.21 84.55 84.91 84.99 84.36 84.72 84.31 84.65 83.97 83.79 84.30 84.32 84.13 84.49 84.47 84.67 84.78 84.93 84.97 84.92 84.98 85.74 85.88 85.88 85.95 85.94 85.79 85.79 85.46 85.47 85.53 85.44 85.39 84.96 84.81 85.04 84.79 84.51 84.07 83.93 84.35 84.55 84.83 84.85 85.03 85.02 84.88 84.92 84.94 84.96 84.83 84.73 84.91 84.39 84.07 84.18 84.59 84.72 84.61 84.79 84.31 84.71 84.81 84.62 84.52 84.43 84.95 84.96 84.86 84.79 85.38 85.68 85.86 85.95 86.00 86.13 85.93 85.96 85.86 85.66 85.71 84.67
84.67 84.67 84.81 85.16 85.18 85.39 85.89 85.98 85.97 85.91 85.81 85.61 85.66 85.18 85.65 85.93 85.46 85.44 85.13 84.78 84.63 84.43 84.05 83.74 83.53 83.22 82.72 81.59 80.63 80.04 79.95 80.04 80.23 80.41 80.08 79.40 79.83 80.05 79.89 79.76 79.89 80.31 80.74 81.05 81.58 82.00 82.40 82.70 83.05 83.35 83.48 83.69 83.71 83.79 83.42 83.04 82.51 82.54 83.09 82.97 82.71 84.25 84.86 84.32 84.73 86.73 87.54 86.40 85.46 85.58 85.25 85.60 85.82 86.01 86.49 86.45 86.48 86.11 86.28 86.16 86.26 86.22 86.23 86.22 86.24 86.22 86.11 86.11 86.06 85.94 85.70 85.74 85.74 85.63 85.47 85.44 85.15 85.20 84.89 85.44 85.01 84.79 84.40 84.40 84.38 84.31 84.43 83.93 84.43 84.38 84.53 84.36 84.16 84.14 84.46 84.52 84.68 85.23 85.30 84.88 85.33 85.25 85.41 85.44 85.37 85.69 85.61 85.60 85.50 85.40 84.92 84.97 84.02 84.38 84.53 84.38 83.82 83.85 84.39 84.64 84.91 84.93 85.03 85.11 84.93 84.89 84.86 84.80 84.76 84.53 84.67 84.58 84.26 84.38 84.25 84.32 84.58 84.79 84.58 85.06 84.79 84.75 84.53 84.35 85.25 84.40 84.70 84.92 85.39 85.83 85.94 86.05 86.05 86.15 86.22 86.00 86.02 85.85 86.00 85.56
85.76 84.67 85.47 85.27 85.54 85.69 86.22 86.15 85.87 85.92 85.91 85.63 85.49 85.53 85.66 85.90 84.75 85.49 85.66 84.89 84.69 84.39 84.10 83.78 83.37 82.85 81.96 80.48 78.95 78.48 78.97 79.59 79.79 80.08 80.24 80.17 80.37 80.40 79.65 79.28 79.24 79.86 80.23 80.59 81.12 81.73 82.15 82.46 82.68 82.85 82.87 83.28 83.48 83.48 83.14 83.02 82.62 83.61 82.90 83.79 84.16 86.50 87.21 87.65 88.05 87.73 87.09 87.96 87.89 85.68 85.59 85.96 85.91 85.98 86.33 86.32 86.41 86.31 86.23 86.20 86.23 86.23 86.21 86.31 86.20 86.17 86.18 86.10 86.04 85.99 86.03 85.91 85.82 85.60 85.48 85.49 85.41 85.23 84.78 85.21 84.64 84.74 84.61 84.28 84.40 84.13 84.27 84.24 84.09 84.16 84.55 84.08 83.90 83.88 83.97 83.61 84.51 85.22 85.24 85.26 84.86 85.27 85.25 85.16 85.37 85.52 85.46 85.64 85.21 84.88 84.71 83.89 83.80 83.86 84.15 84.03 83.79 83.98 84.04 84.47 84.76 84.96 84.92 84.94 85.04 84.93 84.75 84.83 84.55 84.68 84.55 84.74 84.18 83.89 84.80 84.96 84.35 84.92 84.98 84.75 84.80 84.69 84.35 84.57 84.99 85.10 84.98 85.00 85.23 85.96 86.11 86.46 86.28 86.23 85.99 86.30 86.11 86.42 85.51 85.63
85.85 85.80 85.59 85.37 85.55 85.85 86.08 86.24 86.16 86.23 86.09 85.81 85.73 85.85 85.83 85.88 85.54 85.51 85.40 85.11 84.83 84.46 84.14 83.79 83.27 82.60 81.58 79.49 77.08 76.57 77.91 79.12 79.50 79.61 79.71 80.45 80.19 80.14 79.48 79.18 79.23 80.53 79.74 80.27 80.84 81.38 81.91 82.24 82.48 82.66 82.71 83.47 82.86 84.04 86.71 86.37 86.29 84.46 87.85 88.34 86.61 84.30 84.22 84.47 86.83 86.90 86.37 86.45 85.12 87.42 85.83 85.83 85.99 86.10 86.15 86.32 86.27 86.40 86.50 86.27 86.24 86.25 86.23 86.23 86.14 86.17 86.23 86.13 86.03 86.16 86.08 86.02 85.90 85.74 85.93 85.64 85.49 85.29 85.16 85.17 85.13 84.88 84.53 84.34 84.14 84.57 84.18 84.16 84.04 83.96 83.97 84.13 83.72 84.09 83.98 84.20 84.23 84.97 85.13 85.00 85.06 85.25 85.15 85.14 84.89 85.29 85.34 85.35 85.18 85.00 84.05 83.80 83.51 84.02 83.92 84.15 83.74 83.93 84.57 84.60 85.05 84.94 85.04 84.97 85.02 84.96 84.63 84.47 84.42 84.49 84.47 84.26 84.61 84.20 85.00 84.98 84.52 84.51 84.84 84.94 84.68 84.77 84.42 84.29 84.61 85.41 85.44 85.56 85.82 86.14 86.25 86.35 86.38 86.34 86.31 86.38 86.45 86.34 86.44 86.34
86.43 86.27 86.48 86.49 85.98 85.98 86.11 86.27 86.17 86.17 86.09 86.06 86.08 85.86 85.99 85.92 85.87 85.65 85.52 85.26 84.94 84.67 84.21 83.78 83.11 82.47 81.54 79.73 77.16 75.11 76.20 79.12 79.41 79.42 79.32 80.03 79.94 79.61 79.09 78.83 79.33 79.70 79.63 80.19 80.66 81.12 81.87 82.09 82.31 82.55 82.41 83.12 86.03 86.44 88.57 88.67 85.04 81.84 81.65 82.78 83.50 83.72 84.02 84.25 84.71 84.59 84.78 85.83 85.32 85.51 87.80 86.26 87.79 86.35 86.21 86.68 86.57 86.36 86.45 86.47 86.28 86.28 86.30 86.25 86.27 86.24 86.33 86.19 86.23 86.13 86.13 86.22 85.94 85.84 85.69 85.69 85.72 85.42 84.39 84.76 85.18 85.24 84.79 84.56 84.45 84.13 84.10 84.18 83.95 83.98 84.39 84.09 84.17 83.89 84.14 84.28 84.20 84.44 84.79 84.59 84.73 84.98 84.94 84.86 84.56 85.24 85.19 85.38 85.18 85.15 84.89 84.14 83.60 83.83 83.78 84.31 83.99 84.44 84.77 84.79 85.16 85.08 84.94 85.02 85.04 85.01 84.90 84.95 84.70 84.69 84.53 84.21 83.83 84.31 84.24 84.48 84.86 84.94 84.70 85.07 84.86 85.28 85.48 85.21 85.38 86.10 85.50 85.79 85.95 86.21 86.29 86.31 86.45 86.41 86.48 86.54 86.55 86.26 86.34 86.20
86.07 86.20 86.18 86.36 86.49 86.08 86.28 86.17 86.28 86.33 86.16 86.21 86.10 86.05 86.06 85.94 85.94 85.78 85.65 85.37 85.14 84.75 84.41 83.90 83.34 82.62 81.77 80.95 77.57 73.77 73.75 77.95 79.28 79.28 79.35 79.21 79.67 79.42 79.45 79.10 79.24 79.91 81.71 83.43 82.23 81.18 81.81 82.44 82.38 82.81 86.16 86.85 86.75 88.35 86.44 82.35 81.42 83.33 82.11 83.43 83.71 83.86 84.49 84.44 84.88 85.04 86.05 85.39 86.81 85.65 87.88 87.86 88.16 87.19 86.95 86.62 86.28 86.39 86.41 86.81 86.47 86.26 86.33 86.35 86.31 86.33 86.42 86.22 86.24 86.25 86.33 86.05 86.05 86.01 85.83 85.64 85.70 85.53 85.04 84.95 85.22 84.98 84.67 84.83 84.80 84.40 84.12 84.47 85.44 85.70 84.20 84.45 84.32 84.40 84.36 84.22 84.24 84.32 84.58 84.64 84.61 84.44 84.65 84.46 84.43 84.55 84.81 85.13 85.17 85.17 84.86 84.48 83.62 84.45 84.45 83.89 84.73 84.96 84.42 84.84 85.14 85.17 85.29 85.12 85.13 84.94 84.87 85.22 85.14 84.78 84.07 84.29 83.84 84.57 84.95 84.81 85.00 85.34 85.00 85.14 85.53 86.10 86.25 85.99 85.96 86.25 86.23 86.16 86.26 86.29 86.35 86.42 86.50 86.99 86.65 86.62 86.26 85.08 86.32 86.25
86.29 86.27 86.21 86.21 86.71 86.57 86.35 86.39 86.62 86.45 86.39 86.26 86.18 86.16 86.16 86.19 86.15 85.94 85.77 85.55 85.28 84.93 84.59 84.04 83.49 82.94 82.27 81.66 78.25 75.01 75.78 77.34 78.91 79.18 79.37 79.60 79.11 79.12 79.58 79.11 82.65 83.01 80.17 84.24 83.45 83.38 83.86 85.88 85.55 84.73 83.51 82.05 84.76 88.07 86.13 86.52 86.78 84.08 83.25 83.90 84.03 84.07 84.38 84.55 85.52 86.63 86.59 86.26 85.12 85.28 86.58 87.95 87.82 87.26 87.63 87.16 86.87 86.33 86.31 86.41 86.44 86.38 86.41 86.30 86.34 86.29 86.23 86.18 86.15 86.20 86.17 86.22 86.05 86.00 85.99 86.03 86.03 85.69 85.30 85.43 84.68 84.63 84.76 84.84 84.17 84.63 84.77 84.48 84.46 84.50 84.69 84.66 84.79 84.11 84.21 84.22 84.21 84.71 84.76 84.58 84.21 84.05 84.14 83.92 84.34 84.84 84.62 84.76 85.15 85.16 85.06 84.94 83.99 83.90 84.32 84.53 84.59 84.69 84.55 84.92 85.17 85.12 85.37 85.33 85.29 85.33 85.40 85.43 85.41 85.60 83.86 83.70 83.88 84.56 84.14 85.27 86.10 85.71 85.80 85.77 86.10 86.24 86.20 86.13 86.37 86.50 86.39 86.47 86.49 86.47 86.49 86.48 86.56 86.68 86.85 86.84 86.54 86.44 86.38 86.29
86.32 86.38 86.43 86.41 86.31 86.75 86.70 86.69 86.81 86.49 86.37 86.17 86.24 86.30 86.39 86.45 86.46 86.29 85.85 85.84 85.54 85.25 84.89 84.36 83.88 83.33 82.77 81.87 80.64 78.93 77.56 77.82 78.91 79.06 79.46 79.73 79.70 80.78 79.99 79.30 79.68 80.01 80.47 84.86 83.15 85.17 83.01 83.95 83.10 82.33 81.87 84.92 85.61 86.14 85.53 82.42 82.81 83.95 86.14 86.05 84.28 84.43 84.54 84.60 85.22 84.90 85.53 85.11 85.21 85.44 85.85 86.21 87.17 86.10 86.09 87.09 87.27 86.94 86.21 86.29 86.81 86.51 86.47 86.40 86.37 86.29 86.21 86.22 86.29 86.23 86.18 86.14 86.19 85.97 86.00 86.07 86.03 86.01 85.81 85.87 85.28 84.45 84.64 84.81 85.10 84.83 84.72 84.65 84.76 84.59 85.11 85.17 85.03 84.32 84.16 84.21 83.97 84.19 83.94 84.49 84.19 84.50 84.27 84.28 84.52 84.33 84.85 84.53 85.02 85.09 84.96 84.44 84.56 84.05 84.50 84.68 84.97 84.90 85.01 85.13 85.03 85.25 85.62 85.67 85.50 85.50 85.95 85.77 85.45 85.27 84.76 84.36 85.08 85.01 84.92 85.37 86.41 86.12 87.44 86.47 86.32 86.18 86.17 86.40 86.40 86.59 86.60 86.55 86.56 86.60 86.67 86.62 86.76 86.75 86.75 86.80 86.83 86.65 86.51 86.40
86.41 86.39 86.50 86.53 86.45 87.06 87.08 86.91 86.60 86.74 86.27 85.99 86.42 86.78 86.73 86.84 86.23 85.88 86.28 86.09 85.91 85.52 85.41 84.92 84.32 83.77 83.25 82.33 81.61 80.26 79.23 79.03 78.72 78.70 79.56 80.02 80.37 80.55 80.58 80.12 79.90 80.51 80.92 81.85 82.16 82.21 82.87 82.91 82.72 82.39 82.14 81.91 82.43 84.39 83.97 82.98 83.60 84.12 84.45 86.57 84.25 84.93 84.90 85.06 85.22 85.31 85.98 85.56 85.67 85.90 86.03 86.12 87.83 86.31 86.26 86.85 86.62 86.71 86.36 86.40 86.48 86.48 86.77 86.52 86.39 86.33 86.38 86.30 86.29 86.26 86.24 86.18 86.13 86.11 86.04 86.02 85.74 86.02 86.01 86.04 85.48 84.99 84.82 84.98 85.21 84.80 84.92 85.09 85.03 85.03 85.23 85.22 84.95 84.67 84.51 84.07 83.78 84.93 84.70 84.54 84.45 84.55 84.39 84.71 84.23 84.57 84.33 84.96 85.02 85.21 84.81 84.94 84.85 84.71 85.09 85.63 84.77 85.36 85.26 85.03 85.25 85.31 85.85 85.85 85.57 86.03 85.93 85.63 85.40 85.17 84.67 84.88 84.78 84.95 85.14 85.79 86.41 86.41 86.44 86.27 86.47 86.42 86.40 86.36 86.45 86.61 86.52 86.40 86.76 86.78 86.75 86.85 86.90 86.95 86.94 86.95 86.88 86.77 86.57 86.54
86.58 86.54 86.58 86.69 86.76 87.09 87.11 86.88 86.73 86.42 86.21 85.91 86.47 86.74 87.03 86.54 86.28 86.42 86.37 86.11 86.03 85.87 85.68 85.32 84.83 84.09 83.47 82.75 82.05 81.29 80.20 79.60 78.13 76.55 79.78 80.24 80.53 80.81 80.98 81.00 81.04 81.93 82.30 82.62 82.89 83.46 83.77 83.98 84.23 84.40 83.66 85.06 86.80 83.00 83.13 83.42 84.25 84.57 84.66 85.59 84.96 85.18 85.19 85.19 85.39 85.48 85.46 86.02 86.07 86.07 86.80 86.16 87.47 87.60 86.45 86.45 86.38 86.40 86.43 86.60 86.98 86.76 86.70 86.42 86.45 86.43 86.37 86.30 86.25 86.23 86.26 86.30 86.19 86.17 86.07 86.03 85.67 86.01 86.00 86.03 85.51 85.36 85.21 85.04 85.22 85.16 85.12 85.27 85.30 85.35 85.46 85.43 84.85 84.63 84.60 84.28 83.98 84.98 84.78 84.75 84.78 84.39 84.47 84.27 84.62 84.68 84.85 84.97 85.45 85.34 85.03 84.51 85.01 85.10 85.59 85.59 85.42 85.98 85.30 85.16 85.34 85.47 85.89 85.93 85.96 86.06 86.00 85.31 85.56 85.19 85.07 85.17 85.68 85.73 85.95 86.39 86.55 86.64 86.54 86.51 86.71 86.62 86.46 86.45 86.62 86.55 86.38 86.55 86.71 86.81 86.84 86.87 86.89 86.96 86.98 86.96 86.81 86.83 86.70 86.61
86.64 86.58 86.68 86.92 86.83 86.96 87.11 87.34 86.78 86.51 86.25 86.26 86.69 87.03 87.04 86.76 86.59 86.50 86.08 86.29 86.13 86.13 85.71 85.14 84.65 84.50 83.86 82.95 82.14 81.84 81.40 80.83 78.54 75.80 76.79 80.54 80.71 80.84 81.18 81.53 81.95 82.29 82.54 82.87 83.28 83.79 84.11 84.46 84.96 85.24 83.96 82.93 82.74 83.14 83.46 84.07 84.51 84.91 84.97 85.33 85.11 85.33 85.81 85.33 85.44 85.54 85.43 86.32 85.84 86.02 86.21 87.36 88.26 88.17 86.30 86.38 86.39 86.43 86.32 87.01 86.32 86.93 86.52 86.40 86.61 86.49 86.38 86.29 86.33 86.25 86.24 86.28 86.21 86.21 86.18 86.06 86.01 85.80 85.82 85.69 85.67 85.71 85.54 85.61 85.29 85.10 85.14 85.56 85.44 85.41 85.38 85.05 85.15 85.04 84.67 84.49 84.80 84.78 84.50 84.90 84.70 84.56 84.64 84.67 84.66 84.76 84.93 85.15 85.18 85.37 85.68 85.55 85.88 85.85 85.87 85.88 85.68 85.66 85.80 85.60 85.90 85.95 86.11 86.10 86.14 85.96 85.58 85.54 85.59 85.35 85.54 85.82 86.24 86.34 86.36 86.41 86.56 86.66 86.60 86.70 86.62 86.62 86.55 86.67 86.64 86.57 86.47 86.67 86.75 86.79 86.85 86.90 86.90 86.94 86.95 86.96 86.97 86.90 86.84 86.75
86.99 86.90 86.95 87.05 87.17 87.23 87.19 87.10 86.99 86.51 86.42 86.46 87.07 87.21 87.17 86.97 86.80 86.31 86.23 86.41 86.32 85.96 85.55 84.97 84.35 85.03 84.35 82.36 82.16 82.26 82.12 82.26 81.75 78.24 79.80 80.84 80.59 80.72 81.25 81.73 82.16 82.40 82.60 82.58 83.68 84.12 84.60 84.91 85.20 85.68 85.73 84.53 83.94 84.17 84.55 84.87 85.08 85.18 85.25 85.50 85.42 85.34 85.10 85.85 85.92 85.66 85.77 86.04 86.08 86.20 86.26 86.34 87.61 87.78 87.36 87.00 87.03 86.83 86.72 86.67 86.44 86.37 86.53 86.45 86.40 86.58 86.35 86.25 86.30 86.29 86.34 86.29 86.26 86.21 86.17 86.07 86.06 85.92 86.00 85.89 85.88 85.89 85.88 85.72 85.72 85.27 85.49 85.78 86.01 85.36 85.49 85.27 84.93 84.89 84.76 85.14 84.95 84.95 84.66 84.93 84.77 84.63 84.60 84.73 84.74 84.81 85.03 85.16 85.38 85.47 86.03 86.24 86.38 86.47 86.70 86.43 85.99 85.92 85.82 86.00 86.02 86.12 86.19 86.13 86.09 85.81 85.79 85.68 85.58 85.34 85.95 86.40 86.35 86.28 86.32 86.53 86.60 86.67 86.69 86.75 86.59 86.73 86.68 86.72 86.70 86.61 86.64 86.72 86.76 86.79 86.80 86.87 86.90 86.92 86.91 86.94 86.97 86.99 87.01 87.02
86.97 87.08 87.36 87.10 87.26 87.29 87.22 87.19 87.09 86.75 86.64 86.58 87.22 87.35 87.35 87.21 86.60 86.23 86.56 86.48 86.24 85.68 85.20 84.82 85.08 85.18 84.97 83.77 82.27 82.17 82.40 82.84 83.11 82.77 81.84 81.19 80.40 80.21 81.39 82.02 82.43 82.66 82.77 82.52 83.89 84.65 85.01 85.24 85.55 85.94 86.09 84.96 84.94 85.21 85.37 85.50 85.49 85.52 85.56 85.68 85.88 85.58 85.28 85.40 85.62 85.93 86.06 86.12 86.14 86.29 86.46 87.42 86.47 87.08 87.71 87.29 86.79 86.48 86.42 86.45 86.36 86.46 86.39 86.44 86.61 86.43 86.40 86.28 86.31 86.28 86.26 86.27 86.16 86.14 86.13 86.12 86.10 86.11 86.03 85.91 85.89 85.89 85.83 85.88 85.82 85.79 85.83 85.76 85.82 85.24 85.38 84.71 84.89 84.79 84.96 84.82 84.85 84.98 84.91 84.89 84.77 84.66 84.56 84.60 85.12 84.88 85.01 85.26 85.52 85.84 86.23 87.50 87.66 87.66 87.62 87.41 87.08 86.31 86.20 86.16 86.15 86.26 86.21 86.09 86.11 85.89 85.78 85.79 85.44 85.51 86.38 86.34 86.41 86.43 86.48 86.50 86.63 86.69 86.73 86.74 86.71 86.69 86.72 86.72 86.73 86.72 86.73 86.72 86.76 86.77 86.77 86.82 86.86 86.88 86.90 86.94 86.97 86.99 87.01 87.05
87.02 87.09 87.14 87.17 87.26 87.29 87.28 87.26 87.19 86.97 86.73 87.02 87.36 87.44 87.47 87.25 86.51 86.77 86.71 86.50 86.10 85.76 85.83 85.65 85.53 85.48 85.20 84.47 81.85 82.02 82.39 83.24 83.52 83.26 82.59 81.65 79.39 79.37 81.89 82.39 82.68 82.87 82.99 83.26 84.42 84.80 85.09 85.39 85.66 85.91 86.10 86.13 85.48 85.45 85.45 85.48 85.60 85.71 85.81 85.88 85.91 85.78 85.43 85.77 86.01 86.06 86.18 86.23 86.26 86.36 86.52 87.46 87.83 87.43 87.68 86.51 86.47 86.43 86.72 86.90 86.71 86.43 86.47 86.53 86.43 86.34 86.34 86.27 86.32 86.24 86.28 86.25 86.24 86.28 86.12 86.08 86.03 86.11 85.98 85.82 85.82 85.86 85.92 85.82 85.79 85.92 85.62 86.01 85.83 85.85 85.50 85.18 85.11 84.64 84.74 84.84 84.75 84.91 84.91 84.94 84.73 84.78 84.57 85.06 85.38 84.80 85.02 85.33 85.84 86.32 87.42 87.77 87.71 87.69 87.69 87.60 87.56 87.12 86.33 86.32 86.35 86.28 86.16 86.19 85.89 85.67 85.76 85.98 85.82 85.79 86.32 86.46 86.49 86.55 86.67 86.58 86.70 86.74 86.70 86.74 86.78 86.70 86.72 86.71 86.74 86.74 86.72 86.72 86.72 86.72 86.74 86.72 86.81 86.86 86.84 86.93 86.99 87.01 87.03 87.06
87.09 87.22 87.02 87.08 87.28 87.27 87.29 87.26 87.35 87.05 86.83 87.29 87.48 87.53 87.50 87.05 86.79 87.04 86.68 86.33 86.26 86.14 86.09 85.99 85.86 85.65 85.41 84.59 82.44 82.33 82.94 83.81 83.79 83.97 83.52 82.12 78.73 76.85 81.13 82.69 82.86 83.09 83.32 83.71 84.34 84.81 85.15 85.46 85.68 85.93 86.11 86.14 86.03 85.64 85.58 85.60 85.69 85.80 85.88 85.97 86.06 86.00 85.88 85.92 86.03 86.21 86.36 86.38 86.41 86.69 87.41 87.47 87.32 87.76 86.65 86.63 86.69 86.63 86.89 86.48 86.49 86.45 86.42 86.47 86.52 86.42 86.38 86.45 86.38 86.39 86.30 86.27 86.21 86.24 86.17 86.29 86.10 86.04 86.00 86.01 85.97 85.74 85.58 85.52 85.86 85.96 85.99 85.71 85.66 85.55 85.50 85.49 85.35 85.49 85.22 84.97 84.85 84.89 84.89 84.61 84.81 84.74 84.46 85.59 84.90 84.79 85.14 85.53 86.03 86.68 87.57 87.81 87.82 87.79 87.73 87.68 87.62 87.44 86.95 86.59 86.45 86.53 86.15 86.02 86.01 85.96 86.16 86.25 86.18 86.19 86.41 86.55 86.75 86.55 86.69 86.76 86.71 86.70 86.65 86.67 87.10 86.62 86.60 86.64 86.70 86.73 86.66 86.69 86.63 86.68 86.67 86.78 86.79 86.86 86.81 86.92 86.98 87.02 87.05 87.05
87.14 87.14 87.15 87.14 87.34 87.34 87.40 87.37 87.50 87.42 87.30 87.57 87.61 87.58 87.54 87.48 87.08 87.10 86.67 86.41 86.33 86.27 86.15 86.01 85.84 85.68 85.33 84.57 83.81 84.11 84.05 84.03 84.05 84.06 84.16 84.04 79.40 73.57 75.20 82.66 83.02 83.26 83.55 83.92 84.34 84.85 85.27 85.53 85.78 85.93 86.07 86.15 86.13 85.78 85.70 85.69 85.78 85.88 85.94 86.01 86.08 85.94 85.89 86.10 86.22 86.32 86.50 86.61 86.76 86.64 87.72 87.53 86.63 87.79 87.47 86.61 87.41 86.54 86.47 86.61 86.46 86.43 86.38 86.35 86.42 86.44 86.56 86.44 86.43 86.42 86.30 86.28 86.28 86.28 86.34 86.17 86.27 86.03 86.07 86.10 86.04 86.01 85.81 85.55 85.95 85.90 86.28 85.85 86.09 85.49 85.65 85.61 85.57 85.70 85.46 85.03 84.84 85.06 85.24 84.77 84.93 84.84 84.64 84.53 84.69 85.08 85.39 85.75 86.23 86.87 87.80 87.85 87.89 87.80 87.69 87.68 87.58 87.51 87.15 86.69 86.56 86.17 86.27 86.20 86.10 86.29 86.41 86.48 86.48 86.51 86.59 86.70 86.84 86.88 86.76 86.82 86.75 86.75 86.63 86.58 86.51 86.44 86.47 86.49 86.53 86.56 86.58 86.58 86.59 86.89 86.41 86.67 86.76 86.77 86.77 86.97 87.00 86.99 86.71 87.03
87.04 87.19 86.85 86.90 87.32 87.30 87.41 87.48 87.52 87.57 87.63 87.69 87.69 87.67 87.64 87.49 87.35 87.03 86.39 86.42 86.36 86.22 86.12 86.03 85.82 85.60 85.36 85.04 84.33 84.33 84.21 84.19 84.18 84.27 84.45 84.59 83.84 75.61 76.89 81.72 82.79 83.49 83.86 84.12 81.08 85.08 85.40 85.62 85.82 85.93 86.10 86.14 86.15 85.83 85.78 85.82 85.89 85.96 86.00 86.05 86.07 86.10 86.17 86.11 86.30 86.56 86.69 86.84 86.93 87.53 87.65 87.54 86.94 86.87 86.69 87.32 86.78 86.68 86.46 86.36 86.35 86.44 86.38 86.42 86.41 86.41 87.67 86.42 86.92 86.38 86.28 86.30 86.30 86.39 86.37 86.15 86.16 86.19 86.23 86.24 86.21 85.97 85.89 85.93 85.99 86.06 85.98 86.11 86.28 85.81 85.81 85.97 85.73 85.67 85.56 85.41 85.22 85.31 85.42 85.37 85.22 84.95 84.87 84.89 84.98 85.17 85.53 85.95 86.36 86.95 87.81 87.83 87.81 87.76 87.68 87.66 87.61 87.53 87.27 86.81 86.65 86.39 86.43 86.46 86.45 86.50 86.49 86.68 86.60 86.74 86.82 86.89 87.05 87.15 87.19 86.98 86.92 86.73 86.55 86.39 86.24 86.17 86.27 86.28 86.36 86.42 86.45 86.52 86.51 86.53 86.55 86.47 86.79 86.73 86.81 86.85 86.97 86.98 86.48 86.87
87.08 87.21 87.23 87.42 87.38 87.30 87.48 87.60 87.63 87.68 87.74 87.83 87.82 87.79 87.78 87.60 87.06 86.70 86.45 86.43 86.14 83.63 78.91 78.28 80.86 85.51 85.26 85.16 84.94 84.49 84.41 84.29 84.31 84.38 84.46 84.55 84.56 83.33 81.24 81.65 83.01 83.67 84.10 84.35 84.78 85.32 85.50 85.69 85.83 85.92 86.06 86.14 86.17 85.88 85.88 85.88 85.93 86.01 86.05 86.06 86.10 86.09 86.06 86.22 86.58 86.73 86.89 87.02 87.05 87.46 87.71 87.59 87.26 87.02 87.35 86.96 86.99 86.69 86.60 86.55 86.74 86.44 86.23 87.10 86.45 86.42 86.44 86.41 86.41 86.42 86.76 86.47 86.34 86.30 86.34 86.23 86.25 86.28 86.30 86.34 86.28 86.26 86.06 86.02 86.06 86.08 85.99 86.31 86.19 85.68 85.85 85.88 85.91 85.93 85.63 85.58 85.41 85.28 85.36 85.36 85.20 85.28 85.14 85.19 85.27 85.43 85.68 86.12 86.54 87.74 87.77 87.70 87.80 87.72 87.66 87.63 87.57 87.52 87.31 86.93 86.73 86.66 86.59 86.57 86.55 86.57 86.62 86.69 86.89 86.95 87.06 87.16 87.18 87.25 87.28 87.24 86.98 86.69 86.44 86.25 86.11 86.01 85.89 86.01 86.10 86.29 86.37 86.43 86.44 86.48 86.50 86.52 86.62 86.71 86.75 86.86 86.85 87.03 86.67 87.65
87.16 87.29 87.33 87.45 87.01 87.44 87.48 87.57 87.71 87.74 87.82 87.89 87.92 87.91 87.95 87.24 86.84 86.79 86.54 86.55 85.75 77.94 73.94 72.75 75.72 83.09 85.22 85.17 85.37 84.94 84.68 84.42 84.35 84.41 84.48 84.57 84.58 84.36 83.27 83.14 83.64 83.88 84.17 84.44 84.85 85.34 85.59 85.76 85.87 85.96 86.03 86.17 86.15 85.77 85.80 85.95 85.98 86.03 86.05 86.08 86.11 86.16 86.25 86.48 86.62 86.92 87.09 87.28 87.50 87.56 87.42 87.59 87.51 87.32 87.41 87.11 86.77 86.82 86.74 86.54 86.47 86.34 86.53 86.94 86.40 86.43 86.44 87.42 86.45 86.59 86.44 86.43 86.32 86.29 86.34 86.38 86.34 86.35 86.34 86.40 86.39 86.33 86.19 86.14 86.25 86.24 86.24 86.22 85.95 85.81 85.92 85.93 85.84 85.75 85.70 85.64 85.47 84.97 85.27 85.36 85.40 85.38 85.34 85.39 85.45 85.58 86.02 86.19 86.60 87.57 87.72 87.74 87.71 87.66 87.64 87.64 87.58 87.44 87.32 87.14 86.94 87.00 86.86 86.85 86.83 86.97 87.00 87.07 87.16 87.24 87.31 87.31 87.33 87.41 87.38 87.37 87.18 86.67 86.44 86.15 85.95 85.72 85.53 85.54 85.78 86.19 86.32 86.35 86.35 86.40 86.46 86.54 86.62 86.69 86.68 86.80 87.07 87.05 86.96 87.25
87.16 87.31 87.43 87.48 87.53 87.45 87.48 87.61 87.75 87.81 87.88 87.97 88.00 88.01 88.04 87.35 86.89 86.67 86.33 86.44 86.05 78.06 74.04 73.15 75.28 83.32 85.42 85.52 85.56 85.45 84.98 84.54 84.28 84.21 84.22 84.48 84.62 84.58 84.13 83.96 84.05 84.13 84.22 84.42 84.71 85.19 85.64 85.80 85.92 85.97 86.02 86.19 86.07 86.11 85.77 85.89 85.98 86.02 86.07 86.08 86.15 86.16 86.34 86.61 86.87 87.12 87.42 87.51 87.70 87.71 87.81 87.71 87.67 87.58 87.50 87.07 86.96 87.00 87.32 86.60 86.50 86.43 86.55 86.51 87.32 86.38 86.42 86.34 86.43 86.45 86.46 86.47 86.65 86.39 86.38 86.41 86.38 86.38 86.38 86.40 86.41 86.28 86.82 86.27 86.34 86.15 86.06 86.21 86.05 86.01 85.93 85.86 85.72 85.69 85.70 85.85 85.35 85.48 85.33 85.57 85.69 85.81 85.41 85.45 85.52 85.66 85.97 85.87 86.38 86.85 87.38 87.66 87.61 87.60 87.58 87.52 87.52 87.48 87.39 87.31 87.29 87.28 87.38 87.28 87.30 87.28 87.38 87.40 87.42 87.49 87.55 87.50 87.62 87.58 87.57 87.43 87.24 86.67 86.32 86.03 85.61 85.30 85.20 85.42 85.44 84.70 86.19 86.26 86.31 86.36 86.43 86.53 86.62 86.70 86.73 86.93 86.71 87.15 87.10 87.22
87.52 87.42 87.40 87.58 87.69 87.68 87.66 87.75 87.87 87.90 87.99 88.02 88.06 88.08 88.08 87.33 86.90 86.42 86.33 86.50 86.35 80.22 77.69 76.72 78.72 85.01 85.74 85.74 85.68 85.50 85.18 84.72 84.26 84.01 83.82 83.72 84.56 84.57 84.41 84.27 84.23 84.25 84.31 84.45 84.70 85.16 85.68 85.78 85.87 85.95 85.95 86.10 86.20 86.26 85.83 85.89 85.92 85.99 86.02 86.10 86.16 86.18 86.45 86.64 86.92 87.53 87.61 87.67 87.77 87.80 87.81 87.78 87.64 87.67 87.57 87.26 87.18 87.22 86.87 86.60 86.64 86.84 86.57 86.50 86.37 86.58 86.69 86.43 86.45 86.49 86.45 86.45 86.40 86.39 86.47 86.43 86.39 86.41 86.40 86.40 86.45 86.30 86.22 86.36 86.16 86.23 86.34 85.85 86.06 86.22 85.83 85.70 85.69 85.74 85.74 85.86 85.57 85.58 84.83 85.75 85.79 85.76 85.25 85.39 85.61 85.66 85.94 85.83 86.09 86.33 86.74 86.90 87.25 87.34 87.34 87.48 87.48 87.48 87.47 87.44 87.47 87.56 87.55 87.56 87.59 87.56 87.63 87.67 87.67 87.63 87.69 87.66 87.70 87.62 87.67 87.67 87.48 86.73 86.28 85.82 85.19 85.02 84.95 84.93 85.32 85.77 86.06 86.17 86.25 86.34 86.45 86.52 86.61 86.67 86.82 86.87 86.73 87.20 87.20 87.30
87.47 87.53 87.57 87.67 87.72 87.80 87.85 87.93 87.98 88.00 88.05 88.07 88.08 88.08 88.09 87.37 86.71 86.37 86.49 86.61 86.62 85.10 83.15 82.56 85.38 86.10 85.91 85.86 85.75 85.43 85.09 84.72 84.34 83.89 83.63 83.53 84.29 84.57 84.50 84.26 84.25 84.04 84.31 84.49 84.53 85.31 85.51 85.69 85.77 85.87 85.93 85.99 86.10 86.23 86.11 85.96 86.30 86.74 86.59 86.26 86.19 86.10 86.47 86.65 86.97 87.50 87.69 87.76 87.85 87.89 87.83 87.90 87.63 87.86 87.74 87.51 87.45 87.48 87.40 86.91 86.62 86.45 86.36 86.46 86.40 86.47 86.47 86.48 86.47 86.40 86.50 86.53 86.48 86.44 86.52 86.55 86.64 86.33 86.49 86.47 86.41 86.32 86.23 86.32 86.33 86.29 86.29 86.18 86.04 86.13 85.98 85.81 85.81 85.69 85.67 85.71 85.78 85.56 85.00 85.70 85.77 85.63 86.15 85.97 85.59 85.56 85.75 85.89 85.96 86.18 86.34 86.49 86.65 86.84 87.12 87.36 87.46 87.51 87.58 87.60 87.61 87.75 87.67 87.79 87.84 87.88 87.92 87.88 88.01 87.93 87.96 87.92 87.90 87.91 87.95 87.84 87.77 86.85 86.25 85.75 85.29 84.95 84.80 83.21 84.07 85.36 85.91 86.12 86.26 86.34 86.45 86.54 86.65 86.75 86.94 86.84 87.09 87.19 86.97 87.42
87.54 87.58 87.57 87.75 87.86 87.86 87.93 87.95 87.98 88.03 88.06 88.07 88.08 88.09 88.10 87.43 86.61 86.45 86.49 86.40 86.64 86.57 86.54 86.53 86.35 86.16 85.79 85.91 85.64 85.29 84.88 84.60 84.17 83.79 83.54 83.04 83.09 84.48 84.55 84.24 84.33 84.25 84.36 83.60 84.79 85.33 85.58 85.67 85.72 85.78 85.68 85.89 85.91 86.28 85.90 85.93 85.98 85.95 86.35 86.98 87.13 86.33 86.58 87.17 87.48 87.74 87.82 87.83 87.89 87.94 87.93 87.89 87.85 87.78 87.56 87.65 87.63 87.70 87.81 87.19 86.92 86.54 86.48 86.58 86.66 86.50 86.54 86.50 86.52 86.43 86.49 86.61 86.51 86.52 86.53 86.83 86.57 86.50 86.44 86.49 86.30 86.32 86.38 86.32 86.27 86.43 86.37 86.16 86.26 86.21 86.00 86.11 86.07 86.03 86.21 85.75 85.88 85.33 85.51 85.12 85.43 85.37 85.39 85.59 85.61 85.69 85.64 85.58 85.99 85.88 86.28 86.53 86.51 86.68 87.16 87.43 87.52 87.68 87.73 87.77 87.86 87.91 87.96 88.05 88.15 88.24 88.30 88.33 88.32 88.26 88.21 88.18 88.20 88.15 88.08 88.00 87.86 87.67 86.46 85.97 85.24 84.91 83.26 76.74 82.99 85.25 85.92 86.15 86.25 86.36 86.52 86.52 86.68 86.80 87.06 87.10 87.21 87.19 87.39 87.46
87.67 87.73 87.76 87.74 87.92 87.85 88.01 88.04 88.04 88.05 88.06 88.07 88.07 88.07 88.08 87.60 86.69 86.46 86.49 86.46 86.43 86.48 86.22 86.30 86.31 86.22 86.10 85.73 85.45 85.17 84.75 84.42 84.09 83.70 83.06 82.97 83.28 84.63 84.80 84.43 84.57 84.55 84.58 83.60 84.46 85.30 85.52 85.62 85.67 85.57 85.43 85.52 85.93 86.10 86.25 86.36 86.31 86.46 86.52 86.95 86.70 86.26 87.45 87.58 87.70 87.76 87.76 87.84 87.94 87.96 87.79 87.91 87.92 87.85 87.65 87.88 87.72 87.79 87.87 87.84 87.15 86.93 86.78 86.68 86.71 86.58 86.50 86.47 86.51 86.52 86.56 86.57 86.53 86.50 86.56 86.48 86.61 86.55 86.40 86.31 86.66 86.27 86.37 86.38 86.14 86.52 85.97 86.21 86.27 86.16 86.14 86.18 86.15 86.10 86.05 86.12 86.03 86.30 85.83 85.64 85.80 86.14 85.58 85.76 85.79 85.43 85.22 85.76 86.09 85.92 86.32 86.42 86.61 87.02 87.39 87.60 87.78 87.79 87.86 87.95 88.02 88.15 88.22 88.39 88.52 88.55 88.60 88.55 88.55 88.48 88.43 88.44 88.34 88.25 88.12 88.04 87.90 87.73 87.07 86.08 85.53 85.06 84.32 83.66 84.36 85.73 86.10 86.22 86.30 86.40 86.44 86.66 86.78 86.93 87.13 87.28 87.28 87.34 87.46 87.60
87.81 87.85 87.91 87.96 88.03 88.02 88.06 88.09 88.09 88.08 88.09 88.10 88.09 87.95 88.10 88.05 87.40 86.61 86.40 86.42 86.42 86.45 86.21 86.16 86.39 86.27 85.91 85.65 85.37 85.02 84.66 84.31 84.06 83.66 82.48 82.86 83.82 84.65 84.76 84.58 84.84 84.88 84.84 84.94 85.13 85.32 85.54 85.65 85.64 85.36 85.44 85.63 85.65 86.12 86.16 86.21 86.22 86.42 86.48 86.65 86.61 86.87 87.32 87.10 86.85 87.59 87.67 87.79 87.91 87.97 87.92 88.00 87.97 88.01 87.98 87.94 87.86 87.90 87.96 88.00 87.97 87.27 87.04 86.86 86.93 86.63 86.55 88.39 86.57 86.53 86.59 86.72 86.58 86.65 86.49 86.51 86.58 86.57 86.41 86.42 86.34 86.42 86.36 86.38 86.26 86.19 86.06 86.15 86.18 86.05 86.17 86.14 86.25 86.38 86.35 86.34 86.15 85.88 85.82 85.78 85.92 85.75 85.65 85.74 85.54 85.84 86.27 86.40 86.38 86.48 86.54 86.73 87.17 87.34 87.53 87.78 87.84 87.96 88.09 88.21 88.33 88.45 88.61 88.72 88.78 88.89 88.85 88.71 88.79 88.68 88.63 88.53 88.42 88.29 88.21 88.14 88.01 87.90 87.46 86.46 86.07 85.71 85.29 85.26 85.64 86.12 86.24 86.30 86.35 86.42 86.65 86.73 86.94 87.14 87.32 87.47 87.49 87.52 87.68 87.76
88.01 87.95 88.05 88.06 88.07 88.07 88.09 88.14 88.15 88.12 88.11 88.13 88.14 88.13 88.12 88.09 87.71 87.15 86.86 86.81 86.63 86.57 86.41 86.38 86.48 85.99 85.81 85.59 85.22 84.94 84.59 84.46 83.97 83.70 83.22 83.27 83.86 84.71 84.74 84.74 84.92 85.02 85.15 85.15 85.27 85.39 85.53 85.67 85.60 85.19 85.62 85.70 85.74 85.89 85.96 86.04 86.16 86.19 86.28 86.58 86.49 86.78 86.96 87.14 87.40 87.44 87.64 87.73 87.78 87.96 88.00 87.99 88.05 88.12 88.08 88.18 87.96 88.02 88.08 88.01 88.00 87.89 87.48 87.73 87.24 86.98 86.65 86.52 86.65 86.67 86.72 86.63 86.57 86.55 86.82 86.62 86.51 86.42 86.39 86.50 86.33 86.35 86.42 86.41 86.31 86.28 86.11 86.12 86.19 86.11 86.08 86.06 86.25 86.33 86.30 86.29 86.09 85.90 86.00 86.01 85.98 86.26 85.81 85.72 85.98 85.89 86.11 86.48 86.43 86.55 86.71 87.11 87.24 87.51 87.68 87.83 87.98 88.15 88.37 88.51 88.61 88.74 89.05 88.91 89.03 89.09 89.05 88.98 88.93 88.82 88.68 88.60 88.69 88.40 88.39 88.29 88.17 88.06 87.74 87.29 86.50 86.31 86.20 86.18 86.04 85.82 86.36 86.37 86.41 86.48 86.35 87.75 87.23 86.65 87.57 87.23 87.71 87.74 87.78 87.94
88.14 87.64 88.06 88.06 88.13 88.11 88.12 88.16 88.13 88.15 88.15 88.17 88.17 88.16 88.20 88.18 88.13 87.76 87.10 86.54 86.61 86.60 86.65 86.57 86.17 85.89 85.73 85.49 85.29 84.76 84.44 84.16 83.75 83.39 83.08 83.19 83.78 84.60 84.89 84.96 85.09 85.21 85.25 85.31 85.23 85.38 85.38 85.28 85.27 85.39 85.61 85.78 85.80 85.76 85.93 86.10 86.18 86.22 86.20 86.23 86.22 86.23 86.46 87.11 87.11 87.61 87.72 87.76 87.81 87.94 88.05 88.21 88.21 88.21 88.18 88.29 88.24 88.25 88.24 88.07 88.19 88.17 87.96 87.65 87.39 87.05 86.76 86.63 86.83 86.72 86.71 86.49 86.63 86.62 86.67 86.51 86.56 86.42 86.52 86.59 86.30 86.27 86.38 86.23 86.53 86.16 86.20 86.08 86.18 85.96 85.85 85.98 86.18 86.24 86.19 86.06 86.05 86.12 86.02 86.24 86.20 86.25 86.22 85.96 86.10 86.32 86.36 86.51 86.62 86.90 87.03 87.31 87.47 87.65 87.81 87.98 88.17 88.42 88.58 88.68 88.86 88.94 89.05 89.14 89.30 89.13 89.07 89.04 88.99 88.73 88.81 88.74 88.64 88.49 88.35 88.47 88.42 88.28 88.14 88.00 87.74 87.44 87.27 86.92 86.76 86.34 86.64 86.52 86.50 86.59 86.64 87.19 87.48 87.57 87.73 87.82 87.86 87.97 88.04 88.10
88.24 88.18 88.18 88.14 88.17 88.15 88.17 88.16 88.15 88.17 88.19 88.19 88.19 88.17 88.22 88.17 88.22 88.13 87.69 86.19 86.47 86.58 86.49 86.25 85.79 85.89 85.71 85.47 85.10 84.59 84.09 83.50 82.94 82.67 82.49 82.43 82.88 83.54 84.58 85.12 85.28 85.33 85.37 85.34 84.78 84.99 85.47 85.60 85.42 85.34 85.61 85.54 85.44 85.56 85.84 86.10 86.20 86.25 86.26 86.28 86.29 86.27 86.44 87.09 87.52 87.66 87.74 87.75 87.86 87.96 88.01 88.25 88.18 88.30 88.32 88.42 88.40 88.49 88.39 88.30 88.27 88.21 88.22 87.64 87.46 87.16 87.06 86.94 86.79 86.88 86.54 86.57 86.60 86.85 86.94 86.49 86.59 86.47 86.54 86.45 86.47 86.42 86.40 86.36 86.34 86.22 86.14 86.37 86.12 85.89 86.20 85.94 85.97 85.92 85.86 85.82 85.96 86.04 86.10 86.34 86.36 86.32 86.60 86.50 86.43 86.63 86.58 86.64 86.83 87.02 87.26 87.48 87.59 87.77 87.91 88.14 88.32 88.57 88.75 88.90 88.96 89.05 89.23 89.34 89.40 89.36 89.24 89.22 89.05 89.02 88.89 88.59 88.74 88.60 88.57 88.55 88.47 88.36 88.35 88.23 88.14 87.94 87.86 87.80 87.60 87.48 87.20 86.81 86.68 86.72 86.76 87.09 87.16 87.69 87.79 87.87 87.98 88.13 88.23 88.26
88.35 88.21 88.23 88.14 88.22 88.19 88.21 88.20 88.17 88.18 88.20 88.20 88.20 88.17 88.15 88.13 88.11 88.04 88.01 86.50 86.49 86.43 86.31 86.15 85.88 85.91 85.73 85.49 85.15 84.33 83.31 82.54 81.79 81.33 81.33 81.72 82.13 82.26 83.26 84.48 85.22 85.47 85.49 85.46 85.39 85.28 85.38 85.50 85.60 85.81 85.42 85.33 85.22 85.08 85.52 85.93 86.18 86.24 86.25 86.25 86.29 86.26 86.58 87.19 87.51 87.65 87.74 87.81 87.87 88.03 88.08 88.20 88.26 88.40 88.44 88.55 88.65 88.62 88.61 88.48 88.52 88.46 88.37 88.32 88.08 87.93 87.87 87.70 87.38 87.73 86.80 86.69 86.58 86.56 86.69 86.57 86.72 86.88 86.50 86.79 86.53 86.65 86.47 86.87 86.52 86.52 86.33 86.24 86.17 86.02 85.95 85.89 85.89 85.77 85.77 85.77 85.87 86.15 86.63 86.50 86.43 86.33 86.41 86.36 86.58 86.65 86.69 86.72 87.07 87.21 87.42 87.63 87.75 87.86 88.12 88.32 88.44 88.68 88.83 89.06 89.15 89.30 89.43 89.46 89.49 89.52 89.46 89.33 89.29 89.14 89.06 88.98 88.92 88.77 88.89 88.84 88.66 88.47 88.47 88.31 88.15 88.07 87.85 87.77 87.57 87.50 87.29 87.08 86.93 86.93 86.91 87.18 87.11 87.82 87.86 87.95 88.14 88.17 88.26 88.28
88.30 88.27 88.28 88.23 87.92 88.23 88.24 88.04 88.22 88.21 88.18 88.18 88.13 88.13 88.11 88.08 88.08 88.11 87.94 87.50 86.34 86.28 86.42 86.19 86.18 85.96 85.82 85.62 85.02 83.77 82.47 81.30 80.56 80.46 80.10 80.38 81.68 81.93 82.38 83.62 84.92 85.50 85.59 85.56 85.35 85.44 85.31 84.62 85.47 85.51 85.50 85.37 85.10 84.86 85.17 85.67 86.04 86.15 86.22 86.21 86.37 86.39 86.42 86.82 87.53 87.71 87.75 87.80 87.95 88.06 88.21 88.33 88.35 88.53 88.63 88.69 88.74 88.78 88.79 88.89 88.62 88.62 88.58 88.53 88.39 87.99 88.12 87.91 87.56 87.51 87.34 86.95 86.93 86.88 86.82 86.65 86.57 86.54 86.86 86.71 86.87 87.58 86.85 86.46 86.90 86.41 86.36 86.33 86.26 86.27 86.14 85.95 86.38 85.85 85.87 86.06 85.97 86.09 86.59 86.59 86.61 86.60 86.62 86.70 86.72 86.79 86.88 87.08 87.18 87.40 87.57 87.76 87.81 88.06 88.22 88.44 88.58 88.72 88.98 89.02 89.39 89.52 89.57 89.57 89.57 89.59 89.49 89.47 89.37 89.44 89.23 89.19 89.04 89.01 88.95 88.91 88.82 88.57 88.32 88.37 88.20 88.10 87.94 87.78 87.58 87.58 87.43 87.32 87.25 87.17 87.11 86.82 86.43 87.88 87.93 87.96 88.13 88.25 88.30 88.26
88.29 88.31 88.33 88.31 88.28 88.25 88.21 88.24 88.21 88.19 88.18 88.19 88.15 88.18 88.09 88.12 88.06 87.86 87.75 87.46 86.98 86.66 86.47 86.36 86.23 86.09 85.98 85.67 84.96 83.57 82.10 81.17 80.84 80.76 79.98 80.40 81.53 82.13 82.72 83.97 85.08 85.56 85.61 85.58 85.05 85.50 85.37 85.10 85.35 85.27 85.29 85.18 85.17 85.28 85.46 85.60 85.91 86.15 86.16 86.13 86.27 86.40 86.42 86.73 87.38 87.78 87.85 87.79 88.00 88.14 88.25 88.43 88.52 88.63 88.76 88.86 88.90 88.93 88.94 88.92 88.88 88.85 88.76 88.93 88.90 88.52 88.30 88.24 87.97 88.01 87.52 87.91 87.61 87.34 87.42 86.95 86.75 87.19 86.62 86.98 87.71 87.71 87.64 86.65 86.81 86.34 86.29 86.44 86.45 86.37 86.28 86.37 87.18 86.59 86.22 86.33 86.73 86.23 86.66 86.60 86.64 86.63 86.86 86.91 87.02 86.94 87.12 87.16 87.40 87.61 87.71 87.77 87.93 88.10 88.38 88.55 88.75 88.85 89.17 89.30 89.40 89.59 89.62 89.61 89.59 89.55 89.57 89.53 89.49 89.38 89.31 89.34 89.32 89.19 89.07 88.94 88.83 88.75 88.59 88.44 88.26 88.08 87.97 87.83 87.65 87.65 87.59 87.50 87.49 87.33 86.69 86.92 86.73 87.75 87.92 88.05 88.09 88.24 88.24 88.32
88.30 88.36 88.36 88.32 88.29 88.28 88.25 88.23 88.22 88.22 88.19 88.25 88.20 88.21 88.11 88.08 87.98 87.84 87.55 87.16 86.85 86.65 86.50 86.40 86.30 86.21 86.07 85.91 85.43 84.52 83.21 82.09 81.56 81.40 81.29 81.44 82.06 82.47 84.27 85.27 85.70 85.80 85.70 85.67 85.69 85.32 85.54 85.02 85.31 85.34 85.27 85.39 84.89 85.33 85.73 85.66 85.78 86.06 86.18 86.32 86.31 86.33 86.42 86.76 87.36 87.83 87.99 88.04 88.14 88.26 88.46 88.56 88.76 88.83 89.18 88.94 89.05 88.98 89.06 89.07 89.02 89.00 88.86 88.88 88.93 88.67 88.59 88.33 88.26 88.29 88.16 88.07 88.06 87.90 87.67 87.29 87.12 86.98 87.48 87.61 87.81 87.69 87.15 87.57 87.13 87.52 87.33 87.49 86.34 86.30 86.23 86.71 86.30 86.18 86.82 86.85 86.72 86.64 86.68 86.77 86.81 86.82 87.21 87.50 87.17 87.16 87.22 87.48 87.64 87.72 87.67 87.92 87.95 88.18 88.41 88.67 88.84 88.88 89.15 89.35 89.50 89.59 89.54 89.39 89.60 89.54 89.49 89.40 89.55 89.28 89.32 89.29 89.21 89.16 89.17 89.03 88.89 88.83 88.52 88.44 88.26 88.08 87.88 87.82 87.75 87.69 87.58 87.64 87.62 87.43 87.14 86.91 86.59 87.69 88.04 88.05 88.22 88.25 88.31 88.37
88.42 88.42 88.37 88.37 88.35 88.32 88.29 88.25 88.22 88.25 88.24 88.19 88.18 88.13 88.11 88.00 87.84 87.64 87.36 87.09 86.79 86.64 86.52 86.45 86.39 86.32 86.24 86.12 85.88 85.39 84.92 84.50 84.35 82.82 82.13 81.96 82.63 84.06 84.97 85.57 85.82 85.91 85.90 85.95 86.02 86.09 86.12 85.99 85.55 85.26 84.90 85.26 85.74 85.70 85.70 85.84 86.19 86.11 86.19 86.35 86.42 86.57 86.69 86.98 87.41 87.91 87.98 88.16 88.29 88.44 88.53 88.77 88.86 88.98 88.98 89.16 89.15 89.16 89.27 89.27 89.10 89.15 89.09 89.05 88.97 88.89 88.67 88.73 88.62 88.40 88.36 88.46 88.21 88.09 88.05 87.97 87.62 87.41 87.79 87.77 87.39 87.12 86.91 87.64 87.13 87.53 87.58 87.60 87.14 86.73 86.47 86.83 86.68 86.59 86.87 86.69 86.58 86.82 86.87 86.96 86.92 87.14 87.24 87.41 87.41 87.50 87.53 87.56 87.72 87.79 87.88 87.91 88.15 88.27 88.60 88.77 88.94 89.12 89.20 89.36 89.48 89.60 89.60 89.60 89.58 89.46 89.51 89.52 89.49 89.46 89.35 89.41 89.35 89.11 89.19 89.14 88.99 88.78 88.46 88.33 88.24 88.00 87.87 87.82 87.80 87.77 87.76 87.76 87.75 87.69 87.58 87.28 86.80 87.84 87.86 87.94 88.15 88.35 88.35 88.42
88.44 88.42 88.42 88.36 88.34 88.33 88.30 88.30 88.22 88.30 88.27 88.22 88.21 88.12 87.99 87.95 87.70 87.53 87.31 87.08 86.80 86.69 86.60 86.55 86.49 86.43 86.35 86.31 86.22 86.09 85.94 85.88 85.88 85.85 85.19 85.03 85.50 85.71 85.75 85.79 85.89 85.94 85.93 85.96 86.06 86.14 86.14 86.13 85.49 85.32 85.65 85.88 86.19 86.05 86.10 86.32 86.21 86.65 86.21 86.33 86.47 86.65 86.99 87.44 87.80 88.02 88.15 88.25 88.49 88.56 88.76 88.89 88.96 89.07 89.12 89.10 89.01 88.86 89.29 89.31 89.26 89.31 89.21 89.19 89.08 89.03 89.00 88.94 88.82 88.72 88.61 88.57 88.52 88.43 88.19 88.23 88.05 87.94 87.94 87.98 87.86 87.77 87.97 87.71 87.44 87.65 87.32 87.33 87.55 87.16 86.84 87.05 87.09 87.20 87.24 86.67 86.89 87.00 87.08 87.24 87.26 87.35 87.52 87.41 87.61 87.63 87.64 87.68 87.79 87.85 88.03 88.09 88.26 88.40 89.01 89.05 88.97 89.08 89.22 89.34 89.47 89.59 89.59 89.54 89.55 89.52 89.49 89.48 89.38 89.50 89.45 89.42 89.29 89.28 89.27 89.08 88.90 88.70 88.55 87.84 87.98 88.18 87.99 87.97 87.92 87.88 87.89 87.83 87.86 87.85 87.82 87.67 87.74 87.82 87.92 88.13 88.17 88.32 88.36 88.45
88.48 88.45 88.44 88.39 88.41 88.40 88.37 88.35 88.30 88.29 88.31 88.22 88.19 88.06 87.94 87.81 87.61 87.48 87.31 87.11 86.92 86.82 86.71 86.63 86.54 86.48 86.45 86.41 86.38 86.33 86.29 86.25 86.21 86.18 86.12 86.14 86.15 86.14 86.04 85.96 85.95 86.02 86.01 85.90 85.98 86.07 86.08 86.08 86.31 85.71 86.73 86.95 87.12 86.79 86.72 86.34 86.36 86.37 86.82 86.40 86.65 86.94 87.41 87.75 87.85 88.17 88.34 88.52 88.57 88.82 88.85 88.97 89.09 89.12 89.17 89.19 89.25 89.36 89.42 89.41 89.42 89.34 89.33 89.28 89.25 89.17 89.16 89.00 88.95 88.90 88.82 88.71 88.54 88.45 88.37 88.38 88.23 88.25 88.24 88.18 87.92 88.06 87.76 87.84 90.25 88.20 87.41 87.73 87.62 87.34 87.22 87.33 87.26 87.23 87.06 87.35 87.29 87.36 87.44 87.39 87.41 87.48 87.61 87.60 87.60 87.68 87.65 87.75 87.82 87.94 88.10 88.23 88.39 88.56 88.91 89.01 88.96 89.14 89.15 89.33 89.43 89.50 89.56 89.55 89.51 89.52 89.50 89.49 89.43 89.31 89.47 89.36 89.24 89.15 89.15 88.94 88.82 88.63 88.56 87.93 87.79 88.24 88.10 88.06 88.06 88.02 88.04 88.00 87.93 87.99 87.93 87.96 87.51 87.76 88.23 88.19 88.18 88.41 88.54 88.42
88.50 88.50 88.46 88.45 88.46 88.46 88.36 88.34 88.35 88.32 88.27 88.17 88.10 88.01 87.88 87.74 87.57 87.39 87.26 87.12 86.86 86.87 86.76 86.66 86.62 86.56 86.52 86.48 86.45 86.42 86.38 86.34 86.30 86.27 86.28 86.28 86.24 86.22 86.14 86.08 86.04 86.06 86.08 86.11 86.07 86.16 86.26 86.38 86.64 86.79 86.97 87.12 87.31 87.41 87.43 87.04 86.48 86.43 86.53 86.88 87.12 87.50 87.75 88.12 88.15 88.32 88.46 88.64 88.79 88.90 89.06 89.18 89.26 89.28 89.35 89.39 89.41 89.32 89.63 89.71 89.47 89.45 89.50 89.20 89.38 89.29 89.16 89.11 89.16 89.04 89.00 88.90 88.79 88.68 88.59 88.52 88.43 88.24 88.41 88.26 88.23 88.21 87.79 89.54 90.20 88.02 87.19 87.75 87.69 87.55 87.55 87.52 87.51 87.55 87.65 87.51 87.56 87.53 87.61 87.63 87.61 87.67 87.62 87.64 87.70 87.71 87.68 87.79 87.87 87.95 88.06 88.24 88.43 88.57 88.76 88.79 89.01 89.09 89.25 89.33 89.41 89.47 89.57 89.54 89.57 89.55 89.46 89.52 89.50 89.43 89.39 89.28 89.27 89.07 88.84 88.89 88.78 88.65 88.56 88.49 88.37 88.31 88.24 88.16 88.14 88.15 88.09 88.12 88.06 88.05 88.04 88.07 87.98 88.21 88.23 88.14 88.24 88.43 88.56 88.55
88.52 88.48 88.53 88.54 88.51 88.48 88.44 88.38 88.34 88.23 88.25 88.18 88.06 87.96 87.81 87.62 87.36 87.37 87.31 87.18 87.07 86.99 86.86 86.78 86.70 86.65 86.60 86.54 86.52 86.48 86.45 86.43 86.39 86.37 86.38 86.37 86.36 86.31 86.24 86.19 86.15 86.15 86.17 86.20 86.27 86.37 86.43 86.55 86.69 86.92 87.14 87.27 87.38 87.49 87.57 87.65 86.92 87.15 86.76 87.49 88.00 88.13 88.24 88.31 88.43 88.56 88.77 88.89 89.00 89.08 89.27 89.35 89.39 89.44 89.51 89.58 89.59 89.56 89.65 89.61 89.53 89.60 89.54 89.58 89.48 89.61 89.53 89.33 89.29 89.13 89.14 89.05 88.92 88.86 88.72 88.61 88.63 88.84 88.47 88.44 88.26 88.25 88.11 87.98 87.68 87.70 87.67 87.89 87.77 87.83 87.75 87.75 87.67 87.74 87.73 87.70 87.77 87.83 87.73 87.80 87.74 87.71 87.63 87.68 87.72 87.68 87.68 87.80 87.86 87.93 88.11 88.27 88.41 88.54 88.53 88.73 88.85 89.02 89.05 89.15 89.18 89.29 89.30 89.41 89.44 89.45 89.39 89.40 89.27 89.27 89.28 89.27 89.08 88.93 88.86 88.74 88.79 88.67 88.59 88.51 88.43 88.35 88.29 88.26 88.24 88.20 88.24 88.21 88.01 88.10 88.06 88.17 88.15 88.16 88.22 88.36 88.49 88.50 88.57 88.59
88.64 88.61 88.54 88.46 88.49 88.36 88.39 88.41 88.35 88.29 88.26 88.15 88.08 87.95 87.90 87.67 89.08 87.30 87.37 87.30 87.21 87.10 87.02 86.97 86.84 86.74 86.69 86.62 86.57 86.55 86.52 86.51 86.48 86.49 86.47 86.48 86.44 86.42 86.39 86.35 86.30 86.30 86.27 86.29 86.34 86.44 86.55 87.17 87.07 87.28 87.37 87.40 87.68 87.56 87.68 87.81 87.92 87.98 88.17 88.29 88.39 88.49 88.66 88.74 88.87 88.98 89.03 89.14 89.21 89.31 89.44 89.51 89.54 89.62 89.67 89.64 89.68 89.69 89.74 89.83 89.63 89.66 89.70 89.63 89.72 89.59 89.45 89.43 89.30 89.30 89.23 89.19 89.08 88.96 88.78 88.75 88.72 88.69 88.60 88.51 88.44 88.36 88.23 88.22 88.17 88.05 87.97 87.98 87.98 87.91 87.91 87.91 87.85 87.93 87.86 87.94 88.02 87.99 87.97 87.93 87.81 87.78 87.73 87.71 87.65 87.68 87.81 87.89 87.91 87.96 88.10 88.25 88.35 88.39 88.52 88.67 88.78 88.88 88.90 88.97 89.03 89.10 89.13 89.22 89.25 89.20 89.22 89.22 89.01 89.03 89.12 89.01 88.98 88.84 88.76 88.82 88.63 88.71 88.66 88.47 88.40 88.38 88.34 88.35 88.27 88.28 88.25 88.18 88.15 88.21 88.24 88.10 88.15 88.15 88.31 88.45 88.52 88.61 88.66 88.69
88.68 88.67 88.63 88.58 88.60 88.50 88.43 88.38 88.36 88.36 88.23 88.14 88.13 88.00 87.91 87.85 87.50 87.54 87.43 87.41 87.33 87.26 87.16 87.08 87.01 86.93 86.83 86.74 86.74 86.67 86.65 86.62 86.61 86.61 86.60 86.59 86.58 86.56 86.54 86.46 86.44 86.41 86.40 86.41 86.46 86.57 86.72 86.89 87.18 87.31 87.42 87.50 87.58 87.69 87.83 87.96 88.10 88.26 88.40 88.53 88.77 88.85 88.92 88.99 89.09 89.13 89.23 89.32 89.39 89.51 89.55 90.00 89.73 89.75 89.78 89.84 89.83 89.80 89.82 89.80 89.78 89.90 89.70 89.72 89.19 90.40 89.55 89.49 89.45 89.36 89.36 89.22 89.14 89.07 89.02 88.89 88.87 88.75 88.68 88.52 88.51 88.45 88.31 88.19 88.13 88.13 88.11 88.03 88.14 88.08 88.04 88.09 88.16 88.14 88.13 88.16 88.21 88.15 88.08 87.94 87.89 87.89 87.85 87.79 87.79 87.82 87.79 87.86 87.93 87.97 88.11 88.17 88.30 88.31 88.38 88.50 88.66 88.73 88.77 88.74 88.90 88.87 88.99 89.09 89.10 89.06 89.03 89.06 89.03 88.95 89.01 88.95 88.96 88.94 88.80 88.84 88.73 88.77 88.72 88.59 88.51 88.52 88.42 88.39 88.37 88.30 88.30 88.27 88.17 88.27 88.26 88.21 88.39 88.32 88.34 88.47 88.60 88.60 88.65 88.67
88.67 88.70 88.68 88.56 88.63 88.60 88.40 88.50 88.49 88.47 88.39 88.30 88.20 88.13 88.01 87.86 87.88 87.75 87.67 87.58 87.50 87.41 87.30 87.22 87.20 87.16 87.12 87.04 86.99 86.93 86.89 86.82 86.79 86.80 86.85 86.79 86.78 86.78 86.70 86.63 86.60 86.58 86.59 86.67 86.73 86.90 87.04 87.18 87.35 87.46 87.56 87.71 87.77 87.88 88.02 88.13 88.28 88.43 88.58 88.79 89.02 88.92 89.20 89.27 89.30 89.37 89.47 89.55 89.59 89.61 89.73 89.73 89.79 89.88 89.91 89.92 89.89 89.98 90.03 89.99 89.90 89.88 89.89 89.82 89.79 89.76 89.71 89.68 89.60 89.45 89.33 89.35 89.22 89.20 88.98 89.03 88.99 88.89 88.73 88.67 88.58 88.53 88.49 88.43 88.42 88.37 88.23 88.23 88.25 88.28 88.34 88.36 88.35 88.34 88.26 88.32 88.31 88.31 88.15 88.09 88.05 88.00 87.89 87.91 87.84 87.86 87.82 87.88 87.95 87.97 88.08 88.07 88.25 88.39 88.35 88.26 88.47 88.53 88.51 88.67 88.77 88.65 88.80 88.89 88.88 88.82 88.89 88.88 88.89 88.89 88.88 88.91 88.89 88.83 88.82 88.86 88.82 88.73 88.73 88.65 88.68 88.57 88.53 88.46 88.42 88.36 88.24 88.26 88.24 88.31 88.36 88.38 88.44 88.44 88.48 88.53 88.61 88.71 88.57 88.66
88.70 88.70 88.69 88.69 88.66 88.70 88.60 88.54 88.57 88.44 88.38 88.37 88.30 88.20 88.11 88.04 87.96 87.89 87.82 87.71 87.62 87.59 87.52 87.47 87.40 87.37 87.31 87.27 87.23 87.21 87.20 87.16 87.17 87.17 87.14 87.11 87.09 87.10 87.06 87.33 87.01 87.01 87.02 87.06 87.10 87.18 87.26 87.38 87.54 87.66 87.72 87.92 88.06 88.17 88.28 88.43 88.56 88.69 88.83 88.94 89.13 89.31 89.39 89.46 89.56 89.97 89.52 89.74 89.79 89.81 89.92 89.82 89.92 90.07 90.14 90.12 90.09 90.12 90.03 90.07 90.02 90.02 89.97 89.98 89.90 89.86 89.77 89.71 89.62 89.53 89.43 89.38 89.34 89.23 89.21 89.19 89.02 88.93 88.89 88.77 88.72 88.65 88.55 88.54 88.50 88.52 88.39 88.45 88.43 88.49 88.47 88.48 88.50 88.49 88.40 88.46 88.40 88.39 88.34 88.18 88.24 88.20 87.90 88.01 87.98 87.93 87.88 87.85 87.89 87.98 87.99 88.03 88.10 87.77 88.13 88.30 88.34 88.33 88.47 88.55 88.61 88.47 88.69 88.74 88.75 88.64 88.73 88.71 88.77 88.81 88.77 88.82 88.78 88.73 88.79 88.80 88.74 88.72 88.73 88.67 88.63 88.65 88.58 88.55 88.52 88.35 88.45 88.43 88.35 88.41 88.39 88.47 88.52 88.51 88.59 88.61 88.58 88.69 88.67 88.60
88.83 88.71 88.70 89.42 88.72 88.74 88.74 88.70 88.66 88.62 88.56 88.44 88.42 88.32 88.27 88.23 88.15 88.10 87.97 87.84 87.65 87.80 87.74 87.69 87.65 87.63 87.56 87.57 87.56 87.50 87.48 87.44 87.42 87.39 87.35 87.32 87.30 87.32 87.31 87.30 87.28 87.32 87.33 87.38 87.45 87.51 87.59 87.65 87.79 87.91 88.09 88.21 88.35 88.50 88.68 88.77 88.88 89.00 89.15 89.20 89.33 89.47 89.61 89.73 89.74 89.79 89.95 89.94 89.94 89.95 90.04 90.01 90.10 90.10 90.15 90.21 90.17 90.11 90.10 90.14 90.12 90.10 90.00 89.94 89.89 89.66 89.70 89.65 89.63 89.58 89.54 89.43 89.32 89.26 89.30 89.03 88.99 88.99 88.94 88.86 88.83 88.75 88.67 88.67 88.67 88.63 88.62 88.62 88.60 88.57 88.62 88.59 88.64 88.58 88.55 88.52 88.50 88.42 88.48 88.40 88.32 88.29 88.27 88.18 88.12 88.07 87.99 87.97 87.94 87.95 87.96 88.02 88.08 88.09 88.16 88.25 88.31 88.31 88.41 88.29 88.50 88.36 88.54 88.62 88.53 88.65 88.65 88.66 88.70 88.71 88.69 88.70 88.78 88.78 88.78 88.74 88.75 88.71 88.75 88.76 88.72 88.68 88.70 88.67 88.56 88.61 88.61 88.63 88.45 88.52 88.55 88.59 88.51 88.64 88.71 88.75 88.72 88.76 88.77 88.79
88.87 88.97 88.86 88.94 88.92 88.87 88.83 88.84 88.62 88.70 88.63 88.62 88.61 88.57 88.70 88.40 88.35 88.29 88.17 88.22 88.16 88.06 88.03 87.99 87.95 87.92 87.82 87.85 87.82 87.79 87.74 87.69 87.68 87.64 87.59 87.54 87.54 87.54 87.51 87.50 87.50 87.55 87.61 87.67 87.75 87.83 87.90 88.01 88.09 88.21 88.32 88.36 88.60 88.80 88.96 89.12 89.28 89.45 89.52 89.58 89.62 89.76 89.83 89.83 89.96 90.01 90.04 89.97 90.04 90.11 90.03 90.06 90.17 90.19 90.20 90.23 90.23 90.17 90.18 90.16 90.18 90.10 90.04 89.75 90.75 92.48 89.13 89.60 89.68 89.58 89.60 89.44 89.45 89.29 89.27 89.18 89.10 89.06 89.04 88.99 88.90 88.88 88.82 88.70 88.79 88.67 88.65 88.69 88.67 88.65 88.70 88.69 88.73 88.65 88.53 88.54 88.64 88.53 88.50 88.56 88.51 88.45 88.42 88.26 88.25 88.10 88.13 88.06 88.05 87.95 88.03 88.02 88.02 88.05 88.14 88.12 88.20 88.24 88.19 88.30 88.39 88.38 88.46 88.49 88.43 88.56 88.56 88.59 88.58 88.61 88.66 88.68 88.68 88.72 88.57 88.75 88.72 88.80 88.78 88.78 88.70 88.69 88.80 88.79 88.70 88.81 88.80 88.65 88.75 88.68 88.80 88.78 88.75 88.77 88.77 88.84 88.74 88.75 88.90 88.64
89.08 89.06 89.11 89.06 89.02 89.11 89.05 88.99 89.01 88.96 88.80 88.82 88.85 88.72 88.74 88.67 88.65 88.61 88.57 88.55 88.38 88.42 88.30 88.24 88.23 88.11 88.20 88.16 88.08 88.05 88.02 87.94 87.95 87.87 88.11 87.78 87.78 87.77 87.74 87.76 87.79 87.84 87.93 87.97 88.03 88.13 88.24 88.38 88.47 88.60 88.75 88.92 89.06 89.23 89.41 89.56 89.74 89.86 90.00 90.12 90.18 90.18 90.12 90.09 90.11 90.13 90.10 90.15 90.22 90.19 90.24 90.25 90.22 90.28 90.28 90.24 90.21 90.11 90.27 90.22 90.19 90.13 89.97 89.92 89.91 89.77 89.73 89.75 89.69 89.71 89.61 89.52 89.50 89.39 89.34 89.24 89.20 89.14 89.09 88.98 88.91 88.95 88.90 88.78 88.80 88.79 88.80 88.74 88.69 88.59 88.63 88.76 88.80 88.74 88.70 88.71 88.60 88.67 88.64 88.63 88.59 88.48 88.52 88.47 88.40 88.36 88.34 88.22 88.15 88.14 88.09 88.03 88.04 88.04 87.98 88.13 88.15 88.19 87.95 88.27 88.33 88.40 88.43 88.39 88.43 88.46 88.32 88.55 88.55 88.59 88.57 88.69 88.67 88.72 88.75 88.75 88.77 88.79 88.81 88.86 88.73 88.76 88.77 88.85 88.84 88.84 88.94 88.95 88.96 88.90 88.96 88.91 89.01 88.99 88.88 88.93 88.93 89.05 89.02 89.06
89.06 89.24 89.24 89.19 89.21 89.22 89.18 89.20 89.07 89.22 89.10 89.08 89.04 89.05 88.89 88.81 88.80 88.89 88.91 88.80 88.80 88.78 88.74 88.69 88.57 88.54 88.23 88.48 88.46 88.31 88.42 88.24 88.27 88.17 88.08 88.02 88.04 88.03 88.04 88.05 88.06 88.17 88.24 88.32 88.40 88.51 88.69 88.86 89.03 89.16 89.25 89.35 89.41 89.54 89.63 89.77 89.85 89.90 90.02 90.08 90.10 90.13 90.13 90.14 90.11 90.16 90.19 90.21 90.17 90.25 90.27 90.25 90.33 90.31 90.19 90.27 90.25 90.17 90.19 90.15 90.08 90.05 90.08 89.99 89.86 89.88 89.73 89.68 89.65 89.59 89.58 89.50 89.40 89.38 89.37 89.18 89.21 89.19 89.13 89.09 89.06 89.04 88.99 88.88 88.89 88.96 88.91 88.86 88.84 88.87 88.64 88.68 88.78 88.77 88.81 88.76 88.70 88.73 88.72 88.62 88.56 88.60 88.57 88.57 88.45 88.43 88.42 88.39 88.35 88.31 88.26 88.18 88.17 88.12 88.06 88.02 88.08 88.19 88.26 88.24 88.28 88.29 88.34 88.35 88.36 88.38 88.42 88.48 88.48 88.47 88.56 88.52 88.59 88.67 88.74 88.79 88.76 88.82 88.98 88.92 88.88 88.88 88.89 88.97 88.97 89.03 89.05 89.11 89.09 89.05 89.04 89.12 89.15 89.19 89.30 89.24 89.19 89.22 89.16 89.12
89.38 89.45 89.50 89.40 89.34 89.42 89.74 89.27 89.36 89.37 89.23 89.27 89.29 89.22 89.31 89.32 89.30 89.21 89.35 89.09 88.98 89.11 89.09 89.02 88.93 88.88 88.80 88.70 88.75 88.61 88.64 88.66 88.67 88.52 88.62 88.63 88.51 88.51 88.53 88.55 88.49 88.65 88.71 88.76 88.87 88.94 89.05 89.21 89.30 89.42 89.52 89.59 89.61 89.59 89.68 89.71 89.75 89.80 89.86 89.87 89.85 89.93 89.95 90.00 90.15 90.08 90.11 90.16 90.27 90.20 90.26 90.24 90.23 90.29 90.22 90.16 90.18 90.22 90.17 90.10 90.05 90.04 90.00 89.92 89.84 89.82 89.76 89.74 89.68 89.56 89.45 89.37 89.41 89.42 89.31 89.30 89.24 89.21 89.17 89.12 89.04 88.98 88.94 88.91 88.96 88.98 88.96 88.89 88.90 88.88 88.93 88.86 88.83 88.83 88.76 88.82 88.74 88.72 88.63 88.71 88.58 88.66 88.64 88.53 88.54 88.54 88.52 88.53 88.48 88.41 88.38 88.40 88.35 88.33 88.25 88.28 88.23 88.20 88.17 88.15 88.10 88.10 88.15 88.19 88.25 88.31 88.39 88.42 88.52 88.50 88.59 88.59 88.58 88.62 88.72 88.70 88.84 88.91 88.97 89.00 89.04 88.96 89.09 89.11 89.13 89.21 89.19 89.23 89.10 89.27 89.26 89.24 89.16 89.29 89.32 89.36 89.45 89.29 89.38 89.35
89.59 89.66 89.66 89.59 89.52 89.67 89.69 89.63 89.61 89.66 89.73 89.61 89.62 89.50 89.73 89.55 89.51 89.47 89.39 89.37 89.41 89.13 89.14 89.21 89.11 89.22 89.10 89.49 89.27 89.16 89.23 89.06 88.99 88.93 88.84 88.91 88.83 88.86 88.89 88.99 89.04 89.10 89.14 89.18 89.27 89.32 89.36 89.41 89.47 89.54 89.63 89.77 89.73 89.74 89.74 89.73 89.69 89.69 89.65 89.72 89.77 89.82 89.87 89.87 89.92 90.01 90.05 90.02 90.03 90.07 90.17 90.24 90.23 90.13 90.20 90.22 90.23 90.14 90.07 89.97 89.98 89.92 89.87 89.81 89.83 89.80 89.74 89.68 89.61 89.60 89.51 89.32 89.32 89.31 89.29 89.15 89.17 89.16 89.10 89.12 89.06 89.05 89.00 88.86 88.95 88.96 88.88 88.85 88.84 88.78 88.84 88.85 88.89 88.87 88.82 88.87 88.88 88.80 88.70 88.64 88.69 88.76 88.73 88.63 88.61 88.58 88.54 88.59 88.49 88.49 88.45 88.42 88.44 88.39 88.42 88.39 88.35 88.31 88.30 88.32 88.36 88.39 88.42 88.43 88.46 88.49 88.51 88.53 88.59 88.62 88.60 88.68 88.68 88.73 88.74 88.74 88.88 88.94 88.98 88.95 89.09 89.09 89.05 89.16 89.25 89.31 89.23 89.32 89.41 89.45 88.95 90.32 89.14 88.11 89.40 89.47 89.61 89.56 89.39 89.51
89.67 89.79 89.72 89.76 89.76 89.89 89.70 89.81 89.82 89.81 89.86 89.75 89.77 89.87 89.76 89.82 89.80 89.57 89.66 89.71 89.63 89.73 89.78 89.86 89.68 89.47 89.50 89.50 89.22 89.31 89.33 89.26 89.41 89.46 89.53 89.34 89.27 89.29 89.18 89.32 89.29 89.34 89.45 89.43 89.43 89.36 89.46 89.51 89.55 89.67 89.72 89.74 89.74 89.76 89.78 89.91 89.76 89.75 89.79 89.82 89.91 89.97 90.01 90.02 90.03 90.00 89.97 90.00 90.05 89.97 90.10 90.11 90.11 90.12 90.09 90.13 90.06 90.05 89.94 89.97 89.89 89.88 89.80 89.95 89.74 89.66 89.59 89.52 89.51 89.50 89.42 89.39 89.34 89.27 89.27 89.24 89.33 89.12 89.07 89.04 89.01 89.00 88.98 88.93 88.94 88.95 88.96 88.91 88.85 88.92 88.87 88.83 88.89 88.88 88.87 88.84 88.81 88.84 88.75 88.76 88.75 88.73 88.66 88.77 88.77 88.73 88.63 88.62 88.62 88.54 88.62 88.59 88.61 88.57 88.49 88.53 88.50 88.50 88.50 88.50 88.49 88.56 88.58 88.46 88.54 88.60 88.65 88.67 88.63 88.64 88.69 88.75 88.78 88.80 88.85 88.86 88.89 88.99 89.04 89.09 89.10 89.19 89.20 89.29 89.32 89.31 89.32 89.37 89.42 89.48 89.48 89.55 89.48 89.74 89.76 89.78 89.79 89.78 89.72 89.63
89.93 89.78 89.50 89.36 89.53 89.85 89.72 89.28 89.31 89.76 89.87 89.86 89.89 89.84 89.83 89.62 89.29 89.33 89.21 89.58 89.34 89.46 89.92 90.23 89.74 89.54 89.52 89.67 89.59 89.57 89.54 89.54 89.59 89.48 89.12 89.45 89.34 89.43 89.39 89.35 89.53 89.49 89.40 89.40 89.49 89.58 89.62 89.66 89.70 89.73 89.75 89.79 89.64 89.86 89.90 89.95 89.98 89.98 89.98 89.99 90.03 89.30 89.33 89.77 89.92 89.90 89.90 89.93 89.86 89.86 89.93 89.96 89.96 89.97 89.92 89.93 89.90 89.91 89.95 89.92 89.86 89.74 89.72 89.69 89.67 89.60 89.46 89.44 89.52 89.46 89.46 89.41 89.32 89.21 89.19 89.23 89.23 89.20 89.15 89.10 89.08 89.07 89.02 89.09 89.00 88.98 88.98 88.96 88.96 88.94 88.94 88.92 88.87 88.81 88.81 88.80 88.86 88.78 88.79 88.69 88.74 88.77 88.79 88.80 88.80 88.81 88.78 88.76 88.73 88.68 88.72 88.67 88.63 88.57 88.29 88.52 88.62 88.64 88.67 88.66 88.61 88.63 88.64 88.64 88.66 88.64 88.71 88.67 88.71 88.67 88.74 88.81 88.80 88.85 88.90 88.93 88.97 89.00 88.96 89.04 89.08 89.15 89.25 89.32 89.34 89.35 89.40 89.49 89.50 89.45 89.54 89.47 89.53 89.61 89.58 89.80 89.91 89.88 89.79 89.87
89.62 89.47 89.47 89.58 89.61 89.55 89.50 89.49 89.52 89.50 89.51 89.32 89.60 89.54 89.57 89.66 89.65 89.69 89.68 89.62 89.59 89.71 89.67 89.70 89.75 89.78 89.69 89.43 89.51 89.38 89.44 89.49 89.52 89.52 89.47 89.54 89.49 89.59 89.57 89.56 89.58 89.61 89.60 89.55 89.49 89.51 89.56 89.60 89.63 89.72 89.80 89.75 89.79 89.84 89.89 89.90 89.86 89.92 90.00 90.00 90.05 90.08 90.06 90.08 90.03 90.03 90.11 90.05 89.95 89.90 89.84 89.80 89.72 89.75 89.77 89.59 89.54 89.59 89.70 89.71 89.59 89.65 89.47 88.95 89.25 89.60 88.37 88.58 89.29 87.92 88.37 88.93 88.59 88.17 88.77 87.99 88.15 88.85 88.56 88.20 88.32 88.41 88.55 88.95 88.99 88.92 88.97 88.98 89.00 88.97 88.96 88.95 88.93 88.92 88.87 88.89 88.87 88.86 88.84 88.63 89.20 88.62 88.81 88.78 88.76 88.80 88.77 88.75 88.76 88.77 88.78 88.80 88.78 88.79 88.79 88.79 88.82 88.82 88.77 88.80 88.78 88.74 88.68 88.71 88.73 88.65 88.56 88.58 88.64 88.71 88.75 88.72 88.82 88.88 88.88 88.97 88.95 89.02 89.01 89.03 89.07 89.15 89.19 89.28 89.30 89.36 89.33 89.32 89.37 89.51 89.50 89.53 89.54 89.59 89.61 89.55 89.54 89.69 89.69 89.66
88.64 88.65 88.68 88.74 88.68 88.68 88.71 88.69 88.70 88.72 88.74 88.76 88.78 88.80 88.84 88.86 88.86 88.89 88.88 88.90 88.91 88.93 88.95 88.99 89.03 89.09 89.19 89.29 89.28 89.36 89.46 89.36 89.37 89.56 89.02 89.02 88.82 89.11 88.47 88.61 88.85 88.96 89.43 89.44 89.47 89.55 89.63 89.59 89.39 89.33 88.76 88.70 88.52 88.74 89.29 88.90 88.83 88.81 88.81 88.93 89.58 89.37 89.44 89.43 89.51 89.58 89.69 89.31 89.14 88.84 88.86 88.88 88.38 88.64 88.43 88.12 87.90 88.10 87.86 87.64 87.60 87.30 87.35 87.18 87.18 87.25 87.02 86.99 87.01 86.91 86.98 87.11 86.83 86.83 87.11 86.90 86.94 86.75 86.75 86.78 87.11 87.21 87.19 87.19 87.23 87.31 86.97 87.81 87.89 88.60 88.54 87.91 88.17 88.81 88.46 88.56 88.27 88.41 88.68 88.07 88.13 88.04 88.14 88.19 88.46 88.82 88.30 88.39 88.40 88.39 88.47 88.45 88.45 88.49 88.51 88.54 88.63 88.74 88.85 88.85 88.86 88.86 88.87 88.83 88.86 88.80 88.81 88.85 88.87 88.94 88.94 88.98 89.00 89.02 89.02 89.01 89.01 89.06 89.08 89.03 89.05 89.07 89.11 89.12 89.12 89.11 89.08 89.06 89.04 88.96 88.86 88.88 88.87 88.85 88.84 88.78 88.72 88.67 88.66 88.65
88.25 88.25 88.25 88.24 88.24 88.23 88.24 88.25 88.26 88.28 88.30 88.33 88.34 88.37 88.39 88.43 88.47 88.48 88.55 88.55 88.59 88.59 88.59 88.58 88.57 88.50 88.66 88.62 88.56 87.95 87.82 87.62 87.90 88.01 87.63 87.84 87.57 87.61 87.62 87.52 87.38 87.52 87.29 87.16 87.17 87.35 87.32 87.27 87.36 87.43 87.57 87.72 87.97 88.08 87.68 87.79 87.59 87.45 87.43 87.59 87.46 88.16 88.08 88.91 89.08 89.28 89.45 89.57 89.55 89.20 88.91 88.55 88.25 88.03 87.93 87.72 87.60 87.48 87.39 87.34 87.29 87.21 87.16 87.12 87.05 86.99 86.95 86.90 86.88 86.88 86.88 86.87 86.86 86.83 86.80 86.78 86.75 86.73 86.72 86.71 86.70 86.68 86.66 86.65 86.64 86.63 86.62 86.61 86.62 86.70 86.83 87.02 86.97 87.03 86.87 87.01 87.22 87.29 87.16 87.04 86.97 87.01 87.29 87.10 87.18 87.05 87.16 87.20 87.11 87.18 87.02 87.06 87.19 87.39 87.30 87.27 87.33 87.16 87.25 87.28 87.43 87.77 87.85 87.98 88.43 88.38 88.70 88.90 88.94 88.90 88.87 88.86 88.86 88.87 88.93 88.96 88.94 88.93 88.85 88.82 88.80 88.79 88.76 88.72 88.69 88.66 88.62 88.58 88.56 88.54 88.50 88.49 88.45 88.43 88.41 88.38 88.33 88.29 88.26 88.26
88.51 88.36 88.49 88.64 88.72 88.96 87.66 87.53 87.78 87.97 87.37 87.71 87.51 87.40 87.54 87.74 87.04 86.85 86.82 86.84 86.84 87.06 87.56 87.25 87.27 87.41 87.76 87.49 87.44 87.68 87.61 86.71 86.78 87.09 86.81 86.71 86.69 86.68 86.70 86.72 86.71 86.81 86.75 86.69 86.72 86.67 86.64 86.65 86.65 86.75 86.73 86.70 86.78 86.96 86.95 86.84 86.86 86.88 86.95 87.03 87.07 86.96 87.09 86.99 86.95 86.95 87.22 87.22 87.61 87.82 87.97 88.27 88.03 88.01 87.98 88.12 88.29 88.49 88.57 88.59 88.66 88.68 88.28 87.90 87.50 87.44 87.50 87.58 87.69 87.95 88.41 88.40 87.10 86.90 86.89 86.98 86.92 86.86 86.76 86.71 86.69 86.74 86.68 86.65 86.64 86.63 86.61 86.60 86.59 86.58 86.58 86.58 86.58 86.59 86.59 86.60 86.61 86.62 86.62 86.62 86.63 86.64 86.65 86.64 86.64 86.64 86.63 86.64 86.64 86.63 86.64 86.63 86.63 86.64 86.66 86.66 86.71 86.71 86.70 86.87 86.68 86.68 86.68 87.00 87.01 87.03 87.14 87.46 87.15 86.95 87.09 86.96 87.27 87.36 87.60 87.83 87.36 87.59 87.76 87.86 87.81 87.56 87.70 88.12 87.97 88.03 88.26 88.68 88.44 88.76 88.48 88.25 88.11 87.96 88.12 88.33 88.46 88.14 88.17 88.25
86.52 86.57 86.55 86.56 86.59 86.57 86.57 86.57 86.49 86.47 86.47 86.48 86.50 86.51 86.49 86.46 86.46 86.46 86.45 86.45 86.46 86.50 86.50 86.42 86.42 86.42 86.43 86.44 86.45 86.46 86.47 86.43 86.41 86.43 86.41 86.38 86.36 86.36 86.35 86.36 86.38 86.37 86.40 86.39 86.38 86.34 86.34 86.33 86.34 86.36 86.36 86.36 86.36 86.37 86.40 86.44 86.45 86.47 86.49 86.48 86.46 86.44 86.44 86.43 86.42 86.42 86.41 86.42 86.43 86.44 86.53 86.76 86.81 86.71 86.66 86.63 86.66 86.61 86.60 86.65 86.58 86.55 86.54 86.53 86.56 86.53 86.55 86.61 86.56 86.60 86.53 86.50 86.53 86.49 86.46 86.46 86.47 86.47 86.49 86.48 86.46 86.43 86.43 86.46 86.46 86.42 86.41 86.40 86.39 86.39 86.38 86.40 86.38 86.39 86.39 86.40 86.40 86.42 86.41 86.46 86.39 86.40 86.42 86.43 86.48 86.51 86.43 86.43 86.45 86.45 86.48 86.44 86.40 86.40 86.40 86.40 86.40 86.41 86.45 86.45 86.46 86.46 86.47 86.46 86.48 86.48 86.48 86.46 86.43 86.41 86.43 86.41 86.45 86.43 86.39 86.40 86.41 86.51 86.47 86.50 86.46 86.55 86.54 86.59 86.58 86.60 86.57 86.56 86.57 86.58 86.55 86.60 86.63 86.61 86.62 86.61 86.58 86.62 86.68 86.57
86.29 86.28 86.29 86.30 86.30 86.26 86.26 86.25 86.24 86.25 86.25 86.24 86.24 86.24 86.24 86.24 86.23 86.23 86.23 86.23 86.23 86.23 86.24 86.23 86.23 86.23 86.23 86.22 86.21 86.20 86.20 86.20 86.19 86.19 86.19 86.18 86.18 86.18 86.18 86.18 86.18 86.18 86.18 86.18 86.17 86.17 86.17 86.17 86.18 86.18 86.18 86.18 86.19 86.20 86.20 86.21 86.22 86.22 86.23 86.23 86.22 86.23 86.23 86.24 86.24 86.24 86.25 86.25 86.25 86.25 86.25 86.25 86.26 86.26 86.27 86.27 86.28 86.28 86.29 86.29 86.29 86.29 86.29 86.29 86.29 86.29 86.29 86.29 86.29 86.29 86.29 86.30 86.31 86.31 86.30 86.29 86.28 86.29 86.31 86.32 86.31 86.29 86.29 86.28 86.28 86.27 86.27 86.27 86.26 86.26 86.26 86.25 86.25 86.25 86.25 86.24 86.24 86.24 86.24 86.24 86.24 86.24 86.24 86.24 86.24 86.24 86.24 86.23 86.23 86.23 86.23 86.22 86.22 86.22 86.21 86.21 86.20 86.20 86.20 86.19 86.19 86.19 86.19 86.19 86.19 86.19 86.19 86.19 86.19 86.19 86.20 86.20 86.21 86.21 86.22 86.22 86.23 86.24 86.23 86.22 86.23 86.23 86.23 86.23 86.23 86.23 86.23 86.23 86.24 86.24 86.25 86.25 86.25 86.26 86.26 86.26 86.27 86.27 86.27 86.28
