Mars Surface Radiation Result (absorbed dose in thin silicon slab) (1E-6 Gy/day).

The first row gives the longitude
The first column for each row (starting from the 2nd row) gives the latitude
The rest values of each row gives the dose rate at different longitudes (given in the first row)

179°W  177°W  175°W  173°W  171°W  169°W  167°W  165°W  163°W  161°W  159°W  157°W  155°W  153°W  151°W  149°W  147°W  145°W  143°W  141°W  139°W  137°W  135°W  133°W  131°W  129°W  127°W  125°W  123°W  121°W  119°W  117°W  115°W  113°W  111°W  109°W  107°W  105°W  103°W  101°W  99°W  97°W  95°W  93°W  91°W  89°W  87°W  85°W  83°W  81°W  79°W  77°W  75°W  73°W  71°W  69°W  67°W  65°W  63°W  61°W  59°W  57°W  55°W  53°W  51°W  49°W  47°W  45°W  43°W  41°W  39°W  37°W  35°W  33°W  31°W  29°W  27°W  25°W  23°W  21°W  19°W  17°W  15°W  13°W  11°W  9°W  7°W  5°W  3°W  1°W  1°E  3°E  5°E  7°E  9°E  11°E  13°E  15°E  17°E  19°E  21°E  23°E  25°E  27°E  29°E  31°E  33°E  35°E  37°E  39°E  41°E  43°E  45°E  47°E  49°E  51°E  53°E  55°E  57°E  59°E  61°E  63°E  65°E  67°E  69°E  71°E  73°E  75°E  77°E  79°E  81°E  83°E  85°E  87°E  89°E  91°E  93°E  95°E  97°E  99°E  101°E  103°E  105°E  107°E  109°E  111°E  113°E  115°E  117°E  119°E  121°E  123°E  125°E  127°E  129°E  131°E  133°E  135°E  137°E  139°E  141°E  143°E  145°E  147°E  149°E  151°E  153°E  155°E  157°E  159°E  161°E  163°E  165°E  167°E  169°E  171°E  173°E  175°E  177°E  179°E  
--------------------------------------------------------------------------------------------------------------
89°S ||     72.72 72.77 72.81 72.83 72.83 72.82 72.82 72.83 72.87 72.91 73.05 73.10 73.08 73.13 73.32 73.42 73.46 73.53 73.55 73.44 73.37 73.52 73.53 73.49 73.44 73.42 73.36 73.38 73.46 73.43 73.51 73.62 73.57 73.50 73.60 73.52 73.44 73.38 73.30 73.25 73.20 73.13 73.07 73.05 73.03 73.03 73.02 73.03 73.02 73.00 72.98 72.98 72.95 72.93 72.93 72.93 72.86 72.83 72.81 72.81 72.79 72.77 72.76 72.73 72.75 72.78 72.79 72.68 72.63 72.64 72.58 72.56 72.56 72.56 72.53 72.50 72.49 72.47 72.46 72.46 72.45 72.46 72.47 72.45 72.47 72.47 72.47 72.46 72.45 72.46 72.47 72.50 72.52 72.53 72.53 72.54 72.53 72.54 72.56 72.56 72.54 72.54 72.53 72.52 72.54 72.54 72.55 72.56 72.57 72.57 72.58 72.57 72.54 72.56 72.60 72.63 72.62 72.61 72.62 72.64 72.66 72.67 72.68 72.70 72.74 72.77 72.77 72.80 72.82 72.84 72.85 72.86 72.88 72.89 72.90 72.92 72.93 72.93 72.93 72.93 72.89 72.89 72.87 72.84 72.86 72.85 72.84 72.82 72.79 72.76 72.76 72.74 72.74 72.70 72.68 72.67 72.66 72.64 72.64 72.65 72.64 72.64 72.63 72.62 72.62 72.61 72.62 72.63 72.63 72.64 72.65 72.66 72.66 72.66 72.67 72.69 72.70 72.71 72.71 72.72
87°S ||     74.61 74.69 74.71 74.84 74.81 74.88 74.79 74.77 74.75 74.67 74.66 74.65 74.55 74.43 74.37 74.36 74.37 74.38 74.38 74.34 74.33 74.38 74.51 74.55 74.53 74.48 74.49 74.39 74.46 74.31 74.55 74.57 74.41 74.39 74.38 74.38 74.34 74.29 74.33 74.32 74.28 74.32 74.29 74.26 74.22 74.20 74.19 74.13 74.08 74.03 73.89 74.04 73.85 73.59 73.62 73.56 73.44 73.32 73.25 73.23 73.38 72.90 72.96 72.72 72.66 72.64 72.59 72.56 72.54 72.51 72.44 72.38 72.44 72.42 72.17 72.12 72.05 71.96 71.93 72.08 71.79 71.62 71.60 71.52 71.49 71.49 71.52 71.54 71.57 71.59 71.63 71.64 71.66 71.67 71.68 72.06 71.96 72.13 72.02 72.22 72.22 72.22 72.30 72.31 72.35 72.43 72.50 72.65 72.74 72.79 72.66 72.65 72.68 72.70 72.72 72.72 72.77 72.80 72.87 72.87 72.94 73.00 73.01 73.06 73.14 73.12 73.14 73.21 73.29 73.27 73.34 73.35 73.37 73.43 73.56 73.70 73.79 73.94 73.86 73.68 73.54 73.50 73.47 73.43 73.39 73.39 73.34 73.09 73.06 73.04 73.04 73.06 73.10 73.09 73.09 73.10 73.17 73.28 73.37 73.36 73.44 73.51 73.61 73.64 73.76 73.86 73.96 74.00 74.14 74.18 74.35 74.35 74.37 74.36 74.44 74.34 74.09 74.23 74.60 74.82
85°S ||     74.06 74.07 74.09 74.10 74.11 74.10 74.12 74.17 74.18 74.17 74.17 74.18 74.19 74.26 74.20 74.13 74.14 74.25 74.24 74.24 74.24 74.26 74.29 74.30 74.29 74.30 74.34 74.44 74.51 74.65 74.99 75.02 74.99 74.99 75.03 74.87 75.06 74.94 74.90 74.85 75.07 75.34 75.28 75.30 75.08 75.04 74.93 74.83 74.74 74.65 74.68 74.56 74.54 74.51 74.75 74.82 74.54 74.37 74.42 74.77 74.61 73.72 73.59 73.62 73.74 73.82 73.67 73.76 73.75 73.36 73.48 73.35 73.07 73.00 73.05 72.80 73.11 73.36 73.62 73.27 73.11 73.03 73.08 73.08 73.17 73.03 72.96 72.83 72.82 72.93 72.83 72.85 72.97 72.95 72.95 72.96 72.98 73.03 73.07 73.18 73.15 73.27 73.55 73.84 73.76 73.72 73.70 73.72 73.68 73.74 73.83 73.89 73.94 74.02 73.79 73.85 73.96 73.99 73.91 73.83 73.81 73.85 73.89 73.99 74.10 74.18 74.19 74.12 74.13 74.07 74.03 74.00 73.96 73.97 74.01 74.12 74.68 75.81 76.21 75.95 75.31 75.02 74.89 74.93 74.46 74.23 74.12 74.01 74.07 74.13 74.01 74.04 74.10 74.24 74.41 74.47 74.51 74.54 74.51 74.51 74.50 74.34 74.19 74.12 74.10 74.20 74.26 74.34 74.47 74.65 74.41 74.46 74.42 74.37 74.30 74.26 74.23 74.22 74.11 74.07
83°S ||     74.17 74.19 74.21 74.23 74.23 74.24 74.25 74.27 74.30 74.32 74.34 74.37 74.40 74.42 74.41 74.42 74.44 74.47 74.51 74.53 74.56 74.59 74.63 74.67 74.72 74.78 74.82 74.88 74.99 75.12 75.05 74.89 74.86 74.81 74.92 75.03 75.01 74.96 75.03 75.09 74.84 74.84 74.85 74.86 74.88 74.91 74.88 75.39 75.50 75.58 75.49 75.50 75.42 75.42 75.43 75.39 75.33 75.62 75.72 75.72 75.27 75.60 75.50 75.38 75.72 75.43 75.45 75.42 75.82 75.47 75.76 76.01 76.19 76.20 76.03 75.88 75.92 75.90 75.88 75.97 75.94 75.89 75.72 75.75 75.77 75.68 75.60 75.58 75.63 75.61 75.34 75.33 75.44 75.83 75.38 75.29 75.18 75.13 75.16 75.03 75.24 74.71 74.88 74.61 75.02 75.28 75.34 75.09 74.98 75.00 75.04 75.18 75.45 75.55 75.63 75.60 75.19 75.20 75.13 75.11 75.03 75.02 74.69 74.61 74.68 74.74 74.74 74.59 74.59 74.74 74.67 74.69 74.86 74.88 75.09 75.68 76.50 76.42 76.45 76.44 76.45 75.24 75.11 75.16 75.12 75.26 75.22 75.14 75.11 75.11 75.05 74.93 74.82 74.76 74.71 74.57 74.52 74.57 74.88 75.26 75.76 76.04 75.58 75.02 74.27 74.27 73.97 73.89 73.87 73.87 74.00 74.21 74.72 74.70 74.41 74.20 74.11 74.08 74.11 74.14
81°S ||     74.51 74.58 74.58 74.73 74.47 74.55 74.59 74.64 74.70 74.76 74.82 74.90 75.07 75.11 74.89 74.88 74.91 74.96 75.02 75.07 75.12 75.16 75.18 75.22 75.26 75.31 75.38 75.41 75.44 75.47 75.52 75.68 75.65 75.68 75.80 75.74 75.52 75.56 75.53 75.56 75.74 75.58 75.26 75.31 75.14 75.00 75.07 75.24 75.30 75.19 75.34 75.25 75.48 76.34 76.00 76.21 76.50 76.01 76.48 76.38 76.05 76.18 76.25 76.22 76.23 76.18 76.24 76.25 76.16 76.07 76.17 76.00 75.81 75.84 75.86 75.88 75.83 75.83 75.80 75.82 76.25 75.72 75.55 75.50 75.47 75.49 75.48 75.48 75.45 75.44 75.42 75.44 75.33 75.15 74.94 74.64 74.00 73.32 74.13 74.26 74.74 75.08 75.03 75.16 75.47 75.68 75.83 76.07 76.03 75.90 75.67 75.99 76.12 76.25 76.25 76.33 76.36 76.45 76.42 76.41 76.39 76.43 76.37 76.29 76.27 76.32 75.90 75.93 76.01 76.09 76.16 76.40 76.47 76.57 76.62 76.60 76.57 75.91 75.04 74.83 74.78 74.73 74.70 74.88 74.97 74.99 74.92 75.08 75.18 75.28 75.42 75.51 75.63 75.40 75.52 75.77 75.93 75.59 75.45 75.49 75.99 75.77 75.47 75.47 75.62 75.56 76.01 75.33 74.54 74.22 74.24 74.40 74.56 74.80 75.12 74.43 74.55 74.55 74.35 74.41
79°S ||     74.88 74.93 74.95 75.06 75.04 75.00 75.00 75.04 75.06 75.26 75.12 75.21 75.27 75.30 75.39 75.52 75.41 75.62 75.33 75.58 75.46 75.50 75.47 75.95 76.39 75.34 75.80 76.29 76.09 76.20 76.13 76.13 76.10 76.12 76.17 76.19 76.19 76.18 76.07 76.03 76.04 75.79 76.41 76.53 75.54 75.74 75.72 75.58 75.53 75.81 76.05 75.76 76.48 76.30 76.37 76.58 76.83 75.56 76.22 75.70 76.46 76.21 75.57 76.03 76.05 76.38 76.42 76.35 76.32 76.28 76.23 76.26 76.24 76.25 76.22 76.19 76.22 76.27 76.22 76.00 76.10 76.27 75.99 75.95 75.97 76.18 75.83 76.02 75.85 75.88 75.93 75.81 75.74 75.43 74.61 74.62 74.20 74.67 75.22 75.53 75.45 75.72 75.77 75.85 75.94 76.17 75.98 76.10 75.83 76.12 75.68 75.98 75.81 75.81 75.44 75.34 76.09 76.27 76.55 76.61 76.66 76.65 76.67 76.65 76.70 76.67 76.62 76.68 76.65 76.70 76.64 76.62 76.71 76.69 76.70 76.70 76.78 76.80 76.73 76.73 76.73 76.78 76.43 76.02 76.23 75.64 75.13 75.13 75.14 75.03 75.10 75.22 75.65 76.83 76.68 75.75 75.54 76.12 74.91 74.95 75.60 75.03 74.73 74.59 74.52 74.64 74.50 74.92 74.66 74.63 74.64 74.70 74.84 74.53 74.45 74.57 74.68 74.79 74.79 74.81
77°S ||     75.73 75.44 75.37 75.34 75.24 75.52 75.48 75.83 75.78 75.82 75.79 75.81 76.16 75.96 75.91 75.97 76.07 76.06 76.19 76.04 75.98 76.03 75.98 76.08 76.01 76.15 76.34 76.42 76.26 76.37 76.34 76.37 76.37 76.37 76.36 76.37 76.34 76.36 76.34 76.34 76.32 76.34 76.26 76.12 76.05 75.83 75.31 76.00 75.21 75.47 76.26 76.06 75.90 75.36 75.53 75.75 75.93 75.88 76.02 75.99 76.28 76.46 76.28 76.35 76.54 76.57 76.55 76.59 76.59 76.55 76.51 76.50 76.44 76.46 76.42 76.42 76.39 76.30 76.08 76.11 76.04 75.90 75.84 75.68 75.92 76.11 75.97 76.00 75.80 75.92 75.93 75.87 75.51 75.34 75.21 75.04 74.55 74.16 75.31 76.44 76.81 76.97 76.97 75.81 76.08 75.95 75.98 76.16 75.88 76.21 75.94 75.89 75.83 76.26 76.63 76.44 75.88 75.74 75.32 75.08 74.98 74.59 74.45 75.01 75.63 76.13 76.44 76.42 76.32 76.12 75.54 76.18 76.35 75.67 76.26 76.47 76.77 76.67 76.42 76.30 75.98 76.00 75.76 76.23 76.85 76.80 76.63 76.51 75.80 75.84 75.92 75.12 75.83 76.16 76.17 75.32 74.96 75.05 74.83 74.88 74.98 74.82 74.82 75.09 74.96 74.92 75.05 75.16 75.21 75.18 75.08 75.18 75.40 75.07 75.09 75.16 75.36 75.53 75.62 75.43
75°S ||     75.98 76.07 75.84 75.98 75.79 75.78 75.89 76.56 76.11 76.02 76.94 77.21 76.21 76.37 76.39 76.50 76.29 76.40 76.40 76.22 76.23 76.45 76.46 76.61 76.46 76.53 76.57 76.60 76.57 76.54 76.54 76.52 76.55 76.52 76.09 76.45 76.45 76.43 76.40 76.40 76.34 76.29 76.29 76.30 76.34 76.40 76.32 76.23 76.04 75.92 76.02 75.50 75.36 75.72 76.24 76.33 76.26 76.58 76.73 76.76 76.79 76.78 76.73 76.68 76.65 76.65 76.62 76.42 76.60 76.50 76.37 76.22 76.18 76.02 75.96 76.04 75.96 76.14 75.97 75.99 76.06 76.10 76.19 76.00 76.33 76.09 76.09 76.24 76.08 76.07 75.98 75.68 75.55 75.85 75.99 76.02 76.03 76.04 76.10 75.97 75.81 75.91 75.91 75.86 76.16 76.23 76.23 76.07 76.04 75.92 75.83 75.66 75.20 75.41 75.55 75.02 75.41 75.27 75.05 75.22 74.97 74.90 75.63 75.95 75.77 75.69 76.80 75.36 75.56 75.57 75.70 76.19 76.09 75.97 75.90 75.70 76.02 75.04 74.67 74.26 74.18 74.82 77.03 76.87 76.98 75.78 76.43 75.81 76.58 76.89 76.75 76.68 76.61 76.64 76.75 75.66 74.62 74.58 74.57 74.59 74.56 74.73 75.41 75.29 75.49 74.88 74.95 75.14 75.22 75.21 75.29 75.29 75.33 75.57 75.58 75.66 75.79 75.74 75.79 75.85
73°S ||     77.06 75.98 76.60 76.58 76.47 76.17 76.86 76.58 76.61 76.59 76.17 75.84 76.75 76.14 76.43 76.61 76.57 76.56 76.49 76.37 76.22 75.88 76.86 75.68 75.92 76.74 76.50 76.48 76.51 76.56 76.58 76.57 76.65 76.31 76.25 75.92 76.14 76.49 76.38 76.43 76.43 76.46 76.37 76.42 76.45 76.44 76.45 76.21 76.74 77.56 77.55 77.68 77.63 76.20 76.71 76.72 76.88 76.92 76.94 76.97 76.97 76.95 76.89 76.81 76.85 76.48 76.62 76.81 76.83 76.83 76.78 76.52 76.31 76.43 76.30 76.19 76.12 76.24 76.44 76.08 76.08 76.09 76.13 76.45 76.28 76.52 76.65 76.60 76.50 76.54 76.20 76.16 75.81 76.18 76.16 76.26 76.43 76.46 76.45 76.43 76.46 76.47 76.55 76.50 76.42 76.35 76.49 76.03 75.95 75.80 75.35 74.98 75.24 75.69 76.12 75.83 76.03 75.91 76.01 75.65 75.79 75.40 75.19 75.11 75.44 75.40 75.75 75.78 76.06 76.03 75.99 76.11 76.15 76.26 76.36 76.38 76.37 76.50 76.16 75.80 76.21 74.83 75.01 75.64 75.74 75.79 75.87 76.12 76.76 76.49 76.28 75.42 76.22 76.67 76.96 77.09 76.52 75.51 74.64 75.08 74.84 75.15 75.67 75.75 75.06 75.36 75.81 75.96 75.81 76.19 76.95 76.72 76.34 76.21 76.22 76.17 76.33 76.14 76.19 76.96
71°S ||     76.91 76.95 77.03 77.08 77.14 77.29 77.41 77.34 77.35 77.38 77.38 76.77 76.15 75.86 75.23 75.25 75.91 76.07 77.06 76.29 76.35 76.19 75.99 76.07 77.71 76.62 76.63 76.65 76.54 76.33 76.41 76.31 76.30 76.48 76.40 76.36 76.28 76.58 76.42 76.44 76.56 76.40 76.53 76.44 76.49 76.52 76.24 76.05 76.11 76.95 77.57 77.44 77.74 76.02 76.85 76.99 77.03 77.09 77.02 77.04 77.11 76.81 76.69 76.81 76.92 76.99 77.04 76.87 76.89 76.04 76.33 76.52 76.38 76.55 76.26 76.45 76.29 75.83 75.63 75.49 75.38 76.34 76.31 76.30 76.48 76.50 76.63 76.44 76.69 76.54 77.01 76.91 76.52 76.60 76.59 76.42 76.35 75.73 76.33 76.60 76.74 76.47 76.52 76.53 76.50 76.55 76.20 75.32 75.62 75.95 75.99 76.09 76.10 76.27 76.29 76.19 76.44 76.26 76.39 76.47 76.39 76.59 76.62 76.42 76.57 76.23 75.62 75.85 77.04 77.04 76.07 76.26 76.06 74.92 75.76 75.97 76.07 75.63 75.32 75.66 76.04 75.48 76.32 76.47 76.74 76.76 76.72 76.43 76.43 76.60 76.88 76.78 77.01 76.81 77.54 77.71 77.64 77.32 76.97 76.74 76.99 76.83 76.62 76.96 77.14 77.08 77.08 76.92 76.79 77.23 76.84 77.13 77.03 77.07 76.57 76.56 76.62 76.71 76.36 76.85
69°S ||     76.35 76.42 76.75 76.97 76.56 77.83 77.68 77.37 77.50 77.47 77.43 77.25 76.70 76.80 76.41 76.58 75.52 75.71 76.08 76.53 76.86 76.65 76.38 76.26 76.16 76.78 76.56 76.70 76.34 76.88 76.00 76.08 75.98 76.24 76.28 76.36 76.61 76.63 76.72 76.72 76.78 76.71 76.68 76.73 76.74 77.27 76.54 76.83 76.83 76.81 76.84 76.96 76.97 77.07 77.08 77.02 77.05 77.08 76.89 76.89 76.71 77.06 77.03 77.17 77.04 76.84 76.27 76.30 76.36 76.36 76.32 76.45 76.44 76.64 76.74 76.94 76.78 76.24 75.73 75.99 76.13 76.57 76.56 76.17 76.15 75.93 76.00 75.95 76.21 76.48 76.50 76.62 75.75 76.66 76.73 76.65 76.79 76.78 76.76 76.81 76.76 76.72 76.79 76.71 76.48 76.18 75.48 76.58 76.77 76.65 76.47 76.28 76.38 76.25 76.39 75.91 75.85 76.40 76.78 76.97 77.15 77.01 77.05 77.13 77.11 77.03 76.68 76.28 76.00 76.03 76.50 76.39 76.35 76.34 77.20 76.13 74.93 75.31 75.43 75.57 75.77 75.76 75.39 75.51 76.02 76.46 76.58 76.33 76.79 76.87 76.87 76.95 76.48 74.79 76.84 77.55 77.40 75.38 77.56 77.48 77.41 77.21 77.15 77.08 76.85 76.59 76.36 76.45 75.74 75.49 76.43 77.00 76.95 76.78 76.64 76.48 76.38 76.29 76.51 76.50
67°S ||     77.66 76.32 76.08 76.76 76.78 76.87 76.88 77.42 77.41 77.51 77.54 77.54 77.41 77.30 76.99 76.72 76.44 76.03 75.95 75.69 75.68 75.41 75.74 75.77 76.12 76.08 75.96 75.88 76.35 75.64 75.65 75.68 76.19 77.56 76.11 76.32 76.33 77.01 76.68 76.71 76.81 76.79 76.76 76.77 76.78 76.82 76.78 76.88 76.89 76.83 76.86 76.95 76.98 76.98 76.90 77.05 77.19 77.07 77.14 77.05 76.55 76.90 77.12 77.11 76.88 76.68 78.21 78.20 77.81 76.41 76.56 76.62 76.67 76.86 77.01 76.66 76.34 75.83 75.89 75.59 75.90 75.92 76.28 76.22 76.53 76.42 76.54 76.56 76.54 76.54 76.58 76.73 76.66 76.79 76.74 76.85 76.74 76.70 76.71 76.54 76.55 75.87 75.67 75.71 75.37 75.89 77.11 77.56 77.50 77.11 77.00 76.59 76.62 76.28 76.43 76.33 76.69 76.83 77.09 77.12 77.10 77.09 77.14 77.14 77.07 77.29 77.27 77.41 77.42 76.99 76.28 75.68 76.26 76.46 75.73 75.57 75.46 75.09 75.62 74.89 75.14 75.53 75.55 76.44 76.16 76.10 75.64 75.96 76.39 76.70 76.98 77.10 76.84 77.01 77.12 77.17 77.20 77.16 76.89 77.05 77.01 77.08 76.91 76.71 76.95 76.91 76.91 76.90 76.85 76.46 77.05 76.84 76.79 76.60 76.16 76.69 76.05 76.03 76.11 76.57
65°S ||     76.49 76.11 75.80 76.22 76.25 77.04 77.12 77.48 77.40 77.45 77.44 77.54 77.55 77.56 77.48 77.33 77.22 77.17 77.09 76.81 76.34 76.22 76.29 76.08 76.41 76.34 76.02 76.70 76.57 76.06 75.84 76.13 75.92 76.15 76.33 76.44 76.46 76.53 76.55 76.75 76.77 76.86 76.89 76.89 76.97 77.00 76.97 76.95 76.97 76.95 76.85 76.76 76.68 76.79 76.92 77.04 77.04 77.05 76.94 76.11 77.08 77.21 77.35 77.52 76.93 77.21 77.20 77.21 76.71 76.65 76.86 76.75 76.82 76.95 77.15 77.04 76.59 76.43 76.06 75.74 75.77 76.06 76.86 76.38 76.55 76.58 76.57 76.50 76.26 76.62 76.62 76.66 76.61 76.77 76.59 76.80 77.03 76.88 76.63 76.70 76.46 76.49 76.37 76.26 75.88 76.18 76.02 76.26 76.36 76.24 76.20 76.07 76.17 76.70 76.98 77.43 77.39 77.23 77.07 76.97 76.98 77.15 77.30 77.27 77.39 77.34 77.31 77.36 77.36 77.47 76.55 76.50 76.46 76.35 77.70 75.89 75.84 75.96 76.40 75.32 75.29 75.31 75.79 75.83 75.88 75.48 75.34 76.51 76.23 75.94 76.76 76.64 76.54 77.02 76.99 75.59 76.18 76.37 76.93 76.64 76.06 76.23 76.96 76.61 76.84 77.11 76.97 77.05 77.01 76.97 76.65 76.57 76.40 75.82 76.73 76.95 76.55 76.39 76.03 75.93
63°S ||     76.50 76.47 76.81 76.20 75.92 76.35 76.86 76.95 77.19 77.13 77.37 77.23 77.55 77.43 77.45 77.33 77.40 77.44 77.38 76.96 76.46 76.44 76.18 76.28 76.19 76.33 76.34 76.15 76.10 76.17 76.10 76.24 76.47 76.48 76.44 76.22 76.04 76.37 76.74 76.48 76.90 76.60 76.40 76.79 76.83 76.79 76.61 76.90 76.82 76.79 76.59 76.64 76.88 77.25 76.96 76.32 76.74 77.29 77.15 77.20 77.14 77.12 77.25 77.44 77.75 77.54 76.89 77.58 76.76 77.25 77.03 76.84 76.88 76.77 76.86 77.33 77.46 77.37 77.30 76.94 76.75 76.38 76.47 76.46 76.48 76.53 76.66 76.66 76.66 76.62 76.61 76.62 76.73 76.66 76.71 76.53 76.67 76.74 76.57 76.82 76.85 76.57 76.63 76.82 76.67 76.41 76.21 75.97 76.00 75.77 76.25 76.38 76.71 77.26 77.63 77.68 77.71 77.49 77.31 77.23 77.18 77.15 77.21 77.25 77.46 77.53 77.43 77.39 77.42 77.46 77.28 76.73 76.63 76.89 76.50 76.05 75.78 75.96 75.81 75.04 76.79 75.62 76.22 76.13 76.11 75.81 75.65 75.48 75.22 75.64 76.06 76.45 76.26 76.34 76.67 77.00 77.24 77.26 77.00 76.89 76.41 76.50 76.71 76.70 76.59 75.75 75.70 76.06 76.54 76.82 76.95 77.02 76.84 77.10 77.06 76.19 76.64 76.74 76.69 76.89
61°S ||     77.22 76.28 75.89 76.48 76.79 76.98 76.95 76.30 76.42 76.62 76.19 76.42 76.96 76.42 77.97 76.51 76.90 76.85 77.36 77.09 77.01 76.97 76.98 76.38 76.20 76.01 76.99 76.70 76.17 76.27 76.72 77.01 77.04 76.93 76.90 76.61 76.26 76.45 76.38 76.35 76.77 76.08 76.51 76.82 76.54 75.58 77.03 77.18 77.22 77.16 77.13 77.26 77.23 76.91 76.50 77.42 77.42 77.21 77.42 77.41 77.34 77.18 77.29 77.36 77.60 77.89 77.65 77.10 77.74 77.76 77.59 77.33 76.50 77.23 77.42 76.97 76.92 77.02 76.89 76.62 75.76 75.79 76.48 76.74 76.51 76.43 76.31 76.60 76.73 76.70 76.76 76.68 76.70 76.87 76.77 76.83 76.79 76.62 76.74 76.85 76.92 76.78 76.70 76.68 76.12 76.69 76.58 76.60 76.62 76.73 76.83 76.90 77.00 77.18 77.43 77.48 77.03 76.97 77.02 76.78 77.96 77.46 76.86 77.11 77.30 77.38 77.56 77.63 77.35 77.59 77.89 77.67 75.54 77.50 77.35 77.14 76.02 76.22 76.21 76.63 75.83 75.75 75.67 75.78 75.86 75.77 75.77 75.54 75.79 75.71 75.97 75.95 76.02 76.13 76.17 77.15 77.68 77.61 77.60 77.48 77.31 77.08 76.88 76.67 76.61 76.28 75.89 76.13 76.23 75.27 76.04 76.76 76.89 76.64 75.65 76.01 76.21 77.07 77.10 77.06
59°S ||     77.34 76.86 76.67 76.95 76.99 76.81 75.59 76.28 76.48 76.25 76.74 76.27 76.50 75.71 76.68 77.07 76.82 76.95 76.67 76.95 77.10 77.12 76.85 76.72 75.92 76.33 76.51 76.57 76.95 76.31 76.52 77.15 77.23 76.94 77.19 76.97 76.48 75.99 75.84 76.00 76.29 76.85 77.14 77.12 77.05 76.72 77.20 77.33 77.49 77.48 77.48 77.49 77.52 77.55 77.29 77.11 77.23 77.06 77.35 77.46 77.18 76.89 77.62 77.49 76.85 77.90 76.86 77.47 77.74 76.38 76.72 77.45 78.04 77.21 77.70 77.08 77.12 76.83 76.61 76.63 76.07 76.19 76.51 76.28 76.34 76.75 76.59 76.55 76.93 75.76 76.63 76.86 76.93 76.82 77.24 76.65 76.57 76.59 77.52 76.53 76.44 76.84 76.69 76.71 76.78 76.83 76.79 76.72 76.69 77.00 77.08 77.27 77.33 77.33 77.17 76.82 76.86 76.96 76.60 76.15 76.19 76.23 76.92 77.32 77.68 77.79 77.86 77.79 77.88 78.04 77.83 77.80 77.55 77.40 77.48 77.23 76.74 75.67 75.15 75.46 77.41 77.24 75.23 75.26 76.61 75.59 75.72 75.09 75.71 76.09 75.61 75.69 76.21 76.83 77.10 77.29 77.46 77.40 77.50 77.49 77.47 77.41 77.31 77.16 76.78 76.47 76.15 76.09 76.29 76.09 77.03 75.48 76.23 76.44 76.14 76.77 76.99 76.81 77.07 77.21
57°S ||     77.20 77.23 77.38 77.62 77.24 76.05 76.45 76.30 75.90 75.96 76.07 77.56 76.03 76.15 75.78 75.86 76.51 76.95 76.54 76.41 77.51 76.47 76.51 76.49 75.78 76.41 76.65 76.63 76.58 75.81 75.30 77.19 76.98 77.07 77.04 76.78 76.92 76.38 76.20 76.25 76.06 76.62 76.84 76.97 77.05 76.79 76.36 76.29 77.09 77.51 77.54 77.59 77.45 77.43 77.22 76.62 76.45 76.47 76.23 76.09 76.72 77.99 77.08 76.51 77.84 78.16 78.02 77.12 79.21 75.20 78.35 77.12 76.66 77.29 76.91 77.73 77.95 77.69 77.39 78.03 78.06 77.27 76.61 76.69 76.91 76.65 76.71 76.46 76.41 76.73 76.80 76.88 76.60 76.30 76.31 76.25 76.27 76.36 76.76 76.34 76.08 76.22 76.20 76.26 76.23 76.83 76.86 77.02 77.17 77.29 77.40 77.51 77.63 77.70 77.58 77.33 77.44 77.44 77.57 77.31 77.22 77.41 77.80 78.08 78.28 78.27 78.29 78.28 78.29 78.57 78.06 77.96 77.77 77.95 77.86 77.78 77.72 77.29 75.54 76.60 77.47 77.76 75.80 76.00 76.54 76.36 76.00 75.77 75.74 76.11 76.56 76.73 76.86 76.61 77.03 76.83 77.28 76.78 75.99 76.23 77.35 77.45 77.39 77.13 76.74 76.47 76.22 76.20 76.30 76.22 75.91 75.78 76.26 76.34 77.21 76.27 76.27 76.37 76.66 77.13
55°S ||     77.29 77.32 77.43 77.50 76.96 76.91 76.84 76.45 76.27 76.76 76.72 76.61 76.45 76.56 76.23 76.45 76.94 76.86 76.87 76.81 76.31 75.63 75.63 77.48 75.59 76.45 76.78 76.78 76.76 76.49 76.26 77.09 77.07 76.96 77.11 76.78 76.53 76.27 75.89 75.79 75.90 75.78 75.73 75.94 76.68 76.38 76.21 76.57 77.08 77.32 77.53 77.56 77.57 77.14 76.77 75.87 76.22 75.78 76.09 77.71 76.61 78.15 78.32 77.84 76.76 79.75 79.69 79.94 79.62 79.65 79.68 78.65 76.42 76.95 77.97 77.32 77.13 77.80 77.66 77.58 77.12 76.84 76.97 76.95 76.86 76.71 76.72 76.47 76.59 76.30 76.55 76.74 76.97 76.66 76.75 77.14 77.78 76.75 76.71 76.80 76.77 76.68 76.09 76.24 76.07 76.32 77.04 77.13 77.33 77.50 77.63 77.73 77.90 78.04 78.03 78.17 78.26 78.37 78.41 78.74 79.17 79.36 79.47 79.63 79.86 79.45 79.12 79.08 79.84 78.72 78.37 78.27 78.13 77.90 78.07 78.00 76.68 77.44 77.31 77.00 76.83 76.65 76.77 76.81 75.71 76.15 76.28 76.28 76.63 76.93 77.25 77.25 77.87 77.54 76.85 77.03 77.22 75.97 76.16 77.47 77.21 77.02 76.86 76.90 76.54 76.41 76.57 76.77 77.01 76.79 76.77 76.16 76.87 76.50 76.28 76.36 76.59 76.97 77.00 77.23
53°S ||     77.37 77.01 77.09 77.63 77.81 76.38 77.12 77.24 77.22 77.03 77.15 76.68 76.46 76.83 76.81 76.81 76.53 76.89 76.80 76.90 76.77 76.11 75.76 76.88 76.44 76.71 77.66 76.67 76.86 76.67 76.99 76.87 76.87 77.08 76.94 76.93 76.89 76.09 75.79 75.76 75.64 75.79 76.27 76.48 76.70 76.83 76.98 76.92 77.65 78.16 76.59 76.67 76.96 76.73 76.85 77.33 77.15 76.43 76.32 77.20 76.67 78.24 78.34 78.47 80.52 80.15 79.74 79.75 79.81 79.86 79.83 79.55 78.74 78.32 77.58 77.43 77.67 77.93 77.30 77.50 77.66 77.52 77.40 77.22 77.01 77.77 77.14 76.76 76.90 76.94 76.65 76.59 76.46 76.92 76.38 76.22 76.56 76.65 76.75 76.61 76.76 76.85 76.39 75.62 76.90 76.65 76.85 77.16 77.27 77.34 77.74 77.88 78.12 78.30 78.40 78.63 79.22 79.53 80.35 81.32 82.09 82.68 82.92 83.03 83.09 82.48 82.25 82.37 82.41 82.27 80.98 78.75 78.77 79.19 78.04 78.22 78.25 78.01 77.05 77.06 77.22 76.77 76.87 76.50 76.67 77.33 76.57 76.57 76.66 76.43 76.71 77.08 77.43 77.59 78.05 77.32 77.20 75.78 77.52 77.18 77.33 77.37 77.38 77.06 76.81 76.77 76.45 76.81 76.21 76.80 77.01 76.36 75.78 75.78 76.37 76.96 77.02 77.11 77.32 77.36
51°S ||     77.30 77.16 76.84 76.94 77.47 77.33 77.23 76.48 77.41 76.97 76.63 76.89 76.75 76.99 76.83 76.73 76.82 76.16 76.68 76.76 76.56 76.20 75.73 75.55 75.21 76.48 76.13 76.53 76.82 76.83 76.71 76.90 76.61 76.49 76.72 76.44 76.48 76.35 76.07 75.30 75.27 75.10 75.49 76.54 76.73 76.91 77.00 76.63 77.73 78.06 76.54 76.53 76.05 75.76 76.77 77.68 77.83 77.80 76.95 76.34 76.28 76.49 78.38 79.51 80.10 79.61 79.93 79.79 79.79 79.78 79.79 79.86 78.75 78.82 79.16 79.93 77.68 77.74 77.43 77.46 77.60 77.52 77.15 76.97 76.75 77.25 76.54 76.67 76.91 76.88 76.85 76.91 77.02 77.10 76.82 76.43 76.56 76.65 76.72 76.32 76.90 76.60 76.27 76.71 76.58 76.74 77.06 77.33 77.53 77.55 78.01 78.14 78.19 78.53 78.85 79.61 80.40 81.42 82.40 83.41 83.72 84.15 84.29 84.33 84.45 84.49 84.33 84.34 84.22 84.03 84.34 83.79 80.47 80.39 79.22 78.39 77.80 76.67 75.85 77.50 77.20 76.59 77.51 76.52 75.98 76.25 76.63 77.20 76.96 77.04 77.39 77.42 77.31 77.21 76.62 77.21 77.25 77.38 77.30 77.32 77.26 76.80 76.95 77.32 77.27 77.07 76.57 77.27 76.90 77.23 76.87 76.47 76.89 76.30 76.41 76.71 76.84 77.07 77.15 77.27
49°S ||     76.47 76.73 76.59 76.99 77.67 77.83 77.94 77.24 77.26 76.32 76.78 76.35 76.32 76.17 76.48 76.29 76.22 76.27 75.53 75.79 76.12 76.40 75.63 75.47 76.13 75.90 76.28 76.83 76.80 76.79 76.61 76.84 76.50 75.27 75.26 75.43 75.76 75.76 75.82 75.31 75.12 75.20 75.37 76.25 76.60 76.79 76.82 76.81 76.73 76.62 76.44 76.12 75.63 75.42 75.70 76.15 77.19 77.25 76.60 76.37 77.97 78.18 78.32 78.59 79.65 80.36 79.86 79.91 79.80 80.09 80.14 79.60 79.11 77.88 78.31 77.45 77.45 77.75 77.38 77.50 77.51 77.45 77.22 76.89 76.91 76.49 76.63 77.88 77.29 76.93 76.70 76.88 77.42 77.42 76.93 76.64 76.05 77.07 76.40 76.39 76.34 76.35 76.62 76.97 77.05 76.69 76.63 77.36 77.53 77.80 77.49 77.99 78.46 79.07 80.35 81.45 82.43 83.02 83.76 84.15 84.67 84.85 84.67 84.65 83.86 84.40 84.48 84.56 84.47 84.43 84.46 84.46 84.28 83.74 81.78 80.25 78.32 77.74 78.03 77.64 77.86 77.29 76.35 76.90 77.06 76.12 76.82 76.60 77.10 77.24 76.59 77.06 77.05 77.01 76.88 77.29 77.10 76.90 76.57 76.58 75.35 76.17 76.95 76.79 76.49 77.02 77.38 77.63 77.07 77.63 77.54 77.28 77.23 76.76 76.34 75.91 76.11 76.34 76.71 76.87
47°S ||     76.29 76.78 76.54 76.50 77.15 77.65 77.04 76.56 77.07 76.67 76.38 76.50 75.49 76.84 75.69 75.93 75.09 75.33 76.11 75.90 76.40 75.77 76.14 76.45 76.40 76.81 76.20 76.56 76.75 76.72 76.73 76.73 76.79 75.97 75.78 75.92 76.22 76.27 76.27 75.97 75.54 75.41 75.78 75.89 75.75 76.40 76.41 76.50 76.29 76.33 75.98 75.81 75.43 75.43 75.35 75.70 76.03 75.98 76.53 76.97 76.00 77.71 77.35 78.28 78.24 79.94 80.33 80.26 80.14 80.31 80.21 79.81 79.39 78.01 78.22 78.18 77.48 77.43 77.24 76.74 77.38 77.17 77.08 77.04 76.71 76.77 76.52 76.78 77.09 76.98 77.08 77.09 77.56 77.05 76.82 76.10 76.43 76.28 76.60 77.16 76.41 76.02 76.26 76.60 77.44 77.45 77.04 77.34 77.72 77.64 77.49 77.78 78.31 78.72 82.34 83.92 84.31 84.79 84.89 84.63 84.27 84.49 84.75 84.69 84.42 84.16 83.94 84.32 84.48 84.38 84.40 84.23 84.25 84.17 83.61 82.30 80.68 78.72 78.22 78.05 77.97 77.87 77.37 76.95 77.49 77.47 76.94 77.31 77.25 77.25 77.26 76.69 76.51 76.90 76.50 76.79 76.85 76.26 75.89 76.59 77.32 77.42 76.52 76.43 76.92 77.43 77.30 77.47 77.63 77.54 77.50 77.43 76.63 76.64 76.35 76.89 76.56 76.41 76.78 76.66
45°S ||     76.83 76.91 76.76 76.81 77.06 77.03 77.14 77.18 77.29 76.50 76.25 76.81 76.28 76.08 76.17 76.18 77.10 76.09 76.49 76.61 76.38 76.66 77.22 76.27 76.63 76.87 76.69 76.56 76.57 76.52 76.38 76.48 76.41 76.20 76.21 76.17 76.20 76.23 76.35 76.37 76.03 75.92 76.11 76.01 75.98 76.20 76.20 75.98 75.79 75.59 75.50 75.49 75.43 74.93 74.73 75.89 76.32 76.46 76.84 77.11 77.41 77.36 77.72 77.85 77.86 78.90 79.56 81.64 81.32 80.66 80.42 80.06 78.69 78.37 78.14 78.30 77.32 77.28 77.25 78.03 76.93 77.14 76.87 76.82 76.75 76.65 76.65 77.14 77.12 77.03 76.91 77.00 77.20 76.98 76.77 76.86 76.48 76.51 76.45 77.18 75.58 76.28 76.47 76.54 77.16 76.51 77.12 77.34 77.54 77.56 77.65 77.56 78.32 80.17 83.98 84.37 84.89 84.90 84.65 84.86 84.75 84.88 84.77 84.78 84.63 84.87 84.85 84.32 84.28 84.63 84.38 84.29 84.30 84.18 83.59 83.20 81.56 79.36 78.39 78.19 77.97 78.09 76.18 77.49 77.53 77.27 77.40 77.12 76.94 77.31 76.98 76.77 77.03 76.76 76.84 76.50 76.26 76.35 75.80 75.03 76.28 76.09 76.64 77.46 77.56 77.47 76.97 77.59 77.10 77.17 77.45 77.35 76.64 76.68 76.71 75.87 75.92 76.54 76.73 76.64
43°S ||     77.36 76.59 77.47 77.09 77.35 77.03 77.14 77.10 76.87 76.63 76.25 76.32 76.13 75.92 76.28 76.31 76.70 76.77 76.64 76.61 76.08 76.32 76.53 76.54 76.23 76.59 76.70 76.69 76.00 76.31 76.16 76.44 76.48 75.99 76.11 76.10 76.14 76.25 76.45 76.55 75.94 75.70 74.63 74.70 75.57 75.99 75.83 75.57 75.61 75.32 75.20 75.21 75.10 75.19 75.24 76.02 76.11 76.26 76.39 76.77 76.76 76.85 77.28 76.79 78.11 78.00 78.53 78.69 78.95 79.12 78.83 78.81 78.15 78.38 78.23 77.45 77.36 77.53 77.41 77.52 77.30 78.36 76.86 77.06 76.91 76.90 76.76 77.19 77.15 76.90 76.81 76.98 77.04 76.95 76.92 76.66 76.86 76.63 76.96 76.46 76.38 76.49 76.32 75.88 75.94 76.30 77.02 77.69 77.23 77.43 77.53 77.62 78.55 82.09 84.27 84.84 84.81 84.68 84.79 84.91 84.82 84.84 84.72 84.86 84.84 84.39 84.54 84.48 84.68 84.50 84.34 84.32 84.14 83.81 82.60 82.46 81.61 79.94 78.47 78.39 78.21 78.26 77.99 77.93 77.73 77.58 77.38 77.21 77.22 77.77 77.45 77.31 77.24 76.89 76.84 76.53 76.22 76.21 76.28 76.31 76.07 76.17 76.88 77.61 77.75 77.71 77.55 77.45 77.10 77.30 77.28 77.41 76.06 76.87 76.91 77.56 76.57 76.82 77.12 77.07
41°S ||     77.51 77.43 77.46 77.77 77.60 76.95 77.05 76.95 77.50 77.81 78.32 78.16 77.12 76.36 76.64 76.51 76.05 76.33 76.00 76.38 76.01 76.59 76.53 76.52 76.32 75.43 75.99 76.19 76.43 75.95 75.81 76.09 75.90 75.92 75.67 75.99 76.07 76.26 76.31 74.11 73.78 73.60 71.70 71.43 71.51 73.95 73.94 73.95 74.77 75.15 74.84 75.24 74.96 75.15 75.11 75.17 75.27 75.81 76.70 76.54 76.17 75.57 76.97 77.54 77.49 77.99 77.97 78.21 78.54 78.61 78.57 78.17 78.37 77.83 77.88 77.87 77.71 78.47 77.65 77.26 77.46 77.35 77.02 77.03 76.85 76.86 76.97 77.26 77.26 77.12 76.87 77.06 76.80 76.84 76.95 76.45 76.28 76.79 76.73 76.60 76.25 76.32 75.81 75.55 77.17 76.44 76.83 77.35 77.37 77.38 77.58 77.81 78.50 82.15 83.89 84.84 84.77 84.41 84.87 84.88 84.85 84.79 84.88 84.92 84.79 84.40 84.65 84.73 84.58 84.68 84.52 84.29 83.57 82.85 82.46 82.08 81.06 79.68 78.90 78.42 78.69 77.78 77.60 77.84 76.90 77.05 77.41 77.50 77.56 77.51 77.43 77.41 77.42 76.83 76.70 76.64 76.38 76.79 76.75 76.52 76.44 76.38 77.01 77.37 77.50 77.39 77.47 77.39 76.68 77.12 77.13 76.39 76.28 77.01 76.93 77.00 77.07 77.27 77.45 77.13
39°S ||     77.36 77.50 77.23 76.87 77.66 76.82 77.29 77.17 76.45 76.87 77.97 77.96 76.70 76.37 76.98 76.69 76.95 76.46 76.71 76.79 76.94 76.20 76.96 76.96 76.68 76.68 76.45 76.17 76.32 76.20 76.07 74.10 75.26 75.70 75.70 75.89 76.04 76.02 75.26 75.11 74.49 73.14 72.78 72.87 73.26 73.40 73.29 73.56 72.93 74.09 74.85 74.88 74.91 75.02 75.18 75.22 75.46 75.81 75.89 76.40 76.41 76.56 76.08 76.32 77.06 76.47 77.58 78.41 78.30 78.28 78.30 78.28 77.96 77.82 77.94 77.84 77.77 77.61 77.47 77.49 77.44 77.44 77.30 77.13 77.09 76.86 77.20 77.44 77.14 77.08 77.30 77.35 77.26 76.83 77.01 76.67 76.68 76.63 76.59 76.98 76.32 76.49 76.11 76.23 76.12 76.07 76.79 77.21 77.43 77.46 77.45 77.98 78.58 80.68 83.72 84.87 84.89 84.85 84.71 84.82 84.92 84.89 84.91 84.91 84.83 84.64 84.85 84.72 84.79 84.57 84.37 83.84 83.04 82.56 81.81 81.32 80.94 80.33 78.82 78.16 78.04 77.53 77.53 77.44 77.44 77.62 77.74 77.59 76.90 77.46 77.51 77.59 77.38 77.22 76.87 77.12 76.87 76.58 77.14 76.99 76.69 76.55 76.57 76.78 77.13 77.24 77.62 77.46 77.18 77.14 77.27 77.09 77.40 77.30 77.33 77.06 77.19 77.40 77.54 77.65
37°S ||     77.66 77.49 77.50 77.16 78.05 77.82 77.46 76.70 76.19 75.53 75.22 76.20 76.08 76.96 77.33 77.30 77.30 77.30 77.14 77.04 77.03 77.00 76.66 76.88 76.54 76.16 76.25 75.78 75.66 76.20 76.09 75.16 75.32 74.69 75.43 74.50 75.12 73.13 73.26 75.08 73.08 72.25 73.62 73.66 73.56 73.51 73.72 74.47 73.82 73.79 73.56 74.21 74.84 75.35 75.35 75.48 75.37 75.97 76.09 75.90 75.88 76.65 76.63 76.98 77.39 77.33 77.74 77.89 76.59 78.07 77.78 77.86 77.90 78.00 77.89 77.76 77.67 77.65 77.66 77.48 77.27 77.13 76.85 78.01 77.17 76.96 76.97 76.87 77.36 77.09 77.22 77.36 77.32 77.12 76.68 76.96 76.60 76.52 76.91 76.86 76.27 76.23 76.07 76.25 76.44 76.40 77.73 76.89 77.35 77.54 77.59 77.67 78.07 80.18 82.06 84.60 84.92 84.88 84.71 84.86 84.88 84.89 84.69 84.91 84.71 84.77 84.68 84.74 84.71 84.64 84.49 83.51 82.38 81.88 81.14 80.68 79.84 78.85 78.48 78.19 77.65 77.74 77.31 77.34 77.21 77.33 77.59 77.61 77.58 77.46 77.61 77.49 77.41 77.36 77.21 77.24 77.43 77.25 77.15 76.48 76.81 76.74 76.30 76.28 76.97 77.15 77.59 77.23 77.26 77.38 77.51 77.49 77.46 77.44 77.26 77.09 77.67 77.78 77.68 77.97
35°S ||     77.64 78.04 77.51 76.86 77.42 76.83 76.71 76.92 76.30 75.55 75.41 76.25 76.94 77.11 77.26 77.18 77.29 75.88 77.06 77.00 76.93 76.73 76.70 76.53 76.02 76.27 76.08 75.94 75.40 75.55 75.24 75.10 75.21 74.92 75.06 75.24 74.53 73.04 73.15 73.10 72.52 73.61 74.35 74.23 73.90 74.18 73.98 74.06 74.34 74.39 74.20 73.31 74.12 75.21 75.57 75.77 75.77 75.79 75.80 75.90 76.09 76.27 76.24 77.27 77.22 76.65 76.90 77.27 77.20 77.85 77.78 77.92 77.70 77.45 77.56 77.70 77.71 77.69 77.85 77.61 77.30 77.02 77.20 77.04 77.13 76.81 76.71 76.86 76.99 77.06 77.10 77.28 77.20 76.80 76.82 76.79 77.03 77.23 76.60 76.46 76.49 75.90 76.03 76.41 76.59 76.54 76.60 76.97 77.46 77.35 77.32 77.48 77.77 77.98 79.62 82.00 84.84 84.92 84.84 84.80 84.86 84.86 84.62 84.80 84.71 84.76 84.74 84.66 84.71 84.59 83.89 81.67 80.63 80.64 80.20 79.61 79.82 78.82 78.75 78.68 77.88 77.59 76.85 77.32 77.10 77.24 77.37 77.45 77.56 77.63 77.50 77.33 76.74 76.75 76.84 77.13 76.85 76.65 76.98 77.18 76.95 76.63 77.02 77.23 77.07 77.08 76.92 77.15 77.11 76.68 77.54 77.60 77.35 77.30 77.45 77.52 77.94 77.81 77.52 76.97
33°S ||     77.70 77.77 76.85 76.70 76.89 76.06 76.47 75.56 75.60 76.18 76.13 76.38 77.01 77.15 77.41 77.08 77.30 77.32 77.00 77.00 76.28 76.74 76.66 76.63 76.33 76.06 76.07 75.88 75.65 75.37 75.21 74.38 74.78 74.56 74.22 74.42 73.73 72.73 72.56 71.85 72.11 73.66 74.55 74.14 74.89 74.23 75.15 75.22 74.95 74.99 74.37 73.41 72.57 74.27 75.19 75.76 75.73 75.80 75.84 75.82 76.21 76.63 76.48 77.23 77.31 77.36 77.33 77.32 77.25 77.11 77.30 77.73 77.68 77.45 77.77 77.47 77.83 77.64 77.60 77.68 77.49 77.31 77.49 77.20 77.14 77.02 76.96 76.85 76.86 76.95 77.00 76.70 76.92 77.08 76.87 76.98 76.77 77.00 76.72 76.20 76.37 76.18 75.92 76.14 76.40 76.51 76.51 76.44 77.07 77.33 77.19 77.14 76.94 77.26 77.79 79.17 83.13 84.48 84.87 84.90 84.89 84.76 84.70 84.68 84.80 84.79 84.65 84.63 83.81 82.68 81.96 80.28 79.17 79.04 78.93 78.91 79.36 79.06 78.55 78.46 78.14 77.61 77.31 77.22 77.08 77.04 77.20 77.16 77.27 77.39 77.36 77.13 77.00 76.81 76.29 76.19 76.30 76.26 76.91 76.52 76.85 77.10 76.66 76.93 76.81 76.74 77.09 77.22 77.41 77.04 77.20 77.59 76.94 77.39 77.41 77.55 77.66 77.50 77.24 77.21
31°S ||     77.63 77.03 76.91 76.85 76.23 76.32 75.80 76.24 76.38 76.23 76.41 76.45 76.82 77.07 77.31 77.30 77.30 76.86 76.73 76.99 76.61 76.66 76.58 76.51 76.31 76.25 76.04 75.83 75.51 75.19 74.91 74.75 74.70 74.09 73.94 74.51 73.64 72.53 72.68 71.85 72.86 73.70 74.10 74.70 74.94 75.17 75.19 75.40 75.40 75.51 74.56 73.41 73.81 73.92 74.08 74.04 75.41 75.97 75.95 76.28 76.66 77.01 77.22 77.26 77.40 77.35 77.41 77.52 77.46 77.41 77.49 78.09 77.45 77.25 77.41 77.40 77.49 77.57 77.71 77.69 77.74 77.66 77.46 77.47 77.34 77.03 76.77 76.63 76.83 76.88 76.88 76.97 76.72 76.93 76.99 76.90 76.96 76.85 76.81 76.40 76.36 76.81 76.51 76.32 76.58 76.75 76.82 76.55 77.10 77.30 77.49 77.15 77.47 77.40 78.01 77.99 79.13 80.05 80.82 84.18 84.69 84.91 84.57 84.74 84.64 84.70 84.40 83.91 80.97 79.21 80.40 79.83 78.77 78.74 78.64 78.34 78.30 78.53 78.48 78.24 78.17 77.33 77.38 77.14 77.24 76.87 77.00 76.98 77.00 77.07 77.18 77.00 76.80 76.81 76.48 76.40 76.99 76.20 76.03 75.85 76.95 77.24 77.53 77.04 77.20 77.34 77.45 77.37 77.39 77.27 77.14 77.35 77.06 77.31 77.30 77.13 77.30 77.43 77.40 77.35
29°S ||     77.62 77.02 75.75 76.83 76.22 76.06 76.58 76.15 76.49 76.31 76.30 76.52 77.04 77.22 77.30 77.25 77.21 76.21 77.07 77.03 76.83 76.58 76.56 76.44 76.36 76.19 76.02 75.72 75.39 75.11 74.84 74.52 74.31 74.27 74.23 73.44 73.49 72.99 71.57 70.64 72.78 73.87 74.30 74.61 74.96 75.25 75.43 75.57 75.67 75.66 75.62 75.47 74.77 74.79 74.69 73.95 74.25 74.77 75.92 76.22 76.72 77.28 77.38 77.34 77.62 77.38 77.25 77.35 77.54 77.51 77.64 77.86 77.64 77.35 77.55 77.76 77.59 77.57 77.83 77.78 77.74 77.75 77.56 77.64 77.16 77.13 77.00 76.79 76.69 76.86 76.93 76.98 77.09 77.02 76.99 76.91 76.94 76.51 76.84 76.50 76.95 77.00 76.72 76.72 76.96 77.06 77.13 77.04 76.52 77.25 77.00 77.45 77.56 77.65 77.11 77.33 78.23 78.15 78.80 78.82 79.89 79.92 81.59 83.62 82.38 82.71 81.06 81.65 79.15 78.59 78.35 78.13 78.40 78.52 78.36 78.10 78.21 78.20 78.14 77.77 77.73 77.49 77.28 77.17 77.13 77.00 76.97 77.03 77.03 77.06 77.09 76.90 76.88 76.46 76.68 76.27 75.79 76.05 76.76 75.78 76.74 77.14 77.29 76.86 77.32 76.58 77.27 77.42 77.21 77.10 77.25 77.14 76.95 77.07 77.12 77.30 77.16 77.29 77.41 77.54
27°S ||     77.33 76.96 76.92 76.86 76.32 76.20 76.77 75.90 76.35 76.68 76.58 76.93 76.88 77.02 77.30 77.10 77.30 76.55 77.05 76.51 76.54 76.56 76.44 76.41 76.21 76.09 75.94 75.81 75.35 75.03 74.68 74.37 73.97 73.99 73.82 74.00 74.22 72.79 72.50 70.89 73.04 73.91 74.28 74.70 75.05 75.35 75.56 75.70 75.79 75.95 75.93 76.00 75.75 75.14 75.14 75.25 75.54 75.52 75.43 75.42 75.20 76.76 77.41 77.43 77.40 77.42 77.50 77.65 77.48 77.39 77.43 77.90 78.00 78.15 77.78 77.50 77.74 77.75 77.91 77.90 77.88 77.86 77.78 77.57 77.47 77.25 77.31 77.33 76.99 76.89 76.85 77.04 77.06 76.69 76.83 76.95 76.97 76.70 76.69 76.68 76.94 77.13 76.66 76.93 77.11 77.00 77.25 76.69 76.31 76.56 77.13 77.16 77.40 77.23 77.19 77.26 77.25 78.17 78.12 78.28 78.42 78.50 78.69 78.77 78.89 79.37 79.97 79.42 79.17 78.56 78.15 78.38 78.36 78.24 77.91 78.06 76.36 78.12 78.10 76.86 77.35 77.06 76.99 76.99 77.02 77.03 77.03 77.04 76.95 76.91 76.88 76.64 76.19 76.08 75.96 76.24 76.82 75.88 75.97 76.61 76.27 76.71 77.15 77.13 77.48 76.72 77.32 77.11 77.29 77.41 77.33 77.19 76.81 76.60 76.64 77.01 77.01 77.07 77.39 77.44
25°S ||     77.41 76.79 77.12 76.88 76.82 76.78 76.92 77.24 76.74 77.05 76.87 77.38 77.38 77.30 77.39 77.20 77.24 76.88 76.53 76.95 76.61 76.46 76.41 76.27 76.13 75.92 75.77 75.60 75.22 74.76 74.42 74.13 73.86 73.68 73.62 72.93 73.34 73.72 72.50 72.85 73.31 73.85 74.36 74.72 74.95 75.22 75.40 75.65 75.80 75.81 76.00 76.05 75.77 75.39 74.49 75.22 75.54 75.71 75.71 75.57 74.84 76.09 77.21 77.26 77.37 77.38 77.38 76.92 77.14 77.26 77.32 77.36 77.76 78.27 78.41 77.86 77.97 78.03 78.19 77.97 77.97 77.90 78.13 77.81 77.98 77.47 77.54 77.55 77.51 76.96 77.27 77.16 77.37 76.61 77.00 76.96 76.97 76.56 76.24 76.91 76.93 76.81 76.89 76.93 76.79 76.43 76.85 76.23 76.02 76.38 76.66 76.76 77.10 76.95 77.39 77.77 77.48 77.94 78.11 78.24 78.36 78.26 78.19 78.67 78.32 78.99 78.69 78.20 78.09 77.94 78.09 77.87 77.85 78.03 77.86 77.26 77.18 77.47 76.68 77.11 76.99 76.80 76.66 76.71 76.81 76.87 77.13 76.91 76.85 76.73 76.67 76.48 76.12 75.74 75.90 76.17 76.54 76.12 75.61 76.05 75.94 76.35 76.76 77.15 76.83 76.86 77.26 76.84 77.12 77.27 77.24 76.89 76.58 77.11 77.16 76.98 77.10 77.44 77.65 77.37
23°S ||     77.37 77.36 76.90 76.91 76.84 76.95 77.15 77.29 77.41 77.47 77.46 77.42 77.57 77.63 77.39 77.52 76.31 76.60 77.02 76.64 76.63 76.37 76.35 76.24 76.06 75.78 75.55 75.20 74.82 74.44 74.10 73.72 73.52 73.40 73.47 73.40 72.56 72.95 72.45 72.73 73.25 73.83 74.19 74.46 74.71 74.95 75.20 75.44 75.70 75.85 76.13 76.10 76.10 75.75 75.00 75.19 75.51 75.53 75.49 75.14 74.45 76.30 77.07 77.13 76.87 77.05 77.27 76.96 77.28 77.26 77.10 77.50 77.62 78.04 78.17 78.29 77.91 78.02 77.93 78.07 78.07 77.99 78.01 78.21 77.91 77.65 77.73 77.81 77.70 76.78 77.34 77.16 77.40 77.43 77.44 77.04 76.95 77.84 76.85 76.50 76.66 76.46 76.25 76.10 76.39 76.79 76.08 76.03 75.73 76.32 76.56 76.98 76.87 76.53 76.49 76.75 77.26 77.47 77.68 77.84 78.16 77.97 78.17 78.33 78.33 78.62 78.29 77.96 77.95 77.82 77.53 77.58 77.72 77.80 77.16 76.67 76.07 76.26 76.63 76.93 76.73 76.55 76.24 76.38 76.68 76.78 76.85 76.93 76.67 76.62 76.55 76.48 76.68 76.54 76.61 76.10 76.57 76.12 75.75 76.08 75.70 76.52 76.73 76.96 76.96 77.12 77.03 77.16 77.08 77.55 77.07 77.80 77.04 77.12 77.19 77.13 76.97 77.51 77.78 77.36
21°S ||     77.17 77.26 76.91 76.92 76.90 76.91 77.20 77.75 77.52 77.44 77.32 77.37 77.46 77.31 77.42 77.50 77.18 76.86 76.89 76.68 76.51 76.32 76.27 76.11 75.92 75.70 75.31 74.83 74.31 73.89 73.58 73.23 73.02 72.99 73.14 72.65 72.83 72.11 72.26 72.78 73.17 73.59 73.85 74.12 74.42 74.64 74.97 75.20 75.46 75.67 75.82 76.01 76.06 75.67 75.19 75.48 75.10 75.39 75.08 74.73 74.81 75.16 76.96 76.94 77.02 76.90 77.21 77.30 77.26 77.29 77.40 77.39 77.57 77.78 78.20 78.40 78.15 78.04 78.15 78.19 78.12 78.08 78.04 78.18 78.10 78.19 77.82 77.84 77.69 77.39 77.26 77.40 77.53 77.57 77.23 77.12 76.97 76.65 76.60 76.76 76.86 76.95 76.03 76.38 76.63 76.53 76.75 75.84 75.75 76.18 76.61 76.24 76.70 76.68 76.76 76.99 77.10 77.45 77.52 77.85 77.96 78.08 77.77 78.23 78.00 77.91 77.97 77.18 77.53 77.53 77.43 77.30 77.65 77.17 76.80 76.56 75.50 75.65 76.47 76.35 76.57 76.54 76.19 75.87 76.70 76.81 76.82 76.85 76.84 76.62 76.39 76.15 75.88 76.18 76.89 76.19 76.37 76.30 75.83 76.51 76.39 76.56 76.44 76.43 76.98 77.10 77.30 77.12 76.87 77.52 77.62 77.35 77.39 77.60 77.52 77.09 76.76 77.23 77.24 77.03
19°S ||     76.47 76.78 76.79 76.63 76.97 77.21 77.50 78.02 77.98 77.70 77.59 77.37 77.46 77.44 77.59 77.42 77.21 77.14 76.72 76.67 76.51 76.28 76.13 75.87 75.69 75.43 75.05 74.37 73.52 73.07 72.79 72.66 72.52 72.65 72.88 71.31 72.54 72.02 72.17 72.46 72.64 73.02 73.31 73.59 73.96 74.31 74.67 74.94 75.26 75.47 75.61 75.72 75.87 75.81 75.39 74.98 74.96 74.95 75.08 74.97 74.61 75.97 76.74 76.69 76.87 77.03 77.34 77.36 77.41 77.25 77.37 77.54 77.76 78.07 78.55 78.58 78.50 78.07 78.23 78.22 78.42 78.18 78.11 78.08 78.25 78.32 77.97 77.77 77.78 77.84 77.69 77.56 77.60 77.52 77.19 77.26 76.94 76.86 77.06 76.40 76.76 76.84 76.22 76.57 76.16 76.50 75.83 75.65 76.15 76.18 75.99 76.34 76.32 76.51 76.63 76.78 76.82 76.77 76.83 77.62 77.78 77.79 77.86 77.85 77.68 77.68 77.32 77.33 77.40 77.30 77.25 76.81 76.65 76.90 76.64 76.36 75.93 75.79 76.20 76.40 76.68 76.70 76.88 76.87 76.73 76.77 76.79 76.80 76.68 76.58 76.76 76.25 75.93 76.03 76.44 76.57 76.46 76.64 76.16 76.56 76.65 76.47 76.37 76.28 76.80 76.81 76.71 76.64 77.24 77.56 77.76 77.86 77.92 78.08 77.84 77.88 77.76 77.54 77.60 76.52
17°S ||     76.52 76.52 76.66 77.01 77.03 77.25 77.79 77.90 77.89 77.82 77.70 77.48 77.54 77.03 77.52 77.84 77.32 77.30 76.98 76.63 76.48 76.28 75.91 75.61 75.40 75.10 74.62 73.54 72.62 72.05 71.97 72.05 72.24 72.41 72.09 71.45 71.85 72.07 71.92 71.79 71.91 72.32 72.72 73.02 73.53 73.93 74.31 74.60 74.94 75.23 75.35 75.56 75.58 75.65 75.30 74.92 74.41 74.44 74.98 74.86 74.61 76.10 76.70 76.17 76.58 78.76 79.66 78.40 77.32 77.45 77.11 77.48 77.71 77.95 78.55 78.50 78.54 78.06 78.27 78.12 78.25 78.20 78.21 78.20 78.23 78.19 78.06 78.06 78.00 77.85 77.58 77.62 77.62 77.51 77.34 77.31 77.00 77.05 76.74 77.30 76.86 76.63 76.25 76.25 76.23 76.16 76.28 75.79 76.28 76.24 76.39 76.21 76.01 76.00 76.31 76.36 76.53 77.09 77.16 76.73 77.19 77.10 77.27 77.30 77.22 77.57 77.49 77.47 77.37 77.26 76.77 76.83 75.87 76.23 76.37 76.23 75.69 75.71 76.24 76.49 76.76 76.78 76.88 76.96 76.78 76.74 76.71 76.65 76.61 76.38 76.52 76.43 76.11 76.23 76.11 76.17 76.43 76.64 76.43 76.91 76.63 76.60 76.38 76.20 77.10 76.25 76.55 76.77 77.25 77.73 77.85 77.99 77.99 78.10 78.20 77.93 77.95 77.74 77.93 77.43
15°S ||     77.65 76.52 77.33 77.12 77.41 77.57 78.20 78.10 77.77 77.82 77.82 77.50 77.35 77.40 77.54 77.80 76.60 77.36 77.54 76.74 76.54 76.24 75.95 75.65 75.25 74.74 73.89 72.48 71.02 70.57 71.04 71.63 71.82 72.09 72.24 72.18 72.37 72.40 71.68 71.33 71.30 71.88 72.24 72.58 73.09 73.67 74.07 74.37 74.58 74.74 74.76 75.16 75.35 75.35 75.02 74.91 74.52 75.48 74.79 75.66 76.03 78.48 79.26 79.72 80.17 79.85 79.21 80.08 80.01 77.56 77.47 77.87 77.81 77.90 78.34 78.33 78.45 78.31 78.21 78.17 78.20 78.21 78.18 78.31 78.17 78.13 78.14 78.04 77.97 77.91 77.96 77.81 77.71 77.47 77.34 77.35 77.26 77.08 76.63 77.06 76.48 76.59 76.46 76.13 76.25 75.98 76.12 76.09 75.95 76.02 76.40 75.93 75.76 75.74 75.82 75.48 76.36 77.07 77.09 77.12 76.71 77.13 77.11 77.01 77.23 77.39 77.33 77.52 77.06 76.73 76.56 75.75 75.66 75.73 76.01 75.89 75.66 75.84 75.90 76.32 76.61 76.81 76.77 76.78 76.89 76.78 76.60 76.68 76.39 76.54 76.40 76.60 76.03 75.75 76.65 76.81 76.20 76.77 76.83 76.60 76.65 76.54 76.21 76.42 76.83 76.95 76.83 76.85 77.08 77.88 78.06 78.50 78.28 78.20 77.93 78.30 78.07 78.46 77.37 77.51
13°S ||     77.75 77.69 77.46 77.23 77.42 77.74 78.02 78.23 78.12 78.21 78.03 77.71 77.61 77.74 77.72 77.78 77.41 77.38 77.26 76.96 76.68 76.31 76.00 75.65 75.15 74.50 73.52 71.53 69.23 68.74 70.03 71.18 71.54 71.65 71.74 72.45 72.19 72.15 71.53 71.24 71.28 72.52 71.77 72.27 72.82 73.33 73.84 74.15 74.39 74.56 74.61 75.35 74.75 75.93 78.78 78.36 78.31 76.40 79.91 80.44 78.63 76.15 76.08 76.32 78.87 78.99 78.38 78.46 76.97 79.52 77.75 77.72 77.91 78.04 78.10 78.32 78.26 78.43 78.56 78.26 78.22 78.23 78.21 78.21 78.09 78.13 78.21 78.08 77.95 78.12 78.01 77.95 77.81 77.62 77.84 77.51 77.36 77.15 77.01 77.02 76.98 76.73 76.38 76.19 75.99 76.43 76.04 76.01 75.89 75.82 75.83 75.98 75.59 75.95 75.84 76.06 76.08 76.82 76.98 76.85 76.91 77.11 77.00 76.99 76.73 77.14 77.20 77.21 77.03 76.85 75.90 75.67 75.38 75.88 75.78 76.00 75.61 75.79 76.42 76.45 76.90 76.79 76.89 76.82 76.87 76.80 76.47 76.32 76.27 76.34 76.32 76.11 76.47 76.05 76.85 76.83 76.37 76.36 76.69 76.79 76.53 76.62 76.27 76.14 76.46 77.26 77.30 77.43 77.71 78.09 78.23 78.37 78.41 78.35 78.32 78.41 78.49 78.35 78.49 78.35
11°S ||     78.47 78.26 78.53 78.55 77.91 77.89 78.06 78.26 78.13 78.14 78.03 77.99 78.02 77.77 77.91 77.83 77.77 77.52 77.38 77.11 76.78 76.52 76.06 75.65 75.00 74.38 73.49 71.76 69.31 67.33 68.39 71.17 71.45 71.46 71.37 72.04 71.96 71.65 71.15 70.90 71.38 71.73 71.67 72.20 72.65 73.09 73.80 74.01 74.22 74.45 74.32 75.01 77.98 78.48 80.68 80.78 77.04 73.78 73.59 74.68 75.37 75.59 75.88 76.10 76.55 76.44 76.63 77.76 77.20 77.37 79.91 78.21 79.91 78.37 78.18 78.71 78.62 78.38 78.50 78.52 78.27 78.27 78.31 78.24 78.27 78.22 78.35 78.16 78.21 78.08 78.08 78.19 77.85 77.73 77.57 77.57 77.60 77.29 76.24 76.61 77.03 77.09 76.64 76.40 76.30 75.99 75.95 76.03 75.81 75.84 76.24 75.95 76.03 75.75 75.99 76.13 76.06 76.29 76.64 76.44 76.58 76.82 76.79 76.70 76.41 77.09 77.04 77.24 77.03 77.00 76.74 76.00 75.47 75.69 75.64 76.17 75.85 76.29 76.62 76.64 77.01 76.93 76.79 76.87 76.89 76.86 76.74 76.80 76.55 76.54 76.39 76.07 75.69 76.16 76.09 76.33 76.70 76.79 76.55 76.93 76.70 77.13 77.34 77.06 77.24 78.05 77.37 77.69 77.86 78.18 78.28 78.32 78.50 78.44 78.54 78.61 78.62 78.25 78.35 78.17
9°S ||     78.01 78.17 78.14 78.38 78.54 78.02 78.27 78.13 78.28 78.34 78.12 78.19 78.04 77.99 77.99 77.85 77.85 77.66 77.52 77.22 76.99 76.59 76.26 75.77 75.22 74.52 73.71 72.92 69.70 66.04 66.02 70.06 71.33 71.33 71.40 71.27 71.71 71.47 71.50 71.16 71.29 71.94 73.65 75.30 74.15 73.15 73.74 74.35 74.29 74.70 78.16 78.95 78.85 80.47 78.45 74.27 73.37 75.24 74.03 75.30 75.57 75.72 76.36 76.29 76.72 76.89 78.04 77.28 78.87 77.56 79.99 79.98 80.28 79.31 79.03 78.67 78.27 78.42 78.45 78.91 78.52 78.25 78.34 78.36 78.32 78.34 78.46 78.20 78.23 78.23 78.34 77.98 77.98 77.93 77.73 77.52 77.58 77.40 76.89 76.80 77.07 76.84 76.52 76.68 76.64 76.25 75.98 76.32 77.30 77.58 76.05 76.32 76.17 76.26 76.21 76.08 76.10 76.18 76.43 76.49 76.47 76.29 76.50 76.31 76.28 76.40 76.66 76.98 77.02 77.02 76.71 76.33 75.49 76.30 76.30 75.75 76.57 76.81 76.27 76.69 76.99 77.02 77.14 76.97 76.97 76.79 76.71 77.07 76.99 76.63 75.92 76.14 75.70 76.42 76.80 76.66 76.85 77.19 76.84 77.00 77.40 78.04 78.24 77.91 77.88 78.24 78.21 78.12 78.25 78.29 78.37 78.46 78.55 79.08 78.73 78.70 78.25 76.94 78.33 78.24
7°S ||     78.29 78.26 78.19 78.19 78.81 78.64 78.36 78.41 78.69 78.49 78.41 78.26 78.15 78.13 78.12 78.16 78.10 77.85 77.65 77.41 77.13 76.78 76.44 75.90 75.36 74.84 74.18 73.60 70.35 67.24 67.98 69.48 70.98 71.24 71.41 71.63 71.17 71.18 71.62 71.16 74.56 74.90 72.18 76.10 75.35 75.33 75.75 77.83 77.55 76.68 75.41 73.98 76.64 80.16 78.09 78.50 78.79 75.96 75.13 75.76 75.89 75.92 76.23 76.40 77.43 78.65 78.64 78.28 76.97 77.13 78.60 80.07 79.94 79.37 79.75 79.27 78.95 78.34 78.31 78.45 78.49 78.41 78.44 78.30 78.35 78.29 78.21 78.14 78.11 78.17 78.13 78.20 77.98 77.92 77.91 77.95 77.96 77.57 77.15 77.29 76.53 76.48 76.61 76.69 76.02 76.48 76.62 76.33 76.31 76.35 76.54 76.50 76.63 75.96 76.06 76.08 76.07 76.56 76.60 76.43 76.06 75.90 76.00 75.78 76.20 76.68 76.46 76.61 77.00 77.01 76.91 76.79 75.85 75.76 76.17 76.39 76.44 76.54 76.40 76.77 77.02 76.97 77.22 77.19 77.14 77.19 77.27 77.29 77.27 77.48 75.72 75.57 75.75 76.41 76.00 77.13 78.04 77.60 77.69 77.66 78.05 78.23 78.17 78.08 78.39 78.55 78.41 78.53 78.54 78.52 78.54 78.53 78.63 78.78 78.95 78.95 78.61 78.48 78.41 78.29
5°S ||     78.33 78.40 78.47 78.44 78.31 78.85 78.79 78.78 78.91 78.55 78.40 78.13 78.22 78.31 78.42 78.50 78.50 78.28 77.75 77.74 77.41 77.11 76.73 76.21 75.74 75.21 74.67 73.80 72.62 71.00 69.69 69.93 70.98 71.12 71.50 71.76 71.73 72.76 72.01 71.35 71.71 72.02 72.46 76.72 75.04 77.05 74.93 75.85 74.99 74.25 73.81 76.78 77.58 78.10 77.47 74.33 74.71 75.82 78.10 78.03 76.13 76.28 76.39 76.45 77.07 76.75 77.39 76.97 77.07 77.30 77.74 78.19 79.25 78.05 78.03 79.18 79.39 79.05 78.18 78.28 78.89 78.57 78.53 78.44 78.40 78.28 78.18 78.19 78.29 78.21 78.14 78.10 78.16 77.89 77.92 78.00 77.96 77.93 77.70 77.77 77.14 76.30 76.49 76.65 76.95 76.68 76.57 76.50 76.61 76.44 76.96 77.02 76.88 76.18 76.01 76.07 75.83 76.04 75.80 76.34 76.05 76.36 76.12 76.13 76.37 76.18 76.71 76.38 76.87 76.94 76.80 76.29 76.41 75.91 76.35 76.53 76.82 76.75 76.86 76.98 76.88 77.10 77.50 77.54 77.38 77.36 77.87 77.66 77.31 77.12 76.61 76.21 76.93 76.86 76.77 77.23 78.45 78.07 79.55 78.50 78.32 78.15 78.14 78.43 78.43 78.67 78.68 78.62 78.63 78.68 78.75 78.70 78.86 78.85 78.85 78.91 78.94 78.74 78.57 78.44
3°S ||     78.45 78.42 78.56 78.59 78.49 79.17 79.19 79.02 78.67 78.83 78.27 77.91 78.45 78.88 78.83 78.95 78.21 77.78 78.27 78.03 77.82 77.38 77.26 76.76 76.17 75.63 75.13 74.24 73.56 72.27 71.28 71.10 70.80 70.77 71.60 72.04 72.37 72.54 72.57 72.13 71.92 72.51 72.89 73.78 74.08 74.13 74.76 74.80 74.62 74.31 74.06 73.84 74.34 76.31 75.88 74.87 75.47 75.98 76.30 78.64 76.11 76.78 76.75 76.92 77.07 77.17 77.93 77.43 77.55 77.80 77.95 78.07 79.96 78.31 78.25 78.93 78.67 78.78 78.39 78.43 78.54 78.54 78.86 78.59 78.42 78.34 78.40 78.30 78.29 78.25 78.22 78.14 78.08 78.06 77.97 77.95 77.63 77.94 77.94 77.97 77.35 76.84 76.67 76.82 77.07 76.65 76.77 76.94 76.87 76.87 77.08 77.07 76.80 76.52 76.36 75.93 75.64 76.79 76.56 76.39 76.30 76.40 76.24 76.57 76.09 76.42 76.18 76.81 76.86 77.06 76.66 76.79 76.70 76.56 76.94 77.51 76.62 77.22 77.11 76.88 77.11 77.17 77.74 77.75 77.44 77.96 77.84 77.51 77.26 77.02 76.52 76.72 76.62 76.80 76.99 77.68 78.44 78.44 78.48 78.26 78.51 78.45 78.43 78.38 78.49 78.69 78.59 78.44 78.86 78.88 78.85 78.96 79.01 79.06 79.05 79.06 78.99 78.88 78.64 78.61
1°S ||     78.66 78.61 78.65 78.78 78.87 79.21 79.22 78.99 78.83 78.46 78.18 77.81 78.52 78.84 79.14 78.60 78.27 78.46 78.39 78.06 77.96 77.77 77.56 77.18 76.68 75.95 75.34 74.65 73.97 73.25 72.21 71.63 70.23 68.72 71.81 72.25 72.52 72.79 72.95 72.98 73.01 73.86 74.22 74.53 74.78 75.33 75.63 75.84 76.09 76.25 75.57 76.91 78.86 74.89 75.01 75.30 76.10 76.42 76.51 77.49 76.80 77.04 77.05 77.04 77.25 77.34 77.33 77.96 78.02 78.01 78.82 78.11 79.57 79.71 78.49 78.50 78.41 78.44 78.48 78.67 79.08 78.85 78.78 78.46 78.50 78.47 78.39 78.30 78.24 78.21 78.24 78.31 78.16 78.13 78.01 77.95 77.55 77.93 77.92 77.95 77.38 77.22 77.07 76.89 77.07 77.01 76.97 77.12 77.16 77.21 77.32 77.29 76.70 76.48 76.45 76.13 75.84 76.83 76.63 76.60 76.62 76.25 76.32 76.12 76.47 76.53 76.69 76.82 77.31 77.19 76.88 76.38 76.86 76.95 77.47 77.46 77.28 77.91 77.16 77.02 77.20 77.33 77.80 77.84 77.88 77.99 77.92 77.17 77.42 77.04 76.92 77.02 77.56 77.61 77.86 78.42 78.62 78.73 78.60 78.57 78.81 78.70 78.51 78.50 78.71 78.62 78.41 78.62 78.81 78.91 78.95 78.98 79.00 79.07 79.09 79.07 78.92 78.94 78.80 78.70
1°N ||     78.73 78.64 78.78 79.04 78.93 79.07 79.23 79.45 78.88 78.57 78.24 78.25 78.76 79.14 79.15 78.86 78.67 78.56 78.02 78.29 78.08 78.08 77.59 76.99 76.50 76.35 75.72 74.84 74.06 73.78 73.35 72.81 70.62 68.00 68.95 72.54 72.69 72.82 73.14 73.47 73.88 74.20 74.44 74.76 75.16 75.65 75.97 76.31 76.81 77.11 75.82 74.82 74.64 75.03 75.33 75.92 76.35 76.76 76.82 77.19 76.97 77.18 77.70 77.18 77.30 77.41 77.29 78.32 77.73 77.95 78.19 79.45 80.38 80.28 78.30 78.40 78.42 78.47 78.32 79.12 78.33 79.04 78.59 78.43 78.66 78.55 78.41 78.28 78.34 78.24 78.22 78.28 78.18 78.18 78.15 77.99 77.94 77.69 77.72 77.57 77.55 77.59 77.41 77.51 77.14 76.95 76.99 77.43 77.30 77.27 77.25 76.90 77.01 76.89 76.52 76.34 76.65 76.63 76.35 76.74 76.55 76.41 76.49 76.52 76.51 76.61 76.78 77.00 77.04 77.22 77.57 77.42 77.78 77.75 77.79 77.78 77.56 77.53 77.70 77.47 77.81 77.86 78.06 78.04 78.09 77.87 77.45 77.40 77.46 77.20 77.41 77.72 78.23 78.35 78.38 78.44 78.63 78.75 78.69 78.80 78.70 78.70 78.62 78.76 78.73 78.64 78.52 78.77 78.85 78.90 78.96 79.01 79.01 79.05 79.07 79.07 79.09 79.01 78.94 78.85
3°N ||     79.10 79.01 79.06 79.17 79.29 79.35 79.31 79.22 79.11 78.57 78.46 78.51 79.19 79.32 79.29 79.08 78.91 78.31 78.22 78.45 78.33 77.88 77.42 76.81 76.20 76.88 76.20 74.27 74.08 74.18 74.05 74.18 73.69 70.34 71.83 72.82 72.58 72.71 73.21 73.67 74.08 74.31 74.50 74.48 75.55 75.98 76.45 76.75 77.05 77.57 77.62 76.38 75.80 76.03 76.39 76.72 76.93 77.03 77.10 77.36 77.28 77.19 76.95 77.75 77.84 77.54 77.65 77.97 78.02 78.18 78.25 78.36 79.73 79.90 79.47 79.10 79.14 78.93 78.81 78.76 78.47 78.39 78.60 78.49 78.43 78.64 78.37 78.24 78.30 78.29 78.35 78.28 78.25 78.19 78.13 78.01 77.99 77.82 77.92 77.79 77.78 77.79 77.78 77.60 77.60 77.12 77.36 77.67 77.93 77.22 77.35 77.12 76.77 76.74 76.61 76.99 76.80 76.79 76.50 76.78 76.62 76.48 76.45 76.57 76.59 76.66 76.88 77.01 77.23 77.33 77.96 78.22 78.40 78.51 78.78 78.46 77.91 77.83 77.71 77.92 77.95 78.08 78.15 78.07 78.03 77.71 77.67 77.56 77.45 77.20 77.87 78.43 78.37 78.28 78.33 78.60 78.69 78.76 78.79 78.85 78.67 78.83 78.77 78.82 78.79 78.69 78.73 78.82 78.86 78.89 78.91 78.98 79.01 79.03 79.02 79.06 79.08 79.10 79.12 79.14
5°N ||     79.09 79.19 79.48 79.21 79.38 79.40 79.34 79.31 79.21 78.86 78.73 78.66 79.34 79.47 79.47 79.33 78.67 78.21 78.63 78.54 78.22 77.55 77.05 76.67 76.93 77.03 76.82 75.64 74.19 74.09 74.31 74.73 74.99 74.66 73.77 73.15 72.40 72.21 73.34 73.94 74.34 74.56 74.67 74.42 75.75 76.50 76.85 77.10 77.42 77.86 78.03 76.81 76.79 77.06 77.23 77.37 77.35 77.38 77.43 77.56 77.78 77.45 77.13 77.26 77.50 77.84 77.99 78.06 78.10 78.29 78.51 79.52 78.53 79.16 79.83 79.41 78.89 78.53 78.45 78.49 78.37 78.51 78.42 78.48 78.67 78.47 78.44 78.28 78.32 78.28 78.25 78.27 78.12 78.10 78.08 78.06 78.04 78.05 77.96 77.81 77.80 77.79 77.73 77.78 77.71 77.68 77.73 77.65 77.72 77.09 77.24 76.56 76.74 76.63 76.81 76.67 76.69 76.83 76.76 76.74 76.62 76.50 76.40 76.45 76.97 76.73 76.86 77.11 77.38 77.74 78.21 79.63 79.78 79.78 79.74 79.53 79.16 78.31 78.17 78.12 78.11 78.25 78.18 78.03 78.06 77.79 77.66 77.68 77.30 77.37 78.41 78.36 78.44 78.47 78.54 78.56 78.72 78.78 78.83 78.84 78.81 78.79 78.82 78.82 78.83 78.82 78.83 78.82 78.86 78.87 78.87 78.93 78.97 78.99 79.01 79.05 79.08 79.10 79.13 79.16
7°N ||     79.14 79.21 79.26 79.29 79.38 79.41 79.40 79.38 79.31 79.08 78.83 79.14 79.48 79.56 79.59 79.37 78.58 78.88 78.80 78.56 78.05 77.64 77.72 77.52 77.39 77.34 77.05 76.32 73.79 73.95 74.30 75.12 75.39 75.14 74.50 73.60 71.44 71.42 73.82 74.30 74.59 74.76 74.88 75.14 76.27 76.64 76.94 77.25 77.53 77.82 78.05 78.08 77.34 77.32 77.31 77.34 77.47 77.59 77.70 77.78 77.82 77.67 77.29 77.65 77.94 78.00 78.15 78.21 78.24 78.37 78.58 79.56 79.95 79.53 79.80 78.57 78.53 78.47 78.82 78.99 78.80 78.48 78.52 78.59 78.47 78.35 78.36 78.27 78.33 78.23 78.28 78.24 78.22 78.28 78.07 78.02 77.96 78.06 77.90 77.72 77.71 77.75 77.82 77.71 77.68 77.83 77.49 77.94 77.72 77.75 77.38 77.03 76.96 76.49 76.59 76.69 76.60 76.75 76.76 76.78 76.58 76.63 76.42 76.91 77.24 76.64 76.87 77.18 77.74 78.33 79.54 79.89 79.83 79.81 79.81 79.73 79.68 79.24 78.35 78.33 78.37 78.28 78.11 78.15 77.79 77.55 77.65 77.90 77.71 77.68 78.33 78.51 78.55 78.62 78.74 78.65 78.80 78.84 78.80 78.85 78.89 78.80 78.82 78.81 78.84 78.84 78.82 78.82 78.82 78.82 78.84 78.81 78.92 78.97 78.95 79.05 79.10 79.13 79.14 79.18
9°N ||     79.21 79.33 79.13 79.20 79.40 79.39 79.41 79.37 79.47 79.17 78.94 79.40 79.60 79.65 79.62 79.17 78.89 79.16 78.77 78.33 78.25 78.10 78.03 77.91 77.76 77.53 77.27 76.44 74.35 74.25 74.83 75.67 75.65 75.83 75.39 74.04 70.80 69.01 73.09 74.59 74.75 74.97 75.20 75.57 76.19 76.65 77.00 77.33 77.55 77.84 78.05 78.09 77.96 77.51 77.45 77.47 77.57 77.69 77.78 77.89 77.99 77.92 77.79 77.83 77.96 78.18 78.38 78.41 78.45 78.76 79.51 79.58 79.43 79.88 78.74 78.72 78.78 78.71 78.98 78.54 78.54 78.50 78.46 78.52 78.58 78.46 78.40 78.49 78.40 78.42 78.30 78.26 78.18 78.22 78.14 78.28 78.05 77.96 77.92 77.95 77.90 77.63 77.45 77.39 77.76 77.88 77.92 77.59 77.54 77.41 77.36 77.35 77.21 77.35 77.08 76.82 76.70 76.74 76.73 76.46 76.65 76.59 76.31 77.46 76.75 76.64 76.99 77.40 77.95 78.76 79.69 79.93 79.94 79.91 79.85 79.80 79.74 79.56 79.06 78.66 78.50 78.57 78.10 77.95 77.94 77.88 78.12 78.24 78.15 78.16 78.44 78.62 78.83 78.62 78.78 78.86 78.80 78.80 78.74 78.76 79.19 78.71 78.68 78.73 78.79 78.83 78.75 78.78 78.72 78.76 78.76 78.88 78.90 78.97 78.92 79.03 79.09 79.14 79.17 79.17
11°N ||     79.26 79.25 79.26 79.26 79.46 79.46 79.52 79.49 79.62 79.54 79.41 79.69 79.73 79.70 79.66 79.60 79.20 79.22 78.76 78.45 78.34 78.26 78.10 77.93 77.74 77.56 77.19 76.41 75.67 75.97 75.90 75.89 75.91 75.91 76.01 75.90 71.45 65.84 67.42 74.56 74.90 75.14 75.42 75.78 76.19 76.70 77.12 77.39 77.66 77.84 78.01 78.11 78.08 77.67 77.58 77.57 77.67 77.78 77.85 77.94 78.02 77.85 77.79 78.04 78.20 78.33 78.56 78.69 78.85 78.73 79.84 79.65 78.71 79.91 79.57 78.69 79.53 78.60 78.53 78.68 78.51 78.47 78.41 78.37 78.46 78.49 78.61 78.49 78.46 78.44 78.30 78.27 78.28 78.28 78.35 78.13 78.26 77.96 78.01 78.05 77.97 77.93 77.71 77.42 77.86 77.80 78.27 77.76 78.03 77.35 77.53 77.49 77.44 77.58 77.33 76.88 76.69 76.91 77.09 76.61 76.78 76.69 76.49 76.38 76.54 76.93 77.25 77.64 78.22 78.98 79.92 79.97 80.01 79.92 79.81 79.80 79.70 79.63 79.27 78.78 78.63 78.14 78.26 78.17 78.04 78.29 78.45 78.53 78.53 78.57 78.67 78.79 78.95 78.98 78.86 78.93 78.86 78.85 78.72 78.65 78.57 78.49 78.52 78.55 78.60 78.64 78.65 78.65 78.67 78.98 78.45 78.76 78.86 78.87 78.87 79.08 79.11 79.10 78.80 79.15
13°N ||     79.15 79.31 78.96 79.00 79.44 79.42 79.53 79.60 79.64 79.69 79.75 79.81 79.81 79.79 79.76 79.62 79.47 79.15 78.42 78.46 78.38 78.19 78.06 77.96 77.71 77.47 77.22 76.88 76.18 76.18 76.06 76.04 76.03 76.12 76.30 76.44 75.71 67.81 69.04 73.66 74.69 75.36 75.72 75.98 73.05 76.93 77.26 77.49 77.71 77.83 78.04 78.10 78.11 77.72 77.67 77.71 77.79 77.87 77.92 77.98 78.00 78.04 78.13 78.05 78.30 78.63 78.78 78.94 79.04 79.65 79.77 79.66 79.05 78.97 78.78 79.44 78.89 78.77 78.51 78.37 78.37 78.49 78.41 78.45 78.45 78.44 79.80 78.46 79.01 78.40 78.28 78.30 78.31 78.42 78.39 78.11 78.12 78.15 78.20 78.22 78.18 77.89 77.79 77.84 77.91 78.00 77.90 78.05 78.28 77.71 77.70 77.89 77.61 77.54 77.43 77.27 77.07 77.17 77.28 77.22 77.08 76.80 76.72 76.74 76.83 77.02 77.39 77.86 78.39 79.06 79.93 79.95 79.93 79.88 79.80 79.78 79.73 79.66 79.39 78.92 78.74 78.42 78.47 78.51 78.50 78.56 78.54 78.77 78.69 78.85 78.93 79.00 79.17 79.27 79.31 79.09 79.03 78.83 78.62 78.42 78.22 78.13 78.26 78.27 78.38 78.46 78.49 78.59 78.57 78.59 78.62 78.52 78.88 78.83 78.92 78.95 79.08 79.09 78.53 78.95
15°N ||     79.19 79.33 79.35 79.55 79.50 79.42 79.60 79.72 79.75 79.80 79.86 79.95 79.94 79.91 79.91 79.72 79.17 78.80 78.50 78.48 78.09 75.51 70.98 70.38 72.84 77.37 77.11 77.02 76.79 76.34 76.26 76.15 76.16 76.23 76.31 76.40 76.41 75.21 73.20 73.60 74.90 75.54 75.96 76.20 76.63 77.17 77.37 77.57 77.72 77.82 78.00 78.09 78.14 77.78 77.78 77.77 77.84 77.93 77.98 77.99 78.04 78.03 78.00 78.20 78.65 78.83 79.00 79.13 79.17 79.58 79.83 79.71 79.38 79.13 79.47 79.07 79.08 78.78 78.68 78.62 78.81 78.49 78.21 79.22 78.50 78.45 78.49 78.44 78.45 78.46 78.85 78.51 78.35 78.30 78.33 78.21 78.24 78.27 78.30 78.36 78.27 78.25 77.99 77.94 78.00 78.01 77.91 78.31 78.15 77.56 77.75 77.78 77.82 77.84 77.50 77.45 77.27 77.14 77.21 77.22 77.05 77.14 76.99 77.04 77.13 77.28 77.56 78.07 78.61 79.86 79.89 79.82 79.92 79.85 79.78 79.75 79.69 79.64 79.43 79.04 78.83 78.76 78.67 78.64 78.62 78.65 78.71 78.79 79.00 79.07 79.18 79.28 79.29 79.37 79.40 79.36 79.10 78.79 78.48 78.24 78.05 77.93 77.79 77.93 78.04 78.29 78.40 78.47 78.48 78.53 78.56 78.59 78.70 78.81 78.85 78.96 78.96 79.15 78.75 79.77
17°N ||     79.28 79.41 79.45 79.57 79.13 79.56 79.61 79.69 79.83 79.87 79.94 80.01 80.04 80.03 80.07 79.36 78.95 78.89 78.61 78.62 77.67 70.05 66.20 65.03 67.93 75.01 77.07 77.03 77.22 76.79 76.52 76.27 76.20 76.26 76.33 76.42 76.43 76.22 75.15 75.03 75.51 75.74 76.02 76.29 76.69 77.20 77.46 77.64 77.77 77.87 77.95 78.14 78.10 77.66 77.69 77.86 77.90 77.96 77.98 78.02 78.06 78.12 78.24 78.54 78.70 79.03 79.20 79.40 79.63 79.68 79.54 79.71 79.63 79.44 79.53 79.22 78.87 78.93 78.84 78.61 78.52 78.35 78.58 79.01 78.44 78.47 78.49 79.54 78.49 78.65 78.49 78.46 78.33 78.29 78.35 78.41 78.36 78.37 78.36 78.44 78.42 78.34 78.15 78.09 78.24 78.22 78.22 78.19 77.86 77.70 77.82 77.84 77.74 77.63 77.58 77.51 77.33 76.82 77.12 77.22 77.25 77.24 77.20 77.25 77.31 77.45 77.95 78.16 78.68 79.69 79.84 79.86 79.83 79.78 79.76 79.76 79.70 79.56 79.44 79.25 79.05 79.11 78.96 78.96 78.94 79.08 79.11 79.19 79.28 79.36 79.43 79.43 79.45 79.54 79.50 79.49 79.29 78.76 78.48 78.10 77.86 77.60 77.40 77.41 77.67 78.16 78.33 78.37 78.36 78.43 78.51 78.61 78.71 78.79 78.78 78.90 79.19 79.17 79.07 79.36
19°N ||     79.28 79.43 79.55 79.60 79.65 79.57 79.60 79.73 79.87 79.93 80.00 80.09 80.12 80.13 80.16 79.47 79.00 78.76 78.33 78.49 77.98 70.17 66.29 65.42 67.50 75.20 77.28 77.39 77.42 77.31 76.83 76.39 76.13 76.06 76.08 76.33 76.46 76.43 75.99 75.82 75.91 75.98 76.08 76.27 76.56 77.04 77.52 77.69 77.83 77.88 77.95 78.16 78.01 78.06 77.65 77.79 77.90 77.94 78.01 78.02 78.11 78.13 78.36 78.70 78.98 79.24 79.54 79.63 79.82 79.83 79.93 79.83 79.80 79.70 79.62 79.19 79.07 79.11 79.44 78.68 78.56 78.48 78.60 78.58 79.43 78.40 78.46 78.35 78.47 78.50 78.51 78.52 78.73 78.42 78.40 78.45 78.41 78.41 78.40 78.43 78.44 78.27 78.92 78.27 78.36 78.11 77.99 78.18 77.98 77.93 77.84 77.75 77.60 77.56 77.58 77.75 77.21 77.35 77.18 77.44 77.56 77.71 77.27 77.31 77.38 77.53 77.88 77.77 78.41 78.96 79.50 79.79 79.73 79.72 79.70 79.65 79.64 79.60 79.51 79.43 79.41 79.40 79.50 79.40 79.42 79.40 79.50 79.52 79.54 79.61 79.67 79.62 79.74 79.70 79.69 79.55 79.36 78.76 78.33 77.96 77.48 77.15 77.05 77.27 77.31 76.56 78.16 78.25 78.31 78.38 78.48 78.59 78.70 78.79 78.83 79.04 78.80 79.27 79.21 79.34
21°N ||     79.64 79.54 79.52 79.71 79.81 79.80 79.78 79.87 79.99 80.03 80.11 80.14 80.18 80.20 80.20 79.45 79.00 78.46 78.34 78.56 78.36 72.22 69.81 68.88 70.80 76.86 77.62 77.62 77.56 77.36 77.03 76.57 76.11 75.87 75.69 75.59 76.41 76.42 76.26 76.12 76.08 76.10 76.16 76.30 76.55 77.01 77.57 77.67 77.77 77.86 77.87 78.05 78.17 78.25 77.73 77.79 77.82 77.91 77.94 78.04 78.11 78.15 78.50 78.72 79.03 79.65 79.73 79.79 79.89 79.92 79.93 79.90 79.76 79.79 79.69 79.38 79.29 79.33 78.98 78.68 78.71 78.93 78.65 78.56 78.39 78.62 78.75 78.47 78.50 78.55 78.49 78.49 78.44 78.42 78.52 78.47 78.42 78.44 78.44 78.43 78.49 78.30 78.19 78.37 78.12 78.21 78.35 77.75 77.99 78.19 77.73 77.58 77.57 77.62 77.63 77.76 77.43 77.44 76.67 77.63 77.68 77.64 77.11 77.25 77.48 77.53 77.84 77.73 78.03 78.34 78.84 79.00 79.36 79.46 79.46 79.61 79.60 79.60 79.59 79.57 79.59 79.68 79.67 79.68 79.71 79.69 79.76 79.79 79.79 79.76 79.81 79.79 79.82 79.74 79.79 79.79 79.60 78.83 78.28 77.71 77.04 76.87 76.80 76.77 77.18 77.65 78.00 78.13 78.23 78.36 78.49 78.59 78.69 78.76 78.92 78.98 78.81 79.32 79.32 79.42
23°N ||     79.59 79.65 79.70 79.79 79.84 79.92 79.97 80.05 80.10 80.12 80.17 80.19 80.20 80.20 80.21 79.49 78.81 78.39 78.54 78.69 78.71 77.08 75.13 74.49 77.25 78.05 77.82 77.75 77.64 77.29 76.93 76.57 76.19 75.75 75.49 75.40 76.14 76.42 76.35 76.11 76.10 75.90 76.17 76.34 76.38 77.16 77.37 77.57 77.65 77.76 77.83 77.91 78.04 78.21 78.06 77.88 78.30 78.83 78.66 78.25 78.16 78.04 78.53 78.74 79.09 79.62 79.82 79.88 79.97 80.01 79.95 80.02 79.76 79.98 79.86 79.63 79.57 79.61 79.52 79.01 78.71 78.50 78.39 78.51 78.44 78.52 78.52 78.53 78.52 78.43 78.56 78.59 78.54 78.48 78.59 78.62 78.72 78.34 78.54 78.52 78.44 78.33 78.21 78.33 78.34 78.29 78.29 78.15 77.97 78.08 77.90 77.70 77.70 77.57 77.55 77.59 77.68 77.42 76.85 77.57 77.66 77.51 78.11 77.89 77.46 77.43 77.64 77.80 77.87 78.14 78.36 78.54 78.74 78.95 79.24 79.48 79.58 79.64 79.70 79.72 79.73 79.88 79.79 79.91 79.96 80.00 80.04 80.00 80.12 80.05 80.08 80.04 80.02 80.03 80.07 79.97 79.89 78.96 78.24 77.63 77.15 76.80 76.64 75.09 75.92 77.22 77.81 78.07 78.25 78.36 78.49 78.60 78.74 78.85 79.05 78.94 79.21 79.30 79.08 79.54
25°N ||     79.67 79.71 79.69 79.87 79.98 79.98 80.06 80.07 80.10 80.15 80.18 80.19 80.20 80.21 80.22 79.56 78.69 78.50 78.54 78.44 78.72 78.64 78.61 78.59 78.37 78.13 77.68 77.82 77.51 77.14 76.73 76.45 76.03 75.65 75.42 74.93 74.97 76.33 76.40 76.09 76.18 76.10 76.21 75.47 76.64 77.18 77.45 77.54 77.60 77.67 77.56 77.80 77.81 78.28 77.80 77.84 77.89 77.86 78.36 79.08 79.23 78.34 78.65 79.29 79.60 79.86 79.94 79.95 80.01 80.06 80.05 80.01 79.97 79.90 79.68 79.77 79.75 79.82 79.94 79.31 79.03 78.61 78.54 78.66 78.73 78.56 78.61 78.56 78.58 78.47 78.54 78.69 78.57 78.58 78.59 78.91 78.64 78.56 78.49 78.54 78.31 78.33 78.41 78.33 78.27 78.47 78.39 78.12 78.25 78.18 77.93 78.05 78.00 77.97 78.18 77.64 77.78 77.19 77.38 76.97 77.29 77.23 77.25 77.46 77.48 77.57 77.51 77.46 77.91 77.78 78.28 78.58 78.56 78.77 79.28 79.55 79.64 79.80 79.85 79.90 79.98 80.03 80.08 80.17 80.27 80.36 80.42 80.44 80.43 80.38 80.32 80.29 80.32 80.27 80.20 80.12 79.98 79.79 78.51 77.90 77.09 76.76 75.14 68.90 74.88 77.10 77.83 78.11 78.24 78.38 78.59 78.58 78.77 78.91 79.17 79.21 79.32 79.30 79.51 79.58
27°N ||     79.80 79.85 79.88 79.86 80.04 79.97 80.13 80.16 80.16 80.17 80.18 80.19 80.19 80.19 80.20 79.72 78.78 78.51 78.55 78.51 78.48 78.53 78.20 78.31 78.32 78.19 78.04 77.61 77.31 77.02 76.60 76.27 75.94 75.57 74.94 74.86 75.16 76.48 76.65 76.28 76.42 76.40 76.43 75.47 76.32 77.16 77.39 77.49 77.55 77.44 77.29 77.38 77.85 78.05 78.24 78.37 78.32 78.51 78.58 79.07 78.77 78.24 79.57 79.70 79.82 79.88 79.88 79.96 80.06 80.08 79.91 80.04 80.04 79.97 79.77 80.00 79.84 79.91 79.99 79.96 79.27 79.04 78.88 78.78 78.81 78.66 78.57 78.52 78.58 78.59 78.62 78.64 78.59 78.56 78.63 78.54 78.69 78.62 78.43 78.31 78.73 78.26 78.39 78.40 78.09 78.58 77.89 78.18 78.26 78.11 78.09 78.14 78.11 78.05 77.99 78.06 77.97 78.30 77.74 77.51 77.69 78.09 77.44 77.64 77.69 77.29 77.08 77.66 78.04 77.83 78.32 78.46 78.69 79.13 79.51 79.72 79.90 79.91 79.98 80.07 80.14 80.27 80.34 80.50 80.63 80.66 80.71 80.66 80.66 80.59 80.54 80.56 80.46 80.36 80.24 80.16 80.02 79.85 79.18 78.03 77.40 76.90 76.17 75.52 76.22 77.61 78.04 78.20 78.30 78.43 78.48 78.75 78.88 79.04 79.25 79.40 79.40 79.46 79.59 79.72
29°N ||     79.93 79.97 80.03 80.08 80.15 80.14 80.18 80.21 80.21 80.19 80.21 80.22 80.21 80.07 80.21 80.17 79.52 78.68 78.44 78.46 78.46 78.50 78.19 78.12 78.42 78.26 77.81 77.53 77.23 76.86 76.51 76.16 75.92 75.53 74.39 74.75 75.68 76.50 76.61 76.43 76.69 76.73 76.69 76.79 76.98 77.17 77.41 77.52 77.52 77.22 77.30 77.50 77.52 78.06 78.12 78.19 78.20 78.46 78.53 78.73 78.69 78.98 79.44 79.22 78.96 79.71 79.79 79.91 80.03 80.09 80.04 80.12 80.09 80.13 80.10 80.06 79.98 80.02 80.08 80.12 80.09 79.39 79.16 78.96 79.04 78.71 78.62 80.50 78.64 78.59 78.67 78.81 78.65 78.72 78.54 78.57 78.65 78.64 78.45 78.45 78.35 78.45 78.38 78.41 78.25 78.16 77.99 78.10 78.14 77.98 78.13 78.09 78.24 78.41 78.36 78.35 78.10 77.78 77.71 77.66 77.82 77.63 77.53 77.63 77.42 77.76 78.26 78.44 78.41 78.53 78.61 78.82 79.29 79.46 79.65 79.90 79.97 80.08 80.21 80.33 80.45 80.56 80.72 80.83 80.89 81.00 80.96 80.82 80.90 80.79 80.75 80.64 80.54 80.40 80.32 80.26 80.13 80.02 79.58 78.51 78.01 77.59 77.15 77.12 77.52 78.07 78.22 78.30 78.37 78.46 78.73 78.83 79.05 79.25 79.44 79.59 79.61 79.64 79.81 79.88
31°N ||     80.13 80.07 80.17 80.18 80.19 80.19 80.21 80.26 80.27 80.24 80.23 80.25 80.25 80.24 80.23 80.20 79.83 79.27 78.97 78.91 78.72 78.64 78.44 78.40 78.53 77.91 77.70 77.46 77.07 76.79 76.44 76.31 75.83 75.57 75.10 75.15 75.72 76.56 76.59 76.58 76.77 76.87 76.99 77.00 77.12 77.25 77.39 77.54 77.48 77.04 77.49 77.58 77.63 77.80 77.88 77.97 78.12 78.16 78.28 78.66 78.54 78.88 79.07 79.25 79.52 79.56 79.76 79.85 79.90 80.08 80.12 80.11 80.17 80.24 80.20 80.30 80.08 80.14 80.20 80.13 80.11 80.01 79.60 79.85 79.36 79.09 78.74 78.59 78.73 78.77 78.81 78.72 78.65 78.61 78.93 78.71 78.58 78.46 78.42 78.56 78.35 78.37 78.46 78.45 78.31 78.28 78.06 78.07 78.16 78.06 78.02 78.00 78.24 78.35 78.30 78.29 78.03 77.80 77.92 77.94 77.89 78.25 77.70 77.60 77.90 77.79 78.07 78.53 78.47 78.62 78.80 79.23 79.35 79.63 79.80 79.95 80.10 80.26 80.48 80.62 80.72 80.85 81.15 81.02 81.13 81.19 81.15 81.08 81.03 80.93 80.79 80.72 80.80 80.51 80.50 80.41 80.29 80.18 79.86 79.41 78.56 78.31 78.17 78.15 78.00 77.74 78.38 78.39 78.45 78.54 78.37 79.88 79.35 78.73 79.69 79.35 79.83 79.87 79.90 80.06
33°N ||     80.26 79.77 80.18 80.18 80.25 80.23 80.24 80.28 80.25 80.27 80.26 80.29 80.29 80.28 80.32 80.29 80.25 79.88 79.21 78.60 78.70 78.68 78.74 78.64 78.13 77.79 77.61 77.35 77.14 76.60 76.29 76.01 75.62 75.26 74.97 75.07 75.64 76.45 76.73 76.81 76.94 77.06 77.11 77.17 77.08 77.24 77.24 77.13 77.13 77.24 77.48 77.66 77.69 77.65 77.84 78.05 78.14 78.19 78.17 78.22 78.20 78.21 78.51 79.22 79.23 79.74 79.84 79.88 79.93 80.06 80.16 80.32 80.33 80.33 80.29 80.41 80.35 80.37 80.35 80.19 80.31 80.28 80.08 79.77 79.51 79.17 78.86 78.72 78.94 78.81 78.79 78.54 78.71 78.70 78.75 78.58 78.63 78.46 78.58 78.65 78.30 78.27 78.40 78.21 78.60 78.12 78.17 78.02 78.15 77.88 77.75 77.89 78.14 78.23 78.15 77.99 77.98 78.07 77.94 78.23 78.17 78.24 78.20 77.88 78.05 78.33 78.37 78.57 78.71 79.01 79.15 79.43 79.59 79.77 79.93 80.10 80.29 80.53 80.69 80.79 80.96 81.05 81.15 81.24 81.39 81.23 81.17 81.15 81.09 80.84 80.92 80.85 80.75 80.60 80.46 80.59 80.54 80.40 80.26 80.12 79.86 79.56 79.39 79.03 78.82 78.35 78.73 78.59 78.55 78.67 78.73 79.31 79.61 79.70 79.85 79.94 79.98 80.09 80.15 80.22
35°N ||     80.36 80.30 80.30 80.26 80.28 80.27 80.28 80.28 80.27 80.29 80.31 80.30 80.30 80.29 80.34 80.28 80.33 80.25 79.81 78.16 78.52 78.66 78.55 78.23 77.68 77.79 77.59 77.33 76.95 76.44 75.94 75.38 74.83 74.57 74.40 74.34 74.77 75.41 76.43 76.97 77.13 77.18 77.22 77.20 76.63 76.84 77.33 77.47 77.28 77.20 77.48 77.40 77.30 77.43 77.74 78.04 78.17 78.24 78.25 78.28 78.30 78.27 78.49 79.20 79.64 79.78 79.86 79.87 79.98 80.08 80.13 80.36 80.29 80.41 80.44 80.53 80.51 80.60 80.51 80.42 80.38 80.32 80.34 79.76 79.58 79.28 79.17 79.05 78.89 78.99 78.61 78.65 78.68 78.94 79.05 78.55 78.65 78.52 78.61 78.50 78.51 78.46 78.43 78.38 78.36 78.19 78.09 78.40 78.06 77.79 78.17 77.85 77.89 77.83 77.76 77.71 77.87 77.97 78.04 78.35 78.38 78.33 78.68 78.55 78.47 78.71 78.65 78.72 78.94 79.14 79.38 79.60 79.71 79.90 80.03 80.25 80.44 80.68 80.86 81.01 81.07 81.15 81.33 81.43 81.50 81.46 81.34 81.32 81.15 81.12 81.00 80.71 80.85 80.71 80.68 80.66 80.58 80.48 80.46 80.34 80.26 80.06 79.98 79.92 79.72 79.60 79.32 78.91 78.78 78.82 78.86 79.20 79.27 79.81 79.91 79.99 80.10 80.25 80.34 80.38
37°N ||     80.46 80.33 80.34 80.26 80.34 80.30 80.33 80.32 80.29 80.30 80.31 80.32 80.32 80.29 80.27 80.25 80.23 80.16 80.13 78.56 78.55 78.48 78.31 78.11 77.79 77.82 77.61 77.35 77.00 76.18 75.19 74.45 73.73 73.29 73.29 73.66 74.05 74.18 75.14 76.33 77.07 77.33 77.36 77.33 77.25 77.13 77.24 77.36 77.47 77.70 77.28 77.18 77.07 76.93 77.39 77.84 78.14 78.22 78.24 78.23 78.28 78.25 78.66 79.30 79.63 79.77 79.86 79.93 79.99 80.15 80.20 80.32 80.37 80.52 80.55 80.66 80.76 80.73 80.72 80.60 80.63 80.58 80.48 80.43 80.20 80.05 79.99 79.82 79.50 79.85 78.91 78.78 78.65 78.63 78.78 78.65 78.80 78.97 78.56 78.86 78.60 78.74 78.52 78.96 78.59 78.58 78.34 78.22 78.13 77.95 77.86 77.80 77.79 77.65 77.66 77.66 77.77 78.11 78.71 78.55 78.46 78.34 78.45 78.38 78.65 78.74 78.79 78.82 79.18 79.33 79.54 79.76 79.87 79.98 80.24 80.44 80.55 80.79 80.94 81.16 81.25 81.40 81.53 81.55 81.59 81.61 81.56 81.42 81.39 81.24 81.17 81.09 81.03 80.88 81.00 80.95 80.77 80.58 80.59 80.42 80.27 80.19 79.97 79.89 79.69 79.62 79.41 79.19 79.04 79.04 79.02 79.30 79.22 79.94 79.98 80.07 80.26 80.29 80.38 80.40
39°N ||     80.42 80.38 80.40 80.34 80.04 80.35 80.36 80.16 80.34 80.32 80.30 80.30 80.25 80.25 80.23 80.20 80.20 80.23 80.06 79.62 78.36 78.28 78.45 78.15 78.14 77.87 77.71 77.49 76.87 75.64 74.37 73.26 72.55 72.46 72.12 72.38 73.62 73.86 74.29 75.49 76.76 77.36 77.46 77.42 77.21 77.30 77.16 76.47 77.33 77.38 77.36 77.23 76.95 76.71 77.02 77.55 77.96 78.11 78.19 78.18 78.40 78.42 78.45 78.92 79.65 79.83 79.88 79.92 80.07 80.18 80.32 80.45 80.47 80.65 80.74 80.80 80.85 80.89 80.90 80.99 80.73 80.73 80.69 80.64 80.51 80.11 80.24 80.03 79.68 79.63 79.46 79.06 79.05 78.99 78.92 78.74 78.65 78.61 78.96 78.80 78.95 79.70 78.93 78.51 79.01 78.45 78.37 78.34 78.25 78.27 78.10 77.86 78.40 77.75 77.77 78.00 77.88 78.03 78.66 78.67 78.69 78.68 78.70 78.79 78.82 78.90 78.99 79.19 79.30 79.52 79.69 79.88 79.93 80.18 80.33 80.55 80.69 80.83 81.08 81.13 81.48 81.61 81.66 81.66 81.66 81.68 81.59 81.56 81.46 81.53 81.33 81.29 81.14 81.11 81.06 81.01 80.93 80.68 80.44 80.49 80.32 80.22 80.06 79.90 79.70 79.70 79.55 79.44 79.37 79.29 79.22 78.93 78.47 80.00 80.05 80.08 80.25 80.37 80.42 80.38
41°N ||     80.41 80.42 80.45 80.42 80.39 80.37 80.33 80.35 80.32 80.31 80.30 80.31 80.27 80.30 80.21 80.23 80.18 79.98 79.87 79.58 79.09 78.75 78.52 78.38 78.21 78.04 77.90 77.55 76.81 75.44 74.03 73.13 72.82 72.74 72.00 72.40 73.48 74.05 74.62 75.83 76.92 77.43 77.48 77.45 76.91 77.36 77.23 76.95 77.21 77.13 77.14 77.03 77.02 77.14 77.32 77.47 77.82 78.10 78.11 78.08 78.26 78.44 78.45 78.83 79.50 79.90 79.97 79.91 80.12 80.26 80.37 80.54 80.63 80.74 80.87 80.96 81.01 81.04 81.04 81.03 80.99 80.96 80.87 81.04 81.00 80.64 80.42 80.35 80.09 80.13 79.64 80.03 79.73 79.46 79.54 79.06 78.85 79.30 78.71 79.07 79.83 79.83 79.76 78.72 78.90 78.35 78.28 78.48 78.50 78.40 78.27 78.39 79.26 78.66 78.20 78.34 78.82 78.22 78.75 78.68 78.72 78.72 78.96 79.02 79.14 79.06 79.24 79.27 79.52 79.73 79.83 79.89 80.05 80.22 80.50 80.66 80.86 80.95 81.27 81.40 81.50 81.68 81.71 81.70 81.68 81.64 81.66 81.62 81.58 81.48 81.41 81.43 81.41 81.29 81.17 81.05 80.94 80.86 80.70 80.55 80.38 80.19 80.09 79.95 79.77 79.77 79.71 79.62 79.61 79.45 78.78 79.03 78.82 79.87 80.04 80.17 80.21 80.36 80.36 80.43
43°N ||     80.42 80.47 80.47 80.44 80.41 80.40 80.37 80.35 80.33 80.34 80.31 80.36 80.32 80.33 80.23 80.20 80.10 79.96 79.67 79.28 78.96 78.74 78.57 78.43 78.30 78.18 78.01 77.82 77.29 76.37 75.09 74.02 73.51 73.35 73.24 73.39 73.99 74.38 76.12 77.12 77.58 77.69 77.58 77.55 77.56 77.18 77.40 76.87 77.16 77.20 77.13 77.25 76.74 77.18 77.62 77.53 77.66 77.99 78.14 78.33 78.31 78.34 78.46 78.86 79.48 79.96 80.11 80.16 80.25 80.37 80.57 80.67 80.86 80.93 81.28 81.05 81.15 81.09 81.17 81.17 81.13 81.11 80.97 80.99 81.03 80.78 80.70 80.45 80.38 80.41 80.28 80.19 80.18 80.02 79.79 79.41 79.24 79.09 79.60 79.73 79.93 79.81 79.26 79.70 79.23 79.64 79.45 79.61 78.35 78.30 78.21 78.81 78.30 78.15 78.92 78.96 78.82 78.72 78.77 78.88 78.92 78.93 79.33 79.62 79.29 79.28 79.33 79.60 79.77 79.84 79.79 80.04 80.07 80.30 80.52 80.78 80.94 80.98 81.25 81.44 81.59 81.68 81.63 81.49 81.69 81.63 81.59 81.50 81.65 81.37 81.41 81.39 81.31 81.26 81.27 81.13 81.00 80.94 80.63 80.56 80.37 80.20 80.00 79.94 79.87 79.81 79.71 79.76 79.74 79.55 79.26 79.02 78.67 79.81 80.16 80.16 80.34 80.37 80.43 80.49
45°N ||     80.54 80.53 80.48 80.48 80.47 80.44 80.41 80.36 80.34 80.37 80.36 80.30 80.29 80.25 80.23 80.12 79.96 79.76 79.48 79.20 78.90 78.72 78.59 78.49 78.42 78.33 78.22 78.07 77.78 77.25 76.77 76.35 76.20 74.71 74.05 73.89 74.54 75.92 76.82 77.44 77.71 77.81 77.80 77.86 77.95 78.03 78.07 77.92 77.42 77.11 76.75 77.12 77.62 77.58 77.58 77.75 78.16 78.05 78.15 78.37 78.46 78.64 78.79 79.09 79.53 80.03 80.10 80.28 80.41 80.55 80.64 80.87 80.97 81.09 81.08 81.26 81.25 81.26 81.36 81.37 81.20 81.25 81.19 81.15 81.07 81.00 80.78 80.84 80.73 80.51 80.48 80.57 80.33 80.21 80.17 80.09 79.74 79.54 79.91 79.89 79.51 79.23 79.02 79.76 79.24 79.66 79.70 79.72 79.24 78.82 78.52 78.94 78.77 78.67 78.98 78.78 78.66 78.93 78.97 79.07 79.03 79.25 79.36 79.53 79.53 79.62 79.65 79.68 79.84 79.91 80.00 80.03 80.27 80.39 80.71 80.88 81.05 81.22 81.30 81.45 81.57 81.70 81.69 81.69 81.67 81.56 81.60 81.61 81.58 81.55 81.45 81.51 81.44 81.21 81.29 81.24 81.09 80.88 80.57 80.45 80.36 80.12 79.99 79.94 79.92 79.89 79.88 79.88 79.87 79.81 79.70 79.40 78.90 79.96 79.98 80.06 80.27 80.47 80.47 80.53
47°N ||     80.56 80.54 80.53 80.47 80.46 80.45 80.41 80.42 80.34 80.42 80.38 80.33 80.32 80.24 80.11 80.07 79.83 79.66 79.43 79.19 78.91 78.78 78.69 78.62 78.54 78.47 78.37 78.31 78.19 78.03 77.85 77.78 77.78 77.75 77.05 76.88 77.37 77.59 77.64 77.68 77.79 77.85 77.84 77.88 77.99 78.09 78.10 78.08 77.37 77.17 77.53 77.79 78.17 77.98 78.05 78.33 78.19 78.72 78.19 78.35 78.52 78.74 79.10 79.56 79.92 80.14 80.27 80.36 80.61 80.67 80.87 81.00 81.07 81.17 81.22 81.20 81.11 80.96 81.39 81.41 81.35 81.41 81.31 81.28 81.19 81.14 81.11 81.04 80.93 80.83 80.72 80.68 80.63 80.54 80.30 80.35 80.17 80.06 80.06 80.10 79.98 79.89 80.09 79.83 79.55 79.77 79.44 79.45 79.67 79.27 78.94 79.17 79.21 79.32 79.35 78.76 79.00 79.11 79.19 79.36 79.37 79.47 79.64 79.53 79.73 79.75 79.76 79.80 79.91 79.97 80.15 80.21 80.38 80.51 81.11 81.15 81.07 81.18 81.32 81.44 81.56 81.69 81.68 81.64 81.64 81.61 81.58 81.57 81.47 81.59 81.55 81.51 81.39 81.38 81.37 81.19 81.00 80.81 80.66 79.96 80.10 80.29 80.11 80.09 80.04 80.00 80.01 79.96 79.98 79.97 79.94 79.79 79.86 79.94 80.04 80.24 80.29 80.43 80.48 80.56
49°N ||     80.59 80.56 80.55 80.50 80.53 80.51 80.48 80.47 80.42 80.41 80.42 80.34 80.31 80.18 80.06 79.93 79.73 79.60 79.43 79.23 79.03 78.93 78.81 78.72 78.60 78.54 78.50 78.44 78.40 78.34 78.29 78.23 78.19 78.14 78.07 78.09 78.11 78.09 77.96 77.88 77.86 77.95 77.93 77.80 77.90 78.00 78.02 78.02 78.31 77.59 78.82 79.07 79.24 78.88 78.81 78.36 78.38 78.40 78.89 78.43 78.74 79.05 79.53 79.87 79.97 80.29 80.46 80.63 80.68 80.92 80.96 81.07 81.19 81.23 81.27 81.29 81.35 81.46 81.51 81.50 81.51 81.44 81.43 81.38 81.35 81.27 81.26 81.11 81.06 81.00 80.93 80.82 80.65 80.57 80.48 80.49 80.35 80.37 80.36 80.29 80.04 80.18 79.88 79.96 82.32 80.32 79.53 79.85 79.74 79.46 79.34 79.45 79.38 79.35 79.18 79.47 79.41 79.48 79.56 79.51 79.53 79.60 79.73 79.72 79.72 79.80 79.78 79.87 79.95 80.06 80.22 80.35 80.50 80.67 81.02 81.11 81.06 81.24 81.25 81.43 81.52 81.59 81.65 81.65 81.60 81.62 81.59 81.58 81.52 81.41 81.57 81.46 81.34 81.25 81.25 81.04 80.93 80.74 80.67 80.04 79.91 80.36 80.22 80.18 80.18 80.14 80.16 80.12 80.05 80.11 80.05 80.08 79.63 79.88 80.35 80.31 80.30 80.52 80.65 80.54
51°N ||     80.61 80.62 80.57 80.57 80.57 80.58 80.48 80.45 80.47 80.44 80.38 80.29 80.22 80.13 80.00 79.86 79.69 79.51 79.38 79.23 78.96 78.98 78.86 78.75 78.71 78.64 78.58 78.54 78.49 78.46 78.41 78.36 78.30 78.27 78.27 78.28 78.22 78.19 78.10 78.01 77.97 77.99 78.02 78.05 78.01 78.12 78.25 78.41 78.73 78.89 79.08 79.24 79.43 79.53 79.55 79.15 78.54 78.47 78.60 78.98 79.24 79.62 79.87 80.24 80.27 80.43 80.57 80.75 80.90 81.00 81.16 81.28 81.36 81.37 81.44 81.48 81.51 81.42 81.72 81.79 81.56 81.54 81.59 81.30 81.47 81.39 81.26 81.22 81.26 81.14 81.10 81.01 80.89 80.79 80.70 80.63 80.55 80.36 80.52 80.38 80.35 80.32 79.91 81.63 82.28 80.14 79.31 79.87 79.81 79.68 79.67 79.64 79.63 79.67 79.77 79.64 79.68 79.65 79.73 79.75 79.73 79.79 79.75 79.76 79.82 79.83 79.80 79.92 79.99 80.07 80.18 80.36 80.54 80.68 80.87 80.90 81.12 81.19 81.35 81.43 81.50 81.56 81.66 81.64 81.66 81.64 81.56 81.62 81.59 81.52 81.49 81.38 81.36 81.17 80.95 81.00 80.89 80.76 80.67 80.60 80.48 80.42 80.36 80.28 80.26 80.27 80.21 80.24 80.18 80.17 80.16 80.19 80.10 80.32 80.34 80.26 80.36 80.55 80.67 80.66
53°N ||     80.63 80.60 80.65 80.65 80.63 80.60 80.55 80.49 80.45 80.35 80.37 80.30 80.18 80.08 79.93 79.74 79.48 79.49 79.43 79.29 79.19 79.10 78.97 78.88 78.80 78.74 78.68 78.61 78.59 78.53 78.49 78.47 78.42 78.40 78.40 78.39 78.38 78.32 78.23 78.16 78.11 78.11 78.14 78.18 78.27 78.39 78.47 78.62 78.78 79.03 79.25 79.39 79.50 79.61 79.69 79.77 79.03 79.26 78.86 79.61 80.12 80.24 80.36 80.43 80.54 80.68 80.88 80.99 81.11 81.18 81.37 81.45 81.48 81.53 81.60 81.67 81.68 81.65 81.74 81.70 81.63 81.69 81.63 81.67 81.57 81.70 81.62 81.42 81.39 81.23 81.24 81.15 81.03 80.97 80.83 80.72 80.74 80.94 80.59 80.55 80.38 80.36 80.23 80.10 79.80 79.82 79.79 80.01 79.89 79.95 79.87 79.87 79.79 79.86 79.85 79.82 79.89 79.95 79.85 79.92 79.86 79.83 79.75 79.80 79.84 79.80 79.80 79.92 79.99 80.05 80.23 80.39 80.52 80.65 80.65 80.84 80.96 81.12 81.15 81.25 81.28 81.38 81.40 81.50 81.53 81.54 81.48 81.49 81.37 81.37 81.38 81.37 81.18 81.03 80.96 80.85 80.89 80.78 80.71 80.62 80.55 80.46 80.41 80.38 80.36 80.32 80.35 80.33 80.13 80.22 80.18 80.29 80.27 80.28 80.33 80.47 80.61 80.61 80.68 80.70
55°N ||     80.75 80.72 80.66 80.58 80.60 80.47 80.51 80.52 80.46 80.41 80.38 80.27 80.20 80.07 80.02 79.79 81.18 79.42 79.49 79.42 79.33 79.21 79.13 79.08 78.94 78.84 78.78 78.71 78.65 78.62 78.58 78.57 78.54 78.55 78.53 78.53 78.49 78.46 78.42 78.36 78.30 78.30 78.26 78.29 78.36 78.48 78.62 79.26 79.18 79.40 79.49 79.52 79.80 79.68 79.80 79.93 80.04 80.10 80.29 80.40 80.50 80.60 80.77 80.85 80.97 81.08 81.13 81.24 81.30 81.40 81.53 81.60 81.63 81.71 81.76 81.73 81.77 81.78 81.83 81.91 81.72 81.75 81.79 81.72 81.81 81.68 81.54 81.52 81.40 81.39 81.33 81.29 81.18 81.07 80.89 80.86 80.83 80.80 80.72 80.62 80.55 80.47 80.34 80.34 80.28 80.16 80.09 80.10 80.10 80.04 80.03 80.03 79.98 80.05 79.98 80.06 80.14 80.11 80.09 80.05 79.93 79.90 79.85 79.83 79.77 79.80 79.93 80.02 80.03 80.08 80.22 80.37 80.47 80.50 80.64 80.78 80.89 80.99 81.01 81.08 81.13 81.20 81.23 81.32 81.35 81.30 81.32 81.32 81.11 81.13 81.22 81.11 81.08 80.95 80.87 80.93 80.74 80.82 80.77 80.58 80.51 80.49 80.46 80.47 80.39 80.40 80.36 80.30 80.26 80.33 80.35 80.22 80.27 80.27 80.42 80.56 80.63 80.72 80.77 80.80
57°N ||     80.79 80.78 80.74 80.69 80.72 80.62 80.54 80.50 80.48 80.47 80.35 80.26 80.25 80.12 80.03 79.97 79.62 79.66 79.55 79.53 79.45 79.38 79.28 79.19 79.13 79.04 78.93 78.84 78.84 78.77 78.74 78.71 78.69 78.69 78.68 78.67 78.66 78.63 78.60 78.51 78.49 78.45 78.43 78.45 78.51 78.65 78.82 79.00 79.30 79.43 79.54 79.62 79.70 79.81 79.95 80.08 80.22 80.37 80.52 80.64 80.88 80.96 81.03 81.09 81.19 81.23 81.33 81.42 81.49 81.61 81.64 82.08 81.82 81.84 81.87 81.92 81.92 81.88 81.90 81.89 81.87 81.98 81.79 81.81 81.29 82.47 81.64 81.58 81.55 81.46 81.46 81.31 81.24 81.17 81.12 80.99 80.97 80.86 80.79 80.63 80.62 80.56 80.42 80.30 80.25 80.25 80.23 80.15 80.25 80.20 80.16 80.21 80.27 80.26 80.25 80.28 80.33 80.27 80.20 80.06 80.01 80.02 79.97 79.91 79.91 79.94 79.91 79.98 80.05 80.09 80.23 80.29 80.42 80.43 80.50 80.61 80.77 80.84 80.88 80.85 81.01 80.97 81.09 81.19 81.20 81.16 81.13 81.16 81.13 81.05 81.11 81.05 81.07 81.05 80.91 80.95 80.84 80.88 80.83 80.70 80.62 80.63 80.54 80.51 80.48 80.42 80.42 80.39 80.29 80.39 80.38 80.33 80.50 80.43 80.46 80.58 80.71 80.71 80.76 80.78
59°N ||     80.78 80.81 80.79 80.67 80.74 80.71 80.52 80.62 80.60 80.59 80.51 80.42 80.32 80.25 80.12 79.98 80.00 79.87 79.79 79.71 79.63 79.53 79.42 79.34 79.32 79.28 79.24 79.16 79.10 79.04 79.00 78.92 78.89 78.90 78.96 78.89 78.89 78.88 78.80 78.72 78.68 78.66 78.66 78.76 78.82 79.01 79.15 79.30 79.47 79.58 79.68 79.83 79.89 80.00 80.14 80.25 80.39 80.54 80.69 80.89 81.12 81.02 81.30 81.37 81.40 81.47 81.57 81.64 81.68 81.70 81.81 81.82 81.88 81.96 81.99 82.01 81.97 82.06 82.11 82.08 81.99 81.96 81.97 81.90 81.87 81.85 81.80 81.77 81.69 81.54 81.42 81.45 81.32 81.30 81.08 81.13 81.09 81.00 80.84 80.78 80.69 80.64 80.60 80.55 80.54 80.48 80.34 80.34 80.36 80.39 80.45 80.47 80.46 80.46 80.38 80.44 80.43 80.42 80.27 80.21 80.17 80.12 80.01 80.03 79.97 79.98 79.94 80.00 80.07 80.09 80.19 80.19 80.36 80.50 80.47 80.37 80.58 80.64 80.63 80.78 80.88 80.76 80.91 81.00 80.99 80.93 81.00 80.98 80.99 80.99 80.98 81.01 81.00 80.94 80.93 80.96 80.93 80.84 80.84 80.76 80.79 80.68 80.64 80.57 80.53 80.48 80.35 80.37 80.36 80.42 80.47 80.49 80.55 80.55 80.59 80.64 80.72 80.82 80.69 80.77
61°N ||     80.81 80.81 80.80 80.80 80.77 80.81 80.72 80.66 80.68 80.56 80.49 80.49 80.42 80.32 80.22 80.16 80.08 80.01 79.94 79.83 79.74 79.71 79.65 79.59 79.52 79.49 79.43 79.39 79.35 79.33 79.32 79.27 79.29 79.29 79.25 79.22 79.20 79.21 79.18 79.44 79.13 79.12 79.13 79.17 79.22 79.29 79.38 79.50 79.67 79.78 79.84 80.04 80.18 80.29 80.40 80.55 80.67 80.80 80.94 81.04 81.23 81.40 81.49 81.56 81.65 82.05 81.61 81.83 81.87 81.90 82.00 81.91 82.01 82.15 82.22 82.20 82.17 82.20 82.11 82.15 82.10 82.10 82.05 82.06 81.98 81.95 81.86 81.80 81.71 81.63 81.53 81.47 81.43 81.33 81.31 81.29 81.12 81.03 81.00 80.88 80.83 80.76 80.67 80.65 80.62 80.63 80.51 80.57 80.55 80.60 80.58 80.60 80.61 80.60 80.52 80.57 80.51 80.50 80.45 80.30 80.35 80.32 80.02 80.13 80.10 80.05 80.00 79.97 80.01 80.10 80.11 80.15 80.22 79.89 80.25 80.42 80.46 80.44 80.59 80.66 80.72 80.58 80.80 80.85 80.86 80.75 80.83 80.82 80.88 80.92 80.88 80.93 80.88 80.83 80.90 80.91 80.85 80.83 80.84 80.78 80.74 80.76 80.69 80.67 80.63 80.47 80.57 80.54 80.47 80.53 80.50 80.59 80.63 80.62 80.71 80.72 80.69 80.80 80.78 80.71
63°N ||     80.94 80.82 80.81 81.51 80.82 80.85 80.85 80.81 80.77 80.73 80.67 80.56 80.53 80.43 80.39 80.35 80.27 80.22 80.09 79.96 79.77 79.92 79.86 79.81 79.77 79.75 79.69 79.69 79.68 79.63 79.61 79.56 79.54 79.51 79.47 79.44 79.42 79.44 79.43 79.41 79.40 79.44 79.45 79.50 79.58 79.63 79.72 79.77 79.91 80.03 80.21 80.33 80.46 80.62 80.79 80.87 80.99 81.10 81.25 81.30 81.42 81.57 81.70 81.82 81.83 81.87 82.03 82.02 82.02 82.04 82.12 82.09 82.18 82.18 82.23 82.29 82.25 82.19 82.18 82.22 82.20 82.18 82.09 82.02 81.98 81.75 81.79 81.74 81.72 81.67 81.63 81.53 81.41 81.36 81.39 81.14 81.09 81.10 81.04 80.96 80.94 80.86 80.78 80.78 80.78 80.74 80.73 80.73 80.72 80.68 80.73 80.70 80.75 80.69 80.66 80.63 80.61 80.53 80.59 80.52 80.44 80.41 80.39 80.30 80.24 80.19 80.11 80.09 80.06 80.07 80.08 80.14 80.20 80.21 80.28 80.37 80.42 80.43 80.52 80.41 80.61 80.47 80.66 80.73 80.64 80.76 80.76 80.77 80.81 80.82 80.80 80.81 80.89 80.89 80.89 80.85 80.86 80.82 80.85 80.87 80.83 80.79 80.81 80.78 80.67 80.72 80.72 80.74 80.57 80.64 80.66 80.70 80.62 80.75 80.82 80.85 80.83 80.87 80.88 80.89
65°N ||     80.97 81.08 80.97 81.04 81.02 80.97 80.94 80.95 80.73 80.81 80.74 80.73 80.72 80.68 80.81 80.51 80.47 80.41 80.29 80.34 80.28 80.18 80.15 80.11 80.07 80.04 79.94 79.97 79.94 79.91 79.86 79.82 79.80 79.76 79.71 79.66 79.66 79.66 79.63 79.62 79.62 79.67 79.73 79.79 79.88 79.96 80.02 80.13 80.21 80.32 80.44 80.48 80.71 80.91 81.06 81.23 81.37 81.54 81.62 81.67 81.71 81.85 81.92 81.91 82.04 82.09 82.12 82.06 82.12 82.19 82.11 82.15 82.25 82.27 82.27 82.30 82.31 82.25 82.26 82.24 82.26 82.18 82.12 81.84 82.83 84.59 81.23 81.70 81.77 81.67 81.69 81.54 81.55 81.39 81.36 81.28 81.20 81.16 81.14 81.09 81.00 80.99 80.93 80.81 80.89 80.78 80.76 80.80 80.78 80.76 80.81 80.80 80.84 80.76 80.64 80.66 80.75 80.64 80.61 80.67 80.63 80.56 80.53 80.37 80.36 80.22 80.25 80.18 80.17 80.07 80.15 80.14 80.14 80.17 80.25 80.24 80.32 80.35 80.31 80.42 80.50 80.49 80.58 80.60 80.55 80.68 80.67 80.70 80.69 80.72 80.77 80.79 80.79 80.83 80.68 80.85 80.83 80.91 80.89 80.89 80.81 80.80 80.90 80.89 80.81 80.91 80.91 80.76 80.86 80.79 80.90 80.89 80.86 80.88 80.88 80.95 80.85 80.86 81.01 80.75
67°N ||     81.18 81.16 81.21 81.16 81.13 81.22 81.15 81.09 81.12 81.06 80.90 80.93 80.96 80.83 80.85 80.78 80.76 80.72 80.68 80.66 80.50 80.54 80.42 80.36 80.34 80.23 80.32 80.28 80.20 80.17 80.14 80.06 80.07 79.99 80.22 79.91 79.90 79.89 79.87 79.89 79.91 79.96 80.05 80.09 80.15 80.25 80.36 80.49 80.59 80.71 80.86 81.02 81.16 81.33 81.50 81.65 81.83 81.95 82.08 82.20 82.26 82.26 82.20 82.17 82.19 82.20 82.18 82.23 82.30 82.27 82.31 82.33 82.29 82.36 82.36 82.32 82.29 82.19 82.34 82.30 82.27 82.21 82.06 82.00 81.99 81.85 81.82 81.84 81.78 81.80 81.70 81.61 81.59 81.48 81.44 81.34 81.29 81.24 81.19 81.08 81.01 81.05 81.00 80.89 80.91 80.90 80.90 80.85 80.80 80.70 80.74 80.87 80.91 80.85 80.81 80.82 80.71 80.78 80.76 80.74 80.70 80.60 80.63 80.58 80.52 80.47 80.46 80.34 80.27 80.26 80.21 80.15 80.16 80.16 80.10 80.25 80.27 80.31 80.07 80.38 80.44 80.52 80.55 80.51 80.55 80.57 80.43 80.66 80.66 80.70 80.68 80.80 80.78 80.83 80.86 80.86 80.88 80.90 80.92 80.97 80.84 80.87 80.88 80.95 80.94 80.95 81.05 81.05 81.06 81.01 81.07 81.02 81.11 81.09 80.99 81.03 81.04 81.16 81.13 81.16
69°N ||     81.17 81.34 81.34 81.29 81.31 81.31 81.28 81.30 81.17 81.32 81.21 81.18 81.14 81.15 80.99 80.91 80.90 80.99 81.02 80.91 80.91 80.89 80.84 80.80 80.68 80.65 80.34 80.59 80.58 80.42 80.54 80.36 80.39 80.28 80.20 80.14 80.16 80.15 80.16 80.17 80.18 80.29 80.35 80.44 80.51 80.62 80.80 80.96 81.13 81.26 81.35 81.44 81.51 81.63 81.72 81.85 81.94 81.99 82.10 82.16 82.18 82.21 82.21 82.21 82.19 82.23 82.27 82.29 82.25 82.32 82.35 82.33 82.41 82.39 82.27 82.34 82.33 82.25 82.27 82.23 82.16 82.13 82.16 82.08 81.95 81.96 81.82 81.77 81.74 81.68 81.67 81.60 81.50 81.48 81.47 81.28 81.31 81.29 81.23 81.20 81.16 81.14 81.09 80.99 81.00 81.06 81.01 80.96 80.95 80.97 80.75 80.79 80.89 80.88 80.91 80.87 80.81 80.84 80.82 80.73 80.67 80.71 80.68 80.68 80.56 80.54 80.54 80.51 80.47 80.43 80.38 80.30 80.29 80.23 80.18 80.14 80.20 80.31 80.38 80.36 80.40 80.41 80.45 80.46 80.48 80.49 80.54 80.59 80.60 80.59 80.67 80.63 80.70 80.78 80.85 80.90 80.87 80.93 81.08 81.02 80.98 80.99 80.99 81.08 81.08 81.14 81.15 81.21 81.19 81.15 81.14 81.22 81.25 81.29 81.40 81.34 81.29 81.31 81.26 81.22
71°N ||     81.48 81.55 81.60 81.50 81.44 81.51 81.84 81.36 81.46 81.46 81.32 81.37 81.39 81.32 81.41 81.42 81.40 81.31 81.44 81.19 81.09 81.21 81.19 81.13 81.04 80.99 80.90 80.81 80.86 80.72 80.75 80.77 80.78 80.63 80.73 80.74 80.62 80.62 80.64 80.66 80.60 80.76 80.81 80.87 80.98 81.04 81.15 81.31 81.39 81.52 81.61 81.68 81.70 81.68 81.77 81.80 81.84 81.89 81.95 81.96 81.94 82.01 82.03 82.08 82.23 82.16 82.19 82.24 82.35 82.28 82.33 82.31 82.31 82.37 82.30 82.24 82.25 82.29 82.25 82.18 82.13 82.12 82.08 82.00 81.93 81.90 81.85 81.83 81.77 81.66 81.54 81.46 81.51 81.52 81.41 81.39 81.34 81.31 81.27 81.22 81.14 81.08 81.05 81.01 81.07 81.09 81.06 81.00 81.01 80.99 81.04 80.96 80.94 80.94 80.87 80.92 80.85 80.83 80.74 80.82 80.69 80.77 80.75 80.64 80.66 80.65 80.63 80.64 80.59 80.53 80.49 80.51 80.47 80.44 80.37 80.39 80.35 80.32 80.29 80.27 80.22 80.21 80.26 80.31 80.37 80.42 80.50 80.53 80.63 80.61 80.70 80.70 80.69 80.73 80.83 80.81 80.95 81.02 81.07 81.11 81.14 81.06 81.19 81.21 81.24 81.31 81.29 81.33 81.20 81.37 81.36 81.34 81.26 81.39 81.42 81.45 81.54 81.39 81.47 81.44
73°N ||     81.68 81.75 81.75 81.69 81.61 81.76 81.77 81.72 81.70 81.75 81.82 81.70 81.71 81.59 81.82 81.64 81.60 81.56 81.48 81.47 81.50 81.24 81.24 81.31 81.21 81.32 81.20 81.59 81.37 81.26 81.33 81.16 81.09 81.04 80.94 81.02 80.93 80.97 81.00 81.09 81.14 81.20 81.24 81.28 81.37 81.42 81.46 81.51 81.56 81.63 81.72 81.85 81.81 81.83 81.83 81.82 81.78 81.78 81.74 81.81 81.85 81.91 81.95 81.95 82.01 82.09 82.13 82.10 82.11 82.15 82.25 82.31 82.31 82.21 82.28 82.29 82.31 82.22 82.15 82.05 82.06 82.01 81.95 81.90 81.92 81.89 81.83 81.77 81.70 81.69 81.60 81.41 81.41 81.41 81.39 81.26 81.27 81.26 81.21 81.22 81.17 81.15 81.11 80.97 81.06 81.06 80.99 80.95 80.94 80.89 80.94 80.95 81.00 80.98 80.93 80.98 80.99 80.91 80.81 80.75 80.80 80.87 80.84 80.74 80.72 80.70 80.65 80.70 80.60 80.60 80.56 80.53 80.56 80.51 80.53 80.50 80.47 80.43 80.42 80.44 80.47 80.50 80.53 80.54 80.57 80.60 80.63 80.65 80.70 80.73 80.71 80.79 80.79 80.84 80.84 80.85 80.98 81.04 81.08 81.06 81.20 81.20 81.15 81.26 81.35 81.41 81.33 81.42 81.50 81.54 81.05 82.41 81.24 80.22 81.49 81.56 81.70 81.66 81.49 81.60
75°N ||     81.76 81.88 81.80 81.85 81.85 81.97 81.79 81.89 81.91 81.89 81.94 81.84 81.85 81.96 81.85 81.90 81.88 81.67 81.75 81.79 81.72 81.82 81.86 81.95 81.76 81.56 81.60 81.60 81.32 81.41 81.43 81.35 81.50 81.55 81.62 81.43 81.37 81.39 81.28 81.41 81.39 81.44 81.54 81.52 81.52 81.46 81.55 81.61 81.65 81.76 81.81 81.83 81.83 81.85 81.86 82.00 81.85 81.84 81.88 81.90 81.99 82.05 82.09 82.10 82.11 82.08 82.06 82.08 82.13 82.05 82.18 82.19 82.19 82.20 82.17 82.21 82.14 82.13 82.03 82.05 81.97 81.96 81.88 82.04 81.83 81.74 81.68 81.62 81.60 81.60 81.52 81.48 81.44 81.37 81.37 81.33 81.42 81.22 81.17 81.14 81.11 81.10 81.09 81.03 81.05 81.06 81.06 81.02 80.96 81.02 80.98 80.94 81.00 80.99 80.97 80.95 80.92 80.95 80.86 80.87 80.86 80.84 80.77 80.88 80.88 80.84 80.74 80.73 80.73 80.65 80.73 80.70 80.72 80.68 80.61 80.64 80.61 80.62 80.61 80.62 80.60 80.68 80.69 80.58 80.65 80.71 80.76 80.78 80.74 80.75 80.80 80.86 80.89 80.91 80.95 80.96 81.00 81.09 81.14 81.19 81.20 81.29 81.30 81.38 81.42 81.41 81.42 81.46 81.51 81.57 81.58 81.64 81.58 81.83 81.85 81.87 81.87 81.87 81.81 81.72
77°N ||     82.01 81.87 81.59 81.46 81.62 81.93 81.81 81.38 81.40 81.85 81.95 81.95 81.98 81.93 81.91 81.71 81.38 81.42 81.31 81.67 81.43 81.55 82.00 82.31 81.83 81.63 81.61 81.75 81.68 81.66 81.64 81.63 81.68 81.58 81.22 81.55 81.44 81.53 81.49 81.45 81.62 81.59 81.50 81.50 81.59 81.67 81.71 81.75 81.79 81.82 81.84 81.88 81.73 81.95 81.98 82.03 82.06 82.06 82.06 82.07 82.11 81.39 81.43 81.86 82.01 81.99 81.98 82.02 81.94 81.94 82.01 82.04 82.04 82.05 82.00 82.01 81.98 81.99 82.03 82.00 81.94 81.83 81.81 81.78 81.76 81.69 81.55 81.53 81.61 81.55 81.56 81.50 81.42 81.31 81.29 81.33 81.33 81.30 81.25 81.20 81.18 81.17 81.12 81.20 81.11 81.09 81.09 81.07 81.06 81.05 81.04 81.02 80.98 80.92 80.92 80.91 80.97 80.88 80.89 80.80 80.85 80.88 80.90 80.91 80.90 80.92 80.89 80.87 80.84 80.79 80.83 80.78 80.75 80.68 80.40 80.63 80.73 80.75 80.78 80.77 80.73 80.74 80.75 80.75 80.77 80.76 80.82 80.78 80.82 80.78 80.85 80.91 80.91 80.96 81.01 81.04 81.08 81.10 81.07 81.15 81.18 81.25 81.35 81.41 81.43 81.44 81.49 81.58 81.59 81.55 81.64 81.56 81.62 81.70 81.67 81.89 82.00 81.97 81.88 81.95
79°N ||     81.71 81.57 81.57 81.68 81.70 81.65 81.59 81.58 81.62 81.59 81.60 81.42 81.69 81.63 81.66 81.75 81.74 81.78 81.77 81.71 81.68 81.79 81.76 81.79 81.83 81.87 81.78 81.53 81.60 81.48 81.54 81.58 81.61 81.61 81.56 81.63 81.58 81.68 81.67 81.65 81.67 81.70 81.69 81.64 81.58 81.61 81.65 81.69 81.72 81.81 81.88 81.84 81.88 81.92 81.97 81.99 81.94 82.00 82.08 82.08 82.13 82.16 82.14 82.16 82.11 82.11 82.19 82.13 82.04 81.98 81.92 81.89 81.81 81.84 81.85 81.68 81.63 81.68 81.79 81.80 81.68 81.74 81.56 81.05 81.35 81.69 80.48 80.69 81.39 80.04 80.48 81.03 80.70 80.29 80.88 80.11 80.26 80.95 80.67 80.31 80.43 80.53 80.66 81.06 81.10 81.02 81.07 81.08 81.10 81.07 81.06 81.05 81.04 81.03 80.97 81.00 80.97 80.97 80.95 80.74 81.30 80.73 80.92 80.89 80.87 80.91 80.88 80.86 80.87 80.88 80.89 80.91 80.88 80.90 80.90 80.90 80.92 80.93 80.88 80.91 80.88 80.85 80.79 80.82 80.83 80.76 80.67 80.69 80.75 80.82 80.86 80.83 80.93 80.99 80.99 81.08 81.05 81.13 81.11 81.13 81.17 81.25 81.29 81.37 81.39 81.46 81.43 81.42 81.47 81.60 81.60 81.63 81.63 81.68 81.70 81.64 81.63 81.78 81.78 81.75
81°N ||     80.75 80.76 80.79 80.85 80.79 80.79 80.82 80.80 80.80 80.82 80.85 80.86 80.89 80.91 80.94 80.96 80.97 80.99 80.99 81.01 81.01 81.04 81.06 81.10 81.13 81.20 81.29 81.39 81.38 81.46 81.56 81.46 81.47 81.65 81.12 81.12 80.93 81.21 80.59 80.73 80.95 81.07 81.53 81.53 81.56 81.64 81.72 81.68 81.48 81.42 80.87 80.81 80.63 80.85 81.39 81.01 80.93 80.92 80.92 81.03 81.67 81.47 81.53 81.53 81.61 81.67 81.77 81.41 81.24 80.95 80.96 80.99 80.49 80.75 80.55 80.24 80.02 80.22 79.98 79.76 79.72 79.42 79.47 79.30 79.30 79.37 79.13 79.11 79.12 79.02 79.10 79.22 78.94 78.94 79.23 79.01 79.05 78.85 78.85 78.88 79.23 79.33 79.31 79.31 79.34 79.42 79.08 79.92 80.01 80.71 80.65 80.03 80.28 80.92 80.58 80.68 80.39 80.52 80.79 80.19 80.25 80.16 80.26 80.31 80.57 80.93 80.41 80.51 80.51 80.50 80.59 80.56 80.56 80.60 80.62 80.65 80.74 80.85 80.95 80.96 80.96 80.97 80.97 80.94 80.97 80.91 80.92 80.95 80.98 81.04 81.05 81.09 81.10 81.12 81.12 81.11 81.12 81.16 81.18 81.13 81.15 81.18 81.21 81.22 81.22 81.21 81.19 81.16 81.15 81.06 80.97 80.99 80.98 80.96 80.95 80.89 80.83 80.78 80.77 80.76
83°N ||     80.36 80.36 80.37 80.36 80.36 80.35 80.36 80.37 80.38 80.40 80.42 80.45 80.46 80.49 80.50 80.54 80.59 80.59 80.66 80.66 80.70 80.70 80.70 80.69 80.68 80.62 80.77 80.73 80.67 80.07 79.94 79.74 80.02 80.13 79.75 79.96 79.70 79.73 79.74 79.64 79.50 79.64 79.41 79.28 79.29 79.47 79.44 79.39 79.48 79.56 79.70 79.84 80.09 80.20 79.80 79.91 79.71 79.57 79.55 79.71 79.58 80.28 80.19 81.01 81.18 81.38 81.54 81.66 81.64 81.30 81.01 80.66 80.36 80.15 80.05 79.84 79.72 79.60 79.51 79.46 79.40 79.33 79.28 79.23 79.16 79.10 79.06 79.01 78.99 78.99 78.99 78.97 78.96 78.94 78.91 78.88 78.85 78.83 78.82 78.80 78.79 78.77 78.75 78.74 78.72 78.71 78.71 78.70 78.71 78.79 78.94 79.13 79.08 79.15 78.97 79.12 79.34 79.40 79.27 79.15 79.09 79.13 79.41 79.22 79.30 79.16 79.28 79.32 79.23 79.29 79.13 79.18 79.31 79.51 79.42 79.39 79.45 79.28 79.37 79.39 79.55 79.89 79.97 80.10 80.54 80.50 80.81 81.00 81.04 81.01 80.98 80.96 80.96 80.97 81.03 81.06 81.04 81.03 80.96 80.93 80.91 80.90 80.87 80.83 80.80 80.77 80.73 80.69 80.67 80.65 80.61 80.60 80.56 80.54 80.52 80.49 80.44 80.40 80.38 80.37
85°N ||     80.62 80.48 80.60 80.75 80.82 81.06 79.77 79.64 79.89 80.08 79.49 79.83 79.63 79.52 79.65 79.85 79.16 78.96 78.93 78.94 78.95 79.18 79.68 79.37 79.38 79.52 79.88 79.61 79.55 79.80 79.72 78.81 78.88 79.19 78.91 78.80 78.78 78.78 78.79 78.82 78.81 78.91 78.85 78.79 78.82 78.76 78.73 78.74 78.74 78.84 78.83 78.80 78.88 79.07 79.06 78.94 78.96 78.99 79.06 79.14 79.18 79.07 79.20 79.10 79.06 79.06 79.33 79.34 79.72 79.93 80.08 80.38 80.15 80.12 80.09 80.23 80.40 80.59 80.67 80.69 80.77 80.79 80.40 80.02 79.62 79.56 79.62 79.69 79.81 80.06 80.51 80.50 79.22 79.01 79.00 79.09 79.03 78.97 78.86 78.80 78.78 78.84 78.77 78.74 78.73 78.71 78.69 78.68 78.67 78.66 78.65 78.65 78.66 78.66 78.67 78.68 78.69 78.70 78.71 78.70 78.71 78.73 78.74 78.73 78.72 78.72 78.72 78.72 78.73 78.72 78.72 78.72 78.72 78.73 78.75 78.75 78.81 78.81 78.79 78.97 78.77 78.77 78.77 79.10 79.12 79.14 79.26 79.58 79.27 79.06 79.21 79.07 79.39 79.48 79.72 79.95 79.48 79.71 79.88 79.98 79.93 79.68 79.81 80.24 80.08 80.14 80.37 80.79 80.55 80.87 80.59 80.37 80.23 80.08 80.24 80.45 80.58 80.25 80.29 80.36
87°N ||     78.59 78.65 78.62 78.63 78.67 78.64 78.64 78.64 78.55 78.53 78.53 78.53 78.56 78.58 78.55 78.51 78.50 78.51 78.50 78.50 78.51 78.56 78.56 78.45 78.46 78.45 78.48 78.49 78.50 78.51 78.52 78.48 78.44 78.47 78.45 78.40 78.38 78.38 78.37 78.38 78.41 78.40 78.44 78.42 78.40 78.36 78.35 78.34 78.36 78.38 78.38 78.38 78.39 78.39 78.43 78.49 78.49 78.52 78.54 78.54 78.51 78.48 78.48 78.47 78.46 78.46 78.45 78.46 78.47 78.49 78.60 78.84 78.89 78.79 78.74 78.70 78.75 78.69 78.67 78.73 78.65 78.62 78.60 78.60 78.63 78.60 78.62 78.69 78.63 78.68 78.59 78.56 78.59 78.55 78.51 78.51 78.52 78.52 78.55 78.54 78.51 78.47 78.47 78.51 78.51 78.46 78.45 78.44 78.42 78.42 78.41 78.43 78.41 78.42 78.42 78.43 78.44 78.45 78.44 78.51 78.42 78.43 78.45 78.47 78.53 78.56 78.48 78.47 78.50 78.50 78.54 78.49 78.43 78.43 78.43 78.43 78.43 78.45 78.49 78.50 78.50 78.51 78.52 78.51 78.53 78.53 78.54 78.51 78.48 78.44 78.48 78.45 78.50 78.47 78.42 78.43 78.44 78.57 78.52 78.56 78.51 78.61 78.61 78.67 78.66 78.68 78.64 78.63 78.64 78.65 78.62 78.67 78.71 78.69 78.70 78.70 78.65 78.69 78.76 78.65
89°N ||     78.29 78.28 78.29 78.30 78.30 78.25 78.25 78.23 78.23 78.23 78.23 78.22 78.22 78.22 78.22 78.22 78.22 78.21 78.21 78.21 78.21 78.21 78.22 78.21 78.21 78.21 78.21 78.19 78.19 78.18 78.17 78.16 78.16 78.16 78.15 78.15 78.15 78.15 78.14 78.14 78.14 78.14 78.14 78.14 78.14 78.14 78.14 78.14 78.14 78.14 78.15 78.15 78.16 78.17 78.18 78.19 78.19 78.20 78.21 78.21 78.20 78.21 78.21 78.22 78.22 78.23 78.23 78.24 78.23 78.24 78.24 78.24 78.25 78.26 78.26 78.26 78.27 78.27 78.28 78.29 78.29 78.28 78.28 78.29 78.28 78.29 78.29 78.29 78.29 78.29 78.29 78.30 78.31 78.31 78.30 78.28 78.28 78.29 78.32 78.33 78.31 78.28 78.28 78.28 78.27 78.27 78.26 78.26 78.25 78.24 78.24 78.24 78.24 78.23 78.23 78.23 78.22 78.22 78.22 78.22 78.22 78.22 78.22 78.22 78.22 78.22 78.22 78.21 78.21 78.20 78.20 78.20 78.20 78.20 78.19 78.18 78.18 78.17 78.16 78.16 78.16 78.16 78.16 78.16 78.16 78.15 78.16 78.16 78.16 78.16 78.17 78.18 78.18 78.19 78.20 78.20 78.21 78.22 78.21 78.20 78.20 78.21 78.21 78.21 78.21 78.21 78.21 78.21 78.22 78.22 78.23 78.23 78.24 78.25 78.25 78.25 78.26 78.27 78.27 78.28
