Mars Surface Radiation Result (absorbed dose in thin silicon slab) (1E-6 Gy/day).

The first row gives the longitude
The first column for each row (starting from the 2nd row) gives the latitude
The rest values of each row gives the dose rate at different longitudes (given in the first row)

179°W  177°W  175°W  173°W  171°W  169°W  167°W  165°W  163°W  161°W  159°W  157°W  155°W  153°W  151°W  149°W  147°W  145°W  143°W  141°W  139°W  137°W  135°W  133°W  131°W  129°W  127°W  125°W  123°W  121°W  119°W  117°W  115°W  113°W  111°W  109°W  107°W  105°W  103°W  101°W  99°W  97°W  95°W  93°W  91°W  89°W  87°W  85°W  83°W  81°W  79°W  77°W  75°W  73°W  71°W  69°W  67°W  65°W  63°W  61°W  59°W  57°W  55°W  53°W  51°W  49°W  47°W  45°W  43°W  41°W  39°W  37°W  35°W  33°W  31°W  29°W  27°W  25°W  23°W  21°W  19°W  17°W  15°W  13°W  11°W  9°W  7°W  5°W  3°W  1°W  1°E  3°E  5°E  7°E  9°E  11°E  13°E  15°E  17°E  19°E  21°E  23°E  25°E  27°E  29°E  31°E  33°E  35°E  37°E  39°E  41°E  43°E  45°E  47°E  49°E  51°E  53°E  55°E  57°E  59°E  61°E  63°E  65°E  67°E  69°E  71°E  73°E  75°E  77°E  79°E  81°E  83°E  85°E  87°E  89°E  91°E  93°E  95°E  97°E  99°E  101°E  103°E  105°E  107°E  109°E  111°E  113°E  115°E  117°E  119°E  121°E  123°E  125°E  127°E  129°E  131°E  133°E  135°E  137°E  139°E  141°E  143°E  145°E  147°E  149°E  151°E  153°E  155°E  157°E  159°E  161°E  163°E  165°E  167°E  169°E  171°E  173°E  175°E  177°E  179°E  
--------------------------------------------------------------------------------------------------------------
89°S ||     72.00 72.04 72.08 72.10 72.10 72.09 72.09 72.11 72.14 72.18 72.32 72.37 72.35 72.40 72.59 72.68 72.73 72.79 72.81 72.70 72.64 72.78 72.80 72.76 72.71 72.69 72.63 72.64 72.73 72.70 72.78 72.89 72.83 72.77 72.86 72.79 72.70 72.64 72.56 72.51 72.47 72.40 72.34 72.32 72.30 72.30 72.29 72.30 72.29 72.27 72.25 72.24 72.21 72.20 72.20 72.20 72.12 72.10 72.07 72.07 72.05 72.03 72.03 71.99 72.01 72.04 72.05 71.94 71.90 71.90 71.84 71.82 71.82 71.83 71.79 71.76 71.75 71.74 71.72 71.73 71.71 71.72 71.72 71.71 71.72 71.73 71.72 71.71 71.71 71.71 71.73 71.76 71.77 71.78 71.79 71.80 71.79 71.80 71.82 71.82 71.80 71.80 71.79 71.78 71.80 71.80 71.81 71.82 71.83 71.84 71.85 71.83 71.80 71.82 71.86 71.89 71.88 71.88 71.89 71.90 71.92 71.93 71.94 71.97 72.00 72.03 72.04 72.06 72.09 72.10 72.12 72.13 72.14 72.15 72.16 72.19 72.20 72.20 72.20 72.20 72.16 72.16 72.14 72.10 72.12 72.11 72.11 72.08 72.05 72.02 72.02 72.01 72.00 71.97 71.95 71.93 71.92 71.91 71.90 71.91 71.91 71.91 71.91 71.89 71.89 71.89 71.89 71.90 71.91 71.91 71.92 71.93 71.93 71.93 71.94 71.96 71.97 71.98 71.99 72.00
87°S ||     73.90 73.97 73.98 74.10 74.07 74.14 74.05 74.04 74.02 73.94 73.93 73.92 73.82 73.70 73.63 73.62 73.63 73.64 73.64 73.59 73.59 73.64 73.77 73.81 73.79 73.74 73.75 73.65 73.73 73.58 73.81 73.83 73.68 73.66 73.65 73.64 73.59 73.54 73.58 73.58 73.55 73.59 73.55 73.52 73.48 73.46 73.45 73.39 73.34 73.29 73.15 73.30 73.12 72.86 72.89 72.82 72.71 72.58 72.52 72.50 72.65 72.17 72.23 71.98 71.92 71.90 71.86 71.83 71.82 71.78 71.70 71.64 71.70 71.68 71.44 71.39 71.32 71.23 71.19 71.34 71.06 70.89 70.87 70.78 70.75 70.76 70.78 70.80 70.83 70.86 70.89 70.91 70.93 70.94 70.95 71.33 71.23 71.41 71.30 71.50 71.51 71.51 71.58 71.60 71.63 71.72 71.78 71.93 72.02 72.08 71.94 71.94 71.97 71.99 72.01 72.01 72.06 72.09 72.16 72.16 72.23 72.28 72.30 72.35 72.42 72.41 72.43 72.50 72.58 72.56 72.63 72.64 72.66 72.72 72.85 72.99 73.09 73.23 73.16 72.98 72.84 72.79 72.76 72.72 72.67 72.67 72.62 72.37 72.35 72.33 72.32 72.34 72.38 72.37 72.37 72.38 72.45 72.56 72.65 72.65 72.73 72.80 72.90 72.94 73.06 73.16 73.25 73.29 73.42 73.45 73.62 73.62 73.64 73.62 73.71 73.62 73.38 73.52 73.89 74.10
85°S ||     73.35 73.35 73.37 73.37 73.38 73.38 73.40 73.44 73.45 73.44 73.45 73.45 73.46 73.53 73.46 73.39 73.40 73.51 73.49 73.50 73.50 73.52 73.55 73.56 73.55 73.55 73.60 73.70 73.76 73.91 74.24 74.27 74.25 74.25 74.28 74.12 74.30 74.18 74.14 74.10 74.32 74.59 74.53 74.54 74.33 74.29 74.18 74.08 74.00 73.91 73.94 73.83 73.81 73.77 74.01 74.09 73.81 73.64 73.69 74.05 73.89 73.01 72.88 72.91 73.03 73.11 72.97 73.06 73.04 72.65 72.77 72.64 72.36 72.28 72.34 72.09 72.40 72.65 72.90 72.56 72.39 72.31 72.36 72.36 72.45 72.31 72.24 72.11 72.10 72.21 72.11 72.14 72.25 72.24 72.24 72.25 72.26 72.31 72.37 72.48 72.46 72.57 72.85 73.14 73.06 73.02 73.00 73.02 72.99 73.05 73.14 73.20 73.25 73.33 73.11 73.17 73.28 73.30 73.23 73.14 73.12 73.16 73.20 73.30 73.41 73.49 73.50 73.43 73.44 73.39 73.34 73.31 73.28 73.29 73.33 73.44 74.01 75.13 75.52 75.26 74.63 74.33 74.20 74.23 73.77 73.53 73.43 73.31 73.37 73.43 73.31 73.34 73.39 73.53 73.70 73.77 73.81 73.84 73.81 73.82 73.81 73.64 73.49 73.42 73.40 73.50 73.56 73.63 73.76 73.94 73.70 73.75 73.70 73.64 73.57 73.55 73.52 73.52 73.40 73.36
83°S ||     73.44 73.46 73.48 73.49 73.50 73.50 73.52 73.54 73.56 73.58 73.60 73.63 73.66 73.68 73.67 73.67 73.69 73.72 73.76 73.78 73.81 73.84 73.88 73.91 73.96 74.02 74.06 74.12 74.22 74.35 74.28 74.13 74.11 74.06 74.17 74.27 74.25 74.20 74.27 74.33 74.09 74.08 74.09 74.10 74.12 74.15 74.13 74.63 74.75 74.83 74.75 74.77 74.69 74.68 74.70 74.66 74.61 74.89 75.00 75.02 74.58 74.91 74.81 74.69 75.04 74.76 74.78 74.75 75.14 74.80 75.08 75.32 75.51 75.51 75.34 75.19 75.23 75.22 75.19 75.28 75.24 75.20 75.03 75.06 75.07 74.98 74.91 74.88 74.93 74.91 74.64 74.64 74.75 75.13 74.68 74.59 74.48 74.44 74.47 74.34 74.56 74.03 74.20 73.94 74.35 74.60 74.67 74.42 74.31 74.33 74.37 74.51 74.78 74.88 74.98 74.95 74.53 74.55 74.47 74.44 74.36 74.35 74.03 73.95 74.02 74.08 74.07 73.93 73.92 74.07 74.01 74.03 74.20 74.23 74.44 75.03 75.85 75.77 75.81 75.79 75.80 74.59 74.45 74.50 74.46 74.59 74.54 74.46 74.43 74.43 74.37 74.25 74.14 74.08 74.03 73.90 73.85 73.91 74.23 74.60 75.09 75.36 74.88 74.32 73.57 73.57 73.26 73.19 73.16 73.18 73.32 73.54 74.02 73.98 73.68 73.47 73.39 73.36 73.38 73.41
81°S ||     73.78 73.85 73.86 74.00 73.75 73.82 73.86 73.91 73.96 74.02 74.09 74.16 74.33 74.37 74.15 74.15 74.19 74.24 74.29 74.32 74.37 74.41 74.42 74.46 74.50 74.55 74.61 74.65 74.67 74.71 74.75 74.92 74.89 74.92 75.04 74.98 74.75 74.79 74.76 74.79 74.98 74.81 74.48 74.53 74.36 74.23 74.30 74.48 74.54 74.43 74.60 74.51 74.74 75.61 75.28 75.48 75.76 75.27 75.75 75.68 75.35 75.48 75.54 75.52 75.54 75.50 75.57 75.57 75.49 75.39 75.50 75.33 75.14 75.16 75.18 75.21 75.16 75.17 75.13 75.14 75.57 75.04 74.88 74.83 74.80 74.82 74.80 74.81 74.77 74.76 74.74 74.76 74.65 74.47 74.26 73.96 73.33 72.65 73.47 73.60 74.08 74.42 74.37 74.50 74.81 75.03 75.17 75.41 75.37 75.24 75.01 75.32 75.45 75.60 75.59 75.68 75.71 75.80 75.77 75.76 75.73 75.78 75.71 75.64 75.62 75.66 75.24 75.28 75.36 75.44 75.50 75.74 75.81 75.92 75.97 75.96 75.93 75.28 74.42 74.22 74.17 74.11 74.07 74.25 74.33 74.35 74.28 74.43 74.53 74.63 74.77 74.86 74.98 74.74 74.87 75.12 75.29 74.95 74.81 74.86 75.34 75.11 74.80 74.80 74.94 74.88 75.32 74.64 73.84 73.53 73.57 73.72 73.86 74.09 74.40 73.71 73.83 73.83 73.63 73.69
79°S ||     74.17 74.22 74.23 74.35 74.33 74.28 74.29 74.32 74.34 74.54 74.40 74.49 74.55 74.58 74.67 74.82 74.72 74.95 74.63 74.85 74.72 74.75 74.72 75.19 75.63 74.58 75.04 75.54 75.34 75.45 75.37 75.37 75.34 75.36 75.41 75.43 75.43 75.41 75.31 75.27 75.27 75.02 75.64 75.75 74.76 74.95 74.93 74.80 74.75 75.05 75.29 75.00 75.74 75.57 75.65 75.85 76.10 74.81 75.49 74.98 75.75 75.49 74.85 75.31 75.34 75.68 75.73 75.66 75.63 75.59 75.55 75.57 75.55 75.57 75.54 75.51 75.54 75.59 75.54 75.32 75.42 75.59 75.31 75.28 75.30 75.51 75.16 75.35 75.18 75.21 75.26 75.13 75.06 74.75 73.94 73.94 73.53 74.00 74.55 74.86 74.79 75.06 75.11 75.20 75.29 75.52 75.33 75.44 75.17 75.46 75.02 75.33 75.16 75.15 74.80 74.70 75.44 75.62 75.91 75.96 76.02 76.00 76.03 76.01 76.06 76.02 75.98 76.03 76.01 76.06 76.00 75.98 76.07 76.05 76.06 76.07 76.15 76.17 76.10 76.11 76.11 76.15 75.82 75.40 75.60 75.01 74.50 74.50 74.50 74.40 74.48 74.60 75.02 76.20 76.05 75.13 74.92 75.50 74.28 74.31 74.96 74.39 74.09 73.95 73.88 74.00 73.84 74.25 73.98 73.94 73.95 74.01 74.14 73.83 73.74 73.86 73.97 74.07 74.08 74.09
77°S ||     75.04 74.75 74.68 74.65 74.55 74.83 74.78 75.14 75.09 75.13 75.11 75.14 75.48 75.28 75.22 75.29 75.39 75.39 75.50 75.33 75.26 75.31 75.25 75.36 75.28 75.41 75.61 75.69 75.53 75.64 75.60 75.62 75.62 75.61 75.60 75.62 75.58 75.60 75.58 75.58 75.56 75.58 75.50 75.35 75.28 75.06 74.53 75.22 74.43 74.69 75.49 75.29 75.14 74.62 74.80 75.01 75.19 75.14 75.29 75.26 75.56 75.74 75.55 75.63 75.83 75.87 75.85 75.89 75.89 75.85 75.81 75.80 75.74 75.76 75.73 75.73 75.71 75.61 75.40 75.42 75.35 75.22 75.16 75.01 75.24 75.43 75.29 75.33 75.13 75.25 75.26 75.19 74.84 74.67 74.53 74.36 73.88 73.50 74.64 75.77 76.14 76.30 76.30 75.15 75.43 75.30 75.33 75.50 75.22 75.55 75.28 75.23 75.16 75.59 75.95 75.77 75.22 75.09 74.68 74.45 74.35 73.97 73.83 74.38 74.99 75.48 75.79 75.77 75.68 75.48 74.92 75.55 75.72 75.05 75.63 75.84 76.14 76.05 75.79 75.67 75.35 75.39 75.16 75.62 76.23 76.18 76.01 75.88 75.18 75.22 75.31 74.52 75.23 75.56 75.56 74.71 74.34 74.43 74.20 74.24 74.34 74.18 74.18 74.45 74.32 74.27 74.40 74.50 74.54 74.51 74.40 74.50 74.73 74.39 74.41 74.47 74.67 74.84 74.93 74.74
75°S ||     75.31 75.41 75.18 75.31 75.12 75.11 75.22 75.90 75.45 75.37 76.30 76.59 75.59 75.73 75.74 75.84 75.62 75.74 75.72 75.54 75.53 75.76 75.77 75.92 75.76 75.83 75.87 75.89 75.86 75.82 75.82 75.79 75.82 75.77 75.33 75.69 75.70 75.69 75.65 75.65 75.59 75.53 75.54 75.54 75.59 75.64 75.56 75.46 75.27 75.14 75.24 74.71 74.57 74.95 75.49 75.58 75.52 75.85 76.00 76.04 76.08 76.06 76.01 75.97 75.94 75.94 75.92 75.72 75.90 75.80 75.66 75.50 75.47 75.30 75.24 75.33 75.26 75.44 75.28 75.30 75.37 75.41 75.50 75.32 75.65 75.41 75.41 75.57 75.40 75.40 75.30 75.00 74.87 75.17 75.32 75.35 75.37 75.38 75.45 75.31 75.15 75.25 75.25 75.21 75.51 75.58 75.58 75.41 75.39 75.27 75.17 74.99 74.53 74.73 74.87 74.34 74.74 74.60 74.39 74.56 74.31 74.26 74.98 75.29 75.10 75.01 76.13 74.71 74.92 74.93 75.06 75.55 75.46 75.34 75.28 75.08 75.39 74.40 74.03 73.60 73.54 74.21 76.43 76.27 76.37 75.18 75.83 75.21 75.97 76.28 76.16 76.09 76.03 76.06 76.16 75.06 73.98 73.93 73.92 73.94 73.91 74.08 74.76 74.65 74.84 74.22 74.29 74.49 74.56 74.56 74.64 74.64 74.69 74.93 74.94 75.01 75.14 75.08 75.13 75.18
73°S ||     76.42 75.33 75.97 75.95 75.84 75.53 76.23 75.94 75.97 75.96 75.55 75.22 76.13 75.50 75.79 75.96 75.92 75.90 75.83 75.71 75.55 75.19 76.19 74.98 75.23 76.05 75.81 75.78 75.81 75.85 75.87 75.86 75.93 75.58 75.51 75.17 75.40 75.77 75.64 75.70 75.69 75.72 75.62 75.67 75.71 75.70 75.70 75.45 76.00 76.85 76.83 76.97 76.93 75.44 75.97 75.99 76.16 76.20 76.23 76.25 76.26 76.24 76.18 76.09 76.13 75.76 75.91 76.10 76.13 76.13 76.08 75.81 75.59 75.72 75.59 75.48 75.40 75.53 75.74 75.37 75.38 75.40 75.44 75.77 75.60 75.85 75.98 75.94 75.83 75.88 75.54 75.50 75.14 75.52 75.50 75.60 75.78 75.80 75.80 75.78 75.81 75.81 75.89 75.85 75.77 75.71 75.84 75.37 75.29 75.14 74.68 74.32 74.57 75.01 75.45 75.16 75.37 75.25 75.35 74.99 75.14 74.75 74.55 74.46 74.78 74.74 75.10 75.14 75.43 75.40 75.36 75.48 75.53 75.63 75.74 75.76 75.75 75.88 75.54 75.17 75.59 74.21 74.41 75.05 75.15 75.20 75.28 75.52 76.16 75.90 75.69 74.84 75.63 76.09 76.38 76.51 75.93 74.91 74.02 74.47 74.22 74.54 75.06 75.14 74.44 74.75 75.20 75.35 75.20 75.57 76.34 76.11 75.73 75.60 75.61 75.54 75.70 75.51 75.55 76.32
71°S ||     76.28 76.33 76.42 76.47 76.53 76.68 76.80 76.73 76.74 76.77 76.77 76.15 75.51 75.20 74.54 74.55 75.25 75.41 76.43 75.64 75.69 75.52 75.31 75.39 77.07 75.95 75.95 75.97 75.85 75.63 75.71 75.60 75.58 75.77 75.69 75.64 75.56 75.86 75.70 75.71 75.84 75.67 75.81 75.71 75.76 75.78 75.49 75.29 75.35 76.22 76.88 76.74 77.05 75.26 76.13 76.27 76.32 76.38 76.31 76.33 76.40 76.09 75.96 76.08 76.21 76.28 76.34 76.17 76.19 75.32 75.61 75.81 75.66 75.84 75.54 75.74 75.57 75.10 74.89 74.75 74.65 75.64 75.62 75.61 75.80 75.82 75.97 75.77 76.03 75.88 76.36 76.26 75.87 75.96 75.94 75.77 75.69 75.07 75.68 75.96 76.10 75.83 75.87 75.88 75.86 75.90 75.54 74.65 74.94 75.28 75.33 75.44 75.44 75.61 75.63 75.54 75.80 75.61 75.74 75.83 75.75 75.95 75.99 75.78 75.93 75.60 74.98 75.22 76.43 76.43 75.46 75.65 75.44 74.26 75.12 75.34 75.46 75.01 74.69 75.05 75.43 74.87 75.73 75.89 76.15 76.18 76.14 75.84 75.84 76.02 76.30 76.21 76.43 76.24 76.95 77.12 77.06 76.75 76.40 76.18 76.43 76.26 76.06 76.39 76.57 76.51 76.51 76.35 76.21 76.65 76.27 76.55 76.45 76.48 75.97 75.96 76.02 76.10 75.73 76.22
69°S ||     75.74 75.81 76.15 76.37 75.95 77.23 77.08 76.76 76.90 76.87 76.83 76.65 76.08 76.18 75.77 75.94 74.85 75.04 75.43 75.90 76.24 76.02 75.73 75.60 75.49 76.13 75.90 76.04 75.66 76.21 75.29 75.37 75.26 75.54 75.57 75.66 75.92 75.94 76.03 76.02 76.09 76.01 75.98 76.04 76.04 76.58 75.82 76.12 76.12 76.09 76.13 76.26 76.26 76.36 76.38 76.32 76.35 76.37 76.17 76.17 75.98 76.35 76.32 76.46 76.33 76.12 75.54 75.58 75.65 75.65 75.60 75.74 75.73 75.94 76.05 76.25 76.08 75.52 75.00 75.28 75.42 75.89 75.88 75.48 75.46 75.24 75.32 75.28 75.55 75.83 75.85 75.98 75.08 76.02 76.10 76.02 76.15 76.15 76.13 76.18 76.13 76.09 76.15 76.07 75.84 75.53 74.81 75.93 76.12 76.00 75.82 75.63 75.72 75.59 75.73 75.25 75.19 75.75 76.14 76.33 76.51 76.38 76.42 76.50 76.49 76.41 76.05 75.65 75.38 75.41 75.88 75.77 75.74 75.72 76.61 75.51 74.28 74.68 74.81 74.96 75.17 75.17 74.78 74.91 75.44 75.89 76.01 75.75 76.21 76.30 76.30 76.38 75.91 74.18 76.28 76.98 76.84 74.79 77.00 76.92 76.86 76.66 76.60 76.53 76.30 76.04 75.80 75.88 75.16 74.89 75.86 76.43 76.38 76.20 76.06 75.89 75.78 75.68 75.90 75.89
67°S ||     77.09 75.72 75.46 76.17 76.18 76.27 76.28 76.82 76.81 76.91 76.95 76.95 76.82 76.71 76.39 76.12 75.83 75.39 75.31 75.03 75.01 74.72 75.07 75.09 75.46 75.41 75.28 75.19 75.68 74.92 74.93 74.95 75.49 76.93 75.40 75.63 75.64 76.35 76.01 76.03 76.13 76.11 76.07 76.09 76.10 76.14 76.10 76.20 76.20 76.14 76.17 76.26 76.29 76.29 76.20 76.36 76.50 76.37 76.44 76.35 75.81 76.19 76.42 76.42 76.17 75.96 77.57 77.56 77.16 75.70 75.86 75.91 75.98 76.18 76.34 75.98 75.64 75.10 75.17 74.87 75.19 75.22 75.60 75.54 75.87 75.76 75.89 75.91 75.89 75.89 75.94 76.11 76.03 76.17 76.12 76.24 76.12 76.07 76.08 75.91 75.92 75.22 75.01 75.04 74.69 75.23 76.49 76.94 76.89 76.48 76.37 75.94 75.97 75.61 75.77 75.66 76.04 76.18 76.46 76.49 76.47 76.46 76.52 76.51 76.44 76.67 76.66 76.80 76.82 76.38 75.66 75.03 75.65 75.86 75.11 74.95 74.85 74.46 75.02 74.25 74.53 74.94 74.96 75.87 75.60 75.53 75.04 75.38 75.82 76.14 76.43 76.54 76.29 76.45 76.57 76.61 76.65 76.61 76.34 76.50 76.46 76.54 76.37 76.17 76.42 76.37 76.38 76.37 76.30 75.90 76.50 76.28 76.23 76.03 75.57 76.12 75.45 75.43 75.50 75.99
65°S ||     75.91 75.51 75.17 75.61 75.64 76.47 76.54 76.90 76.82 76.87 76.86 76.96 76.97 76.98 76.90 76.75 76.64 76.58 76.51 76.21 75.73 75.59 75.66 75.44 75.79 75.71 75.36 76.07 75.94 75.38 75.15 75.45 75.22 75.46 75.65 75.78 75.80 75.87 75.89 76.09 76.12 76.21 76.24 76.24 76.32 76.35 76.31 76.30 76.31 76.29 76.18 76.09 75.99 76.09 76.23 76.36 76.36 76.36 76.24 75.36 76.38 76.52 76.68 76.85 76.22 76.52 76.52 76.53 76.01 75.95 76.17 76.06 76.15 76.29 76.50 76.38 75.91 75.74 75.36 75.03 75.06 75.38 76.23 75.72 75.90 75.94 75.93 75.86 75.61 75.99 76.00 76.04 75.99 76.17 75.97 76.19 76.44 76.28 76.02 76.09 75.85 75.88 75.74 75.62 75.22 75.54 75.37 75.62 75.72 75.59 75.54 75.39 75.50 76.05 76.34 76.80 76.76 76.59 76.43 76.33 76.34 76.52 76.68 76.64 76.77 76.72 76.69 76.76 76.76 76.87 75.93 75.89 75.85 75.75 77.14 75.28 75.24 75.37 75.83 74.70 74.67 74.70 75.21 75.26 75.32 74.88 74.73 75.97 75.68 75.37 76.20 76.08 75.98 76.48 76.45 74.98 75.61 75.81 76.39 76.10 75.49 75.67 76.43 76.08 76.32 76.60 76.45 76.53 76.48 76.43 76.10 76.01 75.83 75.21 76.18 76.39 75.98 75.81 75.43 75.32
63°S ||     75.94 75.90 76.25 75.60 75.29 75.75 76.29 76.37 76.62 76.55 76.80 76.66 76.98 76.86 76.88 76.76 76.84 76.87 76.82 76.38 75.87 75.84 75.56 75.67 75.56 75.71 75.71 75.51 75.45 75.52 75.45 75.59 75.83 75.84 75.79 75.55 75.36 75.72 76.12 75.83 76.27 75.95 75.74 76.15 76.19 76.15 75.95 76.26 76.17 76.13 75.91 75.97 76.21 76.60 76.28 75.59 76.04 76.63 76.48 76.52 76.46 76.44 76.57 76.78 77.11 76.89 76.20 76.94 76.07 76.60 76.36 76.17 76.21 76.10 76.20 76.70 76.84 76.75 76.68 76.31 76.11 75.72 75.83 75.82 75.84 75.89 76.03 76.04 76.05 76.00 75.99 76.01 76.13 76.06 76.11 75.92 76.07 76.14 75.97 76.23 76.26 75.96 76.03 76.22 76.07 75.79 75.58 75.32 75.34 75.09 75.60 75.72 76.07 76.63 77.01 77.07 77.09 76.87 76.68 76.60 76.55 76.51 76.58 76.62 76.84 76.91 76.81 76.78 76.82 76.87 76.70 76.13 76.02 76.32 75.91 75.44 75.18 75.38 75.22 74.38 76.26 75.03 75.68 75.58 75.56 75.25 75.08 74.90 74.63 75.05 75.47 75.88 75.69 75.78 76.14 76.47 76.71 76.73 76.47 76.36 75.86 75.96 76.18 76.18 76.07 75.19 75.13 75.50 76.01 76.30 76.42 76.49 76.30 76.56 76.53 75.61 76.09 76.19 76.13 76.33
61°S ||     76.68 75.69 75.28 75.92 76.24 76.43 76.40 75.71 75.83 76.05 75.58 75.84 76.40 75.84 77.45 75.94 76.34 76.28 76.80 76.53 76.45 76.40 76.42 75.78 75.58 75.37 76.41 76.11 75.53 75.64 76.11 76.42 76.45 76.32 76.29 75.98 75.60 75.82 75.74 75.71 76.16 75.42 75.87 76.20 75.90 74.85 76.42 76.57 76.61 76.54 76.50 76.64 76.61 76.26 75.81 76.80 76.79 76.56 76.79 76.76 76.69 76.51 76.63 76.70 76.96 77.26 77.02 76.43 77.12 77.15 76.97 76.70 75.81 76.59 76.80 76.32 76.28 76.40 76.27 75.99 75.07 75.10 75.85 76.13 75.89 75.80 75.68 75.99 76.13 76.10 76.17 76.09 76.11 76.29 76.19 76.25 76.21 76.03 76.16 76.28 76.35 76.20 76.11 76.09 75.49 76.09 75.97 75.99 76.00 76.10 76.21 76.27 76.37 76.56 76.81 76.86 76.39 76.32 76.37 76.12 77.37 76.84 76.21 76.47 76.67 76.75 76.94 77.03 76.73 76.99 77.31 77.09 74.83 76.93 76.79 76.59 75.42 75.65 75.65 76.09 75.26 75.18 75.10 75.22 75.30 75.21 75.22 74.97 75.23 75.12 75.38 75.35 75.43 75.55 75.60 76.63 77.15 77.08 77.07 76.95 76.78 76.56 76.36 76.15 76.10 75.75 75.33 75.58 75.70 74.65 75.49 76.25 76.38 76.11 75.04 75.42 75.64 76.53 76.57 76.52
59°S ||     76.81 76.32 76.12 76.42 76.46 76.27 74.95 75.71 75.92 75.67 76.19 75.69 75.94 75.09 76.14 76.53 76.27 76.40 76.10 76.40 76.56 76.58 76.29 76.15 75.29 75.73 75.93 75.98 76.38 75.69 75.91 76.57 76.65 76.34 76.60 76.38 75.85 75.33 75.18 75.35 75.67 76.27 76.57 76.53 76.46 76.11 76.61 76.75 76.91 76.89 76.89 76.89 76.93 76.95 76.68 76.49 76.60 76.42 76.72 76.84 76.53 76.22 77.00 76.84 76.14 77.28 76.14 76.83 77.12 75.65 76.04 76.84 77.46 76.58 77.10 76.45 76.50 76.20 75.98 76.02 75.42 75.55 75.89 75.65 75.71 76.16 75.99 75.94 76.35 75.10 76.04 76.28 76.36 76.26 76.68 76.07 75.99 76.02 76.97 75.95 75.85 76.28 76.12 76.13 76.20 76.24 76.20 76.11 76.08 76.40 76.47 76.66 76.71 76.71 76.54 76.15 76.19 76.30 75.92 75.43 75.48 75.52 76.26 76.69 77.07 77.18 77.26 77.18 77.28 77.46 77.24 77.22 76.97 76.81 76.90 76.67 76.18 75.05 74.51 74.86 76.90 76.73 74.63 74.66 76.08 75.03 75.16 74.48 75.15 75.54 75.00 75.07 75.63 76.30 76.57 76.76 76.93 76.87 76.97 76.97 76.95 76.89 76.79 76.66 76.27 75.96 75.61 75.54 75.76 75.55 76.55 74.90 75.70 75.92 75.59 76.25 76.46 76.27 76.53 76.67
57°S ||     76.66 76.70 76.85 77.09 76.71 75.44 75.89 75.73 75.30 75.37 75.49 77.04 75.44 75.57 75.17 75.25 75.95 76.41 75.98 75.85 76.98 75.90 75.95 75.92 75.15 75.82 76.09 76.06 76.00 75.16 74.59 76.62 76.40 76.50 76.48 76.20 76.34 75.78 75.59 75.65 75.45 76.04 76.27 76.40 76.49 76.21 75.74 75.66 76.51 76.94 76.96 77.01 76.87 76.85 76.63 75.98 75.79 75.80 75.53 75.36 76.03 77.39 76.41 75.78 77.23 77.56 77.41 76.44 78.90 74.37 77.79 76.46 75.98 76.67 76.27 77.14 77.37 77.11 76.80 77.47 77.50 76.70 76.00 76.09 76.32 76.05 76.12 75.86 75.81 76.15 76.23 76.32 76.03 75.71 75.72 75.66 75.68 75.78 76.20 75.76 75.48 75.63 75.60 75.66 75.62 76.25 76.27 76.44 76.58 76.69 76.80 76.91 77.02 77.09 76.96 76.69 76.80 76.80 76.94 76.66 76.55 76.76 77.17 77.47 77.69 77.67 77.70 77.69 77.70 78.08 77.47 77.37 77.18 77.38 77.29 77.22 77.16 76.74 74.91 76.04 76.94 77.23 75.22 75.45 76.02 75.84 75.46 75.22 75.18 75.56 76.02 76.19 76.34 76.09 76.52 76.31 76.76 76.25 75.41 75.66 76.83 76.94 76.89 76.64 76.25 75.97 75.69 75.67 75.78 75.69 75.37 75.23 75.73 75.81 76.72 75.72 75.71 75.81 76.11 76.60
55°S ||     76.77 76.79 76.90 76.97 76.43 76.38 76.31 75.89 75.71 76.23 76.19 76.08 75.90 76.01 75.65 75.89 76.40 76.33 76.34 76.28 75.75 75.02 75.02 76.95 74.96 75.88 76.22 76.23 76.20 75.90 75.66 76.54 76.52 76.40 76.56 76.22 75.96 75.68 75.28 75.17 75.29 75.17 75.10 75.32 76.12 75.79 75.61 75.98 76.52 76.75 76.97 76.99 77.00 76.56 76.15 75.20 75.57 75.08 75.40 77.11 75.93 77.56 77.75 77.21 76.05 79.52 79.49 79.79 79.40 79.44 79.49 78.20 75.70 76.30 77.40 76.71 76.51 77.21 77.07 77.00 76.53 76.24 76.39 76.37 76.27 76.12 76.14 75.88 76.00 75.70 75.98 76.18 76.42 76.10 76.19 76.59 77.24 76.21 76.16 76.25 76.22 76.13 75.50 75.65 75.46 75.72 76.46 76.55 76.75 76.91 77.04 77.13 77.30 77.45 77.43 77.57 77.67 77.78 77.83 78.24 78.78 79.01 79.14 79.33 79.61 79.13 78.73 78.69 79.61 78.25 77.81 77.70 77.56 77.32 77.49 77.42 76.07 76.87 76.75 76.44 76.27 76.10 76.23 76.28 75.13 75.61 75.76 75.75 76.12 76.41 76.73 76.74 77.38 77.03 76.34 76.53 76.72 75.41 75.60 76.95 76.69 76.51 76.35 76.40 76.03 75.91 76.07 76.27 76.51 76.30 76.28 75.64 76.38 75.99 75.75 75.82 76.05 76.44 76.47 76.70
53°S ||     76.85 76.49 76.57 77.11 77.29 75.84 76.61 76.72 76.70 76.51 76.63 76.15 75.92 76.30 76.28 76.27 75.99 76.36 76.27 76.37 76.25 75.54 75.18 76.34 75.89 76.16 77.12 76.12 76.31 76.11 76.43 76.31 76.32 76.52 76.39 76.38 76.34 75.50 75.18 75.16 75.04 75.19 75.70 75.91 76.14 76.28 76.43 76.37 77.09 77.62 76.01 76.09 76.39 76.14 76.25 76.75 76.56 75.80 75.67 76.59 76.01 77.66 77.76 77.92 80.43 80.01 79.53 79.54 79.62 79.68 79.66 79.33 78.30 77.76 76.98 76.83 77.09 77.35 76.71 76.92 77.09 76.94 76.83 76.65 76.43 77.21 76.56 76.18 76.34 76.38 76.08 76.02 75.89 76.37 75.81 75.65 76.00 76.10 76.20 76.06 76.22 76.31 75.82 75.00 76.34 76.07 76.27 76.58 76.69 76.75 77.15 77.29 77.53 77.72 77.82 78.09 78.85 79.21 80.14 81.22 82.05 82.65 82.89 83.01 83.07 82.45 82.22 82.35 82.40 82.28 80.92 78.30 78.32 78.90 77.46 77.66 77.69 77.44 76.48 76.51 76.67 76.22 76.33 75.96 76.14 76.80 76.04 76.05 76.15 75.89 76.19 76.57 76.92 77.09 77.54 76.82 76.70 75.22 77.01 76.67 76.82 76.86 76.87 76.56 76.31 76.28 75.94 76.32 75.69 76.30 76.52 75.85 75.24 75.23 75.86 76.45 76.51 76.60 76.80 76.84
51°S ||     76.79 76.64 76.33 76.43 76.96 76.82 76.71 75.94 76.89 76.44 76.11 76.37 76.23 76.47 76.31 76.21 76.30 75.61 76.15 76.24 76.02 75.64 75.15 74.95 74.60 75.93 75.56 75.97 76.28 76.28 76.15 76.35 76.05 75.92 76.16 75.87 75.92 75.78 75.49 74.68 74.66 74.48 74.89 75.99 76.18 76.37 76.46 76.08 77.19 77.51 75.97 75.96 75.45 75.13 76.18 77.11 77.25 77.22 76.34 75.70 75.63 75.84 77.82 79.24 79.94 79.35 79.73 79.58 79.58 79.58 79.60 79.69 78.31 78.42 78.89 79.83 77.09 77.16 76.84 76.88 77.03 76.94 76.58 76.39 76.16 76.68 75.95 76.10 76.35 76.32 76.29 76.36 76.48 76.55 76.27 75.87 76.01 76.10 76.18 75.77 76.35 76.05 75.70 76.16 76.01 76.17 76.50 76.76 76.96 76.97 77.43 77.55 77.60 77.97 78.39 79.30 80.20 81.31 82.34 83.34 83.61 83.97 84.06 83.93 84.15 84.18 84.10 84.11 84.03 83.89 84.11 83.71 80.32 80.27 78.87 77.84 77.23 76.09 75.24 76.94 76.64 76.04 76.96 75.96 75.42 75.70 76.10 76.68 76.45 76.53 76.87 76.90 76.80 76.71 76.11 76.71 76.75 76.87 76.79 76.81 76.75 76.29 76.44 76.81 76.77 76.57 76.06 76.78 76.41 76.73 76.38 75.97 76.39 75.79 75.90 76.21 76.33 76.56 76.64 76.76
49°S ||     75.96 76.22 76.08 76.48 77.15 77.31 77.41 76.72 76.74 75.78 76.25 75.82 75.78 75.63 75.95 75.76 75.68 75.73 74.95 75.22 75.57 75.86 75.05 74.88 75.58 75.33 75.72 76.29 76.26 76.25 76.05 76.29 75.95 74.65 74.65 74.82 75.17 75.17 75.24 74.70 74.52 74.60 74.78 75.70 76.07 76.26 76.29 76.27 76.20 76.08 75.89 75.55 75.03 74.80 75.08 75.55 76.61 76.67 75.99 75.75 77.39 77.60 77.75 78.08 79.40 80.23 79.65 79.71 79.60 79.94 80.00 79.38 78.77 77.29 77.81 76.86 76.87 77.18 76.80 76.92 76.94 76.88 76.65 76.32 76.33 75.90 76.06 77.32 76.73 76.37 76.14 76.32 76.87 76.88 76.39 76.08 75.48 76.53 75.85 75.83 75.79 75.79 76.08 76.43 76.50 76.13 76.06 76.80 76.97 77.22 76.91 77.40 77.91 78.70 80.16 81.36 82.37 82.96 83.64 83.94 84.24 84.20 84.25 84.23 83.71 84.14 84.18 84.22 84.18 84.16 84.18 84.16 84.08 83.65 81.72 80.10 77.76 77.18 77.46 77.08 77.30 76.75 75.81 76.37 76.53 75.58 76.30 76.07 76.58 76.72 76.07 76.55 76.54 76.51 76.38 76.78 76.60 76.41 76.06 76.07 74.79 75.65 76.45 76.28 75.98 76.52 76.88 77.12 76.56 77.12 77.03 76.78 76.72 76.27 75.83 75.38 75.59 75.83 76.20 76.36
47°S ||     75.76 76.27 76.03 75.98 76.63 77.12 76.53 76.04 76.55 76.15 75.85 75.98 74.92 76.32 75.13 75.39 74.50 74.75 75.57 75.34 75.86 75.20 75.59 75.91 75.86 76.26 75.65 76.02 76.20 76.17 76.18 76.18 76.25 75.41 75.20 75.35 75.66 75.72 75.71 75.41 74.96 74.83 75.22 75.34 75.20 75.87 75.88 75.98 75.75 75.79 75.42 75.24 74.84 74.82 74.73 75.09 75.44 75.37 75.94 76.39 75.38 77.12 76.76 77.71 77.66 79.74 80.19 80.12 79.99 80.18 80.08 79.63 79.14 77.44 77.65 77.61 76.90 76.85 76.66 76.15 76.81 76.60 76.51 76.47 76.14 76.20 75.95 76.22 76.54 76.42 76.53 76.54 77.02 76.51 76.29 75.54 75.89 75.73 76.05 76.63 75.86 75.46 75.71 76.05 76.89 76.90 76.49 76.78 77.15 77.07 76.91 77.19 77.73 78.28 82.28 83.79 84.07 84.24 84.06 84.24 84.02 84.15 84.26 84.25 84.14 83.95 83.79 84.07 84.18 84.12 84.14 84.03 84.05 83.99 83.55 82.29 80.58 78.27 77.66 77.48 77.40 77.31 76.83 76.42 76.95 76.93 76.41 76.78 76.73 76.73 76.74 76.18 76.00 76.39 75.99 76.29 76.35 75.76 75.38 76.10 76.81 76.91 76.03 75.92 76.41 76.92 76.79 76.96 77.12 77.03 76.98 76.92 76.13 76.13 75.84 76.38 76.06 75.90 76.28 76.15
45°S ||     76.32 76.40 76.24 76.30 76.55 76.51 76.62 76.66 76.77 75.97 75.71 76.29 75.75 75.55 75.63 75.64 76.57 75.55 75.96 76.08 75.84 76.13 76.68 75.72 76.09 76.32 76.15 76.02 76.02 75.98 75.83 75.94 75.86 75.64 75.65 75.61 75.64 75.68 75.80 75.82 75.48 75.37 75.57 75.48 75.44 75.67 75.67 75.44 75.25 75.04 74.94 74.92 74.85 74.32 74.11 75.32 75.76 75.89 76.27 76.54 76.83 76.78 77.14 77.26 77.29 78.49 79.31 81.64 81.30 80.58 80.32 79.92 78.22 77.81 77.57 77.73 76.75 76.71 76.68 77.46 76.36 76.57 76.30 76.26 76.19 76.09 76.09 76.59 76.57 76.48 76.37 76.46 76.66 76.44 76.23 76.32 75.95 75.97 75.91 76.65 75.01 75.73 75.93 76.00 76.62 75.96 76.57 76.79 76.98 76.99 77.08 76.98 77.75 79.93 83.83 84.07 84.13 84.06 84.17 84.21 84.21 84.20 84.16 84.18 84.14 84.22 84.08 83.99 84.04 84.21 84.13 84.07 84.08 84.00 83.53 83.18 81.53 79.08 77.85 77.63 77.41 77.53 75.61 76.95 76.98 76.73 76.86 76.60 76.41 76.78 76.46 76.25 76.51 76.25 76.33 76.00 75.76 75.85 75.29 74.49 75.76 75.58 76.14 76.95 77.04 76.95 76.47 77.07 76.59 76.66 76.93 76.84 76.13 76.17 76.19 75.34 75.40 76.03 76.23 76.13
43°S ||     76.83 76.07 76.94 76.57 76.82 76.51 76.62 76.58 76.35 76.11 75.72 75.79 75.59 75.38 75.75 75.78 76.17 76.24 76.11 76.07 75.54 75.78 75.99 76.00 75.69 76.05 76.16 76.15 75.44 75.76 75.61 75.90 75.94 75.43 75.56 75.55 75.59 75.70 75.91 76.02 75.40 75.15 74.05 74.13 75.03 75.47 75.30 75.04 75.08 74.77 74.64 74.64 74.52 74.61 74.65 75.46 75.55 75.69 75.83 76.22 76.19 76.28 76.70 76.21 77.54 77.42 77.99 78.20 78.55 78.79 78.42 78.39 77.59 77.83 77.66 76.88 76.78 76.96 76.84 76.95 76.73 77.81 76.29 76.51 76.35 76.35 76.21 76.64 76.60 76.36 76.27 76.44 76.50 76.42 76.38 76.13 76.32 76.10 76.42 75.92 75.84 75.95 75.77 75.32 75.38 75.75 76.48 77.14 76.68 76.87 76.96 77.04 78.05 82.08 84.04 84.25 84.24 84.26 84.25 84.15 84.20 84.24 84.26 84.21 84.24 84.06 84.17 84.14 84.25 84.19 84.08 84.08 83.97 83.70 82.59 82.46 81.58 79.75 77.99 77.84 77.64 77.70 77.43 77.37 77.18 77.04 76.85 76.68 76.69 77.23 76.92 76.78 76.72 76.38 76.33 76.02 75.72 75.70 75.78 75.81 75.56 75.67 76.38 77.09 77.23 77.19 77.03 76.93 76.59 76.79 76.77 76.89 75.54 76.36 76.40 77.04 76.06 76.31 76.61 76.56
41°S ||     76.98 76.91 76.93 77.23 77.07 76.43 76.53 76.43 76.97 77.28 77.79 77.62 76.59 75.83 76.12 75.97 75.51 75.80 75.45 75.85 75.47 76.05 76.00 75.98 75.77 74.86 75.44 75.64 75.89 75.39 75.25 75.54 75.35 75.36 75.11 75.44 75.52 75.72 75.77 73.51 73.18 72.99 71.03 70.74 70.83 73.36 73.36 73.36 74.21 74.60 74.27 74.68 74.39 74.58 74.54 74.60 74.70 75.25 76.15 75.99 75.61 74.99 76.41 76.97 76.92 77.42 77.39 77.65 78.02 78.11 78.08 77.61 77.82 77.25 77.30 77.30 77.13 77.94 77.08 76.69 76.89 76.79 76.47 76.48 76.30 76.31 76.41 76.72 76.71 76.58 76.34 76.52 76.26 76.31 76.42 75.92 75.74 76.25 76.20 76.07 75.71 75.78 75.26 74.99 76.64 75.90 76.30 76.80 76.82 76.83 77.02 77.24 77.98 82.16 83.74 84.24 84.14 84.14 84.21 84.21 84.18 84.24 84.16 84.11 84.25 84.08 84.22 84.27 84.23 84.26 84.20 84.08 83.49 82.83 82.45 82.07 80.99 79.44 78.53 77.88 78.25 77.22 77.05 77.28 76.36 76.53 76.87 76.97 77.02 76.98 76.89 76.87 76.89 76.32 76.19 76.13 75.88 76.28 76.25 76.02 75.94 75.88 76.51 76.86 76.98 76.88 76.95 76.87 76.17 76.61 76.61 75.87 75.77 76.50 76.42 76.48 76.55 76.75 76.92 76.61
39°S ||     76.83 76.96 76.70 76.35 77.12 76.29 76.76 76.64 75.93 76.35 77.42 77.42 76.18 75.84 76.45 76.17 76.42 75.92 76.18 76.25 76.41 75.65 76.42 76.42 76.14 76.14 75.91 75.63 75.78 75.65 75.52 73.50 74.69 75.14 75.15 75.34 75.50 75.48 74.71 74.56 73.93 72.53 72.16 72.26 72.66 72.80 72.69 72.97 72.31 73.52 74.30 74.33 74.36 74.46 74.63 74.66 74.91 75.26 75.34 75.86 75.86 76.01 75.52 75.75 76.49 75.88 77.01 77.86 77.73 77.73 77.73 77.72 77.38 77.24 77.36 77.27 77.20 77.04 76.90 76.93 76.88 76.88 76.74 76.58 76.54 76.31 76.66 76.89 76.60 76.54 76.76 76.80 76.73 76.30 76.47 76.14 76.15 76.09 76.06 76.45 75.79 75.96 75.57 75.69 75.59 75.53 76.26 76.67 76.89 76.91 76.89 77.42 78.07 80.59 83.65 84.21 84.03 84.09 84.26 84.20 84.11 84.19 84.13 84.10 84.22 84.20 84.23 84.25 84.27 84.23 84.13 83.74 83.02 82.55 81.79 81.27 80.85 80.17 78.41 77.60 77.48 76.97 76.99 76.90 76.90 77.08 77.20 77.05 76.38 76.93 76.97 77.05 76.85 76.70 76.36 76.60 76.36 76.07 76.62 76.48 76.18 76.04 76.07 76.28 76.62 76.73 77.09 76.94 76.67 76.62 76.75 76.57 76.88 76.78 76.81 76.54 76.67 76.87 77.01 77.11
37°S ||     77.12 76.96 76.97 76.63 77.50 77.27 76.93 76.18 75.66 74.99 74.67 75.67 75.56 76.43 76.80 76.76 76.76 76.76 76.60 76.50 76.49 76.46 76.12 76.34 76.01 75.62 75.72 75.24 75.11 75.67 75.55 74.60 74.77 74.12 74.88 73.93 74.57 72.52 72.67 74.55 72.48 71.63 73.05 73.09 72.98 72.93 73.15 73.92 73.25 73.22 72.98 73.64 74.30 74.81 74.81 74.94 74.83 75.43 75.56 75.36 75.33 76.11 76.08 76.43 76.83 76.76 77.17 77.31 76.01 77.50 77.21 77.28 77.33 77.42 77.32 77.18 77.10 77.08 77.10 76.91 76.71 76.58 76.30 77.44 76.62 76.42 76.43 76.34 76.81 76.55 76.68 76.82 76.78 76.58 76.15 76.43 76.07 75.99 76.38 76.33 75.74 75.70 75.53 75.72 75.91 75.87 77.18 76.35 76.81 76.99 77.03 77.11 77.51 79.99 82.03 84.16 84.06 83.75 83.22 84.23 84.20 84.19 84.25 84.12 84.21 84.23 84.26 84.27 84.27 84.26 84.17 83.46 82.37 81.86 81.07 80.57 79.63 78.46 77.95 77.62 77.10 77.18 76.78 76.80 76.68 76.79 77.05 77.06 77.04 76.92 77.07 76.95 76.87 76.83 76.68 76.72 76.90 76.73 76.63 75.97 76.30 76.23 75.80 75.77 76.46 76.63 77.06 76.71 76.74 76.85 76.98 76.95 76.93 76.91 76.74 76.57 77.13 77.24 77.13 77.42
35°S ||     77.10 77.48 76.97 76.33 76.88 76.31 76.18 76.40 75.78 75.02 74.87 75.74 76.42 76.58 76.72 76.64 76.75 75.34 76.52 76.46 76.40 76.19 76.17 76.00 75.49 75.74 75.55 75.41 74.85 75.01 74.69 74.56 74.67 74.37 74.51 74.70 73.98 72.45 72.57 72.52 71.93 73.05 73.81 73.69 73.35 73.64 73.43 73.52 73.80 73.85 73.65 72.72 73.56 74.68 75.04 75.25 75.24 75.26 75.27 75.36 75.55 75.73 75.69 76.72 76.66 76.09 76.33 76.70 76.63 77.28 77.20 77.35 77.12 76.88 76.99 77.13 77.14 77.12 77.29 77.04 76.75 76.48 76.65 76.50 76.59 76.27 76.17 76.32 76.45 76.53 76.57 76.74 76.67 76.27 76.30 76.27 76.50 76.69 76.08 75.94 75.97 75.37 75.50 75.88 76.07 76.02 76.07 76.44 76.92 76.80 76.78 76.93 77.21 77.41 79.37 81.96 84.24 84.03 83.60 83.47 84.20 84.23 83.28 83.60 84.26 84.24 84.27 84.26 84.27 84.23 83.78 81.64 80.50 80.52 80.03 79.36 79.59 78.42 78.31 78.19 77.34 77.04 76.32 76.78 76.58 76.71 76.84 76.91 77.02 77.08 76.96 76.79 76.23 76.23 76.33 76.61 76.34 76.15 76.47 76.66 76.45 76.13 76.50 76.71 76.55 76.56 76.41 76.63 76.59 76.16 77.00 77.06 76.82 76.77 76.91 76.98 77.38 77.26 76.98 76.45
33°S ||     77.15 77.22 76.32 76.18 76.37 75.54 75.96 75.03 75.07 75.66 75.61 75.86 76.49 76.62 76.87 76.55 76.76 76.78 76.47 76.46 75.74 76.20 76.13 76.10 75.80 75.53 75.55 75.35 75.12 74.83 74.67 73.82 74.24 74.01 73.66 73.87 73.18 72.14 71.98 71.25 71.51 73.11 74.03 73.60 74.37 73.69 74.64 74.72 74.43 74.47 73.83 72.83 71.97 73.72 74.66 75.24 75.21 75.28 75.31 75.29 75.67 76.09 75.92 76.68 76.75 76.79 76.76 76.75 76.68 76.54 76.73 77.15 77.11 76.88 77.20 76.90 77.26 77.07 77.03 77.11 76.93 76.75 76.93 76.65 76.60 76.48 76.43 76.32 76.33 76.41 76.46 76.17 76.39 76.55 76.34 76.46 76.24 76.48 76.20 75.68 75.85 75.66 75.40 75.62 75.88 75.99 75.99 75.92 76.54 76.79 76.65 76.60 76.40 76.70 77.23 78.80 83.08 84.10 84.18 83.86 83.87 83.37 84.12 84.26 84.26 84.26 84.26 84.26 83.69 82.69 81.95 80.12 78.85 78.68 78.57 78.53 79.04 78.70 78.03 77.93 77.58 77.06 76.78 76.69 76.56 76.52 76.67 76.64 76.74 76.85 76.82 76.60 76.48 76.29 75.78 75.68 75.80 75.76 76.40 76.02 76.35 76.59 76.15 76.42 76.30 76.23 76.57 76.70 76.87 76.52 76.67 77.05 76.42 76.86 76.87 77.01 77.12 76.96 76.71 76.68
31°S ||     77.08 76.50 76.39 76.32 75.71 75.80 75.28 75.73 75.86 75.71 75.90 75.93 76.30 76.54 76.78 76.76 76.76 76.33 76.20 76.46 76.08 76.13 76.06 75.98 75.79 75.72 75.51 75.31 74.99 74.66 74.38 74.21 74.16 73.55 73.38 73.98 73.09 71.95 72.11 71.26 72.30 73.17 73.57 74.18 74.43 74.67 74.68 74.90 74.89 75.01 74.03 72.84 73.26 73.37 73.53 73.48 74.88 75.44 75.43 75.75 76.13 76.46 76.67 76.71 76.84 76.79 76.85 76.95 76.89 76.84 76.92 77.52 76.88 76.69 76.84 76.84 76.92 77.01 77.14 77.12 77.18 77.10 76.91 76.92 76.79 76.49 76.24 76.10 76.30 76.35 76.35 76.44 76.19 76.41 76.47 76.37 76.43 76.33 76.29 75.88 75.85 76.29 75.99 75.81 76.07 76.23 76.30 76.03 76.57 76.76 76.94 76.61 76.92 76.84 77.45 77.43 78.78 79.87 80.71 83.99 84.18 84.08 84.23 84.27 84.25 84.26 84.13 83.80 80.90 78.89 80.27 79.62 78.34 78.30 78.14 77.78 77.74 78.00 77.95 77.68 77.61 76.79 76.84 76.61 76.71 76.36 76.48 76.46 76.48 76.55 76.65 76.48 76.29 76.30 75.97 75.90 76.48 75.70 75.53 75.34 76.44 76.72 77.00 76.52 76.68 76.81 76.91 76.83 76.86 76.74 76.61 76.82 76.54 76.77 76.76 76.60 76.77 76.89 76.86 76.81
29°S ||     77.07 76.49 75.22 76.31 75.70 75.54 76.06 75.63 75.97 75.79 75.79 76.00 76.52 76.68 76.76 76.72 76.68 75.68 76.53 76.50 76.30 76.06 76.04 75.92 75.84 75.67 75.50 75.20 74.87 74.58 74.32 73.98 73.78 73.73 73.70 72.89 72.94 72.44 70.97 70.02 72.22 73.35 73.78 74.11 74.46 74.76 74.94 75.07 75.17 75.16 75.12 74.96 74.24 74.26 74.16 73.40 73.70 74.23 75.40 75.69 76.19 76.73 76.83 76.78 77.06 76.81 76.68 76.79 76.96 76.94 77.07 77.29 77.07 76.78 76.98 77.19 77.02 77.00 77.26 77.21 77.17 77.18 77.00 77.08 76.62 76.59 76.46 76.26 76.16 76.32 76.39 76.45 76.56 76.49 76.46 76.39 76.42 75.99 76.32 75.99 76.43 76.48 76.21 76.20 76.44 76.53 76.60 76.52 76.01 76.72 76.46 76.90 77.01 77.09 76.57 76.78 77.67 77.59 78.37 78.41 79.67 79.72 81.56 83.49 82.32 82.66 80.99 81.61 78.82 78.08 77.80 77.56 77.87 77.99 77.81 77.53 77.65 77.63 77.57 77.21 77.18 76.95 76.75 76.64 76.60 76.48 76.45 76.51 76.51 76.54 76.57 76.38 76.37 75.95 76.17 75.77 75.29 75.54 76.25 75.27 76.24 76.63 76.77 76.35 76.79 76.07 76.74 76.88 76.68 76.57 76.72 76.61 76.43 76.54 76.58 76.76 76.63 76.76 76.87 77.00
27°S ||     76.79 76.44 76.39 76.33 75.80 75.69 76.25 75.39 75.83 76.16 76.07 76.40 76.36 76.50 76.76 76.56 76.76 76.03 76.52 75.99 76.02 76.04 75.92 75.89 75.69 75.58 75.43 75.30 74.83 74.51 74.16 73.84 73.43 73.45 73.28 73.48 73.71 72.24 71.95 70.28 72.50 73.40 73.78 74.20 74.56 74.86 75.07 75.21 75.30 75.45 75.43 75.50 75.25 74.62 74.62 74.73 75.02 75.00 74.90 74.89 74.65 76.22 76.86 76.88 76.84 76.85 76.93 77.08 76.91 76.83 76.86 77.33 77.44 77.58 77.20 76.94 77.16 77.18 77.33 77.32 77.31 77.29 77.20 77.01 76.91 76.70 76.76 76.78 76.45 76.35 76.32 76.51 76.53 76.16 76.31 76.43 76.44 76.19 76.18 76.17 76.42 76.61 76.15 76.41 76.59 76.48 76.72 76.18 75.80 76.04 76.60 76.63 76.86 76.69 76.65 76.72 76.70 77.60 77.55 77.72 77.88 78.03 78.22 78.35 78.50 79.09 79.73 79.12 78.85 78.05 77.58 77.87 77.81 77.70 77.35 77.49 75.85 77.56 77.54 76.34 76.82 76.54 76.48 76.47 76.50 76.51 76.51 76.52 76.43 76.39 76.36 76.13 75.68 75.58 75.45 75.74 76.31 75.38 75.47 76.11 75.77 76.20 76.63 76.61 76.95 76.21 76.79 76.58 76.75 76.86 76.79 76.65 76.28 76.07 76.12 76.48 76.48 76.54 76.85 76.90
25°S ||     76.87 76.26 76.59 76.35 76.29 76.26 76.40 76.70 76.22 76.52 76.35 76.84 76.84 76.76 76.85 76.67 76.71 76.36 76.02 76.43 76.09 75.95 75.89 75.76 75.62 75.41 75.26 75.09 74.70 74.24 73.90 73.60 73.33 73.15 73.09 72.38 72.81 73.21 71.95 72.32 72.78 73.34 73.86 74.23 74.46 74.74 74.92 75.16 75.31 75.32 75.50 75.55 75.27 74.88 73.97 74.71 75.03 75.20 75.20 75.04 74.29 75.56 76.66 76.71 76.81 76.82 76.82 76.37 76.58 76.70 76.76 76.79 77.19 77.70 77.85 77.28 77.39 77.45 77.62 77.39 77.39 77.32 77.57 77.23 77.40 76.91 76.97 76.98 76.95 76.42 76.72 76.62 76.82 76.09 76.48 76.44 76.45 76.05 75.73 76.39 76.41 76.30 76.37 76.41 76.28 75.93 76.33 75.72 75.52 75.87 76.15 76.24 76.57 76.42 76.84 77.21 76.93 77.37 77.54 77.68 77.80 77.69 77.62 78.19 77.76 78.63 78.21 77.64 77.53 77.38 77.52 77.31 77.29 77.46 77.30 76.73 76.65 76.93 76.17 76.59 76.47 76.29 76.16 76.21 76.30 76.36 76.60 76.39 76.34 76.22 76.16 75.97 75.62 75.23 75.39 75.66 76.03 75.62 75.10 75.54 75.44 75.85 76.25 76.63 76.31 76.34 76.72 76.31 76.59 76.73 76.70 76.35 76.05 76.57 76.62 76.45 76.57 76.90 77.09 76.83
23°S ||     76.83 76.82 76.37 76.39 76.32 76.42 76.61 76.75 76.87 76.93 76.91 76.87 77.02 77.08 76.85 76.97 75.80 76.08 76.49 76.13 76.12 75.86 75.85 75.74 75.56 75.27 75.04 74.70 74.30 73.92 73.58 73.19 72.99 72.87 72.94 72.88 72.02 72.42 71.91 72.20 72.73 73.33 73.70 73.97 74.23 74.46 74.71 74.95 75.21 75.36 75.63 75.61 75.60 75.25 74.49 74.67 75.00 75.02 74.98 74.61 73.91 75.77 76.53 76.58 76.33 76.50 76.71 76.41 76.72 76.70 76.55 76.93 77.05 77.45 77.59 77.72 77.33 77.44 77.36 77.49 77.48 77.41 77.43 77.64 77.33 77.08 77.15 77.24 77.13 76.24 76.79 76.62 76.85 76.88 76.90 76.51 76.43 77.27 76.32 75.99 76.15 75.96 75.75 75.61 75.89 76.29 75.58 75.54 75.24 75.82 76.06 76.46 76.35 76.02 75.98 76.23 76.73 76.92 77.13 77.28 77.60 77.41 77.62 77.77 77.78 78.12 77.73 77.40 77.38 77.26 76.98 77.03 77.17 77.25 76.63 76.16 75.57 75.76 76.13 76.42 76.23 76.04 75.74 75.88 76.18 76.27 76.33 76.41 76.16 76.11 76.04 75.98 76.17 76.04 76.11 75.59 76.06 75.61 75.24 75.58 75.19 76.01 76.22 76.44 76.44 76.59 76.50 76.62 76.55 77.00 76.53 77.23 76.50 76.58 76.64 76.59 76.44 76.96 77.21 76.82
21°S ||     76.63 76.72 76.39 76.40 76.38 76.39 76.67 77.19 76.96 76.89 76.78 76.83 76.91 76.77 76.88 76.95 76.65 76.34 76.37 76.17 76.00 75.82 75.76 75.61 75.42 75.20 74.80 74.33 73.79 73.37 73.05 72.69 72.48 72.46 72.61 72.11 72.30 71.56 71.72 72.26 72.66 73.09 73.35 73.63 73.93 74.16 74.48 74.71 74.97 75.19 75.33 75.52 75.56 75.17 74.69 74.98 74.59 74.88 74.56 74.21 74.28 74.63 76.43 76.40 76.47 76.35 76.65 76.75 76.70 76.73 76.84 76.82 77.00 77.21 77.63 77.84 77.57 77.46 77.56 77.61 77.53 77.49 77.45 77.60 77.51 77.61 77.24 77.26 77.12 76.83 76.71 76.85 76.97 77.02 76.69 76.59 76.45 76.14 76.10 76.25 76.35 76.43 75.54 75.89 76.13 76.04 76.25 75.35 75.26 75.69 76.10 75.75 76.18 76.17 76.24 76.47 76.57 76.91 76.97 77.29 77.40 77.51 77.22 77.68 77.43 77.35 77.43 76.64 76.98 76.98 76.89 76.76 77.10 76.64 76.29 76.05 75.00 75.16 75.98 75.86 76.07 76.04 75.69 75.36 76.19 76.30 76.31 76.33 76.32 76.11 75.88 75.64 75.37 75.68 76.37 75.69 75.86 75.79 75.32 76.00 75.88 76.05 75.93 75.92 76.46 76.58 76.76 76.58 76.34 76.96 77.05 76.79 76.84 77.04 76.96 76.55 76.23 76.69 76.70 76.50
19°S ||     75.96 76.26 76.27 76.12 76.45 76.68 76.95 77.45 77.41 77.14 77.03 76.82 76.91 76.89 77.04 76.88 76.67 76.62 76.21 76.17 76.00 75.77 75.63 75.37 75.20 74.93 74.55 73.86 73.00 72.54 72.25 72.11 71.98 72.11 72.35 70.73 72.00 71.47 71.62 71.93 72.12 72.50 72.80 73.09 73.46 73.82 74.18 74.45 74.77 74.98 75.12 75.22 75.37 75.31 74.89 74.47 74.45 74.44 74.57 74.45 74.08 75.45 76.21 76.16 76.33 76.48 76.78 76.80 76.85 76.69 76.81 76.97 77.19 77.49 78.00 78.04 77.95 77.48 77.66 77.64 77.87 77.59 77.52 77.49 77.67 77.75 77.39 77.19 77.21 77.26 77.12 77.00 77.04 76.97 76.65 76.72 76.42 76.34 76.54 75.90 76.25 76.34 75.72 76.07 75.68 76.01 75.34 75.16 75.67 75.69 75.50 75.85 75.83 76.01 76.12 76.27 76.31 76.25 76.31 77.07 77.22 77.23 77.30 77.29 77.13 77.12 76.78 76.78 76.85 76.76 76.71 76.29 76.14 76.38 76.13 75.86 75.43 75.29 75.70 75.91 76.17 76.19 76.36 76.35 76.22 76.25 76.27 76.29 76.16 76.07 76.24 75.74 75.43 75.53 75.93 76.06 75.95 76.12 75.65 76.04 76.14 75.96 75.85 75.77 76.27 76.29 76.18 76.11 76.69 77.00 77.19 77.29 77.34 77.49 77.26 77.30 77.19 76.98 77.04 75.99
17°S ||     76.00 76.00 76.14 76.48 76.50 76.71 77.23 77.34 77.32 77.25 77.14 76.93 76.99 76.51 76.97 77.27 76.78 76.77 76.46 76.12 75.98 75.78 75.41 75.11 74.91 74.61 74.12 73.02 72.07 71.50 71.41 71.50 71.69 71.87 71.54 70.88 71.30 71.52 71.37 71.24 71.37 71.79 72.20 72.50 73.02 73.43 73.82 74.11 74.45 74.74 74.86 75.07 75.08 75.16 74.80 74.42 73.90 73.92 74.47 74.34 74.09 75.58 76.17 75.65 76.05 78.30 79.31 77.87 76.76 76.88 76.55 76.91 77.13 77.37 78.00 77.94 77.98 77.48 77.70 77.53 77.67 77.61 77.62 77.61 77.64 77.60 77.47 77.47 77.43 77.28 77.01 77.06 77.06 76.95 76.79 76.77 76.47 76.53 76.23 76.77 76.35 76.14 75.76 75.76 75.74 75.68 75.79 75.30 75.79 75.75 75.89 75.72 75.52 75.51 75.81 75.87 76.03 76.56 76.63 76.22 76.66 76.57 76.73 76.76 76.68 77.01 76.93 76.92 76.83 76.72 76.25 76.31 75.37 75.73 75.88 75.73 75.19 75.22 75.75 75.99 76.25 76.26 76.36 76.44 76.26 76.22 76.19 76.13 76.09 75.87 76.01 75.93 75.61 75.73 75.60 75.66 75.92 76.13 75.92 76.39 76.11 76.08 75.87 75.68 76.56 75.73 76.02 76.24 76.70 77.16 77.27 77.40 77.40 77.52 77.62 77.35 77.36 77.17 77.36 76.88
15°S ||     77.09 76.00 76.79 76.59 76.86 77.01 77.65 77.53 77.21 77.26 77.25 76.95 76.81 76.86 76.99 77.24 76.09 76.82 76.99 76.23 76.04 75.74 75.46 75.15 74.75 74.24 73.38 71.94 70.44 69.98 70.46 71.07 71.26 71.55 71.70 71.64 71.84 71.87 71.13 70.77 70.73 71.34 71.70 72.05 72.57 73.16 73.57 73.88 74.09 74.25 74.26 74.67 74.85 74.85 74.52 74.39 74.00 74.97 74.27 75.14 75.51 78.02 78.84 79.37 79.88 79.53 78.81 79.77 79.69 76.99 76.90 77.29 77.23 77.31 77.77 77.74 77.88 77.73 77.62 77.58 77.61 77.63 77.59 77.74 77.59 77.55 77.56 77.45 77.38 77.33 77.39 77.24 77.15 76.91 76.80 76.81 76.73 76.56 76.12 76.54 75.99 76.09 75.97 75.64 75.76 75.50 75.64 75.61 75.46 75.53 75.90 75.45 75.27 75.25 75.33 74.99 75.86 76.55 76.57 76.59 76.19 76.60 76.58 76.48 76.69 76.84 76.78 76.96 76.52 76.21 76.04 75.23 75.15 75.22 75.51 75.39 75.16 75.34 75.40 75.81 76.10 76.29 76.25 76.26 76.36 76.26 76.08 76.16 75.88 76.02 75.89 76.08 75.53 75.25 76.14 76.29 75.69 76.25 76.30 76.07 76.13 76.02 75.69 75.89 76.30 76.41 76.29 76.31 76.53 77.30 77.48 77.96 77.70 77.62 77.36 77.72 77.49 77.90 76.82 76.95
13°S ||     77.19 77.13 76.91 76.69 76.87 77.18 77.44 77.65 77.54 77.63 77.46 77.15 77.06 77.18 77.16 77.22 76.87 76.83 76.72 76.44 76.17 75.81 75.50 75.16 74.65 74.00 73.01 70.97 68.61 68.10 69.42 70.61 70.99 71.09 71.18 71.92 71.66 71.61 70.97 70.67 70.71 72.00 71.22 71.74 72.29 72.82 73.33 73.65 73.89 74.06 74.11 74.85 74.25 75.41 78.30 77.89 77.82 75.87 79.58 80.18 78.23 75.64 75.56 75.80 78.47 78.55 77.84 77.93 76.42 79.12 77.23 77.14 77.32 77.45 77.51 77.75 77.67 77.86 78.00 77.67 77.63 77.64 77.62 77.62 77.50 77.54 77.63 77.50 77.37 77.54 77.43 77.37 77.24 77.06 77.27 76.96 76.82 76.62 76.50 76.50 76.47 76.23 75.89 75.70 75.51 75.93 75.56 75.53 75.41 75.33 75.34 75.49 75.10 75.46 75.35 75.56 75.58 76.31 76.46 76.33 76.39 76.58 76.48 76.46 76.21 76.60 76.65 76.66 76.49 76.31 75.38 75.15 74.86 75.37 75.28 75.50 75.11 75.28 75.91 75.94 76.38 76.27 76.36 76.29 76.34 76.28 75.96 75.81 75.76 75.83 75.81 75.61 75.95 75.55 76.33 76.31 75.86 75.84 76.16 76.26 76.01 76.09 75.75 75.62 75.93 76.71 76.75 76.87 77.14 77.51 77.65 77.79 77.83 77.78 77.74 77.84 77.94 77.78 77.93 77.78
11°S ||     77.92 77.69 77.98 78.01 77.34 77.32 77.48 77.69 77.55 77.56 77.46 77.42 77.45 77.20 77.34 77.27 77.20 76.97 76.84 76.58 76.27 76.01 75.56 75.15 74.50 73.88 72.97 71.20 68.68 66.66 67.74 70.61 70.89 70.90 70.80 71.50 71.41 71.09 70.58 70.32 70.81 71.18 71.11 71.65 72.12 72.56 73.29 73.50 73.71 73.94 73.81 74.50 77.42 77.94 80.41 80.53 76.59 73.25 73.06 74.17 74.86 75.07 75.36 75.58 76.03 75.91 76.09 77.18 76.64 76.81 79.56 77.68 79.55 77.78 77.59 78.20 78.08 77.80 77.93 77.95 77.68 77.68 77.72 77.65 77.68 77.63 77.77 77.58 77.63 77.49 77.50 77.61 77.27 77.17 77.01 77.02 77.05 76.76 75.74 76.11 76.51 76.57 76.14 75.91 75.81 75.50 75.47 75.55 75.33 75.36 75.75 75.46 75.54 75.26 75.50 75.63 75.56 75.79 76.13 75.93 76.07 76.30 76.26 76.18 75.89 76.55 76.50 76.69 76.48 76.45 76.21 75.47 74.95 75.18 75.13 75.65 75.34 75.78 76.10 76.12 76.48 76.40 76.26 76.34 76.36 76.32 76.22 76.27 76.03 76.03 75.87 75.56 75.19 75.65 75.59 75.82 76.18 76.26 76.02 76.39 76.17 76.59 76.78 76.51 76.68 77.47 76.81 77.11 77.28 77.59 77.70 77.74 77.94 77.88 77.98 78.07 78.08 77.67 77.78 77.58
9°S ||     77.43 77.59 77.56 77.83 77.99 77.44 77.70 77.55 77.71 77.78 77.55 77.61 77.47 77.41 77.42 77.28 77.28 77.10 76.97 76.69 76.47 76.08 75.76 75.27 74.72 74.02 73.20 72.39 69.08 65.35 65.33 69.46 70.76 70.76 70.83 70.70 71.15 70.90 70.93 70.58 70.72 71.38 73.14 74.81 73.64 72.62 73.23 73.84 73.78 74.20 77.72 78.52 78.39 80.20 77.98 73.75 72.84 74.70 73.51 74.80 75.07 75.21 75.83 75.77 76.19 76.35 77.51 76.73 78.39 77.00 79.65 79.62 79.94 78.88 78.56 78.13 77.68 77.84 77.87 78.42 77.95 77.66 77.75 77.78 77.74 77.77 77.89 77.61 77.65 77.66 77.77 77.40 77.40 77.35 77.16 76.97 77.03 76.86 76.37 76.29 76.55 76.33 76.03 76.18 76.15 75.76 75.49 75.83 76.77 77.03 75.56 75.81 75.67 75.76 75.72 75.58 75.60 75.67 75.92 75.98 75.95 75.78 75.98 75.79 75.76 75.87 76.13 76.43 76.47 76.47 76.17 75.80 74.97 75.77 75.78 75.23 76.05 76.28 75.75 76.16 76.45 76.48 76.60 76.43 76.44 76.26 76.19 76.53 76.45 76.11 75.42 75.63 75.20 75.91 76.28 76.14 76.32 76.64 76.31 76.45 76.84 77.46 77.66 77.33 77.29 77.65 77.62 77.53 77.67 77.70 77.79 77.89 78.00 78.61 78.22 78.18 77.70 76.40 77.75 77.66
7°S ||     77.71 77.68 77.61 77.61 78.34 78.12 77.80 77.85 78.19 77.94 77.85 77.68 77.57 77.55 77.54 77.58 77.53 77.28 77.09 76.87 76.60 76.27 75.93 75.40 74.86 74.33 73.67 73.09 69.74 66.56 67.32 68.85 70.40 70.67 70.85 71.07 70.59 70.60 71.05 70.58 74.06 74.41 71.63 75.60 74.82 74.78 75.22 77.28 77.14 76.13 74.88 73.46 76.10 79.84 77.53 77.99 78.31 75.43 74.62 75.25 75.38 75.41 75.71 75.88 76.88 78.17 78.20 77.74 76.43 76.58 78.09 79.73 79.58 78.96 79.35 78.84 78.45 77.75 77.72 77.87 77.91 77.82 77.86 77.71 77.77 77.71 77.62 77.55 77.52 77.59 77.54 77.62 77.40 77.35 77.34 77.38 77.38 77.01 76.63 76.75 76.03 75.98 76.11 76.19 75.54 75.98 76.12 75.84 75.82 75.85 76.03 76.00 76.13 75.47 75.56 75.58 75.56 76.05 76.09 75.91 75.55 75.39 75.47 75.26 75.67 76.15 75.93 76.08 76.45 76.46 76.36 76.25 75.32 75.23 75.65 75.86 75.91 76.01 75.88 76.24 76.48 76.43 76.67 76.64 76.60 76.64 76.72 76.74 76.72 76.92 75.21 75.06 75.24 75.90 75.48 76.58 77.46 77.03 77.12 77.08 77.46 77.64 77.58 77.49 77.81 78.00 77.84 77.96 77.98 77.95 77.98 77.97 78.08 78.27 78.49 78.50 78.07 77.93 77.84 77.72
5°S ||     77.76 77.83 77.92 77.88 77.74 78.40 78.31 78.30 78.47 78.01 77.84 77.55 77.65 77.74 77.86 77.95 77.95 77.71 77.18 77.17 76.86 76.57 76.22 75.71 75.24 74.70 74.17 73.29 72.08 70.41 69.07 69.32 70.39 70.54 70.93 71.20 71.17 72.22 71.44 70.77 71.14 71.46 71.91 76.20 74.53 76.51 74.40 75.31 74.48 73.73 73.28 76.25 77.04 77.57 76.91 73.81 74.20 75.31 77.54 77.58 75.62 75.76 75.87 75.92 76.53 76.21 76.83 76.42 76.51 76.74 77.16 77.61 78.81 77.45 77.43 78.70 78.96 78.59 77.58 77.69 78.38 78.01 77.96 77.86 77.82 77.70 77.59 77.61 77.71 77.63 77.56 77.52 77.58 77.32 77.34 77.43 77.38 77.36 77.14 77.21 76.62 75.81 75.99 76.15 76.43 76.18 76.07 76.00 76.11 75.94 76.44 76.50 76.36 75.68 75.51 75.56 75.33 75.54 75.29 75.82 75.53 75.83 75.60 75.60 75.84 75.65 76.16 75.84 76.32 76.39 76.26 75.76 75.88 75.38 75.82 75.99 76.28 76.21 76.32 76.43 76.34 76.55 76.93 76.97 76.82 76.80 77.29 77.09 76.76 76.58 76.09 75.70 76.40 76.33 76.24 76.68 77.88 77.48 79.12 77.96 77.76 77.56 77.56 77.85 77.86 78.13 78.14 78.07 78.08 78.14 78.23 78.17 78.40 78.38 78.38 78.45 78.49 78.22 78.02 77.87
3°S ||     77.89 77.85 78.02 78.05 77.94 78.77 78.79 78.60 78.16 78.36 77.69 77.34 77.93 78.43 78.36 78.52 77.64 77.21 77.69 77.45 77.25 76.83 76.72 76.24 75.66 75.13 74.63 73.73 73.04 71.71 70.70 70.51 70.21 70.18 71.03 71.48 71.82 71.99 72.02 71.56 71.35 71.95 72.34 73.25 73.55 73.60 74.24 74.28 74.10 73.78 73.54 73.31 73.82 75.77 75.35 74.35 74.96 75.47 75.78 78.11 75.59 76.25 76.21 76.38 76.52 76.61 77.35 76.86 76.98 77.22 77.36 77.48 79.58 77.72 77.65 78.43 78.13 78.25 77.80 77.85 77.97 77.97 78.35 78.03 77.84 77.76 77.83 77.71 77.70 77.67 77.63 77.56 77.50 77.48 77.40 77.37 77.07 77.37 77.37 77.40 76.81 76.33 76.17 76.32 76.55 76.15 76.26 76.42 76.36 76.36 76.55 76.55 76.29 76.02 75.86 75.42 75.14 76.26 76.03 75.87 75.78 75.87 75.71 76.02 75.55 75.88 75.64 76.26 76.31 76.50 76.11 76.24 76.15 76.02 76.39 76.94 76.07 76.66 76.56 76.33 76.55 76.61 77.16 77.17 76.88 77.37 77.26 76.94 76.71 76.48 75.99 76.19 76.10 76.27 76.45 77.11 77.89 77.87 77.92 77.67 77.95 77.88 77.85 77.80 77.92 78.15 78.03 77.86 78.36 78.41 78.37 78.50 78.56 78.62 78.61 78.63 78.55 78.42 78.10 78.07
1°S ||     78.13 78.07 78.12 78.30 78.40 78.80 78.82 78.54 78.38 77.90 77.60 77.24 77.98 78.36 78.73 78.07 77.70 77.90 77.82 77.48 77.38 77.20 77.00 76.64 76.16 75.45 74.84 74.15 73.46 72.72 71.65 71.05 69.62 68.07 71.24 71.69 71.96 72.24 72.40 72.42 72.46 73.33 73.69 74.00 74.26 74.81 75.11 75.32 75.57 75.73 75.03 76.38 78.38 74.37 74.50 74.79 75.59 75.90 75.99 76.93 76.27 76.49 76.50 76.50 76.69 76.78 76.76 77.41 77.44 77.41 78.29 77.52 79.14 79.28 77.91 77.92 77.82 77.85 77.90 78.12 78.61 78.35 78.25 77.89 77.93 77.90 77.81 77.71 77.65 77.63 77.66 77.73 77.58 77.55 77.43 77.38 77.00 77.36 77.35 77.38 76.84 76.69 76.55 76.38 76.55 76.50 76.45 76.59 76.63 76.67 76.78 76.75 76.19 75.97 75.94 75.63 75.34 76.31 76.11 76.07 76.09 75.72 75.78 75.59 75.93 75.98 76.15 76.27 76.74 76.62 76.32 75.82 76.30 76.39 76.89 76.89 76.71 77.32 76.60 76.46 76.64 76.77 77.21 77.25 77.29 77.40 77.33 76.62 76.86 76.49 76.38 76.47 76.99 77.04 77.28 77.84 78.06 78.20 78.04 78.01 78.30 78.16 77.94 77.93 78.16 78.06 77.83 78.06 78.32 78.44 78.49 78.53 78.55 78.63 78.66 78.64 78.47 78.49 78.31 78.17
1°N ||     78.21 78.12 78.28 78.61 78.50 78.65 78.83 79.06 78.43 78.02 77.66 77.68 78.28 78.73 78.75 78.39 78.14 78.01 77.44 77.71 77.50 77.50 77.03 76.46 75.98 75.84 75.22 74.34 73.54 73.25 72.82 72.26 70.01 67.33 68.30 71.97 72.13 72.26 72.59 72.92 73.33 73.67 73.91 74.23 74.63 75.13 75.44 75.78 76.27 76.56 75.30 74.30 74.11 74.51 74.82 75.41 75.83 76.23 76.28 76.64 76.42 76.63 77.12 76.62 76.73 76.84 76.73 77.77 77.15 77.36 77.59 79.00 80.01 79.90 77.70 77.82 77.84 77.89 77.74 78.65 77.75 78.57 78.02 77.85 78.12 77.99 77.84 77.70 77.77 77.65 77.64 77.70 77.61 77.60 77.57 77.42 77.37 77.13 77.16 77.02 77.00 77.04 76.87 76.96 76.62 76.43 76.47 76.89 76.76 76.74 76.71 76.38 76.48 76.37 76.01 75.83 76.13 76.11 75.83 76.21 76.02 75.88 75.95 75.98 75.96 76.06 76.22 76.44 76.47 76.65 76.98 76.83 77.19 77.16 77.19 77.19 76.97 76.95 77.11 76.90 77.22 77.27 77.46 77.45 77.50 77.29 76.88 76.84 76.89 76.65 76.85 77.14 77.65 77.77 77.80 77.86 78.07 78.21 78.14 78.28 78.16 78.16 78.07 78.24 78.19 78.09 77.96 78.25 78.37 78.43 78.50 78.55 78.56 78.60 78.63 78.63 78.65 78.58 78.50 78.38
3°N ||     78.68 78.57 78.63 78.76 78.89 78.96 78.92 78.82 78.70 78.03 77.90 77.95 78.79 78.94 78.90 78.66 78.47 77.74 77.65 77.88 77.75 77.30 76.86 76.29 75.69 76.35 75.69 73.75 73.55 73.65 73.52 73.65 73.15 69.71 71.23 72.25 72.01 72.14 72.65 73.12 73.54 73.77 73.96 73.94 75.02 75.45 75.92 76.22 76.50 77.00 77.05 75.85 75.28 75.50 75.87 76.19 76.38 76.48 76.55 76.80 76.72 76.64 76.40 77.16 77.25 76.96 77.07 77.38 77.42 77.58 77.66 77.77 79.31 79.50 79.01 78.61 78.68 78.44 78.28 78.23 77.90 77.81 78.04 77.92 77.85 78.12 77.79 77.65 77.72 77.71 77.78 77.71 77.67 77.61 77.55 77.44 77.42 77.26 77.35 77.23 77.22 77.23 77.22 77.05 77.05 76.60 76.82 77.11 77.36 76.69 76.81 76.59 76.26 76.23 76.09 76.46 76.28 76.27 75.98 76.24 76.08 75.94 75.91 76.03 76.04 76.11 76.32 76.45 76.66 76.75 77.36 77.62 77.82 77.94 78.24 77.88 77.31 77.23 77.12 77.32 77.35 77.48 77.56 77.48 77.44 77.13 77.10 76.98 76.88 76.64 77.28 77.85 77.79 77.69 77.74 78.04 78.14 78.23 78.27 78.35 78.11 78.34 78.24 78.31 78.28 78.15 78.20 78.33 78.38 78.42 78.44 78.53 78.56 78.58 78.58 78.62 78.64 78.67 78.70 78.72
5°N ||     78.66 78.78 79.09 78.80 78.99 79.02 78.95 78.92 78.80 78.40 78.21 78.13 78.95 79.09 79.09 78.94 78.15 77.62 78.09 77.98 77.64 76.99 76.51 76.15 76.40 76.50 76.29 75.12 73.66 73.56 73.78 74.21 74.46 74.13 73.21 72.58 71.81 71.63 72.78 73.39 73.79 74.01 74.12 73.88 75.21 75.96 76.31 76.54 76.85 77.27 77.44 76.27 76.25 76.51 76.67 76.81 76.79 76.82 76.86 76.99 77.20 76.88 76.57 76.70 76.92 77.25 77.40 77.47 77.50 77.69 77.93 79.07 77.95 78.67 79.41 78.96 78.39 77.96 77.88 77.92 77.79 77.94 77.84 77.91 78.14 77.90 77.86 77.69 77.74 77.70 77.67 77.69 77.54 77.52 77.50 77.49 77.47 77.48 77.39 77.25 77.24 77.23 77.17 77.21 77.15 77.12 77.17 77.09 77.15 76.57 76.70 76.05 76.22 76.12 76.29 76.15 76.17 76.30 76.23 76.21 76.08 75.97 75.86 75.91 76.41 76.18 76.30 76.54 76.80 77.14 77.62 79.16 79.33 79.33 79.28 79.06 78.63 77.71 77.57 77.52 77.51 77.65 77.58 77.44 77.46 77.20 77.08 77.10 76.73 76.81 77.82 77.77 77.86 77.89 77.96 77.99 78.17 78.25 78.33 78.34 78.30 78.26 78.32 78.32 78.33 78.32 78.33 78.32 78.38 78.40 78.40 78.47 78.51 78.54 78.56 78.61 78.65 78.67 78.70 78.74
7°N ||     78.71 78.79 78.85 78.88 78.98 79.02 79.01 78.99 78.91 78.66 78.37 78.72 79.10 79.20 79.23 78.98 78.03 78.41 78.32 78.01 77.46 77.08 77.15 76.96 76.83 76.79 76.51 75.80 73.25 73.41 73.77 74.59 74.86 74.60 73.94 73.03 70.83 70.81 73.26 73.75 74.04 74.22 74.33 74.60 75.73 76.10 76.39 76.69 76.96 77.23 77.45 77.49 76.78 76.75 76.75 76.78 76.90 77.01 77.11 77.19 77.23 77.08 76.73 77.07 77.34 77.41 77.55 77.61 77.64 77.78 78.01 79.10 79.53 79.07 79.38 78.00 77.95 77.89 78.30 78.49 78.27 77.90 77.95 78.04 77.89 77.77 77.78 77.68 77.74 77.64 77.70 77.66 77.64 77.71 77.49 77.44 77.39 77.49 77.33 77.15 77.15 77.19 77.26 77.15 77.12 77.26 76.94 77.37 77.15 77.19 76.83 76.50 76.43 75.97 76.08 76.17 76.07 76.23 76.23 76.25 76.04 76.09 75.88 76.36 76.67 76.09 76.31 76.61 77.14 77.73 79.08 79.44 79.38 79.36 79.35 79.27 79.22 78.75 77.75 77.73 77.77 77.68 77.51 77.55 77.20 76.97 77.07 77.30 77.12 77.10 77.74 77.93 77.98 78.06 78.20 78.09 78.28 78.34 78.28 78.35 78.38 78.28 78.31 78.30 78.34 78.34 78.32 78.32 78.32 78.33 78.35 78.32 78.45 78.51 78.49 78.60 78.66 78.70 78.72 78.75
9°N ||     78.78 78.92 78.70 78.78 79.01 79.00 79.02 78.98 79.09 78.76 78.50 79.02 79.23 79.29 79.26 78.75 78.43 78.73 78.27 77.76 77.67 77.51 77.44 77.33 77.18 76.96 76.71 75.91 73.82 73.71 74.30 75.15 75.12 75.29 74.84 73.48 70.18 68.35 72.52 74.04 74.20 74.43 74.65 75.03 75.65 76.11 76.45 76.76 76.98 77.25 77.46 77.50 77.37 76.94 76.88 76.89 76.99 77.11 77.19 77.30 77.39 77.32 77.20 77.24 77.36 77.58 77.79 77.81 77.86 78.21 79.04 79.11 78.97 79.46 78.20 78.16 78.24 78.16 78.49 77.96 77.97 77.92 77.88 77.95 78.03 77.88 77.82 77.92 77.83 77.85 77.72 77.68 77.60 77.65 77.56 77.72 77.48 77.39 77.35 77.38 77.34 77.07 76.91 76.84 77.19 77.30 77.34 77.04 76.98 76.86 76.81 76.81 76.67 76.80 76.54 76.29 76.17 76.21 76.20 75.93 76.12 76.04 75.77 76.89 76.19 76.08 76.42 76.81 77.35 78.21 79.23 79.48 79.49 79.46 79.40 79.35 79.29 79.09 78.56 78.09 77.91 78.00 77.50 77.35 77.34 77.28 77.52 77.64 77.55 77.56 77.85 78.05 78.29 78.05 78.25 78.36 78.28 78.27 78.20 78.22 78.70 78.15 78.13 78.19 78.28 78.33 78.22 78.26 78.18 78.24 78.25 78.41 78.43 78.51 78.45 78.58 78.65 78.70 78.74 78.74
11°N ||     78.84 78.83 78.84 78.84 79.06 79.07 79.13 79.10 79.25 79.16 79.02 79.32 79.37 79.34 79.29 79.22 78.78 78.80 78.25 77.88 77.76 77.68 77.51 77.35 77.16 76.99 76.64 75.89 75.15 75.45 75.38 75.36 75.37 75.37 75.46 75.35 70.84 65.16 66.75 74.01 74.36 74.60 74.88 75.24 75.65 76.15 76.56 76.82 77.08 77.25 77.42 77.51 77.49 77.08 77.00 76.99 77.08 77.19 77.25 77.34 77.42 77.26 77.19 77.45 77.60 77.73 77.97 78.13 78.31 78.17 79.40 79.19 78.16 79.48 79.10 78.14 79.08 78.03 77.95 78.14 77.93 77.89 77.82 77.78 77.87 77.91 78.06 77.91 77.89 77.89 77.72 77.69 77.70 77.70 77.79 77.55 77.70 77.38 77.43 77.47 77.39 77.36 77.14 76.87 77.29 77.23 77.69 77.19 77.45 76.80 76.97 76.93 76.89 77.02 76.78 76.35 76.16 76.37 76.54 76.08 76.24 76.14 75.94 75.83 75.98 76.36 76.67 77.04 77.61 78.46 79.47 79.52 79.56 79.47 79.36 79.35 79.24 79.16 78.78 78.23 78.06 77.53 77.66 77.57 77.44 77.69 77.86 77.95 77.95 77.99 78.10 78.26 78.45 78.49 78.35 78.43 78.34 78.35 78.16 78.09 78.00 77.91 77.94 77.97 78.03 78.08 78.10 78.10 78.12 78.47 77.87 78.24 78.38 78.39 78.40 78.63 78.67 78.66 78.29 78.71
13°N ||     78.71 78.89 78.50 78.53 79.03 79.01 79.14 79.22 79.26 79.31 79.38 79.45 79.45 79.43 79.39 79.24 79.08 78.72 77.85 77.90 77.81 77.61 77.48 77.38 77.14 76.91 76.67 76.35 75.66 75.65 75.53 75.51 75.49 75.58 75.74 75.89 75.15 67.15 68.40 73.10 74.14 74.82 75.18 75.43 72.49 76.37 76.69 76.91 77.13 77.24 77.44 77.50 77.51 77.14 77.08 77.12 77.20 77.28 77.32 77.38 77.40 77.44 77.53 77.45 77.70 78.05 78.23 78.43 78.54 79.19 79.31 79.20 78.54 78.45 78.24 78.98 78.37 78.23 77.93 77.78 77.78 77.91 77.82 77.87 77.86 77.86 79.38 77.88 78.52 77.82 77.69 77.72 77.72 77.85 77.83 77.53 77.54 77.57 77.62 77.64 77.60 77.31 77.22 77.27 77.34 77.42 77.33 77.47 77.70 77.14 77.13 77.31 77.04 76.98 76.87 76.72 76.52 76.61 76.72 76.66 76.52 76.24 76.16 76.18 76.26 76.45 76.81 77.26 77.79 78.55 79.47 79.50 79.48 79.43 79.35 79.33 79.27 79.19 78.91 78.39 78.18 77.83 77.87 77.92 77.91 77.98 77.96 78.22 78.12 78.32 78.42 78.51 78.68 78.79 78.83 78.60 78.54 78.30 78.05 77.83 77.62 77.53 77.67 77.68 77.79 77.88 77.92 78.02 78.00 78.03 78.06 77.94 78.38 78.34 78.44 78.47 78.62 78.62 77.97 78.47
15°N ||     78.74 78.90 78.93 79.14 79.09 79.00 79.20 79.34 79.37 79.43 79.49 79.59 79.58 79.55 79.55 79.35 78.74 78.30 77.94 77.91 77.51 74.99 70.41 69.79 72.30 76.82 76.57 76.47 76.25 75.81 75.72 75.61 75.62 75.68 75.75 75.85 75.86 74.65 72.63 73.03 74.35 75.00 75.41 75.66 76.08 76.61 76.79 76.99 77.13 77.23 77.40 77.49 77.54 77.19 77.19 77.18 77.25 77.33 77.38 77.39 77.43 77.43 77.40 77.59 78.08 78.30 78.48 78.63 78.67 79.11 79.38 79.25 78.90 78.64 79.00 78.57 78.56 78.24 78.11 78.05 78.27 77.90 77.61 78.75 77.92 77.87 77.91 77.86 77.87 77.89 78.34 77.95 77.77 77.72 77.78 77.63 77.65 77.69 77.72 77.78 77.70 77.67 77.41 77.36 77.41 77.43 77.33 77.74 77.57 76.99 77.17 77.20 77.24 77.26 76.94 76.88 76.71 76.58 76.65 76.65 76.49 76.57 76.42 76.47 76.55 76.70 76.96 77.47 78.02 79.40 79.44 79.36 79.46 79.39 79.32 79.29 79.22 79.17 78.95 78.53 78.29 78.19 78.09 78.06 78.04 78.07 78.14 78.24 78.48 78.56 78.68 78.79 78.81 78.89 78.92 78.88 78.60 78.25 77.89 77.64 77.45 77.33 77.20 77.33 77.45 77.70 77.81 77.89 77.90 77.96 77.99 78.02 78.15 78.30 78.35 78.46 78.49 78.70 78.24 79.38
17°N ||     78.84 78.98 79.03 79.16 78.68 79.16 79.20 79.29 79.44 79.49 79.57 79.64 79.68 79.67 79.72 78.94 78.49 78.41 78.06 78.07 77.10 69.47 65.55 64.38 67.30 74.46 76.53 76.48 76.67 76.25 75.98 75.73 75.65 75.71 75.77 75.86 75.87 75.65 74.60 74.47 74.96 75.20 75.48 75.74 76.14 76.63 76.88 77.06 77.18 77.28 77.35 77.54 77.50 77.07 77.10 77.27 77.30 77.36 77.38 77.41 77.45 77.52 77.63 77.94 78.13 78.51 78.70 78.91 79.15 79.21 79.06 79.25 79.16 78.96 79.06 78.73 78.35 78.42 78.31 78.03 77.94 77.75 78.02 78.49 77.85 77.89 77.91 79.10 77.92 78.10 77.91 77.89 77.75 77.70 77.76 77.83 77.77 77.78 77.78 77.87 77.85 77.76 77.56 77.50 77.65 77.63 77.63 77.61 77.27 77.12 77.24 77.26 77.16 77.05 77.01 76.94 76.76 76.27 76.56 76.65 76.68 76.66 76.62 76.67 76.73 76.86 77.34 77.55 78.10 79.22 79.38 79.40 79.37 79.32 79.29 79.29 79.23 79.08 78.95 78.75 78.53 78.60 78.44 78.43 78.41 78.57 78.60 78.68 78.78 78.86 78.94 78.94 78.96 79.05 79.02 79.02 78.81 78.21 77.89 77.50 77.26 77.01 76.82 76.83 77.09 77.56 77.73 77.78 77.77 77.85 77.94 78.05 78.16 78.27 78.26 78.41 78.73 78.71 78.61 78.91
19°N ||     78.82 79.00 79.12 79.18 79.23 79.15 79.19 79.33 79.47 79.54 79.62 79.71 79.75 79.76 79.80 79.05 78.54 78.25 77.75 77.92 77.40 69.59 65.65 64.77 66.87 74.68 76.72 76.82 76.86 76.74 76.28 75.84 75.58 75.51 75.52 75.77 75.90 75.86 75.43 75.27 75.36 75.43 75.53 75.72 76.01 76.48 76.93 77.10 77.24 77.28 77.35 77.55 77.41 77.45 77.06 77.19 77.30 77.34 77.40 77.41 77.51 77.52 77.75 78.12 78.45 78.73 79.05 79.15 79.34 79.36 79.47 79.37 79.33 79.23 79.15 78.69 78.57 78.61 78.97 78.11 77.98 77.89 78.03 78.00 78.97 77.81 77.87 77.76 77.88 77.92 77.94 77.94 78.21 77.84 77.82 77.87 77.83 77.83 77.82 77.85 77.87 77.69 78.43 77.68 77.77 77.52 77.41 77.59 77.39 77.34 77.25 77.17 77.02 76.99 77.00 77.16 76.64 76.78 76.61 76.85 76.97 77.11 76.69 76.73 76.79 76.94 77.28 77.17 77.81 78.43 79.02 79.32 79.26 79.25 79.22 79.17 79.16 79.11 79.02 78.93 78.91 78.90 79.00 78.90 78.92 78.90 79.01 79.02 79.04 79.12 79.18 79.14 79.26 79.22 79.21 79.06 78.87 78.20 77.73 77.35 76.90 76.58 76.49 76.71 76.74 76.01 77.56 77.65 77.72 77.79 77.90 78.03 78.15 78.27 78.32 78.57 78.27 78.81 78.76 78.89
21°N ||     79.21 79.10 79.08 79.28 79.39 79.39 79.37 79.46 79.59 79.63 79.73 79.76 79.81 79.82 79.83 79.02 78.53 77.89 77.76 77.99 77.78 71.68 69.23 68.28 70.22 76.31 77.04 77.04 76.98 76.79 76.47 76.01 75.56 75.31 75.12 75.02 75.83 75.85 75.69 75.56 75.52 75.55 75.61 75.75 76.00 76.45 76.99 77.08 77.17 77.27 77.27 77.44 77.57 77.65 77.13 77.19 77.22 77.31 77.34 77.43 77.50 77.54 77.90 78.14 78.50 79.15 79.24 79.30 79.41 79.45 79.46 79.44 79.29 79.31 79.21 78.88 78.80 78.84 78.46 78.11 78.15 78.40 78.07 77.98 77.80 78.05 78.20 77.88 77.91 77.97 77.91 77.91 77.85 77.83 77.94 77.89 77.84 77.86 77.86 77.85 77.92 77.71 77.60 77.79 77.53 77.62 77.77 77.17 77.40 77.60 77.14 77.00 76.99 77.04 77.04 77.16 76.85 76.86 76.12 77.04 77.08 77.05 76.52 76.66 76.89 76.94 77.24 77.13 77.42 77.73 78.30 78.48 78.87 78.97 78.96 79.12 79.11 79.11 79.10 79.07 79.09 79.18 79.17 79.19 79.21 79.19 79.26 79.30 79.30 79.26 79.32 79.29 79.34 79.25 79.30 79.30 79.10 78.28 77.67 77.11 76.47 76.31 76.24 76.23 76.62 77.07 77.40 77.54 77.64 77.77 77.91 78.02 78.13 78.22 78.43 78.49 78.28 78.86 78.86 78.97
23°N ||     79.15 79.21 79.26 79.35 79.42 79.50 79.55 79.64 79.69 79.72 79.78 79.79 79.81 79.82 79.83 79.06 78.30 77.81 77.97 78.14 78.15 76.52 74.56 73.94 76.68 77.45 77.23 77.17 77.05 76.71 76.37 76.01 75.63 75.19 74.93 74.83 75.57 75.85 75.78 75.54 75.54 75.34 75.61 75.78 75.83 76.59 76.79 76.98 77.06 77.17 77.24 77.31 77.43 77.60 77.45 77.28 77.69 78.29 78.09 77.65 77.55 77.43 77.93 78.16 78.55 79.11 79.32 79.39 79.48 79.53 79.47 79.54 79.27 79.50 79.38 79.14 79.08 79.12 79.03 78.49 78.14 77.91 77.79 77.92 77.84 77.94 77.94 77.94 77.93 77.84 77.98 78.02 77.96 77.90 78.01 78.05 78.18 77.75 77.97 77.95 77.86 77.74 77.62 77.74 77.75 77.70 77.70 77.56 77.38 77.48 77.30 77.11 77.11 76.99 76.96 77.00 77.08 76.84 76.28 76.98 77.06 76.91 77.50 77.28 76.87 76.84 77.04 77.19 77.26 77.53 77.75 77.95 78.16 78.42 78.73 78.98 79.08 79.14 79.20 79.22 79.23 79.38 79.29 79.41 79.47 79.51 79.55 79.51 79.64 79.56 79.59 79.55 79.53 79.54 79.58 79.48 79.40 78.42 77.63 77.03 76.57 76.24 76.10 74.57 75.40 76.66 77.23 77.48 77.66 77.77 77.91 78.04 78.19 78.34 78.57 78.44 78.74 78.84 78.59 79.09
25°N ||     79.22 79.26 79.24 79.43 79.55 79.55 79.63 79.65 79.68 79.74 79.78 79.79 79.80 79.81 79.82 79.12 78.14 77.92 77.97 77.85 78.17 78.07 78.04 78.02 77.77 77.52 77.09 77.22 76.93 76.57 76.16 75.88 75.46 75.08 74.84 74.35 74.40 75.75 75.82 75.52 75.62 75.54 75.65 74.92 76.08 76.61 76.87 76.96 77.02 77.08 76.98 77.20 77.21 77.68 77.20 77.24 77.29 77.25 77.76 78.53 78.69 77.73 78.07 78.76 79.08 79.35 79.43 79.45 79.51 79.56 79.56 79.52 79.48 79.41 79.17 79.27 79.25 79.33 79.45 78.80 78.51 78.02 77.95 78.09 78.18 77.97 78.03 77.98 78.00 77.87 77.96 78.12 77.99 78.00 78.02 78.38 78.08 77.98 77.91 77.97 77.71 77.73 77.82 77.74 77.68 77.89 77.80 77.52 77.65 77.58 77.33 77.45 77.40 77.37 77.58 77.04 77.18 76.61 76.79 76.40 76.70 76.64 76.66 76.86 76.89 76.97 76.92 76.87 77.31 77.17 77.67 78.00 77.98 78.20 78.76 79.04 79.14 79.30 79.35 79.40 79.48 79.53 79.58 79.67 79.77 79.87 79.93 79.95 79.94 79.89 79.83 79.80 79.83 79.78 79.71 79.63 79.48 79.29 77.91 77.29 76.52 76.20 74.62 68.34 74.37 76.55 77.25 77.52 77.64 77.79 78.02 78.01 78.23 78.41 78.70 78.74 78.86 78.83 79.06 79.13
27°N ||     79.34 79.40 79.43 79.41 79.60 79.52 79.69 79.73 79.73 79.74 79.76 79.78 79.77 79.78 79.79 79.29 78.26 77.93 77.98 77.93 77.89 77.95 77.60 77.71 77.72 77.59 77.44 77.02 76.73 76.44 76.03 75.70 75.37 75.00 74.37 74.29 74.59 75.90 76.07 75.71 75.85 75.83 75.87 74.93 75.77 76.58 76.81 76.90 76.96 76.86 76.71 76.80 77.25 77.44 77.63 77.77 77.71 77.91 77.99 78.53 78.19 77.64 79.04 79.18 79.30 79.36 79.36 79.44 79.55 79.57 79.40 79.53 79.54 79.46 79.26 79.49 79.33 79.40 79.49 79.47 78.75 78.51 78.32 78.21 78.26 78.08 77.98 77.93 77.99 78.00 78.05 78.07 78.01 77.98 78.05 77.96 78.13 78.05 77.84 77.72 78.19 77.66 77.80 77.81 77.49 78.01 77.29 77.59 77.66 77.51 77.49 77.54 77.50 77.45 77.38 77.46 77.36 77.69 77.13 76.92 77.09 77.48 76.85 77.04 77.09 76.70 76.50 77.06 77.43 77.23 77.71 77.86 78.10 78.60 78.99 79.21 79.39 79.40 79.48 79.57 79.64 79.76 79.84 80.00 80.14 80.16 80.22 80.17 80.17 80.10 80.05 80.06 79.96 79.87 79.75 79.66 79.51 79.34 78.65 77.42 76.81 76.35 75.64 75.01 75.69 77.03 77.44 77.61 77.71 77.84 77.90 78.21 78.38 78.55 78.78 78.93 78.93 78.99 79.13 79.27
29°N ||     79.48 79.52 79.58 79.63 79.70 79.69 79.73 79.76 79.77 79.76 79.78 79.79 79.79 79.64 79.79 79.75 79.07 78.14 77.85 77.87 77.88 77.91 77.58 77.52 77.83 77.66 77.21 76.94 76.65 76.29 75.93 75.59 75.34 74.95 73.82 74.18 75.11 75.92 76.03 75.86 76.11 76.16 76.12 76.22 76.41 76.60 76.82 76.93 76.93 76.65 76.72 76.91 76.93 77.46 77.51 77.58 77.59 77.85 77.93 78.15 78.11 78.43 78.90 78.67 78.40 79.18 79.26 79.38 79.51 79.57 79.52 79.60 79.56 79.61 79.57 79.53 79.46 79.50 79.57 79.61 79.58 78.87 78.63 78.42 78.51 78.14 78.03 80.04 78.06 78.01 78.10 78.27 78.08 78.16 77.96 77.99 78.08 78.07 77.86 77.86 77.76 77.87 77.79 77.82 77.65 77.56 77.39 77.50 77.54 77.38 77.52 77.49 77.63 77.81 77.76 77.74 77.49 77.17 77.11 77.06 77.21 77.03 76.93 77.03 76.83 77.15 77.65 77.83 77.80 77.93 78.02 78.25 78.76 78.94 79.14 79.39 79.45 79.57 79.70 79.82 79.94 80.05 80.21 80.32 80.39 80.50 80.46 80.32 80.40 80.29 80.25 80.14 80.04 79.91 79.83 79.76 79.63 79.51 79.06 77.91 77.40 77.00 76.58 76.55 76.94 77.47 77.62 77.70 77.78 77.88 78.19 78.32 78.57 78.78 78.98 79.13 79.15 79.18 79.35 79.43
31°N ||     79.67 79.61 79.70 79.72 79.73 79.73 79.75 79.80 79.82 79.79 79.78 79.81 79.82 79.81 79.80 79.78 79.39 78.79 78.47 78.39 78.16 78.07 77.84 77.80 77.94 77.31 77.10 76.87 76.49 76.21 75.86 75.73 75.25 74.99 74.53 74.58 75.15 75.98 76.02 76.01 76.20 76.30 76.42 76.43 76.54 76.67 76.81 76.96 76.89 76.48 76.91 76.99 77.04 77.20 77.27 77.37 77.51 77.55 77.67 78.06 77.94 78.33 78.52 78.71 78.98 79.01 79.22 79.31 79.36 79.55 79.58 79.58 79.63 79.70 79.66 79.77 79.54 79.61 79.67 79.61 79.60 79.49 79.08 79.34 78.84 78.55 78.17 78.00 78.16 78.20 78.26 78.14 78.07 78.03 78.40 78.14 77.99 77.87 77.82 77.98 77.75 77.77 77.87 77.86 77.71 77.67 77.46 77.47 77.55 77.45 77.42 77.39 77.63 77.74 77.69 77.68 77.42 77.20 77.31 77.33 77.28 77.64 77.09 77.00 77.29 77.18 77.47 77.93 77.86 78.02 78.24 78.70 78.83 79.12 79.28 79.44 79.59 79.75 79.97 80.10 80.20 80.33 80.64 80.50 80.62 80.68 80.65 80.58 80.53 80.43 80.29 80.22 80.30 80.01 80.01 79.91 79.79 79.68 79.35 78.88 77.96 77.70 77.57 77.54 77.41 77.16 77.79 77.81 77.87 77.96 77.78 79.45 78.88 78.19 79.24 78.87 79.38 79.41 79.44 79.61
33°N ||     79.79 79.28 79.70 79.71 79.78 79.76 79.77 79.81 79.79 79.81 79.81 79.83 79.84 79.83 79.88 79.86 79.81 79.43 78.73 78.03 78.13 78.11 78.17 78.06 77.53 77.19 77.02 76.77 76.56 76.03 75.71 75.43 75.04 74.69 74.40 74.51 75.08 75.89 76.16 76.24 76.36 76.48 76.53 76.59 76.51 76.66 76.66 76.57 76.56 76.68 76.91 77.07 77.10 77.06 77.24 77.44 77.53 77.58 77.56 77.60 77.59 77.60 77.90 78.67 78.68 79.19 79.29 79.34 79.39 79.51 79.62 79.78 79.78 79.78 79.74 79.86 79.81 79.82 79.81 79.65 79.78 79.76 79.55 79.25 78.98 78.63 78.31 78.14 78.39 78.25 78.22 77.95 78.14 78.13 78.18 77.99 78.06 77.86 78.00 78.08 77.70 77.67 77.81 77.60 78.01 77.52 77.56 77.42 77.54 77.28 77.16 77.29 77.53 77.62 77.54 77.39 77.37 77.47 77.34 77.62 77.56 77.63 77.59 77.27 77.44 77.73 77.77 77.98 78.12 78.46 78.61 78.91 79.07 79.25 79.41 79.58 79.77 80.01 80.17 80.27 80.43 80.52 80.63 80.71 80.87 80.71 80.66 80.63 80.58 80.33 80.42 80.35 80.25 80.11 79.96 80.09 80.04 79.90 79.76 79.61 79.35 79.04 78.86 78.49 78.27 77.77 78.17 78.01 77.98 78.11 78.18 78.84 79.16 79.25 79.41 79.49 79.53 79.64 79.70 79.76
35°N ||     79.89 79.82 79.82 79.78 79.80 79.79 79.81 79.80 79.79 79.82 79.84 79.84 79.84 79.83 79.89 79.84 79.89 79.81 79.35 77.56 77.93 78.09 77.96 77.63 77.08 77.19 77.00 76.74 76.37 75.86 75.37 74.80 74.27 74.01 73.84 73.80 74.24 74.88 75.88 76.40 76.55 76.60 76.64 76.62 76.09 76.28 76.75 76.89 76.71 76.63 76.90 76.83 76.73 76.85 77.15 77.44 77.56 77.63 77.64 77.67 77.68 77.66 77.88 78.65 79.10 79.23 79.32 79.32 79.43 79.53 79.58 79.81 79.74 79.85 79.88 79.97 79.95 80.04 79.95 79.87 79.84 79.78 79.80 79.22 79.04 78.74 78.63 78.51 78.34 78.44 78.02 78.06 78.09 78.38 78.52 77.96 78.08 77.93 78.03 77.91 77.93 77.86 77.84 77.78 77.76 77.59 77.48 77.80 77.46 77.19 77.57 77.25 77.29 77.23 77.16 77.12 77.27 77.37 77.44 77.74 77.77 77.72 78.09 77.95 77.86 78.12 78.06 78.14 78.39 78.60 78.85 79.08 79.19 79.38 79.51 79.73 79.92 80.15 80.33 80.47 80.53 80.61 80.79 80.90 80.96 80.93 80.82 80.80 80.63 80.61 80.49 80.20 80.35 80.21 80.18 80.16 80.08 79.98 79.97 79.85 79.76 79.56 79.48 79.43 79.23 79.11 78.83 78.40 78.23 78.31 78.35 78.73 78.79 79.37 79.46 79.54 79.64 79.80 79.89 79.92
37°N ||     79.99 79.85 79.86 79.78 79.85 79.82 79.85 79.84 79.80 79.82 79.84 79.85 79.85 79.83 79.81 79.79 79.77 79.71 79.67 77.98 77.96 77.88 77.71 77.51 77.20 77.22 77.01 76.76 76.42 75.61 74.63 73.89 73.18 72.75 72.75 73.13 73.53 73.67 74.63 75.79 76.50 76.75 76.77 76.74 76.67 76.56 76.67 76.78 76.89 77.11 76.71 76.62 76.52 76.39 76.82 77.24 77.54 77.61 77.63 77.62 77.68 77.64 78.06 78.76 79.08 79.22 79.31 79.38 79.44 79.60 79.64 79.76 79.81 79.95 79.98 80.09 80.19 80.16 80.15 80.03 80.07 80.02 79.93 79.89 79.66 79.52 79.46 79.29 78.97 79.32 78.35 78.21 78.07 78.04 78.21 78.07 78.23 78.42 77.97 78.31 78.01 78.18 77.92 78.41 78.00 77.99 77.73 77.61 77.52 77.34 77.26 77.20 77.20 77.07 77.08 77.07 77.18 77.51 78.14 77.96 77.86 77.73 77.84 77.77 78.06 78.16 78.22 78.26 78.65 78.80 79.02 79.24 79.35 79.47 79.72 79.91 80.02 80.26 80.40 80.61 80.70 80.85 80.98 81.00 81.04 81.07 81.02 80.89 80.86 80.72 80.65 80.58 80.52 80.38 80.50 80.45 80.27 80.09 80.09 79.93 79.78 79.70 79.48 79.40 79.20 79.14 78.92 78.70 78.55 78.56 78.52 78.84 78.74 79.50 79.54 79.62 79.81 79.83 79.92 79.93
39°N ||     79.94 79.91 79.92 79.86 79.55 79.86 79.87 79.67 79.85 79.83 79.81 79.82 79.77 79.78 79.76 79.73 79.73 79.77 79.60 79.14 77.77 77.68 77.87 77.55 77.53 77.27 77.11 76.90 76.29 75.09 73.83 72.73 72.03 71.94 71.61 71.87 73.12 73.37 73.80 74.98 76.22 76.78 76.87 76.84 76.64 76.72 76.60 75.95 76.76 76.80 76.79 76.67 76.41 76.19 76.48 76.97 77.36 77.51 77.58 77.57 77.79 77.82 77.85 78.36 79.11 79.28 79.33 79.37 79.51 79.63 79.76 79.88 79.90 80.07 80.17 80.22 80.27 80.31 80.32 80.41 80.16 80.17 80.13 80.08 79.95 79.57 79.70 79.49 79.15 79.10 78.93 78.52 78.51 78.44 78.38 78.16 78.06 78.03 78.41 78.24 78.40 79.20 78.38 77.92 78.48 77.85 77.77 77.74 77.65 77.66 77.49 77.26 77.80 77.16 77.18 77.40 77.29 77.43 78.09 78.09 78.11 78.09 78.12 78.23 78.25 78.34 78.45 78.66 78.77 78.99 79.17 79.36 79.41 79.66 79.81 80.02 80.16 80.29 80.53 80.58 80.92 81.05 81.10 81.10 81.10 81.13 81.04 81.02 80.93 81.00 80.81 80.77 80.63 80.61 80.56 80.51 80.43 80.19 79.95 80.00 79.83 79.73 79.58 79.42 79.22 79.22 79.08 78.96 78.90 78.82 78.75 78.43 77.90 79.56 79.61 79.63 79.81 79.92 79.96 79.91
41°N ||     79.94 79.95 79.97 79.94 79.91 79.88 79.84 79.86 79.83 79.81 79.81 79.82 79.78 79.82 79.73 79.76 79.71 79.51 79.40 79.10 78.58 78.19 77.93 77.78 77.60 77.43 77.29 76.95 76.24 74.91 73.50 72.62 72.31 72.24 71.50 71.91 72.99 73.57 74.13 75.32 76.38 76.85 76.90 76.87 76.36 76.79 76.66 76.41 76.64 76.57 76.59 76.48 76.48 76.59 76.76 76.90 77.22 77.49 77.51 77.48 77.66 77.84 77.85 78.26 78.95 79.36 79.42 79.36 79.57 79.71 79.81 79.97 80.06 80.17 80.28 80.38 80.42 80.45 80.46 80.44 80.41 80.38 80.30 80.46 80.44 80.08 79.87 79.81 79.56 79.59 79.10 79.51 79.21 78.93 79.01 78.53 78.31 78.78 78.14 78.53 79.33 79.33 79.25 78.15 78.35 77.75 77.69 77.88 77.91 77.80 77.67 77.79 78.71 78.08 77.60 77.74 78.27 77.62 78.18 78.09 78.15 78.14 78.42 78.48 78.60 78.52 78.70 78.75 78.99 79.22 79.31 79.38 79.53 79.69 79.97 80.13 80.32 80.41 80.71 80.84 80.93 81.11 81.13 81.13 81.12 81.08 81.11 81.08 81.04 80.94 80.88 80.91 80.89 80.78 80.67 80.55 80.45 80.36 80.21 80.07 79.89 79.71 79.61 79.47 79.29 79.30 79.24 79.15 79.15 78.99 78.26 78.56 78.30 79.44 79.60 79.73 79.76 79.91 79.91 79.97
43°N ||     79.96 80.01 80.00 79.96 79.93 79.91 79.88 79.86 79.84 79.84 79.81 79.87 79.83 79.84 79.75 79.72 79.62 79.48 79.19 78.77 78.43 78.17 77.98 77.83 77.69 77.57 77.40 77.22 76.71 75.82 74.57 73.51 73.01 72.86 72.75 72.91 73.50 73.90 75.60 76.56 76.99 77.10 76.99 76.96 76.98 76.61 76.83 76.33 76.61 76.64 76.58 76.69 76.22 76.63 77.04 76.96 77.08 77.39 77.54 77.72 77.70 77.74 77.86 78.29 78.94 79.41 79.56 79.61 79.70 79.82 80.01 80.10 80.29 80.35 80.69 80.46 80.56 80.50 80.58 80.58 80.54 80.53 80.39 80.42 80.46 80.22 80.14 79.90 79.83 79.87 79.75 79.66 79.65 79.50 79.27 78.89 78.72 78.57 79.09 79.22 79.42 79.31 78.73 79.18 78.70 79.12 78.92 79.09 77.75 77.70 77.61 78.25 77.70 77.55 78.38 78.42 78.27 78.15 78.21 78.33 78.38 78.39 78.80 79.09 78.76 78.75 78.81 79.09 79.25 79.32 79.28 79.53 79.56 79.78 80.00 80.25 80.40 80.44 80.70 80.88 81.02 81.10 81.06 80.92 81.12 81.06 81.03 80.95 81.09 80.84 80.88 80.86 80.79 80.75 80.77 80.63 80.50 80.45 80.15 80.07 79.89 79.72 79.52 79.47 79.40 79.34 79.24 79.30 79.29 79.10 78.80 78.55 78.13 79.38 79.73 79.73 79.90 79.93 79.98 80.03
45°N ||     80.09 80.07 80.02 80.01 79.99 79.95 79.92 79.88 79.85 79.88 79.87 79.81 79.80 79.76 79.74 79.63 79.48 79.28 78.98 78.69 78.37 78.15 78.00 77.90 77.82 77.73 77.61 77.46 77.18 76.68 76.21 75.81 75.66 74.21 73.56 73.41 74.05 75.40 76.27 76.86 77.12 77.21 77.21 77.26 77.34 77.42 77.45 77.31 76.85 76.56 76.23 76.57 77.04 77.00 77.00 77.16 77.55 77.45 77.55 77.77 77.86 78.05 78.21 78.54 78.98 79.49 79.55 79.73 79.85 79.99 80.08 80.30 80.39 80.51 80.50 80.67 80.67 80.68 80.77 80.78 80.62 80.67 80.61 80.58 80.50 80.43 80.22 80.29 80.18 79.98 79.94 80.04 79.81 79.69 79.66 79.58 79.23 79.02 79.41 79.39 79.00 78.71 78.49 79.25 78.72 79.14 79.19 79.21 78.70 78.25 77.94 78.40 78.21 78.09 78.45 78.23 78.08 78.39 78.44 78.55 78.51 78.73 78.84 79.01 79.01 79.10 79.14 79.17 79.33 79.40 79.50 79.52 79.76 79.87 80.18 80.34 80.50 80.67 80.74 80.89 81.00 81.12 81.11 81.12 81.10 80.99 81.04 81.06 81.03 81.01 80.91 80.98 80.92 80.70 80.78 80.74 80.59 80.39 80.09 79.97 79.88 79.65 79.52 79.47 79.46 79.43 79.43 79.43 79.43 79.38 79.27 78.96 78.42 79.55 79.56 79.64 79.84 80.04 80.03 80.09
47°N ||     80.11 80.09 80.08 80.01 79.99 79.98 79.94 79.94 79.86 79.94 79.90 79.84 79.84 79.75 79.63 79.58 79.34 79.16 78.93 78.68 78.37 78.23 78.11 78.04 77.95 77.87 77.76 77.70 77.58 77.42 77.25 77.17 77.17 77.14 76.47 76.32 76.78 76.98 77.04 77.08 77.19 77.25 77.24 77.28 77.39 77.48 77.49 77.47 76.82 76.63 76.96 77.20 77.56 77.38 77.44 77.72 77.58 78.14 77.58 77.74 77.92 78.16 78.55 79.02 79.37 79.59 79.72 79.81 80.05 80.11 80.30 80.43 80.49 80.59 80.64 80.62 80.54 80.40 80.81 80.82 80.78 80.83 80.74 80.72 80.62 80.58 80.55 80.49 80.39 80.29 80.19 80.15 80.11 80.02 79.79 79.84 79.67 79.56 79.56 79.60 79.48 79.39 79.58 79.32 79.04 79.26 78.91 78.94 79.16 78.75 78.41 78.65 78.68 78.81 78.84 78.20 78.47 78.59 78.68 78.85 78.86 78.95 79.13 79.02 79.22 79.24 79.26 79.30 79.41 79.47 79.65 79.71 79.87 80.00 80.58 80.62 80.53 80.64 80.77 80.88 81.00 81.11 81.11 81.07 81.08 81.04 81.02 81.02 80.93 81.04 81.00 80.98 80.86 80.86 80.86 80.68 80.51 80.32 80.18 79.49 79.64 79.83 79.65 79.63 79.59 79.55 79.57 79.52 79.55 79.55 79.52 79.38 79.45 79.53 79.63 79.83 79.87 80.01 80.05 80.13
49°N ||     80.16 80.13 80.11 80.05 80.07 80.05 80.02 80.00 79.95 79.93 79.94 79.86 79.83 79.70 79.57 79.44 79.24 79.11 78.93 78.72 78.51 78.40 78.26 78.15 78.02 77.95 77.90 77.84 77.80 77.74 77.68 77.62 77.57 77.52 77.46 77.48 77.49 77.47 77.35 77.27 77.27 77.34 77.33 77.21 77.30 77.40 77.42 77.43 77.71 77.03 78.25 78.51 78.68 78.30 78.23 77.75 77.78 77.79 78.31 77.83 78.16 78.50 78.98 79.32 79.42 79.73 79.90 80.07 80.12 80.36 80.39 80.50 80.62 80.65 80.70 80.72 80.78 80.88 80.94 80.93 80.94 80.88 80.87 80.82 80.80 80.73 80.72 80.57 80.53 80.47 80.40 80.30 80.14 80.06 79.98 79.99 79.85 79.88 79.86 79.80 79.55 79.68 79.38 79.46 81.76 79.80 79.03 79.35 79.24 78.96 78.83 78.95 78.88 78.84 78.66 78.97 78.91 78.98 79.05 79.01 79.03 79.10 79.23 79.22 79.22 79.31 79.28 79.38 79.46 79.57 79.72 79.85 80.00 80.16 80.50 80.59 80.53 80.70 80.71 80.88 80.97 81.03 81.09 81.09 81.04 81.06 81.03 81.03 80.98 80.87 81.03 80.93 80.82 80.74 80.75 80.54 80.44 80.26 80.20 79.58 79.45 79.90 79.76 79.73 79.73 79.70 79.72 79.69 79.62 79.70 79.65 79.68 79.22 79.47 79.95 79.90 79.89 80.11 80.23 80.11
51°N ||     80.20 80.19 80.14 80.13 80.13 80.13 80.03 80.00 80.01 79.97 79.91 79.82 79.74 79.65 79.52 79.37 79.20 79.01 78.88 78.73 78.44 78.46 78.33 78.18 78.13 78.06 78.00 77.95 77.90 77.86 77.81 77.75 77.69 77.66 77.66 77.66 77.60 77.58 77.49 77.41 77.37 77.39 77.42 77.46 77.42 77.52 77.65 77.82 78.15 78.35 78.53 78.69 78.88 78.98 79.00 78.58 77.94 77.87 78.01 78.43 78.69 79.07 79.32 79.68 79.72 79.88 80.02 80.20 80.34 80.44 80.60 80.71 80.79 80.81 80.88 80.92 80.94 80.86 81.15 81.23 81.01 81.00 81.04 80.77 80.94 80.86 80.74 80.70 80.74 80.63 80.59 80.51 80.40 80.30 80.21 80.14 80.06 79.87 80.04 79.89 79.86 79.84 79.42 81.09 81.72 79.65 78.82 79.38 79.32 79.18 79.18 79.15 79.14 79.18 79.27 79.14 79.19 79.16 79.24 79.26 79.24 79.30 79.26 79.28 79.34 79.35 79.32 79.44 79.51 79.59 79.70 79.87 80.05 80.19 80.37 80.39 80.60 80.67 80.82 80.89 80.97 81.02 81.11 81.09 81.11 81.09 81.02 81.07 81.05 80.99 80.96 80.85 80.85 80.66 80.45 80.51 80.40 80.28 80.20 80.13 80.03 79.97 79.91 79.84 79.82 79.84 79.78 79.82 79.76 79.76 79.76 79.80 79.71 79.94 79.95 79.86 79.96 80.15 80.26 80.24
53°N ||     80.22 80.19 80.23 80.23 80.20 80.17 80.11 80.05 80.01 79.90 79.91 79.84 79.72 79.61 79.46 79.26 79.00 79.01 78.94 78.80 78.68 78.59 78.45 78.36 78.25 78.17 78.10 78.03 78.00 77.94 77.90 77.87 77.82 77.79 77.80 77.78 77.77 77.71 77.62 77.55 77.51 77.51 77.54 77.58 77.67 77.79 77.88 78.04 78.22 78.50 78.72 78.85 78.96 79.07 79.14 79.22 78.47 78.70 78.29 79.06 79.56 79.69 79.80 79.87 79.98 80.12 80.32 80.43 80.54 80.62 80.81 80.88 80.92 80.97 81.04 81.11 81.13 81.10 81.19 81.16 81.09 81.16 81.11 81.15 81.06 81.18 81.11 80.92 80.89 80.74 80.75 80.67 80.55 80.49 80.35 80.25 80.27 80.46 80.12 80.08 79.91 79.89 79.76 79.63 79.33 79.35 79.32 79.54 79.42 79.47 79.39 79.39 79.31 79.38 79.37 79.34 79.41 79.47 79.37 79.44 79.38 79.35 79.27 79.33 79.37 79.34 79.34 79.46 79.52 79.59 79.77 79.92 80.05 80.17 80.17 80.35 80.47 80.62 80.65 80.74 80.77 80.87 80.88 80.98 81.01 81.02 80.96 80.97 80.85 80.86 80.87 80.86 80.69 80.55 80.48 80.37 80.42 80.31 80.25 80.17 80.10 80.02 79.97 79.95 79.93 79.90 79.94 79.92 79.73 79.82 79.79 79.91 79.89 79.90 79.95 80.09 80.22 80.22 80.29 80.30
55°N ||     80.36 80.33 80.26 80.17 80.19 80.06 80.09 80.10 80.04 79.98 79.94 79.82 79.75 79.62 79.56 79.32 80.70 78.94 79.01 78.94 78.84 78.71 78.63 78.57 78.43 78.32 78.23 78.14 78.08 78.04 78.00 77.98 77.95 77.95 77.93 77.94 77.89 77.86 77.82 77.76 77.70 77.70 77.67 77.70 77.77 77.90 78.05 78.72 78.67 78.88 78.97 78.99 79.26 79.15 79.26 79.39 79.50 79.55 79.73 79.84 79.94 80.03 80.20 80.28 80.40 80.51 80.56 80.67 80.74 80.84 80.97 81.04 81.07 81.15 81.20 81.18 81.22 81.24 81.29 81.38 81.20 81.24 81.28 81.22 81.31 81.19 81.06 81.04 80.93 80.92 80.87 80.83 80.72 80.62 80.44 80.41 80.38 80.35 80.27 80.17 80.10 80.02 79.89 79.88 79.83 79.71 79.64 79.64 79.64 79.58 79.57 79.57 79.51 79.58 79.51 79.59 79.66 79.63 79.62 79.58 79.46 79.44 79.39 79.37 79.32 79.34 79.48 79.56 79.57 79.63 79.77 79.91 80.01 80.04 80.17 80.31 80.41 80.51 80.53 80.60 80.65 80.72 80.75 80.83 80.86 80.81 80.83 80.83 80.63 80.66 80.74 80.63 80.61 80.48 80.41 80.47 80.29 80.36 80.32 80.14 80.08 80.06 80.04 80.05 79.98 79.99 79.96 79.90 79.88 79.95 79.98 79.84 79.90 79.90 80.06 80.17 80.26 80.34 80.39 80.41
57°N ||     80.41 80.40 80.36 80.31 80.32 80.22 80.14 80.09 80.07 80.06 79.93 79.83 79.82 79.68 79.58 79.53 79.16 79.20 79.08 79.06 78.98 78.90 78.80 78.70 78.63 78.54 78.42 78.31 78.31 78.21 78.18 78.14 78.12 78.12 78.10 78.10 78.08 78.05 78.02 77.93 77.90 77.86 77.85 77.87 77.94 78.08 78.28 78.49 78.80 78.93 79.04 79.11 79.19 79.29 79.42 79.55 79.68 79.83 79.97 80.09 80.31 80.38 80.46 80.52 80.62 80.66 80.76 80.85 80.92 81.04 81.08 81.50 81.26 81.29 81.32 81.38 81.38 81.36 81.38 81.38 81.37 81.48 81.31 81.33 80.85 81.94 81.18 81.12 81.10 81.01 81.02 80.88 80.81 80.74 80.70 80.57 80.55 80.44 80.37 80.21 80.19 80.13 79.99 79.87 79.82 79.82 79.80 79.71 79.81 79.75 79.71 79.77 79.82 79.80 79.79 79.82 79.86 79.81 79.74 79.61 79.55 79.56 79.52 79.46 79.47 79.49 79.46 79.54 79.61 79.65 79.79 79.85 79.97 79.98 80.06 80.16 80.32 80.38 80.43 80.39 80.55 80.52 80.64 80.73 80.74 80.71 80.69 80.71 80.68 80.61 80.66 80.61 80.62 80.60 80.47 80.51 80.41 80.44 80.40 80.28 80.21 80.22 80.13 80.11 80.09 80.03 80.04 80.01 79.92 80.02 80.02 79.97 80.15 80.08 80.10 80.23 80.35 80.35 80.39 80.40
59°N ||     80.43 80.45 80.42 80.30 80.37 80.33 80.14 80.23 80.21 80.19 80.10 80.01 79.91 79.83 79.70 79.55 79.56 79.43 79.34 79.25 79.17 79.07 78.95 78.86 78.84 78.79 78.75 78.67 78.61 78.54 78.49 78.41 78.37 78.39 78.45 78.37 78.36 78.36 78.25 78.16 78.12 78.10 78.10 78.22 78.30 78.51 78.66 78.81 78.98 79.09 79.18 79.33 79.39 79.49 79.62 79.72 79.86 80.00 80.14 80.33 80.54 80.46 80.71 80.78 80.81 80.88 80.98 81.05 81.10 81.13 81.24 81.26 81.32 81.41 81.45 81.47 81.44 81.53 81.58 81.56 81.49 81.47 81.48 81.42 81.40 81.37 81.33 81.31 81.24 81.11 81.01 81.03 80.91 80.89 80.68 80.73 80.69 80.59 80.43 80.37 80.27 80.22 80.17 80.11 80.10 80.04 79.91 79.91 79.92 79.95 80.00 80.02 80.00 80.00 79.92 79.97 79.96 79.96 79.81 79.75 79.72 79.67 79.56 79.58 79.52 79.53 79.50 79.57 79.63 79.66 79.76 79.76 79.93 80.06 80.03 79.95 80.14 80.21 80.20 80.34 80.44 80.34 80.49 80.57 80.57 80.52 80.58 80.57 80.58 80.59 80.58 80.61 80.59 80.53 80.52 80.56 80.53 80.44 80.44 80.36 80.39 80.29 80.26 80.19 80.16 80.11 79.99 80.02 80.00 80.07 80.12 80.15 80.21 80.21 80.25 80.30 80.38 80.47 80.34 80.42
61°N ||     80.47 80.47 80.45 80.45 80.42 80.45 80.35 80.29 80.31 80.18 80.11 80.10 80.02 79.92 79.82 79.74 79.66 79.58 79.51 79.40 79.30 79.27 79.20 79.14 79.06 79.03 78.96 78.91 78.87 78.85 78.83 78.78 78.80 78.80 78.76 78.73 78.70 78.72 78.68 78.94 78.63 78.63 78.64 78.69 78.73 78.81 78.90 79.02 79.19 79.30 79.36 79.56 79.69 79.79 79.89 80.04 80.16 80.28 80.40 80.50 80.67 80.84 80.91 80.98 81.08 81.44 81.05 81.26 81.31 81.35 81.45 81.38 81.48 81.61 81.68 81.68 81.66 81.69 81.62 81.67 81.63 81.63 81.59 81.60 81.52 81.49 81.41 81.36 81.28 81.22 81.13 81.08 81.04 80.94 80.92 80.90 80.73 80.64 80.60 80.48 80.42 80.35 80.25 80.22 80.19 80.20 80.08 80.14 80.12 80.17 80.14 80.15 80.17 80.15 80.07 80.12 80.06 80.05 80.00 79.85 79.90 79.87 79.59 79.69 79.66 79.62 79.57 79.54 79.59 79.68 79.69 79.74 79.80 79.50 79.84 80.00 80.05 80.04 80.17 80.25 80.31 80.19 80.41 80.46 80.47 80.37 80.46 80.45 80.51 80.55 80.51 80.56 80.51 80.47 80.53 80.54 80.49 80.46 80.48 80.42 80.38 80.40 80.33 80.31 80.28 80.12 80.22 80.20 80.13 80.19 80.17 80.26 80.30 80.29 80.38 80.39 80.36 80.46 80.44 80.38
63°N ||     80.61 80.49 80.48 81.12 80.48 80.50 80.49 80.45 80.40 80.36 80.29 80.18 80.14 80.04 79.99 79.94 79.86 79.80 79.66 79.53 79.34 79.47 79.42 79.36 79.31 79.29 79.22 79.22 79.21 79.15 79.13 79.08 79.06 79.02 78.98 78.95 78.93 78.95 78.94 78.92 78.92 78.95 78.96 79.02 79.10 79.16 79.24 79.30 79.44 79.56 79.73 79.85 79.98 80.12 80.29 80.37 80.47 80.58 80.71 80.76 80.87 81.00 81.12 81.24 81.26 81.31 81.45 81.46 81.48 81.50 81.59 81.58 81.67 81.69 81.74 81.80 81.78 81.73 81.73 81.78 81.76 81.74 81.66 81.60 81.55 81.34 81.38 81.34 81.32 81.27 81.23 81.14 81.03 80.97 80.99 80.75 80.70 80.70 80.64 80.56 80.53 80.44 80.37 80.36 80.35 80.32 80.30 80.31 80.29 80.26 80.30 80.27 80.31 80.26 80.23 80.20 80.18 80.10 80.15 80.08 80.00 79.97 79.95 79.86 79.81 79.76 79.69 79.67 79.65 79.66 79.68 79.74 79.79 79.81 79.88 79.97 80.03 80.04 80.13 80.04 80.23 80.11 80.29 80.36 80.28 80.41 80.41 80.42 80.47 80.48 80.46 80.47 80.55 80.55 80.55 80.51 80.52 80.48 80.51 80.52 80.49 80.44 80.46 80.43 80.33 80.38 80.38 80.40 80.24 80.31 80.34 80.37 80.31 80.43 80.50 80.53 80.50 80.54 80.56 80.57
65°N ||     80.67 80.76 80.66 80.72 80.70 80.65 80.61 80.61 80.41 80.47 80.39 80.37 80.35 80.30 80.41 80.13 80.08 80.01 79.89 79.92 79.86 79.76 79.72 79.68 79.63 79.60 79.49 79.52 79.48 79.45 79.40 79.35 79.33 79.29 79.24 79.19 79.18 79.19 79.16 79.15 79.16 79.21 79.26 79.33 79.42 79.50 79.57 79.67 79.76 79.87 79.99 80.03 80.25 80.44 80.59 80.74 80.88 81.04 81.10 81.15 81.19 81.31 81.37 81.38 81.51 81.57 81.61 81.56 81.63 81.71 81.65 81.70 81.80 81.83 81.85 81.88 81.90 81.86 81.87 81.86 81.88 81.81 81.75 81.49 82.37 83.94 80.91 81.34 81.42 81.32 81.34 81.19 81.19 81.04 81.01 80.93 80.84 80.80 80.77 80.72 80.63 80.60 80.54 80.43 80.50 80.39 80.37 80.41 80.39 80.36 80.41 80.40 80.43 80.36 80.24 80.26 80.35 80.24 80.20 80.25 80.21 80.14 80.11 79.96 79.95 79.81 79.84 79.78 79.77 79.68 79.76 79.76 79.77 79.80 79.88 79.87 79.95 79.99 79.96 80.06 80.15 80.15 80.24 80.27 80.22 80.35 80.35 80.39 80.38 80.41 80.46 80.48 80.49 80.53 80.40 80.55 80.53 80.60 80.59 80.58 80.51 80.50 80.59 80.58 80.50 80.59 80.59 80.45 80.55 80.49 80.60 80.59 80.57 80.58 80.59 80.65 80.56 80.57 80.70 80.46
67°N ||     80.88 80.86 80.89 80.85 80.82 80.89 80.83 80.77 80.78 80.72 80.56 80.57 80.59 80.47 80.47 80.39 80.37 80.31 80.27 80.24 80.08 80.11 79.98 79.92 79.90 79.79 79.86 79.82 79.74 79.71 79.68 79.60 79.60 79.52 79.72 79.43 79.43 79.42 79.40 79.42 79.45 79.49 79.58 79.63 79.69 79.79 79.90 80.03 80.13 80.25 80.40 80.56 80.70 80.86 81.03 81.17 81.34 81.46 81.58 81.71 81.78 81.79 81.75 81.75 81.78 81.80 81.79 81.85 81.93 81.91 81.97 81.99 81.97 82.03 82.03 82.00 81.97 81.88 82.03 82.00 81.98 81.93 81.80 81.75 81.74 81.61 81.58 81.59 81.54 81.55 81.45 81.36 81.33 81.22 81.17 81.08 81.02 80.97 80.91 80.80 80.72 80.75 80.70 80.58 80.59 80.58 80.58 80.52 80.47 80.37 80.40 80.52 80.56 80.50 80.45 80.46 80.35 80.41 80.39 80.37 80.32 80.23 80.26 80.21 80.14 80.10 80.09 79.97 79.91 79.90 79.85 79.80 79.81 79.82 79.76 79.91 79.93 79.98 79.75 80.05 80.11 80.19 80.23 80.20 80.24 80.27 80.15 80.37 80.37 80.42 80.41 80.52 80.51 80.56 80.59 80.59 80.61 80.64 80.65 80.70 80.58 80.61 80.62 80.68 80.67 80.67 80.76 80.77 80.78 80.73 80.79 80.74 80.82 80.81 80.71 80.75 80.76 80.87 80.83 80.86
69°N ||     80.91 81.07 81.07 81.02 81.03 81.03 80.99 81.01 80.88 81.01 80.89 80.86 80.81 80.81 80.66 80.57 80.55 80.63 80.64 80.53 80.52 80.49 80.44 80.39 80.27 80.24 79.94 80.17 80.15 80.00 80.10 79.93 79.95 79.85 79.76 79.70 79.73 79.72 79.73 79.74 79.76 79.86 79.93 80.01 80.09 80.20 80.38 80.53 80.70 80.83 80.92 81.02 81.08 81.21 81.30 81.43 81.52 81.57 81.69 81.75 81.79 81.84 81.86 81.87 81.86 81.92 81.96 81.99 81.97 82.05 82.08 82.08 82.16 82.14 82.03 82.10 82.09 82.02 82.04 82.02 81.96 81.93 81.97 81.89 81.77 81.79 81.65 81.60 81.57 81.51 81.50 81.42 81.32 81.29 81.28 81.08 81.11 81.09 81.02 80.98 80.94 80.91 80.86 80.75 80.75 80.81 80.75 80.70 80.67 80.70 80.47 80.50 80.60 80.58 80.61 80.57 80.51 80.53 80.51 80.41 80.36 80.39 80.36 80.36 80.24 80.22 80.22 80.19 80.15 80.11 80.06 79.98 79.98 79.92 79.88 79.84 79.90 80.01 80.09 80.07 80.11 80.13 80.18 80.19 80.22 80.24 80.29 80.35 80.36 80.36 80.44 80.40 80.48 80.56 80.63 80.67 80.65 80.71 80.86 80.80 80.76 80.77 80.77 80.85 80.85 80.90 80.92 80.98 80.95 80.92 80.91 80.99 81.01 81.04 81.15 81.08 81.04 81.06 81.01 80.96
71°N ||     81.31 81.37 81.41 81.31 81.26 81.32 81.59 81.17 81.26 81.26 81.11 81.15 81.16 81.09 81.17 81.17 81.14 81.05 81.16 80.91 80.80 80.91 80.89 80.82 80.73 80.67 80.59 80.49 80.53 80.39 80.42 80.43 80.44 80.29 80.39 80.40 80.28 80.28 80.30 80.32 80.27 80.42 80.48 80.53 80.65 80.72 80.83 80.98 81.07 81.20 81.29 81.37 81.39 81.38 81.47 81.50 81.54 81.59 81.66 81.68 81.67 81.75 81.77 81.83 81.98 81.93 81.97 82.02 82.14 82.09 82.15 82.15 82.15 82.21 82.16 82.11 82.13 82.18 82.14 82.09 82.04 82.03 81.99 81.92 81.85 81.83 81.77 81.75 81.69 81.57 81.46 81.38 81.42 81.43 81.32 81.29 81.23 81.20 81.16 81.10 81.02 80.96 80.91 80.87 80.93 80.94 80.91 80.83 80.84 80.81 80.86 80.78 80.75 80.75 80.68 80.73 80.65 80.63 80.53 80.61 80.48 80.56 80.54 80.43 80.44 80.43 80.42 80.43 80.38 80.32 80.28 80.30 80.26 80.24 80.16 80.19 80.15 80.12 80.09 80.07 80.02 80.02 80.08 80.13 80.19 80.26 80.34 80.38 80.48 80.47 80.56 80.56 80.56 80.61 80.71 80.68 80.83 80.90 80.96 80.99 81.02 80.95 81.08 81.10 81.12 81.18 81.16 81.20 81.08 81.24 81.23 81.20 81.12 81.25 81.27 81.30 81.38 81.23 81.31 81.27
73°N ||     81.57 81.63 81.63 81.56 81.49 81.63 81.64 81.58 81.56 81.61 81.66 81.55 81.55 81.42 81.65 81.46 81.41 81.36 81.28 81.26 81.29 81.01 81.02 81.08 80.97 81.08 80.95 81.33 81.12 81.00 81.06 80.89 80.82 80.77 80.67 80.75 80.66 80.70 80.73 80.82 80.87 80.93 80.97 81.01 81.10 81.17 81.21 81.26 81.32 81.39 81.48 81.62 81.58 81.60 81.61 81.61 81.58 81.58 81.54 81.62 81.67 81.73 81.78 81.79 81.86 81.94 82.00 81.98 81.99 82.04 82.15 82.22 82.22 82.13 82.21 82.23 82.24 82.16 82.11 82.01 82.03 81.98 81.92 81.87 81.89 81.86 81.80 81.74 81.67 81.66 81.56 81.37 81.37 81.36 81.34 81.20 81.22 81.20 81.14 81.16 81.10 81.08 81.03 80.88 80.97 80.97 80.89 80.85 80.84 80.77 80.83 80.83 80.87 80.85 80.80 80.85 80.85 80.77 80.67 80.60 80.65 80.72 80.69 80.59 80.57 80.54 80.50 80.55 80.45 80.45 80.41 80.38 80.41 80.36 80.39 80.36 80.32 80.29 80.28 80.30 80.33 80.37 80.41 80.42 80.46 80.49 80.52 80.54 80.60 80.64 80.62 80.71 80.71 80.77 80.77 80.78 80.92 80.98 81.02 81.00 81.14 81.14 81.09 81.20 81.29 81.34 81.27 81.35 81.43 81.47 80.97 82.23 81.16 80.09 81.40 81.47 81.59 81.55 81.38 81.49
75°N ||     81.74 81.85 81.77 81.82 81.81 81.93 81.75 81.85 81.86 81.84 81.89 81.78 81.79 81.89 81.77 81.82 81.80 81.57 81.65 81.69 81.61 81.70 81.74 81.82 81.64 81.43 81.46 81.46 81.18 81.26 81.28 81.20 81.35 81.40 81.47 81.28 81.21 81.23 81.12 81.25 81.23 81.28 81.38 81.37 81.37 81.31 81.41 81.46 81.51 81.62 81.67 81.69 81.70 81.73 81.75 81.88 81.74 81.74 81.78 81.82 81.91 81.97 82.02 82.04 82.05 82.04 82.02 82.05 82.10 82.02 82.16 82.18 82.18 82.19 82.17 82.21 82.15 82.14 82.04 82.07 81.99 81.98 81.91 82.06 81.85 81.77 81.70 81.63 81.61 81.61 81.52 81.49 81.44 81.37 81.37 81.33 81.42 81.21 81.16 81.12 81.09 81.08 81.06 81.00 81.01 81.02 81.02 80.97 80.91 80.97 80.92 80.88 80.94 80.92 80.91 80.88 80.85 80.88 80.78 80.79 80.78 80.75 80.68 80.80 80.80 80.76 80.65 80.64 80.64 80.56 80.65 80.62 80.63 80.60 80.52 80.56 80.53 80.54 80.54 80.55 80.54 80.62 80.64 80.52 80.61 80.67 80.73 80.75 80.71 80.73 80.78 80.85 80.88 80.91 80.95 80.96 81.00 81.10 81.15 81.21 81.21 81.30 81.31 81.40 81.43 81.42 81.43 81.47 81.52 81.58 81.57 81.63 81.57 81.82 81.84 81.86 81.86 81.85 81.79 81.70
77°N ||     82.02 81.87 81.60 81.45 81.62 81.93 81.81 81.37 81.39 81.84 81.94 81.93 81.96 81.90 81.88 81.68 81.32 81.36 81.24 81.62 81.37 81.49 81.93 82.23 81.75 81.55 81.53 81.67 81.59 81.57 81.55 81.54 81.59 81.48 81.11 81.45 81.34 81.43 81.39 81.35 81.53 81.49 81.40 81.41 81.50 81.59 81.63 81.67 81.72 81.75 81.77 81.81 81.67 81.90 81.93 81.99 82.02 82.02 82.03 82.05 82.09 81.37 81.42 81.86 82.01 82.00 82.00 82.04 81.97 81.97 82.05 82.08 82.08 82.09 82.05 82.06 82.03 82.04 82.08 82.05 82.00 81.89 81.87 81.84 81.82 81.75 81.60 81.58 81.66 81.60 81.60 81.54 81.45 81.34 81.32 81.36 81.36 81.33 81.27 81.22 81.20 81.19 81.13 81.21 81.12 81.09 81.09 81.07 81.06 81.04 81.04 81.01 80.97 80.90 80.90 80.89 80.94 80.85 80.86 80.77 80.81 80.85 80.87 80.88 80.87 80.89 80.86 80.84 80.80 80.75 80.80 80.74 80.71 80.64 80.35 80.59 80.70 80.72 80.76 80.75 80.71 80.73 80.74 80.75 80.77 80.76 80.83 80.80 80.84 80.79 80.88 80.94 80.94 80.99 81.05 81.08 81.12 81.15 81.11 81.19 81.22 81.30 81.40 81.46 81.48 81.49 81.54 81.62 81.63 81.58 81.67 81.59 81.65 81.73 81.69 81.91 82.02 81.98 81.89 81.96
79°N ||     81.76 81.61 81.61 81.72 81.74 81.68 81.63 81.62 81.65 81.62 81.63 81.44 81.71 81.64 81.67 81.76 81.74 81.78 81.77 81.71 81.67 81.78 81.75 81.77 81.81 81.85 81.75 81.50 81.57 81.45 81.51 81.55 81.58 81.58 81.52 81.59 81.54 81.65 81.63 81.62 81.64 81.67 81.67 81.62 81.56 81.59 81.64 81.69 81.72 81.81 81.89 81.85 81.89 81.94 82.00 82.02 81.98 82.04 82.12 82.12 82.17 82.20 82.19 82.22 82.17 82.18 82.25 82.20 82.11 82.06 82.00 81.98 81.90 81.93 81.94 81.77 81.73 81.77 81.88 81.89 81.77 81.83 81.66 81.13 81.44 81.78 80.50 80.73 81.47 80.03 80.52 81.10 80.74 80.29 80.93 80.10 80.26 81.01 80.70 80.31 80.43 80.54 80.69 81.11 81.15 81.07 81.12 81.13 81.15 81.12 81.10 81.09 81.07 81.06 81.00 81.02 81.00 80.99 80.97 80.75 81.33 80.73 80.94 80.91 80.89 80.93 80.90 80.87 80.89 80.90 80.91 80.93 80.91 80.92 80.92 80.93 80.95 80.96 80.91 80.94 80.92 80.89 80.83 80.86 80.88 80.80 80.71 80.74 80.80 80.88 80.92 80.89 81.00 81.06 81.06 81.16 81.13 81.21 81.19 81.21 81.25 81.33 81.37 81.45 81.47 81.53 81.50 81.49 81.54 81.68 81.67 81.69 81.70 81.75 81.76 81.70 81.68 81.83 81.83 81.79
81°N ||     80.80 80.81 80.84 80.90 80.83 80.84 80.86 80.84 80.85 80.86 80.88 80.90 80.92 80.94 80.97 80.99 80.99 81.02 81.01 81.03 81.03 81.05 81.07 81.11 81.14 81.21 81.30 81.40 81.39 81.47 81.58 81.48 81.49 81.68 81.13 81.13 80.93 81.23 80.58 80.73 80.97 81.09 81.58 81.59 81.62 81.70 81.79 81.74 81.55 81.49 80.90 80.83 80.65 80.90 81.47 81.07 80.97 80.96 80.98 81.11 81.79 81.57 81.63 81.62 81.71 81.77 81.88 81.51 81.34 81.04 81.07 81.09 80.57 80.85 80.63 80.30 80.07 80.29 80.01 79.77 79.72 79.38 79.44 79.24 79.24 79.32 79.03 79.00 79.02 78.90 78.99 79.14 78.79 78.79 79.14 78.88 78.91 78.67 78.67 78.72 79.13 79.26 79.23 79.23 79.25 79.35 78.96 79.89 80.01 80.79 80.73 80.04 80.32 81.00 80.64 80.74 80.43 80.57 80.85 80.21 80.26 80.17 80.29 80.34 80.63 81.01 80.46 80.56 80.56 80.55 80.64 80.62 80.62 80.66 80.69 80.71 80.82 80.93 81.04 81.04 81.05 81.05 81.06 81.02 81.05 80.99 81.01 81.04 81.07 81.14 81.15 81.19 81.20 81.23 81.22 81.21 81.22 81.26 81.28 81.24 81.25 81.28 81.31 81.32 81.32 81.31 81.28 81.25 81.24 81.15 81.05 81.07 81.05 81.04 81.02 80.96 80.89 80.83 80.83 80.81
83°N ||     80.42 80.42 80.42 80.42 80.41 80.40 80.41 80.42 80.43 80.44 80.47 80.50 80.51 80.53 80.55 80.59 80.63 80.64 80.71 80.71 80.75 80.75 80.75 80.73 80.72 80.65 80.82 80.77 80.70 80.06 79.91 79.70 80.01 80.13 79.70 79.94 79.65 79.69 79.71 79.59 79.44 79.60 79.34 79.19 79.21 79.42 79.39 79.33 79.43 79.52 79.67 79.83 80.12 80.25 79.82 79.95 79.73 79.57 79.55 79.73 79.58 80.36 80.26 81.14 81.31 81.52 81.69 81.81 81.80 81.45 81.15 80.79 80.47 80.24 80.13 79.89 79.76 79.62 79.52 79.46 79.40 79.31 79.24 79.19 79.11 79.03 78.98 78.92 78.88 78.88 78.88 78.87 78.86 78.83 78.78 78.74 78.70 78.67 78.65 78.63 78.61 78.57 78.54 78.51 78.48 78.46 78.45 78.43 78.45 78.59 78.78 79.02 78.97 79.05 78.84 79.02 79.28 79.35 79.20 79.05 78.97 79.03 79.36 79.14 79.24 79.07 79.21 79.26 79.15 79.23 79.04 79.09 79.25 79.48 79.39 79.34 79.41 79.21 79.32 79.35 79.53 79.90 80.00 80.14 80.64 80.59 80.92 81.13 81.17 81.13 81.11 81.09 81.09 81.10 81.16 81.19 81.17 81.16 81.08 81.05 81.03 81.02 80.99 80.95 80.92 80.88 80.84 80.80 80.78 80.75 80.71 80.69 80.65 80.62 80.60 80.57 80.51 80.47 80.44 80.43
85°N ||     80.74 80.59 80.72 80.87 80.95 81.19 79.76 79.62 79.89 80.10 79.46 79.85 79.61 79.50 79.62 79.86 79.06 78.81 78.77 78.79 78.80 79.09 79.67 79.32 79.31 79.48 79.89 79.58 79.51 79.80 79.69 78.60 78.69 79.08 78.72 78.59 78.57 78.57 78.60 78.65 78.63 78.78 78.69 78.59 78.64 78.56 78.49 78.51 78.51 78.67 78.67 78.62 78.71 78.99 78.97 78.83 78.85 78.89 78.97 79.06 79.10 79.00 79.16 79.04 78.99 78.98 79.31 79.33 79.76 79.99 80.15 80.50 80.26 80.23 80.19 80.33 80.50 80.70 80.78 80.82 80.91 80.96 80.55 80.12 79.64 79.57 79.64 79.73 79.86 80.15 80.62 80.58 79.18 78.93 78.91 79.01 78.93 78.86 78.72 78.64 78.61 78.70 78.58 78.53 78.51 78.48 78.45 78.43 78.41 78.38 78.37 78.37 78.38 78.39 78.40 78.42 78.44 78.45 78.46 78.44 78.47 78.51 78.52 78.50 78.49 78.49 78.49 78.49 78.50 78.48 78.49 78.49 78.48 78.50 78.53 78.53 78.62 78.61 78.60 78.83 78.57 78.58 78.58 79.00 79.03 79.08 79.22 79.59 79.22 78.98 79.16 78.99 79.38 79.48 79.75 80.01 79.49 79.75 79.94 80.06 80.01 79.70 79.86 80.34 80.16 80.22 80.48 80.93 80.69 81.01 80.71 80.47 80.32 80.14 80.32 80.55 80.67 80.32 80.37 80.45
87°N ||     78.25 78.36 78.31 78.33 78.40 78.35 78.35 78.35 78.19 78.15 78.15 78.16 78.20 78.23 78.19 78.13 78.12 78.13 78.12 78.12 78.14 78.22 78.23 78.05 78.06 78.05 78.08 78.10 78.12 78.13 78.15 78.09 78.05 78.09 78.05 77.99 77.96 77.96 77.96 77.97 78.00 77.99 78.04 78.03 78.00 77.94 77.93 77.92 77.95 77.97 77.97 77.97 77.98 77.99 78.05 78.12 78.13 78.18 78.22 78.22 78.15 78.12 78.10 78.09 78.08 78.08 78.07 78.08 78.09 78.12 78.30 78.64 78.71 78.58 78.53 78.47 78.54 78.45 78.43 78.51 78.39 78.32 78.30 78.29 78.35 78.28 78.33 78.46 78.35 78.43 78.28 78.24 78.29 78.22 78.15 78.14 78.16 78.15 78.20 78.19 78.14 78.09 78.09 78.14 78.16 78.08 78.06 78.05 78.03 78.02 78.01 78.03 78.01 78.02 78.03 78.04 78.04 78.06 78.05 78.15 78.02 78.04 78.07 78.10 78.20 78.25 78.09 78.09 78.13 78.13 78.19 78.11 78.03 78.04 78.04 78.03 78.03 78.06 78.14 78.15 78.15 78.17 78.19 78.15 78.21 78.20 78.19 78.15 78.09 78.05 78.09 78.05 78.12 78.09 78.03 78.03 78.05 78.25 78.16 78.23 78.13 78.31 78.31 78.41 78.40 78.42 78.36 78.35 78.38 78.38 78.33 78.41 78.46 78.44 78.45 78.44 78.36 78.43 78.52 78.36
89°N ||     77.86 77.86 77.86 77.88 77.88 77.82 77.82 77.80 77.79 77.80 77.80 77.79 77.79 77.79 77.79 77.79 77.78 77.78 77.78 77.78 77.78 77.78 77.79 77.78 77.78 77.78 77.77 77.76 77.75 77.74 77.74 77.73 77.73 77.72 77.72 77.72 77.71 77.71 77.71 77.71 77.71 77.71 77.71 77.71 77.71 77.71 77.70 77.70 77.71 77.71 77.72 77.72 77.73 77.74 77.75 77.76 77.76 77.77 77.78 77.78 77.77 77.78 77.79 77.79 77.79 77.80 77.81 77.81 77.81 77.81 77.82 77.82 77.82 77.83 77.84 77.84 77.85 77.85 77.86 77.87 77.87 77.86 77.86 77.87 77.86 77.87 77.87 77.87 77.87 77.87 77.87 77.88 77.90 77.89 77.88 77.86 77.85 77.87 77.91 77.92 77.89 77.86 77.86 77.86 77.85 77.84 77.84 77.83 77.82 77.82 77.82 77.81 77.81 77.80 77.80 77.80 77.79 77.79 77.79 77.79 77.79 77.79 77.79 77.79 77.79 77.79 77.79 77.78 77.78 77.77 77.77 77.77 77.77 77.76 77.76 77.75 77.74 77.74 77.73 77.73 77.73 77.72 77.72 77.72 77.72 77.72 77.72 77.73 77.73 77.73 77.74 77.74 77.75 77.75 77.77 77.77 77.78 77.79 77.78 77.77 77.77 77.77 77.78 77.78 77.77 77.78 77.78 77.78 77.79 77.79 77.80 77.80 77.81 77.81 77.82 77.82 77.83 77.84 77.84 77.85
