East longitude (degrees): -179:2:179
North latitude (degrees): -89:2:89

Absorbed dose on Martian Surface (1E-6 Gy/day), 2D array where Absorbed dose(i,j)= value at latitude(i) and longitude(j).
77.66 77.70 77.74 77.75 77.75 77.75 77.74 77.76 77.80 77.84 77.98 78.03 78.01 78.06 78.25 78.35 78.39 78.46 78.48 78.36 78.30 78.45 78.47 78.43 78.37 78.35 78.30 78.31 78.40 78.37 78.45 78.56 78.50 78.44 78.54 78.46 78.37 78.30 78.23 78.18 78.13 78.06 78.00 77.98 77.96 77.96 77.95 77.95 77.95 77.93 77.91 77.90 77.87 77.86 77.85 77.85 77.78 77.75 77.72 77.72 77.70 77.68 77.67 77.64 77.66 77.69 77.70 77.59 77.54 77.55 77.48 77.47 77.46 77.47 77.43 77.40 77.39 77.38 77.36 77.36 77.35 77.36 77.36 77.34 77.36 77.37 77.36 77.35 77.34 77.35 77.36 77.40 77.41 77.42 77.43 77.44 77.43 77.44 77.46 77.46 77.44 77.44 77.43 77.42 77.44 77.44 77.45 77.46 77.47 77.48 77.49 77.48 77.45 77.47 77.51 77.54 77.53 77.53 77.54 77.56 77.57 77.59 77.60 77.62 77.66 77.69 77.69 77.72 77.75 77.76 77.78 77.79 77.80 77.81 77.82 77.85 77.86 77.86 77.86 77.87 77.82 77.82 77.80 77.76 77.78 77.77 77.76 77.74 77.71 77.68 77.68 77.66 77.66 77.62 77.60 77.58 77.57 77.56 77.55 77.56 77.56 77.56 77.55 77.54 77.54 77.54 77.54 77.55 77.55 77.56 77.56 77.58 77.58 77.58 77.58 77.61 77.63 77.64 77.65 77.66
79.60 79.66 79.67 79.79 79.76 79.83 79.74 79.73 79.71 79.63 79.62 79.61 79.51 79.38 79.32 79.30 79.32 79.32 79.32 79.28 79.28 79.33 79.46 79.51 79.49 79.44 79.45 79.35 79.44 79.28 79.52 79.54 79.38 79.36 79.35 79.34 79.29 79.23 79.28 79.29 79.25 79.29 79.25 79.22 79.18 79.16 79.15 79.08 79.04 78.98 78.85 78.99 78.81 78.55 78.57 78.51 78.39 78.26 78.20 78.17 78.32 77.83 77.89 77.64 77.57 77.56 77.51 77.48 77.47 77.43 77.35 77.29 77.34 77.33 77.07 77.02 76.95 76.86 76.82 76.97 76.68 76.50 76.48 76.39 76.37 76.37 76.39 76.42 76.45 76.47 76.51 76.53 76.55 76.56 76.57 76.96 76.86 77.04 76.93 77.15 77.15 77.15 77.23 77.24 77.28 77.37 77.43 77.59 77.68 77.74 77.61 77.60 77.63 77.66 77.68 77.68 77.73 77.77 77.83 77.84 77.91 77.96 77.98 78.03 78.11 78.10 78.11 78.19 78.26 78.25 78.32 78.33 78.35 78.41 78.54 78.69 78.79 78.94 78.86 78.68 78.53 78.48 78.45 78.41 78.35 78.35 78.30 78.05 78.02 78.00 77.99 78.01 78.05 78.04 78.04 78.05 78.12 78.23 78.32 78.32 78.40 78.48 78.57 78.62 78.74 78.84 78.93 78.97 79.10 79.13 79.29 79.29 79.31 79.30 79.39 79.31 79.07 79.22 79.59 79.81
79.03 79.03 79.04 79.04 79.05 79.05 79.07 79.12 79.12 79.12 79.12 79.13 79.14 79.21 79.13 79.06 79.07 79.18 79.17 79.17 79.18 79.20 79.24 79.25 79.24 79.25 79.29 79.40 79.47 79.62 79.95 79.99 79.97 79.97 80.00 79.83 80.01 79.89 79.85 79.82 80.04 80.31 80.25 80.26 80.04 80.00 79.90 79.80 79.71 79.62 79.66 79.55 79.53 79.49 79.73 79.81 79.53 79.36 79.42 79.78 79.62 78.72 78.58 78.61 78.74 78.82 78.67 78.77 78.75 78.35 78.47 78.33 78.05 77.97 78.02 77.77 78.08 78.34 78.60 78.24 78.07 77.98 78.04 78.04 78.13 77.99 77.92 77.78 77.77 77.89 77.78 77.81 77.93 77.92 77.92 77.93 77.94 78.00 78.05 78.17 78.15 78.26 78.55 78.84 78.77 78.73 78.71 78.73 78.70 78.76 78.86 78.92 78.98 79.06 78.84 78.90 79.01 79.03 78.95 78.86 78.85 78.88 78.92 79.02 79.13 79.22 79.23 79.16 79.17 79.11 79.07 79.04 79.00 79.02 79.06 79.18 79.75 80.88 81.27 81.01 80.38 80.07 79.93 79.96 79.49 79.24 79.14 79.02 79.08 79.14 79.01 79.04 79.09 79.23 79.40 79.47 79.51 79.54 79.51 79.52 79.50 79.33 79.17 79.10 79.08 79.18 79.24 79.31 79.43 79.62 79.38 79.43 79.38 79.31 79.24 79.22 79.20 79.20 79.09 79.04
79.09 79.11 79.13 79.15 79.15 79.16 79.17 79.19 79.22 79.24 79.26 79.29 79.32 79.35 79.34 79.34 79.36 79.39 79.42 79.45 79.48 79.52 79.55 79.60 79.64 79.70 79.75 79.81 79.92 80.05 79.98 79.84 79.82 79.77 79.89 79.99 79.97 79.91 79.98 80.05 79.81 79.80 79.81 79.81 79.84 79.87 79.85 80.36 80.48 80.57 80.49 80.51 80.43 80.43 80.45 80.41 80.35 80.64 80.76 80.78 80.34 80.67 80.57 80.46 80.81 80.53 80.55 80.52 80.91 80.57 80.85 81.09 81.27 81.28 81.11 80.96 81.00 80.99 80.96 81.04 81.00 80.96 80.79 80.82 80.83 80.74 80.67 80.64 80.69 80.67 80.40 80.39 80.50 80.89 80.44 80.35 80.24 80.19 80.23 80.09 80.31 79.79 79.95 79.69 80.11 80.37 80.43 80.19 80.08 80.10 80.14 80.28 80.56 80.66 80.76 80.72 80.32 80.33 80.24 80.22 80.13 80.12 79.80 79.72 79.78 79.84 79.83 79.69 79.68 79.83 79.76 79.79 79.97 79.99 80.21 80.80 81.61 81.54 81.57 81.56 81.56 80.36 80.21 80.25 80.20 80.33 80.29 80.20 80.17 80.16 80.10 79.97 79.85 79.79 79.74 79.61 79.56 79.62 79.94 80.32 80.81 81.05 80.55 79.99 79.23 79.23 78.92 78.84 78.82 78.85 79.01 79.23 79.69 79.64 79.33 79.12 79.04 79.01 79.04 79.07
79.42 79.50 79.50 79.65 79.39 79.46 79.51 79.56 79.61 79.67 79.74 79.81 79.98 80.03 79.81 79.81 79.86 79.92 79.96 79.99 80.03 80.08 80.10 80.14 80.17 80.23 80.30 80.33 80.36 80.40 80.45 80.62 80.59 80.63 80.75 80.70 80.47 80.51 80.48 80.51 80.70 80.53 80.20 80.25 80.08 79.94 80.01 80.20 80.27 80.17 80.34 80.25 80.49 81.35 81.03 81.23 81.51 81.02 81.50 81.44 81.12 81.24 81.31 81.28 81.31 81.28 81.34 81.35 81.27 81.17 81.27 81.10 80.92 80.94 80.96 80.99 80.94 80.95 80.90 80.92 81.34 80.82 80.65 80.60 80.57 80.59 80.57 80.58 80.55 80.53 80.52 80.54 80.42 80.23 80.03 79.72 79.07 78.38 79.22 79.36 79.84 80.19 80.14 80.27 80.59 80.81 80.95 81.19 81.15 81.02 80.79 81.11 81.24 81.38 81.38 81.46 81.50 81.58 81.55 81.54 81.51 81.56 81.50 81.42 81.40 81.44 81.03 81.07 81.14 81.22 81.29 81.52 81.59 81.69 81.74 81.73 81.71 81.07 80.22 80.01 79.95 79.89 79.84 80.01 80.09 80.10 80.03 80.18 80.27 80.36 80.50 80.59 80.70 80.46 80.59 80.83 81.00 80.66 80.52 80.57 81.04 80.80 80.47 80.46 80.61 80.54 80.98 80.29 79.49 79.19 79.23 79.39 79.52 79.74 80.04 79.34 79.47 79.46 79.26 79.33
79.80 79.85 79.87 79.99 79.97 79.92 79.93 79.96 79.98 80.18 80.04 80.14 80.20 80.23 80.32 80.48 80.40 80.64 80.30 80.51 80.37 80.41 80.38 80.86 81.30 80.25 80.71 81.22 81.03 81.14 81.07 81.07 81.04 81.06 81.12 81.14 81.14 81.13 81.02 80.98 80.99 80.74 81.35 81.46 80.48 80.66 80.65 80.52 80.48 80.77 81.01 80.74 81.48 81.32 81.41 81.60 81.83 80.57 81.24 80.75 81.50 81.25 80.61 81.07 81.11 81.45 81.50 81.43 81.40 81.37 81.32 81.34 81.33 81.34 81.32 81.29 81.32 81.37 81.32 81.10 81.19 81.36 81.09 81.06 81.08 81.29 80.94 81.12 80.96 80.99 81.04 80.91 80.83 80.52 79.70 79.70 79.28 79.77 80.33 80.64 80.57 80.85 80.90 80.99 81.08 81.31 81.12 81.23 80.97 81.25 80.82 81.12 80.95 80.95 80.60 80.50 81.24 81.42 81.70 81.75 81.81 81.79 81.82 81.80 81.85 81.81 81.77 81.82 81.80 81.84 81.79 81.77 81.85 81.83 81.84 81.85 81.92 81.94 81.88 81.88 81.88 81.92 81.59 81.17 81.36 80.77 80.25 80.24 80.24 80.14 80.21 80.33 80.75 81.90 81.76 80.84 80.64 81.21 79.98 80.00 80.64 80.06 79.76 79.62 79.54 79.66 79.49 79.89 79.61 79.57 79.58 79.64 79.77 79.45 79.36 79.48 79.59 79.70 79.71 79.73
80.67 80.38 80.31 80.28 80.18 80.46 80.41 80.77 80.72 80.77 80.76 80.79 81.13 80.93 80.87 80.94 81.06 81.07 81.16 80.98 80.91 80.96 80.90 81.01 80.94 81.07 81.27 81.36 81.21 81.32 81.28 81.30 81.31 81.30 81.29 81.31 81.27 81.30 81.28 81.28 81.26 81.28 81.20 81.06 80.99 80.76 80.24 80.93 80.14 80.41 81.20 81.01 80.87 80.36 80.56 80.77 80.94 80.89 81.05 81.03 81.32 81.49 81.31 81.38 81.58 81.63 81.61 81.65 81.66 81.62 81.58 81.56 81.51 81.52 81.49 81.50 81.48 81.39 81.17 81.19 81.13 80.99 80.93 80.78 81.02 81.20 81.07 81.10 80.91 81.03 81.04 80.97 80.61 80.44 80.31 80.14 79.65 79.26 80.42 81.55 81.91 82.07 82.06 80.94 81.22 81.10 81.12 81.30 81.02 81.34 81.08 81.03 80.96 81.38 81.74 81.57 81.03 80.90 80.48 80.25 80.15 79.77 79.63 80.18 80.78 81.27 81.58 81.57 81.48 81.28 80.72 81.33 81.50 80.85 81.43 81.62 81.91 81.82 81.56 81.44 81.13 81.17 80.94 81.38 81.98 81.91 81.75 81.62 80.91 80.95 81.04 80.25 80.95 81.28 81.28 80.41 80.03 80.11 79.87 79.90 80.00 79.83 79.82 80.09 79.96 79.91 80.03 80.13 80.16 80.13 80.02 80.12 80.35 80.01 80.03 80.09 80.29 80.46 80.56 80.36
80.94 81.04 80.80 80.94 80.74 80.73 80.84 81.52 81.08 81.01 81.95 82.24 81.24 81.38 81.38 81.49 81.27 81.38 81.36 81.17 81.17 81.40 81.42 81.57 81.41 81.48 81.52 81.54 81.51 81.48 81.48 81.45 81.48 81.43 80.99 81.36 81.38 81.37 81.34 81.33 81.27 81.22 81.22 81.23 81.28 81.34 81.26 81.16 80.97 80.84 80.94 80.41 80.28 80.67 81.22 81.32 81.26 81.59 81.75 81.79 81.83 81.81 81.76 81.72 81.70 81.70 81.67 81.48 81.66 81.56 81.42 81.26 81.23 81.06 81.00 81.09 81.02 81.21 81.04 81.06 81.13 81.17 81.26 81.09 81.41 81.18 81.18 81.34 81.18 81.17 81.07 80.77 80.65 80.95 81.10 81.13 81.15 81.17 81.23 81.10 80.94 81.04 81.04 81.00 81.30 81.37 81.38 81.21 81.19 81.07 80.97 80.79 80.32 80.52 80.67 80.13 80.54 80.40 80.18 80.36 80.11 80.05 80.79 81.09 80.90 80.79 81.90 80.50 80.72 80.73 80.86 81.34 81.25 81.14 81.07 80.86 81.17 80.17 79.78 79.34 79.28 79.97 82.17 82.01 82.11 80.93 81.57 80.94 81.69 82.00 81.88 81.81 81.75 81.77 81.86 80.75 79.64 79.57 79.55 79.57 79.54 79.70 80.39 80.27 80.46 79.82 79.89 80.09 80.17 80.16 80.24 80.26 80.30 80.56 80.57 80.64 80.76 80.70 80.75 80.80
82.04 80.95 81.59 81.58 81.47 81.16 81.86 81.58 81.61 81.60 81.19 80.87 81.75 81.12 81.40 81.58 81.54 81.53 81.46 81.33 81.17 80.81 81.82 80.60 80.85 81.69 81.45 81.42 81.45 81.50 81.52 81.51 81.58 81.23 81.16 80.83 81.06 81.43 81.31 81.37 81.37 81.40 81.30 81.35 81.39 81.39 81.39 81.14 81.68 82.51 82.50 82.62 82.59 81.15 81.68 81.71 81.88 81.93 81.96 81.98 81.99 81.97 81.91 81.83 81.87 81.51 81.66 81.84 81.87 81.87 81.82 81.55 81.34 81.46 81.33 81.22 81.15 81.28 81.49 81.12 81.13 81.15 81.20 81.52 81.36 81.60 81.73 81.69 81.59 81.64 81.31 81.27 80.92 81.29 81.27 81.38 81.55 81.58 81.58 81.56 81.60 81.60 81.68 81.63 81.56 81.50 81.63 81.17 81.09 80.94 80.48 80.11 80.37 80.82 81.25 80.96 81.17 81.06 81.16 80.80 80.95 80.56 80.36 80.26 80.59 80.54 80.90 80.95 81.24 81.20 81.16 81.27 81.32 81.42 81.52 81.53 81.51 81.63 81.30 80.92 81.34 79.96 80.17 80.81 80.90 80.95 81.02 81.25 81.85 81.62 81.42 80.56 81.35 81.81 82.08 82.19 81.61 80.58 79.68 80.12 79.86 80.18 80.70 80.77 80.06 80.37 80.82 80.97 80.81 81.20 81.97 81.74 81.35 81.22 81.23 81.16 81.32 81.12 81.16 81.93
81.90 81.95 82.05 82.11 82.17 82.32 82.44 82.37 82.38 82.40 82.40 81.78 81.11 80.78 80.10 80.12 80.83 81.00 82.05 81.25 81.31 81.13 80.91 80.99 82.68 81.56 81.57 81.60 81.48 81.26 81.34 81.23 81.22 81.42 81.33 81.29 81.21 81.52 81.36 81.37 81.50 81.33 81.48 81.38 81.43 81.45 81.16 80.96 81.02 81.89 82.53 82.40 82.70 80.97 81.83 81.97 82.03 82.09 82.03 82.05 82.11 81.81 81.69 81.80 81.92 82.00 82.06 81.89 81.91 81.06 81.34 81.54 81.40 81.57 81.28 81.46 81.31 80.83 80.63 80.48 80.38 81.38 81.37 81.36 81.55 81.58 81.72 81.53 81.78 81.64 82.11 82.02 81.64 81.72 81.71 81.54 81.47 80.84 81.45 81.74 81.87 81.61 81.65 81.66 81.64 81.69 81.34 80.44 80.73 81.08 81.13 81.24 81.25 81.42 81.44 81.35 81.60 81.42 81.55 81.63 81.55 81.76 81.79 81.59 81.72 81.41 80.80 81.04 82.21 82.20 81.26 81.44 81.23 80.03 80.89 81.11 81.22 80.75 80.44 80.79 81.15 80.61 81.46 81.63 81.89 81.91 81.87 81.57 81.57 81.73 82.01 81.92 82.14 81.95 82.63 82.78 82.72 82.44 82.09 81.87 82.10 81.94 81.73 82.06 82.23 82.17 82.16 82.00 81.85 82.28 81.90 82.18 82.07 82.10 81.59 81.57 81.63 81.71 81.34 81.83
81.33 81.41 81.76 81.99 81.57 82.84 82.69 82.40 82.53 82.51 82.47 82.28 81.70 81.80 81.37 81.54 80.42 80.62 81.01 81.49 81.85 81.62 81.32 81.19 81.09 81.74 81.51 81.66 81.27 81.83 80.90 80.98 80.88 81.17 81.21 81.31 81.57 81.60 81.69 81.68 81.75 81.68 81.65 81.70 81.70 82.23 81.49 81.79 81.79 81.77 81.81 81.94 81.95 82.05 82.07 82.01 82.05 82.08 81.88 81.88 81.69 82.06 82.02 82.16 82.04 81.83 81.26 81.30 81.38 81.38 81.33 81.46 81.45 81.66 81.77 81.97 81.80 81.25 80.72 81.01 81.16 81.62 81.61 81.22 81.21 80.99 81.07 81.03 81.31 81.58 81.61 81.74 80.83 81.78 81.86 81.78 81.91 81.91 81.90 81.94 81.90 81.86 81.92 81.84 81.62 81.32 80.61 81.72 81.91 81.79 81.62 81.43 81.52 81.40 81.54 81.06 81.00 81.56 81.93 82.12 82.29 82.16 82.20 82.28 82.27 82.19 81.86 81.47 81.21 81.22 81.67 81.56 81.52 81.48 82.34 81.26 80.03 80.43 80.55 80.70 80.91 80.90 80.51 80.64 81.17 81.62 81.73 81.47 81.92 82.00 82.00 82.08 81.62 79.87 81.98 82.65 82.52 80.47 82.66 82.59 82.53 82.33 82.26 82.19 81.96 81.69 81.45 81.52 80.78 80.50 81.48 82.05 82.00 81.81 81.66 81.50 81.40 81.30 81.51 81.50
82.70 81.30 81.03 81.77 81.80 81.89 81.91 82.44 82.45 82.55 82.59 82.59 82.46 82.34 82.02 81.73 81.42 80.96 80.87 80.58 80.56 80.27 80.63 80.66 81.05 81.01 80.88 80.78 81.28 80.51 80.51 80.54 81.10 82.56 81.03 81.27 81.29 82.00 81.67 81.70 81.79 81.78 81.74 81.75 81.76 81.80 81.76 81.86 81.87 81.81 81.84 81.93 81.97 81.97 81.89 82.04 82.18 82.06 82.13 82.04 81.51 81.89 82.12 82.11 81.87 81.65 83.16 83.16 82.82 81.42 81.57 81.63 81.69 81.90 82.06 81.70 81.36 80.82 80.89 80.59 80.92 80.95 81.33 81.28 81.61 81.51 81.63 81.65 81.64 81.65 81.70 81.86 81.78 81.92 81.87 81.99 81.88 81.83 81.84 81.68 81.68 80.99 80.78 80.82 80.47 81.02 82.25 82.67 82.62 82.24 82.15 81.74 81.77 81.42 81.57 81.47 81.84 81.98 82.24 82.27 82.25 82.24 82.30 82.29 82.23 82.44 82.43 82.56 82.58 82.17 81.46 80.82 81.43 81.63 80.88 80.71 80.60 80.19 80.76 79.97 80.25 80.66 80.68 81.59 81.32 81.25 80.74 81.08 81.53 81.84 82.12 82.22 81.98 82.14 82.26 82.30 82.33 82.27 82.02 82.19 82.15 82.21 82.03 81.83 82.07 82.02 82.03 82.01 81.94 81.52 82.13 81.89 81.83 81.63 81.15 81.72 81.07 81.04 81.10 81.59
81.49 81.08 80.73 81.19 81.23 82.09 82.16 82.53 82.46 82.51 82.50 82.60 82.61 82.61 82.54 82.38 82.26 82.20 82.12 81.81 81.31 81.17 81.25 81.02 81.39 81.31 80.96 81.68 81.55 80.98 80.75 81.07 80.84 81.10 81.29 81.43 81.45 81.53 81.54 81.75 81.78 81.87 81.90 81.90 81.98 82.01 81.97 81.95 81.97 81.95 81.84 81.75 81.66 81.77 81.91 82.04 82.04 82.05 81.93 81.04 82.04 82.21 82.36 82.52 81.92 82.20 82.18 82.19 81.72 81.66 81.88 81.77 81.85 82.00 82.20 82.09 81.63 81.46 81.08 80.75 80.78 81.11 81.95 81.45 81.64 81.68 81.68 81.60 81.35 81.74 81.75 81.79 81.74 81.92 81.72 81.94 82.18 82.03 81.78 81.85 81.61 81.64 81.51 81.40 81.00 81.32 81.16 81.41 81.51 81.38 81.34 81.20 81.31 81.83 82.12 82.55 82.51 82.36 82.22 82.12 82.13 82.30 82.44 82.42 82.53 82.49 82.46 82.52 82.52 82.61 81.73 81.67 81.63 81.53 82.83 81.04 81.00 81.12 81.57 80.42 80.39 80.41 80.93 80.97 81.02 80.57 80.41 81.65 81.35 81.04 81.89 81.78 81.67 82.16 82.13 80.64 81.28 81.48 82.07 81.77 81.15 81.33 82.08 81.73 81.96 82.23 82.09 82.16 82.11 82.06 81.72 81.62 81.43 80.78 81.78 82.01 81.59 81.41 81.01 80.89
81.51 81.48 81.84 81.18 80.87 81.35 81.91 82.00 82.26 82.19 82.45 82.30 82.61 82.50 82.52 82.40 82.47 82.50 82.44 82.00 81.46 81.43 81.14 81.26 81.16 81.31 81.32 81.12 81.05 81.14 81.07 81.22 81.47 81.49 81.44 81.20 81.00 81.36 81.77 81.49 81.93 81.60 81.39 81.80 81.85 81.80 81.60 81.91 81.82 81.78 81.56 81.61 81.85 82.25 81.95 81.27 81.72 82.30 82.16 82.20 82.14 82.12 82.26 82.46 82.77 82.56 81.90 82.61 81.76 82.29 82.06 81.87 81.92 81.80 81.90 82.39 82.54 82.45 82.39 82.02 81.83 81.45 81.55 81.54 81.57 81.63 81.77 81.77 81.78 81.75 81.73 81.76 81.87 81.81 81.86 81.67 81.82 81.89 81.73 81.99 82.02 81.73 81.80 81.99 81.84 81.56 81.36 81.10 81.13 80.88 81.38 81.51 81.86 82.39 82.74 82.78 82.80 82.61 82.44 82.37 82.32 82.29 82.35 82.39 82.59 82.66 82.57 82.54 82.57 82.61 82.45 81.91 81.81 82.09 81.68 81.21 80.93 81.12 80.96 80.09 82.00 80.74 81.39 81.28 81.26 80.93 80.75 80.54 80.25 80.70 81.14 81.56 81.36 81.44 81.80 82.14 82.38 82.40 82.13 82.02 81.51 81.61 81.83 81.82 81.68 80.75 80.69 81.09 81.62 81.92 82.04 82.11 81.91 82.18 82.14 81.19 81.68 81.78 81.72 81.90
82.29 81.26 80.84 81.51 81.85 82.05 82.02 81.31 81.44 81.66 81.18 81.45 82.03 81.44 83.04 81.55 81.96 81.91 82.42 82.15 82.06 82.02 82.04 81.38 81.17 80.96 82.02 81.74 81.14 81.26 81.76 82.08 82.11 81.99 81.95 81.64 81.26 81.48 81.39 81.36 81.82 81.06 81.53 81.85 81.55 80.47 82.07 82.23 82.27 82.19 82.16 82.30 82.27 81.92 81.47 82.46 82.46 82.24 82.46 82.43 82.36 82.19 82.30 82.38 82.63 82.91 82.69 82.13 82.78 82.80 82.64 82.39 81.50 82.28 82.47 82.01 81.99 82.11 81.98 81.70 80.77 80.80 81.57 81.85 81.61 81.53 81.40 81.71 81.86 81.83 81.90 81.82 81.85 82.03 81.93 81.99 81.95 81.78 81.91 82.03 82.10 81.96 81.88 81.86 81.26 81.85 81.74 81.76 81.77 81.88 81.98 82.05 82.14 82.32 82.55 82.60 82.17 82.11 82.15 81.92 83.04 82.58 82.00 82.25 82.44 82.52 82.69 82.76 82.50 82.72 83.00 82.80 80.58 82.65 82.52 82.33 81.16 81.39 81.38 81.82 80.97 80.88 80.79 80.90 80.98 80.87 80.87 80.60 80.86 80.76 81.04 81.00 81.08 81.20 81.24 82.29 82.79 82.73 82.72 82.60 82.44 82.21 82.01 81.78 81.71 81.34 80.90 81.15 81.28 80.18 81.05 81.85 81.98 81.70 80.59 80.98 81.21 82.14 82.17 82.13
82.43 81.92 81.71 82.01 82.07 81.88 80.50 81.29 81.52 81.26 81.80 81.29 81.55 80.64 81.74 82.13 81.88 82.02 81.72 82.01 82.18 82.21 81.92 81.77 80.87 81.34 81.55 81.61 82.02 81.32 81.55 82.23 82.32 82.01 82.27 82.06 81.52 80.97 80.81 80.99 81.31 81.93 82.23 82.20 82.12 81.77 82.28 82.40 82.56 82.54 82.54 82.54 82.58 82.60 82.34 82.15 82.27 82.09 82.39 82.50 82.20 81.89 82.61 82.49 81.80 82.92 81.79 82.51 82.79 81.34 81.72 82.49 83.08 82.26 82.76 82.14 82.19 81.90 81.68 81.72 81.11 81.25 81.60 81.36 81.42 81.88 81.71 81.66 82.07 80.80 81.77 82.01 82.09 81.99 82.39 81.81 81.73 81.76 82.68 81.69 81.60 82.03 81.87 81.89 81.96 82.00 81.97 81.88 81.85 82.16 82.23 82.41 82.46 82.46 82.30 81.94 81.97 82.08 81.71 81.23 81.28 81.32 82.05 82.45 82.80 82.89 82.96 82.90 82.97 83.13 82.94 82.92 82.69 82.55 82.62 82.40 81.90 80.75 80.16 80.53 82.60 82.44 80.27 80.30 81.76 80.67 80.79 80.07 80.77 81.18 80.61 80.69 81.27 81.96 82.24 82.42 82.59 82.53 82.62 82.62 82.60 82.54 82.44 82.30 81.89 81.56 81.19 81.11 81.34 81.11 82.15 80.41 81.26 81.49 81.15 81.85 82.07 81.87 82.15 82.29
82.29 82.32 82.47 82.71 82.34 81.01 81.48 81.32 80.86 80.94 81.06 82.68 81.01 81.15 80.72 80.81 81.55 82.04 81.59 81.45 82.62 81.51 81.56 81.54 80.72 81.44 81.72 81.69 81.64 80.76 80.17 82.29 82.07 82.18 82.16 81.86 82.00 81.44 81.24 81.30 81.09 81.70 81.94 82.07 82.16 81.88 81.39 81.30 82.17 82.60 82.62 82.66 82.53 82.51 82.30 81.63 81.44 81.46 81.17 80.99 81.69 83.00 82.06 81.41 82.85 83.17 83.04 82.06 84.50 79.97 83.37 82.08 81.64 82.34 81.95 82.81 83.01 82.78 82.48 83.10 83.13 82.39 81.70 81.79 82.03 81.76 81.83 81.58 81.52 81.87 81.95 82.04 81.75 81.42 81.45 81.38 81.41 81.51 81.95 81.50 81.21 81.37 81.35 81.42 81.38 82.01 82.03 82.19 82.33 82.44 82.53 82.64 82.74 82.80 82.69 82.44 82.55 82.54 82.67 82.41 82.31 82.51 82.88 83.13 83.33 83.31 83.34 83.33 83.33 83.76 83.13 83.04 82.88 83.05 82.97 82.90 82.85 82.45 80.55 81.74 82.65 82.91 80.87 81.11 81.71 81.52 81.11 80.84 80.79 81.18 81.67 81.84 81.99 81.73 82.16 81.95 82.42 81.89 81.00 81.27 82.48 82.59 82.53 82.27 81.86 81.56 81.26 81.24 81.35 81.26 80.91 80.75 81.30 81.38 82.33 81.29 81.28 81.39 81.71 82.21
82.39 82.42 82.54 82.60 82.05 82.00 81.93 81.49 81.29 81.85 81.81 81.70 81.51 81.62 81.23 81.49 82.03 81.96 81.97 81.91 81.35 80.57 80.57 82.62 80.52 81.51 81.88 81.88 81.85 81.54 81.29 82.21 82.19 82.08 82.23 81.90 81.63 81.33 80.91 80.80 80.93 80.79 80.71 80.95 81.79 81.44 81.25 81.63 82.18 82.41 82.63 82.65 82.67 82.23 81.80 80.81 81.21 80.68 81.02 82.76 81.57 83.18 83.34 82.83 81.66 85.17 85.13 85.45 85.04 85.09 85.15 83.82 81.27 81.93 83.01 82.33 82.18 82.87 82.75 82.68 82.22 81.93 82.09 82.07 81.97 81.82 81.84 81.58 81.71 81.40 81.68 81.90 82.14 81.81 81.91 82.30 82.93 81.94 81.90 81.99 81.97 81.88 81.24 81.38 81.19 81.47 82.22 82.30 82.49 82.64 82.75 82.84 82.98 83.11 83.09 83.22 83.31 83.41 83.46 83.94 84.54 84.81 84.96 85.18 85.48 84.95 84.49 84.43 85.47 83.93 83.43 83.33 83.21 82.99 83.14 83.08 81.73 82.58 82.45 82.14 81.96 81.79 81.93 81.98 80.73 81.26 81.41 81.39 81.78 82.07 82.40 82.40 83.01 82.69 81.98 82.18 82.37 80.99 81.18 82.60 82.34 82.15 81.97 82.02 81.63 81.49 81.66 81.88 82.13 81.90 81.89 81.20 81.98 81.57 81.32 81.40 81.64 82.05 82.09 82.33
82.48 82.11 82.20 82.74 82.92 81.43 82.25 82.36 82.34 82.15 82.28 81.78 81.53 81.93 81.92 81.91 81.61 82.00 81.91 82.02 81.89 81.15 80.76 82.02 81.53 81.83 82.80 81.78 81.97 81.76 82.10 81.98 81.99 82.17 82.08 82.07 82.02 81.13 80.81 80.80 80.67 80.83 81.36 81.58 81.83 81.97 82.11 82.03 82.74 83.23 81.66 81.76 82.07 81.81 81.92 82.43 82.23 81.42 81.30 82.28 81.63 83.27 83.36 83.50 86.20 85.71 85.18 85.19 85.27 85.34 85.33 84.98 83.87 83.34 82.61 82.47 82.74 83.00 82.38 82.60 82.76 82.63 82.52 82.34 82.11 82.87 82.23 81.86 82.04 82.09 81.78 81.71 81.58 82.08 81.49 81.33 81.72 81.83 81.94 81.80 81.97 82.05 81.55 80.68 82.10 81.83 82.03 82.33 82.43 82.48 82.84 82.97 83.17 83.34 83.44 83.74 84.61 85.01 86.04 87.20 88.07 88.66 88.88 88.99 89.05 88.47 88.24 88.36 88.41 88.30 86.89 83.94 84.00 84.68 83.11 83.30 83.33 83.10 82.17 82.20 82.37 81.90 82.01 81.61 81.80 82.49 81.69 81.70 81.80 81.52 81.84 82.22 82.58 82.75 83.16 82.48 82.36 80.76 82.67 82.31 82.47 82.51 82.52 82.20 81.92 81.88 81.52 81.93 81.26 81.92 82.16 81.43 80.76 80.76 81.44 82.08 82.13 82.22 82.44 82.48
82.43 82.28 81.95 82.06 82.61 82.46 82.34 81.54 82.53 82.08 81.73 82.02 81.87 82.12 81.96 81.85 81.95 81.21 81.80 81.88 81.66 81.27 80.75 80.54 80.15 81.60 81.20 81.63 81.95 81.95 81.81 82.04 81.72 81.56 81.85 81.53 81.59 81.44 81.15 80.29 80.28 80.07 80.51 81.69 81.88 82.06 82.14 81.73 82.83 83.14 81.62 81.65 81.10 80.75 81.84 82.79 82.92 82.88 82.01 81.34 81.24 81.45 83.42 84.96 85.69 85.01 85.40 85.23 85.23 85.23 85.25 85.35 83.87 83.99 84.50 85.58 82.74 82.81 82.51 82.55 82.70 82.63 82.26 82.07 81.82 82.34 81.59 81.76 82.04 82.02 81.99 82.06 82.19 82.26 81.98 81.56 81.72 81.83 81.92 81.50 82.09 81.78 81.40 81.89 81.75 81.92 82.25 82.50 82.68 82.69 83.09 83.20 83.24 83.59 84.09 85.10 86.10 87.30 88.35 89.26 89.47 89.69 89.71 89.31 89.66 89.69 89.72 89.72 89.70 89.65 89.71 89.55 86.22 86.20 84.63 83.47 82.89 81.74 80.79 82.64 82.33 81.69 82.65 81.58 80.99 81.29 81.74 82.36 82.12 82.19 82.55 82.58 82.47 82.38 81.75 82.38 82.41 82.53 82.45 82.47 82.41 81.91 82.08 82.46 82.42 82.20 81.66 82.42 82.03 82.38 82.00 81.56 82.02 81.37 81.50 81.82 81.95 82.20 82.27 82.40
81.56 81.84 81.69 82.12 82.79 82.94 83.04 82.36 82.39 81.37 81.89 81.44 81.40 81.24 81.59 81.38 81.30 81.36 80.51 80.80 81.18 81.51 80.65 80.47 81.22 80.96 81.38 81.97 81.94 81.93 81.73 81.99 81.63 80.24 80.25 80.43 80.82 80.81 80.90 80.33 80.13 80.21 80.41 81.39 81.77 81.96 81.99 81.97 81.89 81.77 81.58 81.23 80.67 80.42 80.73 81.22 82.32 82.37 81.67 81.41 83.04 83.22 83.35 83.68 85.09 85.96 85.31 85.37 85.24 85.62 85.68 85.00 84.37 82.91 83.42 82.49 82.49 82.81 82.45 82.58 82.59 82.55 82.33 81.99 82.00 81.56 81.74 82.99 82.41 82.07 81.82 82.03 82.58 82.59 82.11 81.78 81.17 82.25 81.58 81.56 81.52 81.51 81.81 82.16 82.23 81.86 81.78 82.52 82.68 82.91 82.62 83.06 83.53 84.41 86.03 87.33 88.35 88.92 89.48 89.64 89.59 89.17 89.57 89.56 89.53 89.72 89.71 89.66 89.71 89.72 89.71 89.66 89.73 89.49 87.68 86.01 83.38 82.82 83.10 82.75 82.97 82.45 81.49 82.07 82.22 81.14 81.95 81.71 82.26 82.40 81.70 82.22 82.21 82.18 82.04 82.46 82.27 82.07 81.70 81.70 80.28 81.23 82.11 81.90 81.56 82.14 82.52 82.75 82.18 82.76 82.68 82.43 82.38 81.90 81.42 80.93 81.16 81.42 81.82 81.99
81.36 81.90 81.64 81.59 82.27 82.76 82.15 81.64 82.20 81.79 81.48 81.63 80.49 82.00 80.73 81.00 80.05 80.32 81.19 80.95 81.50 80.81 81.23 81.59 81.53 81.94 81.30 81.70 81.89 81.86 81.88 81.88 81.96 81.08 80.87 81.04 81.36 81.42 81.42 81.10 80.62 80.48 80.89 81.02 80.86 81.57 81.58 81.68 81.45 81.50 81.11 80.92 80.49 80.48 80.37 80.75 81.12 81.04 81.62 82.07 81.00 82.78 82.42 83.31 83.25 85.43 85.90 85.82 85.66 85.87 85.76 85.26 84.76 83.04 83.25 83.21 82.55 82.50 82.31 81.78 82.47 82.26 82.18 82.15 81.81 81.89 81.63 81.91 82.24 82.12 82.23 82.25 82.72 82.23 82.01 81.23 81.60 81.44 81.77 82.36 81.58 81.16 81.43 81.77 82.61 82.62 82.21 82.50 82.85 82.78 82.62 82.87 83.35 83.97 88.23 89.59 89.69 89.36 88.73 89.64 89.66 89.63 89.49 89.55 89.71 89.67 89.60 89.71 89.71 89.72 89.72 89.70 89.72 89.70 89.44 88.33 86.54 83.94 83.28 83.12 83.06 82.99 82.54 82.11 82.65 82.62 82.07 82.47 82.42 82.41 82.43 81.82 81.63 82.06 81.63 81.96 82.02 81.38 80.96 81.74 82.49 82.60 81.66 81.53 82.04 82.57 82.43 82.61 82.76 82.68 82.64 82.58 81.75 81.75 81.44 82.02 81.68 81.51 81.91 81.78
81.96 82.04 81.88 81.93 82.19 82.16 82.27 82.31 82.43 81.61 81.34 81.96 81.40 81.18 81.27 81.28 82.24 81.19 81.62 81.75 81.50 81.80 82.36 81.39 81.78 82.01 81.85 81.71 81.72 81.67 81.52 81.64 81.56 81.34 81.36 81.32 81.36 81.39 81.52 81.55 81.18 81.07 81.28 81.18 81.13 81.38 81.38 81.15 80.95 80.72 80.62 80.61 80.53 79.96 79.72 81.00 81.46 81.59 81.97 82.23 82.52 82.46 82.80 82.91 82.91 84.10 84.97 87.45 87.06 86.30 86.01 85.57 83.78 83.39 83.17 83.32 82.40 82.37 82.34 83.09 82.02 82.25 81.97 81.93 81.86 81.76 81.77 82.28 82.27 82.18 82.06 82.16 82.35 82.15 81.94 82.03 81.65 81.69 81.63 82.37 80.69 81.45 81.66 81.72 82.34 81.68 82.30 82.51 82.69 82.70 82.78 82.69 83.37 85.74 89.59 89.60 88.92 88.72 89.43 89.18 89.35 89.11 89.18 89.21 89.34 89.13 88.79 89.48 89.69 89.53 89.72 89.72 89.73 89.71 89.43 89.14 87.55 84.86 83.45 83.25 83.06 83.17 81.19 82.64 82.67 82.41 82.55 82.28 82.08 82.47 82.13 81.90 82.17 81.91 82.00 81.64 81.39 81.49 80.88 80.01 81.38 81.19 81.78 82.61 82.70 82.61 82.10 82.72 82.24 82.31 82.59 82.50 81.76 81.81 81.80 80.91 80.98 81.65 81.86 81.76
82.49 81.70 82.60 82.22 82.48 82.16 82.28 82.24 82.01 81.76 81.36 81.43 81.24 81.01 81.40 81.43 81.84 81.91 81.78 81.75 81.19 81.45 81.67 81.68 81.36 81.74 81.86 81.86 81.12 81.46 81.31 81.61 81.66 81.12 81.27 81.26 81.30 81.43 81.64 81.76 81.11 80.85 79.70 79.78 80.73 81.18 81.01 80.74 80.78 80.46 80.32 80.33 80.19 80.29 80.32 81.16 81.25 81.37 81.52 81.91 81.88 81.97 82.38 81.88 83.16 83.04 83.57 83.78 84.13 84.38 83.98 83.95 83.19 83.40 83.26 82.54 82.45 82.63 82.51 82.62 82.41 83.41 81.97 82.19 82.03 82.03 81.89 82.33 82.30 82.05 81.96 82.13 82.20 82.12 82.09 81.84 82.02 81.82 82.13 81.64 81.56 81.68 81.50 81.02 81.09 81.46 82.20 82.82 82.40 82.58 82.68 82.74 83.70 88.07 89.67 89.32 89.34 89.60 89.41 88.95 89.22 89.28 89.53 89.14 89.26 89.56 89.59 89.62 89.55 89.69 89.66 89.70 89.69 89.53 88.59 88.47 87.58 85.59 83.65 83.45 83.27 83.32 83.08 83.03 82.86 82.72 82.54 82.37 82.38 82.90 82.60 82.46 82.40 82.05 82.01 81.68 81.36 81.34 81.43 81.46 81.19 81.29 82.04 82.75 82.88 82.83 82.68 82.59 82.25 82.45 82.43 82.55 81.14 82.01 82.06 82.70 81.69 81.95 82.26 82.21
82.63 82.56 82.59 82.87 82.72 82.09 82.20 82.09 82.63 82.92 83.38 83.23 82.25 81.50 81.79 81.64 81.16 81.46 81.11 81.52 81.13 81.74 81.68 81.67 81.46 80.52 81.13 81.34 81.60 81.09 80.95 81.26 81.06 81.08 80.82 81.16 81.25 81.45 81.51 79.16 78.81 78.61 76.55 76.26 76.35 79.01 79.00 79.00 79.90 80.30 79.96 80.38 80.07 80.27 80.21 80.27 80.36 80.94 81.85 81.69 81.29 80.63 82.10 82.64 82.59 83.04 83.02 83.25 83.58 83.66 83.65 83.21 83.39 82.89 82.94 82.94 82.79 83.52 82.74 82.36 82.57 82.47 82.15 82.16 81.98 82.00 82.09 82.40 82.40 82.27 82.03 82.22 81.96 82.01 82.12 81.62 81.44 81.97 81.92 81.79 81.43 81.50 80.97 80.68 82.36 81.62 82.03 82.52 82.54 82.55 82.72 82.92 83.61 88.14 89.46 89.31 89.16 89.71 89.18 89.16 89.12 89.36 89.01 88.80 89.39 89.59 89.52 89.52 89.66 89.56 89.67 89.72 89.38 88.84 88.47 88.09 86.95 85.25 84.24 83.50 83.93 82.89 82.73 82.95 82.02 82.22 82.57 82.65 82.70 82.66 82.57 82.54 82.57 82.00 81.86 81.80 81.54 81.95 81.93 81.68 81.59 81.53 82.17 82.52 82.64 82.54 82.61 82.53 81.81 82.27 82.27 81.51 81.39 82.16 82.07 82.12 82.21 82.41 82.58 82.27
82.49 82.62 82.36 82.01 82.78 81.94 82.43 82.32 81.60 82.02 83.05 83.05 81.85 81.51 82.14 81.85 82.11 81.60 81.86 81.95 82.10 81.33 82.12 82.12 81.85 81.86 81.62 81.34 81.50 81.37 81.25 79.13 80.39 80.86 80.87 81.08 81.24 81.22 80.42 80.28 79.62 78.15 77.77 77.87 78.29 78.44 78.32 78.61 77.91 79.18 80.00 80.03 80.05 80.15 80.31 80.34 80.60 80.95 81.03 81.57 81.56 81.71 81.19 81.43 82.17 81.52 82.67 83.43 83.32 83.32 83.32 83.31 83.01 82.89 83.00 82.91 82.86 82.70 82.58 82.60 82.56 82.55 82.41 82.26 82.23 82.00 82.34 82.57 82.29 82.23 82.45 82.50 82.42 82.00 82.16 81.85 81.86 81.81 81.77 82.16 81.51 81.67 81.29 81.42 81.31 81.25 81.98 82.40 82.60 82.62 82.61 83.08 83.71 86.49 89.48 89.20 88.73 88.93 89.56 89.23 88.84 89.08 88.88 88.79 89.24 89.49 89.23 89.49 89.40 89.66 89.72 89.57 89.01 88.58 87.81 87.26 86.81 86.06 84.10 83.24 83.13 82.63 82.68 82.58 82.59 82.76 82.86 82.73 82.06 82.61 82.65 82.72 82.53 82.38 82.05 82.29 82.05 81.75 82.31 82.17 81.86 81.71 81.73 81.94 82.29 82.40 82.75 82.60 82.33 82.28 82.42 82.24 82.54 82.45 82.47 82.20 82.33 82.54 82.67 82.77
82.77 82.62 82.63 82.30 83.12 82.92 82.61 81.86 81.34 80.63 80.30 81.34 81.22 82.12 82.48 82.45 82.45 82.45 82.29 82.20 82.19 82.16 81.82 82.04 81.71 81.33 81.43 80.94 80.82 81.39 81.28 80.31 80.48 79.80 80.60 79.61 80.29 78.14 78.30 80.28 78.12 77.22 78.71 78.75 78.64 78.59 78.82 79.63 78.92 78.88 78.62 79.32 79.99 80.52 80.51 80.64 80.52 81.14 81.27 81.05 81.02 81.82 81.79 82.13 82.50 82.41 82.82 82.95 81.68 83.12 82.86 82.92 82.97 83.05 82.96 82.84 82.76 82.75 82.76 82.59 82.39 82.26 81.98 83.08 82.31 82.11 82.12 82.03 82.48 82.25 82.38 82.51 82.47 82.28 81.85 82.14 81.78 81.70 82.09 82.04 81.46 81.42 81.26 81.45 81.64 81.60 82.87 82.09 82.53 82.69 82.73 82.80 83.16 85.83 87.96 89.45 88.77 88.06 86.99 89.26 89.15 89.10 89.55 88.87 89.41 89.36 89.57 89.49 89.54 89.61 89.64 89.37 88.40 87.90 87.07 86.52 85.48 84.17 83.60 83.25 82.78 82.87 82.48 82.51 82.38 82.49 82.73 82.75 82.72 82.61 82.74 82.63 82.56 82.52 82.38 82.41 82.58 82.42 82.32 81.65 81.99 81.90 81.45 81.42 82.14 82.30 82.72 82.38 82.41 82.52 82.64 82.62 82.60 82.58 82.41 82.23 82.79 82.88 82.79 83.05
82.76 83.11 82.63 82.01 82.56 82.00 81.86 82.10 81.46 80.67 80.52 81.42 82.11 82.27 82.41 82.33 82.44 81.01 82.22 82.16 82.10 81.89 81.87 81.71 81.19 81.45 81.26 81.12 80.56 80.73 80.40 80.27 80.38 80.07 80.23 80.43 79.68 78.08 78.21 78.16 77.54 78.72 79.52 79.39 79.03 79.34 79.12 79.21 79.50 79.55 79.33 78.35 79.23 80.40 80.76 80.97 80.96 80.97 80.98 81.07 81.25 81.43 81.39 82.42 82.36 81.78 82.02 82.39 82.31 82.92 82.85 82.97 82.78 82.55 82.66 82.79 82.80 82.79 82.93 82.72 82.43 82.16 82.34 82.19 82.28 81.96 81.85 82.01 82.15 82.22 82.27 82.44 82.37 81.98 82.01 81.98 82.21 82.38 81.80 81.66 81.69 81.09 81.23 81.61 81.80 81.76 81.81 82.18 82.62 82.53 82.50 82.64 82.90 83.08 85.17 87.88 89.31 88.70 87.77 87.49 89.18 89.23 87.23 87.73 89.53 89.41 89.50 89.58 89.54 89.63 89.60 87.67 86.44 86.49 85.95 85.19 85.44 84.13 84.00 83.86 83.01 82.74 82.03 82.49 82.29 82.42 82.54 82.60 82.70 82.76 82.65 82.48 81.92 81.91 82.02 82.30 82.04 81.84 82.16 82.36 82.14 81.81 82.17 82.39 82.23 82.24 82.08 82.30 82.26 81.82 82.66 82.73 82.49 82.44 82.58 82.65 83.02 82.91 82.64 82.12
82.81 82.88 82.01 81.87 82.07 81.22 81.65 80.70 80.74 81.35 81.30 81.56 82.19 82.32 82.55 82.24 82.45 82.47 82.17 82.17 81.44 81.92 81.85 81.82 81.52 81.25 81.27 81.07 80.83 80.54 80.38 79.50 79.94 79.70 79.34 79.57 78.84 77.76 77.59 76.83 77.11 78.78 79.74 79.30 80.11 79.40 80.39 80.47 80.18 80.21 79.53 78.48 77.55 79.39 80.37 80.97 80.93 81.00 81.03 80.99 81.39 81.81 81.62 82.38 82.45 82.49 82.45 82.44 82.38 82.23 82.41 82.80 82.76 82.55 82.85 82.58 82.91 82.74 82.71 82.78 82.61 82.44 82.60 82.34 82.29 82.17 82.12 82.02 82.02 82.11 82.16 81.87 82.10 82.26 82.05 82.17 81.96 82.19 81.92 81.40 81.58 81.39 81.12 81.35 81.62 81.74 81.73 81.66 82.27 82.52 82.39 82.34 82.15 82.43 82.91 84.53 88.96 89.49 89.14 88.33 88.34 87.30 89.19 89.57 89.39 89.39 89.60 89.63 89.46 88.71 88.00 86.05 84.63 84.44 84.31 84.27 84.83 84.45 83.65 83.55 83.22 82.76 82.49 82.41 82.27 82.23 82.38 82.34 82.44 82.55 82.52 82.30 82.18 81.99 81.46 81.36 81.48 81.44 82.09 81.70 82.04 82.28 81.83 82.10 81.98 81.91 82.25 82.38 82.55 82.20 82.34 82.71 82.10 82.54 82.55 82.67 82.78 82.63 82.39 82.35
82.75 82.19 82.08 82.02 81.40 81.49 80.96 81.42 81.56 81.41 81.60 81.63 82.00 82.24 82.47 82.46 82.45 82.02 81.90 82.17 81.79 81.85 81.77 81.70 81.50 81.45 81.23 81.03 80.70 80.37 80.07 79.91 79.86 79.22 79.05 79.68 78.76 77.56 77.73 76.84 77.94 78.85 79.27 79.92 80.18 80.43 80.45 80.67 80.66 80.78 79.75 78.48 78.92 79.03 79.19 79.13 80.59 81.17 81.15 81.47 81.85 82.18 82.38 82.41 82.53 82.49 82.54 82.64 82.57 82.53 82.60 83.14 82.56 82.37 82.51 82.52 82.60 82.68 82.81 82.79 82.84 82.76 82.59 82.60 82.48 82.18 81.93 81.80 82.00 82.05 82.05 82.14 81.90 82.11 82.18 82.09 82.15 82.05 82.01 81.61 81.58 82.03 81.73 81.55 81.81 81.97 82.05 81.78 82.31 82.49 82.66 82.35 82.64 82.57 83.11 83.09 84.51 85.71 86.61 89.66 89.39 88.82 89.66 89.51 89.62 89.55 89.66 89.59 86.89 84.68 86.22 85.50 84.04 84.00 83.82 83.41 83.37 83.64 83.57 83.31 83.25 82.51 82.55 82.33 82.41 82.07 82.19 82.17 82.18 82.26 82.36 82.18 81.99 82.00 81.66 81.59 82.18 81.38 81.20 81.00 82.13 82.41 82.66 82.21 82.36 82.49 82.59 82.51 82.54 82.41 82.30 82.49 82.22 82.45 82.44 82.27 82.45 82.57 82.54 82.49
82.74 82.19 80.89 82.01 81.39 81.23 81.76 81.32 81.68 81.50 81.49 81.70 82.22 82.38 82.46 82.41 82.38 81.37 82.24 82.21 82.01 81.77 81.76 81.64 81.56 81.39 81.22 80.91 80.57 80.28 80.01 79.67 79.46 79.41 79.38 78.54 78.60 78.08 76.53 75.54 77.86 79.05 79.50 79.84 80.21 80.52 80.71 80.85 80.95 80.93 80.88 80.71 79.95 79.96 79.85 79.04 79.36 79.91 81.12 81.41 81.91 82.44 82.53 82.49 82.71 82.51 82.38 82.48 82.65 82.62 82.73 82.93 82.74 82.46 82.65 82.85 82.70 82.68 82.91 82.87 82.84 82.84 82.68 82.75 82.31 82.28 82.15 81.96 81.85 82.02 82.09 82.15 82.26 82.20 82.18 82.11 82.14 81.72 82.05 81.72 82.16 82.21 81.95 81.94 82.18 82.27 82.34 82.26 81.76 82.45 82.21 82.62 82.72 82.80 82.31 82.50 83.30 83.24 84.04 84.10 85.49 85.55 87.52 89.24 88.24 88.58 86.96 87.59 84.59 83.73 83.43 83.21 83.52 83.63 83.44 83.19 83.29 83.28 83.22 82.90 82.87 82.66 82.47 82.36 82.32 82.20 82.17 82.22 82.22 82.25 82.28 82.09 82.07 81.64 81.87 81.45 80.95 81.22 81.94 80.94 81.93 82.32 82.45 82.03 82.47 81.74 82.42 82.56 82.36 82.25 82.40 82.29 82.11 82.23 82.26 82.45 82.32 82.44 82.55 82.68
82.48 82.13 82.09 82.03 81.50 81.38 81.96 81.08 81.54 81.87 81.77 82.11 82.06 82.20 82.46 82.27 82.46 81.73 82.23 81.71 81.74 81.76 81.64 81.61 81.41 81.30 81.15 81.01 80.53 80.20 79.85 79.52 79.09 79.12 78.95 79.16 79.40 77.87 77.56 75.81 78.16 79.10 79.50 79.94 80.32 80.63 80.85 80.99 81.08 81.23 81.21 81.26 81.00 80.34 80.34 80.44 80.74 80.71 80.60 80.58 80.33 81.94 82.56 82.57 82.54 82.55 82.62 82.75 82.60 82.52 82.54 82.97 83.07 83.20 82.86 82.61 82.82 82.84 82.98 82.97 82.96 82.94 82.86 82.68 82.59 82.39 82.45 82.47 82.15 82.05 82.02 82.21 82.23 81.88 82.03 82.15 82.16 81.91 81.91 81.90 82.15 82.33 81.89 82.14 82.32 82.22 82.44 81.93 81.55 81.79 82.34 82.37 82.58 82.43 82.39 82.45 82.42 83.24 83.19 83.35 83.52 83.71 83.88 84.04 84.22 84.88 85.57 84.91 84.63 83.72 83.23 83.55 83.44 83.35 83.03 83.15 81.59 83.21 83.19 82.08 82.54 82.27 82.20 82.20 82.22 82.23 82.23 82.23 82.14 82.10 82.06 81.83 81.36 81.26 81.12 81.42 82.00 81.05 81.14 81.80 81.45 81.89 82.32 82.30 82.62 81.88 82.47 82.26 82.43 82.54 82.47 82.34 81.97 81.75 81.80 82.17 82.17 82.23 82.53 82.58
82.55 81.96 82.29 82.06 81.99 81.97 82.11 82.40 81.93 82.22 82.05 82.54 82.53 82.46 82.54 82.37 82.41 82.07 81.73 82.15 81.80 81.67 81.61 81.48 81.34 81.13 80.97 80.80 80.40 79.93 79.57 79.27 78.99 78.81 78.75 78.01 78.46 78.88 77.57 77.96 78.46 79.05 79.59 79.97 80.22 80.51 80.69 80.94 81.09 81.10 81.27 81.31 81.02 80.60 79.65 80.42 80.74 80.91 80.91 80.74 79.95 81.26 82.37 82.41 82.51 82.52 82.51 82.07 82.28 82.39 82.45 82.48 82.84 83.30 83.43 82.93 83.02 83.08 83.23 83.03 83.03 82.97 83.19 82.89 83.03 82.59 82.65 82.66 82.63 82.12 82.42 82.33 82.52 81.81 82.19 82.16 82.17 81.78 81.46 82.12 82.14 82.04 82.11 82.15 82.03 81.68 82.07 81.47 81.27 81.63 81.90 82.00 82.31 82.17 82.56 82.89 82.65 83.04 83.19 83.30 83.42 83.32 83.26 83.85 83.39 84.37 83.90 83.29 83.18 83.05 83.19 83.00 82.98 83.13 82.99 82.47 82.40 82.65 81.91 82.33 82.21 82.03 81.89 81.93 82.02 82.07 82.31 82.10 82.04 81.92 81.86 81.66 81.30 80.90 81.06 81.34 81.70 81.29 80.75 81.21 81.10 81.52 81.93 82.31 82.00 82.02 82.41 81.99 82.27 82.41 82.39 82.04 81.74 82.25 82.31 82.13 82.26 82.58 82.76 82.52
82.50 82.51 82.07 82.09 82.02 82.13 82.32 82.45 82.56 82.62 82.60 82.57 82.70 82.76 82.55 82.66 81.51 81.79 82.20 81.85 81.84 81.58 81.57 81.46 81.27 80.98 80.75 80.39 79.99 79.60 79.24 78.84 78.63 78.51 78.59 78.53 77.62 78.06 77.52 77.84 78.40 79.03 79.42 79.70 79.97 80.22 80.48 80.72 80.99 81.14 81.40 81.38 81.36 80.99 80.19 80.38 80.71 80.73 80.68 80.29 79.54 81.48 82.24 82.29 82.03 82.20 82.41 82.10 82.41 82.39 82.24 82.61 82.72 83.08 83.20 83.31 82.97 83.07 82.99 83.11 83.11 83.05 83.06 83.24 82.98 82.75 82.82 82.89 82.80 81.94 82.49 82.33 82.55 82.57 82.60 82.23 82.15 82.94 82.02 81.72 81.89 81.70 81.49 81.35 81.63 82.03 81.33 81.28 80.98 81.57 81.81 82.21 82.10 81.77 81.73 81.98 82.46 82.64 82.82 82.96 83.24 83.07 83.26 83.40 83.40 83.77 83.36 83.07 83.05 82.95 82.71 82.75 82.87 82.94 82.38 81.91 81.31 81.50 81.87 82.16 81.96 81.78 81.46 81.60 81.90 81.99 82.05 82.12 81.87 81.81 81.74 81.67 81.86 81.72 81.79 81.26 81.74 81.28 80.90 81.25 80.84 81.69 81.90 82.13 82.12 82.27 82.19 82.30 82.23 82.67 82.21 82.88 82.18 82.26 82.33 82.28 82.13 82.64 82.87 82.50
82.33 82.42 82.09 82.10 82.08 82.09 82.36 82.85 82.64 82.58 82.48 82.52 82.60 82.47 82.57 82.64 82.35 82.05 82.09 81.89 81.72 81.54 81.48 81.32 81.13 80.90 80.50 80.01 79.46 79.01 78.69 78.32 78.10 78.07 78.24 77.72 77.92 77.15 77.32 77.90 78.32 78.78 79.06 79.35 79.67 79.90 80.24 80.48 80.75 80.96 81.10 81.29 81.32 80.91 80.40 80.69 80.28 80.58 80.24 79.86 79.93 80.29 82.14 82.11 82.17 82.05 82.35 82.44 82.39 82.42 82.51 82.50 82.67 82.86 83.23 83.42 83.18 83.08 83.18 83.21 83.15 83.12 83.08 83.21 83.13 83.22 82.89 82.92 82.79 82.52 82.41 82.55 82.66 82.70 82.40 82.30 82.17 81.87 81.83 81.99 82.08 82.17 81.27 81.63 81.88 81.79 81.99 81.09 81.00 81.44 81.84 81.50 81.93 81.92 81.99 82.21 82.31 82.62 82.69 82.97 83.06 83.17 82.88 83.33 83.09 83.02 83.12 82.38 82.70 82.70 82.62 82.51 82.82 82.39 82.05 81.80 80.73 80.89 81.72 81.60 81.80 81.77 81.41 81.07 81.91 82.01 82.02 82.04 82.03 81.81 81.57 81.32 81.03 81.35 82.06 81.36 81.54 81.47 80.98 81.68 81.55 81.73 81.61 81.59 82.14 82.26 82.44 82.26 82.02 82.63 82.72 82.47 82.51 82.70 82.63 82.24 81.91 82.38 82.39 82.19
81.65 81.95 81.98 81.82 82.15 82.37 82.63 83.08 83.05 82.81 82.71 82.52 82.60 82.58 82.72 82.57 82.36 82.32 81.92 81.88 81.72 81.49 81.34 81.08 80.90 80.63 80.23 79.52 78.62 78.15 77.85 77.70 77.56 77.71 77.96 76.26 77.60 77.05 77.22 77.55 77.76 78.16 78.48 78.79 79.18 79.55 79.93 80.21 80.54 80.75 80.88 80.98 81.12 81.05 80.61 80.17 80.14 80.11 80.24 80.11 79.72 81.14 81.92 81.86 82.03 82.18 82.46 82.49 82.53 82.38 82.49 82.64 82.84 83.11 83.56 83.61 83.51 83.10 83.27 83.24 83.47 83.20 83.14 83.12 83.27 83.35 83.03 82.85 82.86 82.92 82.79 82.69 82.73 82.66 82.36 82.42 82.14 82.07 82.26 81.64 81.99 82.07 81.47 81.81 81.42 81.75 81.08 80.90 81.41 81.43 81.24 81.59 81.57 81.76 81.87 82.00 82.05 82.00 82.05 82.78 82.91 82.91 82.98 82.97 82.83 82.83 82.51 82.52 82.59 82.50 82.46 82.05 81.91 82.13 81.89 81.62 81.18 81.03 81.44 81.64 81.91 81.92 82.09 82.07 81.93 81.96 81.98 81.99 81.87 81.77 81.93 81.41 81.09 81.20 81.61 81.74 81.63 81.80 81.32 81.72 81.81 81.63 81.52 81.44 81.95 81.96 81.86 81.79 82.37 82.67 82.84 82.93 82.98 83.11 82.91 82.94 82.84 82.65 82.70 81.68
81.69 81.69 81.84 82.18 82.20 82.41 82.89 82.98 82.97 82.91 82.81 82.62 82.67 82.21 82.66 82.93 82.48 82.47 82.18 81.84 81.69 81.50 81.12 80.81 80.60 80.29 79.79 78.64 77.65 77.05 76.96 77.05 77.26 77.45 77.10 76.41 76.86 77.10 76.95 76.82 76.96 77.41 77.85 78.17 78.72 79.15 79.55 79.85 80.21 80.50 80.61 80.82 80.83 80.89 80.51 80.11 79.56 79.58 80.13 80.00 79.73 81.27 81.87 81.33 81.74 83.93 84.93 83.48 82.44 82.56 82.24 82.58 82.79 83.00 83.56 83.51 83.54 83.10 83.29 83.14 83.26 83.21 83.22 83.22 83.24 83.21 83.10 83.10 83.06 82.93 82.69 82.74 82.74 82.64 82.50 82.47 82.19 82.25 81.96 82.48 82.08 81.87 81.50 81.50 81.48 81.42 81.53 81.04 81.53 81.48 81.63 81.46 81.26 81.24 81.55 81.61 81.77 82.30 82.36 81.96 82.39 82.31 82.46 82.49 82.42 82.73 82.66 82.65 82.56 82.46 82.01 82.05 81.12 81.49 81.63 81.48 80.93 80.95 81.48 81.72 81.98 81.99 82.08 82.16 81.98 81.93 81.90 81.83 81.79 81.56 81.70 81.61 81.28 81.40 81.27 81.33 81.59 81.80 81.59 82.06 81.79 81.75 81.53 81.35 82.24 81.39 81.70 81.92 82.37 82.81 82.91 83.03 83.03 83.13 83.22 82.98 83.00 82.83 83.00 82.56
82.75 81.69 82.48 82.28 82.55 82.69 83.25 83.15 82.87 82.92 82.91 82.64 82.51 82.55 82.68 82.90 81.79 82.52 82.67 81.94 81.75 81.45 81.16 80.85 80.44 79.91 79.01 77.50 75.93 75.45 75.95 76.60 76.80 77.10 77.27 77.20 77.42 77.46 76.69 76.32 76.29 76.93 77.32 77.69 78.24 78.86 79.29 79.61 79.82 79.98 79.99 80.40 80.58 80.57 80.21 80.08 79.66 80.65 79.93 80.82 81.18 83.68 84.48 85.02 85.52 85.15 84.40 85.39 85.30 82.66 82.57 82.93 82.88 82.95 83.35 83.33 83.45 83.32 83.22 83.19 83.22 83.23 83.20 83.34 83.19 83.16 83.17 83.08 83.02 82.98 83.03 82.90 82.82 82.61 82.50 82.51 82.44 82.28 81.85 82.26 81.72 81.83 81.71 81.38 81.50 81.24 81.38 81.34 81.20 81.27 81.64 81.18 81.00 80.97 81.06 80.70 81.60 82.28 82.30 82.32 81.93 82.33 82.31 82.22 82.42 82.57 82.50 82.68 82.26 81.96 81.79 80.98 80.89 80.97 81.26 81.13 80.89 81.08 81.13 81.55 81.83 82.02 81.97 81.98 82.07 81.97 81.78 81.86 81.58 81.70 81.57 81.76 81.20 80.91 81.82 81.97 81.36 81.92 81.98 81.74 81.80 81.68 81.35 81.56 81.98 82.09 81.97 81.99 82.21 82.94 83.10 83.53 83.28 83.22 82.98 83.30 83.11 83.46 82.50 82.62
82.84 82.79 82.59 82.38 82.56 82.84 83.07 83.26 83.16 83.24 83.09 82.82 82.74 82.85 82.83 82.88 82.56 82.53 82.42 82.15 81.88 81.53 81.21 80.85 80.34 79.66 78.62 76.48 74.01 73.49 74.87 76.11 76.51 76.62 76.71 77.49 77.23 77.18 76.52 76.22 76.26 77.62 76.80 77.35 77.94 78.49 79.03 79.36 79.61 79.78 79.82 80.58 79.95 81.10 83.91 83.55 83.45 81.50 85.26 85.86 83.89 81.33 81.25 81.49 84.10 84.14 83.44 83.53 82.11 84.71 82.89 82.80 82.96 83.07 83.13 83.33 83.26 83.43 83.56 83.26 83.23 83.24 83.22 83.23 83.12 83.15 83.23 83.12 83.01 83.16 83.07 83.01 82.90 82.74 82.93 82.65 82.52 82.33 82.22 82.23 82.20 81.96 81.63 81.44 81.25 81.66 81.29 81.26 81.14 81.06 81.07 81.22 80.82 81.18 81.07 81.28 81.31 82.04 82.19 82.06 82.12 82.30 82.21 82.20 81.96 82.34 82.39 82.40 82.23 82.06 81.13 80.89 80.59 81.11 81.02 81.24 80.84 81.02 81.65 81.68 82.10 81.99 82.08 82.01 82.05 81.98 81.66 81.51 81.45 81.51 81.49 81.28 81.63 81.21 82.01 81.99 81.52 81.51 81.84 81.93 81.67 81.76 81.41 81.27 81.59 82.38 82.42 82.54 82.79 83.12 83.24 83.36 83.40 83.35 83.32 83.41 83.49 83.35 83.49 83.35
83.48 83.28 83.54 83.56 82.98 82.97 83.11 83.29 83.17 83.18 83.09 83.05 83.08 82.86 82.99 82.92 82.87 82.66 82.53 82.29 81.98 81.73 81.27 80.85 80.18 79.53 78.57 76.72 74.09 72.01 73.12 76.10 76.40 76.41 76.31 77.05 76.96 76.63 76.10 75.84 76.36 76.75 76.68 77.26 77.75 78.21 78.98 79.20 79.41 79.65 79.51 80.21 83.06 83.54 86.10 86.22 82.23 78.87 78.66 79.82 80.54 80.75 81.05 81.27 81.72 81.60 81.78 82.82 82.31 82.48 85.16 83.32 85.15 83.36 83.19 83.80 83.65 83.37 83.49 83.51 83.27 83.28 83.31 83.25 83.27 83.23 83.35 83.19 83.23 83.12 83.12 83.22 82.93 82.84 82.70 82.70 82.73 82.46 81.47 81.84 82.24 82.30 81.87 81.65 81.55 81.24 81.20 81.28 81.05 81.08 81.47 81.18 81.26 80.98 81.22 81.36 81.28 81.51 81.86 81.66 81.80 82.04 82.00 81.92 81.63 82.28 82.24 82.42 82.22 82.19 81.95 81.21 80.68 80.92 80.87 81.39 81.08 81.52 81.84 81.85 82.20 82.12 81.98 82.05 82.06 82.03 81.92 81.97 81.73 81.71 81.55 81.23 80.85 81.32 81.25 81.49 81.85 81.94 81.69 82.05 81.84 82.26 82.45 82.18 82.35 83.08 82.47 82.76 82.91 83.19 83.28 83.31 83.49 83.43 83.53 83.61 83.63 83.26 83.35 83.19
83.06 83.19 83.17 83.41 83.55 83.07 83.29 83.16 83.30 83.36 83.16 83.22 83.10 83.05 83.05 82.93 82.93 82.77 82.66 82.39 82.18 81.80 81.47 80.97 80.40 79.68 78.81 77.96 74.50 70.68 70.66 74.90 76.26 76.26 76.34 76.21 76.69 76.43 76.47 76.11 76.26 76.96 78.80 80.55 79.33 78.27 78.90 79.54 79.47 79.90 83.40 84.14 83.99 85.89 83.63 79.41 78.46 80.35 79.14 80.47 80.75 80.89 81.52 81.46 81.89 82.04 83.13 82.39 83.98 82.65 85.25 85.23 85.55 84.45 84.14 83.70 83.27 83.41 83.44 83.98 83.51 83.26 83.33 83.36 83.32 83.35 83.46 83.22 83.25 83.27 83.36 83.04 83.04 83.00 82.84 82.66 82.72 82.56 82.10 82.02 82.27 82.05 81.76 81.92 81.88 81.49 81.22 81.56 82.48 82.72 81.28 81.52 81.40 81.48 81.44 81.30 81.32 81.39 81.65 81.71 81.67 81.51 81.72 81.53 81.49 81.62 81.87 82.17 82.21 82.21 81.91 81.54 80.70 81.52 81.52 80.97 81.80 82.02 81.49 81.89 82.17 82.20 82.30 82.14 82.14 81.96 81.89 82.23 82.15 81.80 81.09 81.31 80.86 81.58 81.95 81.81 81.99 82.31 81.98 82.11 82.50 83.07 83.24 82.96 82.93 83.24 83.21 83.13 83.25 83.28 83.36 83.45 83.54 84.16 83.76 83.72 83.29 82.08 83.33 83.25
83.29 83.27 83.21 83.21 83.90 83.67 83.37 83.43 83.75 83.50 83.43 83.28 83.18 83.16 83.16 83.19 83.14 82.93 82.76 82.56 82.30 81.97 81.64 81.10 80.54 80.00 79.30 78.68 75.18 71.91 72.69 74.27 75.87 76.16 76.35 76.59 76.10 76.12 76.59 76.11 79.74 80.11 77.21 81.33 80.53 80.42 80.92 82.93 82.83 81.79 80.57 79.12 81.81 85.51 83.16 83.65 83.95 81.11 80.30 80.94 81.07 81.10 81.40 81.58 82.53 83.80 83.82 83.33 82.11 82.26 83.70 85.33 85.18 84.53 84.94 84.40 84.01 83.33 83.31 83.44 83.48 83.40 83.43 83.30 83.35 83.30 83.22 83.17 83.14 83.20 83.16 83.23 83.04 83.00 82.99 83.02 83.03 82.70 82.34 82.46 81.76 81.71 81.84 81.92 81.27 81.72 81.85 81.56 81.55 81.58 81.76 81.73 81.85 81.18 81.28 81.29 81.28 81.77 81.81 81.64 81.26 81.10 81.19 80.98 81.41 81.89 81.67 81.82 82.18 82.19 82.09 81.98 81.06 80.97 81.39 81.59 81.65 81.75 81.61 81.97 82.20 82.15 82.38 82.34 82.30 82.34 82.40 82.43 82.40 82.59 80.88 80.71 80.90 81.57 81.14 82.26 83.07 82.68 82.76 82.73 83.07 83.23 83.18 83.10 83.37 83.54 83.40 83.51 83.53 83.50 83.53 83.52 83.62 83.81 84.03 84.04 83.61 83.50 83.41 83.30
83.33 83.40 83.48 83.45 83.32 83.95 83.87 83.86 84.03 83.57 83.41 83.16 83.25 83.32 83.43 83.51 83.52 83.30 82.84 82.83 82.55 82.27 81.92 81.40 80.93 80.37 79.81 78.88 77.61 75.87 74.48 74.74 75.86 76.02 76.44 76.73 76.70 77.81 77.00 76.30 76.69 77.03 77.50 81.93 80.23 82.21 80.06 81.00 80.18 79.40 78.94 81.97 82.67 83.23 82.56 79.47 79.87 81.00 83.16 83.23 81.31 81.46 81.56 81.61 82.22 81.91 82.51 82.11 82.20 82.42 82.82 83.22 84.40 83.08 83.06 84.27 84.52 84.14 83.19 83.28 83.94 83.56 83.52 83.43 83.39 83.29 83.20 83.21 83.31 83.23 83.18 83.14 83.20 82.97 82.99 83.07 83.03 83.01 82.82 82.88 82.33 81.54 81.73 81.89 82.16 81.91 81.80 81.73 81.84 81.67 82.16 82.21 82.08 81.39 81.23 81.28 81.04 81.25 80.99 81.54 81.24 81.55 81.32 81.33 81.57 81.39 81.89 81.57 82.05 82.11 81.99 81.49 81.62 81.12 81.56 81.73 82.01 81.95 82.05 82.16 82.06 82.26 82.62 82.66 82.50 82.49 82.93 82.76 82.44 82.27 81.77 81.37 82.07 82.01 81.92 82.35 83.44 83.09 84.66 83.52 83.34 83.16 83.15 83.41 83.41 83.65 83.66 83.60 83.62 83.67 83.76 83.70 83.93 83.92 83.91 83.99 84.03 83.76 83.57 83.43
83.44 83.42 83.57 83.60 83.49 84.33 84.35 84.16 83.71 83.92 83.28 82.98 83.52 83.99 83.91 84.07 83.23 82.86 83.28 83.08 82.90 82.52 82.41 81.94 81.36 80.81 80.28 79.34 78.61 77.22 76.17 75.97 75.67 75.64 76.53 77.01 77.37 77.56 77.60 77.12 76.90 77.53 77.95 78.90 79.22 79.27 79.93 79.97 79.78 79.45 79.19 78.96 79.49 81.42 81.03 80.04 80.66 81.18 81.49 83.68 81.29 81.95 81.91 82.07 82.21 82.30 82.98 82.54 82.65 82.87 83.00 83.10 85.17 83.30 83.24 83.99 83.70 83.80 83.37 83.42 83.53 83.53 83.91 83.59 83.41 83.34 83.40 83.30 83.30 83.27 83.24 83.18 83.13 83.11 83.04 83.02 82.76 83.02 83.02 83.05 82.52 82.05 81.90 82.05 82.27 81.87 81.99 82.15 82.08 82.08 82.27 82.26 82.00 81.73 81.57 81.13 80.84 81.97 81.74 81.58 81.49 81.59 81.42 81.74 81.28 81.61 81.37 81.99 82.04 82.23 81.84 81.97 81.88 81.75 82.12 82.64 81.81 82.38 82.28 82.06 82.27 82.32 82.83 82.84 82.57 83.01 82.91 82.62 82.40 82.17 81.67 81.88 81.78 81.95 82.12 82.76 83.46 83.42 83.47 83.25 83.49 83.43 83.40 83.36 83.47 83.68 83.57 83.41 83.89 83.94 83.90 84.03 84.09 84.15 84.15 84.16 84.08 83.96 83.64 83.61
83.67 83.61 83.66 83.84 83.96 84.36 84.38 84.10 83.93 83.46 83.21 82.90 83.54 83.91 84.29 83.62 83.29 83.46 83.39 83.10 83.01 82.86 82.67 82.32 81.85 81.13 80.50 79.77 79.04 78.27 77.16 76.53 75.05 73.46 76.75 77.23 77.52 77.81 77.99 78.02 78.06 78.97 79.34 79.67 79.94 80.51 80.82 81.03 81.28 81.43 80.70 82.08 83.98 80.06 80.19 80.48 81.31 81.62 81.70 82.59 81.97 82.19 82.19 82.19 82.38 82.46 82.44 83.05 83.06 83.04 83.89 83.13 84.71 84.85 83.47 83.48 83.39 83.42 83.46 83.68 84.17 83.90 83.80 83.46 83.49 83.47 83.39 83.30 83.25 83.24 83.26 83.32 83.19 83.17 83.07 83.03 82.69 83.01 83.00 83.03 82.55 82.41 82.27 82.10 82.27 82.22 82.17 82.31 82.34 82.38 82.48 82.46 81.91 81.69 81.66 81.34 81.04 82.02 81.82 81.78 81.81 81.43 81.50 81.30 81.65 81.71 81.87 82.00 82.45 82.34 82.05 81.54 82.03 82.12 82.59 82.59 82.43 82.98 82.32 82.18 82.35 82.47 82.88 82.91 82.94 83.04 82.98 82.31 82.54 82.18 82.07 82.16 82.65 82.70 82.91 83.40 83.60 83.72 83.58 83.55 83.82 83.69 83.48 83.47 83.69 83.60 83.39 83.59 83.84 83.97 84.01 84.06 84.08 84.16 84.19 84.17 84.00 84.03 83.85 83.71
83.75 83.67 83.83 84.16 84.05 84.20 84.38 84.63 83.98 83.58 83.26 83.27 83.83 84.29 84.30 83.93 83.68 83.56 83.07 83.30 83.12 83.12 82.70 82.15 81.67 81.52 80.88 79.96 79.13 78.82 78.37 77.78 75.46 72.70 73.70 77.51 77.69 77.83 78.18 78.53 78.97 79.31 79.56 79.90 80.31 80.82 81.14 81.49 81.98 82.25 80.99 79.96 79.78 80.19 80.51 81.11 81.55 81.94 81.99 82.33 82.12 82.32 82.78 82.31 82.42 82.52 82.41 83.37 82.81 82.99 83.19 84.57 85.59 85.48 83.29 83.39 83.40 83.45 83.32 84.20 83.33 84.13 83.58 83.42 83.70 83.55 83.41 83.29 83.36 83.25 83.24 83.30 83.22 83.21 83.19 83.06 83.02 82.81 82.83 82.71 82.69 82.73 82.57 82.64 82.33 82.16 82.19 82.59 82.47 82.44 82.41 82.10 82.19 82.08 81.72 81.54 81.84 81.81 81.54 81.92 81.73 81.59 81.67 81.70 81.68 81.78 81.95 82.16 82.19 82.37 82.67 82.54 82.86 82.84 82.86 82.86 82.67 82.65 82.79 82.59 82.88 82.93 83.09 83.08 83.12 82.94 82.56 82.52 82.57 82.34 82.52 82.79 83.24 83.34 83.37 83.42 83.61 83.74 83.66 83.80 83.68 83.68 83.60 83.76 83.71 83.62 83.50 83.77 83.89 83.95 84.02 84.08 84.09 84.14 84.16 84.16 84.19 84.11 84.03 83.92
84.22 84.11 84.18 84.30 84.45 84.52 84.47 84.38 84.25 83.58 83.46 83.51 84.34 84.49 84.45 84.21 84.01 83.32 83.24 83.44 83.33 82.94 82.53 81.97 81.36 82.04 81.36 79.35 79.14 79.24 79.09 79.23 78.71 75.15 76.73 77.80 77.55 77.69 78.23 78.73 79.17 79.42 79.62 79.60 80.71 81.15 81.62 81.91 82.19 82.66 82.71 81.55 80.97 81.20 81.58 81.90 82.09 82.19 82.25 82.48 82.41 82.32 82.09 82.82 82.89 82.63 82.73 83.01 83.04 83.18 83.25 83.34 84.87 85.06 84.57 84.17 84.22 83.98 83.83 83.78 83.47 83.38 83.60 83.48 83.42 83.69 83.37 83.25 83.31 83.30 83.37 83.30 83.27 83.22 83.17 83.08 83.06 82.92 83.00 82.90 82.89 82.90 82.89 82.74 82.73 82.31 82.52 82.79 83.01 82.39 82.51 82.30 81.97 81.94 81.81 82.16 81.98 81.97 81.69 81.95 81.79 81.65 81.62 81.75 81.76 81.83 82.04 82.17 82.37 82.46 83.01 83.23 83.42 83.53 83.82 83.47 82.97 82.90 82.80 82.98 83.00 83.11 83.17 83.11 83.07 82.79 82.76 82.66 82.56 82.32 82.92 83.41 83.36 83.27 83.31 83.57 83.66 83.76 83.79 83.87 83.64 83.85 83.76 83.83 83.80 83.68 83.72 83.85 83.91 83.94 83.97 84.05 84.09 84.11 84.11 84.15 84.18 84.20 84.23 84.25
84.19 84.32 84.63 84.35 84.55 84.57 84.50 84.47 84.36 83.95 83.76 83.67 84.50 84.64 84.64 84.49 83.70 83.22 83.63 83.53 83.23 82.66 82.19 81.83 82.08 82.17 81.97 80.77 79.25 79.14 79.36 79.80 80.07 79.73 78.78 78.14 77.34 77.15 78.36 79.00 79.43 79.66 79.78 79.53 80.90 81.66 82.00 82.23 82.52 82.91 83.05 81.96 81.94 82.20 82.36 82.49 82.47 82.50 82.54 82.66 82.85 82.55 82.26 82.38 82.59 82.89 83.02 83.08 83.11 83.27 83.48 84.62 83.50 84.22 84.97 84.51 83.93 83.52 83.44 83.49 83.36 83.50 83.41 83.47 83.71 83.46 83.43 83.28 83.33 83.29 83.27 83.29 83.16 83.14 83.13 83.12 83.10 83.11 83.04 82.91 82.90 82.90 82.84 82.88 82.83 82.80 82.84 82.77 82.83 82.28 82.41 81.77 81.94 81.83 81.99 81.86 81.88 82.00 81.93 81.91 81.79 81.67 81.57 81.62 82.12 81.90 82.02 82.26 82.50 82.82 83.23 84.76 84.92 84.93 84.88 84.65 84.21 83.31 83.19 83.15 83.13 83.25 83.19 83.07 83.09 82.86 82.75 82.76 82.42 82.48 83.39 83.34 83.42 83.44 83.51 83.53 83.70 83.77 83.85 83.86 83.82 83.78 83.84 83.83 83.84 83.84 83.85 83.84 83.90 83.92 83.93 83.99 84.04 84.07 84.09 84.14 84.18 84.20 84.23 84.27
84.24 84.32 84.39 84.43 84.53 84.57 84.56 84.54 84.47 84.21 83.91 84.27 84.65 84.75 84.78 84.52 83.58 83.95 83.86 83.55 83.08 82.73 82.80 82.62 82.50 82.45 82.18 81.46 78.82 78.98 79.35 80.20 80.48 80.21 79.54 78.59 76.32 76.31 78.86 79.37 79.68 79.87 79.99 80.27 81.42 81.79 82.08 82.36 82.62 82.87 83.06 83.09 82.45 82.43 82.43 82.46 82.57 82.68 82.77 82.84 82.88 82.74 82.41 82.73 82.97 83.03 83.15 83.20 83.23 83.35 83.55 84.65 85.08 84.62 84.92 83.54 83.50 83.45 83.85 84.04 83.81 83.46 83.50 83.60 83.46 83.35 83.36 83.27 83.33 83.25 83.29 83.26 83.24 83.31 83.12 83.08 83.03 83.12 82.98 82.83 82.83 82.87 82.92 82.83 82.80 82.92 82.64 83.01 82.83 82.86 82.52 82.21 82.14 81.68 81.78 81.88 81.78 81.93 81.93 81.95 81.75 81.80 81.59 82.06 82.37 81.81 82.03 82.32 82.81 83.32 84.66 85.03 84.98 84.96 84.95 84.86 84.82 84.33 83.34 83.32 83.36 83.28 83.13 83.17 82.86 82.64 82.73 82.94 82.78 82.76 83.32 83.48 83.52 83.59 83.73 83.62 83.79 83.85 83.80 83.86 83.89 83.79 83.82 83.82 83.86 83.86 83.83 83.84 83.84 83.85 83.88 83.85 83.98 84.04 84.02 84.13 84.19 84.22 84.25 84.28
84.31 84.46 84.24 84.32 84.55 84.54 84.57 84.53 84.64 84.30 84.04 84.57 84.78 84.84 84.81 84.29 83.97 84.27 83.80 83.33 83.25 83.12 83.06 82.96 82.83 82.62 82.38 81.57 79.41 79.29 79.90 80.77 80.74 80.92 80.47 79.06 75.65 73.77 78.09 79.68 79.85 80.08 80.32 80.71 81.34 81.80 82.13 82.43 82.64 82.89 83.07 83.10 82.99 82.60 82.55 82.56 82.66 82.76 82.84 82.94 83.02 82.96 82.84 82.88 82.99 83.18 83.35 83.38 83.41 83.75 84.58 84.65 84.50 85.00 83.73 83.70 83.78 83.70 84.04 83.52 83.52 83.48 83.45 83.50 83.59 83.45 83.40 83.49 83.40 83.42 83.31 83.27 83.21 83.25 83.18 83.32 83.11 83.04 83.00 83.03 82.99 82.76 82.61 82.55 82.86 82.96 82.99 82.72 82.67 82.56 82.51 82.50 82.37 82.50 82.24 82.00 81.88 81.91 81.90 81.62 81.82 81.75 81.47 82.57 81.91 81.80 82.14 82.51 83.00 83.77 84.81 85.07 85.09 85.06 85.00 84.94 84.88 84.68 84.13 83.65 83.48 83.59 83.12 82.99 82.98 82.93 83.13 83.23 83.16 83.16 83.41 83.58 83.82 83.58 83.76 83.88 83.80 83.78 83.71 83.73 84.21 83.67 83.65 83.70 83.79 83.84 83.74 83.78 83.70 83.77 83.78 83.93 83.95 84.03 83.97 84.11 84.18 84.23 84.26 84.26
84.36 84.36 84.38 84.37 84.60 84.61 84.68 84.65 84.80 84.71 84.57 84.88 84.92 84.89 84.84 84.77 84.32 84.34 83.78 83.44 83.34 83.26 83.12 82.98 82.80 82.64 82.30 81.55 80.79 81.09 81.01 80.99 81.01 81.01 81.11 81.00 76.34 70.50 72.13 79.65 80.01 80.26 80.55 80.92 81.33 81.83 82.24 82.49 82.73 82.88 83.03 83.11 83.09 82.74 82.66 82.65 82.74 82.84 82.89 82.97 83.04 82.90 82.84 83.06 83.19 83.31 83.52 83.66 83.84 83.70 84.93 84.72 83.69 85.02 84.65 83.67 84.62 83.58 83.50 83.69 83.49 83.46 83.39 83.36 83.44 83.48 83.63 83.48 83.47 83.48 83.31 83.28 83.30 83.30 83.38 83.17 83.31 83.03 83.07 83.10 83.04 83.01 82.82 82.57 82.95 82.90 83.29 82.85 83.09 82.50 82.66 82.62 82.58 82.70 82.47 82.04 81.86 82.07 82.23 81.77 81.93 81.84 81.65 81.53 81.69 82.07 82.37 82.72 83.22 84.02 85.05 85.11 85.16 85.07 84.95 84.94 84.83 84.75 84.36 83.79 83.61 83.15 83.26 83.18 83.07 83.28 83.42 83.50 83.50 83.53 83.63 83.78 83.97 84.00 83.86 83.94 83.85 83.85 83.68 83.61 83.53 83.45 83.48 83.51 83.56 83.60 83.62 83.62 83.65 83.99 83.43 83.76 83.90 83.91 83.92 84.15 84.19 84.18 83.82 84.24
84.24 84.41 84.03 84.07 84.57 84.55 84.69 84.76 84.81 84.86 84.93 85.00 85.00 84.98 84.94 84.78 84.62 84.26 83.41 83.45 83.37 83.20 83.09 83.00 82.79 82.56 82.33 82.01 81.31 81.30 81.17 81.14 81.13 81.22 81.40 81.55 80.81 72.53 73.82 78.71 79.79 80.49 80.86 81.11 78.08 82.06 82.36 82.58 82.77 82.88 83.05 83.10 83.11 82.78 82.73 82.77 82.85 82.91 82.96 83.00 83.02 83.06 83.13 83.06 83.27 83.59 83.75 83.95 84.05 84.71 84.84 84.73 84.07 83.98 83.77 84.52 83.91 83.77 83.49 83.36 83.35 83.47 83.39 83.43 83.43 83.43 84.96 83.45 84.08 83.40 83.28 83.31 83.32 83.44 83.43 83.15 83.16 83.19 83.23 83.25 83.22 82.97 82.89 82.93 82.99 83.06 82.98 83.10 83.30 82.81 82.80 82.96 82.72 82.66 82.56 82.41 82.22 82.31 82.41 82.35 82.21 81.94 81.86 81.89 81.97 82.16 82.50 82.92 83.37 84.12 85.05 85.09 85.07 85.02 84.94 84.92 84.86 84.77 84.48 83.96 83.73 83.41 83.44 83.48 83.47 83.53 83.51 83.75 83.65 83.85 83.94 84.02 84.19 84.30 84.33 84.11 84.04 83.81 83.58 83.38 83.21 83.13 83.24 83.25 83.35 83.42 83.46 83.55 83.53 83.56 83.59 83.49 83.90 83.86 83.96 83.99 84.14 84.14 83.53 84.01
84.27 84.43 84.45 84.67 84.62 84.54 84.74 84.88 84.91 84.97 85.04 85.14 85.12 85.10 85.09 84.89 84.28 83.84 83.49 83.47 83.12 80.64 75.90 75.26 77.86 82.48 82.24 82.14 81.91 81.46 81.37 81.25 81.26 81.33 81.41 81.51 81.53 80.30 78.22 78.64 80.01 80.67 81.09 81.34 81.76 82.28 82.46 82.65 82.78 82.87 83.02 83.10 83.14 82.83 82.83 82.83 82.88 82.96 83.01 83.02 83.05 83.05 83.02 83.19 83.61 83.82 84.00 84.14 84.18 84.63 84.90 84.78 84.42 84.16 84.53 84.10 84.10 83.78 83.65 83.59 83.83 83.46 83.21 84.30 83.48 83.43 83.47 83.43 83.44 83.45 83.90 83.52 83.36 83.31 83.39 83.23 83.26 83.29 83.32 83.37 83.30 83.28 83.05 83.01 83.06 83.07 82.98 83.33 83.19 82.68 82.84 82.86 82.89 82.92 82.62 82.57 82.40 82.27 82.34 82.34 82.18 82.26 82.12 82.17 82.25 82.40 82.65 83.09 83.58 84.97 85.01 84.94 85.05 84.98 84.91 84.87 84.80 84.75 84.52 84.09 83.85 83.74 83.63 83.61 83.59 83.61 83.67 83.77 84.00 84.07 84.19 84.30 84.31 84.39 84.42 84.38 84.10 83.75 83.43 83.22 83.06 82.95 82.83 82.96 83.06 83.27 83.36 83.43 83.44 83.49 83.53 83.55 83.68 83.82 83.87 83.98 84.00 84.21 83.77 84.90
84.35 84.50 84.55 84.68 84.20 84.68 84.73 84.83 84.98 85.02 85.11 85.18 85.22 85.21 85.26 84.48 84.02 83.95 83.60 83.61 82.74 74.93 70.91 69.73 72.69 80.08 82.20 82.15 82.33 81.90 81.64 81.38 81.30 81.36 81.43 81.52 81.54 81.33 80.25 80.13 80.63 80.87 81.16 81.43 81.82 82.31 82.54 82.71 82.82 82.91 82.98 83.14 83.11 82.72 82.75 82.90 82.93 82.98 83.00 83.03 83.07 83.12 83.22 83.49 83.65 84.02 84.21 84.42 84.66 84.73 84.58 84.77 84.68 84.49 84.58 84.26 83.89 83.95 83.85 83.58 83.49 83.33 83.58 84.05 83.41 83.45 83.46 84.66 83.49 83.66 83.47 83.46 83.35 83.29 83.35 83.41 83.36 83.37 83.37 83.44 83.43 83.35 83.18 83.13 83.26 83.24 83.24 83.22 82.93 82.80 82.90 82.92 82.83 82.73 82.69 82.62 82.45 81.97 82.25 82.34 82.36 82.35 82.31 82.36 82.42 82.54 82.98 83.16 83.65 84.78 84.95 84.98 84.95 84.90 84.87 84.87 84.80 84.65 84.51 84.31 84.09 84.14 83.98 83.97 83.95 84.09 84.12 84.20 84.29 84.37 84.44 84.44 84.46 84.55 84.51 84.51 84.30 83.72 83.43 83.10 82.89 82.66 82.48 82.49 82.73 83.15 83.30 83.33 83.33 83.40 83.47 83.57 83.68 83.78 83.78 83.92 84.24 84.22 84.12 84.43
84.33 84.51 84.64 84.70 84.75 84.67 84.71 84.85 85.00 85.07 85.15 85.25 85.28 85.29 85.33 84.58 84.07 83.79 83.33 83.48 83.02 75.07 71.01 70.12 72.25 80.33 82.40 82.49 82.51 82.40 81.94 81.50 81.24 81.16 81.17 81.43 81.57 81.54 81.10 80.95 81.04 81.11 81.21 81.41 81.70 82.16 82.60 82.75 82.88 82.92 82.98 83.15 83.03 83.07 82.72 82.84 82.93 82.97 83.02 83.03 83.11 83.12 83.32 83.64 83.96 84.24 84.56 84.66 84.86 84.88 84.99 84.89 84.86 84.75 84.67 84.22 84.10 84.14 84.50 83.65 83.52 83.45 83.59 83.54 84.51 83.38 83.43 83.33 83.45 83.48 83.49 83.50 83.77 83.41 83.40 83.45 83.41 83.41 83.41 83.43 83.45 83.29 84.02 83.28 83.36 83.14 83.05 83.20 83.03 82.99 82.91 82.84 82.70 82.67 82.68 82.82 82.34 82.46 82.30 82.53 82.64 82.77 82.38 82.42 82.48 82.62 82.93 82.83 83.39 83.98 84.58 84.89 84.83 84.82 84.80 84.74 84.73 84.68 84.58 84.49 84.46 84.44 84.54 84.43 84.45 84.42 84.52 84.53 84.55 84.62 84.68 84.63 84.75 84.70 84.69 84.55 84.36 83.71 83.29 82.97 82.55 82.25 82.16 82.37 82.40 81.68 83.15 83.23 83.29 83.35 83.44 83.55 83.67 83.78 83.83 84.07 83.79 84.32 84.26 84.40
84.71 84.60 84.59 84.79 84.90 84.90 84.88 84.98 85.11 85.15 85.25 85.29 85.33 85.35 85.35 84.55 84.06 83.45 83.33 83.54 83.35 77.24 74.69 73.71 75.72 82.00 82.71 82.70 82.63 82.45 82.13 81.67 81.21 80.96 80.77 80.68 81.51 81.52 81.37 81.24 81.21 81.23 81.30 81.44 81.69 82.13 82.65 82.74 82.83 82.91 82.91 83.06 83.17 83.24 82.78 82.83 82.86 82.94 82.96 83.05 83.11 83.14 83.45 83.67 84.01 84.66 84.75 84.82 84.93 84.97 84.98 84.96 84.81 84.84 84.73 84.41 84.32 84.37 83.99 83.64 83.69 83.95 83.61 83.52 83.37 83.62 83.75 83.44 83.47 83.52 83.47 83.47 83.42 83.40 83.51 83.46 83.42 83.44 83.44 83.43 83.50 83.31 83.21 83.37 83.16 83.23 83.36 82.84 83.04 83.21 82.81 82.68 82.67 82.72 82.71 82.83 82.54 82.54 81.81 82.70 82.74 82.71 82.22 82.35 82.57 82.62 82.89 82.80 83.05 83.32 83.85 84.03 84.43 84.53 84.52 84.68 84.67 84.67 84.65 84.62 84.64 84.72 84.71 84.71 84.73 84.70 84.77 84.80 84.80 84.76 84.81 84.78 84.82 84.74 84.79 84.79 84.59 83.78 83.24 82.75 82.13 81.98 81.91 81.90 82.29 82.72 83.02 83.13 83.22 83.33 83.45 83.55 83.65 83.73 83.93 83.99 83.80 84.36 84.36 84.47
84.65 84.71 84.76 84.86 84.92 85.01 85.06 85.15 85.20 85.23 85.29 85.31 85.34 85.34 85.35 84.59 83.83 83.38 83.52 83.67 83.69 82.11 80.15 79.57 82.36 83.07 82.87 82.81 82.70 82.38 82.04 81.67 81.29 80.85 80.58 80.49 81.24 81.53 81.46 81.23 81.23 81.03 81.31 81.48 81.52 82.28 82.47 82.65 82.73 82.82 82.88 82.95 83.05 83.19 83.06 82.91 83.27 83.80 83.62 83.23 83.15 83.05 83.47 83.68 84.06 84.62 84.83 84.90 85.00 85.05 84.99 85.06 84.79 85.02 84.90 84.66 84.60 84.64 84.55 84.01 83.67 83.46 83.36 83.48 83.40 83.50 83.49 83.49 83.48 83.40 83.53 83.57 83.51 83.46 83.57 83.60 83.73 83.34 83.54 83.51 83.43 83.33 83.23 83.33 83.34 83.30 83.29 83.17 83.02 83.11 82.95 82.79 82.78 82.67 82.65 82.68 82.75 82.52 81.98 82.65 82.73 82.59 83.11 82.92 82.55 82.53 82.72 82.85 82.92 83.15 83.33 83.51 83.71 83.97 84.28 84.53 84.64 84.69 84.75 84.77 84.77 84.92 84.82 84.94 84.98 85.02 85.06 85.01 85.13 85.05 85.07 85.03 85.01 85.02 85.06 84.95 84.88 83.91 83.21 82.68 82.24 81.91 81.77 80.21 81.07 82.33 82.87 83.08 83.23 83.33 83.45 83.56 83.69 83.84 84.06 83.94 84.23 84.33 84.09 84.59
84.71 84.75 84.73 84.93 85.05 85.05 85.13 85.16 85.19 85.24 85.29 85.30 85.31 85.32 85.34 84.64 83.67 83.47 83.52 83.41 83.70 83.61 83.58 83.56 83.35 83.13 82.75 82.87 82.59 82.24 81.84 81.55 81.13 80.74 80.50 80.00 80.06 81.43 81.51 81.21 81.31 81.24 81.35 80.61 81.78 82.30 82.55 82.63 82.69 82.74 82.65 82.85 82.86 83.26 82.85 82.88 82.92 82.89 83.32 84.04 84.20 83.31 83.60 84.26 84.58 84.85 84.94 84.97 85.03 85.08 85.07 85.04 84.99 84.92 84.68 84.78 84.76 84.84 84.97 84.32 84.04 83.56 83.49 83.62 83.72 83.52 83.57 83.52 83.54 83.43 83.51 83.66 83.54 83.56 83.57 83.95 83.63 83.54 83.48 83.53 83.30 83.32 83.40 83.33 83.28 83.46 83.38 83.14 83.25 83.19 82.98 83.08 83.04 83.00 83.18 82.72 82.83 82.30 82.47 82.09 82.39 82.33 82.35 82.54 82.57 82.65 82.61 82.56 82.95 82.84 83.27 83.56 83.54 83.75 84.31 84.59 84.69 84.85 84.90 84.94 85.02 85.06 85.11 85.19 85.29 85.38 85.43 85.45 85.43 85.37 85.31 85.28 85.30 85.25 85.18 85.10 84.95 84.77 83.45 82.91 82.19 81.88 80.26 73.76 80.01 82.23 82.89 83.12 83.23 83.35 83.55 83.53 83.73 83.91 84.18 84.22 84.34 84.32 84.54 84.62
84.83 84.89 84.92 84.90 85.09 85.02 85.19 85.22 85.23 85.25 85.27 85.28 85.29 85.29 85.31 84.81 83.79 83.49 83.52 83.49 83.45 83.50 83.20 83.29 83.30 83.18 83.06 82.68 82.40 82.12 81.71 81.37 81.04 80.66 80.02 79.94 80.26 81.59 81.77 81.40 81.55 81.54 81.58 80.62 81.47 82.28 82.49 82.58 82.64 82.54 82.40 82.48 82.89 83.06 83.22 83.34 83.29 83.46 83.52 84.03 83.72 83.22 84.54 84.67 84.80 84.86 84.87 84.96 85.06 85.09 84.91 85.04 85.04 84.96 84.76 84.99 84.83 84.91 85.00 84.98 84.27 84.03 83.85 83.74 83.78 83.61 83.52 83.48 83.53 83.55 83.60 83.61 83.56 83.53 83.61 83.52 83.69 83.61 83.41 83.31 83.76 83.26 83.38 83.39 83.11 83.56 82.94 83.19 83.25 83.13 83.11 83.15 83.12 83.07 83.02 83.08 83.00 83.27 82.79 82.59 82.75 83.09 82.53 82.71 82.75 82.40 82.21 82.73 83.06 82.89 83.30 83.42 83.65 84.14 84.54 84.75 84.94 84.94 85.02 85.11 85.17 85.29 85.36 85.52 85.65 85.67 85.72 85.67 85.66 85.58 85.53 85.54 85.44 85.34 85.22 85.13 84.99 84.81 84.14 83.03 82.48 82.02 81.32 80.67 81.37 82.69 83.06 83.20 83.28 83.39 83.44 83.71 83.87 84.04 84.26 84.41 84.42 84.48 84.61 84.75
84.96 85.00 85.06 85.11 85.19 85.18 85.22 85.26 85.27 85.26 85.28 85.30 85.30 85.16 85.31 85.27 84.59 83.68 83.41 83.43 83.43 83.47 83.18 83.13 83.39 83.24 82.86 82.60 82.32 81.97 81.61 81.26 81.02 80.62 79.46 79.84 80.80 81.62 81.73 81.56 81.82 81.86 81.83 81.93 82.11 82.30 82.51 82.61 82.61 82.34 82.41 82.59 82.61 83.07 83.12 83.18 83.18 83.41 83.47 83.67 83.63 83.93 84.39 84.17 83.91 84.68 84.76 84.89 85.02 85.08 85.02 85.10 85.06 85.10 85.06 85.03 84.95 85.00 85.07 85.12 85.09 84.38 84.15 83.94 84.03 83.67 83.57 85.57 83.59 83.55 83.63 83.81 83.62 83.71 83.52 83.54 83.63 83.63 83.43 83.43 83.34 83.45 83.37 83.39 83.25 83.17 83.03 83.12 83.15 83.01 83.13 83.11 83.23 83.38 83.34 83.32 83.11 82.83 82.77 82.73 82.87 82.70 82.61 82.70 82.51 82.81 83.25 83.40 83.38 83.49 83.57 83.79 84.30 84.48 84.67 84.93 84.99 85.10 85.23 85.35 85.47 85.58 85.74 85.84 85.90 86.01 85.97 85.82 85.89 85.78 85.73 85.62 85.52 85.38 85.30 85.23 85.10 84.99 84.54 83.45 83.02 82.66 82.26 82.24 82.61 83.09 83.21 83.28 83.34 83.42 83.70 83.81 84.05 84.26 84.45 84.60 84.62 84.65 84.83 84.91
85.15 85.09 85.19 85.20 85.21 85.22 85.24 85.30 85.31 85.29 85.28 85.31 85.32 85.32 85.32 85.30 84.91 84.32 83.99 83.92 83.69 83.61 83.41 83.37 83.49 82.94 82.76 82.54 82.17 81.89 81.54 81.41 80.93 80.67 80.20 80.26 80.84 81.69 81.72 81.72 81.91 82.00 82.13 82.14 82.25 82.37 82.50 82.64 82.58 82.18 82.58 82.66 82.70 82.85 82.91 82.99 83.11 83.15 83.25 83.59 83.48 83.83 84.01 84.20 84.47 84.51 84.71 84.81 84.86 85.04 85.07 85.06 85.12 85.18 85.14 85.25 85.03 85.09 85.17 85.10 85.10 85.00 84.59 84.86 84.35 84.07 83.69 83.54 83.69 83.73 83.79 83.68 83.61 83.59 83.94 83.69 83.55 83.44 83.40 83.54 83.33 83.35 83.43 83.42 83.30 83.27 83.08 83.09 83.16 83.08 83.05 83.02 83.23 83.32 83.28 83.27 83.05 82.85 82.95 82.97 82.93 83.23 82.76 82.68 82.94 82.85 83.09 83.49 83.43 83.57 83.78 84.23 84.36 84.65 84.82 84.97 85.12 85.28 85.50 85.63 85.73 85.86 86.16 86.02 86.13 86.20 86.15 86.08 86.02 85.92 85.77 85.70 85.78 85.49 85.48 85.38 85.26 85.15 84.83 84.37 83.50 83.28 83.16 83.14 83.02 82.80 83.35 83.36 83.42 83.50 83.34 84.92 84.36 83.70 84.71 84.35 84.85 84.88 84.92 85.08
85.27 84.76 85.18 85.19 85.26 85.25 85.26 85.30 85.28 85.30 85.30 85.33 85.34 85.34 85.39 85.37 85.33 84.96 84.25 83.57 83.66 83.64 83.69 83.59 83.13 82.84 82.68 82.44 82.23 81.71 81.40 81.11 80.72 80.37 80.07 80.19 80.78 81.59 81.87 81.94 82.07 82.19 82.23 82.29 82.22 82.36 82.36 82.27 82.26 82.37 82.58 82.74 82.76 82.72 82.88 83.06 83.14 83.17 83.16 83.19 83.18 83.19 83.45 84.16 84.17 84.68 84.78 84.82 84.87 85.00 85.10 85.25 85.25 85.25 85.21 85.33 85.28 85.30 85.30 85.14 85.28 85.26 85.06 84.76 84.49 84.15 83.83 83.67 83.92 83.78 83.76 83.50 83.68 83.67 83.73 83.54 83.61 83.43 83.56 83.64 83.29 83.26 83.38 83.21 83.56 83.13 83.17 83.05 83.15 82.93 82.82 82.94 83.14 83.21 83.15 83.02 83.01 83.09 82.98 83.22 83.17 83.23 83.19 82.92 83.07 83.31 83.35 83.53 83.66 84.00 84.15 84.44 84.60 84.78 84.94 85.11 85.30 85.54 85.70 85.79 85.96 86.04 86.15 86.23 86.39 86.22 86.17 86.14 86.08 85.82 85.90 85.83 85.73 85.58 85.44 85.56 85.52 85.38 85.24 85.10 84.84 84.54 84.37 84.00 83.81 83.35 83.69 83.55 83.52 83.63 83.69 84.32 84.63 84.72 84.88 84.96 85.00 85.11 85.17 85.24
85.37 85.30 85.30 85.26 85.29 85.27 85.29 85.29 85.28 85.31 85.34 85.34 85.35 85.34 85.40 85.35 85.41 85.33 84.87 83.17 83.48 83.62 83.50 83.22 82.74 82.83 82.66 82.42 82.05 81.55 81.05 80.48 79.94 79.68 79.51 79.47 79.92 80.58 81.59 82.10 82.25 82.30 82.35 82.33 81.80 82.00 82.45 82.58 82.40 82.33 82.58 82.51 82.41 82.53 82.80 83.06 83.16 83.22 83.23 83.25 83.26 83.23 83.42 84.14 84.58 84.71 84.79 84.80 84.91 85.00 85.05 85.27 85.20 85.31 85.34 85.43 85.42 85.51 85.43 85.35 85.33 85.28 85.31 84.73 84.55 84.25 84.15 84.03 83.86 83.96 83.57 83.60 83.63 83.92 84.06 83.51 83.64 83.49 83.58 83.47 83.50 83.43 83.40 83.36 83.34 83.19 83.10 83.37 83.08 82.85 83.17 82.90 82.94 82.88 82.82 82.79 82.92 83.01 83.06 83.32 83.35 83.31 83.63 83.51 83.43 83.68 83.61 83.68 83.93 84.14 84.38 84.61 84.72 84.91 85.03 85.26 85.44 85.68 85.86 86.00 86.05 86.14 86.32 86.42 86.48 86.45 86.33 86.30 86.13 86.10 85.98 85.68 85.83 85.69 85.66 85.64 85.56 85.46 85.45 85.33 85.25 85.06 84.99 84.93 84.74 84.62 84.34 83.92 83.75 83.81 83.86 84.22 84.28 84.84 84.93 85.01 85.11 85.27 85.36 85.39
85.47 85.33 85.34 85.26 85.33 85.30 85.33 85.32 85.29 85.31 85.33 85.34 85.35 85.33 85.31 85.30 85.29 85.22 85.19 83.53 83.51 83.44 83.29 83.11 82.84 82.86 82.67 82.44 82.10 81.30 80.30 79.55 78.83 78.39 78.40 78.79 79.20 79.35 80.33 81.51 82.21 82.44 82.47 82.44 82.37 82.27 82.37 82.48 82.57 82.77 82.40 82.31 82.21 82.08 82.49 82.88 83.14 83.20 83.22 83.21 83.25 83.22 83.58 84.24 84.56 84.69 84.78 84.85 84.90 85.06 85.10 85.21 85.26 85.40 85.43 85.54 85.65 85.62 85.62 85.51 85.56 85.51 85.43 85.39 85.17 85.02 84.97 84.80 84.49 84.84 83.88 83.74 83.61 83.59 83.75 83.61 83.78 83.97 83.52 83.86 83.56 83.72 83.48 83.95 83.55 83.55 83.32 83.21 83.14 82.98 82.91 82.86 82.85 82.74 82.75 82.74 82.84 83.12 83.68 83.51 83.43 83.32 83.41 83.35 83.61 83.71 83.76 83.81 84.19 84.34 84.55 84.77 84.88 84.99 85.25 85.44 85.54 85.78 85.92 86.14 86.22 86.37 86.50 86.52 86.56 86.59 86.53 86.40 86.37 86.22 86.14 86.07 86.01 85.86 85.98 85.94 85.76 85.58 85.58 85.42 85.27 85.20 84.98 84.91 84.71 84.65 84.43 84.21 84.05 84.06 84.02 84.32 84.23 84.97 85.00 85.09 85.28 85.30 85.39 85.40
85.41 85.38 85.39 85.33 85.03 85.34 85.35 85.15 85.33 85.32 85.30 85.31 85.27 85.28 85.26 85.24 85.25 85.29 85.11 84.65 83.34 83.26 83.43 83.15 83.13 82.91 82.77 82.56 81.98 80.77 79.50 78.36 77.65 77.56 77.22 77.50 78.78 79.04 79.49 80.69 81.93 82.47 82.56 82.53 82.34 82.42 82.30 81.66 82.45 82.49 82.47 82.35 82.10 81.88 82.16 82.64 82.99 83.11 83.18 83.17 83.35 83.37 83.40 83.86 84.58 84.75 84.79 84.84 84.97 85.08 85.21 85.33 85.35 85.51 85.61 85.67 85.72 85.76 85.78 85.88 85.64 85.65 85.62 85.58 85.45 85.07 85.20 85.00 84.66 84.61 84.45 84.04 84.04 83.97 83.91 83.70 83.61 83.57 83.94 83.79 83.95 84.73 83.92 83.47 84.01 83.41 83.35 83.32 83.24 83.25 83.11 82.91 83.37 82.82 82.84 83.03 82.94 83.06 83.64 83.63 83.65 83.64 83.66 83.77 83.80 83.89 83.99 84.20 84.30 84.53 84.70 84.89 84.94 85.18 85.33 85.54 85.68 85.81 86.05 86.10 86.44 86.58 86.62 86.62 86.62 86.65 86.56 86.53 86.44 86.50 86.31 86.26 86.12 86.10 86.04 86.00 85.92 85.68 85.44 85.49 85.33 85.23 85.08 84.92 84.73 84.73 84.58 84.47 84.40 84.32 84.25 83.93 83.44 85.03 85.08 85.10 85.27 85.38 85.43 85.38
85.40 85.42 85.44 85.41 85.38 85.36 85.32 85.34 85.32 85.30 85.30 85.31 85.28 85.31 85.23 85.26 85.21 85.02 84.91 84.61 84.09 83.71 83.48 83.35 83.19 83.05 82.93 82.62 81.93 80.59 79.16 78.25 77.94 77.87 77.12 77.54 78.65 79.25 79.83 81.04 82.08 82.53 82.58 82.55 82.06 82.48 82.36 82.11 82.34 82.27 82.28 82.18 82.17 82.27 82.44 82.57 82.87 83.10 83.11 83.09 83.24 83.39 83.40 83.77 84.43 84.83 84.89 84.83 85.02 85.16 85.25 85.41 85.49 85.60 85.72 85.81 85.86 85.89 85.91 85.90 85.87 85.85 85.78 85.95 85.92 85.57 85.37 85.31 85.06 85.10 84.62 85.02 84.73 84.45 84.54 84.06 83.84 84.31 83.68 84.06 84.85 84.86 84.78 83.70 83.89 83.33 83.29 83.44 83.46 83.37 83.26 83.36 84.26 83.62 83.20 83.32 83.81 83.22 83.72 83.64 83.69 83.68 83.96 84.02 84.14 84.06 84.24 84.28 84.53 84.75 84.84 84.90 85.05 85.21 85.49 85.65 85.83 85.93 86.23 86.36 86.45 86.63 86.66 86.65 86.64 86.60 86.62 86.59 86.55 86.45 86.38 86.41 86.39 86.27 86.16 86.04 85.94 85.86 85.71 85.56 85.39 85.21 85.11 84.98 84.80 84.81 84.75 84.66 84.66 84.49 83.77 84.05 83.81 84.91 85.07 85.20 85.23 85.38 85.37 85.44
85.42 85.47 85.46 85.43 85.40 85.38 85.36 85.33 85.32 85.33 85.30 85.36 85.32 85.33 85.24 85.22 85.12 84.98 84.70 84.29 83.95 83.69 83.52 83.39 83.27 83.17 83.02 82.86 82.39 81.51 80.25 79.17 78.67 78.51 78.41 78.57 79.18 79.59 81.31 82.26 82.66 82.76 82.66 82.64 82.65 82.31 82.52 82.04 82.30 82.33 82.27 82.37 81.91 82.32 82.70 82.62 82.74 83.01 83.14 83.29 83.28 83.31 83.41 83.80 84.42 84.88 85.02 85.07 85.15 85.26 85.44 85.54 85.72 85.78 86.11 85.89 85.99 85.93 86.01 86.03 85.99 85.98 85.85 85.89 85.94 85.70 85.63 85.39 85.33 85.37 85.25 85.17 85.16 85.01 84.79 84.41 84.24 84.09 84.61 84.74 84.94 84.83 84.26 84.71 84.23 84.64 84.45 84.61 83.33 83.29 83.21 83.78 83.29 83.16 83.91 83.96 83.81 83.70 83.76 83.88 83.92 83.94 84.34 84.63 84.30 84.29 84.35 84.62 84.78 84.85 84.80 85.05 85.07 85.29 85.51 85.76 85.91 85.95 86.21 86.39 86.54 86.62 86.58 86.44 86.64 86.58 86.54 86.46 86.60 86.34 86.38 86.36 86.29 86.25 86.26 86.13 86.00 85.95 85.64 85.57 85.39 85.23 85.03 84.98 84.91 84.85 84.75 84.81 84.80 84.60 84.30 84.05 83.65 84.85 85.20 85.20 85.36 85.39 85.44 85.49
85.54 85.53 85.48 85.47 85.45 85.42 85.39 85.35 85.33 85.36 85.35 85.30 85.29 85.25 85.24 85.13 84.98 84.78 84.49 84.20 83.89 83.67 83.54 83.45 83.38 83.30 83.20 83.07 82.82 82.35 81.90 81.50 81.36 79.90 79.24 79.09 79.75 81.11 81.97 82.54 82.77 82.86 82.86 82.91 82.98 83.04 83.07 82.95 82.53 82.26 81.94 82.26 82.70 82.67 82.67 82.81 83.15 83.06 83.15 83.33 83.41 83.57 83.72 84.04 84.46 84.96 85.02 85.19 85.30 85.44 85.52 85.73 85.82 85.93 85.92 86.09 86.08 86.09 86.20 86.20 86.06 86.11 86.06 86.03 85.96 85.90 85.69 85.76 85.66 85.46 85.43 85.54 85.31 85.19 85.16 85.09 84.74 84.54 84.92 84.90 84.52 84.24 84.02 84.77 84.25 84.66 84.71 84.73 84.23 83.79 83.51 83.93 83.75 83.64 83.98 83.77 83.63 83.93 83.98 84.09 84.05 84.27 84.38 84.55 84.55 84.64 84.68 84.70 84.86 84.93 85.02 85.04 85.27 85.38 85.69 85.85 86.01 86.18 86.25 86.40 86.51 86.63 86.62 86.63 86.61 86.51 86.55 86.57 86.54 86.51 86.41 86.48 86.42 86.20 86.28 86.24 86.09 85.89 85.59 85.47 85.38 85.15 85.03 84.98 84.97 84.94 84.94 84.94 84.94 84.88 84.77 84.46 83.92 85.02 85.03 85.10 85.30 85.49 85.48 85.54
85.56 85.54 85.53 85.46 85.45 85.43 85.40 85.40 85.33 85.40 85.37 85.32 85.32 85.24 85.12 85.07 84.83 84.66 84.43 84.19 83.89 83.74 83.63 83.57 83.49 83.42 83.33 83.28 83.17 83.03 82.88 82.81 82.82 82.79 82.16 82.01 82.46 82.65 82.70 82.74 82.84 82.89 82.88 82.92 83.01 83.10 83.10 83.09 82.49 82.33 82.63 82.85 83.16 83.00 83.06 83.29 83.17 83.66 83.17 83.31 83.46 83.67 84.04 84.50 84.85 85.06 85.18 85.27 85.50 85.56 85.74 85.85 85.91 86.01 86.05 86.03 85.95 85.81 86.22 86.24 86.19 86.25 86.16 86.15 86.06 86.02 86.00 85.94 85.85 85.75 85.66 85.63 85.59 85.51 85.29 85.33 85.17 85.06 85.07 85.10 84.99 84.90 85.10 84.84 84.56 84.78 84.43 84.46 84.68 84.27 83.94 84.18 84.21 84.34 84.37 83.74 84.01 84.13 84.22 84.39 84.40 84.50 84.67 84.56 84.76 84.78 84.79 84.83 84.94 84.99 85.16 85.22 85.38 85.51 86.08 86.12 86.03 86.14 86.27 86.38 86.50 86.62 86.62 86.57 86.58 86.55 86.53 86.52 86.43 86.55 86.51 86.48 86.37 86.36 86.36 86.18 86.01 85.82 85.69 85.00 85.14 85.34 85.16 85.14 85.10 85.07 85.08 85.03 85.06 85.05 85.02 84.86 84.93 85.00 85.09 85.29 85.33 85.46 85.50 85.57
85.60 85.57 85.55 85.49 85.52 85.50 85.47 85.45 85.41 85.40 85.41 85.33 85.30 85.18 85.06 84.93 84.74 84.61 84.43 84.22 84.02 83.91 83.77 83.67 83.55 83.49 83.45 83.39 83.35 83.30 83.25 83.20 83.16 83.12 83.06 83.08 83.10 83.08 82.98 82.91 82.91 82.98 82.97 82.86 82.94 83.03 83.05 83.05 83.29 82.70 83.76 84.00 84.16 83.80 83.73 83.32 83.34 83.35 83.83 83.39 83.67 83.99 84.47 84.80 84.90 85.21 85.37 85.53 85.57 85.80 85.83 85.93 86.04 86.07 86.10 86.13 86.18 86.28 86.34 86.33 86.34 86.28 86.28 86.23 86.21 86.15 86.14 86.00 85.96 85.92 85.86 85.76 85.61 85.54 85.46 85.47 85.34 85.37 85.36 85.30 85.05 85.18 84.89 84.97 87.26 85.31 84.55 84.87 84.76 84.48 84.36 84.47 84.40 84.37 84.19 84.50 84.44 84.52 84.59 84.55 84.57 84.64 84.77 84.76 84.76 84.84 84.81 84.91 84.98 85.09 85.24 85.36 85.51 85.67 86.00 86.09 86.03 86.20 86.21 86.37 86.46 86.53 86.59 86.58 86.54 86.56 86.54 86.53 86.48 86.38 86.53 86.43 86.32 86.24 86.25 86.05 85.94 85.77 85.70 85.08 84.96 85.41 85.28 85.25 85.25 85.21 85.24 85.20 85.13 85.20 85.14 85.17 84.71 84.95 85.41 85.36 85.34 85.55 85.67 85.55
85.63 85.62 85.57 85.57 85.57 85.57 85.47 85.44 85.46 85.43 85.37 85.28 85.21 85.12 85.00 84.86 84.69 84.51 84.37 84.22 83.95 83.97 83.84 83.70 83.65 83.58 83.53 83.48 83.44 83.41 83.36 83.31 83.26 83.23 83.23 83.24 83.19 83.17 83.09 83.03 83.00 83.02 83.04 83.08 83.04 83.13 83.24 83.38 83.67 83.85 84.03 84.17 84.35 84.44 84.46 84.06 83.48 83.42 83.53 83.92 84.18 84.55 84.80 85.15 85.19 85.35 85.48 85.65 85.79 85.89 86.03 86.13 86.20 86.22 86.28 86.31 86.34 86.26 86.53 86.61 86.40 86.39 86.44 86.17 86.33 86.26 86.14 86.11 86.16 86.05 86.03 85.95 85.84 85.75 85.67 85.61 85.53 85.35 85.52 85.38 85.35 85.33 84.93 86.58 87.20 85.15 84.34 84.89 84.83 84.70 84.70 84.67 84.66 84.70 84.80 84.68 84.72 84.70 84.77 84.80 84.78 84.84 84.80 84.82 84.87 84.88 84.85 84.96 85.03 85.11 85.21 85.38 85.56 85.69 85.86 85.89 86.09 86.16 86.30 86.38 86.45 86.51 86.60 86.58 86.60 86.59 86.51 86.57 86.55 86.49 86.46 86.35 86.35 86.16 85.96 86.01 85.91 85.79 85.71 85.64 85.53 85.48 85.43 85.35 85.34 85.35 85.29 85.33 85.27 85.26 85.25 85.28 85.19 85.40 85.41 85.31 85.41 85.59 85.69 85.67
85.65 85.61 85.66 85.65 85.63 85.60 85.55 85.49 85.45 85.35 85.36 85.30 85.18 85.07 84.93 84.74 84.48 84.50 84.43 84.29 84.18 84.09 83.95 83.86 83.75 83.68 83.62 83.56 83.53 83.47 83.44 83.41 83.37 83.35 83.35 83.34 83.33 83.28 83.21 83.15 83.12 83.12 83.15 83.18 83.26 83.36 83.44 83.57 83.74 84.00 84.20 84.33 84.43 84.53 84.60 84.67 83.96 84.18 83.80 84.53 85.03 85.15 85.27 85.34 85.45 85.59 85.78 85.89 86.00 86.06 86.24 86.31 86.34 86.38 86.44 86.50 86.52 86.49 86.57 86.54 86.47 86.54 86.49 86.53 86.44 86.56 86.50 86.32 86.29 86.15 86.17 86.09 85.98 85.93 85.80 85.71 85.73 85.92 85.58 85.55 85.39 85.38 85.25 85.13 84.84 84.85 84.83 85.04 84.93 84.98 84.91 84.91 84.84 84.90 84.89 84.87 84.94 85.00 84.91 84.98 84.92 84.89 84.81 84.87 84.91 84.87 84.87 84.98 85.04 85.10 85.28 85.42 85.55 85.67 85.66 85.84 85.96 86.11 86.14 86.22 86.25 86.35 86.36 86.46 86.49 86.50 86.45 86.46 86.34 86.35 86.36 86.35 86.18 86.04 85.98 85.87 85.92 85.81 85.75 85.67 85.60 85.53 85.48 85.46 85.44 85.41 85.44 85.43 85.23 85.32 85.28 85.38 85.36 85.36 85.41 85.54 85.66 85.65 85.72 85.72
85.78 85.75 85.68 85.59 85.61 85.49 85.51 85.53 85.47 85.41 85.38 85.27 85.20 85.07 85.02 84.79 86.14 84.42 84.49 84.42 84.32 84.20 84.12 84.06 83.92 83.81 83.73 83.65 83.59 83.56 83.52 83.51 83.48 83.48 83.47 83.47 83.43 83.41 83.37 83.33 83.28 83.28 83.25 83.28 83.34 83.45 83.59 84.23 84.16 84.37 84.44 84.46 84.72 84.61 84.71 84.84 84.94 85.00 85.18 85.30 85.40 85.49 85.66 85.74 85.86 85.97 86.02 86.12 86.19 86.28 86.40 86.46 86.49 86.56 86.60 86.57 86.61 86.62 86.67 86.75 86.58 86.61 86.65 86.60 86.68 86.57 86.44 86.43 86.32 86.32 86.27 86.24 86.14 86.04 85.87 85.85 85.82 85.80 85.72 85.63 85.57 85.49 85.37 85.36 85.32 85.20 85.13 85.14 85.14 85.08 85.08 85.08 85.03 85.10 85.03 85.11 85.19 85.16 85.15 85.11 85.00 84.97 84.92 84.90 84.85 84.87 85.01 85.09 85.10 85.15 85.28 85.42 85.51 85.54 85.67 85.80 85.90 85.99 86.01 86.07 86.13 86.19 86.22 86.30 86.33 86.29 86.31 86.31 86.11 86.14 86.22 86.12 86.10 85.97 85.90 85.96 85.78 85.86 85.82 85.64 85.58 85.57 85.54 85.55 85.48 85.50 85.46 85.40 85.37 85.43 85.45 85.32 85.36 85.36 85.50 85.62 85.69 85.77 85.81 85.83
85.83 85.81 85.77 85.72 85.74 85.64 85.57 85.52 85.50 85.49 85.36 85.27 85.26 85.13 85.04 84.98 84.63 84.67 84.56 84.54 84.45 84.38 84.28 84.19 84.11 84.03 83.91 83.81 83.80 83.71 83.68 83.65 83.63 83.63 83.61 83.61 83.59 83.57 83.55 83.47 83.45 83.42 83.41 83.43 83.49 83.62 83.80 84.00 84.29 84.41 84.52 84.59 84.66 84.76 84.88 85.01 85.13 85.28 85.41 85.54 85.76 85.84 85.91 85.98 86.08 86.12 86.22 86.31 86.37 86.48 86.51 86.92 86.68 86.70 86.72 86.77 86.77 86.74 86.76 86.76 86.74 86.85 86.68 86.70 86.24 87.31 86.56 86.51 86.48 86.40 86.41 86.28 86.22 86.16 86.12 86.00 85.98 85.88 85.81 85.66 85.65 85.60 85.46 85.35 85.30 85.30 85.29 85.21 85.30 85.25 85.22 85.27 85.33 85.31 85.31 85.34 85.38 85.33 85.26 85.14 85.08 85.09 85.05 85.00 85.00 85.03 84.99 85.07 85.13 85.17 85.30 85.35 85.47 85.48 85.55 85.65 85.80 85.86 85.90 85.87 86.02 85.99 86.10 86.20 86.21 86.17 86.15 86.18 86.15 86.08 86.13 86.08 86.10 86.08 85.95 85.99 85.89 85.93 85.89 85.77 85.70 85.72 85.63 85.60 85.58 85.52 85.53 85.50 85.40 85.50 85.49 85.44 85.60 85.53 85.55 85.67 85.78 85.78 85.81 85.82
85.84 85.86 85.83 85.72 85.78 85.75 85.56 85.65 85.63 85.61 85.53 85.44 85.34 85.27 85.14 85.00 85.01 84.89 84.80 84.72 84.63 84.54 84.42 84.34 84.32 84.27 84.22 84.14 84.08 84.02 83.98 83.90 83.86 83.87 83.92 83.86 83.85 83.85 83.75 83.67 83.64 83.62 83.63 83.74 83.82 84.03 84.17 84.31 84.48 84.58 84.67 84.80 84.86 84.96 85.08 85.18 85.32 85.45 85.59 85.78 85.99 85.91 86.17 86.23 86.27 86.34 86.43 86.50 86.55 86.57 86.68 86.69 86.74 86.82 86.85 86.86 86.83 86.92 86.96 86.94 86.87 86.85 86.86 86.80 86.77 86.75 86.71 86.69 86.63 86.50 86.41 86.44 86.32 86.30 86.10 86.15 86.11 86.03 85.87 85.81 85.72 85.67 85.63 85.58 85.57 85.52 85.39 85.39 85.41 85.44 85.49 85.51 85.50 85.50 85.42 85.48 85.47 85.47 85.33 85.27 85.24 85.19 85.09 85.11 85.05 85.06 85.03 85.09 85.15 85.18 85.27 85.27 85.43 85.56 85.53 85.45 85.63 85.69 85.68 85.82 85.91 85.81 85.95 86.04 86.03 85.98 86.04 86.03 86.04 86.05 86.04 86.07 86.05 86.00 85.99 86.02 86.00 85.91 85.91 85.84 85.87 85.77 85.74 85.67 85.64 85.59 85.47 85.50 85.48 85.54 85.59 85.61 85.66 85.66 85.69 85.73 85.81 85.89 85.76 85.83
85.89 85.89 85.86 85.86 85.83 85.86 85.77 85.71 85.73 85.60 85.54 85.52 85.45 85.35 85.26 85.19 85.11 85.04 84.96 84.86 84.77 84.73 84.66 84.60 84.53 84.50 84.43 84.39 84.34 84.33 84.31 84.26 84.27 84.27 84.23 84.20 84.18 84.19 84.16 84.41 84.13 84.13 84.15 84.19 84.24 84.33 84.41 84.53 84.69 84.80 84.85 85.04 85.16 85.26 85.35 85.49 85.61 85.73 85.85 85.95 86.12 86.28 86.36 86.43 86.52 86.87 86.50 86.70 86.75 86.78 86.87 86.80 86.89 87.02 87.08 87.07 87.05 87.08 87.01 87.05 87.01 87.01 86.97 86.98 86.91 86.87 86.80 86.75 86.68 86.62 86.54 86.49 86.45 86.36 86.34 86.32 86.17 86.08 86.04 85.93 85.88 85.81 85.72 85.70 85.67 85.68 85.57 85.62 85.60 85.65 85.63 85.64 85.66 85.65 85.57 85.62 85.57 85.56 85.51 85.37 85.42 85.39 85.12 85.22 85.19 85.15 85.10 85.07 85.12 85.20 85.21 85.25 85.31 85.01 85.34 85.50 85.54 85.52 85.66 85.73 85.79 85.66 85.87 85.92 85.93 85.83 85.91 85.90 85.96 86.00 85.96 86.01 85.97 85.92 85.98 85.99 85.94 85.92 85.93 85.88 85.84 85.86 85.80 85.78 85.75 85.60 85.69 85.67 85.60 85.66 85.63 85.71 85.75 85.74 85.82 85.82 85.79 85.89 85.87 85.80
86.02 85.90 85.89 86.52 85.89 85.91 85.90 85.86 85.82 85.78 85.71 85.60 85.57 85.47 85.42 85.38 85.30 85.24 85.11 84.99 84.81 84.94 84.88 84.82 84.78 84.75 84.69 84.69 84.67 84.62 84.59 84.54 84.52 84.49 84.45 84.43 84.41 84.42 84.42 84.41 84.41 84.45 84.47 84.52 84.60 84.66 84.75 84.80 84.94 85.05 85.21 85.33 85.45 85.59 85.74 85.82 85.92 86.02 86.15 86.20 86.30 86.43 86.55 86.66 86.68 86.73 86.87 86.88 86.89 86.91 86.99 86.98 87.06 87.07 87.12 87.18 87.15 87.11 87.11 87.15 87.13 87.12 87.04 86.99 86.94 86.74 86.78 86.74 86.72 86.68 86.64 86.55 86.45 86.40 86.42 86.19 86.15 86.15 86.09 86.02 85.99 85.92 85.84 85.84 85.83 85.80 85.79 85.79 85.78 85.75 85.79 85.76 85.80 85.75 85.73 85.70 85.68 85.61 85.66 85.59 85.52 85.48 85.47 85.39 85.33 85.29 85.22 85.19 85.17 85.18 85.20 85.26 85.30 85.32 85.38 85.47 85.52 85.53 85.61 85.52 85.70 85.58 85.75 85.82 85.74 85.86 85.86 85.87 85.91 85.92 85.90 85.91 85.99 85.99 85.98 85.95 85.96 85.92 85.95 85.96 85.93 85.89 85.91 85.89 85.78 85.83 85.83 85.85 85.69 85.76 85.79 85.82 85.75 85.86 85.93 85.96 85.93 85.96 85.97 85.98
86.07 86.16 86.06 86.12 86.10 86.05 86.02 86.02 85.82 85.88 85.81 85.78 85.77 85.73 85.83 85.56 85.51 85.45 85.33 85.37 85.31 85.21 85.17 85.13 85.09 85.06 84.96 84.98 84.95 84.91 84.86 84.82 84.80 84.76 84.71 84.67 84.67 84.67 84.65 84.64 84.65 84.71 84.76 84.83 84.92 85.00 85.07 85.17 85.25 85.36 85.47 85.51 85.71 85.90 86.04 86.18 86.31 86.46 86.52 86.57 86.61 86.73 86.79 86.80 86.92 86.97 87.01 86.97 87.03 87.10 87.04 87.09 87.18 87.21 87.22 87.25 87.26 87.22 87.24 87.23 87.25 87.18 87.14 86.89 87.73 89.26 86.35 86.76 86.83 86.74 86.75 86.61 86.62 86.47 86.45 86.37 86.29 86.25 86.23 86.18 86.10 86.08 86.02 85.91 85.98 85.88 85.86 85.89 85.88 85.85 85.90 85.89 85.92 85.85 85.74 85.75 85.84 85.74 85.70 85.75 85.71 85.65 85.62 85.48 85.46 85.33 85.36 85.30 85.29 85.20 85.28 85.27 85.28 85.31 85.38 85.37 85.44 85.47 85.43 85.54 85.61 85.61 85.69 85.72 85.67 85.79 85.79 85.82 85.81 85.84 85.89 85.91 85.92 85.95 85.82 85.98 85.96 86.02 86.01 86.00 85.94 85.93 86.02 86.01 85.94 86.02 86.02 85.89 85.99 85.92 86.03 86.02 85.99 86.00 86.00 86.06 85.97 85.98 86.10 85.88
86.26 86.24 86.28 86.24 86.20 86.28 86.22 86.16 86.17 86.11 85.97 85.97 86.00 85.88 85.88 85.81 85.79 85.74 85.70 85.66 85.52 85.54 85.43 85.37 85.35 85.24 85.31 85.28 85.20 85.17 85.14 85.06 85.07 84.99 85.18 84.91 84.91 84.91 84.89 84.91 84.94 84.99 85.08 85.12 85.19 85.28 85.39 85.51 85.61 85.72 85.86 86.01 86.14 86.30 86.45 86.59 86.74 86.85 86.97 87.08 87.14 87.14 87.10 87.09 87.12 87.14 87.13 87.19 87.26 87.25 87.30 87.32 87.30 87.36 87.37 87.34 87.32 87.24 87.38 87.35 87.33 87.28 87.16 87.11 87.10 86.98 86.95 86.96 86.91 86.92 86.83 86.74 86.72 86.62 86.57 86.49 86.44 86.38 86.33 86.23 86.16 86.19 86.14 86.04 86.05 86.03 86.03 85.98 85.93 85.84 85.88 85.98 86.01 85.96 85.92 85.92 85.83 85.88 85.85 85.84 85.80 85.70 85.73 85.68 85.62 85.58 85.56 85.46 85.40 85.38 85.34 85.29 85.30 85.31 85.25 85.38 85.40 85.44 85.23 85.50 85.56 85.63 85.66 85.63 85.67 85.70 85.58 85.79 85.79 85.83 85.82 85.93 85.92 85.96 85.99 85.99 86.01 86.03 86.05 86.09 85.98 86.01 86.02 86.08 86.06 86.07 86.16 86.16 86.17 86.13 86.18 86.14 86.21 86.20 86.10 86.14 86.15 86.25 86.22 86.25
86.28 86.43 86.43 86.38 86.40 86.40 86.36 86.38 86.26 86.38 86.27 86.24 86.20 86.20 86.06 85.98 85.96 86.03 86.04 85.94 85.93 85.90 85.86 85.82 85.70 85.67 85.40 85.61 85.59 85.45 85.54 85.39 85.41 85.31 85.23 85.18 85.20 85.20 85.21 85.23 85.24 85.34 85.41 85.49 85.57 85.67 85.84 85.98 86.14 86.26 86.34 86.44 86.50 86.61 86.70 86.82 86.90 86.95 87.06 87.11 87.14 87.18 87.19 87.20 87.19 87.24 87.28 87.31 87.29 87.37 87.40 87.39 87.47 87.46 87.36 87.43 87.43 87.37 87.39 87.37 87.32 87.29 87.32 87.25 87.14 87.16 87.03 86.99 86.95 86.90 86.89 86.81 86.72 86.70 86.68 86.51 86.52 86.51 86.44 86.40 86.37 86.34 86.29 86.19 86.19 86.24 86.19 86.14 86.12 86.14 85.94 85.96 86.05 86.03 86.06 86.01 85.96 85.98 85.96 85.87 85.82 85.84 85.81 85.80 85.70 85.68 85.67 85.64 85.60 85.57 85.52 85.45 85.44 85.39 85.35 85.31 85.37 85.46 85.53 85.51 85.55 85.56 85.61 85.62 85.64 85.66 85.70 85.75 85.76 85.76 85.84 85.81 85.87 85.95 86.01 86.06 86.03 86.09 86.22 86.17 86.14 86.14 86.15 86.23 86.23 86.27 86.29 86.34 86.32 86.29 86.28 86.35 86.38 86.41 86.50 86.44 86.40 86.42 86.37 86.33
86.60 86.66 86.70 86.61 86.56 86.62 86.89 86.48 86.56 86.56 86.43 86.47 86.48 86.41 86.48 86.48 86.45 86.38 86.48 86.25 86.15 86.25 86.23 86.17 86.08 86.03 85.96 85.87 85.91 85.78 85.81 85.82 85.83 85.69 85.78 85.79 85.69 85.69 85.71 85.73 85.69 85.83 85.88 85.94 86.04 86.11 86.21 86.35 86.43 86.55 86.64 86.71 86.73 86.73 86.81 86.85 86.89 86.94 87.00 87.02 87.01 87.09 87.11 87.17 87.30 87.26 87.29 87.35 87.45 87.41 87.46 87.46 87.46 87.52 87.47 87.43 87.45 87.49 87.46 87.41 87.38 87.38 87.34 87.29 87.22 87.21 87.16 87.14 87.09 86.99 86.88 86.80 86.84 86.84 86.74 86.71 86.65 86.62 86.58 86.52 86.44 86.38 86.33 86.29 86.33 86.34 86.31 86.24 86.25 86.22 86.26 86.18 86.15 86.15 86.08 86.13 86.05 86.03 85.94 86.01 85.89 85.96 85.93 85.83 85.84 85.83 85.81 85.81 85.76 85.70 85.67 85.69 85.64 85.62 85.55 85.57 85.53 85.51 85.48 85.47 85.43 85.43 85.47 85.52 85.58 85.63 85.71 85.74 85.83 85.82 85.91 85.91 85.91 85.95 86.04 86.02 86.15 86.22 86.27 86.30 86.33 86.27 86.38 86.40 86.42 86.48 86.46 86.50 86.39 86.54 86.53 86.51 86.44 86.55 86.57 86.60 86.67 86.54 86.61 86.58
86.84 86.90 86.89 86.83 86.76 86.89 86.90 86.85 86.83 86.87 86.92 86.81 86.82 86.71 86.91 86.74 86.70 86.66 86.58 86.57 86.59 86.35 86.35 86.41 86.32 86.41 86.30 86.64 86.44 86.34 86.40 86.25 86.18 86.13 86.05 86.12 86.04 86.07 86.10 86.19 86.23 86.29 86.33 86.37 86.45 86.50 86.54 86.59 86.65 86.71 86.80 86.93 86.90 86.92 86.93 86.93 86.91 86.92 86.89 86.96 87.01 87.07 87.12 87.13 87.19 87.27 87.32 87.31 87.32 87.37 87.47 87.54 87.54 87.46 87.53 87.55 87.57 87.51 87.46 87.38 87.40 87.37 87.32 87.28 87.31 87.28 87.23 87.18 87.11 87.10 87.02 86.84 86.84 86.83 86.81 86.67 86.69 86.66 86.61 86.62 86.55 86.53 86.48 86.34 86.41 86.41 86.33 86.29 86.27 86.21 86.26 86.26 86.29 86.26 86.21 86.25 86.25 86.17 86.08 86.02 86.05 86.11 86.08 85.98 85.96 85.93 85.89 85.93 85.84 85.83 85.79 85.76 85.78 85.73 85.76 85.73 85.70 85.66 85.65 85.67 85.71 85.74 85.77 85.78 85.82 85.85 85.88 85.90 85.95 85.98 85.97 86.05 86.05 86.10 86.11 86.12 86.24 86.30 86.34 86.32 86.44 86.45 86.41 86.51 86.59 86.64 86.57 86.64 86.72 86.75 86.31 87.48 86.48 85.53 86.69 86.75 86.87 86.83 86.68 86.77
86.99 87.09 87.01 87.05 87.04 87.15 86.98 87.07 87.08 87.06 87.10 87.00 87.02 87.11 87.01 87.05 87.03 86.83 86.91 86.94 86.87 86.96 86.99 87.07 86.91 86.73 86.76 86.75 86.50 86.57 86.58 86.51 86.64 86.69 86.75 86.58 86.53 86.55 86.45 86.56 86.54 86.58 86.68 86.67 86.67 86.62 86.71 86.76 86.80 86.90 86.96 86.98 86.99 87.02 87.04 87.16 87.05 87.05 87.09 87.13 87.21 87.27 87.32 87.34 87.36 87.35 87.34 87.37 87.42 87.36 87.49 87.51 87.52 87.54 87.53 87.57 87.52 87.52 87.44 87.48 87.42 87.42 87.36 87.50 87.32 87.24 87.18 87.12 87.11 87.10 87.03 87.00 86.95 86.88 86.88 86.84 86.93 86.73 86.67 86.63 86.60 86.58 86.56 86.50 86.50 86.51 86.50 86.45 86.39 86.44 86.38 86.34 86.39 86.37 86.35 86.32 86.28 86.30 86.21 86.21 86.19 86.16 86.09 86.19 86.19 86.15 86.05 86.04 86.03 85.96 86.03 86.00 86.01 85.98 85.90 85.93 85.91 85.91 85.91 85.92 85.91 85.98 85.99 85.89 85.97 86.03 86.08 86.10 86.06 86.08 86.12 86.18 86.21 86.24 86.28 86.30 86.34 86.43 86.47 86.52 86.53 86.61 86.63 86.70 86.73 86.72 86.73 86.77 86.82 86.86 86.86 86.91 86.85 87.08 87.09 87.11 87.10 87.09 87.04 86.96
87.25 87.11 86.86 86.74 86.89 87.16 87.05 86.66 86.68 87.08 87.17 87.16 87.19 87.14 87.13 86.95 86.64 86.68 86.57 86.90 86.69 86.79 87.20 87.47 87.04 86.86 86.84 86.97 86.90 86.88 86.85 86.84 86.89 86.79 86.47 86.77 86.67 86.75 86.71 86.67 86.83 86.80 86.72 86.73 86.81 86.89 86.93 86.97 87.01 87.04 87.07 87.12 87.00 87.19 87.23 87.28 87.32 87.33 87.34 87.36 87.40 86.78 86.82 87.21 87.35 87.34 87.35 87.39 87.34 87.35 87.43 87.46 87.47 87.49 87.46 87.48 87.46 87.48 87.52 87.51 87.46 87.37 87.36 87.34 87.32 87.26 87.13 87.10 87.18 87.13 87.13 87.08 86.99 86.89 86.87 86.90 86.90 86.87 86.81 86.75 86.72 86.71 86.65 86.72 86.63 86.60 86.59 86.56 86.55 86.53 86.51 86.48 86.44 86.37 86.36 86.35 86.39 86.31 86.31 86.21 86.25 86.27 86.28 86.29 86.27 86.29 86.25 86.23 86.19 86.14 86.18 86.12 86.09 86.03 85.76 85.98 86.07 86.09 86.13 86.12 86.08 86.10 86.11 86.11 86.14 86.13 86.19 86.16 86.20 86.16 86.24 86.30 86.29 86.34 86.40 86.42 86.47 86.49 86.45 86.53 86.56 86.62 86.72 86.77 86.79 86.80 86.84 86.92 86.92 86.88 86.96 86.88 86.93 87.00 86.96 87.16 87.26 87.23 87.14 87.20
87.02 86.89 86.89 86.99 87.01 86.96 86.91 86.90 86.93 86.91 86.91 86.75 86.99 86.94 86.97 87.06 87.05 87.10 87.09 87.03 87.00 87.10 87.07 87.09 87.13 87.16 87.08 86.85 86.93 86.81 86.85 86.89 86.91 86.92 86.87 86.93 86.89 86.98 86.96 86.95 86.97 87.00 87.00 86.96 86.90 86.93 86.97 87.02 87.05 87.13 87.21 87.17 87.22 87.27 87.33 87.35 87.32 87.38 87.46 87.47 87.52 87.55 87.54 87.57 87.53 87.54 87.62 87.59 87.51 87.47 87.43 87.42 87.36 87.40 87.42 87.27 87.23 87.28 87.40 87.42 87.31 87.38 87.22 86.70 87.02 87.36 86.09 86.31 87.06 85.61 86.11 86.69 86.34 85.89 86.53 85.70 85.86 86.60 86.30 85.89 86.02 86.12 86.26 86.67 86.70 86.62 86.66 86.66 86.67 86.63 86.61 86.60 86.57 86.55 86.49 86.51 86.48 86.47 86.44 86.22 86.77 86.20 86.38 86.35 86.32 86.35 86.32 86.29 86.30 86.30 86.31 86.31 86.29 86.30 86.30 86.30 86.32 86.32 86.28 86.31 86.29 86.26 86.21 86.24 86.26 86.19 86.11 86.14 86.21 86.27 86.31 86.28 86.38 86.44 86.44 86.52 86.49 86.56 86.55 86.57 86.61 86.67 86.70 86.78 86.80 86.87 86.83 86.81 86.85 86.98 86.97 86.99 86.99 87.02 87.04 86.99 86.97 87.11 87.10 87.06
86.19 86.20 86.23 86.29 86.23 86.23 86.26 86.24 86.24 86.26 86.28 86.30 86.32 86.34 86.37 86.40 86.40 86.43 86.42 86.44 86.45 86.47 86.49 86.53 86.56 86.63 86.72 86.82 86.81 86.89 86.99 86.90 86.91 87.09 86.58 86.58 86.40 86.68 86.07 86.21 86.43 86.55 87.00 87.01 87.03 87.11 87.19 87.15 86.97 86.91 86.36 86.28 86.12 86.37 86.92 86.55 86.46 86.46 86.48 86.61 87.24 87.04 87.08 87.07 87.15 87.22 87.32 86.99 86.84 86.57 86.60 86.62 86.15 86.43 86.23 85.91 85.69 85.91 85.65 85.41 85.37 85.02 85.09 84.88 84.88 84.96 84.67 84.64 84.66 84.53 84.63 84.78 84.42 84.42 84.78 84.51 84.55 84.30 84.30 84.35 84.78 84.91 84.88 84.88 84.89 84.99 84.60 85.52 85.64 86.41 86.34 85.64 85.91 86.57 86.20 86.30 85.99 86.12 86.39 85.74 85.79 85.71 85.83 85.87 86.15 86.51 85.97 86.07 86.06 86.05 86.14 86.11 86.11 86.14 86.15 86.17 86.26 86.36 86.46 86.45 86.46 86.46 86.47 86.44 86.46 86.40 86.42 86.46 86.48 86.54 86.55 86.58 86.59 86.62 86.62 86.60 86.60 86.64 86.66 86.62 86.63 86.65 86.68 86.69 86.69 86.68 86.65 86.62 86.60 86.52 86.43 86.45 86.43 86.41 86.39 86.33 86.28 86.22 86.21 86.19
85.88 85.88 85.89 85.88 85.88 85.87 85.88 85.89 85.90 85.92 85.95 85.98 85.99 86.02 86.03 86.08 86.12 86.12 86.20 86.20 86.24 86.24 86.24 86.23 86.22 86.16 86.32 86.28 86.22 85.60 85.47 85.27 85.58 85.70 85.27 85.50 85.23 85.28 85.29 85.18 85.04 85.19 84.94 84.80 84.82 85.02 85.00 84.94 85.04 85.11 85.24 85.38 85.68 85.82 85.41 85.55 85.33 85.18 85.17 85.34 85.19 85.94 85.84 86.68 86.85 87.05 87.21 87.33 87.33 87.00 86.73 86.38 86.08 85.87 85.77 85.54 85.41 85.27 85.17 85.12 85.06 84.97 84.91 84.86 84.77 84.69 84.65 84.59 84.55 84.55 84.55 84.54 84.53 84.49 84.45 84.41 84.36 84.33 84.31 84.28 84.26 84.21 84.18 84.15 84.12 84.10 84.08 84.06 84.08 84.21 84.41 84.65 84.58 84.66 84.44 84.62 84.88 84.95 84.79 84.63 84.55 84.61 84.96 84.74 84.83 84.66 84.79 84.84 84.73 84.81 84.62 84.67 84.82 85.06 84.95 84.90 84.97 84.77 84.87 84.90 85.07 85.44 85.53 85.66 86.13 86.08 86.40 86.59 86.63 86.59 86.57 86.55 86.55 86.56 86.61 86.64 86.62 86.61 86.53 86.50 86.47 86.46 86.43 86.40 86.36 86.32 86.29 86.25 86.23 86.20 86.15 86.14 86.09 86.07 86.05 86.01 85.94 85.91 85.89 85.89
86.27 86.13 86.26 86.41 86.48 86.72 85.31 85.18 85.46 85.66 85.04 85.42 85.20 85.09 85.20 85.45 84.66 84.41 84.38 84.41 84.42 84.70 85.28 84.93 84.92 85.08 85.49 85.19 85.12 85.42 85.32 84.23 84.32 84.71 84.34 84.22 84.20 84.19 84.23 84.29 84.27 84.43 84.33 84.24 84.28 84.19 84.12 84.15 84.15 84.31 84.31 84.25 84.36 84.64 84.63 84.48 84.50 84.53 84.62 84.71 84.76 84.65 84.82 84.69 84.64 84.63 84.96 84.98 85.41 85.65 85.81 86.17 85.92 85.90 85.86 86.00 86.17 86.36 86.45 86.49 86.60 86.66 86.24 85.81 85.32 85.25 85.32 85.41 85.54 85.84 86.33 86.30 84.86 84.60 84.58 84.68 84.60 84.52 84.37 84.29 84.25 84.34 84.22 84.17 84.14 84.12 84.08 84.06 84.04 84.01 83.99 83.98 83.99 84.00 84.01 84.03 84.05 84.06 84.06 84.05 84.07 84.11 84.13 84.11 84.09 84.09 84.09 84.09 84.10 84.08 84.09 84.08 84.08 84.10 84.13 84.12 84.21 84.20 84.19 84.42 84.17 84.18 84.18 84.60 84.63 84.67 84.81 85.18 84.79 84.56 84.75 84.58 84.98 85.08 85.34 85.60 85.08 85.34 85.53 85.64 85.59 85.28 85.43 85.91 85.72 85.77 86.03 86.48 86.24 86.55 86.24 86.00 85.85 85.68 85.85 86.05 86.15 85.80 85.87 85.98
83.85 83.97 83.91 83.93 84.00 83.94 83.94 83.94 83.79 83.75 83.75 83.76 83.81 83.84 83.80 83.73 83.72 83.72 83.72 83.72 83.75 83.84 83.85 83.65 83.66 83.65 83.68 83.70 83.73 83.75 83.77 83.70 83.65 83.71 83.67 83.60 83.57 83.57 83.57 83.58 83.61 83.60 83.65 83.63 83.60 83.55 83.54 83.53 83.56 83.58 83.58 83.58 83.59 83.61 83.67 83.75 83.75 83.81 83.85 83.84 83.77 83.74 83.72 83.70 83.69 83.68 83.67 83.68 83.70 83.73 83.93 84.29 84.35 84.22 84.18 84.10 84.19 84.09 84.06 84.16 84.03 83.96 83.94 83.93 83.99 83.92 83.96 84.09 83.98 84.06 83.91 83.86 83.92 83.84 83.77 83.75 83.78 83.77 83.82 83.80 83.74 83.68 83.69 83.76 83.77 83.68 83.66 83.65 83.63 83.61 83.60 83.63 83.61 83.61 83.62 83.63 83.64 83.66 83.64 83.76 83.62 83.64 83.67 83.71 83.81 83.86 83.68 83.68 83.74 83.73 83.79 83.70 83.63 83.64 83.64 83.63 83.62 83.66 83.74 83.76 83.76 83.78 83.80 83.76 83.81 83.80 83.79 83.74 83.67 83.63 83.68 83.65 83.72 83.68 83.62 83.62 83.64 83.86 83.76 83.83 83.73 83.93 83.92 84.03 84.01 84.03 83.96 83.95 83.98 83.97 83.92 83.99 84.05 84.04 84.04 84.02 83.92 83.98 84.09 83.95
83.47 83.47 83.48 83.49 83.50 83.44 83.44 83.42 83.41 83.42 83.42 83.41 83.41 83.41 83.41 83.41 83.40 83.40 83.40 83.40 83.40 83.40 83.41 83.41 83.40 83.41 83.40 83.39 83.38 83.37 83.37 83.36 83.36 83.35 83.35 83.35 83.35 83.34 83.34 83.34 83.34 83.34 83.34 83.34 83.34 83.34 83.34 83.34 83.34 83.34 83.35 83.35 83.36 83.37 83.37 83.38 83.39 83.39 83.40 83.40 83.40 83.41 83.41 83.41 83.42 83.42 83.43 83.43 83.43 83.43 83.43 83.44 83.44 83.45 83.45 83.46 83.46 83.46 83.48 83.49 83.48 83.48 83.48 83.48 83.47 83.49 83.48 83.48 83.48 83.48 83.48 83.49 83.51 83.50 83.49 83.47 83.47 83.48 83.52 83.52 83.50 83.47 83.47 83.47 83.46 83.46 83.45 83.44 83.44 83.43 83.43 83.43 83.42 83.42 83.42 83.41 83.41 83.41 83.40 83.40 83.40 83.40 83.40 83.41 83.41 83.41 83.40 83.40 83.40 83.39 83.39 83.39 83.39 83.38 83.38 83.37 83.36 83.36 83.35 83.35 83.35 83.35 83.35 83.35 83.35 83.35 83.35 83.35 83.35 83.35 83.36 83.37 83.37 83.38 83.39 83.39 83.40 83.41 83.40 83.39 83.39 83.40 83.40 83.40 83.39 83.40 83.40 83.40 83.41 83.41 83.41 83.42 83.42 83.43 83.43 83.44 83.44 83.44 83.45 83.46
