Mars Surface Radiation Result (absorbed dose in thin silicon slab) (1E-6 Gy/day).
Column 1 is East longitude (°)
Line 1 is North latitude (°)

-179  -177  -175  -173  -171  -169  -167  -165  -163  -161  -159  -157  -155  -153  -151  -149  -147  -145  -143  -141  -139  -137  -135  -133  -131  -129  -127  -125  -123  -121  -119  -117  -115  -113  -111  -109  -107  -105  -103  -101  -99  -97  -95  -93  -91  -89  -87  -85  -83  -81  -79  -77  -75  -73  -71  -69  -67  -65  -63  -61  -59  -57  -55  -53  -51  -49  -47  -45  -43  -41  -39  -37  -35  -33  -31  -29  -27  -25  -23  -21  -19  -17  -15  -13  -11  -9  -7  -5  -3  -1  1  3  5  7  9  11  13  15  17  19  21  23  25  27  29  31  33  35  37  39  41  43  45  47  49  51  53  55  57  59  61  63  65  67  69  71  73  75  77  79  81  83  85  87  89  91  93  95  97  99  101  103  105  107  109  111  113  115  117  119  121  123  125  127  129  131  133  135  137  139  141  143  145  147  149  151  153  155  157  159  161  163  165  167  169  171  173  175  177  179  
--------------------------------------------------------------------------------------------------
-89°N ||     70.16 70.20 70.24 70.25 70.25 70.25 70.25 70.26 70.30 70.33 70.47 70.52 70.50 70.55 70.73 70.82 70.86 70.93 70.94 70.84 70.78 70.92 70.94 70.90 70.85 70.83 70.77 70.79 70.87 70.84 70.92 71.02 70.97 70.91 71.00 70.93 70.84 70.78 70.71 70.66 70.62 70.55 70.49 70.47 70.45 70.45 70.44 70.45 70.44 70.42 70.40 70.39 70.36 70.35 70.35 70.35 70.28 70.25 70.23 70.22 70.20 70.18 70.18 70.14 70.16 70.19 70.20 70.10 70.05 70.06 70.00 69.98 69.98 69.98 69.95 69.92 69.91 69.89 69.88 69.88 69.87 69.88 69.88 69.86 69.88 69.88 69.88 69.87 69.86 69.87 69.88 69.91 69.93 69.94 69.94 69.95 69.94 69.96 69.97 69.98 69.96 69.95 69.94 69.94 69.95 69.96 69.97 69.98 69.99 69.99 70.01 69.99 69.96 69.98 70.02 70.05 70.04 70.04 70.05 70.07 70.08 70.10 70.11 70.13 70.16 70.19 70.20 70.22 70.25 70.26 70.28 70.29 70.30 70.31 70.32 70.35 70.36 70.36 70.36 70.36 70.32 70.32 70.30 70.26 70.28 70.27 70.27 70.24 70.21 70.19 70.18 70.17 70.16 70.13 70.11 70.09 70.08 70.07 70.06 70.07 70.07 70.07 70.06 70.05 70.05 70.05 70.05 70.06 70.06 70.07 70.07 70.09 70.08 70.09 70.09 70.12 70.13 70.15 70.15 70.17
-87°N ||     72.02 72.08 72.09 72.21 72.18 72.25 72.16 72.15 72.13 72.05 72.04 72.03 71.93 71.81 71.75 71.73 71.75 71.76 71.75 71.71 71.71 71.76 71.89 71.93 71.91 71.87 71.88 71.79 71.86 71.72 71.94 71.96 71.81 71.80 71.78 71.77 71.72 71.67 71.71 71.72 71.69 71.72 71.69 71.66 71.62 71.60 71.59 71.52 71.48 71.43 71.30 71.44 71.26 71.01 71.04 70.97 70.86 70.74 70.68 70.65 70.80 70.33 70.38 70.14 70.08 70.07 70.02 70.00 69.98 69.95 69.87 69.81 69.86 69.85 69.61 69.56 69.49 69.40 69.37 69.51 69.23 69.06 69.04 68.96 68.93 68.94 68.96 68.98 69.01 69.03 69.07 69.08 69.11 69.12 69.13 69.50 69.41 69.58 69.47 69.68 69.68 69.68 69.75 69.77 69.80 69.89 69.95 70.10 70.19 70.24 70.12 70.11 70.14 70.16 70.18 70.18 70.23 70.27 70.33 70.33 70.40 70.46 70.47 70.52 70.59 70.58 70.60 70.67 70.74 70.73 70.79 70.80 70.82 70.88 71.01 71.15 71.24 71.39 71.31 71.14 71.00 70.95 70.92 70.88 70.83 70.82 70.77 70.54 70.51 70.49 70.48 70.50 70.53 70.53 70.52 70.54 70.60 70.71 70.80 70.79 70.87 70.94 71.04 71.08 71.20 71.29 71.38 71.42 71.54 71.57 71.73 71.72 71.74 71.73 71.82 71.74 71.52 71.66 72.01 72.22
-85°N ||     71.48 71.48 71.48 71.48 71.50 71.49 71.51 71.56 71.56 71.56 71.56 71.57 71.58 71.64 71.57 71.51 71.51 71.62 71.61 71.61 71.62 71.64 71.67 71.69 71.68 71.68 71.73 71.83 71.89 72.04 72.36 72.39 72.37 72.37 72.41 72.24 72.42 72.30 72.26 72.23 72.45 72.70 72.64 72.66 72.45 72.41 72.31 72.21 72.13 72.04 72.08 71.97 71.95 71.92 72.15 72.22 71.95 71.79 71.84 72.20 72.04 71.18 71.04 71.07 71.19 71.28 71.13 71.22 71.21 70.83 70.93 70.81 70.53 70.46 70.51 70.27 70.57 70.81 71.06 70.72 70.55 70.48 70.53 70.53 70.62 70.48 70.41 70.28 70.27 70.38 70.28 70.31 70.42 70.41 70.42 70.42 70.43 70.49 70.54 70.65 70.63 70.74 71.02 71.30 71.22 71.19 71.17 71.19 71.16 71.22 71.31 71.37 71.42 71.50 71.29 71.35 71.46 71.48 71.40 71.31 71.30 71.33 71.37 71.47 71.57 71.66 71.66 71.60 71.60 71.55 71.51 71.48 71.45 71.46 71.50 71.61 72.17 73.26 73.64 73.39 72.77 72.47 72.34 72.37 71.91 71.68 71.58 71.47 71.52 71.58 71.46 71.48 71.53 71.66 71.83 71.89 71.93 71.96 71.94 71.94 71.93 71.76 71.61 71.55 71.52 71.62 71.68 71.74 71.86 72.04 71.81 71.86 71.81 71.74 71.68 71.66 71.64 71.64 71.53 71.49
-83°N ||     71.54 71.55 71.57 71.59 71.59 71.60 71.61 71.63 71.65 71.67 71.70 71.72 71.76 71.78 71.77 71.77 71.79 71.82 71.85 71.88 71.90 71.94 71.98 72.02 72.06 72.12 72.16 72.22 72.32 72.45 72.39 72.25 72.23 72.19 72.30 72.40 72.37 72.32 72.39 72.46 72.22 72.21 72.22 72.22 72.25 72.28 72.26 72.75 72.87 72.95 72.88 72.90 72.82 72.82 72.84 72.80 72.75 73.03 73.14 73.16 72.73 73.05 72.96 72.85 73.19 72.92 72.94 72.91 73.29 72.95 73.23 73.46 73.64 73.65 73.48 73.33 73.37 73.36 73.33 73.42 73.38 73.33 73.17 73.20 73.21 73.12 73.05 73.02 73.07 73.05 72.79 72.78 72.89 73.26 72.83 72.74 72.63 72.59 72.62 72.50 72.71 72.20 72.36 72.11 72.51 72.76 72.82 72.59 72.48 72.50 72.54 72.67 72.94 73.05 73.14 73.11 72.71 72.72 72.64 72.61 72.53 72.52 72.21 72.13 72.19 72.25 72.25 72.11 72.10 72.24 72.18 72.20 72.37 72.40 72.61 73.18 73.98 73.91 73.94 73.92 73.93 72.75 72.61 72.65 72.60 72.72 72.68 72.60 72.57 72.56 72.50 72.38 72.26 72.20 72.16 72.03 71.98 72.04 72.35 72.72 73.19 73.42 72.94 72.40 71.67 71.67 71.37 71.29 71.27 71.30 71.45 71.66 72.11 72.06 71.76 71.56 71.49 71.46 71.48 71.51
-81°N ||     71.85 71.92 71.93 72.07 71.82 71.89 71.93 71.98 72.03 72.09 72.15 72.23 72.39 72.43 72.22 72.22 72.27 72.33 72.37 72.40 72.43 72.48 72.50 72.54 72.57 72.62 72.69 72.73 72.76 72.79 72.84 73.01 72.98 73.01 73.13 73.08 72.86 72.90 72.87 72.90 73.08 72.92 72.60 72.65 72.48 72.35 72.42 72.60 72.66 72.57 72.73 72.65 72.88 73.72 73.41 73.60 73.87 73.40 73.87 73.80 73.49 73.61 73.68 73.65 73.68 73.65 73.71 73.72 73.63 73.54 73.64 73.48 73.29 73.31 73.33 73.36 73.31 73.32 73.28 73.30 73.71 73.20 73.03 72.99 72.96 72.98 72.96 72.97 72.93 72.92 72.90 72.92 72.81 72.63 72.43 72.14 71.51 70.86 71.65 71.79 72.26 72.59 72.54 72.67 72.98 73.19 73.33 73.56 73.52 73.40 73.17 73.48 73.61 73.75 73.75 73.83 73.86 73.94 73.91 73.90 73.88 73.92 73.86 73.79 73.77 73.81 73.41 73.44 73.51 73.59 73.66 73.89 73.96 74.06 74.11 74.09 74.07 73.44 72.62 72.42 72.36 72.30 72.26 72.42 72.49 72.50 72.43 72.58 72.66 72.75 72.89 72.98 73.08 72.85 72.97 73.21 73.38 73.05 72.91 72.95 73.42 73.18 72.86 72.85 72.99 72.93 73.35 72.69 71.91 71.62 71.67 71.82 71.94 72.15 72.44 71.78 71.89 71.89 71.70 71.76
-79°N ||     72.22 72.27 72.28 72.39 72.37 72.33 72.34 72.37 72.39 72.58 72.45 72.54 72.60 72.63 72.71 72.87 72.80 73.03 72.70 72.90 72.76 72.80 72.77 73.23 73.67 72.65 73.09 73.59 73.41 73.51 73.44 73.44 73.42 73.44 73.49 73.51 73.51 73.50 73.40 73.36 73.37 73.13 73.72 73.83 72.87 73.05 73.03 72.91 72.87 73.15 73.40 73.12 73.85 73.69 73.78 73.97 74.20 72.95 73.61 73.13 73.87 73.62 72.99 73.44 73.48 73.82 73.86 73.80 73.77 73.73 73.69 73.71 73.70 73.71 73.69 73.66 73.69 73.74 73.69 73.47 73.56 73.73 73.47 73.43 73.45 73.65 73.31 73.50 73.34 73.36 73.42 73.29 73.21 72.91 72.12 72.12 71.71 72.18 72.72 73.03 72.96 73.23 73.28 73.36 73.45 73.68 73.49 73.60 73.34 73.62 73.20 73.50 73.33 73.33 72.98 72.89 73.61 73.78 74.06 74.12 74.17 74.16 74.18 74.17 74.21 74.18 74.14 74.18 74.16 74.21 74.15 74.13 74.22 74.20 74.20 74.22 74.29 74.31 74.24 74.24 74.24 74.28 73.95 73.54 73.73 73.15 72.65 72.64 72.63 72.54 72.61 72.72 73.13 74.27 74.12 73.22 73.02 73.58 72.39 72.41 73.03 72.47 72.17 72.04 71.97 72.08 71.92 72.30 72.03 71.99 72.01 72.06 72.19 71.88 71.79 71.91 72.01 72.12 72.12 72.14
-77°N ||     73.05 72.77 72.70 72.67 72.58 72.85 72.80 73.15 73.10 73.15 73.14 73.17 73.50 73.30 73.25 73.32 73.43 73.44 73.53 73.36 73.28 73.33 73.28 73.38 73.31 73.44 73.64 73.73 73.58 73.68 73.65 73.67 73.67 73.66 73.66 73.68 73.64 73.67 73.65 73.65 73.63 73.65 73.57 73.43 73.36 73.14 72.63 73.31 72.54 72.80 73.57 73.39 73.25 72.76 72.94 73.15 73.32 73.27 73.42 73.40 73.69 73.86 73.68 73.75 73.95 73.99 73.98 74.02 74.02 73.98 73.94 73.92 73.87 73.89 73.86 73.86 73.84 73.75 73.55 73.56 73.50 73.37 73.31 73.17 73.39 73.57 73.44 73.48 73.29 73.40 73.41 73.35 73.00 72.83 72.70 72.54 72.07 71.69 72.82 73.92 74.28 74.43 74.43 73.32 73.59 73.47 73.50 73.66 73.39 73.71 73.45 73.40 73.34 73.75 74.11 73.93 73.40 73.27 72.87 72.65 72.55 72.18 72.05 72.58 73.17 73.64 73.95 73.93 73.85 73.65 73.10 73.71 73.88 73.23 73.79 73.99 74.28 74.18 73.93 73.81 73.50 73.54 73.32 73.76 74.34 74.28 74.11 73.98 73.29 73.33 73.41 72.65 73.33 73.65 73.65 72.81 72.44 72.51 72.28 72.31 72.40 72.24 72.24 72.49 72.37 72.32 72.44 72.53 72.56 72.53 72.43 72.52 72.75 72.42 72.44 72.49 72.69 72.85 72.94 72.76
-75°N ||     73.31 73.41 73.18 73.32 73.13 73.11 73.22 73.89 73.45 73.38 74.32 74.61 73.62 73.75 73.75 73.85 73.64 73.74 73.73 73.54 73.54 73.77 73.78 73.93 73.78 73.85 73.89 73.91 73.88 73.84 73.84 73.82 73.85 73.80 73.36 73.73 73.74 73.73 73.70 73.70 73.64 73.59 73.59 73.60 73.65 73.71 73.63 73.53 73.34 73.22 73.32 72.80 72.68 73.06 73.59 73.69 73.63 73.96 74.11 74.15 74.19 74.17 74.12 74.08 74.06 74.06 74.04 73.85 74.03 73.92 73.79 73.63 73.60 73.43 73.38 73.46 73.39 73.58 73.42 73.44 73.50 73.55 73.64 73.46 73.78 73.55 73.55 73.71 73.55 73.54 73.45 73.15 73.03 73.33 73.47 73.50 73.52 73.54 73.60 73.48 73.32 73.42 73.42 73.37 73.67 73.74 73.74 73.58 73.56 73.44 73.35 73.17 72.72 72.91 73.05 72.53 72.93 72.80 72.58 72.75 72.51 72.46 73.17 73.47 73.28 73.18 74.27 72.89 73.10 73.11 73.24 73.71 73.62 73.51 73.44 73.24 73.54 72.57 72.20 71.78 71.72 72.38 74.54 74.38 74.47 73.31 73.94 73.32 74.06 74.37 74.24 74.18 74.11 74.14 74.23 73.13 72.06 71.99 71.98 71.99 71.96 72.12 72.78 72.66 72.85 72.24 72.30 72.49 72.57 72.56 72.64 72.65 72.70 72.94 72.95 73.02 73.14 73.08 73.13 73.18
-73°N ||     74.40 73.33 73.96 73.94 73.83 73.53 74.23 73.94 73.98 73.96 73.56 73.24 74.14 73.50 73.77 73.95 73.90 73.89 73.82 73.70 73.54 73.19 74.19 72.99 73.23 74.06 73.81 73.79 73.81 73.86 73.88 73.87 73.95 73.60 73.53 73.21 73.43 73.80 73.68 73.74 73.73 73.76 73.67 73.72 73.76 73.75 73.76 73.51 74.05 74.89 74.88 75.01 74.98 73.53 74.05 74.07 74.24 74.29 74.32 74.35 74.36 74.33 74.27 74.19 74.23 73.87 74.02 74.21 74.23 74.24 74.18 73.92 73.71 73.83 73.70 73.59 73.52 73.65 73.85 73.49 73.51 73.52 73.57 73.89 73.73 73.97 74.10 74.06 73.95 74.00 73.67 73.64 73.29 73.66 73.64 73.75 73.92 73.95 73.94 73.92 73.96 73.96 74.04 74.00 73.92 73.86 73.99 73.54 73.46 73.31 72.87 72.52 72.76 73.20 73.62 73.34 73.54 73.43 73.53 73.18 73.33 72.95 72.75 72.66 72.97 72.93 73.28 73.32 73.61 73.57 73.53 73.64 73.68 73.79 73.88 73.90 73.88 74.00 73.66 73.30 73.71 72.37 72.56 73.19 73.28 73.32 73.40 73.63 74.25 73.99 73.79 72.95 73.73 74.18 74.45 74.56 73.98 72.97 72.10 72.52 72.27 72.58 73.08 73.16 72.47 72.76 73.20 73.35 73.19 73.57 74.34 74.10 73.72 73.59 73.60 73.53 73.69 73.49 73.53 74.30
-71°N ||     74.26 74.31 74.41 74.47 74.54 74.69 74.82 74.74 74.76 74.78 74.78 74.14 73.49 73.16 72.50 72.52 73.21 73.38 74.42 73.62 73.68 73.50 73.28 73.36 75.08 73.94 73.94 73.96 73.85 73.63 73.71 73.60 73.59 73.78 73.70 73.66 73.58 73.89 73.72 73.74 73.87 73.70 73.85 73.75 73.79 73.82 73.53 73.34 73.39 74.27 74.92 74.79 75.11 73.35 74.20 74.34 74.39 74.46 74.39 74.42 74.48 74.17 74.05 74.17 74.29 74.37 74.43 74.26 74.28 73.43 73.71 73.91 73.77 73.94 73.65 73.83 73.67 73.21 73.01 72.87 72.77 73.75 73.73 73.73 73.92 73.94 74.08 73.90 74.15 74.01 74.48 74.38 74.00 74.09 74.08 73.91 73.83 73.22 73.82 74.10 74.24 73.97 74.02 74.03 74.01 74.06 73.71 72.83 73.12 73.45 73.50 73.61 73.62 73.79 73.81 73.72 73.97 73.79 73.91 74.00 73.92 74.12 74.15 73.95 74.10 73.77 73.18 73.42 74.58 74.57 73.63 73.81 73.60 72.44 73.27 73.48 73.59 73.14 72.83 73.17 73.54 73.00 73.84 73.99 74.25 74.28 74.23 73.94 73.93 74.10 74.38 74.28 74.51 74.32 75.02 75.19 75.12 74.82 74.47 74.24 74.47 74.30 74.09 74.42 74.60 74.54 74.52 74.36 74.21 74.66 74.27 74.55 74.44 74.47 73.95 73.94 73.99 74.08 73.71 74.21
-69°N ||     73.70 73.78 74.12 74.36 73.94 75.26 75.10 74.78 74.92 74.89 74.84 74.65 74.07 74.16 73.74 73.92 72.81 73.00 73.39 73.86 74.21 73.98 73.69 73.58 73.46 74.11 73.88 74.03 73.64 74.21 73.28 73.36 73.26 73.54 73.58 73.67 73.94 73.96 74.05 74.05 74.11 74.04 74.01 74.07 74.07 74.62 73.86 74.15 74.16 74.13 74.18 74.31 74.31 74.42 74.43 74.38 74.41 74.44 74.24 74.24 74.06 74.42 74.39 74.53 74.40 74.19 73.63 73.67 73.74 73.75 73.70 73.83 73.82 74.03 74.14 74.34 74.17 73.62 73.10 73.38 73.53 73.99 73.99 73.60 73.58 73.37 73.45 73.40 73.67 73.95 73.97 74.11 73.22 74.15 74.22 74.14 74.28 74.28 74.26 74.31 74.26 74.22 74.28 74.21 73.99 73.69 72.99 74.09 74.27 74.15 73.98 73.80 73.89 73.77 73.90 73.43 73.38 73.92 74.30 74.49 74.66 74.53 74.57 74.65 74.64 74.56 74.22 73.84 73.58 73.59 74.04 73.92 73.89 73.86 74.72 73.64 72.44 72.82 72.94 73.08 73.29 73.28 72.90 73.02 73.54 73.99 74.10 73.84 74.29 74.37 74.37 74.45 73.98 72.28 74.35 75.05 74.90 72.87 75.06 74.97 74.91 74.70 74.63 74.56 74.32 74.06 73.82 73.89 73.16 72.89 73.85 74.42 74.37 74.18 74.03 73.87 73.77 73.67 73.88 73.86
-67°N ||     75.10 73.67 73.41 74.14 74.16 74.25 74.28 74.84 74.83 74.93 74.98 74.98 74.84 74.72 74.38 74.10 73.79 73.34 73.25 72.96 72.95 72.67 73.01 73.04 73.42 73.38 73.26 73.16 73.66 72.90 72.90 72.93 73.49 74.95 73.40 73.64 73.66 74.39 74.04 74.06 74.15 74.14 74.10 74.11 74.12 74.17 74.12 74.23 74.23 74.18 74.21 74.30 74.33 74.33 74.25 74.40 74.55 74.43 74.50 74.41 73.88 74.25 74.48 74.48 74.23 74.02 75.64 75.64 75.23 73.79 73.94 73.99 74.06 74.26 74.42 74.06 73.73 73.20 73.27 72.98 73.30 73.33 73.70 73.65 73.97 73.87 74.00 74.02 74.01 74.01 74.06 74.22 74.15 74.29 74.24 74.35 74.24 74.20 74.21 74.04 74.05 73.37 73.16 73.20 72.86 73.39 74.62 75.06 75.01 74.62 74.51 74.10 74.13 73.79 73.94 73.84 74.21 74.34 74.60 74.64 74.62 74.61 74.67 74.67 74.60 74.82 74.81 74.94 74.96 74.53 73.83 73.20 73.79 73.99 73.26 73.10 72.99 72.59 73.15 72.38 72.64 73.04 73.06 73.96 73.69 73.62 73.12 73.45 73.89 74.21 74.49 74.60 74.34 74.51 74.63 74.67 74.70 74.66 74.39 74.56 74.52 74.58 74.40 74.19 74.44 74.39 74.39 74.37 74.31 73.89 74.49 74.26 74.19 73.99 73.53 74.10 73.44 73.42 73.48 73.95
-65°N ||     73.86 73.45 73.12 73.56 73.60 74.46 74.54 74.92 74.84 74.90 74.88 74.99 75.00 75.00 74.92 74.76 74.63 74.57 74.49 74.18 73.68 73.54 73.62 73.39 73.76 73.68 73.33 74.06 73.92 73.36 73.13 73.44 73.21 73.47 73.66 73.79 73.82 73.89 73.91 74.12 74.14 74.24 74.26 74.26 74.34 74.37 74.33 74.32 74.34 74.32 74.21 74.11 74.03 74.14 74.28 74.41 74.41 74.42 74.29 73.42 74.45 74.58 74.74 74.91 74.28 74.58 74.58 74.60 74.08 74.02 74.24 74.13 74.22 74.36 74.57 74.46 74.00 73.83 73.45 73.13 73.16 73.48 74.32 73.82 74.00 74.04 74.04 73.97 73.72 74.10 74.11 74.15 74.11 74.28 74.09 74.31 74.55 74.40 74.14 74.22 73.98 74.01 73.88 73.77 73.38 73.69 73.53 73.78 73.88 73.75 73.71 73.57 73.68 74.21 74.49 74.94 74.90 74.74 74.58 74.49 74.50 74.67 74.82 74.79 74.91 74.87 74.84 74.90 74.90 75.00 74.09 74.04 74.00 73.89 75.25 73.42 73.37 73.49 73.95 72.81 72.78 72.80 73.30 73.34 73.39 72.96 72.80 74.02 73.73 73.42 74.26 74.14 74.03 74.53 74.49 73.02 73.65 73.85 74.43 74.14 73.53 73.70 74.45 74.09 74.33 74.60 74.45 74.53 74.48 74.43 74.08 73.98 73.80 73.16 74.14 74.37 73.95 73.78 73.38 73.27
-63°N ||     73.88 73.85 74.22 73.55 73.25 73.72 74.28 74.37 74.63 74.56 74.82 74.67 75.01 74.88 74.90 74.78 74.85 74.89 74.82 74.36 73.83 73.80 73.51 73.63 73.53 73.68 73.69 73.49 73.43 73.51 73.44 73.59 73.84 73.85 73.81 73.57 73.37 73.73 74.14 73.85 74.30 73.97 73.76 74.17 74.21 74.16 73.96 74.27 74.18 74.15 73.93 73.98 74.24 74.65 74.34 73.64 74.09 74.68 74.53 74.57 74.51 74.49 74.63 74.84 75.17 74.95 74.26 75.00 74.13 74.66 74.42 74.23 74.28 74.16 74.27 74.77 74.92 74.83 74.76 74.39 74.20 73.82 73.92 73.91 73.94 73.99 74.13 74.14 74.15 74.11 74.10 74.12 74.24 74.17 74.23 74.04 74.19 74.26 74.09 74.35 74.38 74.09 74.16 74.35 74.20 73.93 73.73 73.47 73.50 73.25 73.75 73.88 74.22 74.77 75.14 75.19 75.21 75.00 74.82 74.74 74.70 74.66 74.72 74.77 74.98 75.05 74.96 74.93 74.96 75.00 74.83 74.28 74.17 74.45 74.05 73.58 73.30 73.50 73.34 72.50 74.36 73.12 73.76 73.65 73.63 73.30 73.13 72.93 72.65 73.09 73.52 73.93 73.73 73.81 74.16 74.51 74.75 74.77 74.50 74.39 73.88 73.97 74.19 74.18 74.05 73.14 73.07 73.46 73.99 74.28 74.41 74.48 74.28 74.55 74.51 73.56 74.04 74.15 74.08 74.30
-61°N ||     74.67 73.64 73.22 73.87 74.21 74.41 74.39 73.68 73.80 74.03 73.55 73.82 74.40 73.81 75.49 73.91 74.33 74.27 74.81 74.52 74.43 74.39 74.41 73.75 73.55 73.34 74.41 74.10 73.51 73.63 74.12 74.44 74.47 74.35 74.32 74.01 73.63 73.84 73.76 73.73 74.19 73.43 73.89 74.22 73.91 72.86 74.44 74.60 74.64 74.56 74.53 74.67 74.64 74.29 73.84 74.84 74.84 74.61 74.83 74.81 74.73 74.56 74.68 74.76 75.02 75.34 75.09 74.50 75.19 75.21 75.04 74.76 73.87 74.66 74.87 74.39 74.36 74.47 74.34 74.06 73.15 73.18 73.93 74.21 73.97 73.90 73.77 74.08 74.22 74.20 74.27 74.19 74.21 74.39 74.30 74.36 74.32 74.14 74.28 74.39 74.46 74.32 74.24 74.22 73.63 74.22 74.11 74.13 74.14 74.24 74.35 74.41 74.51 74.69 74.94 74.99 74.54 74.47 74.52 74.28 75.49 74.98 74.37 74.62 74.82 74.90 75.08 75.16 74.88 75.13 75.44 75.22 72.97 75.05 74.91 74.70 73.53 73.76 73.75 74.19 73.35 73.25 73.17 73.28 73.36 73.25 73.25 72.99 73.24 73.14 73.41 73.38 73.45 73.57 73.61 74.66 75.21 75.13 75.12 74.99 74.82 74.58 74.37 74.14 74.08 73.71 73.27 73.53 73.65 72.58 73.43 74.21 74.35 74.06 72.97 73.36 73.58 74.51 74.54 74.50
-59°N ||     74.80 74.29 74.08 74.39 74.43 74.24 72.89 73.66 73.89 73.63 74.17 73.66 73.91 73.03 74.11 74.52 74.25 74.39 74.08 74.38 74.55 74.58 74.28 74.13 73.25 73.70 73.91 73.97 74.39 73.69 73.92 74.60 74.69 74.38 74.65 74.42 73.89 73.35 73.19 73.36 73.68 74.29 74.60 74.57 74.49 74.13 74.65 74.78 74.95 74.92 74.93 74.93 74.97 74.99 74.71 74.52 74.64 74.45 74.77 74.89 74.57 74.25 75.07 74.90 74.20 75.36 74.22 74.90 75.20 73.71 74.09 74.90 75.54 74.64 75.17 74.52 74.57 74.27 74.04 74.08 73.49 73.62 73.97 73.73 73.79 74.24 74.07 74.03 74.44 73.18 74.13 74.38 74.46 74.35 74.78 74.18 74.09 74.13 75.08 74.06 73.97 74.40 74.24 74.26 74.32 74.37 74.33 74.25 74.21 74.53 74.60 74.78 74.84 74.84 74.67 74.30 74.34 74.45 74.07 73.60 73.65 73.69 74.42 74.83 75.20 75.31 75.39 75.32 75.41 75.60 75.37 75.35 75.09 74.93 75.02 74.78 74.28 73.13 72.57 72.92 74.99 74.82 72.66 72.69 74.14 73.05 73.18 72.47 73.15 73.55 73.00 73.07 73.64 74.32 74.61 74.80 74.97 74.91 75.02 75.01 74.99 74.93 74.82 74.67 74.25 73.92 73.56 73.48 73.71 73.48 74.52 72.80 73.63 73.85 73.52 74.21 74.44 74.24 74.52 74.66
-57°N ||     74.66 74.70 74.86 75.12 74.71 73.39 73.85 73.69 73.23 73.31 73.44 75.08 73.38 73.52 73.10 73.19 73.92 74.41 73.95 73.82 75.01 73.88 73.92 73.90 73.10 73.81 74.08 74.05 74.00 73.14 72.57 74.66 74.44 74.54 74.52 74.24 74.38 73.81 73.60 73.67 73.46 74.07 74.30 74.44 74.53 74.24 73.76 73.67 74.54 74.99 75.01 75.06 74.91 74.89 74.67 74.00 73.81 73.83 73.54 73.37 74.06 75.47 74.45 73.81 75.31 75.65 75.50 74.52 77.09 72.40 75.90 74.52 74.01 74.72 74.32 75.22 75.46 75.18 74.87 75.56 75.60 74.77 74.07 74.16 74.40 74.13 74.19 73.94 73.89 74.23 74.32 74.41 74.11 73.79 73.81 73.75 73.77 73.88 74.31 73.87 73.58 73.74 73.72 73.78 73.74 74.37 74.40 74.56 74.70 74.81 74.92 75.03 75.14 75.21 75.09 74.82 74.93 74.93 75.07 74.79 74.69 74.89 75.30 75.61 75.84 75.83 75.86 75.84 75.85 76.32 75.60 75.49 75.30 75.51 75.41 75.33 75.28 74.83 72.94 74.11 75.04 75.34 73.25 73.48 74.07 73.88 73.48 73.22 73.17 73.55 74.03 74.21 74.35 74.09 74.54 74.32 74.80 74.25 73.38 73.64 74.86 74.98 74.92 74.64 74.22 73.92 73.63 73.61 73.72 73.62 73.28 73.13 73.66 73.75 74.71 73.66 73.65 73.76 74.08 74.59
-55°N ||     74.77 74.80 74.92 74.99 74.42 74.37 74.29 73.85 73.66 74.21 74.17 74.06 73.87 73.98 73.60 73.86 74.40 74.32 74.33 74.28 73.72 72.96 72.96 75.01 72.91 73.88 74.24 74.24 74.21 73.91 73.66 74.58 74.56 74.44 74.61 74.26 73.99 73.70 73.29 73.18 73.30 73.17 73.09 73.32 74.15 73.81 73.62 73.99 74.55 74.79 75.02 75.04 75.06 74.60 74.19 73.19 73.58 73.07 73.40 75.18 73.95 75.66 75.86 75.29 74.07 77.75 77.72 78.04 77.63 77.68 77.74 76.36 73.73 74.33 75.48 74.76 74.55 75.29 75.15 75.08 74.59 74.30 74.45 74.43 74.34 74.18 74.20 73.94 74.07 73.76 74.05 74.26 74.51 74.18 74.28 74.69 75.36 74.30 74.26 74.36 74.33 74.24 73.60 73.76 73.57 73.83 74.59 74.67 74.87 75.03 75.16 75.25 75.42 75.57 75.55 75.71 75.82 75.95 76.01 76.51 77.13 77.40 77.56 77.77 78.06 77.54 77.09 77.03 78.05 76.50 75.97 75.85 75.69 75.43 75.62 75.54 74.12 74.97 74.84 74.51 74.33 74.15 74.29 74.35 73.13 73.63 73.78 73.76 74.14 74.44 74.77 74.77 75.47 75.08 74.35 74.55 74.75 73.36 73.56 74.99 74.72 74.52 74.34 74.39 73.99 73.85 74.03 74.24 74.50 74.27 74.25 73.57 74.35 73.94 73.69 73.76 74.01 74.43 74.46 74.70
-53°N ||     74.86 74.48 74.57 75.15 75.35 73.80 74.62 74.74 74.72 74.51 74.65 74.14 73.90 74.30 74.28 74.27 73.97 74.37 74.28 74.38 74.25 73.52 73.14 74.38 73.90 74.20 75.21 74.14 74.34 74.13 74.47 74.35 74.36 74.57 74.45 74.43 74.38 73.51 73.18 73.18 73.06 73.21 73.74 73.95 74.19 74.33 74.47 74.39 75.16 75.73 74.02 74.12 74.44 74.18 74.30 74.81 74.60 73.79 73.66 74.65 74.04 75.78 75.89 76.05 78.77 78.29 77.77 77.78 77.86 77.93 77.92 77.57 76.46 75.85 75.00 74.85 75.14 75.44 74.76 74.99 75.17 75.02 74.90 74.72 74.48 75.30 74.62 74.23 74.40 74.46 74.15 74.08 73.94 74.44 73.86 73.70 74.08 74.19 74.31 74.17 74.33 74.42 73.91 73.06 74.46 74.20 74.39 74.70 74.80 74.86 75.26 75.40 75.65 75.86 75.98 76.32 77.20 77.60 78.61 79.75 80.60 81.19 81.42 81.53 81.59 81.00 80.77 80.89 80.95 80.84 79.44 76.53 76.59 77.27 75.57 75.81 75.85 75.57 74.55 74.57 74.75 74.27 74.38 73.98 74.17 74.87 74.06 74.06 74.17 73.89 74.20 74.60 74.97 75.15 75.64 74.86 74.73 73.14 75.07 74.69 74.85 74.89 74.90 74.56 74.29 74.25 73.89 74.30 73.63 74.28 74.52 73.80 73.14 73.14 73.80 74.44 74.50 74.59 74.81 74.86
-51°N ||     74.80 74.65 74.31 74.42 75.00 74.84 74.73 73.91 74.92 74.45 74.09 74.39 74.23 74.49 74.32 74.21 74.31 73.58 74.16 74.25 74.03 73.64 73.13 72.93 72.55 73.96 73.57 74.00 74.32 74.32 74.18 74.40 74.09 73.94 74.21 73.90 73.95 73.80 73.52 72.69 72.67 72.47 72.90 74.05 74.25 74.43 74.51 74.09 75.27 75.61 73.99 74.02 73.47 73.13 74.23 75.20 75.35 75.30 74.38 73.71 73.64 73.84 75.95 77.55 78.27 77.60 77.98 77.82 77.82 77.82 77.84 77.93 76.45 76.58 77.09 78.16 75.14 75.23 74.89 74.94 75.10 75.02 74.63 74.44 74.19 74.73 73.96 74.13 74.41 74.39 74.36 74.43 74.55 74.63 74.34 73.92 74.08 74.19 74.28 73.86 74.47 74.14 73.77 74.26 74.11 74.29 74.62 74.88 75.08 75.08 75.56 75.68 75.73 76.16 76.68 77.69 78.67 79.85 80.88 81.81 82.04 82.30 82.35 82.04 82.34 82.37 82.37 82.37 82.33 82.26 82.37 82.14 78.78 78.77 77.19 76.01 75.33 74.11 73.19 75.03 74.71 74.06 75.06 73.97 73.37 73.66 74.10 74.74 74.49 74.57 74.94 74.96 74.85 74.75 74.11 74.76 74.80 74.92 74.83 74.85 74.79 74.28 74.45 74.84 74.79 74.57 74.02 74.80 74.40 74.76 74.37 73.93 74.39 73.74 73.86 74.19 74.32 74.56 74.64 74.78
-49°N ||     73.92 74.20 74.06 74.48 75.20 75.37 75.49 74.74 74.77 73.74 74.26 73.81 73.77 73.62 73.96 73.75 73.67 73.72 72.90 73.18 73.56 73.87 73.03 72.86 73.59 73.34 73.74 74.34 74.30 74.29 74.09 74.35 73.99 72.64 72.65 72.82 73.19 73.19 73.27 72.73 72.53 72.61 72.80 73.76 74.13 74.33 74.35 74.33 74.25 74.13 73.94 73.60 73.06 72.81 73.11 73.59 74.69 74.75 74.03 73.78 75.49 75.72 75.87 76.24 77.68 78.54 77.89 77.96 77.83 78.20 78.26 77.59 76.96 75.34 75.93 74.88 74.90 75.24 74.83 74.97 74.99 74.94 74.70 74.36 74.37 73.93 74.10 75.43 74.81 74.43 74.19 74.40 74.97 74.98 74.47 74.16 73.54 74.63 73.94 73.93 73.89 73.88 74.17 74.53 74.60 74.22 74.14 74.91 75.08 75.35 75.01 75.52 76.08 77.01 78.60 79.87 80.89 81.46 82.05 82.26 82.33 82.04 82.32 82.31 82.11 82.38 82.39 82.37 82.39 82.39 82.39 82.35 82.37 82.07 80.23 78.58 75.90 75.26 75.57 75.16 75.41 74.84 73.85 74.44 74.59 73.52 74.31 74.07 74.64 74.78 74.07 74.59 74.58 74.54 74.41 74.84 74.65 74.44 74.06 74.07 72.67 73.61 74.47 74.28 73.93 74.51 74.91 75.17 74.56 75.17 75.08 74.81 74.76 74.26 73.79 73.31 73.53 73.78 74.18 74.35
-47°N ||     73.73 74.27 74.01 73.95 74.64 75.17 74.52 74.01 74.57 74.15 73.85 73.99 72.88 74.36 73.11 73.38 72.45 72.72 73.57 73.33 73.87 73.19 73.60 73.95 73.90 74.32 73.68 74.06 74.26 74.23 74.24 74.24 74.32 73.46 73.25 73.41 73.73 73.79 73.79 73.48 73.01 72.87 73.27 73.39 73.24 73.93 73.95 74.05 73.82 73.86 73.49 73.30 72.88 72.87 72.77 73.14 73.49 73.42 73.99 74.44 73.37 75.20 74.80 75.82 75.75 78.02 78.48 78.40 78.24 78.45 78.33 77.85 77.35 75.50 75.75 75.70 74.93 74.88 74.68 74.14 74.85 74.63 74.55 74.52 74.18 74.25 73.99 74.27 74.61 74.49 74.60 74.62 75.12 74.60 74.37 73.60 73.96 73.81 74.15 74.74 73.95 73.53 73.79 74.14 75.00 75.01 74.58 74.88 75.27 75.18 75.01 75.30 75.87 76.52 80.77 82.17 82.34 82.18 81.70 82.36 82.29 82.32 82.27 82.30 82.38 82.29 82.19 82.35 82.39 82.38 82.38 82.33 82.35 82.32 82.01 80.86 79.10 76.53 75.79 75.59 75.52 75.44 74.94 74.48 75.05 75.01 74.44 74.85 74.79 74.79 74.80 74.19 74.00 74.42 73.99 74.32 74.38 73.75 73.33 74.10 74.87 74.99 74.03 73.90 74.42 74.96 74.81 74.99 75.17 75.08 75.03 74.97 74.11 74.12 73.81 74.39 74.05 73.87 74.28 74.14
-45°N ||     74.33 74.40 74.24 74.30 74.56 74.52 74.64 74.68 74.80 73.98 73.71 74.32 73.77 73.55 73.64 73.65 74.62 73.56 73.98 74.11 73.86 74.16 74.75 73.75 74.14 74.39 74.21 74.07 74.08 74.03 73.89 74.00 73.93 73.71 73.73 73.69 73.72 73.76 73.89 73.91 73.55 73.45 73.65 73.55 73.51 73.74 73.75 73.52 73.32 73.11 73.01 72.99 72.92 72.36 72.14 73.37 73.82 73.95 74.34 74.60 74.90 74.84 75.21 75.34 75.38 76.69 77.56 79.99 79.61 78.86 78.58 78.15 76.36 75.92 75.65 75.84 74.78 74.74 74.72 75.56 74.39 74.62 74.34 74.30 74.23 74.13 74.13 74.65 74.64 74.55 74.43 74.53 74.74 74.52 74.31 74.40 74.02 74.05 74.00 74.75 73.08 73.81 74.02 74.08 74.72 74.05 74.67 74.89 75.09 75.10 75.19 75.09 75.90 78.31 82.19 82.28 81.86 81.70 82.20 82.05 82.16 82.00 82.03 82.06 82.13 82.02 81.75 82.17 82.33 82.28 82.38 82.36 82.37 82.33 81.99 81.69 80.09 77.45 76.00 75.75 75.51 75.65 73.60 75.03 75.07 74.79 74.94 74.66 74.46 74.85 74.50 74.27 74.55 74.28 74.37 74.01 73.76 73.86 73.26 72.42 73.77 73.56 74.14 75.00 75.10 75.00 74.47 75.13 74.61 74.69 74.98 74.88 74.13 74.17 74.19 73.29 73.35 74.02 74.23 74.13
-43°N ||     74.87 74.07 74.99 74.59 74.86 74.53 74.65 74.61 74.38 74.12 73.73 73.81 73.61 73.39 73.77 73.80 74.21 74.28 74.14 74.11 73.56 73.82 74.04 74.05 73.73 74.11 74.22 74.22 73.50 73.83 73.68 73.97 74.02 73.50 73.64 73.63 73.67 73.80 74.01 74.12 73.49 73.23 72.12 72.20 73.11 73.55 73.39 73.13 73.16 72.85 72.72 72.72 72.59 72.68 72.71 73.53 73.62 73.75 73.88 74.27 74.24 74.33 74.77 74.25 75.64 75.51 76.13 76.36 76.72 76.97 76.57 76.53 75.67 75.93 75.76 74.92 74.83 75.02 74.90 75.01 74.79 75.94 74.34 74.56 74.40 74.40 74.25 74.70 74.67 74.42 74.33 74.51 74.57 74.49 74.46 74.20 74.40 74.18 74.51 74.01 73.93 74.04 73.86 73.40 73.46 73.83 74.57 75.26 74.78 74.98 75.07 75.16 76.26 80.60 82.31 82.16 82.17 82.34 82.21 81.88 82.07 82.13 82.29 82.02 82.11 82.25 82.31 82.31 82.30 82.38 82.32 82.35 82.31 82.11 81.12 81.00 80.11 78.17 76.20 76.00 75.77 75.84 75.53 75.47 75.28 75.13 74.93 74.75 74.76 75.33 74.99 74.84 74.78 74.42 74.37 74.05 73.72 73.71 73.80 73.82 73.56 73.66 74.40 75.15 75.30 75.26 75.08 74.98 74.62 74.83 74.81 74.94 73.52 74.38 74.42 75.10 74.05 74.32 74.63 74.58
-41°N ||     75.03 74.95 74.98 75.29 75.12 74.46 74.57 74.46 75.03 75.36 75.91 75.72 74.64 73.86 74.16 74.01 73.53 73.83 73.48 73.89 73.50 74.10 74.05 74.04 73.83 72.91 73.51 73.71 73.96 73.46 73.33 73.63 73.43 73.45 73.20 73.53 73.62 73.82 73.88 71.60 71.26 71.08 69.11 68.83 68.91 71.45 71.44 71.45 72.31 72.70 72.36 72.77 72.48 72.66 72.61 72.66 72.76 73.32 74.22 74.06 73.66 73.01 74.47 75.04 74.99 75.51 75.47 75.75 76.14 76.24 76.20 75.69 75.92 75.31 75.37 75.37 75.20 76.08 75.15 74.74 74.96 74.85 74.52 74.53 74.35 74.36 74.47 74.78 74.78 74.64 74.39 74.59 74.33 74.38 74.49 73.98 73.81 74.33 74.29 74.16 73.80 73.87 73.34 73.06 74.73 73.99 74.39 74.91 74.92 74.94 75.13 75.35 76.17 80.68 82.07 82.15 82.02 82.37 82.05 82.04 82.00 82.18 81.92 81.76 82.20 82.28 82.27 82.29 82.37 82.32 82.37 82.36 81.94 81.37 81.00 80.62 79.50 77.84 76.83 76.05 76.50 75.32 75.14 75.38 74.41 74.59 74.95 75.05 75.10 75.05 74.96 74.94 74.96 74.37 74.23 74.17 73.90 74.32 74.29 74.05 73.96 73.90 74.54 74.91 75.03 74.92 75.00 74.92 74.18 74.64 74.65 73.87 73.76 74.53 74.44 74.50 74.58 74.79 74.96 74.64
-39°N ||     74.88 75.01 74.74 74.38 75.18 74.33 74.81 74.69 73.96 74.39 75.50 75.51 74.22 73.88 74.51 74.21 74.47 73.97 74.23 74.31 74.47 73.70 74.49 74.49 74.21 74.22 73.99 73.70 73.86 73.74 73.61 71.57 72.78 73.24 73.25 73.45 73.61 73.59 72.81 72.68 72.04 70.63 70.27 70.36 70.77 70.91 70.79 71.07 70.41 71.62 72.41 72.43 72.45 72.55 72.71 72.73 72.98 73.33 73.41 73.93 73.93 74.07 73.56 73.79 74.55 73.92 75.07 75.98 75.83 75.84 75.83 75.82 75.46 75.31 75.44 75.34 75.27 75.10 74.97 74.99 74.94 74.95 74.80 74.63 74.60 74.36 74.72 74.96 74.66 74.60 74.83 74.88 74.80 74.37 74.54 74.21 74.22 74.17 74.14 74.54 73.88 74.05 73.66 73.78 73.68 73.62 74.36 74.78 74.99 75.01 75.00 75.54 76.29 79.05 82.05 82.07 81.70 81.85 82.32 82.08 81.80 81.98 81.82 81.76 82.09 82.25 82.09 82.26 82.21 82.37 82.38 82.15 81.55 81.11 80.35 79.81 79.36 78.63 76.69 75.73 75.60 75.07 75.08 74.98 74.98 75.17 75.31 75.13 74.43 75.00 75.05 75.13 74.92 74.76 74.41 74.66 74.41 74.11 74.68 74.53 74.22 74.07 74.09 74.31 74.66 74.78 75.15 74.99 74.71 74.66 74.80 74.61 74.93 74.83 74.85 74.57 74.70 74.92 75.06 75.17
-37°N ||     75.18 75.01 75.02 74.68 75.58 75.35 75.00 74.23 73.70 73.02 72.70 73.72 73.60 74.49 74.86 74.83 74.83 74.82 74.66 74.57 74.55 74.53 74.19 74.41 74.08 73.70 73.80 73.31 73.20 73.76 73.65 72.70 72.87 72.21 72.99 72.03 72.68 70.63 70.78 72.67 70.60 69.75 71.17 71.21 71.10 71.05 71.27 72.05 71.37 71.33 71.08 71.75 72.40 72.91 72.90 73.03 72.91 73.52 73.64 73.43 73.39 74.18 74.15 74.50 74.90 74.83 75.25 75.39 74.05 75.59 75.28 75.35 75.40 75.51 75.39 75.26 75.16 75.15 75.17 74.98 74.77 74.63 74.35 75.54 74.68 74.48 74.49 74.39 74.88 74.62 74.75 74.89 74.85 74.66 74.22 74.51 74.15 74.07 74.47 74.42 73.83 73.79 73.63 73.81 74.01 73.97 75.29 74.46 74.91 75.10 75.15 75.23 75.64 78.38 80.50 82.21 81.75 81.18 80.32 82.12 82.03 81.99 82.31 81.82 82.20 82.18 82.32 82.27 82.30 82.35 82.34 81.94 80.94 80.43 79.62 79.08 78.06 76.76 76.15 75.75 75.20 75.29 74.86 74.89 74.76 74.88 75.13 75.15 75.12 75.00 75.15 75.03 74.95 74.90 74.75 74.78 74.98 74.80 74.70 74.01 74.35 74.28 73.82 73.79 74.50 74.68 75.13 74.76 74.78 74.91 75.04 75.01 74.99 74.96 74.78 74.60 75.19 75.31 75.20 75.50
-35°N ||     75.16 75.57 75.03 74.38 74.95 74.37 74.24 74.47 73.83 73.06 72.91 73.79 74.48 74.64 74.79 74.71 74.82 73.39 74.59 74.53 74.47 74.26 74.24 74.07 73.56 73.82 73.63 73.49 72.94 73.11 72.79 72.66 72.77 72.47 72.62 72.82 72.10 70.57 70.69 70.64 70.05 71.18 71.94 71.82 71.48 71.77 71.56 71.64 71.93 71.98 71.77 70.83 71.67 72.79 73.14 73.35 73.33 73.34 73.35 73.44 73.62 73.80 73.76 74.80 74.73 74.14 74.39 74.77 74.69 75.36 75.28 75.44 75.19 74.93 75.05 75.20 75.21 75.19 75.37 75.12 74.81 74.53 74.71 74.55 74.65 74.33 74.22 74.38 74.51 74.59 74.64 74.82 74.74 74.34 74.37 74.34 74.58 74.78 74.16 74.03 74.06 73.46 73.60 73.98 74.17 74.12 74.17 74.54 75.03 74.91 74.89 75.05 75.33 75.53 77.75 80.43 82.15 81.69 80.95 80.72 82.05 82.09 80.48 80.91 82.30 82.21 82.28 82.33 82.30 82.35 82.19 80.21 79.00 79.05 78.52 77.78 78.02 76.72 76.59 76.45 75.47 75.14 74.41 74.87 74.66 74.79 74.92 74.99 75.10 75.17 75.04 74.87 74.28 74.29 74.39 74.68 74.40 74.20 74.53 74.73 74.50 74.17 74.55 74.77 74.60 74.61 74.45 74.68 74.63 74.19 75.07 75.13 74.88 74.82 74.97 75.04 75.46 75.34 75.04 74.49
-33°N ||     75.22 75.30 74.38 74.23 74.43 73.59 74.02 73.08 73.12 73.72 73.67 73.92 74.55 74.69 74.94 74.61 74.83 74.86 74.54 74.53 73.81 74.28 74.21 74.18 73.88 73.62 73.64 73.44 73.21 72.93 72.77 71.93 72.35 72.12 71.78 71.99 71.29 70.26 70.10 69.37 69.64 71.24 72.16 71.73 72.51 71.83 72.79 72.86 72.57 72.61 71.96 70.95 70.06 71.82 72.76 73.35 73.30 73.37 73.40 73.37 73.75 74.17 74.00 74.76 74.82 74.87 74.83 74.82 74.75 74.60 74.79 75.23 75.19 74.94 75.27 74.97 75.34 75.14 75.10 75.19 75.00 74.82 75.00 74.71 74.66 74.54 74.49 74.38 74.39 74.48 74.53 74.23 74.46 74.63 74.42 74.53 74.32 74.56 74.28 73.77 73.94 73.76 73.50 73.72 73.99 74.10 74.10 74.02 74.64 74.90 74.77 74.71 74.52 74.82 75.34 77.11 81.51 82.22 82.02 81.39 81.41 80.57 82.03 82.32 82.21 82.20 82.34 82.36 82.06 81.25 80.54 78.62 77.22 77.04 76.90 76.86 77.42 77.04 76.22 76.11 75.71 75.17 74.88 74.78 74.65 74.60 74.75 74.71 74.82 74.93 74.90 74.68 74.55 74.35 73.83 73.72 73.85 73.80 74.46 74.07 74.41 74.65 74.19 74.47 74.34 74.27 74.62 74.75 74.94 74.56 74.72 75.12 74.47 74.92 74.93 75.07 75.19 75.02 74.76 74.73
-31°N ||     75.16 74.56 74.45 74.39 73.77 73.86 73.33 73.79 73.93 73.78 73.96 74.00 74.37 74.61 74.85 74.83 74.83 74.40 74.27 74.54 74.15 74.21 74.13 74.06 73.87 73.81 73.60 73.40 73.08 72.76 72.48 72.32 72.27 71.66 71.50 72.10 71.21 70.07 70.24 69.38 70.43 71.30 71.71 72.32 72.58 72.82 72.84 73.06 73.04 73.16 72.16 70.95 71.37 71.47 71.63 71.57 72.98 73.54 73.52 73.84 74.21 74.55 74.75 74.79 74.92 74.87 74.92 75.03 74.96 74.91 74.99 75.61 74.94 74.74 74.90 74.90 74.99 75.08 75.22 75.20 75.27 75.18 74.98 74.99 74.86 74.55 74.30 74.16 74.36 74.41 74.42 74.51 74.26 74.48 74.55 74.45 74.52 74.41 74.38 73.98 73.95 74.40 74.10 73.91 74.17 74.34 74.41 74.14 74.68 74.88 75.05 74.72 75.03 74.96 75.58 75.56 77.08 78.28 79.17 82.28 82.18 81.78 82.37 82.28 82.35 82.31 82.33 82.18 79.44 77.27 78.79 78.08 76.63 76.59 76.40 75.94 75.90 76.21 76.13 75.82 75.74 74.89 74.94 74.70 74.80 74.44 74.56 74.54 74.55 74.63 74.73 74.55 74.36 74.37 74.03 73.95 74.55 73.75 73.57 73.38 74.50 74.78 75.07 74.58 74.74 74.87 74.98 74.89 74.92 74.79 74.67 74.88 74.59 74.83 74.82 74.65 74.83 74.95 74.93 74.88
-29°N ||     75.14 74.56 73.27 74.38 73.76 73.60 74.13 73.69 74.04 73.86 73.85 74.07 74.59 74.76 74.84 74.79 74.75 73.75 74.61 74.57 74.38 74.13 74.12 74.01 73.92 73.76 73.59 73.29 72.96 72.67 72.41 72.09 71.88 71.84 71.81 71.00 71.06 70.56 69.09 68.14 70.36 71.49 71.93 72.25 72.61 72.91 73.10 73.23 73.32 73.31 73.25 73.09 72.36 72.37 72.26 71.49 71.79 72.32 73.49 73.78 74.27 74.82 74.91 74.87 75.15 74.89 74.76 74.86 75.04 75.01 75.14 75.37 75.14 74.84 75.04 75.26 75.09 75.07 75.35 75.29 75.25 75.26 75.07 75.16 74.68 74.65 74.52 74.32 74.22 74.39 74.46 74.52 74.63 74.57 74.54 74.47 74.50 74.08 74.42 74.08 74.53 74.58 74.31 74.31 74.55 74.64 74.71 74.63 74.12 74.83 74.58 75.01 75.13 75.21 74.68 74.89 75.81 75.73 76.62 76.68 78.06 78.13 80.07 81.84 80.80 81.14 79.51 80.14 77.19 76.31 75.97 75.70 76.06 76.20 75.99 75.67 75.80 75.78 75.71 75.33 75.29 75.06 74.85 74.74 74.70 74.57 74.53 74.59 74.58 74.62 74.65 74.45 74.43 74.01 74.23 73.82 73.33 73.59 74.31 73.31 74.30 74.69 74.83 74.40 74.85 74.11 74.80 74.95 74.74 74.62 74.78 74.67 74.48 74.59 74.64 74.83 74.69 74.82 74.93 75.07
-27°N ||     74.86 74.50 74.46 74.40 73.86 73.75 74.32 73.45 73.90 74.24 74.14 74.48 74.43 74.57 74.84 74.64 74.84 74.10 74.60 74.07 74.10 74.12 74.00 73.98 73.78 73.66 73.52 73.39 72.92 72.60 72.26 71.94 71.54 71.56 71.40 71.60 71.83 70.36 70.07 68.41 70.64 71.54 71.92 72.35 72.71 73.01 73.23 73.37 73.46 73.60 73.58 73.63 73.37 72.74 72.73 72.83 73.12 73.09 72.99 72.97 72.72 74.31 74.95 74.96 74.92 74.93 75.01 75.16 74.98 74.90 74.93 75.42 75.53 75.69 75.28 75.00 75.24 75.26 75.42 75.41 75.39 75.37 75.28 75.08 74.98 74.77 74.83 74.85 74.52 74.42 74.39 74.58 74.60 74.24 74.39 74.51 74.53 74.28 74.27 74.26 74.52 74.71 74.26 74.51 74.69 74.59 74.83 74.30 73.92 74.16 74.71 74.74 74.97 74.81 74.77 74.83 74.82 75.74 75.68 75.87 76.07 76.25 76.47 76.63 76.81 77.48 78.15 77.49 77.23 76.29 75.72 76.08 75.98 75.87 75.48 75.63 73.96 75.69 75.67 74.45 74.92 74.65 74.57 74.57 74.59 74.60 74.59 74.60 74.50 74.46 74.43 74.20 73.73 73.63 73.50 73.79 74.37 73.42 73.51 74.17 73.82 74.25 74.69 74.67 75.01 74.25 74.85 74.63 74.81 74.93 74.85 74.71 74.33 74.12 74.17 74.54 74.54 74.60 74.92 74.97
-25°N ||     74.94 74.33 74.66 74.42 74.36 74.33 74.47 74.78 74.29 74.59 74.42 74.92 74.92 74.84 74.93 74.75 74.79 74.44 74.10 74.51 74.17 74.03 73.98 73.84 73.71 73.50 73.35 73.18 72.80 72.34 72.00 71.70 71.44 71.26 71.20 70.50 70.93 71.33 70.08 70.45 70.92 71.49 72.01 72.38 72.61 72.90 73.07 73.32 73.46 73.47 73.64 73.68 73.39 72.99 72.06 72.81 73.12 73.29 73.28 73.12 72.36 73.63 74.74 74.79 74.89 74.90 74.90 74.44 74.65 74.77 74.83 74.86 75.27 75.81 75.97 75.36 75.47 75.54 75.72 75.48 75.48 75.41 75.67 75.31 75.49 74.98 75.04 75.06 75.03 74.49 74.80 74.70 74.91 74.17 74.56 74.53 74.54 74.14 73.83 74.48 74.51 74.40 74.48 74.52 74.39 74.05 74.44 73.84 73.64 73.99 74.26 74.36 74.68 74.54 74.96 75.33 75.04 75.50 75.67 75.82 75.96 75.84 75.76 76.43 75.92 76.96 76.49 75.80 75.67 75.51 75.67 75.44 75.42 75.60 75.43 74.85 74.78 75.05 74.28 74.70 74.58 74.39 74.25 74.30 74.38 74.44 74.69 74.47 74.41 74.28 74.22 74.03 73.67 73.27 73.43 73.71 74.08 73.66 73.13 73.58 73.48 73.89 74.30 74.69 74.36 74.39 74.78 74.36 74.64 74.79 74.76 74.41 74.10 74.63 74.68 74.50 74.63 74.97 75.17 74.90
-23°N ||     74.90 74.89 74.44 74.46 74.39 74.49 74.69 74.83 74.95 75.01 74.99 74.96 75.11 75.17 74.93 75.05 73.87 74.16 74.57 74.21 74.20 73.94 73.93 73.82 73.64 73.36 73.13 72.78 72.40 72.02 71.68 71.30 71.09 70.98 71.05 70.99 70.13 70.54 70.03 70.33 70.87 71.48 71.85 72.12 72.38 72.62 72.87 73.11 73.37 73.51 73.77 73.74 73.72 73.36 72.59 72.77 73.09 73.11 73.06 72.69 71.96 73.85 74.61 74.66 74.40 74.57 74.79 74.47 74.79 74.76 74.61 75.00 75.12 75.54 75.69 75.83 75.41 75.53 75.44 75.58 75.57 75.50 75.52 75.74 75.42 75.15 75.23 75.32 75.21 74.31 74.87 74.70 74.94 74.97 74.98 74.60 74.52 75.37 74.41 74.09 74.25 74.06 73.86 73.72 74.00 74.40 73.70 73.65 73.36 73.93 74.17 74.57 74.47 74.14 74.10 74.34 74.84 75.03 75.24 75.39 75.74 75.54 75.76 75.93 75.94 76.36 75.89 75.53 75.51 75.39 75.11 75.16 75.30 75.38 74.76 74.28 73.68 73.87 74.24 74.53 74.33 74.14 73.83 73.97 74.26 74.35 74.41 74.48 74.23 74.17 74.10 74.03 74.22 74.09 74.16 73.63 74.10 73.65 73.27 73.62 73.22 74.05 74.27 74.49 74.49 74.64 74.56 74.68 74.60 75.07 74.59 75.31 74.56 74.64 74.70 74.65 74.50 75.03 75.29 74.89
-21°N ||     74.70 74.79 74.45 74.47 74.45 74.46 74.74 75.27 75.05 74.97 74.86 74.91 74.99 74.85 74.96 75.04 74.73 74.42 74.45 74.25 74.08 73.90 73.85 73.69 73.50 73.28 72.89 72.41 71.88 71.46 71.15 70.79 70.58 70.56 70.72 70.22 70.41 69.68 69.84 70.39 70.80 71.23 71.50 71.78 72.09 72.31 72.64 72.87 73.13 73.34 73.47 73.66 73.69 73.29 72.79 73.08 72.68 72.96 72.64 72.27 72.34 72.69 74.50 74.47 74.54 74.42 74.72 74.81 74.77 74.79 74.90 74.89 75.07 75.28 75.73 75.96 75.67 75.54 75.66 75.70 75.62 75.58 75.54 75.70 75.60 75.71 75.32 75.34 75.19 74.91 74.79 74.93 75.05 75.10 74.78 74.68 74.54 74.24 74.19 74.35 74.45 74.54 73.64 74.00 74.24 74.15 74.36 73.46 73.37 73.81 74.21 73.86 74.30 74.28 74.36 74.58 74.68 75.03 75.08 75.40 75.52 75.64 75.34 75.84 75.56 75.48 75.59 74.75 75.10 75.11 75.01 74.89 75.23 74.77 74.42 74.17 73.11 73.27 74.09 73.96 74.17 74.14 73.78 73.44 74.28 74.38 74.38 74.41 74.39 74.18 73.93 73.69 73.41 73.72 74.42 73.73 73.90 73.83 73.35 74.04 73.92 74.09 73.97 73.95 74.50 74.63 74.82 74.63 74.39 75.02 75.12 74.85 74.90 75.10 75.02 74.61 74.28 74.75 74.77 74.56
-19°N ||     74.01 74.32 74.34 74.18 74.52 74.75 75.03 75.54 75.51 75.22 75.12 74.90 74.99 74.97 75.12 74.96 74.75 74.70 74.29 74.25 74.08 73.85 73.71 73.45 73.28 73.01 72.63 71.94 71.09 70.63 70.34 70.21 70.07 70.21 70.46 68.83 70.11 69.59 69.74 70.06 70.26 70.65 70.95 71.24 71.62 71.97 72.34 72.61 72.93 73.13 73.26 73.36 73.50 73.43 72.99 72.57 72.54 72.52 72.64 72.51 72.14 73.51 74.28 74.22 74.40 74.55 74.84 74.87 74.92 74.75 74.87 75.04 75.26 75.58 76.13 76.18 76.07 75.57 75.76 75.74 76.00 75.69 75.61 75.58 75.77 75.86 75.47 75.27 75.29 75.35 75.20 75.09 75.13 75.05 74.74 74.81 74.51 74.43 74.64 74.00 74.35 74.44 73.83 74.18 73.79 74.12 73.45 73.28 73.78 73.80 73.61 73.96 73.94 74.12 74.23 74.38 74.42 74.36 74.42 75.18 75.33 75.35 75.42 75.41 75.25 75.24 74.90 74.90 74.97 74.89 74.84 74.41 74.27 74.51 74.26 73.98 73.55 73.40 73.81 74.01 74.27 74.28 74.45 74.44 74.30 74.33 74.35 74.36 74.23 74.13 74.30 73.79 73.47 73.57 73.97 74.10 73.99 74.17 73.68 74.08 74.18 73.99 73.89 73.80 74.32 74.33 74.23 74.16 74.75 75.06 75.26 75.36 75.42 75.58 75.34 75.38 75.26 75.05 75.11 74.05
-17°N ||     74.06 74.06 74.21 74.55 74.57 74.78 75.31 75.43 75.41 75.34 75.22 75.01 75.07 74.58 75.06 75.36 74.86 74.85 74.54 74.20 74.06 73.86 73.49 73.19 72.99 72.69 72.20 71.10 70.16 69.58 69.49 69.59 69.78 69.96 69.64 68.98 69.41 69.63 69.49 69.37 69.50 69.92 70.35 70.65 71.18 71.59 71.97 72.26 72.60 72.89 73.00 73.20 73.21 73.27 72.90 72.51 71.98 72.00 72.54 72.40 72.14 73.64 74.24 73.70 74.10 76.45 77.52 75.99 74.82 74.95 74.61 74.98 75.20 75.46 76.12 76.06 76.10 75.56 75.80 75.62 75.77 75.70 75.72 75.71 75.74 75.70 75.56 75.56 75.52 75.36 75.09 75.14 75.15 75.04 74.88 74.86 74.56 74.62 74.32 74.86 74.45 74.24 73.86 73.87 73.85 73.79 73.90 73.41 73.90 73.85 74.00 73.83 73.63 73.61 73.92 73.97 74.13 74.67 74.73 74.32 74.77 74.68 74.85 74.87 74.80 75.13 75.05 75.04 74.95 74.84 74.37 74.43 73.49 73.86 74.00 73.85 73.31 73.33 73.85 74.09 74.34 74.36 74.45 74.52 74.34 74.30 74.26 74.20 74.15 73.92 74.06 73.98 73.65 73.77 73.64 73.70 73.96 74.16 73.95 74.43 74.15 74.11 73.90 73.71 74.61 73.76 74.06 74.28 74.75 75.23 75.34 75.48 75.48 75.60 75.71 75.42 75.44 75.24 75.44 74.94
-15°N ||     75.16 74.06 74.86 74.66 74.93 75.09 75.75 75.62 75.29 75.34 75.34 75.03 74.89 74.94 75.07 75.33 74.16 74.90 75.08 74.30 74.12 73.82 73.53 73.23 72.83 72.32 71.46 70.01 68.51 68.05 68.54 69.16 69.35 69.63 69.79 69.73 69.94 69.98 69.24 68.89 68.86 69.47 69.84 70.19 70.72 71.31 71.72 72.03 72.24 72.39 72.39 72.79 72.97 72.95 72.61 72.48 72.08 73.04 72.34 73.21 73.57 76.17 77.02 77.57 78.10 77.74 76.99 77.97 77.89 75.05 74.96 75.36 75.30 75.39 75.87 75.84 75.99 75.83 75.72 75.67 75.71 75.72 75.68 75.85 75.68 75.64 75.65 75.54 75.47 75.42 75.48 75.33 75.23 75.00 74.88 74.90 74.82 74.65 74.22 74.64 74.09 74.19 74.07 73.75 73.87 73.61 73.74 73.71 73.57 73.63 74.00 73.55 73.37 73.35 73.43 73.08 73.96 74.65 74.67 74.69 74.30 74.70 74.69 74.59 74.80 74.95 74.90 75.08 74.64 74.32 74.16 73.35 73.27 73.34 73.63 73.51 73.27 73.45 73.50 73.91 74.20 74.38 74.33 74.34 74.44 74.33 74.15 74.23 73.94 74.08 73.94 74.13 73.57 73.29 74.18 74.34 73.72 74.29 74.34 74.11 74.16 74.05 73.71 73.93 74.34 74.45 74.33 74.36 74.58 75.37 75.56 76.08 75.79 75.71 75.43 75.82 75.57 76.00 74.88 75.02
-13°N ||     75.26 75.20 74.98 74.76 74.94 75.26 75.53 75.76 75.64 75.73 75.55 75.23 75.14 75.26 75.25 75.30 74.94 74.91 74.80 74.52 74.25 73.89 73.58 73.23 72.73 72.08 71.08 69.04 66.69 66.18 67.50 68.69 69.07 69.17 69.26 70.01 69.75 69.71 69.08 68.79 68.84 70.13 69.35 69.87 70.43 70.96 71.48 71.79 72.03 72.20 72.23 72.96 72.35 73.51 76.47 76.04 75.97 73.96 77.79 78.43 76.40 73.70 73.62 73.85 76.63 76.72 75.96 76.04 74.48 77.29 75.32 75.21 75.39 75.53 75.59 75.85 75.76 75.97 76.12 75.76 75.73 75.74 75.72 75.72 75.59 75.63 75.72 75.59 75.45 75.63 75.52 75.46 75.32 75.14 75.36 75.04 74.90 74.71 74.59 74.60 74.56 74.33 73.99 73.81 73.62 74.04 73.66 73.63 73.51 73.43 73.44 73.59 73.20 73.56 73.44 73.66 73.68 74.41 74.56 74.43 74.49 74.68 74.58 74.57 74.32 74.72 74.77 74.78 74.60 74.43 73.50 73.27 72.98 73.48 73.40 73.61 73.22 73.39 74.02 74.04 74.47 74.36 74.45 74.37 74.42 74.35 74.02 73.87 73.82 73.88 73.86 73.65 74.00 73.58 74.38 74.35 73.89 73.88 74.20 74.30 74.04 74.12 73.77 73.64 73.96 74.76 74.79 74.92 75.20 75.59 75.74 75.89 75.93 75.87 75.84 75.94 76.04 75.88 76.04 75.88
-11°N ||     76.03 75.79 76.10 76.13 75.42 75.40 75.57 75.79 75.65 75.66 75.55 75.50 75.54 75.29 75.43 75.35 75.29 75.05 74.92 74.66 74.35 74.09 73.64 73.23 72.58 71.95 71.04 69.27 66.76 64.77 65.83 68.68 68.96 68.98 68.88 69.58 69.50 69.19 68.68 68.43 68.93 69.30 69.23 69.78 70.25 70.69 71.42 71.63 71.84 72.07 71.93 72.61 75.53 76.09 78.67 78.79 74.74 71.33 71.12 72.23 72.92 73.13 73.42 73.64 74.08 73.97 74.15 75.26 74.70 74.87 77.75 75.78 77.74 75.89 75.67 76.33 76.20 75.90 76.04 76.07 75.78 75.78 75.82 75.75 75.78 75.73 75.87 75.67 75.72 75.58 75.59 75.71 75.36 75.25 75.10 75.10 75.14 74.85 73.83 74.20 74.61 74.67 74.24 74.02 73.91 73.61 73.57 73.65 73.42 73.45 73.84 73.55 73.63 73.35 73.59 73.73 73.65 73.88 74.22 74.03 74.16 74.40 74.37 74.29 73.99 74.66 74.61 74.80 74.59 74.56 74.32 73.59 73.06 73.29 73.25 73.76 73.45 73.88 74.20 74.22 74.57 74.49 74.34 74.42 74.43 74.39 74.28 74.33 74.09 74.08 73.92 73.60 73.23 73.69 73.62 73.85 74.22 74.30 74.06 74.43 74.20 74.63 74.83 74.55 74.73 75.54 74.86 75.17 75.34 75.68 75.79 75.83 76.04 75.98 76.09 76.18 76.20 75.76 75.88 75.67
-9°N ||     75.51 75.68 75.65 75.94 76.11 75.53 75.80 75.64 75.81 75.88 75.64 75.71 75.56 75.50 75.51 75.36 75.36 75.18 75.05 74.76 74.54 74.16 73.83 73.34 72.79 72.09 71.26 70.45 67.16 63.47 63.46 67.54 68.83 68.83 68.91 68.78 69.24 69.00 69.03 68.69 68.83 69.49 71.26 72.94 71.76 70.74 71.35 71.96 71.90 72.31 75.90 76.73 76.58 78.46 76.14 71.84 70.92 72.78 71.58 72.86 73.13 73.27 73.89 73.83 74.25 74.41 75.62 74.79 76.53 75.08 77.84 77.81 78.13 77.04 76.71 76.25 75.78 75.94 75.98 76.56 76.07 75.76 75.85 75.88 75.84 75.87 76.00 75.71 75.75 75.76 75.88 75.49 75.49 75.44 75.25 75.05 75.12 74.94 74.46 74.38 74.64 74.42 74.13 74.28 74.24 73.86 73.59 73.93 74.86 75.12 73.65 73.90 73.76 73.85 73.81 73.67 73.68 73.76 74.01 74.07 74.04 73.88 74.08 73.89 73.86 73.98 74.23 74.54 74.58 74.58 74.28 73.90 73.08 73.88 73.89 73.35 74.16 74.38 73.85 74.26 74.54 74.57 74.68 74.51 74.51 74.32 74.25 74.60 74.51 74.16 73.46 73.68 73.23 73.95 74.32 74.17 74.35 74.69 74.34 74.49 74.88 75.53 75.74 75.39 75.36 75.73 75.70 75.60 75.75 75.79 75.89 75.99 76.10 76.74 76.34 76.30 75.80 74.46 75.85 75.75
-7°N ||     75.81 75.77 75.70 75.70 76.48 76.24 75.90 75.96 76.32 76.06 75.97 75.78 75.67 75.64 75.63 75.68 75.62 75.37 75.17 74.94 74.67 74.34 74.00 73.47 72.93 72.40 71.73 71.14 67.80 64.67 65.41 66.93 68.46 68.73 68.92 69.15 68.68 68.69 69.15 68.69 72.16 72.52 69.74 73.71 72.94 72.89 73.33 75.40 75.32 74.25 72.98 71.56 74.20 78.08 75.64 76.13 76.46 73.52 72.69 73.32 73.44 73.47 73.77 73.94 74.96 76.31 76.35 75.85 74.48 74.63 76.21 77.92 77.77 77.12 77.53 76.99 76.58 75.84 75.82 75.98 76.02 75.93 75.97 75.81 75.87 75.81 75.72 75.65 75.62 75.68 75.64 75.73 75.49 75.44 75.43 75.47 75.48 75.10 74.72 74.84 74.12 74.08 74.21 74.29 73.64 74.08 74.22 73.93 73.91 73.94 74.12 74.09 74.21 73.55 73.65 73.66 73.65 74.13 74.18 74.00 73.63 73.48 73.57 73.36 73.77 74.25 74.04 74.18 74.55 74.56 74.46 74.35 73.43 73.34 73.76 73.96 74.02 74.11 73.98 74.33 74.57 74.51 74.75 74.72 74.67 74.71 74.78 74.81 74.78 74.98 73.25 73.10 73.27 73.93 73.51 74.63 75.53 75.08 75.17 75.13 75.53 75.72 75.66 75.57 75.90 76.09 75.93 76.06 76.08 76.05 76.08 76.07 76.19 76.40 76.62 76.63 76.18 76.04 75.94 75.81
-5°N ||     75.85 75.94 76.03 75.99 75.84 76.54 76.46 76.44 76.62 76.13 75.94 75.64 75.75 75.84 75.97 76.06 76.07 75.81 75.26 75.25 74.93 74.64 74.28 73.77 73.31 72.77 72.22 71.33 70.12 68.46 67.13 67.39 68.45 68.60 69.00 69.27 69.25 70.31 69.54 68.87 69.24 69.56 70.02 74.31 72.64 74.61 72.50 73.41 72.58 71.83 71.39 74.35 75.17 75.70 75.01 71.90 72.28 73.39 75.64 75.71 73.68 73.82 73.93 73.98 74.59 74.27 74.89 74.48 74.57 74.80 75.23 75.71 76.96 75.53 75.51 76.84 77.12 76.73 75.67 75.79 76.52 76.13 76.07 75.97 75.92 75.80 75.69 75.70 75.81 75.73 75.66 75.61 75.69 75.41 75.43 75.52 75.48 75.46 75.23 75.30 74.71 73.91 74.09 74.25 74.53 74.27 74.17 74.10 74.20 74.03 74.53 74.58 74.44 73.76 73.60 73.65 73.41 73.62 73.37 73.91 73.61 73.92 73.69 73.70 73.93 73.75 74.26 73.94 74.42 74.48 74.35 73.86 73.98 73.49 73.92 74.10 74.38 74.31 74.41 74.53 74.43 74.63 75.01 75.05 74.89 74.87 75.36 75.16 74.82 74.64 74.14 73.74 74.45 74.37 74.28 74.73 75.97 75.55 77.25 76.05 75.84 75.63 75.63 75.94 75.95 76.23 76.24 76.17 76.18 76.25 76.34 76.28 76.52 76.51 76.50 76.58 76.62 76.35 76.13 75.97
-3°N ||     75.99 75.96 76.13 76.17 76.05 76.92 76.95 76.76 76.29 76.50 75.79 75.42 76.05 76.57 76.50 76.67 75.73 75.28 75.79 75.54 75.32 74.90 74.79 74.31 73.72 73.19 72.68 71.77 71.07 69.75 68.74 68.56 68.26 68.24 69.09 69.55 69.89 70.07 70.10 69.65 69.45 70.04 70.44 71.35 71.65 71.70 72.34 72.38 72.20 71.88 71.63 71.41 71.91 73.87 73.45 72.44 73.04 73.55 73.86 76.25 73.65 74.31 74.27 74.44 74.58 74.67 75.44 74.92 75.04 75.29 75.44 75.56 77.76 75.82 75.74 76.56 76.25 76.37 75.90 75.96 76.08 76.09 76.49 76.15 75.95 75.86 75.94 75.82 75.81 75.77 75.74 75.66 75.60 75.57 75.49 75.47 75.16 75.47 75.46 75.50 74.90 74.42 74.27 74.41 74.64 74.24 74.36 74.51 74.45 74.45 74.64 74.63 74.37 74.10 73.94 73.50 73.22 74.34 74.11 73.95 73.86 73.96 73.79 74.11 73.64 73.97 73.74 74.35 74.41 74.60 74.21 74.34 74.25 74.12 74.49 75.04 74.18 74.76 74.65 74.43 74.64 74.70 75.25 75.25 74.95 75.46 75.33 75.01 74.77 74.54 74.04 74.24 74.14 74.31 74.49 75.17 75.99 75.96 76.01 75.75 76.04 75.97 75.94 75.88 76.02 76.25 76.13 75.95 76.48 76.53 76.49 76.62 76.69 76.75 76.74 76.76 76.68 76.55 76.22 76.18
-1°N ||     76.24 76.18 76.24 76.43 76.54 76.96 76.98 76.69 76.52 76.01 75.70 75.32 76.09 76.50 76.89 76.19 75.80 76.00 75.93 75.56 75.46 75.27 75.07 74.70 74.22 73.50 72.89 72.18 71.49 70.74 69.68 69.09 67.68 66.16 69.29 69.75 70.03 70.31 70.48 70.50 70.55 71.41 71.77 72.09 72.34 72.89 73.20 73.41 73.65 73.81 73.12 74.46 76.54 72.46 72.59 72.87 73.67 73.98 74.06 75.00 74.33 74.56 74.56 74.56 74.75 74.84 74.82 75.50 75.53 75.49 76.40 75.60 77.29 77.43 76.02 76.03 75.92 75.96 76.00 76.24 76.75 76.48 76.38 76.00 76.04 76.02 75.92 75.82 75.75 75.73 75.77 75.84 75.68 75.65 75.52 75.47 75.09 75.45 75.45 75.48 74.93 74.78 74.64 74.47 74.65 74.59 74.54 74.68 74.72 74.76 74.87 74.84 74.27 74.05 74.02 73.70 73.41 74.38 74.18 74.15 74.17 73.79 73.86 73.67 74.01 74.07 74.24 74.36 74.83 74.72 74.42 73.92 74.40 74.49 74.99 74.98 74.81 75.42 74.69 74.55 74.73 74.85 75.30 75.34 75.38 75.49 75.41 74.69 74.93 74.55 74.44 74.52 75.05 75.09 75.34 75.94 76.16 76.30 76.14 76.11 76.41 76.27 76.03 76.02 76.27 76.16 75.92 76.16 76.43 76.56 76.61 76.65 76.67 76.76 76.79 76.77 76.60 76.62 76.43 76.29
1°N ||     76.33 76.23 76.42 76.75 76.64 76.80 76.98 77.22 76.57 76.14 75.76 75.77 76.41 76.88 76.89 76.52 76.26 76.12 75.53 75.81 75.58 75.58 75.10 74.51 74.03 73.89 73.26 72.37 71.57 71.28 70.84 70.28 68.07 65.43 66.39 70.02 70.19 70.33 70.66 71.00 71.41 71.74 71.99 72.31 72.71 73.20 73.52 73.85 74.34 74.63 73.37 72.37 72.19 72.59 72.90 73.49 73.91 74.30 74.36 74.71 74.49 74.69 75.19 74.68 74.79 74.90 74.79 75.87 75.22 75.43 75.68 77.14 78.17 78.06 75.79 75.92 75.94 76.00 75.83 76.79 75.84 76.73 76.14 75.96 76.25 76.11 75.95 75.80 75.88 75.75 75.74 75.81 75.71 75.70 75.67 75.51 75.46 75.22 75.25 75.11 75.09 75.13 74.96 75.06 74.71 74.52 74.56 74.98 74.85 74.82 74.80 74.47 74.56 74.45 74.08 73.90 74.20 74.18 73.90 74.28 74.09 73.95 74.03 74.06 74.05 74.15 74.31 74.53 74.56 74.74 75.07 74.93 75.28 75.25 75.29 75.28 75.07 75.04 75.20 74.98 75.31 75.36 75.55 75.54 75.59 75.37 74.95 74.91 74.96 74.71 74.90 75.21 75.73 75.86 75.89 75.96 76.18 76.32 76.24 76.39 76.26 76.26 76.16 76.34 76.30 76.19 76.05 76.35 76.48 76.54 76.61 76.67 76.69 76.73 76.75 76.76 76.78 76.70 76.62 76.50
3°N ||     76.81 76.71 76.77 76.90 77.04 77.11 77.07 76.97 76.84 76.14 76.01 76.06 76.93 77.09 77.05 76.80 76.60 75.83 75.74 75.98 75.84 75.37 74.92 74.34 73.73 74.40 73.73 71.78 71.58 71.67 71.53 71.67 71.17 67.77 69.28 70.30 70.06 70.20 70.71 71.19 71.61 71.84 72.04 72.02 73.09 73.52 73.98 74.28 74.56 75.07 75.12 73.91 73.35 73.57 73.94 74.26 74.46 74.55 74.62 74.86 74.79 74.70 74.46 75.23 75.32 75.03 75.13 75.45 75.50 75.67 75.74 75.86 77.46 77.65 77.15 76.75 76.81 76.57 76.41 76.36 76.01 75.91 76.16 76.03 75.96 76.25 75.90 75.75 75.82 75.82 75.89 75.81 75.78 75.71 75.65 75.53 75.51 75.35 75.45 75.32 75.32 75.32 75.31 75.14 75.14 74.68 74.90 75.20 75.45 74.77 74.89 74.67 74.34 74.30 74.17 74.53 74.35 74.34 74.05 74.31 74.15 74.02 73.99 74.11 74.12 74.19 74.41 74.54 74.75 74.84 75.46 75.73 75.94 76.07 76.39 76.00 75.40 75.33 75.21 75.41 75.45 75.57 75.66 75.57 75.53 75.20 75.17 75.05 74.95 74.70 75.35 75.94 75.88 75.77 75.82 76.14 76.24 76.34 76.38 76.46 76.21 76.44 76.34 76.42 76.38 76.25 76.30 76.44 76.49 76.53 76.56 76.64 76.69 76.70 76.70 76.74 76.77 76.80 76.83 76.85
5°N ||     76.79 76.91 77.23 76.94 77.14 77.17 77.10 77.07 76.95 76.54 76.34 76.25 77.10 77.24 77.24 77.08 76.27 75.71 76.20 76.09 75.73 75.05 74.56 74.19 74.44 74.54 74.33 73.15 71.69 71.58 71.79 72.22 72.47 72.14 71.24 70.62 69.86 69.68 70.83 71.45 71.86 72.08 72.19 71.95 73.28 74.02 74.37 74.60 74.91 75.34 75.51 74.32 74.30 74.57 74.74 74.88 74.85 74.89 74.93 75.05 75.27 74.94 74.63 74.76 74.98 75.32 75.47 75.54 75.58 75.78 76.03 77.20 76.05 76.79 77.56 77.10 76.52 76.07 75.98 76.03 75.89 76.05 75.94 76.02 76.27 76.01 75.98 75.79 75.85 75.80 75.78 75.79 75.64 75.62 75.60 75.58 75.56 75.57 75.49 75.34 75.33 75.32 75.26 75.31 75.24 75.21 75.26 75.18 75.24 74.65 74.78 74.13 74.30 74.20 74.36 74.22 74.24 74.37 74.29 74.28 74.15 74.04 73.94 73.99 74.49 74.26 74.39 74.63 74.89 75.23 75.72 77.35 77.52 77.52 77.47 77.25 76.79 75.82 75.67 75.62 75.60 75.76 75.68 75.53 75.55 75.28 75.15 75.17 74.79 74.86 75.92 75.86 75.96 75.98 76.06 76.09 76.27 76.36 76.43 76.45 76.40 76.36 76.42 76.42 76.43 76.43 76.43 76.43 76.49 76.51 76.52 76.59 76.63 76.66 76.68 76.73 76.77 76.79 76.82 76.87
7°N ||     76.84 76.92 76.99 77.02 77.12 77.16 77.16 77.14 77.06 76.81 76.50 76.86 77.25 77.34 77.37 77.12 76.14 76.54 76.44 76.11 75.54 75.14 75.21 75.01 74.88 74.83 74.55 73.82 71.27 71.43 71.78 72.60 72.87 72.61 71.96 71.06 68.89 68.88 71.31 71.80 72.10 72.28 72.40 72.66 73.79 74.16 74.44 74.74 75.01 75.29 75.52 75.55 74.83 74.81 74.80 74.84 74.96 75.08 75.18 75.26 75.30 75.15 74.78 75.13 75.41 75.48 75.63 75.69 75.73 75.87 76.11 77.23 77.67 77.21 77.52 76.10 76.05 75.99 76.43 76.62 76.39 76.01 76.06 76.16 76.01 75.87 75.88 75.78 75.85 75.74 75.80 75.76 75.74 75.82 75.59 75.54 75.48 75.59 75.42 75.25 75.25 75.28 75.35 75.24 75.21 75.35 75.03 75.46 75.24 75.28 74.91 74.59 74.51 74.05 74.15 74.24 74.14 74.29 74.29 74.31 74.11 74.16 73.95 74.43 74.75 74.17 74.39 74.69 75.22 75.84 77.25 77.62 77.57 77.55 77.55 77.46 77.41 76.93 75.86 75.84 75.88 75.79 75.61 75.65 75.28 75.04 75.13 75.38 75.19 75.16 75.83 76.02 76.07 76.16 76.30 76.19 76.38 76.44 76.38 76.45 76.48 76.38 76.41 76.40 76.44 76.44 76.42 76.43 76.42 76.44 76.47 76.43 76.57 76.63 76.61 76.72 76.78 76.82 76.84 76.88
9°N ||     76.91 77.05 76.83 76.91 77.15 77.14 77.16 77.13 77.23 76.90 76.63 77.16 77.38 77.44 77.40 76.89 76.56 76.87 76.39 75.85 75.75 75.59 75.52 75.39 75.24 75.01 74.75 73.94 71.84 71.73 72.31 73.15 73.12 73.30 72.86 71.51 68.25 66.45 70.57 72.10 72.26 72.49 72.71 73.09 73.71 74.16 74.50 74.81 75.03 75.31 75.52 75.56 75.43 74.99 74.93 74.95 75.05 75.17 75.26 75.37 75.47 75.39 75.26 75.31 75.43 75.66 75.88 75.91 75.95 76.31 77.16 77.24 77.09 77.59 76.31 76.28 76.36 76.28 76.62 76.07 76.08 76.03 75.99 76.06 76.15 75.99 75.93 76.04 75.94 75.96 75.82 75.78 75.70 75.75 75.66 75.83 75.58 75.49 75.45 75.48 75.44 75.16 75.00 74.93 75.29 75.40 75.44 75.12 75.07 74.95 74.90 74.89 74.75 74.88 74.61 74.36 74.24 74.27 74.26 73.99 74.18 74.11 73.84 74.96 74.27 74.16 74.50 74.90 75.44 76.35 77.41 77.66 77.68 77.65 77.59 77.53 77.47 77.28 76.73 76.22 76.03 76.12 75.59 75.43 75.42 75.36 75.60 75.73 75.63 75.64 75.95 76.15 76.39 76.15 76.35 76.46 76.38 76.37 76.29 76.31 76.79 76.25 76.22 76.28 76.37 76.42 76.32 76.37 76.28 76.35 76.36 76.52 76.54 76.62 76.56 76.70 76.77 76.82 76.86 76.86
11°N ||     76.96 76.96 76.97 76.97 77.20 77.21 77.27 77.24 77.39 77.30 77.17 77.47 77.51 77.48 77.43 77.36 76.91 76.93 76.37 75.98 75.86 75.76 75.59 75.41 75.21 75.04 74.67 73.91 73.17 73.46 73.39 73.37 73.38 73.38 73.48 73.37 68.90 63.30 64.88 72.07 72.42 72.66 72.94 73.30 73.70 74.20 74.61 74.87 75.13 75.30 75.48 75.58 75.55 75.14 75.06 75.05 75.14 75.26 75.32 75.41 75.49 75.32 75.26 75.52 75.68 75.82 76.07 76.23 76.42 76.28 77.52 77.32 76.26 77.61 77.22 76.25 77.22 76.14 76.05 76.26 76.04 76.00 75.92 75.88 75.98 76.02 76.18 76.03 76.01 76.01 75.82 75.79 75.81 75.81 75.90 75.65 75.81 75.48 75.53 75.56 75.49 75.46 75.24 74.96 75.38 75.32 75.80 75.28 75.55 74.88 75.05 75.01 74.97 75.10 74.85 74.42 74.22 74.43 74.60 74.14 74.30 74.21 74.01 73.90 74.06 74.44 74.75 75.13 75.71 76.62 77.64 77.70 77.75 77.66 77.55 77.54 77.42 77.34 76.95 76.38 76.18 75.62 75.76 75.66 75.53 75.79 75.96 76.05 76.05 76.09 76.21 76.36 76.56 76.59 76.45 76.53 76.44 76.44 76.25 76.18 76.09 75.99 76.03 76.06 76.12 76.17 76.19 76.19 76.22 76.57 75.96 76.34 76.49 76.50 76.51 76.75 76.79 76.77 76.40 76.83
13°N ||     76.83 77.01 76.62 76.65 77.16 77.15 77.28 77.36 77.40 77.46 77.52 77.59 77.59 77.57 77.53 77.38 77.21 76.85 75.95 76.00 75.90 75.69 75.55 75.44 75.19 74.95 74.70 74.37 73.68 73.67 73.54 73.52 73.50 73.59 73.76 73.92 73.19 65.27 66.50 71.17 72.21 72.88 73.23 73.49 70.57 74.42 74.74 74.96 75.18 75.30 75.51 75.57 75.58 75.19 75.14 75.18 75.26 75.34 75.39 75.45 75.47 75.51 75.61 75.52 75.78 76.15 76.33 76.54 76.65 77.30 77.43 77.32 76.66 76.56 76.36 77.11 76.49 76.35 76.04 75.88 75.87 76.01 75.92 75.98 75.97 75.97 77.55 75.99 76.67 75.93 75.79 75.82 75.83 75.97 75.95 75.62 75.63 75.67 75.73 75.74 75.71 75.40 75.31 75.36 75.43 75.51 75.42 75.57 75.81 75.22 75.21 75.40 75.12 75.06 74.95 74.79 74.59 74.68 74.78 74.72 74.58 74.31 74.23 74.25 74.33 74.53 74.88 75.34 75.89 76.71 77.65 77.68 77.66 77.61 77.53 77.51 77.45 77.37 77.08 76.54 76.31 75.94 75.98 76.03 76.02 76.08 76.06 76.34 76.22 76.43 76.52 76.61 76.78 76.89 76.93 76.70 76.63 76.40 76.14 75.91 75.69 75.59 75.74 75.75 75.87 75.96 76.00 76.11 76.09 76.12 76.15 76.04 76.48 76.45 76.55 76.58 76.74 76.73 76.07 76.58
15°N ||     76.86 77.02 77.05 77.26 77.22 77.13 77.33 77.47 77.50 77.56 77.63 77.73 77.71 77.69 77.68 77.48 76.87 76.42 76.04 76.01 75.59 73.04 68.49 67.88 70.35 74.86 74.61 74.50 74.27 73.83 73.74 73.62 73.63 73.69 73.77 73.88 73.89 72.70 70.70 71.10 72.41 73.05 73.46 73.71 74.13 74.66 74.84 75.04 75.19 75.29 75.47 75.56 75.61 75.24 75.25 75.24 75.31 75.40 75.45 75.46 75.50 75.50 75.46 75.67 76.17 76.40 76.59 76.74 76.78 77.22 77.49 77.37 77.02 76.75 77.12 76.69 76.68 76.36 76.22 76.16 76.39 76.01 75.70 76.89 76.03 75.97 76.02 75.97 75.98 76.00 76.48 76.07 75.88 75.82 75.89 75.73 75.76 75.80 75.83 75.90 75.81 75.78 75.50 75.46 75.51 75.52 75.42 75.85 75.67 75.08 75.25 75.28 75.32 75.35 75.01 74.95 74.78 74.65 74.71 74.71 74.55 74.63 74.48 74.54 74.62 74.77 75.04 75.55 76.14 77.56 77.61 77.53 77.64 77.57 77.50 77.47 77.40 77.34 77.11 76.68 76.44 76.32 76.21 76.18 76.15 76.18 76.25 76.35 76.59 76.67 76.78 76.89 76.91 76.98 77.01 76.98 76.69 76.34 75.98 75.71 75.51 75.39 75.25 75.39 75.51 75.77 75.89 75.98 75.99 76.04 76.09 76.12 76.25 76.40 76.46 76.56 76.59 76.81 76.34 77.49
17°N ||     76.95 77.10 77.14 77.27 76.79 77.28 77.33 77.42 77.57 77.61 77.70 77.77 77.81 77.80 77.84 77.07 76.62 76.54 76.17 76.18 75.18 67.56 63.70 62.53 65.42 72.52 74.57 74.52 74.70 74.27 74.00 73.74 73.67 73.73 73.79 73.89 73.90 73.70 72.65 72.53 73.02 73.25 73.53 73.79 74.19 74.68 74.93 75.11 75.24 75.34 75.42 75.61 75.57 75.13 75.16 75.33 75.36 75.42 75.45 75.48 75.52 75.59 75.71 76.04 76.23 76.61 76.80 77.01 77.26 77.33 77.18 77.36 77.28 77.08 77.18 76.85 76.47 76.54 76.44 76.14 76.04 75.85 76.13 76.61 75.95 75.99 76.01 77.25 76.03 76.22 76.02 76.00 75.86 75.80 75.87 75.94 75.89 75.90 75.89 75.99 75.97 75.88 75.67 75.60 75.76 75.74 75.74 75.71 75.36 75.21 75.33 75.34 75.24 75.13 75.08 75.01 74.83 74.33 74.62 74.71 74.74 74.73 74.68 74.74 74.80 74.93 75.42 75.64 76.22 77.38 77.54 77.57 77.54 77.49 77.47 77.46 77.40 77.25 77.11 76.90 76.68 76.74 76.57 76.56 76.54 76.69 76.72 76.79 76.88 76.97 77.03 77.04 77.06 77.14 77.11 77.10 76.89 76.30 75.97 75.56 75.31 75.05 74.86 74.87 75.13 75.63 75.81 75.85 75.85 75.93 76.02 76.14 76.25 76.37 76.36 76.51 76.83 76.82 76.71 77.02
19°N ||     76.93 77.10 77.23 77.29 77.35 77.26 77.31 77.45 77.59 77.66 77.74 77.84 77.87 77.88 77.92 77.18 76.66 76.37 75.85 76.02 75.47 67.69 63.80 62.93 64.99 72.73 74.77 74.87 74.89 74.78 74.30 73.87 73.61 73.53 73.54 73.80 73.93 73.91 73.47 73.32 73.41 73.49 73.58 73.77 74.06 74.53 74.99 75.16 75.30 75.35 75.42 75.63 75.48 75.52 75.12 75.25 75.36 75.40 75.47 75.48 75.58 75.59 75.84 76.21 76.55 76.83 77.15 77.25 77.45 77.47 77.58 77.49 77.45 77.35 77.26 76.81 76.69 76.74 77.10 76.22 76.08 75.99 76.14 76.10 77.11 75.91 75.97 75.85 75.99 76.03 76.05 76.06 76.34 75.95 75.93 75.99 75.95 75.95 75.94 75.97 75.99 75.79 76.60 75.79 75.89 75.62 75.50 75.69 75.48 75.43 75.34 75.25 75.10 75.06 75.08 75.24 74.71 74.84 74.67 74.92 75.04 75.17 74.75 74.79 74.86 75.01 75.36 75.25 75.92 76.57 77.17 77.48 77.42 77.41 77.39 77.33 77.32 77.27 77.17 77.08 77.06 77.04 77.13 77.03 77.04 77.01 77.12 77.13 77.14 77.21 77.27 77.23 77.34 77.30 77.29 77.15 76.95 76.29 75.80 75.41 74.94 74.62 74.52 74.74 74.78 74.05 75.63 75.73 75.79 75.87 75.98 76.11 76.24 76.36 76.41 76.66 76.37 76.91 76.86 76.99
21°N ||     77.30 77.20 77.18 77.38 77.50 77.49 77.48 77.57 77.70 77.74 77.84 77.88 77.92 77.94 77.94 77.14 76.65 75.99 75.85 76.10 75.87 69.77 67.34 66.40 68.32 74.37 75.10 75.10 75.02 74.83 74.50 74.04 73.58 73.34 73.15 73.06 73.87 73.89 73.74 73.61 73.58 73.60 73.67 73.80 74.05 74.50 75.05 75.15 75.24 75.33 75.34 75.52 75.65 75.73 75.19 75.25 75.28 75.37 75.40 75.50 75.57 75.61 75.99 76.24 76.60 77.25 77.34 77.41 77.52 77.56 77.57 77.55 77.40 77.43 77.33 77.00 76.92 76.96 76.58 76.22 76.26 76.52 76.18 76.08 75.89 76.15 76.31 75.98 76.01 76.08 76.02 76.02 75.96 75.94 76.06 76.01 75.96 75.98 75.98 75.97 76.05 75.82 75.71 75.90 75.63 75.72 75.88 75.25 75.49 75.70 75.22 75.08 75.07 75.12 75.12 75.24 74.92 74.93 74.18 75.10 75.14 75.11 74.59 74.73 74.96 75.01 75.32 75.21 75.51 75.83 76.44 76.62 77.02 77.13 77.12 77.28 77.26 77.26 77.25 77.21 77.23 77.32 77.30 77.31 77.33 77.30 77.36 77.39 77.39 77.35 77.41 77.38 77.42 77.33 77.38 77.38 77.18 76.36 75.74 75.16 74.50 74.34 74.28 74.26 74.66 75.12 75.47 75.60 75.71 75.84 76.00 76.11 76.22 76.31 76.52 76.58 76.38 76.95 76.96 77.07
23°N ||     77.24 77.30 77.35 77.45 77.51 77.60 77.65 77.74 77.79 77.82 77.88 77.90 77.92 77.92 77.94 77.18 76.42 75.91 76.08 76.25 76.27 74.61 72.64 72.01 74.74 75.53 75.29 75.22 75.10 74.75 74.40 74.04 73.66 73.22 72.97 72.88 73.61 73.89 73.83 73.60 73.60 73.41 73.67 73.85 73.89 74.65 74.85 75.05 75.13 75.24 75.30 75.38 75.50 75.68 75.52 75.34 75.77 76.38 76.18 75.72 75.62 75.50 76.02 76.26 76.66 77.21 77.42 77.50 77.59 77.64 77.58 77.65 77.38 77.60 77.49 77.25 77.20 77.23 77.15 76.60 76.25 76.01 75.88 76.02 75.94 76.04 76.04 76.05 76.03 75.94 76.09 76.13 76.07 76.01 76.14 76.17 76.31 75.86 76.09 76.07 75.98 75.85 75.72 75.84 75.86 75.81 75.80 75.66 75.46 75.57 75.39 75.19 75.19 75.06 75.04 75.07 75.16 74.91 74.34 75.04 75.13 74.98 75.58 75.36 74.94 74.91 75.12 75.27 75.35 75.62 75.85 76.06 76.29 76.56 76.87 77.13 77.23 77.28 77.34 77.36 77.36 77.51 77.41 77.53 77.57 77.61 77.65 77.60 77.72 77.64 77.66 77.62 77.61 77.61 77.65 77.55 77.47 76.50 75.70 75.08 74.61 74.28 74.13 72.61 73.44 74.71 75.29 75.54 75.73 75.85 76.00 76.12 76.27 76.43 76.66 76.52 76.83 76.93 76.68 77.18
25°N ||     77.30 77.34 77.33 77.52 77.64 77.65 77.72 77.75 77.78 77.83 77.88 77.89 77.90 77.91 77.92 77.24 76.25 76.02 76.08 75.95 76.28 76.18 76.15 76.12 75.87 75.60 75.16 75.28 74.97 74.61 74.20 73.92 73.50 73.12 72.89 72.41 72.46 73.80 73.88 73.58 73.68 73.61 73.72 73.00 74.15 74.67 74.93 75.02 75.08 75.15 75.04 75.26 75.28 75.76 75.27 75.30 75.35 75.31 75.84 76.62 76.77 75.82 76.16 76.85 77.18 77.45 77.54 77.56 77.62 77.67 77.67 77.63 77.58 77.51 77.28 77.38 77.36 77.43 77.56 76.92 76.63 76.12 76.05 76.19 76.28 76.07 76.13 76.08 76.10 75.97 76.07 76.24 76.10 76.12 76.13 76.51 76.20 76.10 76.03 76.09 75.82 75.84 75.93 75.85 75.78 76.00 75.91 75.62 75.75 75.67 75.41 75.54 75.49 75.45 75.67 75.12 75.25 74.68 74.86 74.46 74.76 74.70 74.72 74.93 74.96 75.05 74.99 74.95 75.39 75.26 75.77 76.12 76.09 76.33 76.91 77.19 77.28 77.44 77.49 77.53 77.61 77.65 77.70 77.78 77.88 77.96 78.02 78.03 78.02 77.96 77.90 77.87 77.89 77.84 77.77 77.69 77.54 77.36 75.99 75.35 74.56 74.24 72.66 66.45 72.42 74.60 75.31 75.59 75.72 75.87 76.11 76.09 76.32 76.49 76.78 76.82 76.94 76.92 77.14 77.21
27°N ||     77.42 77.48 77.51 77.49 77.68 77.61 77.78 77.81 77.82 77.84 77.86 77.87 77.87 77.88 77.89 77.41 76.37 76.04 76.08 76.04 75.99 76.05 75.68 75.80 75.81 75.67 75.51 75.08 74.78 74.49 74.07 73.74 73.42 73.05 72.43 72.35 72.65 73.96 74.13 73.77 73.92 73.90 73.94 73.01 73.84 74.65 74.88 74.97 75.03 74.93 74.78 74.86 75.32 75.51 75.71 75.86 75.80 76.00 76.08 76.62 76.28 75.71 77.13 77.27 77.39 77.46 77.46 77.55 77.65 77.68 77.50 77.63 77.63 77.56 77.35 77.59 77.43 77.50 77.59 77.58 76.86 76.62 76.43 76.32 76.37 76.18 76.08 76.03 76.09 76.11 76.16 76.18 76.12 76.09 76.17 76.07 76.26 76.18 75.95 75.82 76.33 75.77 75.91 75.92 75.58 76.13 75.38 75.68 75.75 75.60 75.58 75.63 75.59 75.53 75.46 75.54 75.44 75.78 75.21 74.98 75.15 75.56 74.92 75.11 75.17 74.77 74.58 75.14 75.52 75.31 75.81 75.96 76.22 76.74 77.13 77.35 77.53 77.54 77.61 77.70 77.76 77.88 77.95 78.11 78.23 78.25 78.30 78.25 78.24 78.16 78.11 78.12 78.02 77.93 77.81 77.72 77.58 77.41 76.73 75.48 74.86 74.39 73.68 73.06 73.74 75.09 75.51 75.68 75.79 75.93 75.98 76.29 76.46 76.63 76.85 77.01 77.01 77.07 77.20 77.34
29°N ||     77.55 77.59 77.65 77.70 77.77 77.77 77.81 77.85 77.86 77.85 77.87 77.89 77.88 77.74 77.90 77.86 77.19 76.25 75.95 75.97 75.97 76.01 75.67 75.60 75.92 75.74 75.28 74.99 74.69 74.33 73.98 73.63 73.39 73.01 71.89 72.25 73.18 73.98 74.09 73.92 74.18 74.23 74.19 74.29 74.48 74.67 74.89 75.00 75.00 74.72 74.79 74.98 75.00 75.53 75.58 75.66 75.67 75.94 76.02 76.24 76.20 76.52 76.99 76.77 76.50 77.27 77.36 77.48 77.61 77.67 77.61 77.69 77.65 77.69 77.65 77.62 77.54 77.59 77.66 77.71 77.68 76.98 76.74 76.53 76.62 76.24 76.13 78.15 76.16 76.11 76.20 76.39 76.19 76.27 76.07 76.10 76.20 76.19 75.97 75.97 75.86 75.99 75.89 75.93 75.75 75.65 75.48 75.59 75.62 75.46 75.61 75.57 75.72 75.91 75.86 75.84 75.57 75.24 75.18 75.13 75.29 75.10 75.00 75.10 74.90 75.24 75.75 75.94 75.91 76.04 76.13 76.37 76.89 77.07 77.27 77.52 77.58 77.69 77.82 77.94 78.05 78.16 78.32 78.42 78.48 78.58 78.54 78.39 78.47 78.35 78.31 78.20 78.10 77.96 77.88 77.82 77.69 77.58 77.14 75.99 75.46 75.06 74.63 74.61 75.00 75.55 75.70 75.78 75.86 75.96 76.27 76.40 76.64 76.85 77.05 77.20 77.22 77.25 77.42 77.50
31°N ||     77.74 77.68 77.78 77.79 77.80 77.81 77.83 77.88 77.90 77.88 77.87 77.90 77.91 77.91 77.90 77.88 77.50 76.91 76.58 76.51 76.27 76.17 75.94 75.89 76.04 75.38 75.16 74.93 74.54 74.25 73.90 73.78 73.31 73.05 72.60 72.66 73.22 74.05 74.09 74.08 74.27 74.37 74.49 74.50 74.62 74.75 74.88 75.03 74.96 74.55 74.97 75.06 75.10 75.26 75.34 75.43 75.58 75.62 75.75 76.15 76.03 76.41 76.60 76.79 77.07 77.10 77.31 77.40 77.45 77.63 77.66 77.66 77.71 77.77 77.73 77.83 77.62 77.68 77.76 77.70 77.69 77.59 77.19 77.45 76.95 76.66 76.27 76.10 76.26 76.31 76.37 76.26 76.18 76.15 76.53 76.26 76.11 75.98 75.93 76.10 75.85 75.88 75.97 75.96 75.81 75.77 75.54 75.55 75.64 75.54 75.50 75.47 75.72 75.84 75.79 75.78 75.50 75.27 75.39 75.41 75.36 75.73 75.17 75.08 75.38 75.26 75.56 76.04 75.97 76.14 76.36 76.83 76.96 77.25 77.41 77.56 77.71 77.87 78.08 78.21 78.31 78.43 78.73 78.60 78.71 78.77 78.72 78.65 78.60 78.49 78.35 78.28 78.35 78.07 78.06 77.97 77.85 77.74 77.42 76.97 76.05 75.78 75.64 75.62 75.49 75.23 75.88 75.89 75.96 76.05 75.86 77.51 76.96 76.27 77.31 76.94 77.44 77.48 77.51 77.68
33°N ||     77.86 77.36 77.77 77.78 77.85 77.83 77.85 77.89 77.87 77.89 77.89 77.92 77.93 77.93 77.98 77.96 77.92 77.55 76.84 76.13 76.24 76.21 76.27 76.16 75.60 75.26 75.07 74.82 74.61 74.07 73.76 73.48 73.10 72.76 72.48 72.59 73.16 73.96 74.23 74.31 74.43 74.55 74.60 74.66 74.58 74.74 74.74 74.64 74.63 74.74 74.97 75.14 75.17 75.12 75.30 75.51 75.61 75.66 75.63 75.68 75.66 75.67 75.99 76.76 76.76 77.27 77.37 77.42 77.47 77.59 77.69 77.84 77.84 77.84 77.80 77.91 77.87 77.89 77.88 77.73 77.86 77.85 77.65 77.35 77.08 76.74 76.42 76.24 76.51 76.35 76.33 76.05 76.25 76.25 76.30 76.10 76.17 75.97 76.12 76.20 75.79 75.76 75.91 75.69 76.12 75.60 75.65 75.50 75.63 75.36 75.23 75.37 75.61 75.71 75.63 75.47 75.45 75.55 75.41 75.71 75.65 75.73 75.68 75.35 75.53 75.83 75.87 76.09 76.24 76.60 76.74 77.04 77.19 77.38 77.54 77.70 77.88 78.12 78.28 78.37 78.54 78.62 78.72 78.80 78.95 78.79 78.74 78.71 78.65 78.40 78.48 78.41 78.31 78.16 78.02 78.15 78.10 77.97 77.83 77.69 77.44 77.13 76.96 76.59 76.37 75.86 76.27 76.11 76.07 76.20 76.27 76.92 77.22 77.31 77.47 77.56 77.60 77.70 77.76 77.83
35°N ||     77.95 77.89 77.88 77.84 77.87 77.86 77.88 77.88 77.87 77.90 77.92 77.92 77.93 77.93 77.99 77.94 77.99 77.92 77.46 75.65 76.03 76.19 76.06 75.71 75.15 75.25 75.05 74.79 74.42 73.92 73.43 72.87 72.35 72.10 71.94 71.90 72.33 72.97 73.95 74.47 74.62 74.68 74.72 74.70 74.17 74.36 74.83 74.96 74.78 74.70 74.97 74.89 74.79 74.91 75.21 75.51 75.63 75.71 75.72 75.75 75.76 75.73 75.96 76.73 77.17 77.31 77.39 77.39 77.50 77.60 77.64 77.86 77.79 77.90 77.92 78.02 78.00 78.10 78.01 77.94 77.92 77.87 77.89 77.33 77.15 76.85 76.74 76.62 76.45 76.55 76.13 76.17 76.20 76.50 76.65 76.07 76.19 76.04 76.15 76.02 76.04 75.97 75.94 75.88 75.86 75.67 75.57 75.90 75.54 75.27 75.65 75.33 75.37 75.31 75.24 75.20 75.35 75.45 75.52 75.84 75.87 75.82 76.20 76.06 75.97 76.24 76.18 76.26 76.51 76.73 76.98 77.21 77.31 77.50 77.62 77.85 78.03 78.26 78.43 78.57 78.63 78.71 78.88 78.98 79.04 79.01 78.90 78.87 78.70 78.67 78.55 78.26 78.41 78.27 78.24 78.22 78.15 78.05 78.04 77.92 77.84 77.65 77.58 77.53 77.33 77.22 76.93 76.51 76.33 76.40 76.44 76.81 76.87 77.43 77.53 77.60 77.70 77.86 77.94 77.98
37°N ||     78.05 77.91 77.92 77.84 77.92 77.89 77.92 77.91 77.88 77.89 77.92 77.93 77.94 77.92 77.90 77.89 77.87 77.81 77.78 76.09 76.06 75.98 75.79 75.58 75.26 75.28 75.07 74.81 74.47 73.67 72.70 71.97 71.29 70.87 70.87 71.25 71.64 71.78 72.72 73.87 74.58 74.82 74.85 74.82 74.75 74.64 74.74 74.86 74.96 75.18 74.78 74.68 74.58 74.45 74.88 75.30 75.61 75.69 75.71 75.70 75.75 75.71 76.15 76.83 77.16 77.29 77.37 77.44 77.50 77.65 77.69 77.80 77.85 77.99 78.02 78.13 78.23 78.20 78.20 78.09 78.14 78.09 78.01 77.97 77.76 77.62 77.56 77.39 77.08 77.43 76.47 76.32 76.18 76.15 76.33 76.18 76.34 76.54 76.08 76.43 76.12 76.29 76.03 76.52 76.11 76.10 75.83 75.70 75.61 75.42 75.34 75.28 75.27 75.14 75.15 75.15 75.26 75.59 76.25 76.07 75.97 75.83 75.94 75.87 76.18 76.28 76.34 76.39 76.78 76.93 77.15 77.36 77.47 77.58 77.83 78.02 78.12 78.36 78.50 78.71 78.79 78.94 79.06 79.09 79.12 79.15 79.09 78.97 78.93 78.79 78.71 78.64 78.58 78.44 78.55 78.51 78.33 78.16 78.16 78.01 77.86 77.79 77.58 77.50 77.30 77.24 77.03 76.80 76.65 76.65 76.61 76.92 76.82 77.56 77.60 77.68 77.86 77.89 77.97 77.99
39°N ||     78.00 77.96 77.98 77.92 77.62 77.93 77.94 77.74 77.92 77.91 77.89 77.90 77.86 77.86 77.85 77.83 77.83 77.88 77.70 77.25 75.86 75.76 75.95 75.63 75.61 75.33 75.17 74.95 74.34 73.15 71.92 70.84 70.16 70.07 69.75 70.01 71.24 71.49 71.91 73.07 74.29 74.85 74.95 74.91 74.72 74.80 74.67 74.03 74.83 74.87 74.85 74.73 74.47 74.24 74.53 75.03 75.43 75.58 75.66 75.64 75.87 75.90 75.93 76.45 77.18 77.35 77.39 77.43 77.56 77.67 77.80 77.91 77.93 78.10 78.19 78.25 78.29 78.34 78.36 78.46 78.22 78.23 78.20 78.16 78.04 77.66 77.79 77.60 77.26 77.21 77.04 76.64 76.63 76.56 76.50 76.28 76.18 76.14 76.53 76.36 76.52 77.32 76.49 76.02 76.60 75.95 75.87 75.83 75.74 75.75 75.58 75.34 75.90 75.23 75.26 75.48 75.37 75.51 76.20 76.20 76.22 76.21 76.24 76.35 76.38 76.47 76.58 76.79 76.90 77.12 77.30 77.48 77.53 77.77 77.92 78.12 78.26 78.39 78.63 78.67 79.01 79.14 79.18 79.18 79.18 79.20 79.12 79.09 79.00 79.07 78.87 78.83 78.69 78.67 78.62 78.57 78.50 78.26 78.02 78.07 77.91 77.82 77.67 77.51 77.32 77.32 77.18 77.06 77.00 76.91 76.84 76.52 75.98 77.63 77.67 77.69 77.86 77.97 78.01 77.96
41°N ||     77.99 78.00 78.02 78.00 77.97 77.94 77.91 77.93 77.90 77.89 77.89 77.90 77.86 77.90 77.82 77.85 77.80 77.61 77.50 77.21 76.69 76.29 76.02 75.87 75.68 75.50 75.35 75.01 74.30 72.98 71.60 70.73 70.43 70.37 69.65 70.06 71.11 71.69 72.24 73.41 74.45 74.92 74.97 74.94 74.44 74.86 74.74 74.48 74.71 74.64 74.65 74.54 74.54 74.64 74.82 74.95 75.29 75.56 75.58 75.55 75.73 75.92 75.93 76.35 77.02 77.42 77.48 77.42 77.62 77.75 77.84 78.00 78.08 78.18 78.30 78.39 78.44 78.47 78.48 78.47 78.45 78.43 78.35 78.52 78.50 78.16 77.96 77.90 77.65 77.69 77.21 77.61 77.32 77.05 77.13 76.65 76.43 76.90 76.25 76.64 77.45 77.45 77.38 76.26 76.47 75.85 75.79 75.98 76.01 75.89 75.76 75.88 76.82 76.19 75.69 75.84 76.39 75.72 76.30 76.21 76.27 76.26 76.55 76.61 76.74 76.65 76.84 76.88 77.12 77.34 77.43 77.49 77.64 77.80 78.07 78.23 78.41 78.50 78.80 78.92 79.02 79.19 79.21 79.21 79.20 79.16 79.18 79.15 79.11 79.01 78.94 78.97 78.95 78.84 78.73 78.61 78.51 78.43 78.29 78.14 77.98 77.80 77.70 77.57 77.39 77.40 77.34 77.25 77.25 77.09 76.35 76.65 76.39 77.51 77.66 77.79 77.82 77.96 77.96 78.02
43°N ||     78.00 78.05 78.05 78.01 77.98 77.97 77.94 77.92 77.91 77.91 77.89 77.94 77.91 77.92 77.83 77.81 77.71 77.58 77.29 76.88 76.54 76.27 76.07 75.92 75.78 75.65 75.47 75.28 74.76 73.88 72.65 71.61 71.13 70.98 70.88 71.03 71.62 72.01 73.68 74.63 75.06 75.16 75.06 75.03 75.05 74.69 74.90 74.40 74.67 74.71 74.64 74.75 74.28 74.69 75.09 75.02 75.14 75.46 75.61 75.80 75.78 75.82 75.95 76.38 77.01 77.47 77.61 77.66 77.74 77.85 78.03 78.12 78.30 78.36 78.68 78.46 78.56 78.51 78.59 78.60 78.57 78.56 78.43 78.46 78.51 78.28 78.21 77.98 77.92 77.95 77.84 77.76 77.75 77.60 77.38 77.00 76.84 76.69 77.20 77.34 77.54 77.42 76.84 77.30 76.82 77.24 77.04 77.21 75.85 75.79 75.70 76.37 75.80 75.64 76.50 76.55 76.39 76.28 76.34 76.46 76.51 76.53 76.93 77.22 76.89 76.89 76.94 77.22 77.38 77.44 77.39 77.64 77.66 77.88 78.09 78.34 78.49 78.53 78.78 78.96 79.10 79.18 79.14 79.00 79.20 79.14 79.10 79.02 79.16 78.91 78.95 78.93 78.86 78.82 78.83 78.70 78.57 78.52 78.22 78.15 77.98 77.81 77.62 77.57 77.50 77.45 77.35 77.40 77.39 77.20 76.90 76.64 76.22 77.45 77.79 77.79 77.95 77.97 78.03 78.08
45°N ||     78.12 78.11 78.06 78.06 78.04 78.01 77.98 77.93 77.91 77.94 77.94 77.88 77.88 77.84 77.82 77.72 77.57 77.37 77.08 76.80 76.48 76.25 76.10 75.99 75.91 75.81 75.69 75.52 75.23 74.73 74.27 73.87 73.72 72.31 71.68 71.53 72.16 73.49 74.34 74.92 75.18 75.28 75.27 75.33 75.41 75.49 75.53 75.39 74.92 74.63 74.30 74.64 75.10 75.06 75.06 75.23 75.62 75.52 75.62 75.85 75.95 76.14 76.30 76.63 77.06 77.55 77.61 77.78 77.89 78.02 78.10 78.31 78.39 78.50 78.49 78.66 78.65 78.66 78.77 78.77 78.63 78.68 78.63 78.60 78.53 78.47 78.27 78.34 78.24 78.04 78.02 78.12 77.89 77.78 77.75 77.68 77.33 77.13 77.51 77.50 77.11 76.83 76.61 77.36 76.84 77.26 77.30 77.32 76.81 76.36 76.05 76.52 76.33 76.21 76.57 76.36 76.20 76.52 76.58 76.68 76.64 76.87 76.98 77.15 77.15 77.23 77.27 77.30 77.45 77.52 77.61 77.63 77.86 77.96 78.27 78.43 78.58 78.75 78.82 78.96 79.07 79.19 79.18 79.19 79.17 79.07 79.11 79.13 79.10 79.08 78.98 79.04 78.98 78.77 78.84 78.80 78.66 78.47 78.17 78.05 77.97 77.74 77.62 77.58 77.57 77.54 77.53 77.53 77.53 77.47 77.36 77.05 76.51 77.61 77.62 77.69 77.89 78.08 78.07 78.12
47°N ||     78.14 78.12 78.11 78.05 78.03 78.02 77.98 77.98 77.91 77.99 77.96 77.91 77.90 77.82 77.71 77.66 77.43 77.26 77.03 76.78 76.48 76.33 76.21 76.13 76.04 75.96 75.85 75.78 75.66 75.48 75.31 75.23 75.23 75.20 74.53 74.38 74.84 75.04 75.10 75.14 75.25 75.32 75.31 75.35 75.46 75.56 75.57 75.55 74.89 74.70 75.02 75.27 75.63 75.44 75.51 75.80 75.66 76.21 75.66 75.83 76.01 76.25 76.64 77.09 77.44 77.65 77.77 77.86 78.08 78.14 78.32 78.43 78.49 78.58 78.62 78.61 78.53 78.39 78.79 78.80 78.76 78.82 78.73 78.72 78.63 78.59 78.57 78.52 78.42 78.33 78.24 78.21 78.17 78.09 77.87 77.92 77.76 77.65 77.66 77.69 77.58 77.49 77.69 77.43 77.16 77.37 77.03 77.05 77.27 76.86 76.53 76.77 76.80 76.93 76.97 76.32 76.61 76.72 76.81 76.98 77.00 77.09 77.27 77.16 77.36 77.37 77.38 77.42 77.53 77.58 77.75 77.81 77.96 78.09 78.65 78.69 78.61 78.71 78.84 78.94 79.06 79.18 79.18 79.13 79.14 79.11 79.09 79.09 79.00 79.11 79.07 79.04 78.93 78.92 78.92 78.75 78.58 78.40 78.27 77.59 77.73 77.92 77.75 77.73 77.69 77.66 77.67 77.62 77.65 77.64 77.61 77.46 77.52 77.59 77.68 77.88 77.91 78.04 78.08 78.16
49°N ||     78.18 78.15 78.13 78.08 78.10 78.08 78.05 78.04 77.99 77.98 77.99 77.91 77.89 77.77 77.65 77.52 77.33 77.20 77.03 76.81 76.61 76.50 76.36 76.24 76.11 76.04 75.99 75.93 75.88 75.81 75.75 75.69 75.64 75.59 75.52 75.54 75.56 75.54 75.42 75.34 75.33 75.41 75.41 75.28 75.38 75.48 75.50 75.50 75.79 75.10 76.34 76.59 76.76 76.38 76.31 75.83 75.86 75.87 76.39 75.92 76.25 76.59 77.06 77.39 77.49 77.79 77.96 78.12 78.16 78.38 78.40 78.50 78.61 78.64 78.67 78.70 78.75 78.85 78.90 78.90 78.91 78.85 78.84 78.80 78.78 78.72 78.71 78.58 78.54 78.49 78.43 78.34 78.19 78.12 78.04 78.06 77.93 77.95 77.94 77.88 77.64 77.77 77.48 77.56 79.80 77.90 77.14 77.46 77.35 77.08 76.95 77.07 77.00 76.96 76.79 77.10 77.04 77.11 77.19 77.14 77.17 77.24 77.37 77.36 77.36 77.44 77.41 77.50 77.57 77.68 77.83 77.95 78.09 78.25 78.57 78.66 78.60 78.77 78.77 78.94 79.02 79.09 79.15 79.14 79.10 79.12 79.10 79.10 79.04 78.94 79.09 78.99 78.88 78.81 78.82 78.62 78.52 78.34 78.28 77.67 77.55 78.00 77.86 77.84 77.83 77.80 77.82 77.79 77.72 77.78 77.73 77.76 77.30 77.54 77.99 77.95 77.93 78.14 78.25 78.14
51°N ||     78.21 78.20 78.15 78.15 78.15 78.15 78.05 78.03 78.04 78.01 77.96 77.87 77.80 77.71 77.59 77.45 77.28 77.10 76.97 76.82 76.54 76.56 76.43 76.28 76.22 76.15 76.08 76.03 75.98 75.94 75.89 75.83 75.76 75.73 75.73 75.73 75.68 75.65 75.56 75.48 75.44 75.46 75.50 75.53 75.49 75.60 75.74 75.91 76.25 76.44 76.62 76.77 76.95 77.04 77.05 76.65 76.03 75.95 76.09 76.51 76.77 77.14 77.39 77.74 77.78 77.94 78.07 78.24 78.37 78.46 78.60 78.70 78.77 78.78 78.84 78.88 78.90 78.82 79.10 79.17 78.96 78.95 79.00 78.74 78.90 78.83 78.71 78.68 78.73 78.62 78.60 78.52 78.42 78.33 78.25 78.19 78.12 77.94 78.10 77.96 77.94 77.92 77.52 79.14 79.76 77.74 76.93 77.49 77.43 77.30 77.30 77.27 77.26 77.30 77.40 77.27 77.32 77.29 77.37 77.39 77.37 77.43 77.39 77.41 77.46 77.48 77.44 77.56 77.62 77.70 77.80 77.97 78.14 78.27 78.44 78.46 78.66 78.73 78.87 78.94 79.02 79.07 79.16 79.14 79.16 79.14 79.07 79.13 79.11 79.05 79.02 78.92 78.91 78.73 78.53 78.58 78.48 78.37 78.29 78.22 78.12 78.07 78.01 77.94 77.92 77.94 77.88 77.91 77.86 77.85 77.84 77.87 77.77 77.98 77.99 77.90 77.99 78.17 78.27 78.25
53°N ||     78.23 78.19 78.24 78.23 78.21 78.18 78.13 78.07 78.03 77.93 77.95 77.88 77.77 77.67 77.53 77.33 77.08 77.09 77.02 76.88 76.77 76.68 76.54 76.45 76.34 76.26 76.19 76.12 76.09 76.02 75.98 75.95 75.90 75.87 75.88 75.86 75.85 75.78 75.70 75.63 75.58 75.58 75.62 75.66 75.76 75.89 75.98 76.13 76.32 76.59 76.80 76.93 77.02 77.12 77.19 77.27 76.55 76.77 76.38 77.13 77.62 77.74 77.86 77.93 78.04 78.17 78.36 78.46 78.57 78.63 78.81 78.87 78.90 78.94 79.00 79.06 79.08 79.05 79.13 79.10 79.04 79.10 79.05 79.09 79.01 79.12 79.06 78.89 78.86 78.72 78.74 78.66 78.55 78.51 78.38 78.28 78.31 78.49 78.17 78.14 77.97 77.96 77.84 77.72 77.43 77.44 77.42 77.63 77.52 77.57 77.50 77.50 77.43 77.50 77.49 77.46 77.53 77.60 77.50 77.57 77.51 77.49 77.41 77.46 77.50 77.46 77.46 77.58 77.63 77.69 77.86 78.01 78.13 78.25 78.24 78.42 78.53 78.68 78.71 78.79 78.82 78.91 78.93 79.02 79.05 79.07 79.01 79.02 78.91 78.91 78.93 78.92 78.75 78.61 78.55 78.45 78.50 78.39 78.33 78.25 78.19 78.11 78.07 78.04 78.03 78.00 78.03 78.01 77.81 77.90 77.87 77.97 77.95 77.95 77.99 78.12 78.24 78.23 78.29 78.30
55°N ||     78.36 78.32 78.26 78.17 78.20 78.07 78.10 78.11 78.05 78.00 77.96 77.85 77.79 77.66 77.61 77.39 78.71 77.02 77.09 77.01 76.91 76.80 76.71 76.65 76.51 76.40 76.31 76.22 76.16 76.12 76.08 76.07 76.03 76.03 76.01 76.02 75.97 75.94 75.90 75.84 75.78 75.79 75.76 75.79 75.86 75.99 76.15 76.81 76.76 76.96 77.04 77.06 77.31 77.21 77.31 77.43 77.54 77.59 77.77 77.88 77.98 78.08 78.24 78.32 78.44 78.54 78.59 78.69 78.76 78.85 78.97 79.02 79.05 79.12 79.16 79.13 79.17 79.18 79.23 79.31 79.14 79.17 79.21 79.16 79.24 79.13 79.01 78.99 78.88 78.89 78.84 78.80 78.71 78.61 78.45 78.42 78.40 78.37 78.30 78.21 78.15 78.07 77.96 77.95 77.90 77.79 77.72 77.73 77.73 77.67 77.67 77.67 77.62 77.69 77.62 77.70 77.78 77.75 77.74 77.70 77.59 77.56 77.52 77.50 77.45 77.47 77.60 77.68 77.69 77.74 77.87 78.00 78.10 78.12 78.25 78.38 78.47 78.57 78.58 78.65 78.70 78.76 78.79 78.87 78.90 78.85 78.87 78.88 78.68 78.71 78.78 78.69 78.67 78.54 78.48 78.53 78.36 78.44 78.39 78.22 78.16 78.15 78.12 78.14 78.06 78.08 78.05 77.98 77.95 78.02 78.04 77.90 77.95 77.94 78.09 78.20 78.27 78.35 78.39 78.41
57°N ||     78.40 78.39 78.35 78.30 78.32 78.22 78.15 78.10 78.08 78.07 77.95 77.86 77.85 77.72 77.63 77.58 77.23 77.26 77.15 77.13 77.05 76.97 76.87 76.78 76.71 76.62 76.50 76.40 76.39 76.29 76.26 76.22 76.20 76.20 76.18 76.18 76.16 76.13 76.11 76.02 75.99 75.96 75.95 75.97 76.04 76.19 76.39 76.59 76.89 77.01 77.11 77.18 77.25 77.35 77.47 77.60 77.72 77.87 78.00 78.12 78.33 78.41 78.49 78.55 78.65 78.69 78.79 78.87 78.93 79.04 79.08 79.47 79.24 79.25 79.28 79.33 79.33 79.30 79.32 79.31 79.30 79.40 79.24 79.26 78.81 79.85 79.12 79.07 79.05 78.97 78.98 78.85 78.79 78.73 78.69 78.57 78.55 78.45 78.39 78.24 78.23 78.18 78.05 77.94 77.89 77.89 77.87 77.80 77.89 77.84 77.80 77.86 77.91 77.90 77.89 77.92 77.97 77.91 77.85 77.73 77.67 77.68 77.65 77.59 77.59 77.62 77.59 77.66 77.72 77.76 77.89 77.94 78.06 78.07 78.13 78.23 78.38 78.44 78.48 78.45 78.60 78.57 78.68 78.77 78.78 78.74 78.72 78.75 78.72 78.65 78.70 78.66 78.67 78.65 78.53 78.56 78.47 78.50 78.46 78.35 78.28 78.30 78.21 78.19 78.16 78.11 78.11 78.08 77.99 78.08 78.07 78.03 78.19 78.12 78.13 78.25 78.36 78.35 78.39 78.40
59°N ||     78.42 78.44 78.41 78.30 78.36 78.33 78.14 78.23 78.21 78.19 78.11 78.02 77.93 77.85 77.73 77.59 77.60 77.48 77.40 77.31 77.23 77.14 77.02 76.93 76.91 76.86 76.82 76.74 76.68 76.61 76.57 76.48 76.44 76.46 76.51 76.44 76.43 76.44 76.34 76.25 76.21 76.20 76.21 76.32 76.41 76.62 76.76 76.91 77.08 77.18 77.26 77.40 77.46 77.55 77.67 77.77 77.90 78.04 78.18 78.36 78.57 78.49 78.73 78.80 78.83 78.90 79.00 79.06 79.11 79.13 79.23 79.25 79.30 79.37 79.40 79.42 79.39 79.47 79.52 79.49 79.42 79.40 79.41 79.35 79.33 79.31 79.27 79.25 79.19 79.06 78.97 79.00 78.88 78.87 78.67 78.72 78.68 78.60 78.44 78.39 78.30 78.25 78.22 78.16 78.15 78.10 77.98 77.98 77.99 78.02 78.08 78.10 78.08 78.08 78.01 78.06 78.06 78.06 77.92 77.86 77.83 77.78 77.68 77.70 77.64 77.65 77.62 77.68 77.74 77.77 77.86 77.85 78.02 78.14 78.11 78.03 78.21 78.27 78.26 78.40 78.49 78.39 78.53 78.61 78.60 78.55 78.62 78.61 78.62 78.62 78.61 78.64 78.62 78.57 78.56 78.60 78.57 78.49 78.49 78.42 78.45 78.35 78.32 78.25 78.22 78.18 78.06 78.08 78.06 78.13 78.17 78.19 78.24 78.24 78.27 78.31 78.38 78.47 78.34 78.41
61°N ||     78.46 78.46 78.44 78.44 78.41 78.44 78.35 78.29 78.31 78.18 78.12 78.11 78.03 77.94 77.85 77.78 77.70 77.63 77.56 77.45 77.36 77.33 77.26 77.20 77.13 77.09 77.03 76.98 76.94 76.92 76.90 76.85 76.87 76.86 76.83 76.80 76.78 76.79 76.76 77.01 76.72 76.72 76.74 76.79 76.84 76.92 77.00 77.12 77.28 77.39 77.44 77.63 77.75 77.85 77.94 78.08 78.19 78.30 78.43 78.52 78.69 78.84 78.92 78.99 79.08 79.42 79.06 79.25 79.30 79.33 79.43 79.35 79.44 79.57 79.63 79.62 79.60 79.63 79.56 79.60 79.56 79.56 79.52 79.53 79.46 79.43 79.35 79.31 79.24 79.17 79.10 79.05 79.02 78.93 78.91 78.89 78.74 78.65 78.62 78.51 78.46 78.39 78.30 78.28 78.25 78.26 78.15 78.20 78.18 78.23 78.21 78.22 78.24 78.23 78.15 78.20 78.15 78.14 78.10 77.96 78.01 77.98 77.71 77.81 77.78 77.74 77.69 77.66 77.71 77.79 77.80 77.84 77.90 77.60 77.93 78.08 78.12 78.11 78.24 78.31 78.36 78.25 78.45 78.49 78.50 78.41 78.49 78.48 78.53 78.57 78.54 78.58 78.54 78.50 78.55 78.56 78.52 78.50 78.51 78.45 78.42 78.44 78.38 78.36 78.33 78.18 78.27 78.25 78.18 78.24 78.21 78.29 78.33 78.32 78.39 78.40 78.37 78.46 78.44 78.38
63°N ||     78.59 78.48 78.46 79.08 78.47 78.49 78.48 78.44 78.39 78.35 78.29 78.18 78.15 78.06 78.01 77.97 77.89 77.83 77.70 77.58 77.40 77.53 77.47 77.42 77.37 77.35 77.28 77.28 77.27 77.21 77.19 77.14 77.12 77.09 77.05 77.02 77.01 77.02 77.02 77.01 77.00 77.05 77.06 77.12 77.20 77.26 77.34 77.39 77.53 77.64 77.80 77.91 78.04 78.17 78.32 78.40 78.49 78.60 78.72 78.77 78.87 79.00 79.11 79.22 79.24 79.29 79.42 79.43 79.44 79.46 79.54 79.53 79.61 79.62 79.67 79.72 79.70 79.65 79.66 79.70 79.68 79.67 79.59 79.54 79.49 79.30 79.33 79.29 79.28 79.24 79.20 79.11 79.01 78.96 78.98 78.76 78.72 78.72 78.67 78.60 78.57 78.49 78.42 78.41 78.41 78.38 78.37 78.37 78.36 78.33 78.37 78.34 78.38 78.33 78.31 78.28 78.26 78.19 78.24 78.17 78.10 78.07 78.05 77.97 77.92 77.87 77.81 77.78 77.76 77.77 77.79 77.84 77.89 77.90 77.97 78.05 78.10 78.11 78.19 78.10 78.28 78.16 78.33 78.40 78.32 78.44 78.43 78.45 78.48 78.49 78.47 78.49 78.56 78.56 78.56 78.53 78.53 78.49 78.53 78.54 78.51 78.46 78.49 78.46 78.36 78.41 78.41 78.43 78.27 78.34 78.36 78.39 78.33 78.44 78.50 78.53 78.50 78.54 78.55 78.55
65°N ||     78.64 78.73 78.63 78.69 78.67 78.63 78.59 78.59 78.40 78.45 78.39 78.36 78.35 78.31 78.41 78.14 78.09 78.03 77.92 77.95 77.89 77.80 77.76 77.72 77.68 77.65 77.55 77.57 77.54 77.51 77.46 77.41 77.39 77.36 77.31 77.27 77.26 77.27 77.24 77.24 77.25 77.30 77.36 77.42 77.51 77.59 77.66 77.76 77.83 77.94 78.05 78.09 78.29 78.47 78.61 78.75 78.88 79.02 79.08 79.13 79.17 79.28 79.35 79.35 79.47 79.52 79.56 79.52 79.58 79.65 79.59 79.64 79.73 79.75 79.77 79.80 79.81 79.77 79.79 79.78 79.80 79.73 79.68 79.44 80.28 81.80 78.92 79.32 79.38 79.29 79.31 79.17 79.18 79.03 79.01 78.93 78.86 78.82 78.80 78.75 78.67 78.65 78.59 78.49 78.55 78.46 78.44 78.47 78.45 78.43 78.47 78.47 78.49 78.43 78.32 78.33 78.41 78.32 78.28 78.33 78.29 78.23 78.20 78.06 78.05 77.92 77.95 77.89 77.88 77.79 77.87 77.86 77.86 77.89 77.97 77.95 78.02 78.06 78.02 78.12 78.19 78.19 78.27 78.30 78.25 78.37 78.37 78.40 78.39 78.42 78.47 78.48 78.49 78.53 78.40 78.55 78.53 78.60 78.58 78.58 78.51 78.51 78.59 78.58 78.51 78.60 78.59 78.47 78.56 78.50 78.60 78.59 78.56 78.57 78.58 78.63 78.55 78.56 78.68 78.45
67°N ||     78.83 78.81 78.84 78.81 78.77 78.84 78.78 78.73 78.74 78.68 78.54 78.55 78.57 78.45 78.46 78.39 78.37 78.31 78.27 78.24 78.10 78.13 78.01 77.95 77.94 77.83 77.90 77.86 77.79 77.76 77.73 77.65 77.66 77.58 77.77 77.51 77.51 77.50 77.48 77.50 77.53 77.58 77.67 77.71 77.78 77.87 77.97 78.10 78.19 78.30 78.44 78.59 78.71 78.86 79.01 79.15 79.30 79.40 79.52 79.63 79.68 79.69 79.65 79.64 79.67 79.69 79.68 79.73 79.80 79.79 79.84 79.86 79.84 79.90 79.91 79.88 79.86 79.79 79.92 79.89 79.87 79.83 79.70 79.66 79.65 79.53 79.50 79.51 79.46 79.47 79.38 79.30 79.28 79.18 79.13 79.05 79.00 78.95 78.90 78.80 78.73 78.76 78.71 78.61 78.62 78.60 78.60 78.55 78.51 78.42 78.45 78.55 78.59 78.53 78.49 78.50 78.40 78.45 78.43 78.41 78.37 78.28 78.31 78.26 78.20 78.16 78.15 78.04 77.98 77.97 77.92 77.87 77.89 77.89 77.84 77.97 77.99 78.02 77.82 78.09 78.14 78.22 78.24 78.21 78.25 78.28 78.17 78.37 78.37 78.41 78.40 78.50 78.49 78.54 78.56 78.56 78.58 78.60 78.62 78.66 78.55 78.58 78.59 78.65 78.64 78.64 78.73 78.73 78.74 78.70 78.75 78.71 78.78 78.76 78.67 78.71 78.72 78.82 78.79 78.82
69°N ||     78.85 79.00 79.00 78.95 78.96 78.96 78.93 78.94 78.83 78.94 78.84 78.81 78.77 78.77 78.63 78.55 78.54 78.60 78.61 78.51 78.50 78.48 78.43 78.39 78.28 78.25 77.98 78.19 78.17 78.03 78.13 77.97 77.99 77.90 77.82 77.77 77.79 77.79 77.80 77.81 77.83 77.93 77.99 78.07 78.15 78.25 78.41 78.56 78.71 78.82 78.91 79.00 79.06 79.17 79.25 79.37 79.45 79.50 79.61 79.66 79.68 79.72 79.74 79.75 79.74 79.79 79.83 79.85 79.84 79.91 79.94 79.94 80.01 80.00 79.91 79.97 79.97 79.91 79.93 79.91 79.86 79.83 79.87 79.80 79.69 79.70 79.58 79.54 79.51 79.45 79.44 79.37 79.28 79.26 79.24 79.07 79.09 79.07 79.01 78.97 78.93 78.91 78.86 78.76 78.76 78.81 78.76 78.71 78.69 78.71 78.51 78.54 78.62 78.60 78.63 78.59 78.53 78.55 78.53 78.44 78.39 78.42 78.39 78.38 78.28 78.26 78.25 78.22 78.19 78.15 78.10 78.03 78.03 77.98 77.93 77.90 77.95 78.04 78.11 78.10 78.13 78.14 78.19 78.20 78.22 78.24 78.28 78.33 78.34 78.34 78.42 78.38 78.45 78.52 78.59 78.63 78.61 78.66 78.79 78.74 78.71 78.71 78.72 78.79 78.79 78.84 78.86 78.91 78.89 78.86 78.85 78.92 78.94 78.97 79.06 79.01 78.97 78.99 78.94 78.90
71°N ||     79.16 79.22 79.26 79.17 79.12 79.18 79.45 79.05 79.12 79.12 79.00 79.03 79.04 78.98 79.04 79.05 79.02 78.94 79.04 78.82 78.72 78.82 78.80 78.74 78.65 78.61 78.53 78.45 78.48 78.36 78.38 78.40 78.41 78.27 78.36 78.37 78.27 78.27 78.29 78.31 78.27 78.41 78.46 78.51 78.61 78.68 78.78 78.92 79.00 79.11 79.20 79.27 79.29 79.28 79.36 79.40 79.44 79.49 79.55 79.57 79.56 79.64 79.66 79.71 79.84 79.80 79.84 79.89 79.99 79.95 80.00 80.00 80.00 80.06 80.01 79.97 79.99 80.03 80.00 79.96 79.92 79.92 79.89 79.83 79.77 79.75 79.71 79.69 79.64 79.54 79.43 79.36 79.39 79.39 79.29 79.27 79.21 79.18 79.14 79.08 79.00 78.94 78.90 78.86 78.90 78.90 78.87 78.81 78.82 78.79 78.83 78.75 78.72 78.72 78.66 78.70 78.63 78.60 78.51 78.58 78.46 78.53 78.50 78.41 78.41 78.40 78.39 78.39 78.34 78.28 78.25 78.27 78.22 78.20 78.13 78.16 78.11 78.09 78.07 78.05 78.01 78.01 78.06 78.11 78.16 78.21 78.29 78.32 78.41 78.40 78.48 78.48 78.49 78.53 78.61 78.60 78.72 78.79 78.84 78.87 78.90 78.83 78.95 78.97 78.98 79.05 79.03 79.06 78.95 79.10 79.09 79.07 79.00 79.11 79.13 79.16 79.23 79.10 79.17 79.14
73°N ||     79.40 79.45 79.45 79.39 79.32 79.44 79.45 79.40 79.39 79.42 79.47 79.37 79.38 79.26 79.46 79.30 79.26 79.22 79.14 79.13 79.15 78.92 78.92 78.98 78.88 78.97 78.87 79.19 79.00 78.91 78.96 78.82 78.75 78.70 78.62 78.69 78.61 78.65 78.68 78.76 78.80 78.86 78.90 78.93 79.01 79.07 79.11 79.15 79.21 79.27 79.35 79.48 79.45 79.47 79.48 79.48 79.46 79.47 79.44 79.51 79.56 79.62 79.67 79.68 79.74 79.82 79.86 79.85 79.86 79.91 80.01 80.07 80.08 80.00 80.07 80.09 80.11 80.05 80.00 79.92 79.95 79.91 79.87 79.83 79.85 79.83 79.78 79.72 79.66 79.65 79.57 79.39 79.39 79.38 79.36 79.23 79.24 79.22 79.17 79.18 79.11 79.09 79.04 78.90 78.97 78.97 78.89 78.86 78.84 78.78 78.82 78.82 78.85 78.83 78.78 78.82 78.82 78.74 78.65 78.59 78.63 78.68 78.65 78.56 78.53 78.51 78.46 78.50 78.41 78.41 78.37 78.34 78.36 78.31 78.34 78.31 78.28 78.24 78.24 78.25 78.29 78.32 78.35 78.36 78.39 78.42 78.45 78.47 78.52 78.56 78.54 78.62 78.62 78.67 78.68 78.69 78.81 78.87 78.90 78.89 79.01 79.01 78.97 79.07 79.15 79.20 79.13 79.20 79.27 79.31 78.88 80.03 79.04 78.11 79.25 79.31 79.42 79.38 79.23 79.33
75°N ||     79.54 79.64 79.56 79.60 79.59 79.69 79.53 79.61 79.63 79.61 79.65 79.55 79.57 79.66 79.56 79.60 79.58 79.39 79.46 79.49 79.42 79.51 79.54 79.62 79.46 79.29 79.32 79.31 79.06 79.13 79.14 79.08 79.20 79.24 79.30 79.14 79.09 79.11 79.01 79.12 79.10 79.14 79.23 79.22 79.23 79.18 79.26 79.32 79.35 79.45 79.51 79.53 79.54 79.57 79.59 79.71 79.59 79.60 79.64 79.67 79.76 79.82 79.86 79.88 79.90 79.89 79.88 79.91 79.96 79.90 80.03 80.05 80.06 80.08 80.07 80.11 80.06 80.06 79.98 80.02 79.96 79.96 79.90 80.04 79.86 79.78 79.73 79.67 79.65 79.65 79.58 79.55 79.50 79.43 79.43 79.40 79.48 79.29 79.23 79.19 79.16 79.14 79.12 79.06 79.06 79.07 79.06 79.01 78.95 79.00 78.95 78.90 78.95 78.94 78.92 78.88 78.85 78.87 78.78 78.78 78.76 78.73 78.66 78.76 78.76 78.72 78.62 78.61 78.61 78.53 78.60 78.57 78.58 78.55 78.48 78.51 78.48 78.49 78.49 78.50 78.49 78.55 78.56 78.46 78.54 78.60 78.65 78.67 78.63 78.65 78.69 78.75 78.78 78.81 78.85 78.86 78.91 79.00 79.04 79.08 79.09 79.17 79.19 79.26 79.29 79.28 79.29 79.33 79.37 79.42 79.41 79.46 79.40 79.63 79.64 79.66 79.65 79.64 79.59 79.51
77°N ||     79.79 79.66 79.42 79.29 79.44 79.71 79.60 79.22 79.24 79.63 79.71 79.70 79.73 79.69 79.68 79.50 79.20 79.24 79.13 79.46 79.25 79.35 79.74 80.01 79.59 79.41 79.40 79.52 79.45 79.43 79.40 79.40 79.44 79.35 79.03 79.32 79.23 79.31 79.27 79.23 79.38 79.35 79.28 79.28 79.36 79.44 79.48 79.52 79.56 79.59 79.62 79.66 79.55 79.74 79.78 79.83 79.86 79.87 79.88 79.90 79.94 79.33 79.37 79.76 79.90 79.89 79.89 79.94 79.88 79.89 79.97 80.00 80.01 80.03 80.00 80.02 80.00 80.02 80.06 80.05 80.00 79.91 79.90 79.88 79.87 79.80 79.67 79.65 79.73 79.67 79.68 79.62 79.54 79.44 79.42 79.45 79.45 79.42 79.36 79.31 79.28 79.27 79.21 79.28 79.18 79.16 79.15 79.12 79.11 79.09 79.07 79.05 79.00 78.93 78.93 78.91 78.96 78.87 78.87 78.78 78.81 78.84 78.85 78.85 78.84 78.85 78.82 78.80 78.76 78.71 78.74 78.69 78.66 78.60 78.34 78.55 78.64 78.66 78.70 78.69 78.65 78.67 78.68 78.68 78.71 78.70 78.76 78.73 78.77 78.73 78.81 78.86 78.86 78.91 78.96 78.99 79.03 79.05 79.02 79.09 79.12 79.18 79.27 79.33 79.35 79.35 79.40 79.47 79.47 79.43 79.51 79.44 79.48 79.55 79.52 79.71 79.80 79.77 79.68 79.74
79°N ||     79.57 79.44 79.45 79.54 79.56 79.51 79.46 79.46 79.48 79.46 79.47 79.30 79.54 79.49 79.52 79.60 79.60 79.65 79.64 79.58 79.55 79.65 79.62 79.64 79.68 79.71 79.62 79.40 79.48 79.36 79.41 79.44 79.47 79.47 79.43 79.48 79.44 79.53 79.51 79.50 79.52 79.55 79.55 79.51 79.46 79.48 79.52 79.57 79.60 79.68 79.75 79.72 79.77 79.82 79.87 79.89 79.86 79.92 80.00 80.01 80.06 80.09 80.08 80.10 80.07 80.08 80.16 80.12 80.05 80.01 79.97 79.96 79.90 79.94 79.96 79.81 79.78 79.83 79.94 79.96 79.85 79.92 79.76 79.26 79.57 79.90 78.66 78.88 79.61 78.19 78.68 79.25 78.90 78.46 79.09 78.28 78.43 79.16 78.86 78.47 78.59 78.69 78.83 79.23 79.26 79.17 79.21 79.22 79.23 79.19 79.17 79.16 79.13 79.11 79.05 79.07 79.04 79.03 79.00 78.79 79.32 78.76 78.94 78.91 78.88 78.92 78.88 78.86 78.86 78.87 78.87 78.88 78.86 78.87 78.86 78.87 78.88 78.89 78.85 78.87 78.85 78.83 78.77 78.81 78.83 78.76 78.68 78.71 78.78 78.84 78.88 78.85 78.94 79.00 79.01 79.08 79.05 79.12 79.11 79.13 79.17 79.23 79.26 79.34 79.36 79.42 79.38 79.37 79.41 79.53 79.52 79.54 79.54 79.57 79.59 79.54 79.52 79.66 79.64 79.61
81°N ||     78.76 78.77 78.80 78.86 78.79 78.80 78.82 78.80 78.81 78.83 78.85 78.87 78.89 78.91 78.94 78.96 78.97 79.00 78.99 79.00 79.01 79.03 79.05 79.09 79.12 79.19 79.27 79.37 79.37 79.44 79.54 79.45 79.47 79.64 79.14 79.14 78.96 79.24 78.64 78.78 79.00 79.11 79.55 79.56 79.58 79.66 79.74 79.70 79.52 79.46 78.92 78.85 78.69 78.94 79.47 79.11 79.02 79.02 79.04 79.17 79.78 79.58 79.63 79.62 79.70 79.76 79.86 79.54 79.39 79.13 79.16 79.18 78.72 78.99 78.79 78.48 78.27 78.49 78.23 78.00 77.95 77.62 77.68 77.48 77.47 77.55 77.26 77.23 77.26 77.13 77.22 77.37 77.02 77.02 77.37 77.11 77.14 76.89 76.89 76.94 77.37 77.50 77.47 77.47 77.48 77.58 77.19 78.10 78.21 78.97 78.90 78.23 78.49 79.13 78.77 78.87 78.56 78.69 78.95 78.32 78.37 78.29 78.41 78.45 78.72 79.07 78.54 78.64 78.63 78.62 78.71 78.68 78.68 78.71 78.72 78.74 78.83 78.93 79.02 79.02 79.02 79.03 79.03 79.00 79.02 78.96 78.98 79.02 79.04 79.11 79.11 79.14 79.15 79.18 79.17 79.16 79.16 79.20 79.22 79.18 79.19 79.21 79.24 79.25 79.24 79.24 79.21 79.18 79.16 79.08 78.99 79.01 78.99 78.97 78.96 78.90 78.84 78.79 78.78 78.76
83°N ||     78.46 78.46 78.46 78.46 78.45 78.44 78.45 78.47 78.48 78.50 78.52 78.55 78.56 78.59 78.61 78.65 78.69 78.69 78.77 78.77 78.81 78.81 78.81 78.80 78.79 78.73 78.89 78.85 78.78 78.18 78.05 77.86 78.16 78.28 77.86 78.09 77.82 77.87 77.88 77.77 77.63 77.78 77.53 77.39 77.41 77.62 77.59 77.53 77.63 77.70 77.83 77.96 78.26 78.40 78.00 78.13 77.92 77.77 77.76 77.93 77.78 78.52 78.41 79.24 79.40 79.60 79.76 79.88 79.87 79.55 79.29 78.95 78.66 78.45 78.35 78.12 78.00 77.86 77.76 77.71 77.65 77.56 77.50 77.45 77.37 77.29 77.24 77.18 77.14 77.15 77.15 77.14 77.12 77.09 77.04 77.00 76.96 76.92 76.90 76.88 76.85 76.81 76.78 76.74 76.72 76.69 76.68 76.65 76.67 76.81 77.00 77.24 77.18 77.25 77.04 77.22 77.47 77.54 77.38 77.22 77.14 77.21 77.55 77.33 77.42 77.26 77.39 77.44 77.32 77.40 77.21 77.26 77.42 77.65 77.54 77.50 77.56 77.36 77.47 77.49 77.66 78.02 78.11 78.24 78.70 78.65 78.96 79.15 79.18 79.15 79.13 79.11 79.11 79.12 79.17 79.20 79.18 79.16 79.09 79.06 79.04 79.03 79.00 78.96 78.93 78.89 78.85 78.81 78.79 78.77 78.72 78.71 78.66 78.64 78.62 78.58 78.52 78.48 78.46 78.46
85°N ||     78.84 78.70 78.82 78.97 79.04 79.28 77.89 77.76 78.04 78.24 77.63 78.00 77.79 77.68 77.79 78.03 77.25 77.01 76.97 77.00 77.01 77.30 77.87 77.52 77.51 77.66 78.08 77.77 77.71 78.01 77.90 76.82 76.91 77.30 76.94 76.81 76.80 76.79 76.82 76.88 76.87 77.02 76.93 76.83 76.88 76.79 76.71 76.74 76.74 76.91 76.90 76.85 76.95 77.24 77.23 77.07 77.09 77.13 77.21 77.30 77.35 77.24 77.41 77.28 77.23 77.23 77.55 77.57 78.00 78.23 78.38 78.73 78.50 78.47 78.43 78.57 78.74 78.92 79.01 79.06 79.16 79.21 78.81 78.38 77.90 77.83 77.91 78.00 78.12 78.42 78.90 78.86 77.46 77.19 77.17 77.27 77.19 77.12 76.97 76.89 76.85 76.94 76.81 76.76 76.73 76.71 76.68 76.65 76.63 76.60 76.58 76.57 76.58 76.59 76.60 76.62 76.64 76.66 76.66 76.64 76.66 76.70 76.73 76.70 76.69 76.68 76.68 76.68 76.70 76.68 76.68 76.68 76.67 76.69 76.72 76.71 76.80 76.79 76.78 77.02 76.77 76.77 76.77 77.19 77.22 77.27 77.40 77.76 77.39 77.16 77.35 77.18 77.57 77.67 77.93 78.18 77.67 77.93 78.12 78.23 78.17 77.86 78.01 78.48 78.30 78.35 78.60 79.04 78.81 79.11 78.81 78.58 78.43 78.26 78.43 78.62 78.72 78.38 78.45 78.55
87°N ||     76.44 76.56 76.50 76.52 76.59 76.53 76.53 76.53 76.37 76.33 76.33 76.34 76.40 76.43 76.38 76.31 76.30 76.31 76.30 76.31 76.34 76.43 76.43 76.23 76.23 76.22 76.26 76.28 76.31 76.33 76.35 76.28 76.23 76.29 76.24 76.17 76.14 76.13 76.13 76.14 76.18 76.17 76.23 76.21 76.17 76.11 76.10 76.09 76.12 76.15 76.15 76.15 76.16 76.18 76.24 76.33 76.33 76.39 76.43 76.43 76.35 76.32 76.30 76.28 76.27 76.26 76.25 76.26 76.28 76.31 76.52 76.87 76.94 76.81 76.77 76.69 76.78 76.68 76.65 76.75 76.62 76.55 76.53 76.52 76.58 76.50 76.55 76.68 76.57 76.65 76.50 76.45 76.50 76.42 76.35 76.33 76.36 76.35 76.41 76.39 76.33 76.26 76.27 76.34 76.36 76.25 76.24 76.22 76.20 76.18 76.17 76.20 76.17 76.18 76.19 76.21 76.21 76.23 76.21 76.34 76.19 76.21 76.25 76.28 76.39 76.44 76.26 76.26 76.32 76.31 76.38 76.28 76.20 76.21 76.21 76.20 76.19 76.23 76.31 76.33 76.34 76.35 76.38 76.34 76.39 76.38 76.37 76.32 76.25 76.20 76.26 76.22 76.30 76.26 76.19 76.19 76.21 76.44 76.34 76.42 76.31 76.52 76.51 76.62 76.60 76.63 76.55 76.53 76.56 76.56 76.50 76.58 76.64 76.63 76.63 76.61 76.50 76.57 76.68 76.54
89°N ||     76.02 76.02 76.02 76.04 76.05 75.98 75.98 75.95 75.95 75.95 75.96 75.95 75.95 75.95 75.95 75.94 75.94 75.93 75.94 75.94 75.94 75.94 75.95 75.94 75.94 75.94 75.93 75.92 75.91 75.90 75.90 75.89 75.89 75.88 75.88 75.87 75.87 75.87 75.87 75.86 75.87 75.86 75.86 75.86 75.86 75.86 75.86 75.86 75.86 75.86 75.87 75.88 75.88 75.89 75.90 75.92 75.92 75.93 75.94 75.94 75.93 75.94 75.94 75.95 75.95 75.96 75.97 75.97 75.97 75.97 75.98 75.98 75.98 75.99 76.00 76.00 76.01 76.01 76.03 76.04 76.03 76.03 76.03 76.03 76.02 76.04 76.04 76.03 76.03 76.03 76.03 76.05 76.07 76.06 76.04 76.02 76.02 76.03 76.07 76.08 76.06 76.02 76.02 76.01 76.01 76.00 76.00 75.99 75.98 75.97 75.97 75.97 75.96 75.96 75.95 75.95 75.95 75.94 75.94 75.94 75.94 75.94 75.94 75.94 75.95 75.94 75.94 75.93 75.93 75.93 75.92 75.92 75.92 75.92 75.91 75.90 75.89 75.88 75.88 75.88 75.88 75.87 75.87 75.87 75.87 75.87 75.87 75.87 75.87 75.88 75.89 75.89 75.90 75.91 75.92 75.93 75.94 75.95 75.94 75.93 75.93 75.93 75.93 75.93 75.93 75.93 75.93 75.94 75.94 75.94 75.95 75.96 75.96 75.97 75.97 75.98 75.98 75.99 75.99 76.01
