Mars Surface Radiation Result (absorbed dose in thin silicon slab) (1E-6 Gy/day).
Column 1 is East longitude (°)
Line 1 is North latitude (°)

-179  -177  -175  -173  -171  -169  -167  -165  -163  -161  -159  -157  -155  -153  -151  -149  -147  -145  -143  -141  -139  -137  -135  -133  -131  -129  -127  -125  -123  -121  -119  -117  -115  -113  -111  -109  -107  -105  -103  -101  -99  -97  -95  -93  -91  -89  -87  -85  -83  -81  -79  -77  -75  -73  -71  -69  -67  -65  -63  -61  -59  -57  -55  -53  -51  -49  -47  -45  -43  -41  -39  -37  -35  -33  -31  -29  -27  -25  -23  -21  -19  -17  -15  -13  -11  -9  -7  -5  -3  -1  1  3  5  7  9  11  13  15  17  19  21  23  25  27  29  31  33  35  37  39  41  43  45  47  49  51  53  55  57  59  61  63  65  67  69  71  73  75  77  79  81  83  85  87  89  91  93  95  97  99  101  103  105  107  109  111  113  115  117  119  121  123  125  127  129  131  133  135  137  139  141  143  145  147  149  151  153  155  157  159  161  163  165  167  169  171  173  175  177  179  
--------------------------------------------------------------------------------------------------
-89°N ||     73.61 73.64 73.68 73.69 73.69 73.69 73.68 73.70 73.74 73.77 73.91 73.96 73.93 73.98 74.16 74.25 74.29 74.35 74.37 74.27 74.21 74.35 74.36 74.33 74.28 74.26 74.21 74.22 74.30 74.28 74.36 74.46 74.41 74.35 74.44 74.36 74.27 74.21 74.14 74.10 74.06 73.99 73.93 73.91 73.89 73.89 73.88 73.89 73.88 73.86 73.84 73.83 73.80 73.79 73.79 73.78 73.71 73.69 73.66 73.66 73.64 73.62 73.61 73.58 73.59 73.62 73.64 73.53 73.49 73.50 73.44 73.42 73.42 73.42 73.39 73.36 73.35 73.33 73.32 73.32 73.31 73.32 73.32 73.30 73.32 73.33 73.32 73.31 73.30 73.31 73.32 73.35 73.37 73.38 73.39 73.39 73.38 73.40 73.41 73.42 73.40 73.40 73.38 73.38 73.39 73.40 73.41 73.42 73.43 73.44 73.45 73.43 73.41 73.42 73.47 73.49 73.49 73.48 73.49 73.51 73.53 73.54 73.55 73.57 73.61 73.64 73.64 73.66 73.69 73.70 73.72 73.73 73.74 73.75 73.76 73.79 73.80 73.80 73.80 73.80 73.76 73.76 73.74 73.71 73.72 73.71 73.71 73.69 73.66 73.63 73.63 73.61 73.61 73.57 73.55 73.53 73.52 73.51 73.50 73.51 73.51 73.51 73.50 73.49 73.49 73.49 73.49 73.50 73.50 73.50 73.51 73.52 73.52 73.52 73.53 73.55 73.58 73.59 73.60 73.61
-87°N ||     75.46 75.51 75.52 75.63 75.61 75.67 75.58 75.58 75.56 75.48 75.48 75.47 75.36 75.24 75.18 75.16 75.18 75.18 75.18 75.14 75.14 75.20 75.33 75.37 75.36 75.31 75.33 75.24 75.32 75.18 75.40 75.43 75.27 75.26 75.24 75.22 75.17 75.11 75.16 75.18 75.14 75.18 75.14 75.11 75.07 75.05 75.04 74.97 74.93 74.88 74.75 74.89 74.71 74.47 74.49 74.42 74.31 74.19 74.13 74.10 74.24 73.78 73.82 73.59 73.52 73.51 73.47 73.44 73.43 73.40 73.32 73.25 73.30 73.29 73.06 73.01 72.94 72.86 72.82 72.96 72.69 72.52 72.50 72.42 72.39 72.40 72.42 72.44 72.47 72.49 72.53 72.55 72.57 72.59 72.60 72.96 72.86 73.03 72.93 73.14 73.14 73.14 73.21 73.22 73.26 73.34 73.40 73.55 73.64 73.70 73.57 73.57 73.60 73.62 73.64 73.64 73.69 73.72 73.79 73.79 73.85 73.91 73.92 73.97 74.04 74.04 74.05 74.12 74.19 74.18 74.24 74.26 74.27 74.33 74.46 74.60 74.70 74.84 74.77 74.59 74.45 74.40 74.37 74.33 74.27 74.27 74.22 73.99 73.96 73.94 73.93 73.94 73.98 73.97 73.96 73.98 74.04 74.15 74.23 74.23 74.31 74.38 74.47 74.51 74.64 74.73 74.81 74.85 74.97 74.99 75.14 75.13 75.15 75.14 75.24 75.17 74.96 75.10 75.46 75.66
-85°N ||     74.91 74.91 74.91 74.91 74.92 74.92 74.94 74.99 74.99 74.99 75.00 75.00 75.01 75.08 75.01 74.94 74.94 75.05 75.04 75.05 75.06 75.08 75.11 75.13 75.13 75.14 75.18 75.29 75.36 75.50 75.83 75.86 75.85 75.85 75.88 75.71 75.88 75.75 75.72 75.70 75.92 76.17 76.11 76.12 75.91 75.87 75.77 75.67 75.59 75.51 75.55 75.44 75.42 75.39 75.62 75.69 75.42 75.25 75.31 75.67 75.51 74.65 74.51 74.54 74.66 74.75 74.61 74.70 74.69 74.31 74.41 74.27 74.00 73.93 73.98 73.75 74.04 74.28 74.52 74.18 74.02 73.94 73.98 73.99 74.07 73.94 73.87 73.74 73.73 73.84 73.73 73.77 73.88 73.88 73.88 73.88 73.89 73.95 74.00 74.12 74.10 74.21 74.48 74.76 74.69 74.65 74.63 74.65 74.63 74.69 74.78 74.84 74.90 74.98 74.77 74.83 74.94 74.96 74.88 74.79 74.77 74.81 74.84 74.94 75.04 75.13 75.13 75.07 75.07 75.02 74.98 74.96 74.92 74.94 74.98 75.10 75.66 76.76 77.16 76.89 76.26 75.95 75.81 75.83 75.37 75.13 75.03 74.92 74.97 75.03 74.91 74.92 74.97 75.10 75.26 75.33 75.37 75.40 75.37 75.38 75.37 75.19 75.04 74.97 74.95 75.05 75.10 75.16 75.27 75.46 75.23 75.28 75.22 75.15 75.09 75.08 75.07 75.08 74.97 74.93
-83°N ||     74.94 74.96 74.97 74.99 75.00 75.00 75.02 75.04 75.06 75.08 75.11 75.14 75.17 75.20 75.19 75.19 75.21 75.24 75.28 75.30 75.33 75.37 75.41 75.45 75.50 75.56 75.61 75.67 75.77 75.90 75.85 75.72 75.71 75.66 75.78 75.88 75.85 75.79 75.86 75.94 75.70 75.69 75.69 75.69 75.71 75.75 75.73 76.23 76.36 76.45 76.37 76.40 76.32 76.32 76.33 76.30 76.24 76.53 76.66 76.70 76.27 76.59 76.49 76.38 76.73 76.46 76.49 76.46 76.84 76.50 76.78 77.01 77.19 77.20 77.02 76.87 76.92 76.91 76.87 76.95 76.90 76.86 76.69 76.72 76.73 76.64 76.56 76.53 76.58 76.56 76.29 76.29 76.40 76.78 76.33 76.24 76.13 76.08 76.12 76.00 76.21 75.70 75.87 75.62 76.02 76.28 76.34 76.11 76.00 76.02 76.05 76.19 76.47 76.58 76.68 76.66 76.25 76.26 76.17 76.13 76.05 76.04 75.72 75.64 75.70 75.76 75.75 75.61 75.60 75.75 75.68 75.71 75.89 75.91 76.13 76.73 77.55 77.48 77.51 77.50 77.50 76.27 76.11 76.14 76.09 76.21 76.16 76.08 76.04 76.03 75.97 75.84 75.72 75.65 75.60 75.48 75.43 75.50 75.81 76.19 76.65 76.87 76.37 75.81 75.07 75.07 74.77 74.70 74.67 74.72 74.89 75.10 75.53 75.46 75.15 74.96 74.88 74.86 74.88 74.91
-81°N ||     75.23 75.31 75.31 75.46 75.21 75.28 75.33 75.38 75.43 75.49 75.55 75.63 75.80 75.84 75.64 75.64 75.70 75.77 75.80 75.82 75.86 75.90 75.92 75.97 76.01 76.06 76.13 76.17 76.21 76.25 76.31 76.48 76.45 76.50 76.62 76.57 76.34 76.38 76.36 76.39 76.57 76.40 76.08 76.12 75.96 75.82 75.89 76.08 76.15 76.06 76.23 76.16 76.39 77.26 76.96 77.15 77.42 76.92 77.43 77.37 77.05 77.17 77.23 77.21 77.25 77.23 77.30 77.30 77.22 77.12 77.22 77.05 76.86 76.88 76.90 76.93 76.88 76.89 76.84 76.85 77.28 76.75 76.58 76.53 76.50 76.52 76.50 76.51 76.47 76.46 76.44 76.46 76.34 76.15 75.95 75.65 75.03 74.38 75.17 75.31 75.78 76.12 76.07 76.21 76.52 76.74 76.88 77.12 77.08 76.95 76.71 77.04 77.18 77.33 77.33 77.42 77.45 77.54 77.51 77.49 77.47 77.51 77.45 77.37 77.35 77.40 76.96 77.00 77.07 77.15 77.22 77.47 77.54 77.65 77.70 77.69 77.67 77.02 76.18 75.98 75.92 75.84 75.78 75.94 76.00 76.00 75.93 76.07 76.15 76.24 76.37 76.45 76.56 76.32 76.44 76.68 76.85 76.52 76.37 76.42 76.89 76.63 76.27 76.26 76.40 76.33 76.76 76.07 75.29 75.02 75.08 75.23 75.34 75.54 75.82 75.15 75.27 75.27 75.08 75.14
-79°N ||     75.59 75.64 75.66 75.78 75.76 75.72 75.72 75.76 75.78 75.98 75.84 75.94 76.00 76.03 76.12 76.30 76.25 76.51 76.15 76.33 76.18 76.22 76.19 76.68 77.13 76.08 76.54 77.08 76.88 77.00 76.93 76.93 76.90 76.93 76.98 77.01 77.02 77.00 76.90 76.86 76.87 76.62 77.24 77.34 76.35 76.53 76.51 76.39 76.35 76.66 76.93 76.64 77.41 77.25 77.35 77.54 77.78 76.47 77.16 76.68 77.44 77.17 76.52 76.99 77.04 77.40 77.45 77.38 77.36 77.32 77.27 77.29 77.28 77.30 77.27 77.24 77.28 77.33 77.27 77.04 77.14 77.31 77.04 77.00 77.02 77.23 76.88 77.07 76.90 76.93 76.98 76.84 76.76 76.44 75.64 75.64 75.23 75.70 76.25 76.57 76.50 76.78 76.83 76.92 77.02 77.26 77.06 77.18 76.90 77.19 76.76 77.07 76.90 76.90 76.55 76.45 77.20 77.38 77.68 77.74 77.80 77.79 77.82 77.80 77.84 77.81 77.76 77.81 77.78 77.83 77.77 77.75 77.84 77.82 77.83 77.84 77.92 77.94 77.87 77.87 77.86 77.90 77.55 77.11 77.29 76.68 76.15 76.13 76.12 76.02 76.09 76.20 76.62 77.82 77.66 76.70 76.49 77.06 75.82 75.83 76.45 75.88 75.57 75.43 75.36 75.47 75.30 75.68 75.39 75.36 75.37 75.43 75.55 75.24 75.15 75.27 75.37 75.48 75.49 75.51
-77°N ||     76.43 76.15 76.08 76.05 75.96 76.24 76.19 76.55 76.50 76.56 76.55 76.60 76.94 76.73 76.67 76.76 76.89 76.91 76.99 76.80 76.71 76.76 76.71 76.83 76.75 76.89 77.10 77.20 77.05 77.17 77.13 77.16 77.16 77.15 77.14 77.17 77.14 77.17 77.15 77.15 77.13 77.15 77.07 76.92 76.85 76.62 76.10 76.80 76.01 76.28 77.08 76.89 76.76 76.28 76.48 76.69 76.85 76.80 76.97 76.95 77.25 77.43 77.24 77.31 77.53 77.58 77.57 77.61 77.62 77.58 77.53 77.51 77.45 77.47 77.44 77.45 77.43 77.34 77.12 77.14 77.06 76.93 76.87 76.72 76.96 77.14 77.01 77.04 76.85 76.97 76.97 76.90 76.54 76.37 76.23 76.07 75.59 75.22 76.36 77.51 77.90 78.07 78.07 76.88 77.17 77.05 77.08 77.25 76.97 77.30 77.03 76.98 76.91 77.33 77.71 77.53 76.97 76.85 76.43 76.21 76.12 75.74 75.61 76.14 76.76 77.24 77.55 77.54 77.45 77.24 76.68 77.33 77.51 76.81 77.39 77.59 77.89 77.78 77.52 77.39 77.06 77.10 76.89 77.34 77.94 77.86 77.67 77.52 76.79 76.84 76.92 76.13 76.83 77.15 77.14 76.26 75.86 75.93 75.68 75.70 75.79 75.62 75.61 75.87 75.74 75.68 75.80 75.88 75.91 75.88 75.78 75.88 76.11 75.78 75.80 75.85 76.05 76.22 76.32 76.13
-75°N ||     76.70 76.81 76.57 76.72 76.52 76.50 76.62 77.35 76.86 76.81 77.83 78.19 77.09 77.21 77.20 77.31 77.08 77.20 77.18 76.98 76.97 77.23 77.24 77.41 77.24 77.31 77.36 77.39 77.36 77.32 77.32 77.30 77.32 77.27 76.81 77.20 77.22 77.22 77.19 77.18 77.12 77.07 77.07 77.09 77.14 77.21 77.12 77.02 76.82 76.69 76.79 76.26 76.15 76.55 77.12 77.22 77.17 77.52 77.69 77.75 77.79 77.77 77.72 77.67 77.65 77.65 77.63 77.43 77.63 77.52 77.36 77.19 77.15 76.98 76.92 77.02 76.95 77.15 76.98 77.00 77.06 77.11 77.20 77.02 77.35 77.11 77.11 77.28 77.11 77.11 77.00 76.70 76.57 76.88 77.03 77.07 77.09 77.11 77.18 77.05 76.88 76.98 76.98 76.94 77.26 77.33 77.34 77.17 77.14 77.02 76.92 76.73 76.26 76.46 76.59 76.07 76.47 76.34 76.13 76.30 76.06 76.01 76.73 77.03 76.83 76.75 77.89 76.43 76.65 76.67 76.80 77.30 77.20 77.08 77.01 76.79 77.09 76.08 75.69 75.25 75.20 75.89 78.18 78.00 78.09 76.83 77.48 76.84 77.61 77.94 77.80 77.73 77.65 77.68 77.76 76.57 75.44 75.36 75.34 75.34 75.31 75.46 76.13 76.01 76.20 75.56 75.63 75.82 75.90 75.90 75.99 76.00 76.05 76.31 76.32 76.39 76.51 76.45 76.51 76.56
-73°N ||     77.89 76.71 77.40 77.39 77.27 76.95 77.72 77.40 77.43 77.43 77.00 76.67 77.68 76.91 77.20 77.39 77.34 77.34 77.26 77.13 76.96 76.60 77.68 76.38 76.64 77.53 77.27 77.24 77.27 77.33 77.35 77.34 77.43 77.04 76.98 76.64 76.88 77.27 77.15 77.21 77.21 77.24 77.14 77.20 77.24 77.24 77.24 76.98 77.57 78.51 78.50 78.66 78.63 77.04 77.60 77.62 77.81 77.88 77.91 77.95 77.96 77.93 77.86 77.77 77.82 77.44 77.60 77.80 77.84 77.84 77.77 77.48 77.26 77.39 77.25 77.14 77.07 77.20 77.41 77.03 77.05 77.07 77.12 77.46 77.29 77.55 77.69 77.65 77.55 77.60 77.24 77.21 76.84 77.23 77.21 77.32 77.51 77.54 77.54 77.52 77.56 77.56 77.64 77.60 77.52 77.46 77.60 77.11 77.03 76.88 76.43 76.06 76.31 76.75 77.20 76.91 77.12 77.00 77.11 76.75 76.90 76.51 76.31 76.21 76.53 76.47 76.84 76.89 77.20 77.15 77.11 77.22 77.25 77.35 77.45 77.46 77.43 77.55 77.19 76.79 77.24 75.86 76.07 76.70 76.79 76.84 76.90 77.16 77.85 77.53 77.31 76.44 77.26 77.72 78.02 78.14 77.48 76.40 75.48 75.91 75.65 75.95 76.47 76.55 75.82 76.11 76.58 76.73 76.56 76.96 77.82 77.55 77.13 76.98 76.99 76.92 77.09 76.87 76.92 77.78
-71°N ||     77.72 77.79 77.91 77.99 78.07 78.26 78.41 78.32 78.34 78.36 78.35 77.61 76.89 76.53 75.82 75.85 76.58 76.76 77.94 77.03 77.10 76.90 76.67 76.75 78.71 77.40 77.38 77.41 77.29 77.05 77.14 77.03 77.02 77.23 77.15 77.10 77.02 77.36 77.18 77.20 77.34 77.16 77.32 77.22 77.26 77.29 76.99 76.78 76.84 77.82 78.56 78.42 78.78 76.84 77.75 77.91 77.98 78.05 77.98 78.01 78.08 77.74 77.60 77.73 77.87 77.96 78.04 77.84 77.87 76.97 77.26 77.46 77.31 77.49 77.19 77.39 77.21 76.72 76.51 76.36 76.27 77.31 77.28 77.28 77.49 77.51 77.67 77.47 77.75 77.60 78.12 78.01 77.59 77.69 77.67 77.49 77.41 76.78 77.41 77.71 77.86 77.57 77.62 77.63 77.61 77.67 77.29 76.38 76.66 77.02 77.08 77.20 77.21 77.39 77.41 77.32 77.58 77.40 77.53 77.62 77.54 77.75 77.78 77.57 77.73 77.37 76.76 77.01 78.26 78.24 77.22 77.39 77.16 75.96 76.79 77.01 77.11 76.65 76.31 76.66 77.09 76.49 77.39 77.54 77.82 77.85 77.79 77.47 77.46 77.65 77.94 77.84 78.10 77.89 78.70 78.89 78.81 78.45 78.04 77.77 78.03 77.82 77.58 77.95 78.14 78.07 78.05 77.85 77.68 78.20 77.74 78.07 77.93 77.96 77.37 77.36 77.41 77.51 77.10 77.68
-69°N ||     77.10 77.18 77.57 77.84 77.38 78.93 78.74 78.36 78.53 78.50 78.44 78.22 77.53 77.64 77.17 77.39 76.15 76.35 76.79 77.28 77.67 77.41 77.11 77.01 76.85 77.59 77.31 77.48 77.05 77.71 76.67 76.75 76.65 76.96 77.01 77.12 77.41 77.44 77.54 77.53 77.61 77.52 77.49 77.55 77.56 78.21 77.32 77.65 77.66 77.63 77.69 77.85 77.86 77.98 78.00 77.94 77.99 78.03 77.80 77.80 77.60 78.00 77.96 78.13 77.98 77.75 77.15 77.20 77.29 77.30 77.24 77.38 77.36 77.59 77.71 77.93 77.75 77.13 76.60 76.89 77.05 77.55 77.56 77.14 77.12 76.90 76.98 76.94 77.23 77.53 77.56 77.70 76.79 77.75 77.83 77.74 77.89 77.89 77.87 77.93 77.88 77.83 77.90 77.82 77.58 77.27 76.54 77.70 77.90 77.78 77.59 77.40 77.50 77.37 77.51 77.02 76.97 77.55 77.95 78.16 78.35 78.21 78.25 78.34 78.33 78.24 77.88 77.47 77.19 77.19 77.66 77.51 77.46 77.44 78.38 77.21 75.91 76.30 76.43 76.56 76.77 76.76 76.36 76.49 77.03 77.51 77.63 77.34 77.84 77.93 77.92 78.01 77.50 75.72 77.91 78.72 78.54 76.32 78.73 78.63 78.54 78.29 78.19 78.10 77.82 77.52 77.25 77.34 76.53 76.24 77.26 77.92 77.84 77.61 77.45 77.28 77.18 77.07 77.30 77.27
-67°N ||     78.72 77.06 76.77 77.57 77.61 77.73 77.77 78.43 78.43 78.56 78.61 78.61 78.44 78.29 77.89 77.55 77.20 76.70 76.60 76.29 76.28 75.99 76.35 76.39 76.80 76.76 76.63 76.53 77.10 76.25 76.25 76.30 76.92 78.57 76.81 77.08 77.11 77.95 77.52 77.54 77.65 77.63 77.58 77.60 77.61 77.66 77.61 77.73 77.74 77.68 77.72 77.83 77.87 77.87 77.78 77.96 78.13 78.00 78.07 77.97 77.38 77.80 78.06 78.06 77.78 77.56 79.38 79.38 78.96 77.34 77.49 77.53 77.61 77.84 78.02 77.62 77.26 76.69 76.77 76.46 76.80 76.83 77.25 77.18 77.53 77.43 77.56 77.59 77.58 77.59 77.65 77.83 77.74 77.90 77.84 77.97 77.85 77.80 77.82 77.63 77.65 76.91 76.69 76.74 76.38 76.94 78.29 78.80 78.75 78.30 78.18 77.73 77.76 77.39 77.55 77.45 77.85 78.01 78.30 78.34 78.32 78.31 78.38 78.37 78.30 78.55 78.54 78.68 78.71 78.21 77.42 76.74 77.36 77.58 76.78 76.60 76.47 76.05 76.63 75.81 76.08 76.50 76.52 77.49 77.17 77.09 76.56 76.90 77.37 77.72 78.05 78.18 77.88 78.08 78.21 78.26 78.29 78.25 77.94 78.14 78.09 78.14 77.91 77.67 77.95 77.89 77.89 77.87 77.79 77.30 77.99 77.70 77.63 77.39 76.89 77.56 76.84 76.81 76.86 77.37
-65°N ||     77.24 76.80 76.44 76.93 76.98 77.96 78.07 78.54 78.44 78.51 78.50 78.62 78.63 78.64 78.53 78.33 78.18 78.10 77.99 77.62 77.06 76.92 77.00 76.76 77.16 77.08 76.71 77.55 77.37 76.74 76.50 76.84 76.60 76.88 77.09 77.24 77.27 77.36 77.37 77.61 77.63 77.73 77.76 77.76 77.85 77.88 77.84 77.82 77.85 77.83 77.71 77.60 77.51 77.65 77.82 77.97 77.97 77.98 77.83 76.88 78.04 78.16 78.35 78.56 77.83 78.18 78.18 78.22 77.63 77.57 77.81 77.68 77.78 77.94 78.19 78.06 77.55 77.36 76.96 76.61 76.65 76.99 77.92 77.35 77.56 77.61 77.61 77.53 77.27 77.68 77.70 77.74 77.69 77.88 77.68 77.92 78.19 78.02 77.73 77.82 77.56 77.59 77.45 77.33 76.92 77.25 77.09 77.37 77.48 77.35 77.30 77.16 77.27 77.86 78.16 78.67 78.63 78.45 78.28 78.17 78.18 78.38 78.55 78.52 78.66 78.61 78.58 78.64 78.65 78.75 77.71 77.64 77.59 77.47 79.00 76.93 76.88 77.01 77.51 76.27 76.22 76.23 76.76 76.79 76.84 76.36 76.19 77.51 77.19 76.84 77.80 77.65 77.53 78.08 78.04 76.43 77.09 77.31 77.97 77.63 76.96 77.13 77.98 77.54 77.82 78.12 77.94 78.03 77.97 77.92 77.52 77.40 77.19 76.49 77.58 77.84 77.37 77.17 76.74 76.60
-63°N ||     77.26 77.23 77.68 76.92 76.60 77.12 77.75 77.88 78.19 78.11 78.43 78.24 78.64 78.49 78.52 78.36 78.45 78.49 78.41 77.85 77.23 77.20 76.89 77.01 76.91 77.08 77.09 76.88 76.81 76.91 76.84 77.01 77.28 77.30 77.26 76.99 76.78 77.17 77.62 77.30 77.81 77.43 77.19 77.64 77.69 77.65 77.41 77.76 77.66 77.63 77.37 77.45 77.79 78.25 77.92 77.11 77.61 78.27 78.10 78.15 78.07 78.05 78.22 78.47 78.87 78.60 77.81 78.67 77.66 78.27 78.00 77.79 77.85 77.72 77.84 78.42 78.60 78.50 78.42 77.98 77.77 77.34 77.46 77.45 77.49 77.55 77.70 77.71 77.72 77.68 77.67 77.70 77.83 77.75 77.82 77.61 77.78 77.86 77.68 77.97 78.01 77.68 77.76 77.97 77.80 77.51 77.29 77.02 77.06 76.80 77.34 77.48 77.87 78.48 78.90 78.96 78.99 78.75 78.55 78.46 78.41 78.37 78.44 78.49 78.74 78.82 78.71 78.68 78.71 78.76 78.56 77.92 77.79 78.10 77.64 77.11 76.80 77.00 76.82 75.94 77.95 76.56 77.23 77.11 77.07 76.72 76.51 76.28 75.97 76.47 76.96 77.43 77.18 77.25 77.64 78.05 78.35 78.37 78.04 77.90 77.31 77.42 77.66 77.63 77.47 76.42 76.37 76.80 77.39 77.74 77.89 77.97 77.74 78.05 78.00 76.92 77.45 77.57 77.49 77.78
-61°N ||     78.19 77.04 76.54 77.26 77.65 77.90 77.88 77.07 77.22 77.48 76.94 77.23 77.92 77.22 79.20 77.33 77.81 77.75 78.40 78.03 77.92 77.87 77.91 77.15 76.95 76.70 77.95 77.55 76.92 77.04 77.60 77.97 78.02 77.88 77.86 77.51 77.06 77.30 77.20 77.16 77.67 76.83 77.34 77.72 77.36 76.22 77.95 78.15 78.19 78.11 78.06 78.23 78.21 77.80 77.31 78.46 78.46 78.18 78.46 78.43 78.34 78.13 78.28 78.37 78.70 79.07 78.78 78.09 78.90 78.93 78.72 78.39 77.38 78.29 78.54 77.99 77.93 78.07 77.92 77.60 76.60 76.64 77.46 77.78 77.51 77.43 77.29 77.65 77.80 77.77 77.85 77.76 77.79 78.00 77.89 77.96 77.91 77.72 77.87 78.01 78.09 77.93 77.84 77.82 77.17 77.82 77.70 77.73 77.74 77.87 77.99 78.06 78.18 78.39 78.67 78.74 78.23 78.16 78.21 77.94 79.28 78.73 78.05 78.34 78.57 78.66 78.86 78.95 78.63 78.90 79.24 78.99 76.49 78.79 78.62 78.38 77.03 77.26 77.25 77.75 76.79 76.68 76.56 76.68 76.76 76.63 76.62 76.33 76.60 76.50 76.81 76.78 76.85 76.97 77.02 78.23 78.88 78.80 78.79 78.63 78.41 78.12 77.86 77.58 77.49 77.05 76.57 76.88 76.99 75.83 76.74 77.63 77.79 77.46 76.27 76.70 76.93 77.99 78.04 77.99
-59°N ||     78.37 77.74 77.50 77.86 77.91 77.70 76.19 77.04 77.29 77.01 77.63 77.03 77.31 76.33 77.53 78.04 77.70 77.87 77.52 77.88 78.07 78.10 77.76 77.59 76.60 77.11 77.34 77.41 77.90 77.11 77.38 78.18 78.28 77.92 78.25 77.97 77.35 76.76 76.58 76.75 77.09 77.79 78.16 78.12 78.02 77.60 78.21 78.37 78.57 78.54 78.55 78.55 78.60 78.63 78.30 78.06 78.21 77.99 78.37 78.52 78.14 77.77 78.69 78.55 77.79 79.08 77.83 78.57 78.91 77.22 77.63 78.55 79.29 78.26 78.89 78.12 78.18 77.83 77.56 77.60 76.94 77.10 77.48 77.22 77.29 77.80 77.61 77.57 78.04 76.64 77.68 77.97 78.06 77.94 78.45 77.74 77.65 77.69 78.80 77.62 77.52 78.01 77.83 77.86 77.94 77.99 77.95 77.86 77.82 78.18 78.27 78.49 78.56 78.55 78.37 77.96 78.01 78.12 77.71 77.19 77.24 77.29 78.10 78.58 79.00 79.12 79.20 79.13 79.22 79.41 79.17 79.14 78.85 78.67 78.75 78.46 77.87 76.55 75.94 76.31 78.67 78.46 76.00 76.02 77.65 76.39 76.53 75.75 76.47 76.93 76.33 76.42 77.04 77.82 78.15 78.40 78.61 78.53 78.66 78.65 78.62 78.54 78.40 78.20 77.69 77.29 76.88 76.79 77.04 76.78 77.99 76.03 76.95 77.21 76.84 77.63 77.91 77.67 78.01 78.20
-57°N ||     78.18 78.23 78.44 78.76 78.25 76.74 77.25 77.05 76.55 76.63 76.78 78.74 76.71 76.87 76.39 76.49 77.32 77.90 77.37 77.21 78.64 77.29 77.35 77.32 76.43 77.22 77.54 77.51 77.46 76.50 75.89 78.25 77.98 78.11 78.09 77.76 77.93 77.25 77.02 77.10 76.85 77.54 77.81 77.96 78.07 77.73 77.16 77.06 78.07 78.62 78.65 78.71 78.54 78.52 78.25 77.49 77.25 77.27 76.95 76.75 77.54 79.18 78.00 77.31 78.96 79.39 79.21 78.14 80.54 75.87 79.62 78.15 77.53 78.35 77.88 78.94 79.21 78.90 78.52 79.32 79.36 78.41 77.58 77.69 77.98 77.66 77.74 77.45 77.40 77.79 77.89 77.99 77.66 77.29 77.31 77.25 77.27 77.39 77.89 77.39 77.08 77.26 77.24 77.32 77.28 77.99 78.02 78.21 78.38 78.51 78.64 78.77 78.90 78.98 78.85 78.55 78.69 78.68 78.84 78.52 78.41 78.64 79.11 79.43 79.65 79.64 79.66 79.65 79.66 80.03 79.42 79.30 79.08 79.29 79.19 79.10 79.03 78.50 76.33 77.63 78.74 79.08 76.63 76.87 77.54 77.32 76.84 76.54 76.48 76.91 77.46 77.66 77.83 77.51 78.06 77.79 78.39 77.72 76.71 77.01 78.46 78.59 78.51 78.16 77.64 77.27 76.95 76.93 77.05 76.94 76.55 76.39 76.98 77.08 78.23 76.99 76.99 77.12 77.49 78.10
-55°N ||     78.32 78.37 78.52 78.61 77.90 77.84 77.76 77.24 77.02 77.66 77.62 77.49 77.26 77.39 76.95 77.24 77.91 77.80 77.81 77.74 77.10 76.25 76.25 78.67 76.21 77.30 77.73 77.73 77.70 77.35 77.06 78.14 78.12 77.99 78.20 77.78 77.46 77.14 76.66 76.54 76.68 76.52 76.43 76.68 77.62 77.23 77.00 77.42 78.07 78.38 78.67 78.70 78.73 78.17 77.71 76.54 76.98 76.41 76.79 78.88 77.44 79.41 79.60 78.97 77.58 81.17 81.08 81.39 81.03 81.08 81.13 79.96 77.24 77.88 79.20 78.37 78.13 79.02 78.86 78.77 78.19 77.83 78.02 78.00 77.88 77.70 77.73 77.43 77.59 77.23 77.56 77.81 78.10 77.71 77.83 78.34 79.13 77.87 77.82 77.94 77.92 77.82 77.10 77.28 77.06 77.37 78.24 78.34 78.57 78.77 78.91 79.02 79.22 79.38 79.36 79.52 79.62 79.74 79.80 80.21 80.80 81.05 81.20 81.40 81.70 81.17 80.73 80.67 81.67 80.21 79.75 79.64 79.48 79.22 79.42 79.34 77.67 78.66 78.50 78.10 77.88 77.66 77.81 77.87 76.47 77.01 77.16 77.15 77.58 77.94 78.35 78.34 79.12 78.73 77.82 78.06 78.32 76.66 76.90 78.62 78.27 78.01 77.78 77.84 77.35 77.18 77.39 77.65 77.97 77.69 77.67 76.87 77.81 77.32 77.01 77.11 77.41 77.91 77.93 78.24
-53°N ||     78.44 77.97 78.08 78.82 79.06 77.17 78.16 78.31 78.28 78.03 78.21 77.58 77.29 77.76 77.74 77.74 77.38 77.87 77.75 77.88 77.73 76.88 76.47 77.92 77.34 77.69 78.94 77.62 77.85 77.59 78.02 77.86 77.88 78.16 78.00 77.98 77.93 76.89 76.54 76.55 76.42 76.59 77.18 77.43 77.68 77.84 78.00 77.88 78.82 79.48 77.45 77.60 77.98 77.67 77.81 78.43 78.17 77.18 77.05 78.24 77.54 79.55 79.63 79.76 82.14 81.64 81.13 81.15 81.23 81.30 81.29 80.97 80.05 79.58 78.62 78.45 78.83 79.19 78.36 78.66 78.88 78.70 78.56 78.33 78.03 79.03 78.21 77.74 77.96 78.03 77.65 77.57 77.41 78.01 77.31 77.14 77.59 77.73 77.87 77.71 77.91 78.01 77.41 76.46 78.09 77.79 78.01 78.37 78.49 78.56 79.03 79.19 79.46 79.66 79.76 80.03 80.81 81.21 82.24 83.43 84.34 84.99 85.23 85.35 85.41 84.78 84.53 84.66 84.72 84.60 83.09 80.20 80.23 80.87 79.36 79.60 79.65 79.37 78.13 78.16 78.38 77.77 77.90 77.41 77.63 78.50 77.49 77.49 77.61 77.27 77.63 78.12 78.60 78.82 79.40 78.46 78.29 76.40 78.71 78.24 78.44 78.49 78.49 78.06 77.72 77.65 77.23 77.72 76.93 77.72 78.01 77.14 76.39 76.39 77.15 77.92 77.99 78.10 78.38 78.43
-51°N ||     78.37 78.18 77.77 77.90 78.64 78.44 78.30 77.30 78.54 77.95 77.52 77.89 77.69 78.01 77.79 77.66 77.80 76.93 77.61 77.72 77.46 77.02 76.46 76.24 75.81 77.43 76.96 77.45 77.83 77.83 77.67 77.93 77.56 77.42 77.73 77.37 77.41 77.24 76.94 76.02 76.00 75.77 76.23 77.55 77.76 77.97 78.05 77.53 78.95 79.38 77.44 77.49 76.86 76.47 77.77 78.92 79.10 79.04 77.91 77.11 77.07 77.29 79.70 81.01 81.67 80.99 81.34 81.18 81.19 81.19 81.21 81.32 80.04 80.12 80.54 81.59 78.81 78.93 78.52 78.58 78.78 78.69 78.21 77.97 77.65 78.33 77.39 77.59 77.95 77.93 77.90 77.98 78.13 78.23 77.87 77.39 77.59 77.73 77.84 77.36 78.08 77.67 77.23 77.82 77.66 77.89 78.27 78.58 78.81 78.82 79.34 79.48 79.54 79.91 80.31 81.29 82.29 83.54 84.65 85.65 85.90 86.17 86.21 85.84 86.19 86.22 86.23 86.23 86.20 86.13 86.23 86.02 82.42 82.41 80.89 79.78 79.06 77.55 76.54 78.72 78.31 77.52 78.76 77.42 76.67 77.00 77.53 78.32 78.00 78.10 78.56 78.59 78.45 78.32 77.52 78.33 78.38 78.54 78.43 78.45 78.36 77.73 77.92 78.42 78.35 78.06 77.38 78.36 77.85 78.31 77.82 77.29 77.88 77.08 77.22 77.61 77.77 78.07 78.17 78.33
-49°N ||     77.29 77.63 77.46 77.98 78.89 79.09 79.23 78.30 78.34 77.11 77.74 77.21 77.17 76.99 77.38 77.13 77.05 77.11 76.18 76.49 76.91 77.30 76.35 76.17 77.00 76.70 77.17 77.87 77.82 77.80 77.57 77.89 77.47 75.94 75.96 76.18 76.57 76.57 76.67 76.07 75.86 75.94 76.13 77.21 77.64 77.86 77.88 77.85 77.75 77.61 77.40 77.02 76.41 76.14 76.47 77.01 78.32 78.39 77.50 77.19 79.26 79.49 79.63 79.91 81.11 81.90 81.25 81.31 81.19 81.55 81.61 80.97 80.45 79.03 79.55 78.46 78.46 78.90 78.42 78.60 78.63 78.57 78.28 77.85 77.89 77.35 77.56 79.20 78.44 77.98 77.70 77.94 78.65 78.67 78.04 77.70 76.96 78.26 77.44 77.43 77.38 77.36 77.70 78.13 78.23 77.77 77.67 78.60 78.81 79.11 78.73 79.31 79.84 80.60 82.20 83.54 84.64 85.27 85.90 86.12 86.15 85.76 86.13 86.12 85.98 86.24 86.24 86.20 86.24 86.24 86.24 86.19 86.24 85.95 83.98 82.24 79.67 78.93 79.35 78.87 79.18 78.48 77.27 77.97 78.14 76.80 77.77 77.47 78.18 78.36 77.46 78.11 78.10 78.06 77.89 78.44 78.20 77.93 77.46 77.47 75.83 76.93 77.97 77.73 77.27 77.98 78.49 78.82 78.06 78.84 78.73 78.38 78.32 77.70 77.13 76.57 76.83 77.13 77.61 77.81
-47°N ||     77.09 77.73 77.41 77.34 78.18 78.83 78.02 77.40 78.09 77.59 77.25 77.43 76.18 77.87 76.43 76.72 75.71 76.00 76.94 76.66 77.28 76.53 77.01 77.41 77.35 77.87 77.10 77.55 77.77 77.73 77.76 77.77 77.88 76.88 76.67 76.85 77.21 77.28 77.28 76.93 76.40 76.24 76.68 76.81 76.63 77.41 77.42 77.54 77.28 77.33 76.91 76.70 76.24 76.22 76.13 76.53 76.91 76.83 77.46 77.99 76.70 78.90 78.40 79.55 79.50 81.40 81.83 81.74 81.59 81.79 81.67 81.20 80.77 79.17 79.50 79.46 78.53 78.46 78.22 77.55 78.45 78.18 78.08 78.05 77.65 77.75 77.44 77.78 78.19 78.04 78.18 78.21 78.83 78.19 77.92 77.02 77.44 77.26 77.67 78.38 77.46 76.98 77.26 77.66 78.70 78.70 78.19 78.56 79.03 78.93 78.73 79.06 79.66 80.16 84.50 86.03 86.19 85.95 85.34 86.19 86.15 86.16 86.06 86.10 86.23 86.16 86.07 86.22 86.24 86.24 86.24 86.20 86.22 86.19 85.89 84.69 82.81 80.20 79.57 79.38 79.30 79.22 78.62 78.03 78.74 78.68 77.95 78.46 78.39 78.38 78.40 77.60 77.38 77.90 77.37 77.78 77.87 77.10 76.60 77.52 78.50 78.65 77.42 77.25 77.88 78.56 78.37 78.61 78.83 78.72 78.66 78.59 77.51 77.54 77.16 77.88 77.45 77.25 77.73 77.56
-45°N ||     77.78 77.88 77.68 77.75 78.08 78.02 78.17 78.23 78.38 77.39 77.11 77.82 77.18 76.93 77.03 77.04 78.19 76.94 77.42 77.57 77.29 77.65 78.37 77.19 77.64 77.94 77.73 77.56 77.57 77.52 77.36 77.49 77.42 77.18 77.21 77.17 77.21 77.25 77.39 77.42 77.01 76.89 77.11 76.99 76.95 77.21 77.21 76.96 76.74 76.51 76.40 76.38 76.30 75.69 75.45 76.78 77.28 77.42 77.86 78.17 78.54 78.46 78.91 79.05 79.00 80.23 80.96 83.40 82.99 82.19 81.90 81.48 79.97 79.64 79.39 79.58 78.35 78.31 78.28 79.30 77.88 78.17 77.82 77.78 77.70 77.59 77.59 78.23 78.21 78.10 77.96 78.08 78.34 78.08 77.82 77.94 77.49 77.54 77.48 78.38 76.47 77.29 77.52 77.60 78.35 77.56 78.29 78.56 78.81 78.83 78.95 78.83 79.68 81.97 86.03 86.12 85.57 85.36 85.99 85.78 85.93 85.71 85.75 85.78 85.89 85.70 85.35 85.98 86.20 86.07 86.24 86.22 86.23 86.20 85.86 85.56 83.83 81.06 79.77 79.54 79.29 79.45 77.02 78.71 78.75 78.40 78.58 78.21 77.98 78.46 78.01 77.72 78.08 77.73 77.85 77.40 77.11 77.23 76.54 75.59 77.16 76.87 77.56 78.64 78.74 78.61 77.94 78.78 78.12 78.22 78.60 78.47 77.54 77.60 77.67 76.58 76.65 77.41 77.66 77.54
-43°N ||     78.46 77.48 78.60 78.12 78.45 78.04 78.19 78.15 77.87 77.58 77.12 77.23 77.00 76.75 77.18 77.22 77.68 77.77 77.61 77.58 76.96 77.26 77.51 77.53 77.17 77.61 77.74 77.75 76.92 77.30 77.13 77.47 77.54 76.98 77.12 77.11 77.16 77.30 77.54 77.67 76.96 76.67 75.47 75.56 76.54 77.01 76.83 76.55 76.59 76.25 76.10 76.11 75.96 76.05 76.07 76.95 77.04 77.22 77.33 77.77 77.73 77.84 78.37 77.74 79.37 79.23 79.82 79.98 80.25 80.41 80.11 80.09 79.37 79.66 79.49 78.53 78.42 78.66 78.51 78.66 78.38 79.68 77.83 78.10 77.90 77.90 77.73 78.28 78.24 77.93 77.83 78.05 78.13 78.02 77.99 77.69 77.95 77.67 78.08 77.49 77.41 77.54 77.34 76.83 76.90 77.33 78.18 78.97 78.43 78.68 78.81 78.89 79.97 84.29 86.16 85.95 85.96 86.17 86.00 85.58 85.81 85.88 86.09 85.73 85.84 86.07 86.12 86.14 86.10 86.22 86.17 86.21 86.18 85.99 84.93 84.81 83.85 81.79 79.88 79.77 79.56 79.62 79.31 79.24 79.00 78.81 78.56 78.33 78.34 79.05 78.63 78.44 78.36 77.91 77.85 77.46 77.08 77.06 77.16 77.20 76.89 76.99 77.87 78.81 78.99 78.93 78.72 78.59 78.14 78.40 78.38 78.54 76.84 77.85 77.90 78.74 77.46 77.77 78.16 78.09
-41°N ||     78.65 78.56 78.59 78.98 78.78 77.96 78.09 77.97 78.67 79.04 79.63 79.47 78.21 77.29 77.63 77.47 76.93 77.26 76.88 77.33 76.90 77.59 77.53 77.52 77.30 76.28 76.94 77.17 77.46 76.90 76.76 77.10 76.89 76.91 76.64 77.01 77.11 77.33 77.40 74.95 74.61 74.43 72.44 72.16 72.24 74.80 74.79 74.80 75.69 76.10 75.74 76.18 75.85 76.04 75.97 76.02 76.11 76.71 77.74 77.53 77.07 76.35 78.01 78.70 78.63 79.23 79.20 79.47 79.83 79.89 79.85 79.41 79.65 79.01 79.08 79.09 78.88 79.78 78.82 78.32 78.59 78.45 78.04 78.06 77.84 77.86 78.00 78.37 78.37 78.20 77.90 78.15 77.83 77.89 78.03 77.44 77.25 77.86 77.80 77.66 77.26 77.36 76.78 76.48 78.36 77.50 77.96 78.58 78.60 78.63 78.86 79.13 79.90 84.34 85.89 85.96 85.80 86.23 85.82 85.80 85.74 85.95 85.62 85.42 85.97 86.11 86.07 86.08 86.20 86.11 86.21 86.23 85.81 85.21 84.81 84.40 83.19 81.46 80.45 79.81 80.16 79.06 78.83 79.13 77.95 78.14 78.59 78.71 78.77 78.71 78.60 78.56 78.59 77.84 77.67 77.60 77.29 77.80 77.75 77.46 77.36 77.27 78.05 78.50 78.66 78.52 78.62 78.52 77.61 78.17 78.18 77.25 77.12 78.03 77.92 78.00 78.09 78.35 78.58 78.17
-39°N ||     78.47 78.64 78.30 77.87 78.86 77.84 78.40 78.26 77.40 77.91 79.24 79.23 77.71 77.32 78.04 77.70 78.01 77.43 77.73 77.82 78.02 77.14 78.04 78.05 77.74 77.75 77.49 77.17 77.35 77.22 77.09 74.92 76.19 76.69 76.70 76.93 77.11 77.08 76.26 76.11 75.45 74.00 73.62 73.72 74.13 74.26 74.14 74.42 73.74 74.98 75.80 75.82 75.83 75.92 76.08 76.10 76.36 76.74 76.81 77.39 77.38 77.55 76.97 77.22 78.11 77.39 78.73 79.70 79.58 79.54 79.57 79.56 79.18 79.01 79.17 79.05 78.97 78.76 78.59 78.62 78.57 78.57 78.38 78.18 78.14 77.85 78.29 78.59 78.22 78.15 78.43 78.49 78.40 77.88 78.10 77.70 77.72 77.67 77.64 78.12 77.35 77.57 77.13 77.27 77.15 77.09 77.93 78.42 78.68 78.72 78.71 79.32 79.99 82.61 85.84 85.90 85.47 85.62 86.15 85.87 85.52 85.73 85.53 85.44 85.85 86.05 85.83 86.05 85.98 86.20 86.24 86.03 85.41 84.93 84.11 83.53 83.05 82.28 80.33 79.51 79.38 78.75 78.77 78.65 78.64 78.87 78.97 78.81 77.94 78.65 78.71 78.80 78.54 78.34 77.90 78.21 77.91 77.54 78.24 78.05 77.67 77.48 77.50 77.76 78.19 78.33 78.81 78.61 78.26 78.20 78.37 78.13 78.53 78.41 78.44 78.08 78.25 78.52 78.70 78.83
-37°N ||     78.84 78.64 78.66 78.23 79.33 79.06 78.64 77.72 77.12 76.38 76.03 77.16 77.01 78.03 78.48 78.44 78.44 78.44 78.24 78.13 78.12 78.09 77.70 77.96 77.58 77.16 77.27 76.75 76.63 77.26 77.14 76.12 76.30 75.61 76.43 75.43 76.12 73.99 74.15 76.12 73.97 73.11 74.55 74.59 74.48 74.42 74.65 75.45 74.74 74.69 74.43 75.12 75.78 76.32 76.30 76.42 76.29 76.94 77.07 76.84 76.80 77.68 77.64 78.04 78.53 78.44 78.93 79.11 77.51 79.32 78.98 79.06 79.12 79.23 79.11 78.95 78.84 78.82 78.84 78.61 78.35 78.17 77.83 79.28 78.24 77.99 78.00 77.89 78.48 78.16 78.33 78.50 78.46 78.22 77.70 78.04 77.63 77.54 78.03 77.98 77.30 77.26 77.09 77.31 77.53 77.49 79.03 78.05 78.59 78.82 78.88 78.98 79.43 81.99 84.15 86.05 85.55 84.89 83.90 85.92 85.82 85.77 86.14 85.55 86.00 85.96 86.14 86.07 86.11 86.16 86.17 85.81 84.75 84.21 83.34 82.76 81.70 80.40 79.89 79.55 78.93 79.03 78.51 78.54 78.37 78.51 78.82 78.84 78.80 78.65 78.83 78.68 78.58 78.51 78.33 78.37 78.61 78.39 78.26 77.42 77.83 77.74 77.19 77.16 78.00 78.22 78.78 78.31 78.35 78.51 78.67 78.64 78.61 78.58 78.35 78.14 78.86 79.00 78.87 79.23
-35°N ||     78.83 79.31 78.67 77.88 78.58 77.88 77.75 78.00 77.28 76.43 76.27 77.22 78.02 78.21 78.39 78.29 78.44 76.79 78.16 78.09 78.02 77.78 77.77 77.57 77.00 77.30 77.10 76.95 76.36 76.54 76.21 76.08 76.20 75.89 76.05 76.26 75.51 73.94 74.07 74.03 73.43 74.56 75.35 75.23 74.87 75.17 74.95 75.03 75.33 75.37 75.15 74.17 75.03 76.19 76.56 76.77 76.76 76.76 76.77 76.86 77.05 77.25 77.20 78.41 78.33 77.62 77.91 78.36 78.27 79.07 78.97 79.11 78.88 78.56 78.70 78.88 78.89 78.88 79.07 78.78 78.39 78.05 78.27 78.08 78.19 77.81 77.69 77.87 78.03 78.13 78.19 78.41 78.32 77.85 77.88 77.85 78.14 78.38 77.67 77.52 77.57 76.91 77.07 77.50 77.72 77.66 77.73 78.16 78.72 78.60 78.58 78.76 79.10 79.34 81.31 84.09 86.00 85.49 84.65 84.39 85.86 85.89 84.07 84.54 86.12 86.02 86.10 86.16 86.12 86.18 86.07 83.97 82.71 82.75 82.19 81.43 81.67 80.37 80.24 80.12 79.20 78.86 77.97 78.52 78.25 78.41 78.56 78.65 78.78 78.86 78.70 78.48 77.76 77.77 77.88 78.24 77.89 77.65 78.05 78.30 78.01 77.61 78.08 78.33 78.12 78.13 77.94 78.22 78.17 77.63 78.70 78.79 78.47 78.40 78.59 78.68 79.19 79.04 78.67 78.00
-33°N ||     78.90 79.00 77.88 77.72 77.96 77.00 77.48 76.46 76.50 77.16 77.09 77.38 78.11 78.27 78.57 78.18 78.45 78.48 78.10 78.10 77.27 77.80 77.73 77.70 77.37 77.08 77.11 76.90 76.65 76.36 76.20 75.32 75.76 75.52 75.17 75.40 74.68 73.64 73.47 72.75 73.02 74.63 75.58 75.14 75.95 75.25 76.25 76.32 76.01 76.05 75.35 74.30 73.39 75.18 76.16 76.78 76.73 76.80 76.82 76.78 77.20 77.68 77.50 78.37 78.44 78.49 78.45 78.43 78.34 78.15 78.39 78.90 78.84 78.56 78.96 78.59 79.04 78.81 78.76 78.87 78.63 78.40 78.63 78.27 78.21 78.06 78.00 77.87 77.89 78.00 78.06 77.72 77.98 78.19 77.94 78.09 77.84 78.13 77.81 77.24 77.44 77.25 76.97 77.22 77.51 77.64 77.65 77.57 78.28 78.59 78.44 78.39 78.16 78.52 79.13 80.74 85.25 86.06 85.86 85.16 85.17 84.23 85.84 86.16 86.03 86.02 86.18 86.20 85.91 85.06 84.31 82.30 80.88 80.70 80.56 80.52 81.09 80.69 79.97 79.87 79.50 78.90 78.54 78.41 78.23 78.17 78.35 78.30 78.42 78.57 78.52 78.24 78.08 77.85 77.23 77.11 77.25 77.20 77.98 77.50 77.90 78.19 77.63 77.96 77.81 77.72 78.15 78.31 78.54 78.08 78.28 78.77 77.97 78.53 78.54 78.71 78.86 78.66 78.33 78.30
-31°N ||     78.83 78.11 77.97 77.90 77.19 77.30 76.73 77.23 77.39 77.22 77.43 77.47 77.89 78.18 78.46 78.45 78.45 77.94 77.78 78.10 77.66 77.73 77.64 77.57 77.36 77.30 77.07 76.85 76.51 76.18 75.88 75.72 75.68 75.05 74.89 75.51 74.60 73.45 73.62 72.76 73.82 74.70 75.12 75.76 76.03 76.28 76.31 76.53 76.52 76.63 75.57 74.30 74.72 74.82 74.97 74.91 76.38 77.00 76.96 77.30 77.73 78.12 78.36 78.40 78.56 78.49 78.56 78.69 78.60 78.54 78.63 79.35 78.57 78.32 78.50 78.51 78.62 78.73 78.90 78.88 78.94 78.83 78.60 78.61 78.46 78.07 77.77 77.62 77.85 77.92 77.93 78.04 77.76 78.01 78.10 77.99 78.07 77.96 77.92 77.48 77.45 77.97 77.63 77.43 77.73 77.92 78.01 77.70 78.33 78.56 78.78 78.40 78.77 78.69 79.36 79.35 80.72 81.86 82.78 86.11 86.02 85.59 86.22 86.13 86.20 86.15 86.18 86.03 83.13 80.92 82.46 81.74 80.33 80.29 80.12 79.75 79.71 79.96 79.90 79.62 79.54 78.57 78.62 78.32 78.43 77.98 78.12 78.08 78.10 78.18 78.31 78.08 77.84 77.85 77.45 77.36 78.08 77.14 76.93 76.72 78.01 78.35 78.70 78.09 78.29 78.46 78.59 78.49 78.52 78.37 78.21 78.48 78.12 78.42 78.41 78.20 78.42 78.57 78.54 78.48
-29°N ||     78.81 78.10 76.65 77.89 77.19 77.02 77.63 77.14 77.52 77.32 77.31 77.56 78.16 78.36 78.45 78.40 78.35 77.20 78.18 78.14 77.92 77.64 77.63 77.50 77.42 77.24 77.06 76.73 76.38 76.09 75.82 75.48 75.28 75.24 75.21 74.39 74.45 73.95 72.47 71.53 73.75 74.90 75.35 75.69 76.07 76.39 76.59 76.72 76.82 76.80 76.73 76.54 75.75 75.75 75.63 74.82 75.13 75.67 76.92 77.24 77.80 78.45 78.56 78.50 78.80 78.53 78.36 78.48 78.70 78.66 78.81 79.08 78.81 78.44 78.69 78.95 78.75 78.72 79.04 78.99 78.93 78.94 78.71 78.82 78.23 78.20 78.05 77.80 77.69 77.90 77.99 78.05 78.20 78.13 78.10 78.02 78.06 77.58 77.97 77.60 78.12 78.19 77.88 77.88 78.16 78.28 78.36 78.26 77.68 78.51 78.22 78.74 78.87 78.97 78.36 78.61 79.61 79.52 80.30 80.34 81.67 81.74 83.75 85.65 84.53 84.89 83.18 83.85 80.83 80.05 79.76 79.52 79.84 79.97 79.79 79.49 79.61 79.59 79.52 79.11 79.06 78.78 78.51 78.36 78.30 78.13 78.09 78.15 78.14 78.17 78.20 77.96 77.93 77.43 77.69 77.21 76.66 76.95 77.80 76.65 77.76 78.24 78.41 77.88 78.43 77.54 78.37 78.55 78.29 78.16 78.35 78.21 77.99 78.13 78.20 78.42 78.25 78.41 78.55 78.72
-27°N ||     78.46 78.03 77.99 77.94 77.31 77.19 77.83 76.86 77.36 77.74 77.62 78.03 77.96 78.13 78.45 78.21 78.46 77.59 78.17 77.56 77.60 77.62 77.49 77.47 77.25 77.13 76.98 76.84 76.34 76.01 75.66 75.33 74.92 74.95 74.79 74.99 75.23 73.74 73.45 71.79 74.03 74.96 75.35 75.79 76.18 76.50 76.73 76.88 76.97 77.12 77.08 77.13 76.83 76.14 76.12 76.22 76.53 76.49 76.37 76.35 76.08 77.83 78.60 78.61 78.56 78.57 78.67 78.84 78.63 78.52 78.55 79.11 79.21 79.39 78.97 78.63 78.92 78.94 79.13 79.12 79.10 79.08 78.97 78.72 78.60 78.34 78.41 78.44 78.04 77.93 77.90 78.13 78.16 77.75 77.92 78.07 78.10 77.81 77.81 77.80 78.10 78.34 77.81 78.12 78.33 78.21 78.49 77.87 77.46 77.73 78.38 78.42 78.69 78.51 78.46 78.54 78.52 79.55 79.49 79.67 79.83 79.97 80.17 80.30 80.46 81.11 81.81 81.16 80.86 80.02 79.54 79.84 79.78 79.67 79.30 79.46 77.51 79.51 79.49 78.07 78.62 78.27 78.17 78.15 78.17 78.17 78.16 78.16 78.04 77.98 77.93 77.65 77.12 77.00 76.85 77.17 77.85 76.76 76.86 77.60 77.20 77.71 78.23 78.20 78.63 77.70 78.43 78.17 78.39 78.53 78.44 78.26 77.81 77.57 77.62 78.06 78.07 78.14 78.53 78.59
-25°N ||     78.56 77.82 78.22 77.94 77.88 77.84 78.01 78.38 77.80 78.16 77.95 78.55 78.55 78.45 78.56 78.34 78.39 77.97 77.59 78.07 77.69 77.52 77.46 77.32 77.17 76.95 76.79 76.61 76.21 75.73 75.38 75.09 74.82 74.64 74.59 73.87 74.31 74.73 73.46 73.83 74.32 74.90 75.44 75.83 76.08 76.38 76.57 76.82 76.98 76.98 77.15 77.18 76.85 76.41 75.42 76.20 76.53 76.70 76.69 76.51 75.69 77.07 78.35 78.40 78.53 78.53 78.52 77.96 78.21 78.36 78.42 78.46 78.95 79.53 79.68 79.06 79.19 79.27 79.44 79.20 79.20 79.11 79.36 79.00 79.19 78.59 78.68 78.70 78.66 78.01 78.39 78.27 78.53 77.67 78.12 78.09 78.11 77.65 77.30 78.06 78.09 77.97 78.07 78.12 77.98 77.59 78.05 77.37 77.15 77.54 77.86 77.97 78.35 78.19 78.68 79.10 78.79 79.30 79.48 79.62 79.75 79.64 79.57 80.14 79.72 80.61 80.18 79.60 79.48 79.33 79.48 79.26 79.24 79.43 79.25 78.57 78.48 78.80 77.88 78.36 78.20 77.97 77.79 77.83 77.92 77.98 78.28 78.00 77.92 77.76 77.68 77.45 77.04 76.61 76.78 77.08 77.51 77.02 76.44 76.94 76.82 77.29 77.76 78.22 77.83 77.86 78.34 77.84 78.17 78.36 78.32 77.90 77.54 78.18 78.24 78.03 78.17 78.59 78.83 78.51
-23°N ||     78.50 78.50 77.96 77.99 77.90 78.03 78.27 78.44 78.58 78.65 78.63 78.59 78.77 78.84 78.56 78.71 77.33 77.67 78.14 77.71 77.71 77.42 77.41 77.29 77.10 76.79 76.55 76.19 75.79 75.40 75.05 74.67 74.46 74.35 74.43 74.37 73.50 73.92 73.41 73.71 74.27 74.89 75.27 75.56 75.83 76.08 76.35 76.60 76.88 77.02 77.30 77.25 77.22 76.81 75.97 76.16 76.49 76.50 76.44 76.04 75.27 77.30 78.18 78.24 77.92 78.12 78.38 78.00 78.38 78.34 78.15 78.63 78.77 79.27 79.42 79.55 79.12 79.25 79.14 79.31 79.30 79.22 79.24 79.46 79.12 78.81 78.91 79.01 78.88 77.81 78.48 78.28 78.57 78.60 78.63 78.17 78.08 79.10 77.99 77.60 77.79 77.58 77.36 77.21 77.53 77.98 77.20 77.15 76.84 77.47 77.74 78.21 78.09 77.72 77.67 77.96 78.55 78.78 79.01 79.19 79.54 79.34 79.56 79.73 79.73 80.07 79.69 79.34 79.33 79.20 78.88 78.94 79.09 79.18 78.46 77.89 77.20 77.41 77.82 78.15 77.90 77.66 77.30 77.44 77.77 77.87 77.93 78.01 77.71 77.63 77.54 77.45 77.67 77.51 77.59 76.99 77.52 77.01 76.59 76.97 76.54 77.46 77.71 77.98 77.98 78.17 78.06 78.22 78.12 78.69 78.11 78.99 78.08 78.17 78.25 78.20 78.01 78.67 78.98 78.49
-21°N ||     78.26 78.38 77.97 77.99 77.97 77.99 78.33 78.97 78.69 78.61 78.47 78.53 78.63 78.47 78.59 78.69 78.32 77.95 77.99 77.76 77.57 77.37 77.31 77.15 76.94 76.71 76.29 75.80 75.26 74.82 74.51 74.15 73.94 73.92 74.09 73.58 73.78 73.04 73.21 73.77 74.19 74.64 74.92 75.20 75.53 75.76 76.10 76.35 76.62 76.83 76.96 77.16 77.18 76.73 76.18 76.48 76.04 76.34 75.99 75.59 75.66 76.02 78.04 78.00 78.09 77.93 78.29 78.41 78.35 78.38 78.50 78.49 78.71 78.96 79.44 79.66 79.39 79.27 79.39 79.43 79.35 79.31 79.26 79.42 79.33 79.44 79.01 79.04 78.87 78.52 78.38 78.55 78.71 78.77 78.38 78.26 78.10 77.75 77.71 77.89 78.01 78.12 77.12 77.51 77.79 77.69 77.93 76.94 76.85 77.33 77.80 77.40 77.90 77.88 77.97 78.24 78.36 78.75 78.84 79.20 79.33 79.46 79.11 79.62 79.37 79.28 79.35 78.46 78.87 78.88 78.77 78.62 79.02 78.48 78.05 77.77 76.57 76.73 77.63 77.48 77.70 77.65 77.23 76.86 77.79 77.90 77.90 77.92 77.90 77.63 77.34 77.07 76.76 77.09 77.89 77.09 77.29 77.21 76.68 77.44 77.30 77.51 77.37 77.35 78.00 78.15 78.39 78.16 77.87 78.64 78.76 78.43 78.49 78.74 78.64 78.14 77.76 78.32 78.34 78.09
-19°N ||     77.46 77.81 77.84 77.66 78.05 78.33 78.67 79.26 79.23 78.91 78.78 78.52 78.63 78.61 78.78 78.60 78.35 78.27 77.80 77.75 77.57 77.32 77.16 76.88 76.70 76.42 76.02 75.31 74.44 73.97 73.69 73.56 73.42 73.56 73.81 72.18 73.47 72.95 73.11 73.43 73.64 74.04 74.35 74.65 75.03 75.40 75.78 76.06 76.40 76.61 76.74 76.83 76.97 76.87 76.39 75.93 75.89 75.86 75.98 75.84 75.44 76.91 77.77 77.70 77.90 78.08 78.44 78.47 78.52 78.31 78.46 78.67 78.94 79.29 79.79 79.82 79.75 79.29 79.45 79.46 79.65 79.41 79.33 79.30 79.49 79.54 79.19 78.95 78.97 79.05 78.88 78.74 78.79 78.70 78.33 78.42 78.07 77.98 78.22 77.49 77.90 78.00 77.32 77.72 77.28 77.65 76.93 76.74 77.28 77.31 77.10 77.50 77.48 77.69 77.82 77.99 78.04 77.98 78.04 78.95 79.12 79.13 79.22 79.21 79.02 79.02 78.62 78.63 78.72 78.62 78.56 78.06 77.89 78.16 77.86 77.54 77.04 76.87 77.31 77.53 77.81 77.82 78.01 77.98 77.81 77.84 77.85 77.85 77.70 77.57 77.78 77.20 76.81 76.92 77.37 77.51 77.38 77.59 77.04 77.48 77.60 77.39 77.27 77.18 77.78 77.79 77.67 77.59 78.29 78.68 78.92 79.04 79.11 79.29 79.02 79.07 78.93 78.68 78.75 77.50
-17°N ||     77.51 77.51 77.69 78.08 78.11 78.37 79.01 79.13 79.12 79.04 78.90 78.65 78.72 78.13 78.71 79.07 78.47 78.46 78.09 77.70 77.54 77.32 76.91 76.60 76.39 76.07 75.57 74.44 73.49 72.91 72.83 72.93 73.12 73.30 72.98 72.32 72.75 72.99 72.85 72.73 72.87 73.30 73.73 74.04 74.58 75.00 75.40 75.70 76.05 76.35 76.45 76.65 76.65 76.70 76.29 75.87 75.30 75.32 75.87 75.72 75.45 77.05 77.72 77.10 77.56 79.91 80.78 79.59 78.40 78.55 78.13 78.58 78.86 79.14 79.78 79.74 79.77 79.27 79.50 79.34 79.49 79.43 79.44 79.43 79.47 79.42 79.28 79.28 79.22 79.06 78.74 78.80 78.82 78.68 78.49 78.48 78.12 78.19 77.85 78.49 78.01 77.77 77.35 77.36 77.34 77.28 77.40 76.88 77.41 77.37 77.53 77.35 77.13 77.12 77.45 77.52 77.70 78.33 78.41 77.93 78.45 78.35 78.55 78.58 78.50 78.89 78.80 78.79 78.67 78.56 78.01 78.09 77.01 77.41 77.56 77.38 76.77 76.79 77.35 77.61 77.89 77.90 78.00 78.08 77.85 77.79 77.75 77.66 77.60 77.33 77.48 77.38 77.01 77.14 76.99 77.07 77.34 77.58 77.34 77.89 77.56 77.52 77.28 77.08 78.11 77.13 77.47 77.74 78.30 78.88 79.02 79.18 79.18 79.32 79.42 79.12 79.14 78.91 79.13 78.55
-15°N ||     78.81 77.52 78.45 78.21 78.55 78.74 79.44 79.35 78.98 79.04 79.03 78.68 78.50 78.56 78.72 79.03 77.66 78.52 78.73 77.82 77.60 77.27 76.96 76.64 76.22 75.69 74.80 73.33 71.85 71.40 71.88 72.49 72.68 72.96 73.12 73.07 73.28 73.32 72.60 72.25 72.22 72.83 73.21 73.56 74.10 74.70 75.12 75.44 75.65 75.80 75.80 76.20 76.38 76.35 75.98 75.83 75.41 76.43 75.66 76.59 77.00 79.67 80.48 80.91 81.32 80.98 80.35 81.17 81.09 78.68 78.56 79.05 78.98 79.08 79.58 79.56 79.68 79.55 79.44 79.39 79.43 79.44 79.41 79.53 79.40 79.36 79.37 79.26 79.18 79.12 79.18 79.02 78.91 78.63 78.49 78.52 78.42 78.23 77.72 78.22 77.58 77.71 77.58 77.22 77.36 77.07 77.22 77.19 77.04 77.12 77.53 77.03 76.84 76.82 76.91 76.54 77.50 78.30 78.32 78.35 77.90 78.37 78.35 78.25 78.49 78.67 78.61 78.82 78.30 77.94 77.75 76.86 76.77 76.84 77.14 77.00 76.73 76.92 76.97 77.41 77.72 77.93 77.86 77.86 77.96 77.83 77.61 77.69 77.36 77.53 77.34 77.56 76.92 76.61 77.60 77.78 77.08 77.73 77.78 77.51 77.57 77.45 77.07 77.31 77.79 77.92 77.78 77.81 78.08 79.05 79.26 79.70 79.50 79.42 79.09 79.52 79.27 79.68 78.47 78.64
-13°N ||     78.92 78.86 78.60 78.33 78.56 78.94 79.25 79.48 79.37 79.46 79.27 78.91 78.80 78.95 78.93 79.00 78.57 78.53 78.40 78.06 77.75 77.35 77.00 76.64 76.11 75.43 74.41 72.36 70.06 69.58 70.86 72.02 72.39 72.50 72.59 73.33 73.08 73.05 72.42 72.14 72.19 73.49 72.70 73.23 73.80 74.33 74.86 75.18 75.43 75.59 75.62 76.38 75.72 76.98 80.01 79.55 79.50 77.46 81.12 81.67 79.78 77.11 77.01 77.27 79.99 80.17 79.60 79.65 77.99 80.62 78.80 78.87 79.08 79.24 79.31 79.54 79.48 79.66 79.77 79.48 79.45 79.46 79.44 79.44 79.31 79.35 79.44 79.31 79.16 79.34 79.24 79.17 79.02 78.80 79.07 78.69 78.53 78.29 78.15 78.17 78.13 77.86 77.48 77.28 77.07 77.55 77.12 77.10 76.97 76.89 76.91 77.07 76.64 77.04 76.92 77.16 77.18 78.00 78.18 78.03 78.11 78.34 78.22 78.21 77.92 78.38 78.44 78.46 78.25 78.04 77.01 76.76 76.44 76.99 76.88 77.11 76.67 76.85 77.53 77.56 78.04 77.89 77.99 77.89 77.94 77.84 77.46 77.29 77.22 77.28 77.24 77.01 77.41 76.93 77.83 77.80 77.26 77.25 77.61 77.72 77.43 77.53 77.13 76.99 77.34 78.29 78.33 78.50 78.84 79.29 79.45 79.58 79.62 79.57 79.54 79.63 79.71 79.58 79.71 79.58
-11°N ||     79.70 79.49 79.75 79.78 79.12 79.11 79.29 79.51 79.37 79.38 79.27 79.22 79.26 78.97 79.14 79.05 78.98 78.70 78.54 78.23 77.86 77.57 77.07 76.63 75.95 75.30 74.36 72.57 70.13 68.24 69.25 72.00 72.28 72.30 72.21 72.90 72.83 72.52 72.03 71.78 72.28 72.64 72.58 73.13 73.60 74.05 74.79 75.00 75.22 75.45 75.30 76.00 79.24 79.74 81.84 81.93 78.09 74.63 74.41 75.54 76.26 76.48 76.79 77.03 77.53 77.39 77.59 78.91 78.26 78.45 80.97 79.33 80.94 79.59 79.39 79.84 79.80 79.60 79.71 79.73 79.49 79.50 79.53 79.47 79.49 79.45 79.58 79.39 79.45 79.30 79.31 79.44 79.06 78.93 78.75 78.76 78.80 78.46 77.29 77.70 78.18 78.25 77.75 77.50 77.39 77.06 77.02 77.11 76.87 76.91 77.34 77.02 77.11 76.81 77.07 77.22 77.14 77.39 77.78 77.56 77.72 78.00 77.96 77.87 77.54 78.32 78.25 78.47 78.23 78.19 77.91 77.10 76.53 76.77 76.72 77.28 76.92 77.39 77.73 77.75 78.15 78.04 77.86 77.94 77.95 77.89 77.76 77.81 77.52 77.50 77.33 76.96 76.55 77.05 76.97 77.22 77.63 77.73 77.45 77.89 77.62 78.12 78.37 78.04 78.25 79.23 78.41 78.80 79.01 79.38 79.50 79.53 79.71 79.66 79.74 79.81 79.82 79.47 79.58 79.39
-9°N ||     79.22 79.40 79.37 79.60 79.77 79.24 79.52 79.36 79.53 79.59 79.36 79.44 79.28 79.22 79.22 79.07 79.06 78.85 78.70 78.35 78.09 77.64 77.28 76.75 76.17 75.44 74.58 73.74 70.51 67.02 67.02 70.88 72.14 72.15 72.23 72.11 72.56 72.33 72.37 72.03 72.17 72.84 74.62 76.35 75.13 74.09 74.70 75.33 75.26 75.69 79.35 80.19 80.08 81.63 79.63 75.18 74.23 76.23 74.88 76.20 76.48 76.63 77.33 77.24 77.72 77.90 79.18 78.34 80.02 78.64 81.05 81.01 81.29 80.38 80.13 79.84 79.49 79.63 79.66 80.04 79.73 79.47 79.56 79.58 79.55 79.57 79.68 79.43 79.46 79.46 79.58 79.21 79.21 79.16 78.93 78.69 78.78 78.57 77.99 77.91 78.21 77.97 77.62 77.80 77.76 77.33 77.03 77.41 78.50 78.81 77.12 77.42 77.24 77.34 77.29 77.14 77.17 77.26 77.53 77.60 77.58 77.39 77.62 77.42 77.38 77.52 77.81 78.16 78.20 78.20 77.85 77.44 76.54 77.41 77.41 76.81 77.70 77.95 77.34 77.79 78.11 78.13 78.25 78.05 78.04 77.81 77.72 78.12 78.01 77.60 76.81 77.04 76.55 77.33 77.76 77.59 77.80 78.20 77.78 77.97 78.43 79.21 79.43 79.06 79.02 79.43 79.41 79.30 79.45 79.49 79.58 79.67 79.75 80.17 79.91 79.89 79.43 77.97 79.56 79.47
-7°N ||     79.52 79.49 79.42 79.42 79.99 79.85 79.60 79.65 79.89 79.72 79.65 79.50 79.39 79.36 79.36 79.40 79.34 79.07 78.83 78.56 78.24 77.84 77.46 76.88 76.31 75.75 75.05 74.43 71.13 68.15 68.85 70.30 71.77 72.04 72.23 72.46 72.00 72.03 72.48 72.03 75.54 75.89 73.08 77.20 76.40 76.42 76.83 79.07 78.66 77.81 76.45 74.90 77.75 81.36 79.34 79.72 80.01 76.98 76.03 76.68 76.82 76.84 77.17 77.36 78.53 79.80 79.74 79.45 77.97 78.16 79.73 81.10 80.96 80.42 80.75 80.31 80.07 79.55 79.53 79.65 79.70 79.62 79.66 79.53 79.58 79.52 79.44 79.37 79.33 79.41 79.36 79.44 79.21 79.15 79.14 79.19 79.19 78.76 78.29 78.45 77.60 77.56 77.71 77.80 77.07 77.57 77.72 77.40 77.39 77.42 77.63 77.60 77.74 77.01 77.12 77.13 77.12 77.66 77.71 77.51 77.11 76.94 77.05 76.82 77.27 77.82 77.57 77.73 78.16 78.17 78.05 77.93 76.91 76.82 77.26 77.49 77.54 77.64 77.49 77.88 78.15 78.07 78.34 78.29 78.23 78.27 78.35 78.37 78.33 78.58 76.58 76.42 76.60 77.32 76.85 78.13 79.22 78.68 78.79 78.75 79.22 79.41 79.36 79.26 79.58 79.73 79.61 79.71 79.73 79.71 79.73 79.73 79.81 79.94 80.06 80.06 79.81 79.68 79.63 79.52
-5°N ||     79.56 79.63 79.70 79.67 79.55 80.02 79.98 79.97 80.07 79.77 79.64 79.36 79.46 79.55 79.66 79.73 79.74 79.53 78.94 78.93 78.55 78.20 77.78 77.21 76.70 76.13 75.55 74.62 73.39 71.76 70.48 70.73 71.76 71.91 72.31 72.58 72.56 73.62 72.85 72.20 72.56 72.89 73.34 77.84 76.02 78.20 75.94 76.91 75.96 75.17 74.71 77.89 78.77 79.32 78.65 75.22 75.61 76.79 79.32 79.11 77.07 77.23 77.35 77.40 78.11 77.73 78.48 77.97 78.08 78.36 78.89 79.37 80.33 79.24 79.21 80.27 80.41 80.13 79.39 79.50 80.00 79.77 79.74 79.66 79.62 79.51 79.41 79.42 79.52 79.45 79.38 79.34 79.40 79.10 79.14 79.24 79.19 79.17 78.91 78.99 78.28 77.36 77.56 77.75 78.07 77.78 77.66 77.58 77.70 77.52 78.09 78.16 78.00 77.23 77.05 77.11 76.86 77.08 76.81 77.39 77.08 77.42 77.16 77.18 77.44 77.24 77.83 77.45 78.00 78.07 77.92 77.37 77.50 76.97 77.45 77.63 77.95 77.87 77.97 78.10 77.98 78.21 78.65 78.70 78.49 78.47 79.05 78.81 78.38 78.16 77.57 77.11 77.92 77.82 77.71 78.25 79.63 79.24 80.51 79.64 79.49 79.33 79.30 79.62 79.62 79.83 79.84 79.79 79.79 79.85 79.89 79.87 80.00 79.99 79.99 80.03 80.05 79.91 79.77 79.66
-3°N ||     79.67 79.65 79.78 79.81 79.72 80.25 80.27 80.14 79.88 79.99 79.51 79.13 79.66 80.04 80.00 80.09 79.45 78.97 79.51 79.26 79.02 78.51 78.37 77.80 77.15 76.57 76.02 75.07 74.34 73.02 72.03 71.85 71.58 71.56 72.39 72.85 73.19 73.38 73.41 72.97 72.76 73.36 73.75 74.67 74.97 75.03 75.68 75.71 75.53 75.20 74.95 74.72 75.24 77.39 76.90 75.78 76.41 76.94 77.28 79.85 77.04 77.78 77.73 77.94 78.09 78.20 79.09 78.51 78.65 78.95 79.13 79.27 80.93 79.52 79.45 80.05 79.82 79.93 79.60 79.64 79.74 79.74 80.00 79.79 79.64 79.57 79.63 79.53 79.52 79.49 79.46 79.38 79.32 79.30 79.21 79.18 78.82 79.18 79.18 79.22 78.51 77.95 77.76 77.93 78.20 77.74 77.87 78.06 77.99 77.99 78.22 78.21 77.91 77.60 77.42 76.94 76.63 77.88 77.63 77.43 77.33 77.45 77.27 77.64 77.11 77.48 77.22 77.91 77.97 78.19 77.75 77.90 77.80 77.66 78.07 78.71 77.72 78.38 78.25 77.98 78.22 78.28 78.93 78.93 78.57 79.17 79.02 78.63 78.33 78.04 77.46 77.68 77.56 77.75 77.97 78.79 79.59 79.63 79.65 79.44 79.69 79.63 79.61 79.57 79.68 79.84 79.76 79.63 79.97 80.00 79.98 80.05 80.09 80.12 80.12 80.12 80.08 80.01 79.83 79.80
-1°N ||     79.85 79.81 79.85 79.96 80.02 80.28 80.29 80.11 80.01 79.69 79.42 79.01 79.74 80.00 80.22 79.81 79.51 79.69 79.62 79.28 79.17 78.95 78.71 78.26 77.70 76.90 76.24 75.49 74.77 74.01 72.95 72.37 71.01 69.56 72.59 73.04 73.33 73.61 73.78 73.81 73.85 74.72 75.09 75.41 75.67 76.25 76.57 76.79 77.05 77.24 76.54 77.98 80.07 75.79 75.93 76.22 77.08 77.42 77.51 78.61 77.81 78.07 78.08 78.07 78.30 78.41 78.38 79.08 79.19 79.19 79.95 79.31 80.59 80.71 79.69 79.70 79.61 79.64 79.68 79.83 80.17 79.99 79.93 79.68 79.71 79.69 79.62 79.53 79.47 79.45 79.49 79.55 79.40 79.37 79.24 79.19 78.73 79.16 79.16 79.20 78.55 78.37 78.20 77.99 78.21 78.14 78.08 78.26 78.30 78.36 78.49 78.45 77.79 77.54 77.50 77.16 76.84 77.92 77.69 77.64 77.67 77.26 77.34 77.13 77.51 77.58 77.76 77.91 78.46 78.33 77.98 77.45 77.96 78.07 78.65 78.64 78.44 79.13 78.29 78.12 78.32 78.46 78.99 79.03 79.08 79.20 79.11 78.24 78.52 78.05 77.91 78.01 78.65 78.71 79.00 79.61 79.78 79.87 79.76 79.74 79.93 79.84 79.69 79.68 79.85 79.78 79.60 79.78 79.94 80.01 80.04 80.06 80.07 80.12 80.14 80.13 80.04 80.05 79.95 79.88
1°N ||     79.90 79.83 79.95 80.13 80.07 80.17 80.29 80.52 80.03 79.78 79.48 79.49 79.93 80.24 80.23 80.01 79.87 79.77 79.24 79.52 79.30 79.30 78.74 78.03 77.48 77.32 76.63 75.68 74.85 74.55 74.10 73.54 71.39 68.87 69.78 73.31 73.48 73.62 73.95 74.30 74.72 75.05 75.30 75.63 76.04 76.56 76.89 77.26 77.81 78.16 76.74 75.69 75.50 75.92 76.25 76.88 77.34 77.78 77.84 78.26 77.99 78.23 78.84 78.21 78.34 78.48 78.34 79.45 78.86 79.12 79.38 80.46 81.28 81.19 79.50 79.61 79.62 79.67 79.52 80.19 79.55 80.13 79.79 79.65 79.84 79.76 79.64 79.52 79.57 79.47 79.46 79.52 79.43 79.43 79.39 79.23 79.17 78.89 78.93 78.76 78.74 78.79 78.58 78.69 78.28 78.06 78.11 78.61 78.46 78.43 78.40 78.01 78.13 77.99 77.57 77.37 77.70 77.68 77.37 77.80 77.58 77.43 77.52 77.55 77.54 77.65 77.84 78.09 78.14 78.35 78.74 78.57 78.99 78.96 78.99 78.99 78.73 78.71 78.89 78.63 79.01 79.07 79.28 79.26 79.31 79.06 78.56 78.50 78.56 78.25 78.48 78.84 79.40 79.55 79.57 79.63 79.79 79.88 79.83 79.92 79.84 79.84 79.78 79.89 79.87 79.80 79.70 79.90 79.97 80.00 80.04 80.08 80.08 80.11 80.12 80.12 80.14 80.09 80.05 79.99
3°N ||     80.16 80.10 80.15 80.23 80.33 80.39 80.36 80.28 80.19 79.79 79.69 79.73 80.25 80.37 80.34 80.16 80.05 79.54 79.43 79.67 79.55 79.06 78.52 77.82 77.14 77.90 77.14 75.08 74.86 74.96 74.81 74.94 74.44 71.11 72.57 73.58 73.35 73.48 74.00 74.48 74.91 75.15 75.34 75.32 76.44 76.89 77.40 77.73 78.06 78.67 78.73 77.32 76.71 76.96 77.37 77.73 77.96 78.07 78.14 78.44 78.34 78.23 77.94 78.88 78.98 78.63 78.76 79.14 79.19 79.37 79.45 79.56 80.67 80.81 80.46 80.13 80.19 80.03 79.94 79.92 79.67 79.61 79.80 79.71 79.65 79.83 79.60 79.47 79.53 79.53 79.59 79.53 79.49 79.43 79.38 79.25 79.23 79.05 79.16 79.01 79.00 79.01 79.00 78.80 78.79 78.25 78.52 78.87 79.17 78.37 78.51 78.25 77.85 77.81 77.66 78.08 77.87 77.85 77.53 77.83 77.65 77.50 77.47 77.60 77.62 77.70 77.95 78.10 78.35 78.47 79.18 79.45 79.62 79.70 79.94 79.68 79.13 79.04 78.90 79.13 79.16 79.30 79.39 79.30 79.25 78.87 78.82 78.68 78.54 78.23 79.02 79.62 79.57 79.47 79.52 79.77 79.83 79.89 79.91 79.95 79.81 79.94 79.89 79.93 79.91 79.83 79.87 79.95 79.98 80.00 80.01 80.06 80.08 80.09 80.09 80.11 80.13 80.15 80.16 80.18
5°N ||     80.14 80.22 80.50 80.26 80.41 80.43 80.38 80.35 80.26 80.02 79.91 79.86 80.38 80.49 80.49 80.36 79.86 79.43 79.82 79.74 79.44 78.68 78.09 77.65 77.95 78.06 77.81 76.51 74.97 74.86 75.07 75.50 75.77 75.43 74.51 73.89 73.14 72.97 74.11 74.74 75.16 75.38 75.50 75.25 76.63 77.44 77.83 78.10 78.47 78.99 79.19 77.77 77.76 78.07 78.28 78.45 78.43 78.47 78.51 78.66 78.92 78.52 78.14 78.30 78.57 78.98 79.15 79.24 79.28 79.48 79.70 80.49 79.71 80.21 80.74 80.38 79.99 79.72 79.65 79.68 79.58 79.72 79.64 79.70 79.85 79.69 79.66 79.51 79.55 79.52 79.50 79.51 79.37 79.34 79.32 79.31 79.28 79.30 79.20 79.04 79.02 79.02 78.94 79.00 78.92 78.89 78.94 78.85 78.92 78.21 78.38 77.62 77.81 77.69 77.88 77.72 77.74 77.89 77.80 77.78 77.64 77.52 77.41 77.47 78.04 77.78 77.92 78.20 78.51 78.92 79.43 80.61 80.74 80.75 80.71 80.52 80.28 79.54 79.40 79.35 79.33 79.48 79.41 79.25 79.27 78.96 78.80 78.82 78.35 78.43 79.60 79.55 79.63 79.65 79.71 79.73 79.85 79.90 79.94 79.94 79.92 79.90 79.93 79.93 79.94 79.94 79.94 79.94 79.98 79.98 79.99 80.03 80.05 80.07 80.08 80.11 80.13 80.14 80.16 80.19
7°N ||     80.17 80.23 80.28 80.31 80.39 80.43 80.42 80.41 80.35 80.17 80.00 80.22 80.49 80.57 80.60 80.39 79.78 80.02 79.97 79.76 79.25 78.78 78.87 78.63 78.47 78.41 78.06 77.23 74.55 74.71 75.06 75.90 76.18 75.91 75.24 74.33 72.19 72.18 74.59 75.10 75.40 75.58 75.71 75.98 77.18 77.59 77.91 78.27 78.60 78.94 79.20 79.24 78.38 78.35 78.35 78.40 78.55 78.69 78.82 78.91 78.96 78.77 78.32 78.75 79.09 79.16 79.33 79.39 79.43 79.57 79.75 80.51 80.82 80.50 80.70 79.75 79.71 79.67 79.95 80.08 79.94 79.68 79.72 79.78 79.69 79.58 79.58 79.50 79.56 79.46 79.52 79.48 79.46 79.52 79.31 79.25 79.20 79.30 79.13 78.93 78.93 78.97 79.05 78.92 78.88 79.05 78.66 79.17 78.92 78.96 78.53 78.14 78.05 77.53 77.64 77.75 77.63 77.80 77.80 77.82 77.59 77.65 77.43 77.97 78.35 77.67 77.93 78.28 78.91 79.56 80.52 80.83 80.78 80.77 80.77 80.69 80.65 80.27 79.57 79.56 79.60 79.51 79.33 79.37 78.96 78.67 78.78 79.06 78.84 78.80 79.53 79.68 79.72 79.78 79.84 79.79 79.91 79.94 79.91 79.94 79.96 79.91 79.92 79.92 79.94 79.94 79.94 79.94 79.94 79.95 79.96 79.94 80.02 80.05 80.04 80.10 80.14 80.16 80.17 80.19
9°N ||     80.22 80.34 80.18 80.23 80.41 80.41 80.42 80.40 80.48 80.22 80.07 80.43 80.60 80.65 80.62 80.22 80.03 80.20 79.94 79.56 79.47 79.31 79.23 79.09 78.90 78.62 78.30 77.36 75.13 75.01 75.61 76.48 76.45 76.65 76.17 74.78 71.57 69.85 73.86 75.39 75.57 75.80 76.03 76.43 77.09 77.59 77.97 78.35 78.62 78.96 79.20 79.25 79.10 78.57 78.51 78.52 78.65 78.80 78.90 79.03 79.15 79.06 78.90 78.95 79.10 79.36 79.57 79.59 79.63 79.86 80.44 80.51 80.40 80.75 79.88 79.87 79.92 79.86 80.06 79.73 79.74 79.70 79.67 79.72 79.78 79.67 79.63 79.71 79.63 79.65 79.54 79.50 79.43 79.47 79.38 79.53 79.29 79.20 79.16 79.18 79.12 78.82 78.62 78.55 78.97 79.10 79.14 78.78 78.71 78.57 78.51 78.50 78.33 78.49 78.17 77.88 77.73 77.77 77.76 77.46 77.67 77.60 77.30 78.60 77.78 77.66 78.06 78.52 79.15 79.92 80.64 80.85 80.87 80.86 80.80 80.76 80.70 80.54 80.13 79.85 79.71 79.74 79.32 79.14 79.12 79.05 79.31 79.44 79.34 79.34 79.62 79.77 79.92 79.77 79.89 79.95 79.91 79.90 79.86 79.87 80.17 79.83 79.82 79.85 79.91 79.93 79.88 79.91 79.86 79.89 79.90 79.99 80.01 80.05 80.02 80.09 80.13 80.16 80.18 80.18
11°N ||     80.25 80.25 80.29 80.27 80.44 80.46 80.51 80.48 80.61 80.54 80.43 80.67 80.71 80.68 80.64 80.59 80.23 80.25 79.93 79.67 79.56 79.48 79.31 79.11 78.87 78.65 78.20 77.33 76.52 76.82 76.74 76.71 76.73 76.73 76.84 76.73 72.23 66.88 68.36 75.37 75.73 75.98 76.27 76.65 77.08 77.63 78.11 78.42 78.75 78.95 79.16 79.27 79.24 78.75 78.65 78.64 78.76 78.90 78.97 79.08 79.17 78.98 78.90 79.19 79.38 79.51 79.72 79.83 79.93 79.86 80.68 80.54 79.85 80.76 80.51 79.84 80.45 79.78 79.71 79.83 79.71 79.68 79.62 79.59 79.67 79.70 79.79 79.70 79.68 79.65 79.54 79.51 79.52 79.53 79.59 79.38 79.50 79.19 79.25 79.29 79.21 79.17 78.91 78.58 79.08 79.01 79.52 78.96 79.27 78.49 78.70 78.65 78.59 78.76 78.46 77.95 77.71 77.95 78.16 77.62 77.80 77.70 77.48 77.36 77.54 77.97 78.34 78.79 79.43 80.06 80.83 80.89 80.93 80.86 80.77 80.76 80.66 80.59 80.28 79.94 79.82 79.35 79.48 79.37 79.23 79.49 79.64 79.71 79.70 79.73 79.81 79.90 80.00 80.02 79.94 79.98 79.94 79.93 79.83 79.78 79.72 79.65 79.68 79.70 79.75 79.78 79.80 79.80 79.82 80.05 79.63 79.90 79.98 79.98 79.99 80.11 80.14 80.13 79.93 80.16
13°N ||     80.16 80.29 80.05 80.07 80.42 80.41 80.51 80.57 80.61 80.66 80.71 80.77 80.77 80.75 80.73 80.60 80.47 80.20 79.64 79.68 79.60 79.41 79.27 79.14 78.84 78.54 78.23 77.84 77.06 77.05 76.91 76.88 76.87 76.96 77.15 77.33 76.57 68.73 69.91 74.47 75.52 76.21 76.58 76.85 73.87 77.89 78.26 78.54 78.80 78.95 79.19 79.25 79.27 78.82 78.75 78.80 78.90 78.99 79.05 79.12 79.15 79.20 79.29 79.21 79.48 79.77 79.88 79.99 80.05 80.50 80.60 80.55 80.09 80.03 79.91 80.37 79.98 79.91 79.70 79.58 79.58 79.68 79.62 79.66 79.65 79.65 80.75 79.67 80.12 79.62 79.51 79.54 79.55 79.65 79.62 79.35 79.36 79.40 79.46 79.47 79.44 79.11 79.00 79.06 79.14 79.23 79.12 79.28 79.53 78.90 78.89 79.10 78.78 78.70 78.57 78.38 78.13 78.24 78.37 78.30 78.13 77.81 77.72 77.75 77.85 78.07 78.50 79.04 79.60 80.12 80.83 80.86 80.86 80.82 80.75 80.73 80.68 80.61 80.38 80.03 79.90 79.62 79.67 79.70 79.69 79.73 79.72 79.90 79.82 79.94 79.98 80.02 80.11 80.17 80.19 80.07 80.03 79.91 79.76 79.58 79.39 79.28 79.43 79.45 79.56 79.63 79.66 79.75 79.73 79.75 79.78 79.70 79.97 79.95 80.01 80.03 80.11 80.14 79.70 80.03
15°N ||     80.21 80.30 80.32 80.49 80.46 80.39 80.55 80.66 80.69 80.74 80.80 80.88 80.87 80.85 80.85 80.68 80.21 79.96 79.71 79.69 79.30 76.43 71.84 71.24 73.66 78.43 78.12 78.00 77.73 77.23 77.13 77.00 77.01 77.08 77.17 77.29 77.32 76.05 74.01 74.40 75.74 76.40 76.83 77.09 77.55 78.17 78.39 78.64 78.82 78.94 79.14 79.25 79.30 78.88 78.88 78.87 78.95 79.06 79.12 79.14 79.19 79.19 79.14 79.37 79.78 79.92 80.02 80.09 80.12 80.43 80.65 80.57 80.31 80.14 80.38 80.10 80.13 79.91 79.83 79.79 79.91 79.68 79.41 80.24 79.70 79.66 79.69 79.65 79.67 79.68 79.98 79.73 79.58 79.54 79.55 79.46 79.48 79.52 79.55 79.61 79.52 79.51 79.22 79.17 79.23 79.24 79.12 79.55 79.39 78.72 78.94 78.97 79.01 79.04 78.65 78.57 78.36 78.20 78.28 78.28 78.08 78.19 78.01 78.08 78.19 78.36 78.69 79.28 79.78 80.74 80.79 80.74 80.83 80.78 80.73 80.70 80.64 80.59 80.40 80.10 79.97 79.90 79.83 79.80 79.79 79.80 79.84 79.90 80.02 80.06 80.12 80.17 80.18 80.23 80.25 80.22 80.06 79.88 79.64 79.40 79.19 79.05 78.88 79.05 79.19 79.47 79.57 79.64 79.65 79.70 79.73 79.75 79.84 79.93 79.95 80.03 80.03 80.14 79.89 80.66
17°N ||     80.24 80.35 80.39 80.50 80.15 80.50 80.54 80.62 80.74 80.78 80.85 80.91 80.94 80.94 80.98 80.35 80.06 80.02 79.81 79.82 78.81 70.93 67.26 66.17 68.88 75.95 78.09 78.02 78.24 77.73 77.42 77.14 77.06 77.12 77.19 77.30 77.32 77.11 75.99 75.87 76.37 76.62 76.91 77.19 77.63 78.20 78.50 78.73 78.88 79.00 79.09 79.30 79.26 78.74 78.78 78.98 79.02 79.09 79.12 79.16 79.21 79.28 79.41 79.69 79.82 80.03 80.13 80.27 80.46 80.51 80.41 80.55 80.49 80.34 80.41 80.21 79.97 80.01 79.95 79.78 79.71 79.55 79.74 80.07 79.64 79.67 79.69 80.51 79.69 79.81 79.70 79.68 79.55 79.52 79.59 79.64 79.60 79.61 79.61 79.68 79.67 79.59 79.39 79.33 79.48 79.46 79.46 79.43 79.06 78.88 79.02 79.04 78.92 78.79 78.73 78.64 78.42 77.82 78.16 78.27 78.31 78.29 78.24 78.31 78.38 78.54 79.13 79.36 79.84 80.59 80.73 80.77 80.75 80.71 80.69 80.69 80.63 80.51 80.39 80.23 80.09 80.12 80.02 80.02 80.00 80.08 80.09 80.13 80.17 80.22 80.27 80.27 80.28 80.35 80.32 80.31 80.17 79.85 79.63 79.24 78.96 78.64 78.40 78.42 78.74 79.32 79.50 79.54 79.54 79.61 79.68 79.76 79.84 79.91 79.90 79.98 80.16 80.15 80.09 80.35
19°N ||     80.23 80.35 80.46 80.50 80.55 80.48 80.52 80.63 80.75 80.81 80.88 80.96 80.99 81.00 81.04 80.43 80.08 79.92 79.56 79.70 79.18 71.06 67.35 66.54 68.49 76.10 78.34 78.45 78.48 78.33 77.77 77.28 76.99 76.91 76.93 77.20 77.36 77.33 76.87 76.70 76.80 76.87 76.97 77.18 77.49 78.03 78.58 78.79 78.96 79.02 79.09 79.33 79.16 79.21 78.73 78.89 79.02 79.07 79.15 79.16 79.26 79.28 79.52 79.81 80.00 80.15 80.37 80.45 80.61 80.63 80.72 80.65 80.62 80.54 80.47 80.15 80.08 80.11 80.36 79.83 79.74 79.67 79.74 79.75 80.38 79.60 79.65 79.56 79.66 79.70 79.72 79.73 79.90 79.64 79.63 79.68 79.65 79.65 79.64 79.67 79.68 79.51 80.05 79.51 79.59 79.33 79.21 79.41 79.20 79.14 79.03 78.93 78.75 78.70 78.72 78.91 78.27 78.43 78.22 78.51 78.66 78.83 78.31 78.37 78.45 78.64 79.05 78.93 79.61 80.03 80.43 80.68 80.64 80.64 80.62 80.57 80.56 80.52 80.43 80.36 80.33 80.31 80.38 80.29 80.30 80.27 80.34 80.35 80.36 80.41 80.45 80.41 80.50 80.46 80.45 80.34 80.20 79.85 79.49 79.07 78.49 78.10 77.99 78.26 78.31 77.48 79.32 79.43 79.49 79.56 79.65 79.75 79.83 79.90 79.93 80.06 79.90 80.20 80.17 80.27
21°N ||     80.50 80.42 80.41 80.57 80.66 80.66 80.65 80.73 80.84 80.87 80.95 80.99 81.03 81.04 81.05 80.40 80.08 79.67 79.56 79.76 79.58 73.10 70.73 69.83 71.68 77.89 78.75 78.73 78.64 78.40 78.00 77.48 76.98 76.71 76.52 76.42 77.30 77.32 77.15 77.02 76.98 77.00 77.07 77.21 77.49 78.00 78.66 78.78 78.89 79.00 79.00 79.21 79.35 79.41 78.82 78.89 78.93 79.03 79.07 79.18 79.27 79.30 79.65 79.83 80.02 80.45 80.52 80.58 80.67 80.70 80.72 80.70 80.58 80.60 80.52 80.27 80.21 80.26 80.03 79.83 79.83 79.98 79.80 79.74 79.59 79.75 79.87 79.66 79.69 79.74 79.69 79.70 79.65 79.64 79.73 79.69 79.65 79.67 79.67 79.67 79.71 79.54 79.43 79.61 79.35 79.44 79.57 78.93 79.21 79.42 78.90 78.73 78.71 78.76 78.76 78.91 78.52 78.52 77.64 78.73 78.78 78.74 78.11 78.29 78.56 78.63 79.00 78.87 79.22 79.54 79.96 80.07 80.32 80.40 80.40 80.52 80.51 80.50 80.49 80.45 80.46 80.52 80.50 80.50 80.51 80.48 80.53 80.55 80.54 80.51 80.55 80.52 80.55 80.49 80.52 80.52 80.36 79.89 79.43 78.77 77.96 77.78 77.70 77.69 78.16 78.73 79.15 79.30 79.41 79.53 79.66 79.74 79.82 79.87 79.98 80.02 79.89 80.23 80.23 80.32
23°N ||     80.45 80.50 80.54 80.62 80.67 80.74 80.79 80.86 80.90 80.93 80.98 81.01 81.03 81.03 81.04 80.43 79.95 79.61 79.74 79.87 79.88 78.20 76.17 75.44 78.33 79.25 78.98 78.89 78.73 78.31 77.90 77.48 77.07 76.60 76.32 76.24 77.02 77.33 77.26 77.01 77.01 76.80 77.09 77.27 77.32 78.19 78.43 78.67 78.76 78.89 78.97 79.05 79.20 79.38 79.21 79.00 79.46 79.90 79.77 79.40 79.31 79.19 79.68 79.85 80.05 80.42 80.59 80.65 80.73 80.77 80.72 80.78 80.56 80.76 80.65 80.46 80.42 80.45 80.40 80.05 79.84 79.68 79.57 79.69 79.63 79.68 79.69 79.71 79.70 79.63 79.74 79.77 79.73 79.69 79.78 79.81 79.90 79.57 79.76 79.74 79.67 79.56 79.45 79.56 79.56 79.52 79.52 79.37 79.17 79.29 79.09 78.86 78.85 78.70 78.67 78.71 78.80 78.50 77.82 78.66 78.76 78.57 79.28 79.03 78.54 78.50 78.76 78.95 79.04 79.35 79.56 79.73 79.88 80.03 80.21 80.39 80.47 80.51 80.55 80.56 80.56 80.67 80.58 80.67 80.70 80.73 80.75 80.71 80.80 80.74 80.75 80.72 80.70 80.70 80.73 80.65 80.59 79.96 79.39 78.67 78.10 77.70 77.54 75.91 76.79 78.23 78.94 79.24 79.43 79.53 79.66 79.75 79.85 79.93 80.05 79.98 80.14 80.20 80.08 80.40
25°N ||     80.49 80.52 80.51 80.67 80.76 80.77 80.84 80.86 80.88 80.93 80.97 80.99 81.00 81.02 81.03 80.48 79.86 79.70 79.74 79.65 79.88 79.81 79.79 79.78 79.57 79.33 78.82 78.97 78.59 78.15 77.67 77.35 76.90 76.50 76.25 75.76 75.81 77.23 77.32 77.00 77.11 77.03 77.14 76.38 77.62 78.23 78.54 78.65 78.72 78.79 78.66 78.92 78.94 79.45 78.92 78.96 79.02 78.97 79.52 80.04 80.13 79.49 79.77 80.17 80.40 80.61 80.68 80.71 80.76 80.80 80.79 80.77 80.72 80.66 80.48 80.56 80.54 80.60 80.71 80.23 80.05 79.76 79.71 79.80 79.83 79.73 79.77 79.74 79.75 79.65 79.73 79.85 79.76 79.77 79.78 80.00 79.83 79.76 79.70 79.75 79.54 79.56 79.63 79.56 79.48 79.68 79.61 79.32 79.47 79.39 79.11 79.25 79.19 79.14 79.38 78.76 78.91 78.22 78.43 77.95 78.31 78.24 78.27 78.51 78.55 78.66 78.61 78.56 79.08 78.93 79.48 79.75 79.73 79.90 80.22 80.43 80.50 80.63 80.66 80.69 80.75 80.77 80.81 80.87 80.94 81.01 81.05 81.06 81.04 80.99 80.94 80.91 80.93 80.88 80.83 80.76 80.64 80.50 79.64 78.99 78.04 77.67 75.96 69.83 75.71 78.11 78.97 79.28 79.42 79.55 79.73 79.72 79.87 79.96 80.11 80.13 80.20 80.21 80.36 80.42
27°N ||     80.58 80.63 80.65 80.65 80.80 80.74 80.88 80.91 80.92 80.93 80.95 80.97 80.98 80.99 81.00 80.61 79.92 79.71 79.74 79.71 79.68 79.72 79.41 79.51 79.53 79.40 79.23 78.72 78.36 78.01 77.53 77.17 76.82 76.42 75.78 75.70 76.02 77.41 77.61 77.21 77.37 77.36 77.40 76.40 77.28 78.21 78.48 78.59 78.65 78.53 78.34 78.44 78.98 79.21 79.42 79.54 79.48 79.66 79.72 80.03 79.81 79.38 80.36 80.46 80.56 80.62 80.62 80.69 80.78 80.80 80.66 80.76 80.76 80.69 80.53 80.72 80.59 80.65 80.73 80.72 80.19 80.06 79.95 79.89 79.92 79.80 79.73 79.70 79.74 79.75 79.79 79.81 79.77 79.75 79.80 79.73 79.85 79.81 79.64 79.54 79.88 79.49 79.61 79.62 79.30 79.77 79.07 79.39 79.47 79.32 79.29 79.34 79.30 79.23 79.16 79.25 79.13 79.49 78.85 78.58 78.79 79.25 78.50 78.74 78.80 78.34 78.11 78.79 79.22 78.99 79.52 79.65 79.84 80.12 80.38 80.55 80.69 80.70 80.75 80.82 80.87 80.96 81.02 81.14 81.24 81.26 81.29 81.24 81.23 81.16 81.11 81.12 81.03 80.95 80.86 80.78 80.67 80.54 80.08 79.15 78.41 77.85 77.06 76.39 77.13 78.71 79.21 79.39 79.48 79.60 79.64 79.86 79.94 80.03 80.15 80.25 80.25 80.30 80.41 80.52
29°N ||     80.68 80.71 80.76 80.81 80.87 80.86 80.90 80.93 80.94 80.94 80.96 80.98 80.98 80.87 81.01 80.98 80.44 79.85 79.64 79.66 79.66 79.68 79.39 79.32 79.62 79.46 78.97 78.62 78.26 77.83 77.43 77.05 76.79 76.39 75.23 75.61 76.57 77.44 77.57 77.38 77.67 77.72 77.69 77.80 78.01 78.24 78.50 78.63 78.63 78.27 78.36 78.58 78.60 79.23 79.29 79.36 79.37 79.62 79.68 79.83 79.80 79.98 80.25 80.12 79.97 80.47 80.54 80.64 80.74 80.79 80.74 80.80 80.77 80.79 80.76 80.73 80.67 80.71 80.78 80.82 80.81 80.25 80.11 80.00 80.05 79.84 79.77 81.21 79.79 79.75 79.82 79.93 79.81 79.85 79.72 79.75 79.82 79.82 79.66 79.66 79.57 79.65 79.60 79.62 79.47 79.37 79.18 79.30 79.34 79.16 79.32 79.28 79.43 79.60 79.56 79.54 79.28 78.90 78.82 78.76 78.95 78.72 78.60 78.72 78.48 78.88 79.43 79.62 79.60 79.70 79.77 79.91 80.23 80.33 80.48 80.68 80.73 80.82 80.92 81.02 81.11 81.20 81.33 81.41 81.46 81.54 81.50 81.37 81.43 81.32 81.28 81.18 81.10 80.98 80.92 80.86 80.76 80.67 80.33 79.65 79.14 78.66 78.15 78.12 78.60 79.25 79.41 79.48 79.55 79.63 79.82 79.91 80.03 80.14 80.27 80.39 80.41 80.43 80.57 80.64
31°N ||     80.83 80.78 80.86 80.88 80.89 80.89 80.92 80.96 80.97 80.96 80.96 80.98 81.00 81.01 81.01 81.00 80.69 80.24 80.04 80.00 79.87 79.80 79.62 79.60 79.71 79.08 78.83 78.54 78.08 77.75 77.36 77.22 76.71 76.44 75.97 76.03 76.63 77.52 77.56 77.56 77.77 77.89 78.04 78.05 78.18 78.33 78.49 78.66 78.58 78.08 78.58 78.68 78.73 78.93 79.02 79.12 79.28 79.33 79.44 79.77 79.65 79.93 80.02 80.12 80.30 80.33 80.49 80.57 80.61 80.75 80.77 80.76 80.80 80.85 80.81 80.90 80.73 80.78 80.85 80.81 80.81 80.73 80.41 80.64 80.25 80.08 79.86 79.75 79.84 79.89 79.92 79.86 79.81 79.77 80.01 79.86 79.76 79.67 79.63 79.75 79.56 79.58 79.66 79.65 79.52 79.48 79.26 79.26 79.36 79.25 79.21 79.18 79.44 79.54 79.50 79.49 79.21 78.94 79.07 79.09 79.04 79.41 78.81 78.70 79.05 78.93 79.23 79.70 79.65 79.77 79.91 80.16 80.25 80.46 80.59 80.71 80.83 80.96 81.14 81.25 81.33 81.44 81.70 81.57 81.66 81.71 81.67 81.60 81.54 81.45 81.32 81.25 81.32 81.07 81.07 80.99 80.89 80.81 80.56 80.24 79.70 79.48 79.34 79.32 79.15 78.87 79.57 79.58 79.63 79.70 79.54 80.62 80.20 79.83 80.47 80.22 80.58 80.61 80.64 80.78
33°N ||     80.93 80.53 80.86 80.87 80.93 80.91 80.93 80.96 80.95 80.97 80.97 81.00 81.02 81.02 81.07 81.06 81.03 80.74 80.19 79.78 79.85 79.83 79.87 79.80 79.32 78.94 78.72 78.41 78.16 77.55 77.20 76.90 76.50 76.15 75.85 75.97 76.57 77.42 77.73 77.82 77.96 78.11 78.17 78.24 78.15 78.33 78.33 78.20 78.19 78.31 78.58 78.78 78.82 78.76 78.98 79.21 79.31 79.36 79.34 79.38 79.36 79.37 79.65 80.10 80.10 80.46 80.54 80.57 80.61 80.71 80.78 80.90 80.90 80.89 80.86 80.96 80.92 80.94 80.95 80.83 80.94 80.93 80.78 80.54 80.35 80.12 79.94 79.84 79.99 79.90 79.89 79.71 79.85 79.85 79.87 79.75 79.80 79.66 79.76 79.80 79.51 79.48 79.60 79.42 79.77 79.33 79.37 79.21 79.35 79.05 78.90 79.06 79.33 79.42 79.35 79.17 79.16 79.25 79.11 79.42 79.35 79.42 79.37 79.03 79.23 79.51 79.55 79.74 79.84 80.03 80.11 80.30 80.42 80.56 80.69 80.82 80.97 81.17 81.30 81.39 81.53 81.60 81.69 81.75 81.89 81.74 81.68 81.65 81.59 81.37 81.43 81.37 81.28 81.15 81.03 81.14 81.10 80.99 80.88 80.77 80.58 80.35 80.25 80.02 79.85 79.48 79.85 79.74 79.71 79.80 79.84 80.18 80.40 80.47 80.59 80.66 80.70 80.79 80.84 80.90
35°N ||     81.00 80.95 80.95 80.92 80.94 80.93 80.95 80.95 80.95 80.97 81.00 81.00 81.02 81.02 81.07 81.04 81.10 81.04 80.68 79.37 79.70 79.81 79.72 79.43 78.81 78.93 78.70 78.38 77.94 77.37 76.85 76.26 75.73 75.48 75.31 75.27 75.71 76.37 77.42 78.00 78.19 78.25 78.30 78.28 77.68 77.89 78.44 78.59 78.37 78.27 78.58 78.49 78.36 78.51 78.86 79.21 79.34 79.41 79.42 79.45 79.46 79.43 79.63 80.09 80.37 80.48 80.54 80.55 80.63 80.70 80.73 80.91 80.85 80.94 80.96 81.04 81.03 81.11 81.05 81.00 80.98 80.95 80.97 80.52 80.38 80.17 80.11 80.05 79.96 80.01 79.77 79.80 79.82 80.01 80.07 79.73 79.79 79.71 79.78 79.70 79.70 79.66 79.63 79.59 79.56 79.40 79.29 79.59 79.26 78.95 79.37 79.02 79.06 78.99 78.91 78.86 79.04 79.16 79.23 79.54 79.57 79.52 79.82 79.72 79.64 79.82 79.80 79.85 79.99 80.11 80.26 80.43 80.51 80.66 80.76 80.94 81.09 81.29 81.44 81.56 81.61 81.68 81.83 81.92 81.97 81.94 81.83 81.80 81.65 81.61 81.50 81.25 81.37 81.25 81.22 81.21 81.14 81.06 81.06 80.96 80.90 80.76 80.71 80.67 80.51 80.43 80.21 79.98 79.89 79.92 79.93 80.12 80.19 80.56 80.64 80.70 80.79 80.91 80.99 81.02
37°N ||     81.08 80.97 80.98 80.92 80.98 80.96 80.98 80.98 80.96 80.97 80.99 81.01 81.02 81.01 81.00 81.00 80.99 80.95 80.92 79.75 79.73 79.67 79.51 79.30 78.94 78.96 78.71 78.41 78.00 77.11 76.09 75.35 74.66 74.24 74.25 74.63 75.02 75.16 76.12 77.34 78.13 78.42 78.46 78.43 78.34 78.21 78.33 78.46 78.58 78.84 78.35 78.23 78.11 77.95 78.46 78.97 79.32 79.39 79.41 79.40 79.44 79.41 79.76 80.14 80.36 80.46 80.52 80.57 80.62 80.74 80.76 80.85 80.89 81.00 81.03 81.12 81.21 81.19 81.20 81.12 81.17 81.13 81.07 81.04 80.87 80.75 80.71 80.58 80.34 80.62 79.97 79.90 79.81 79.79 79.89 79.81 79.90 80.02 79.74 79.93 79.77 79.88 79.71 80.03 79.76 79.74 79.53 79.42 79.33 79.13 79.03 78.96 78.96 78.81 78.82 78.81 78.94 79.31 79.86 79.73 79.64 79.54 79.63 79.57 79.80 79.87 79.90 79.93 80.13 80.22 80.38 80.55 80.64 80.72 80.93 81.09 81.17 81.37 81.50 81.68 81.76 81.89 82.00 82.02 82.05 82.07 82.01 81.89 81.85 81.72 81.65 81.58 81.52 81.40 81.50 81.46 81.31 81.16 81.17 81.04 80.92 80.87 80.70 80.65 80.49 80.44 80.28 80.13 80.04 80.04 80.02 80.18 80.16 80.67 80.69 80.77 80.92 80.94 81.01 81.03
39°N ||     81.04 81.01 81.02 80.98 80.74 80.99 81.00 80.84 80.99 80.99 80.97 80.98 80.95 80.96 80.96 80.94 80.95 80.99 80.85 80.49 79.55 79.48 79.60 79.34 79.33 79.02 78.83 78.57 77.85 76.56 75.30 74.22 73.54 73.46 73.14 73.40 74.62 74.87 75.30 76.49 77.80 78.46 78.57 78.54 78.31 78.40 78.25 77.51 78.42 78.47 78.44 78.29 77.98 77.72 78.05 78.64 79.12 79.28 79.36 79.35 79.56 79.58 79.61 79.94 80.37 80.50 80.53 80.56 80.67 80.75 80.85 80.94 80.95 81.09 81.16 81.22 81.26 81.31 81.33 81.43 81.23 81.24 81.22 81.20 81.10 80.79 80.90 80.74 80.47 80.44 80.32 80.06 80.05 80.02 79.99 79.87 79.81 79.78 80.00 79.90 80.00 80.54 79.99 79.70 80.05 79.64 79.58 79.54 79.46 79.47 79.30 79.04 79.60 78.92 78.95 79.20 79.07 79.23 79.81 79.83 79.84 79.83 79.84 79.91 79.93 79.97 80.03 80.14 80.21 80.37 80.50 80.64 80.68 80.88 81.00 81.17 81.29 81.40 81.61 81.64 81.95 82.07 82.11 82.11 82.10 82.12 82.04 82.01 81.92 81.97 81.79 81.75 81.63 81.60 81.56 81.52 81.45 81.25 81.05 81.10 80.97 80.90 80.78 80.65 80.51 80.51 80.39 80.30 80.25 80.19 80.14 79.98 79.64 80.72 80.75 80.77 80.91 81.01 81.04 81.01
41°N ||     81.03 81.04 81.06 81.04 81.02 81.00 80.97 80.99 80.97 80.96 80.97 80.98 80.96 80.99 80.93 80.96 80.93 80.77 80.69 80.45 80.09 79.88 79.70 79.57 79.40 79.21 79.05 78.63 77.80 76.38 74.98 74.12 73.83 73.76 73.05 73.45 74.50 75.07 75.64 76.84 77.98 78.53 78.60 78.56 77.99 78.47 78.33 78.02 78.29 78.19 78.20 78.07 78.06 78.18 78.39 78.55 78.95 79.27 79.28 79.24 79.43 79.60 79.61 79.88 80.26 80.56 80.60 80.55 80.70 80.80 80.87 81.00 81.07 81.15 81.25 81.33 81.38 81.41 81.43 81.43 81.42 81.41 81.35 81.50 81.49 81.19 81.03 80.98 80.78 80.82 80.44 80.76 80.53 80.32 80.39 80.07 79.96 80.25 79.86 80.09 80.64 80.64 80.58 79.84 79.98 79.54 79.47 79.67 79.69 79.60 79.48 79.58 80.25 79.83 79.41 79.54 79.93 79.43 79.89 79.84 79.87 79.86 80.02 80.05 80.11 80.07 80.17 80.19 80.37 80.54 80.61 80.65 80.77 80.90 81.12 81.26 81.41 81.49 81.76 81.87 81.95 82.12 82.14 82.13 82.12 82.08 82.10 82.06 82.02 81.93 81.86 81.88 81.87 81.76 81.66 81.56 81.47 81.41 81.28 81.16 81.02 80.88 80.81 80.70 80.56 80.57 80.52 80.45 80.44 80.31 79.89 80.04 79.90 80.62 80.75 80.85 80.88 81.00 80.99 81.05
43°N ||     81.03 81.08 81.08 81.05 81.03 81.02 81.00 80.98 80.98 80.98 80.97 81.02 80.99 81.01 80.94 80.93 80.85 80.74 80.51 80.20 80.01 79.87 79.73 79.62 79.49 79.37 79.17 78.95 78.34 77.34 76.05 75.00 74.52 74.37 74.27 74.42 75.01 75.41 77.14 78.19 78.69 78.83 78.70 78.67 78.69 78.27 78.52 77.93 78.24 78.27 78.19 78.31 77.76 78.24 78.72 78.63 78.78 79.15 79.31 79.50 79.48 79.51 79.62 79.90 80.25 80.60 80.71 80.74 80.80 80.89 81.03 81.10 81.24 81.29 81.58 81.39 81.47 81.43 81.51 81.53 81.50 81.50 81.40 81.43 81.48 81.29 81.23 81.04 80.99 81.03 80.94 80.88 80.87 80.75 80.58 80.29 80.17 80.09 80.46 80.55 80.71 80.62 80.21 80.53 80.19 80.47 80.34 80.45 79.56 79.51 79.42 79.93 79.50 79.37 80.00 80.03 79.94 79.88 79.90 79.98 80.01 80.01 80.24 80.48 80.21 80.20 80.24 80.45 80.57 80.62 80.57 80.77 80.79 80.96 81.14 81.35 81.48 81.51 81.73 81.89 82.02 82.10 82.06 81.94 82.11 82.06 82.02 81.95 82.08 81.84 81.87 81.85 81.78 81.74 81.76 81.64 81.53 81.48 81.23 81.17 81.03 80.89 80.74 80.70 80.65 80.60 80.52 80.56 80.55 80.40 80.18 80.04 79.81 80.58 80.85 80.85 80.98 81.00 81.05 81.09
45°N ||     81.12 81.12 81.08 81.08 81.06 81.04 81.02 80.99 80.97 81.00 81.00 80.97 80.96 80.94 80.93 80.85 80.73 80.57 80.35 80.15 79.98 79.86 79.75 79.67 79.60 79.52 79.41 79.23 78.90 78.30 77.77 77.33 77.18 75.71 75.07 74.92 75.56 76.93 77.86 78.54 78.84 78.96 78.96 79.02 79.12 79.21 79.25 79.08 78.53 78.19 77.81 78.19 78.74 78.69 78.69 78.88 79.32 79.22 79.33 79.54 79.62 79.76 79.87 80.03 80.28 80.66 80.70 80.83 80.92 81.02 81.08 81.25 81.32 81.41 81.40 81.54 81.54 81.56 81.65 81.66 81.54 81.60 81.56 81.54 81.49 81.44 81.27 81.33 81.25 81.09 81.08 81.17 80.98 80.89 80.87 80.81 80.54 80.39 80.68 80.68 80.40 80.20 80.05 80.57 80.19 80.49 80.53 80.54 80.19 79.92 79.68 80.01 79.90 79.83 80.04 79.93 79.83 80.02 80.04 80.10 80.08 80.20 80.28 80.40 80.40 80.47 80.49 80.51 80.63 80.68 80.74 80.76 80.94 81.03 81.29 81.42 81.55 81.70 81.76 81.89 81.99 82.10 82.09 82.10 82.08 81.99 82.03 82.04 82.01 81.99 81.90 81.95 81.90 81.70 81.77 81.74 81.61 81.44 81.19 81.09 81.02 80.84 80.74 80.70 80.70 80.67 80.67 80.67 80.66 80.61 80.52 80.28 79.97 80.70 80.71 80.77 80.93 81.08 81.08 81.12
47°N ||     81.13 81.11 81.11 81.06 81.05 81.04 81.02 81.02 80.97 81.04 81.01 80.98 80.98 80.92 80.83 80.80 80.61 80.48 80.30 80.14 79.98 79.90 79.83 79.77 79.71 79.64 79.55 79.49 79.37 79.19 78.99 78.89 78.89 78.86 78.08 77.90 78.43 78.68 78.75 78.80 78.93 79.00 78.99 79.05 79.17 79.28 79.29 79.26 78.50 78.28 78.65 78.94 79.34 79.14 79.21 79.50 79.36 79.76 79.36 79.52 79.67 79.83 80.04 80.31 80.57 80.74 80.83 80.90 81.08 81.12 81.26 81.35 81.39 81.47 81.50 81.49 81.42 81.31 81.66 81.68 81.64 81.70 81.63 81.62 81.55 81.52 81.51 81.47 81.39 81.32 81.25 81.23 81.20 81.14 80.96 81.00 80.87 80.79 80.80 80.83 80.74 80.68 80.83 80.63 80.43 80.58 80.35 80.34 80.51 80.23 80.02 80.15 80.19 80.26 80.29 79.90 80.06 80.13 80.17 80.29 80.30 80.37 80.50 80.42 80.57 80.58 80.58 80.61 80.69 80.72 80.86 80.90 81.02 81.13 81.61 81.64 81.57 81.66 81.77 81.87 81.97 82.08 82.08 82.04 82.05 82.02 82.00 81.99 81.91 82.01 81.98 81.95 81.85 81.84 81.84 81.69 81.54 81.38 81.27 80.71 80.83 80.98 80.84 80.83 80.80 80.77 80.78 80.73 80.75 80.74 80.71 80.59 80.64 80.69 80.76 80.91 80.94 81.04 81.08 81.14
49°N ||     81.15 81.12 81.12 81.07 81.09 81.08 81.06 81.05 81.02 81.02 81.04 80.98 80.96 80.87 80.77 80.68 80.53 80.43 80.30 80.15 80.05 79.99 79.91 79.85 79.76 79.70 79.67 79.62 79.58 79.52 79.46 79.40 79.35 79.30 79.22 79.25 79.27 79.25 79.11 79.03 79.02 79.11 79.11 78.97 79.08 79.20 79.22 79.21 79.50 78.75 79.88 80.02 80.10 79.89 79.85 79.53 79.55 79.56 79.87 79.60 79.84 80.01 80.29 80.54 80.62 80.85 80.98 81.11 81.14 81.32 81.33 81.41 81.49 81.51 81.54 81.56 81.61 81.69 81.74 81.74 81.76 81.71 81.71 81.67 81.66 81.61 81.61 81.50 81.47 81.44 81.40 81.33 81.21 81.15 81.09 81.11 81.00 81.03 81.02 80.98 80.79 80.89 80.66 80.73 82.71 81.03 80.40 80.65 80.57 80.36 80.27 80.36 80.31 80.30 80.18 80.39 80.34 80.40 80.46 80.42 80.44 80.49 80.58 80.57 80.57 80.63 80.60 80.67 80.72 80.80 80.92 81.01 81.13 81.26 81.53 81.60 81.56 81.70 81.71 81.85 81.93 81.99 82.04 82.04 82.00 82.02 82.00 81.99 81.94 81.85 81.99 81.90 81.80 81.74 81.74 81.57 81.48 81.33 81.28 80.79 80.68 81.04 80.93 80.91 80.91 80.88 80.90 80.87 80.81 80.85 80.80 80.82 80.46 80.64 81.00 80.96 80.94 81.11 81.21 81.11
51°N ||     81.16 81.16 81.12 81.12 81.12 81.12 81.05 81.03 81.05 81.03 80.99 80.93 80.88 80.81 80.72 80.61 80.48 80.35 80.25 80.15 80.00 80.01 79.95 79.87 79.83 79.78 79.74 79.70 79.66 79.63 79.58 79.53 79.47 79.44 79.44 79.44 79.39 79.36 79.26 79.18 79.15 79.17 79.21 79.25 79.21 79.32 79.46 79.60 79.85 79.95 80.04 80.11 80.21 80.27 80.28 80.05 79.68 79.63 79.73 79.97 80.11 80.35 80.54 80.82 80.84 80.97 81.07 81.21 81.31 81.39 81.50 81.58 81.63 81.63 81.68 81.71 81.73 81.66 81.90 81.97 81.79 81.78 81.82 81.60 81.75 81.69 81.60 81.57 81.62 81.54 81.52 81.47 81.39 81.31 81.26 81.21 81.15 81.01 81.15 81.04 81.02 81.01 80.69 82.09 82.71 80.88 80.25 80.68 80.63 80.53 80.54 80.52 80.51 80.54 80.62 80.52 80.56 80.54 80.60 80.62 80.60 80.64 80.60 80.61 80.65 80.66 80.63 80.71 80.76 80.82 80.89 81.02 81.16 81.27 81.41 81.43 81.60 81.66 81.78 81.84 81.91 81.96 82.04 82.02 82.04 82.03 81.96 82.01 81.99 81.94 81.91 81.82 81.82 81.66 81.49 81.53 81.44 81.34 81.28 81.22 81.14 81.09 81.05 80.99 80.98 80.99 80.94 80.96 80.91 80.90 80.88 80.90 80.82 80.99 80.99 80.91 80.98 81.13 81.21 81.20
53°N ||     81.16 81.14 81.17 81.17 81.16 81.13 81.10 81.06 81.03 80.96 80.97 80.93 80.84 80.76 80.66 80.51 80.32 80.33 80.28 80.18 80.12 80.08 80.00 79.96 79.90 79.86 79.81 79.76 79.73 79.69 79.65 79.63 79.59 79.57 79.57 79.56 79.55 79.49 79.41 79.34 79.30 79.30 79.34 79.39 79.48 79.59 79.66 79.77 79.89 80.02 80.13 80.20 80.26 80.33 80.38 80.44 79.99 80.14 79.91 80.34 80.71 80.81 80.91 80.97 81.05 81.16 81.32 81.40 81.48 81.53 81.67 81.72 81.74 81.76 81.81 81.86 81.87 81.85 81.92 81.89 81.84 81.89 81.85 81.89 81.82 81.93 81.88 81.73 81.71 81.60 81.63 81.57 81.48 81.45 81.35 81.27 81.30 81.47 81.19 81.17 81.04 81.04 80.94 80.85 80.62 80.63 80.62 80.79 80.70 80.75 80.70 80.70 80.64 80.70 80.69 80.67 80.73 80.78 80.70 80.76 80.71 80.68 80.61 80.65 80.68 80.64 80.64 80.73 80.77 80.81 80.94 81.06 81.15 81.25 81.24 81.39 81.48 81.60 81.63 81.70 81.73 81.81 81.82 81.90 81.93 81.94 81.89 81.90 81.80 81.81 81.82 81.81 81.66 81.55 81.49 81.40 81.45 81.36 81.30 81.24 81.19 81.12 81.09 81.06 81.05 81.03 81.05 81.03 80.87 80.93 80.90 80.98 80.95 80.95 80.98 81.08 81.17 81.17 81.22 81.22
55°N ||     81.26 81.23 81.18 81.11 81.13 81.04 81.06 81.07 81.03 80.99 80.97 80.89 80.85 80.75 80.71 80.54 81.64 80.28 80.32 80.27 80.20 80.13 80.09 80.06 79.99 79.93 79.88 79.83 79.79 79.76 79.73 79.72 79.69 79.69 79.68 79.68 79.65 79.62 79.59 79.54 79.49 79.50 79.47 79.51 79.57 79.68 79.79 80.20 80.11 80.23 80.28 80.29 80.51 80.40 80.47 80.56 80.64 80.68 80.82 80.92 81.00 81.08 81.22 81.28 81.38 81.47 81.51 81.59 81.64 81.71 81.80 81.85 81.86 81.92 81.95 81.92 81.94 81.95 81.99 82.06 81.92 81.94 81.98 81.94 82.01 81.92 81.82 81.81 81.72 81.73 81.70 81.67 81.60 81.52 81.39 81.37 81.36 81.34 81.28 81.22 81.17 81.12 81.03 81.03 80.99 80.91 80.85 80.86 80.87 80.82 80.83 80.83 80.79 80.85 80.80 80.86 80.92 80.90 80.89 80.86 80.77 80.74 80.70 80.68 80.64 80.65 80.75 80.81 80.81 80.84 80.94 81.05 81.12 81.14 81.24 81.35 81.42 81.50 81.51 81.56 81.61 81.66 81.68 81.75 81.78 81.74 81.75 81.76 81.59 81.61 81.68 81.59 81.58 81.47 81.41 81.46 81.32 81.38 81.35 81.20 81.16 81.14 81.12 81.13 81.07 81.08 81.05 81.00 80.97 81.01 81.03 80.91 80.95 80.94 81.05 81.16 81.19 81.25 81.29 81.30
57°N ||     81.29 81.28 81.24 81.21 81.22 81.15 81.09 81.06 81.04 81.04 80.95 80.89 80.88 80.78 80.72 80.68 80.42 80.44 80.36 80.35 80.29 80.24 80.17 80.12 80.08 80.04 79.98 79.93 79.92 79.87 79.85 79.83 79.81 79.81 79.79 79.79 79.78 79.76 79.75 79.68 79.67 79.64 79.64 79.65 79.71 79.81 79.93 80.04 80.19 80.27 80.34 80.39 80.44 80.51 80.60 80.69 80.79 80.90 81.01 81.11 81.29 81.36 81.42 81.48 81.56 81.59 81.67 81.74 81.79 81.87 81.89 82.25 82.02 82.03 82.04 82.08 82.08 82.05 82.07 82.06 82.05 82.14 82.00 82.02 81.64 82.58 81.91 81.87 81.85 81.79 81.81 81.70 81.66 81.61 81.58 81.49 81.48 81.40 81.35 81.23 81.23 81.19 81.10 81.01 80.97 80.98 80.97 80.91 80.99 80.96 80.93 80.98 81.02 81.01 81.01 81.04 81.07 81.03 80.98 80.88 80.83 80.84 80.80 80.75 80.75 80.77 80.74 80.79 80.84 80.86 80.96 81.00 81.09 81.09 81.14 81.22 81.34 81.39 81.42 81.39 81.51 81.48 81.58 81.65 81.66 81.63 81.61 81.63 81.61 81.55 81.59 81.55 81.56 81.55 81.44 81.48 81.40 81.43 81.39 81.30 81.24 81.25 81.18 81.16 81.14 81.09 81.09 81.07 80.99 81.06 81.05 81.00 81.13 81.07 81.08 81.17 81.26 81.25 81.28 81.28
59°N ||     81.29 81.31 81.29 81.20 81.25 81.22 81.08 81.15 81.14 81.13 81.07 81.00 80.93 80.88 80.79 80.68 80.69 80.60 80.54 80.48 80.42 80.35 80.27 80.20 80.19 80.16 80.14 80.10 80.06 80.03 80.01 79.96 79.94 79.95 79.98 79.94 79.94 79.94 79.89 79.84 79.82 79.81 79.82 79.89 79.94 80.05 80.12 80.21 80.33 80.40 80.46 80.56 80.60 80.67 80.76 80.84 80.94 81.05 81.16 81.31 81.48 81.42 81.63 81.68 81.71 81.77 81.84 81.90 81.93 81.94 82.02 82.03 82.06 82.12 82.14 82.15 82.12 82.19 82.23 82.21 82.14 82.13 82.14 82.09 82.07 82.06 82.03 82.01 81.97 81.86 81.79 81.82 81.73 81.72 81.56 81.60 81.58 81.51 81.39 81.35 81.28 81.25 81.23 81.19 81.19 81.15 81.05 81.06 81.07 81.10 81.15 81.16 81.16 81.16 81.10 81.15 81.14 81.14 81.03 80.98 80.96 80.92 80.83 80.84 80.79 80.80 80.77 80.81 80.85 80.87 80.94 80.93 81.06 81.15 81.13 81.05 81.20 81.24 81.23 81.34 81.41 81.33 81.44 81.51 81.50 81.45 81.51 81.50 81.50 81.50 81.50 81.52 81.51 81.46 81.46 81.49 81.46 81.40 81.40 81.34 81.36 81.29 81.26 81.20 81.18 81.14 81.04 81.06 81.04 81.09 81.12 81.13 81.17 81.16 81.19 81.21 81.27 81.34 81.23 81.29
61°N ||     81.32 81.32 81.30 81.31 81.28 81.31 81.24 81.19 81.21 81.11 81.07 81.06 81.01 80.94 80.87 80.82 80.76 80.71 80.66 80.58 80.52 80.49 80.44 80.40 80.35 80.32 80.27 80.24 80.21 80.19 80.18 80.15 80.16 80.15 80.14 80.12 80.11 80.12 80.10 80.29 80.09 80.09 80.11 80.14 80.17 80.22 80.28 80.37 80.49 80.57 80.60 80.74 80.84 80.91 80.98 81.08 81.17 81.27 81.37 81.44 81.58 81.71 81.78 81.83 81.91 82.22 81.89 82.05 82.08 82.10 82.18 82.10 82.17 82.28 82.33 82.31 82.29 82.31 82.25 82.29 82.26 82.26 82.22 82.24 82.18 82.15 82.09 82.06 82.00 81.96 81.90 81.86 81.84 81.76 81.75 81.74 81.62 81.56 81.53 81.45 81.41 81.36 81.30 81.28 81.27 81.28 81.19 81.24 81.23 81.27 81.26 81.27 81.28 81.28 81.22 81.26 81.22 81.21 81.17 81.06 81.10 81.07 80.86 80.93 80.90 80.87 80.83 80.80 80.83 80.89 80.89 80.92 80.96 80.73 80.98 81.10 81.12 81.11 81.21 81.26 81.31 81.21 81.37 81.40 81.41 81.33 81.39 81.38 81.42 81.45 81.42 81.46 81.42 81.39 81.44 81.44 81.40 81.39 81.40 81.36 81.33 81.35 81.29 81.28 81.25 81.13 81.20 81.18 81.12 81.17 81.14 81.20 81.23 81.22 81.28 81.28 81.25 81.33 81.31 81.25
63°N ||     81.42 81.33 81.32 81.85 81.32 81.34 81.33 81.31 81.27 81.24 81.20 81.11 81.09 81.02 80.99 80.96 80.90 80.86 80.77 80.67 80.55 80.64 80.60 80.56 80.53 80.51 80.46 80.46 80.45 80.40 80.38 80.35 80.33 80.31 80.28 80.26 80.25 80.26 80.26 80.26 80.26 80.30 80.31 80.36 80.42 80.47 80.54 80.58 80.68 80.77 80.89 80.97 81.07 81.17 81.29 81.35 81.43 81.51 81.61 81.64 81.73 81.83 81.93 82.02 82.03 82.07 82.18 82.18 82.18 82.19 82.25 82.23 82.30 82.30 82.34 82.38 82.36 82.32 82.32 82.36 82.35 82.34 82.28 82.24 82.20 82.04 82.07 82.04 82.03 82.01 81.98 81.91 81.83 81.79 81.82 81.64 81.61 81.61 81.57 81.52 81.50 81.45 81.40 81.40 81.40 81.38 81.37 81.38 81.37 81.35 81.38 81.37 81.40 81.36 81.34 81.32 81.31 81.25 81.29 81.23 81.17 81.15 81.13 81.06 81.02 80.98 80.92 80.90 80.88 80.88 80.89 80.93 80.96 80.97 81.01 81.08 81.11 81.11 81.18 81.09 81.24 81.14 81.27 81.32 81.25 81.34 81.34 81.34 81.37 81.38 81.36 81.37 81.43 81.43 81.42 81.40 81.40 81.37 81.40 81.41 81.38 81.35 81.37 81.35 81.27 81.30 81.30 81.31 81.19 81.24 81.25 81.28 81.22 81.31 81.36 81.38 81.35 81.38 81.38 81.39
65°N ||     81.45 81.52 81.44 81.49 81.48 81.44 81.42 81.42 81.27 81.31 81.27 81.25 81.25 81.21 81.30 81.09 81.06 81.01 80.93 80.96 80.92 80.84 80.82 80.79 80.76 80.74 80.66 80.68 80.65 80.63 80.59 80.55 80.54 80.51 80.48 80.45 80.45 80.45 80.44 80.44 80.45 80.49 80.54 80.59 80.66 80.73 80.78 80.86 80.92 81.00 81.08 81.12 81.27 81.42 81.52 81.64 81.74 81.85 81.90 81.93 81.96 82.06 82.11 82.11 82.20 82.24 82.26 82.22 82.27 82.32 82.27 82.30 82.37 82.39 82.40 82.42 82.43 82.40 82.41 82.41 82.43 82.38 82.34 82.14 82.93 84.41 81.73 82.05 82.11 82.04 82.06 81.95 81.96 81.84 81.83 81.77 81.71 81.69 81.67 81.64 81.58 81.57 81.53 81.46 81.51 81.44 81.42 81.45 81.44 81.42 81.46 81.46 81.48 81.43 81.34 81.35 81.42 81.34 81.32 81.35 81.32 81.27 81.24 81.13 81.12 81.01 81.03 80.98 80.97 80.89 80.95 80.94 80.94 80.96 81.01 80.99 81.04 81.06 81.03 81.10 81.16 81.15 81.21 81.23 81.19 81.27 81.27 81.29 81.28 81.30 81.34 81.35 81.36 81.38 81.28 81.40 81.38 81.44 81.42 81.42 81.37 81.36 81.43 81.43 81.37 81.44 81.43 81.33 81.40 81.35 81.43 81.42 81.39 81.40 81.40 81.45 81.38 81.38 81.48 81.30
67°N ||     81.59 81.57 81.60 81.57 81.55 81.61 81.56 81.52 81.53 81.49 81.38 81.39 81.41 81.32 81.33 81.28 81.26 81.23 81.20 81.18 81.07 81.09 81.01 80.96 80.95 80.87 80.93 80.90 80.84 80.82 80.80 80.74 80.74 80.69 80.83 80.63 80.64 80.63 80.63 80.65 80.67 80.71 80.78 80.82 80.87 80.95 81.03 81.12 81.19 81.28 81.39 81.51 81.61 81.73 81.85 81.96 82.08 82.16 82.25 82.33 82.37 82.36 82.31 82.30 82.31 82.32 82.31 82.35 82.40 82.39 82.42 82.44 82.42 82.47 82.48 82.46 82.45 82.39 82.51 82.48 82.47 82.43 82.32 82.29 82.28 82.18 82.16 82.17 82.14 82.15 82.08 82.02 82.00 81.93 81.90 81.83 81.80 81.76 81.73 81.66 81.61 81.64 81.60 81.53 81.54 81.53 81.53 81.49 81.46 81.40 81.43 81.51 81.54 81.50 81.47 81.47 81.40 81.43 81.42 81.40 81.37 81.29 81.31 81.27 81.22 81.18 81.16 81.08 81.03 81.02 80.98 80.94 80.95 80.95 80.90 81.00 81.01 81.03 80.87 81.07 81.11 81.16 81.18 81.15 81.18 81.19 81.10 81.25 81.25 81.28 81.27 81.35 81.34 81.37 81.39 81.39 81.40 81.42 81.43 81.46 81.38 81.40 81.41 81.45 81.44 81.44 81.51 81.52 81.53 81.49 81.53 81.49 81.55 81.53 81.46 81.49 81.50 81.58 81.55 81.58
69°N ||     81.59 81.70 81.70 81.67 81.68 81.68 81.66 81.67 81.58 81.68 81.60 81.57 81.55 81.55 81.45 81.39 81.38 81.44 81.45 81.37 81.37 81.35 81.32 81.29 81.21 81.19 80.99 81.14 81.12 81.02 81.09 80.98 80.99 80.93 80.87 80.83 80.85 80.85 80.87 80.88 80.90 80.98 81.03 81.09 81.15 81.23 81.36 81.47 81.59 81.68 81.75 81.82 81.87 81.95 82.02 82.11 82.18 82.21 82.29 82.33 82.34 82.37 82.36 82.37 82.35 82.39 82.41 82.43 82.41 82.47 82.49 82.48 82.54 82.53 82.45 82.51 82.51 82.47 82.49 82.47 82.43 82.41 82.44 82.38 82.30 82.31 82.21 82.18 82.16 82.12 82.12 82.06 81.99 81.98 81.97 81.84 81.86 81.84 81.80 81.77 81.75 81.73 81.70 81.63 81.63 81.67 81.64 81.60 81.58 81.60 81.46 81.48 81.54 81.53 81.55 81.52 81.48 81.49 81.47 81.41 81.36 81.38 81.35 81.34 81.26 81.24 81.23 81.20 81.17 81.14 81.10 81.05 81.04 81.00 80.97 80.93 80.97 81.03 81.07 81.06 81.08 81.09 81.12 81.12 81.13 81.14 81.17 81.21 81.21 81.21 81.26 81.24 81.28 81.34 81.39 81.42 81.40 81.44 81.54 81.50 81.48 81.48 81.48 81.54 81.54 81.58 81.59 81.63 81.61 81.59 81.58 81.64 81.65 81.67 81.74 81.70 81.67 81.69 81.65 81.62
71°N ||     81.79 81.84 81.87 81.80 81.76 81.81 82.08 81.71 81.77 81.77 81.68 81.71 81.72 81.67 81.73 81.73 81.71 81.66 81.73 81.57 81.50 81.57 81.56 81.52 81.46 81.42 81.37 81.31 81.33 81.25 81.26 81.28 81.28 81.19 81.25 81.26 81.19 81.19 81.21 81.23 81.21 81.31 81.35 81.39 81.47 81.52 81.60 81.71 81.77 81.86 81.94 81.99 82.01 82.00 82.06 82.09 82.12 82.16 82.21 82.22 82.21 82.27 82.28 82.32 82.43 82.39 82.41 82.45 82.53 82.49 82.52 82.51 82.51 82.55 82.51 82.48 82.49 82.52 82.50 82.47 82.44 82.44 82.42 82.38 82.33 82.32 82.29 82.28 82.24 82.17 82.09 82.03 82.06 82.06 81.99 81.97 81.93 81.91 81.88 81.83 81.78 81.73 81.70 81.67 81.71 81.71 81.69 81.65 81.65 81.63 81.66 81.61 81.59 81.58 81.53 81.56 81.51 81.49 81.43 81.47 81.38 81.42 81.40 81.33 81.33 81.31 81.30 81.29 81.25 81.21 81.18 81.18 81.15 81.13 81.07 81.08 81.05 81.03 81.01 81.00 80.97 80.96 80.99 81.02 81.06 81.10 81.15 81.17 81.23 81.22 81.28 81.28 81.28 81.31 81.37 81.36 81.45 81.49 81.53 81.55 81.58 81.53 81.61 81.63 81.64 81.69 81.67 81.70 81.61 81.72 81.72 81.71 81.66 81.74 81.76 81.78 81.84 81.74 81.79 81.77
73°N ||     81.96 82.00 82.00 81.96 81.91 82.00 82.01 81.97 81.96 81.99 82.03 81.95 81.96 81.88 82.02 81.91 81.88 81.86 81.80 81.79 81.82 81.65 81.65 81.69 81.63 81.70 81.62 81.86 81.72 81.65 81.69 81.59 81.54 81.50 81.45 81.50 81.45 81.47 81.50 81.56 81.59 81.64 81.67 81.70 81.76 81.80 81.84 81.87 81.92 81.97 82.04 82.14 82.12 82.13 82.14 82.14 82.12 82.13 82.11 82.16 82.20 82.24 82.27 82.28 82.32 82.38 82.41 82.40 82.41 82.45 82.52 82.57 82.57 82.50 82.56 82.57 82.59 82.54 82.50 82.44 82.46 82.43 82.40 82.37 82.40 82.38 82.35 82.31 82.26 82.26 82.20 82.06 82.06 82.06 82.04 81.95 81.96 81.94 81.90 81.91 81.86 81.85 81.81 81.71 81.76 81.76 81.71 81.68 81.66 81.62 81.65 81.65 81.67 81.66 81.62 81.64 81.64 81.58 81.51 81.47 81.49 81.52 81.49 81.42 81.40 81.38 81.35 81.37 81.30 81.29 81.26 81.23 81.24 81.20 81.21 81.19 81.16 81.14 81.13 81.14 81.16 81.18 81.20 81.21 81.23 81.25 81.26 81.28 81.31 81.33 81.32 81.37 81.38 81.41 81.42 81.42 81.51 81.55 81.58 81.57 81.65 81.65 81.63 81.70 81.76 81.80 81.75 81.80 81.85 81.88 81.57 82.52 81.69 81.04 81.85 81.89 81.97 81.95 81.84 81.91
75°N ||     82.05 82.11 82.06 82.09 82.08 82.16 82.05 82.11 82.11 82.10 82.13 82.07 82.08 82.14 82.07 82.11 82.10 81.96 82.02 82.05 82.00 82.07 82.10 82.15 82.04 81.92 81.94 81.93 81.75 81.80 81.81 81.77 81.86 81.89 81.93 81.82 81.79 81.80 81.73 81.81 81.80 81.83 81.90 81.90 81.90 81.87 81.93 81.97 82.01 82.09 82.13 82.16 82.16 82.18 82.20 82.29 82.20 82.20 82.23 82.26 82.32 82.37 82.41 82.42 82.43 82.42 82.41 82.43 82.47 82.43 82.52 82.54 82.55 82.56 82.55 82.58 82.55 82.55 82.49 82.52 82.48 82.48 82.43 82.55 82.41 82.36 82.31 82.27 82.26 82.27 82.21 82.19 82.16 82.11 82.11 82.08 82.14 82.00 81.96 81.93 81.91 81.89 81.88 81.83 81.84 81.84 81.83 81.80 81.75 81.78 81.74 81.71 81.74 81.73 81.71 81.68 81.66 81.67 81.60 81.59 81.58 81.55 81.50 81.57 81.56 81.53 81.45 81.44 81.43 81.37 81.42 81.39 81.39 81.36 81.31 81.33 81.30 81.31 81.31 81.31 81.30 81.34 81.34 81.27 81.33 81.37 81.40 81.41 81.38 81.39 81.42 81.46 81.48 81.50 81.53 81.54 81.57 81.64 81.67 81.70 81.70 81.77 81.78 81.84 81.85 81.85 81.86 81.88 81.92 81.95 81.95 81.98 81.95 82.12 82.12 82.13 82.13 82.12 82.08 82.02
77°N ||     82.23 82.14 81.96 81.87 81.98 82.18 82.10 81.82 81.84 82.12 82.19 82.19 82.21 82.18 82.17 82.05 81.85 81.88 81.80 82.03 81.88 81.96 82.26 82.47 82.15 82.02 82.01 82.10 82.05 82.03 82.01 82.01 82.04 81.98 81.76 81.97 81.90 81.96 81.93 81.90 82.01 82.00 81.95 81.95 82.01 82.07 82.10 82.13 82.16 82.19 82.22 82.25 82.17 82.31 82.34 82.38 82.41 82.41 82.42 82.44 82.47 82.02 82.05 82.33 82.44 82.43 82.43 82.46 82.42 82.43 82.49 82.51 82.52 82.54 82.51 82.53 82.52 82.54 82.57 82.57 82.54 82.46 82.46 82.44 82.44 82.39 82.29 82.28 82.34 82.30 82.31 82.27 82.20 82.12 82.11 82.14 82.14 82.11 82.07 82.03 82.01 82.00 81.95 82.00 81.93 81.91 81.90 81.88 81.86 81.85 81.83 81.81 81.77 81.72 81.72 81.70 81.73 81.67 81.66 81.59 81.61 81.63 81.63 81.63 81.61 81.62 81.59 81.57 81.54 81.50 81.52 81.48 81.45 81.40 81.22 81.36 81.42 81.43 81.45 81.44 81.42 81.42 81.43 81.43 81.45 81.44 81.48 81.46 81.48 81.45 81.50 81.54 81.54 81.58 81.61 81.64 81.66 81.68 81.66 81.71 81.73 81.78 81.85 81.89 81.90 81.91 81.94 82.00 82.00 81.97 82.02 81.97 82.00 82.05 82.03 82.17 82.25 82.22 82.16 82.20
79°N ||     82.07 81.98 81.98 82.06 82.07 82.04 82.00 82.00 82.02 82.01 82.02 81.90 82.08 82.04 82.07 82.14 82.15 82.19 82.18 82.13 82.11 82.20 82.18 82.20 82.23 82.25 82.19 82.03 82.09 82.00 82.03 82.05 82.07 82.09 82.06 82.10 82.06 82.13 82.12 82.11 82.12 82.15 82.15 82.12 82.08 82.10 82.13 82.17 82.19 82.25 82.31 82.29 82.33 82.37 82.41 82.43 82.41 82.46 82.52 82.52 82.56 82.59 82.58 82.61 82.58 82.59 82.65 82.62 82.56 82.54 82.51 82.50 82.45 82.48 82.50 82.39 82.36 82.41 82.50 82.52 82.44 82.50 82.38 82.00 82.24 82.51 81.55 81.72 82.28 81.21 81.56 82.00 81.74 81.41 81.88 81.27 81.39 81.94 81.72 81.42 81.52 81.58 81.68 81.98 82.00 81.93 81.96 81.95 81.95 81.92 81.90 81.89 81.87 81.85 81.81 81.81 81.79 81.78 81.76 81.60 81.99 81.57 81.69 81.66 81.64 81.66 81.63 81.61 81.61 81.60 81.60 81.60 81.58 81.59 81.58 81.58 81.59 81.59 81.56 81.58 81.56 81.54 81.50 81.52 81.53 81.48 81.43 81.45 81.50 81.55 81.57 81.55 81.62 81.66 81.66 81.71 81.69 81.74 81.73 81.75 81.78 81.82 81.84 81.90 81.92 81.97 81.94 81.92 81.95 82.04 82.04 82.06 82.05 82.07 82.08 82.05 82.04 82.14 82.13 82.10
81°N ||     81.49 81.50 81.52 81.56 81.52 81.53 81.55 81.54 81.54 81.56 81.58 81.59 81.61 81.63 81.66 81.68 81.69 81.71 81.71 81.72 81.73 81.75 81.77 81.80 81.82 81.87 81.94 82.01 82.01 82.07 82.14 82.07 82.08 82.22 81.85 81.85 81.71 81.91 81.48 81.58 81.74 81.82 82.14 82.15 82.17 82.23 82.29 82.26 82.13 82.09 81.70 81.66 81.54 81.71 82.11 81.84 81.79 81.79 81.80 81.89 82.35 82.20 82.24 82.24 82.30 82.35 82.43 82.18 82.06 81.86 81.88 81.91 81.56 81.76 81.62 81.39 81.23 81.40 81.21 81.05 81.02 80.78 80.82 80.68 80.68 80.74 80.54 80.52 80.53 80.44 80.51 80.62 80.37 80.37 80.63 80.44 80.46 80.29 80.29 80.32 80.63 80.72 80.70 80.69 80.70 80.77 80.49 81.15 81.22 81.76 81.70 81.20 81.39 81.86 81.59 81.65 81.43 81.52 81.71 81.25 81.28 81.22 81.29 81.32 81.51 81.77 81.38 81.44 81.44 81.42 81.48 81.45 81.45 81.47 81.48 81.49 81.55 81.62 81.69 81.69 81.69 81.69 81.69 81.67 81.69 81.65 81.66 81.69 81.71 81.75 81.75 81.77 81.78 81.80 81.80 81.78 81.78 81.81 81.82 81.80 81.80 81.82 81.84 81.84 81.84 81.84 81.82 81.79 81.78 81.72 81.66 81.67 81.65 81.64 81.63 81.59 81.55 81.51 81.50 81.49
83°N ||     81.28 81.28 81.29 81.29 81.29 81.28 81.29 81.31 81.32 81.33 81.35 81.38 81.39 81.41 81.42 81.46 81.49 81.50 81.56 81.56 81.59 81.59 81.59 81.59 81.58 81.54 81.66 81.63 81.59 81.15 81.06 80.92 81.13 81.22 80.93 81.09 80.90 80.93 80.94 80.87 80.77 80.87 80.70 80.60 80.61 80.76 80.74 80.70 80.77 80.82 80.92 81.02 81.22 81.32 81.03 81.12 80.97 80.86 80.86 80.98 80.88 81.41 81.34 81.96 82.09 82.23 82.36 82.45 82.44 82.19 81.99 81.73 81.51 81.35 81.28 81.12 81.03 80.93 80.87 80.83 80.79 80.73 80.69 80.66 80.60 80.54 80.51 80.47 80.45 80.45 80.45 80.45 80.44 80.41 80.38 80.36 80.33 80.30 80.29 80.27 80.25 80.22 80.20 80.18 80.16 80.15 80.14 80.13 80.14 80.22 80.34 80.50 80.46 80.51 80.36 80.48 80.65 80.70 80.58 80.47 80.42 80.46 80.69 80.54 80.60 80.48 80.57 80.60 80.52 80.58 80.45 80.48 80.58 80.73 80.66 80.63 80.67 80.54 80.61 80.63 80.74 81.00 81.06 81.15 81.48 81.44 81.67 81.81 81.83 81.80 81.78 81.77 81.77 81.77 81.81 81.83 81.81 81.80 81.75 81.72 81.70 81.70 81.67 81.65 81.62 81.59 81.56 81.54 81.52 81.50 81.47 81.46 81.42 81.41 81.39 81.36 81.32 81.29 81.28 81.28
85°N ||     81.56 81.46 81.56 81.67 81.73 81.91 80.92 80.82 81.02 81.17 80.73 80.99 80.85 80.77 80.86 81.03 80.48 80.32 80.30 80.32 80.33 80.52 80.92 80.68 80.67 80.78 81.07 80.86 80.82 81.02 80.96 80.22 80.28 80.54 80.30 80.22 80.19 80.19 80.21 80.25 80.24 80.34 80.28 80.22 80.25 80.19 80.16 80.18 80.18 80.28 80.27 80.24 80.31 80.49 80.49 80.38 80.39 80.41 80.47 80.54 80.57 80.50 80.61 80.53 80.49 80.49 80.72 80.73 81.03 81.20 81.32 81.57 81.39 81.37 81.34 81.45 81.59 81.74 81.82 81.85 81.92 81.95 81.63 81.32 80.97 80.93 80.98 81.05 81.14 81.37 81.77 81.77 80.66 80.48 80.46 80.54 80.48 80.43 80.33 80.27 80.24 80.30 80.22 80.19 80.17 80.16 80.14 80.13 80.12 80.10 80.08 80.08 80.09 80.09 80.10 80.10 80.11 80.12 80.12 80.11 80.12 80.14 80.15 80.13 80.13 80.12 80.12 80.12 80.13 80.12 80.12 80.12 80.11 80.12 80.14 80.13 80.18 80.18 80.18 80.33 80.16 80.17 80.16 80.44 80.46 80.48 80.57 80.82 80.56 80.40 80.53 80.42 80.69 80.75 80.93 81.11 80.75 80.93 81.06 81.13 81.09 80.88 80.99 81.31 81.19 81.22 81.40 81.72 81.54 81.77 81.54 81.37 81.27 81.15 81.26 81.40 81.47 81.23 81.28 81.35
87°N ||     80.00 80.06 80.03 80.04 80.07 80.05 80.05 80.05 79.97 79.96 79.96 79.96 79.99 80.01 79.98 79.95 79.94 79.95 79.94 79.95 79.96 80.00 80.00 79.91 79.91 79.90 79.92 79.94 79.96 79.96 79.97 79.94 79.91 79.93 79.91 79.87 79.85 79.84 79.84 79.85 79.88 79.87 79.90 79.89 79.87 79.83 79.82 79.82 79.83 79.85 79.85 79.85 79.86 79.87 79.91 79.95 79.95 79.98 80.00 80.00 79.97 79.95 79.94 79.93 79.93 79.92 79.92 79.92 79.93 79.95 80.05 80.29 80.33 80.24 80.20 80.16 80.20 80.14 80.13 80.19 80.10 80.07 80.06 80.05 80.08 80.04 80.07 80.13 80.07 80.12 80.04 80.02 80.05 80.01 79.97 79.96 79.98 79.97 80.00 79.99 79.96 79.92 79.92 79.96 79.97 79.92 79.91 79.90 79.88 79.87 79.86 79.88 79.86 79.87 79.88 79.88 79.89 79.90 79.89 79.95 79.87 79.88 79.90 79.92 79.97 80.00 79.92 79.91 79.94 79.94 79.97 79.93 79.87 79.88 79.88 79.87 79.87 79.88 79.93 79.94 79.94 79.95 79.96 79.95 79.97 79.97 79.97 79.94 79.91 79.88 79.92 79.89 79.94 79.92 79.87 79.87 79.89 80.01 79.96 79.99 79.94 80.04 80.04 80.09 80.08 80.09 80.06 80.04 80.06 80.06 80.03 80.07 80.11 80.09 80.09 80.08 80.03 80.07 80.13 80.05
89°N ||     79.76 79.76 79.76 79.78 79.78 79.74 79.73 79.72 79.72 79.72 79.72 79.72 79.72 79.72 79.72 79.71 79.71 79.71 79.71 79.71 79.71 79.71 79.72 79.71 79.71 79.71 79.71 79.70 79.69 79.68 79.68 79.68 79.67 79.67 79.66 79.66 79.66 79.66 79.66 79.66 79.66 79.66 79.65 79.65 79.65 79.65 79.65 79.65 79.65 79.65 79.66 79.66 79.67 79.68 79.68 79.69 79.69 79.70 79.70 79.70 79.70 79.71 79.71 79.71 79.72 79.72 79.73 79.73 79.73 79.73 79.73 79.73 79.74 79.74 79.75 79.75 79.76 79.76 79.77 79.77 79.77 79.77 79.77 79.77 79.77 79.77 79.77 79.77 79.77 79.77 79.77 79.78 79.79 79.79 79.78 79.76 79.76 79.77 79.80 79.80 79.79 79.76 79.76 79.76 79.75 79.75 79.75 79.74 79.73 79.73 79.73 79.72 79.72 79.72 79.72 79.71 79.71 79.71 79.71 79.70 79.71 79.71 79.71 79.71 79.71 79.71 79.71 79.70 79.70 79.70 79.70 79.69 79.69 79.69 79.68 79.68 79.67 79.67 79.66 79.66 79.66 79.66 79.66 79.66 79.66 79.66 79.66 79.66 79.66 79.66 79.67 79.68 79.68 79.69 79.69 79.70 79.71 79.71 79.71 79.70 79.70 79.70 79.71 79.71 79.70 79.70 79.71 79.71 79.71 79.71 79.72 79.72 79.72 79.73 79.73 79.73 79.74 79.74 79.74 79.75
