Mars Surface Radiation Result (absorbed dose in thin silicon slab) (1E-6 Gy/day).

The first row gives the longitude
The first column for each row (starting from the 2nd row) gives the latitude
The rest values of each row gives the dose rate at different longitudes (given in the first row)

179°W  177°W  175°W  173°W  171°W  169°W  167°W  165°W  163°W  161°W  159°W  157°W  155°W  153°W  151°W  149°W  147°W  145°W  143°W  141°W  139°W  137°W  135°W  133°W  131°W  129°W  127°W  125°W  123°W  121°W  119°W  117°W  115°W  113°W  111°W  109°W  107°W  105°W  103°W  101°W  99°W  97°W  95°W  93°W  91°W  89°W  87°W  85°W  83°W  81°W  79°W  77°W  75°W  73°W  71°W  69°W  67°W  65°W  63°W  61°W  59°W  57°W  55°W  53°W  51°W  49°W  47°W  45°W  43°W  41°W  39°W  37°W  35°W  33°W  31°W  29°W  27°W  25°W  23°W  21°W  19°W  17°W  15°W  13°W  11°W  9°W  7°W  5°W  3°W  1°W  1°E  3°E  5°E  7°E  9°E  11°E  13°E  15°E  17°E  19°E  21°E  23°E  25°E  27°E  29°E  31°E  33°E  35°E  37°E  39°E  41°E  43°E  45°E  47°E  49°E  51°E  53°E  55°E  57°E  59°E  61°E  63°E  65°E  67°E  69°E  71°E  73°E  75°E  77°E  79°E  81°E  83°E  85°E  87°E  89°E  91°E  93°E  95°E  97°E  99°E  101°E  103°E  105°E  107°E  109°E  111°E  113°E  115°E  117°E  119°E  121°E  123°E  125°E  127°E  129°E  131°E  133°E  135°E  137°E  139°E  141°E  143°E  145°E  147°E  149°E  151°E  153°E  155°E  157°E  159°E  161°E  163°E  165°E  167°E  169°E  171°E  173°E  175°E  177°E  179°E  
--------------------------------------------------------------------------------------------------------------
89°S ||     71.61 71.64 71.68 71.69 71.69 71.68 71.68 71.70 71.73 71.77 71.91 71.95 71.93 71.98 72.15 72.24 72.28 72.34 72.36 72.26 72.20 72.34 72.35 72.32 72.27 72.25 72.20 72.22 72.30 72.27 72.35 72.45 72.40 72.34 72.43 72.35 72.26 72.20 72.13 72.09 72.05 71.98 71.93 71.91 71.89 71.89 71.88 71.88 71.87 71.86 71.83 71.83 71.80 71.79 71.78 71.78 71.71 71.69 71.66 71.66 71.64 71.61 71.61 71.58 71.59 71.62 71.64 71.53 71.49 71.50 71.44 71.42 71.42 71.42 71.39 71.36 71.35 71.34 71.32 71.33 71.31 71.32 71.32 71.31 71.32 71.33 71.32 71.31 71.31 71.31 71.33 71.36 71.37 71.38 71.39 71.40 71.39 71.40 71.41 71.42 71.40 71.40 71.39 71.38 71.39 71.40 71.41 71.42 71.43 71.44 71.45 71.44 71.41 71.43 71.47 71.50 71.49 71.49 71.49 71.51 71.53 71.54 71.55 71.57 71.60 71.63 71.64 71.66 71.69 71.70 71.72 71.73 71.74 71.75 71.76 71.79 71.80 71.80 71.80 71.80 71.76 71.76 71.74 71.71 71.72 71.71 71.71 71.69 71.66 71.63 71.63 71.61 71.61 71.57 71.55 71.54 71.52 71.51 71.51 71.51 71.51 71.51 71.50 71.49 71.49 71.49 71.49 71.50 71.50 71.50 71.51 71.52 71.52 71.52 71.53 71.55 71.58 71.59 71.59 71.61
87°S ||     73.44 73.49 73.49 73.61 73.58 73.65 73.56 73.55 73.53 73.46 73.45 73.45 73.34 73.22 73.16 73.14 73.16 73.16 73.16 73.12 73.12 73.18 73.30 73.35 73.33 73.29 73.30 73.22 73.30 73.16 73.38 73.40 73.25 73.23 73.22 73.20 73.15 73.09 73.14 73.16 73.12 73.16 73.12 73.09 73.05 73.03 73.02 72.96 72.91 72.86 72.73 72.87 72.70 72.45 72.47 72.41 72.30 72.18 72.12 72.10 72.23 71.77 71.82 71.59 71.53 71.51 71.47 71.45 71.44 71.40 71.32 71.25 71.31 71.29 71.06 71.01 70.95 70.87 70.83 70.96 70.70 70.53 70.51 70.43 70.41 70.41 70.43 70.45 70.48 70.51 70.54 70.56 70.59 70.60 70.61 70.96 70.87 71.04 70.94 71.14 71.15 71.14 71.21 71.23 71.26 71.34 71.40 71.55 71.64 71.69 71.57 71.57 71.60 71.62 71.64 71.64 71.68 71.72 71.78 71.79 71.85 71.90 71.91 71.96 72.04 72.03 72.04 72.11 72.19 72.17 72.24 72.25 72.26 72.32 72.45 72.59 72.69 72.83 72.75 72.58 72.44 72.39 72.36 72.32 72.26 72.26 72.21 71.98 71.96 71.94 71.93 71.94 71.97 71.96 71.96 71.97 72.04 72.14 72.22 72.22 72.30 72.37 72.46 72.50 72.62 72.72 72.80 72.83 72.95 72.97 73.12 73.11 73.13 73.12 73.22 73.15 72.94 73.08 73.43 73.64
85°S ||     72.90 72.89 72.89 72.89 72.90 72.90 72.92 72.97 72.98 72.97 72.98 72.99 73.00 73.06 72.99 72.92 72.93 73.03 73.02 73.03 73.04 73.06 73.09 73.11 73.11 73.12 73.16 73.27 73.33 73.47 73.80 73.84 73.82 73.82 73.86 73.68 73.85 73.72 73.70 73.67 73.89 74.14 74.08 74.09 73.88 73.84 73.74 73.65 73.57 73.49 73.52 73.42 73.40 73.36 73.59 73.66 73.40 73.23 73.29 73.64 73.49 72.64 72.50 72.53 72.65 72.73 72.59 72.68 72.67 72.30 72.40 72.27 72.00 71.93 71.97 71.74 72.03 72.27 72.51 72.17 72.01 71.93 71.98 71.98 72.06 71.93 71.86 71.74 71.73 71.83 71.73 71.76 71.88 71.87 71.87 71.88 71.89 71.94 72.00 72.11 72.09 72.20 72.47 72.74 72.67 72.63 72.62 72.64 72.61 72.67 72.76 72.82 72.88 72.96 72.75 72.81 72.92 72.94 72.86 72.77 72.75 72.79 72.83 72.92 73.02 73.11 73.11 73.05 73.05 73.00 72.96 72.94 72.90 72.92 72.96 73.08 73.63 74.72 75.11 74.86 74.22 73.92 73.78 73.81 73.35 73.11 73.01 72.91 72.96 73.01 72.89 72.91 72.95 73.08 73.24 73.30 73.34 73.38 73.35 73.36 73.34 73.17 73.02 72.95 72.93 73.03 73.08 73.14 73.25 73.43 73.21 73.26 73.20 73.13 73.07 73.06 73.05 73.06 72.95 72.91
83°S ||     72.92 72.94 72.95 72.97 72.98 72.98 73.00 73.02 73.04 73.07 73.09 73.12 73.15 73.18 73.17 73.17 73.19 73.22 73.25 73.28 73.31 73.35 73.39 73.43 73.48 73.54 73.58 73.64 73.74 73.87 73.82 73.69 73.68 73.64 73.75 73.85 73.82 73.76 73.84 73.91 73.67 73.66 73.66 73.66 73.69 73.72 73.70 74.20 74.32 74.41 74.34 74.37 74.29 74.28 74.30 74.27 74.21 74.49 74.62 74.66 74.23 74.55 74.45 74.34 74.69 74.43 74.45 74.42 74.80 74.46 74.74 74.97 75.15 75.15 74.98 74.83 74.88 74.87 74.83 74.91 74.87 74.82 74.65 74.68 74.69 74.60 74.53 74.50 74.54 74.53 74.26 74.26 74.36 74.75 74.30 74.21 74.10 74.05 74.09 73.97 74.18 73.68 73.84 73.59 73.99 74.24 74.31 74.07 73.97 73.99 74.02 74.16 74.43 74.55 74.65 74.62 74.22 74.23 74.14 74.10 74.02 74.01 73.70 73.61 73.67 73.73 73.72 73.58 73.57 73.72 73.66 73.68 73.86 73.88 74.10 74.69 75.51 75.44 75.47 75.45 75.45 74.23 74.08 74.11 74.06 74.18 74.13 74.05 74.01 74.00 73.94 73.81 73.69 73.62 73.58 73.45 73.41 73.47 73.79 74.16 74.61 74.83 74.33 73.78 73.05 73.05 72.76 72.68 72.66 72.71 72.87 73.08 73.51 73.44 73.13 72.94 72.87 72.84 72.86 72.90
81°S ||     73.21 73.29 73.29 73.43 73.19 73.26 73.31 73.35 73.40 73.46 73.53 73.60 73.77 73.81 73.61 73.62 73.67 73.74 73.77 73.79 73.83 73.87 73.90 73.94 73.98 74.03 74.10 74.14 74.17 74.22 74.27 74.44 74.42 74.46 74.59 74.53 74.31 74.34 74.32 74.36 74.53 74.37 74.04 74.09 73.93 73.79 73.86 74.05 74.12 74.03 74.20 74.12 74.36 75.22 74.92 75.11 75.38 74.88 75.38 75.33 75.01 75.13 75.19 75.17 75.21 75.19 75.26 75.26 75.18 75.08 75.18 75.01 74.82 74.84 74.86 74.89 74.84 74.86 74.81 74.81 75.24 74.71 74.55 74.50 74.47 74.49 74.47 74.47 74.44 74.42 74.40 74.42 74.31 74.12 73.92 73.63 73.01 72.37 73.15 73.29 73.75 74.09 74.04 74.17 74.49 74.70 74.84 75.08 75.04 74.91 74.68 75.00 75.13 75.29 75.29 75.37 75.41 75.50 75.46 75.45 75.42 75.47 75.41 75.33 75.31 75.35 74.93 74.96 75.03 75.11 75.18 75.43 75.50 75.60 75.66 75.65 75.63 74.98 74.15 73.95 73.89 73.81 73.76 73.91 73.97 73.97 73.90 74.03 74.12 74.20 74.34 74.42 74.52 74.28 74.40 74.65 74.81 74.48 74.34 74.38 74.85 74.60 74.24 74.22 74.36 74.30 74.72 74.04 73.27 73.00 73.06 73.21 73.32 73.51 73.79 73.13 73.25 73.25 73.06 73.12
79°S ||     73.57 73.62 73.63 73.75 73.73 73.69 73.70 73.73 73.75 73.95 73.81 73.91 73.97 74.00 74.09 74.27 74.21 74.47 74.11 74.30 74.15 74.19 74.16 74.64 75.09 74.05 74.51 75.04 74.85 74.96 74.89 74.89 74.87 74.89 74.94 74.97 74.98 74.96 74.86 74.82 74.83 74.58 75.20 75.30 74.32 74.49 74.47 74.35 74.32 74.62 74.89 74.60 75.37 75.21 75.31 75.50 75.73 74.44 75.12 74.64 75.39 75.13 74.49 74.95 75.00 75.36 75.41 75.34 75.32 75.28 75.23 75.25 75.24 75.25 75.23 75.20 75.24 75.28 75.23 75.00 75.10 75.27 75.00 74.96 74.98 75.19 74.84 75.03 74.86 74.89 74.94 74.81 74.72 74.41 73.61 73.61 73.21 73.67 74.22 74.53 74.47 74.74 74.79 74.89 74.98 75.22 75.02 75.13 74.87 75.15 74.73 75.03 74.86 74.86 74.51 74.42 75.16 75.34 75.63 75.70 75.76 75.74 75.77 75.75 75.80 75.76 75.72 75.77 75.74 75.79 75.73 75.71 75.80 75.77 75.78 75.79 75.87 75.89 75.82 75.82 75.81 75.85 75.50 75.06 75.25 74.64 74.12 74.10 74.08 73.99 74.06 74.17 74.58 75.78 75.61 74.66 74.45 75.02 73.79 73.80 74.42 73.85 73.55 73.41 73.34 73.45 73.28 73.65 73.37 73.33 73.35 73.41 73.52 73.22 73.13 73.25 73.35 73.46 73.47 73.49
77°S ||     74.40 74.12 74.05 74.02 73.93 74.20 74.16 74.52 74.47 74.52 74.52 74.57 74.90 74.70 74.63 74.72 74.85 74.87 74.95 74.76 74.67 74.73 74.68 74.79 74.72 74.85 75.06 75.16 75.01 75.13 75.09 75.12 75.12 75.11 75.10 75.12 75.09 75.13 75.11 75.11 75.09 75.11 75.03 74.88 74.81 74.58 74.07 74.76 73.98 74.25 75.04 74.85 74.72 74.25 74.44 74.65 74.81 74.77 74.93 74.91 75.21 75.38 75.19 75.27 75.48 75.54 75.53 75.57 75.57 75.53 75.49 75.46 75.41 75.43 75.39 75.40 75.38 75.30 75.08 75.09 75.02 74.89 74.84 74.69 74.92 75.10 74.97 75.00 74.81 74.93 74.93 74.87 74.50 74.33 74.20 74.04 73.57 73.20 74.32 75.47 75.85 76.02 76.02 74.85 75.13 75.01 75.04 75.21 74.93 75.26 74.99 74.94 74.87 75.29 75.66 75.48 74.93 74.81 74.40 74.18 74.09 73.72 73.58 74.11 74.72 75.19 75.51 75.49 75.40 75.20 74.64 75.29 75.47 74.77 75.34 75.55 75.85 75.74 75.47 75.35 75.02 75.06 74.86 75.30 75.89 75.81 75.63 75.48 74.76 74.80 74.88 74.10 74.79 75.11 75.10 74.22 73.83 73.90 73.65 73.68 73.76 73.59 73.59 73.84 73.71 73.66 73.77 73.85 73.88 73.85 73.75 73.85 74.08 73.75 73.77 73.82 74.02 74.18 74.29 74.10
75°S ||     74.66 74.77 74.54 74.68 74.48 74.46 74.58 75.31 74.82 74.77 75.78 76.14 75.05 75.17 75.16 75.27 75.04 75.15 75.14 74.94 74.93 75.19 75.20 75.36 75.20 75.27 75.32 75.34 75.31 75.28 75.28 75.25 75.28 75.23 74.77 75.16 75.18 75.17 75.15 75.14 75.08 75.03 75.03 75.05 75.10 75.16 75.08 74.98 74.78 74.66 74.76 74.23 74.12 74.52 75.08 75.18 75.13 75.48 75.65 75.70 75.74 75.72 75.67 75.63 75.61 75.61 75.59 75.39 75.59 75.47 75.32 75.15 75.11 74.94 74.88 74.98 74.91 75.11 74.94 74.96 75.02 75.07 75.16 74.98 75.31 75.07 75.07 75.24 75.07 75.07 74.96 74.66 74.54 74.84 74.99 75.03 75.05 75.07 75.14 75.01 74.84 74.94 74.94 74.90 75.22 75.29 75.29 75.13 75.10 74.98 74.88 74.70 74.23 74.42 74.56 74.04 74.44 74.31 74.09 74.26 74.03 73.97 74.69 74.99 74.79 74.72 75.85 74.40 74.61 74.63 74.76 75.26 75.16 75.04 74.97 74.76 75.05 74.05 73.66 73.23 73.18 73.86 76.13 75.95 76.04 74.79 75.44 74.80 75.56 75.89 75.76 75.68 75.61 75.63 75.72 74.53 73.42 73.34 73.32 73.32 73.29 73.44 74.10 73.98 74.17 73.54 73.61 73.80 73.87 73.87 73.96 73.97 74.02 74.28 74.29 74.36 74.48 74.42 74.47 74.53
73°S ||     75.84 74.68 75.36 75.35 75.23 74.91 75.67 75.36 75.39 75.38 74.96 74.63 75.64 74.88 75.16 75.35 75.30 75.29 75.22 75.09 74.92 74.56 75.63 74.35 74.60 75.49 75.22 75.20 75.23 75.28 75.30 75.29 75.39 75.00 74.94 74.60 74.84 75.23 75.11 75.17 75.16 75.20 75.10 75.16 75.20 75.20 75.20 74.94 75.53 76.47 76.46 76.62 76.58 75.00 75.55 75.58 75.77 75.83 75.87 75.90 75.91 75.89 75.82 75.73 75.78 75.40 75.56 75.76 75.79 75.79 75.72 75.44 75.22 75.35 75.21 75.10 75.03 75.16 75.37 74.99 75.01 75.03 75.08 75.41 75.25 75.50 75.65 75.61 75.50 75.56 75.20 75.16 74.81 75.19 75.17 75.28 75.46 75.49 75.49 75.48 75.51 75.51 75.60 75.55 75.48 75.42 75.55 75.07 74.99 74.84 74.39 74.03 74.28 74.72 75.15 74.87 75.08 74.96 75.07 74.71 74.86 74.48 74.28 74.18 74.49 74.43 74.80 74.85 75.16 75.11 75.07 75.17 75.21 75.31 75.41 75.41 75.39 75.51 75.14 74.75 75.20 73.83 74.04 74.66 74.76 74.80 74.86 75.12 75.81 75.49 75.27 74.41 75.22 75.68 75.98 76.09 75.44 74.36 73.46 73.88 73.62 73.92 74.43 74.52 73.79 74.08 74.54 74.69 74.52 74.92 75.77 75.50 75.09 74.94 74.95 74.88 75.05 74.84 74.88 75.74
71°S ||     75.68 75.74 75.86 75.94 76.02 76.21 76.36 76.28 76.29 76.31 76.31 75.57 74.85 74.50 73.79 73.82 74.54 74.73 75.89 74.99 75.06 74.86 74.63 74.71 76.67 75.36 75.34 75.37 75.25 75.01 75.10 74.99 74.98 75.19 75.11 75.06 74.98 75.32 75.14 75.16 75.30 75.12 75.28 75.18 75.22 75.25 74.95 74.74 74.80 75.77 76.51 76.38 76.74 74.80 75.70 75.87 75.93 76.01 75.94 75.96 76.04 75.69 75.56 75.68 75.82 75.92 75.99 75.80 75.82 74.93 75.21 75.42 75.27 75.45 75.15 75.35 75.17 74.68 74.47 74.33 74.24 75.26 75.24 75.24 75.44 75.47 75.63 75.43 75.71 75.55 76.08 75.97 75.55 75.64 75.63 75.45 75.37 74.74 75.36 75.66 75.82 75.53 75.57 75.59 75.57 75.62 75.25 74.34 74.63 74.98 75.04 75.16 75.17 75.34 75.37 75.28 75.54 75.35 75.48 75.57 75.49 75.70 75.74 75.53 75.69 75.33 74.72 74.97 76.22 76.20 75.18 75.35 75.12 73.93 74.75 74.97 75.07 74.61 74.28 74.63 75.05 74.46 75.35 75.49 75.78 75.80 75.75 75.42 75.42 75.61 75.90 75.80 76.05 75.85 76.66 76.85 76.77 76.40 76.00 75.73 75.99 75.78 75.54 75.90 76.10 76.02 76.00 75.80 75.63 76.16 75.70 76.02 75.89 75.91 75.33 75.31 75.37 75.47 75.06 75.64
69°S ||     75.06 75.14 75.52 75.80 75.34 76.89 76.70 76.32 76.49 76.45 76.40 76.17 75.49 75.59 75.13 75.35 74.12 74.32 74.75 75.23 75.63 75.36 75.07 74.97 74.81 75.55 75.27 75.44 75.01 75.67 74.63 74.71 74.62 74.92 74.97 75.07 75.37 75.40 75.50 75.49 75.57 75.48 75.45 75.51 75.51 76.16 75.28 75.61 75.61 75.59 75.65 75.80 75.81 75.93 75.96 75.90 75.94 75.98 75.76 75.76 75.55 75.96 75.92 76.08 75.94 75.71 75.10 75.16 75.25 75.25 75.20 75.33 75.32 75.54 75.67 75.89 75.71 75.09 74.56 74.85 75.01 75.50 75.52 75.10 75.08 74.86 74.94 74.91 75.19 75.48 75.52 75.66 74.75 75.70 75.79 75.70 75.84 75.84 75.83 75.88 75.83 75.79 75.86 75.77 75.54 75.23 74.50 75.66 75.86 75.73 75.55 75.35 75.45 75.32 75.47 74.98 74.93 75.50 75.91 76.11 76.31 76.17 76.21 76.29 76.28 76.20 75.83 75.42 75.15 75.15 75.62 75.47 75.42 75.40 76.33 75.17 73.88 74.26 74.40 74.52 74.73 74.72 74.33 74.45 74.99 75.47 75.59 75.30 75.80 75.88 75.88 75.97 75.45 73.69 75.86 76.67 76.50 74.28 76.68 76.58 76.50 76.24 76.15 76.06 75.78 75.48 75.21 75.30 74.50 74.21 75.22 75.88 75.79 75.57 75.40 75.24 75.13 75.03 75.25 75.23
67°S ||     76.68 75.02 74.73 75.53 75.56 75.68 75.72 76.39 76.38 76.51 76.57 76.57 76.39 76.24 75.85 75.51 75.16 74.66 74.56 74.26 74.24 73.96 74.31 74.35 74.76 74.73 74.60 74.50 75.06 74.21 74.22 74.27 74.89 76.53 74.77 75.04 75.07 75.91 75.48 75.50 75.60 75.59 75.54 75.55 75.56 75.61 75.57 75.69 75.70 75.64 75.68 75.78 75.82 75.82 75.74 75.92 76.09 75.95 76.03 75.92 75.34 75.76 76.02 76.01 75.74 75.51 77.35 77.36 76.92 75.29 75.44 75.49 75.56 75.79 75.98 75.58 75.21 74.65 74.73 74.43 74.76 74.79 75.21 75.13 75.49 75.38 75.52 75.55 75.54 75.55 75.60 75.78 75.70 75.85 75.80 75.93 75.80 75.75 75.77 75.58 75.60 74.87 74.66 74.70 74.35 74.90 76.25 76.76 76.71 76.26 76.14 75.68 75.71 75.34 75.51 75.41 75.80 75.96 76.25 76.29 76.27 76.26 76.33 76.33 76.26 76.50 76.49 76.64 76.66 76.17 75.37 74.70 75.32 75.53 74.74 74.56 74.44 74.02 74.59 73.78 74.05 74.46 74.48 75.45 75.13 75.05 74.52 74.86 75.33 75.68 76.00 76.14 75.84 76.03 76.17 76.21 76.24 76.21 75.90 76.10 76.04 76.10 75.87 75.63 75.91 75.85 75.85 75.82 75.74 75.26 75.94 75.66 75.58 75.35 74.85 75.51 74.80 74.77 74.82 75.33
65°S ||     75.20 74.76 74.41 74.89 74.94 75.92 76.03 76.49 76.40 76.47 76.45 76.58 76.59 76.59 76.49 76.29 76.13 76.06 75.94 75.58 75.02 74.88 74.96 74.72 75.12 75.04 74.67 75.51 75.33 74.70 74.46 74.80 74.56 74.84 75.05 75.20 75.23 75.31 75.33 75.56 75.58 75.69 75.72 75.72 75.81 75.84 75.79 75.78 75.80 75.78 75.66 75.55 75.47 75.61 75.77 75.92 75.92 75.93 75.79 74.84 76.00 76.12 76.31 76.52 75.79 76.14 76.14 76.18 75.59 75.52 75.77 75.64 75.73 75.90 76.14 76.01 75.50 75.32 74.92 74.58 74.61 74.95 75.87 75.31 75.51 75.56 75.56 75.49 75.22 75.64 75.65 75.70 75.65 75.84 75.63 75.88 76.15 75.97 75.69 75.77 75.51 75.55 75.41 75.29 74.88 75.21 75.05 75.32 75.44 75.30 75.26 75.11 75.23 75.81 76.12 76.63 76.59 76.41 76.23 76.13 76.14 76.33 76.50 76.47 76.61 76.57 76.53 76.60 76.60 76.71 75.67 75.60 75.55 75.42 76.96 74.90 74.84 74.97 75.47 74.24 74.19 74.20 74.72 74.75 74.80 74.33 74.16 75.47 75.15 74.80 75.76 75.61 75.48 76.04 75.99 74.39 75.05 75.27 75.93 75.59 74.92 75.09 75.93 75.50 75.77 76.07 75.89 75.99 75.93 75.87 75.47 75.35 75.15 74.46 75.53 75.80 75.32 75.13 74.70 74.57
63°S ||     75.22 75.19 75.64 74.88 74.56 75.08 75.71 75.84 76.15 76.06 76.38 76.20 76.60 76.45 76.48 76.32 76.41 76.45 76.36 75.81 75.19 75.16 74.85 74.97 74.87 75.04 75.05 74.84 74.78 74.87 74.80 74.97 75.24 75.26 75.22 74.95 74.74 75.13 75.58 75.26 75.76 75.38 75.15 75.60 75.65 75.60 75.37 75.72 75.62 75.58 75.33 75.41 75.75 76.21 75.87 75.07 75.57 76.23 76.05 76.10 76.03 76.01 76.17 76.42 76.83 76.56 75.77 76.63 75.61 76.22 75.96 75.74 75.80 75.67 75.80 76.37 76.56 76.45 76.37 75.94 75.72 75.30 75.42 75.41 75.44 75.50 75.66 75.66 75.68 75.64 75.63 75.65 75.79 75.71 75.77 75.57 75.73 75.82 75.64 75.92 75.96 75.64 75.72 75.93 75.76 75.47 75.25 74.98 75.02 74.76 75.30 75.44 75.82 76.44 76.86 76.92 76.95 76.71 76.50 76.41 76.36 76.32 76.40 76.45 76.70 76.78 76.67 76.63 76.67 76.72 76.51 75.87 75.75 76.05 75.59 75.07 74.76 74.96 74.79 73.91 75.90 74.52 75.19 75.07 75.03 74.68 74.48 74.25 73.94 74.44 74.93 75.39 75.14 75.21 75.60 76.00 76.30 76.33 76.00 75.86 75.27 75.38 75.62 75.58 75.43 74.39 74.33 74.76 75.35 75.69 75.84 75.92 75.69 76.01 75.95 74.88 75.40 75.52 75.45 75.74
61°S ||     76.14 75.00 74.50 75.22 75.61 75.86 75.83 75.03 75.18 75.44 74.90 75.19 75.87 75.18 77.16 75.29 75.77 75.70 76.35 75.98 75.88 75.83 75.86 75.11 74.91 74.67 75.91 75.51 74.88 75.00 75.55 75.93 75.97 75.83 75.82 75.47 75.02 75.26 75.16 75.12 75.63 74.79 75.29 75.68 75.32 74.18 75.91 76.10 76.14 76.06 76.02 76.19 76.16 75.75 75.26 76.42 76.41 76.13 76.41 76.38 76.30 76.08 76.23 76.33 76.65 77.03 76.74 76.04 76.85 76.89 76.67 76.35 75.34 76.25 76.50 75.95 75.89 76.02 75.87 75.55 74.57 74.60 75.42 75.74 75.47 75.38 75.25 75.60 75.76 75.73 75.81 75.72 75.75 75.95 75.84 75.92 75.87 75.68 75.83 75.96 76.04 75.88 75.79 75.77 75.13 75.78 75.66 75.68 75.70 75.82 75.94 76.02 76.13 76.35 76.63 76.69 76.18 76.11 76.16 75.89 77.25 76.69 76.00 76.29 76.52 76.62 76.82 76.91 76.59 76.86 77.21 76.95 74.46 76.75 76.58 76.33 74.99 75.22 75.21 75.71 74.75 74.64 74.53 74.64 74.72 74.60 74.58 74.30 74.57 74.47 74.77 74.74 74.81 74.93 74.98 76.18 76.84 76.76 76.75 76.59 76.37 76.07 75.82 75.53 75.45 75.01 74.54 74.84 74.95 73.81 74.71 75.58 75.75 75.42 74.24 74.66 74.89 75.95 75.99 75.94
59°S ||     76.32 75.70 75.46 75.82 75.87 75.65 74.16 75.00 75.25 74.97 75.59 74.99 75.27 74.29 75.49 76.01 75.66 75.83 75.47 75.83 76.03 76.06 75.71 75.54 74.57 75.06 75.30 75.37 75.86 75.07 75.34 76.13 76.24 75.87 76.21 75.92 75.31 74.72 74.54 74.71 75.05 75.75 76.12 76.07 75.97 75.56 76.16 76.32 76.52 76.50 76.50 76.50 76.55 76.59 76.25 76.01 76.16 75.95 76.32 76.47 76.10 75.72 76.67 76.51 75.75 77.05 75.80 76.53 76.87 75.18 75.59 76.51 77.26 76.21 76.85 76.08 76.13 75.79 75.52 75.56 74.90 75.06 75.44 75.18 75.25 75.76 75.57 75.53 75.99 74.61 75.64 75.92 76.02 75.90 76.41 75.69 75.61 75.64 76.75 75.58 75.48 75.96 75.78 75.81 75.89 75.94 75.90 75.81 75.77 76.14 76.22 76.44 76.51 76.51 76.32 75.91 75.96 76.08 75.66 75.15 75.20 75.25 76.05 76.53 76.96 77.09 77.17 77.09 77.19 77.38 77.14 77.11 76.81 76.62 76.71 76.42 75.83 74.52 73.91 74.28 76.63 76.42 73.97 73.99 75.61 74.36 74.50 73.73 74.44 74.89 74.30 74.38 75.00 75.77 76.11 76.35 76.57 76.49 76.61 76.61 76.58 76.49 76.35 76.16 75.64 75.25 74.84 74.75 75.00 74.74 75.94 74.00 74.91 75.16 74.80 75.59 75.87 75.63 75.97 76.15
57°S ||     76.14 76.19 76.40 76.71 76.21 74.70 75.21 75.01 74.51 74.60 74.74 76.70 74.68 74.83 74.36 74.46 75.28 75.86 75.32 75.17 76.60 75.25 75.30 75.28 74.39 75.17 75.49 75.46 75.41 74.47 73.86 76.20 75.93 76.06 76.04 75.72 75.89 75.21 74.98 75.06 74.81 75.50 75.76 75.92 76.02 75.68 75.12 75.02 76.02 76.58 76.61 76.67 76.49 76.47 76.20 75.44 75.20 75.23 74.91 74.72 75.50 77.15 75.96 75.27 76.93 77.37 77.18 76.12 78.56 73.85 77.61 76.12 75.49 76.30 75.84 76.90 77.18 76.86 76.48 77.30 77.34 76.36 75.54 75.64 75.93 75.61 75.69 75.41 75.35 75.75 75.84 75.95 75.61 75.25 75.27 75.20 75.23 75.35 75.84 75.35 75.04 75.22 75.20 75.27 75.23 75.94 75.97 76.17 76.33 76.47 76.59 76.72 76.86 76.94 76.81 76.51 76.64 76.64 76.80 76.48 76.36 76.60 77.07 77.40 77.64 77.62 77.65 77.64 77.65 78.03 77.39 77.27 77.05 77.26 77.16 77.07 76.99 76.46 74.29 75.59 76.70 77.05 74.59 74.83 75.50 75.27 74.80 74.50 74.45 74.87 75.42 75.62 75.79 75.47 76.02 75.74 76.34 75.67 74.67 74.97 76.41 76.55 76.47 76.11 75.59 75.23 74.91 74.89 75.01 74.90 74.52 74.35 74.94 75.04 76.19 74.95 74.95 75.08 75.44 76.06
55°S ||     76.28 76.32 76.48 76.57 75.86 75.80 75.71 75.20 74.98 75.62 75.57 75.44 75.22 75.35 74.91 75.20 75.86 75.75 75.76 75.70 75.06 74.22 74.22 76.63 74.18 75.26 75.68 75.69 75.66 75.31 75.02 76.10 76.08 75.94 76.16 75.73 75.42 75.10 74.62 74.51 74.64 74.48 74.40 74.64 75.58 75.19 74.96 75.38 76.03 76.33 76.62 76.66 76.69 76.12 75.67 74.51 74.94 74.37 74.75 76.84 75.40 77.39 77.58 76.94 75.55 79.18 79.10 79.41 79.04 79.09 79.15 77.96 75.22 75.84 77.17 76.34 76.09 76.98 76.81 76.72 76.14 75.78 75.97 75.95 75.84 75.66 75.68 75.38 75.55 75.19 75.51 75.76 76.06 75.67 75.79 76.30 77.10 75.82 75.78 75.90 75.87 75.77 75.06 75.24 75.02 75.33 76.19 76.29 76.53 76.72 76.87 76.98 77.19 77.35 77.34 77.50 77.61 77.74 77.79 78.22 78.81 79.06 79.21 79.42 79.71 79.19 78.74 78.68 79.68 78.21 77.74 77.62 77.46 77.18 77.39 77.31 75.63 76.62 76.46 76.05 75.84 75.62 75.77 75.82 74.43 74.97 75.12 75.11 75.54 75.90 76.30 76.30 77.09 76.68 75.77 76.01 76.27 74.62 74.86 76.58 76.22 75.97 75.74 75.79 75.31 75.14 75.35 75.60 75.92 75.64 75.62 74.83 75.77 75.28 74.97 75.07 75.36 75.86 75.89 76.19
53°S ||     76.40 75.92 76.04 76.78 77.03 75.13 76.11 76.26 76.23 75.98 76.17 75.53 75.25 75.72 75.70 75.69 75.34 75.82 75.70 75.83 75.68 74.84 74.43 75.87 75.30 75.65 76.90 75.57 75.80 75.55 75.97 75.82 75.83 76.13 75.95 75.93 75.88 74.85 74.51 74.52 74.39 74.55 75.14 75.38 75.64 75.79 75.95 75.84 76.78 77.46 75.41 75.56 75.93 75.62 75.77 76.39 76.12 75.14 75.01 76.20 75.51 77.53 77.62 77.76 80.15 79.65 79.15 79.17 79.24 79.31 79.30 78.98 78.05 77.57 76.58 76.41 76.79 77.16 76.32 76.61 76.84 76.66 76.51 76.28 75.98 76.99 76.17 75.69 75.91 75.98 75.61 75.53 75.37 75.96 75.27 75.10 75.55 75.69 75.83 75.67 75.87 75.96 75.37 74.43 76.04 75.75 75.96 76.33 76.44 76.52 76.99 77.16 77.43 77.64 77.76 78.04 78.82 79.22 80.25 81.44 82.34 82.98 83.23 83.34 83.41 82.78 82.53 82.66 82.71 82.60 81.10 78.20 78.24 78.89 77.34 77.58 77.63 77.34 76.09 76.11 76.33 75.73 75.86 75.36 75.59 76.46 75.44 75.45 75.57 75.23 75.58 76.07 76.55 76.78 77.37 76.41 76.25 74.36 76.67 76.20 76.40 76.44 76.45 76.01 75.67 75.61 75.19 75.68 74.89 75.67 75.97 75.10 74.36 74.35 75.11 75.88 75.94 76.06 76.34 76.39
51°S ||     76.33 76.14 75.73 75.86 76.59 76.39 76.26 75.25 76.50 75.90 75.47 75.85 75.65 75.96 75.75 75.62 75.75 74.89 75.57 75.67 75.42 74.98 74.42 74.21 73.78 75.38 74.92 75.41 75.78 75.78 75.63 75.89 75.52 75.38 75.68 75.33 75.37 75.20 74.90 73.99 73.97 73.74 74.20 75.50 75.72 75.92 76.01 75.48 76.92 77.35 75.40 75.45 74.82 74.44 75.73 76.88 77.06 77.00 75.86 75.07 75.04 75.25 77.69 79.03 79.68 79.01 79.36 79.20 79.20 79.20 79.23 79.33 78.05 78.13 78.55 79.60 76.77 76.89 76.47 76.54 76.74 76.64 76.17 75.92 75.61 76.29 75.35 75.55 75.90 75.88 75.85 75.94 76.09 76.18 75.83 75.35 75.54 75.68 75.80 75.31 76.04 75.63 75.19 75.77 75.62 75.84 76.23 76.54 76.77 76.78 77.32 77.46 77.52 77.91 78.32 79.30 80.30 81.54 82.65 83.65 83.90 84.18 84.23 83.89 84.22 84.26 84.25 84.25 84.22 84.14 84.26 84.03 80.43 80.41 78.90 77.78 77.03 75.51 74.51 76.68 76.27 75.47 76.72 75.38 74.63 74.96 75.48 76.28 75.96 76.05 76.52 76.55 76.40 76.27 75.48 76.28 76.33 76.50 76.38 76.40 76.31 75.68 75.88 76.38 76.31 76.02 75.33 76.31 75.81 76.27 75.78 75.25 75.83 75.04 75.18 75.56 75.73 76.02 76.12 76.29
49°S ||     75.25 75.59 75.42 75.94 76.85 77.06 77.20 76.26 76.30 75.07 75.70 75.16 75.13 74.95 75.33 75.09 75.01 75.07 74.14 74.45 74.87 75.25 74.32 74.14 74.96 74.66 75.13 75.82 75.77 75.76 75.52 75.84 75.43 73.91 73.93 74.15 74.54 74.53 74.64 74.04 73.83 73.91 74.10 75.17 75.60 75.81 75.83 75.81 75.70 75.57 75.36 74.98 74.38 74.11 74.44 74.97 76.28 76.34 75.46 75.15 77.23 77.47 77.61 77.91 79.13 79.91 79.26 79.33 79.21 79.56 79.62 78.98 78.46 76.99 77.54 76.42 76.42 76.86 76.37 76.56 76.59 76.53 76.23 75.81 75.85 75.31 75.52 77.17 76.40 75.93 75.66 75.89 76.61 76.62 76.00 75.66 74.92 76.21 75.39 75.39 75.34 75.32 75.65 76.09 76.18 75.72 75.63 76.56 76.77 77.07 76.68 77.28 77.84 78.61 80.20 81.54 82.63 83.26 83.91 84.13 84.20 83.85 84.18 84.17 83.99 84.27 84.27 84.24 84.27 84.27 84.27 84.22 84.26 83.96 81.98 80.25 77.66 76.90 77.33 76.83 77.15 76.44 75.23 75.93 76.10 74.76 75.73 75.43 76.14 76.32 75.42 76.07 76.06 76.01 75.84 76.40 76.15 75.89 75.42 75.43 73.80 74.89 75.93 75.69 75.23 75.94 76.45 76.78 76.01 76.80 76.69 76.34 76.28 75.65 75.09 74.53 74.79 75.09 75.56 75.77
47°S ||     75.05 75.68 75.37 75.30 76.14 76.79 75.97 75.35 76.04 75.55 75.20 75.39 74.15 75.82 74.39 74.68 73.68 73.97 74.90 74.63 75.24 74.49 74.97 75.37 75.31 75.83 75.06 75.50 75.72 75.69 75.71 75.72 75.84 74.84 74.63 74.81 75.17 75.23 75.24 74.89 74.37 74.21 74.64 74.77 74.59 75.37 75.38 75.50 75.24 75.29 74.87 74.67 74.21 74.19 74.10 74.49 74.87 74.79 75.41 75.94 74.66 76.86 76.35 77.54 77.48 79.41 79.84 79.76 79.60 79.80 79.68 79.21 78.78 77.14 77.48 77.44 76.49 76.42 76.17 75.50 76.40 76.13 76.03 76.00 75.60 75.70 75.40 75.73 76.14 76.00 76.14 76.16 76.79 76.15 75.87 74.98 75.39 75.22 75.63 76.34 75.42 74.94 75.22 75.62 76.66 76.66 76.14 76.51 76.99 76.89 76.69 77.03 77.65 78.16 82.50 84.04 84.22 84.02 83.46 84.23 84.18 84.20 84.12 84.16 84.26 84.18 84.08 84.24 84.27 84.26 84.27 84.22 84.24 84.21 83.90 82.68 80.81 78.21 77.55 77.35 77.27 77.19 76.58 75.99 76.69 76.63 75.90 76.42 76.34 76.34 76.35 75.56 75.34 75.86 75.33 75.74 75.83 75.05 74.56 75.48 76.45 76.60 75.38 75.21 75.84 76.52 76.32 76.56 76.79 76.67 76.62 76.54 75.47 75.50 75.12 75.83 75.40 75.20 75.69 75.51
45°S ||     75.74 75.83 75.64 75.71 76.03 75.98 76.13 76.19 76.34 75.35 75.07 75.77 75.13 74.89 74.99 75.00 76.14 74.90 75.38 75.52 75.25 75.61 76.32 75.14 75.60 75.90 75.68 75.52 75.53 75.48 75.31 75.45 75.38 75.14 75.17 75.12 75.17 75.21 75.35 75.38 74.97 74.85 75.07 74.95 74.92 75.17 75.17 74.92 74.71 74.47 74.37 74.35 74.27 73.67 73.42 74.74 75.24 75.38 75.82 76.13 76.49 76.41 76.87 77.01 76.98 78.24 78.98 81.40 81.00 80.20 79.91 79.49 77.98 77.63 77.37 77.57 76.31 76.26 76.23 77.27 75.83 76.12 75.78 75.73 75.66 75.54 75.55 76.19 76.17 76.05 75.91 76.03 76.30 76.03 75.78 75.90 75.45 75.49 75.44 76.33 74.44 75.25 75.48 75.56 76.30 75.51 76.24 76.52 76.77 76.79 76.91 76.78 77.67 79.97 84.04 84.15 83.67 83.48 84.05 83.87 84.00 83.80 83.83 83.86 83.95 83.79 83.46 84.02 84.22 84.13 84.27 84.25 84.26 84.22 83.87 83.56 81.83 79.07 77.76 77.52 77.26 77.42 74.99 76.67 76.71 76.35 76.53 76.17 75.94 76.41 75.96 75.68 76.04 75.68 75.80 75.36 75.07 75.19 74.51 73.56 75.12 74.83 75.51 76.59 76.70 76.57 75.89 76.73 76.07 76.17 76.55 76.43 75.49 75.55 75.63 74.55 74.61 75.37 75.62 75.50
43°S ||     76.41 75.43 76.56 76.08 76.41 75.99 76.14 76.10 75.82 75.54 75.08 75.19 74.96 74.72 75.14 75.17 75.64 75.73 75.57 75.53 74.92 75.21 75.46 75.48 75.13 75.57 75.70 75.70 74.88 75.26 75.09 75.43 75.49 74.94 75.08 75.07 75.12 75.26 75.50 75.62 74.92 74.63 73.45 73.54 74.50 74.97 74.79 74.51 74.55 74.22 74.07 74.07 73.93 74.02 74.04 74.91 75.00 75.18 75.29 75.73 75.69 75.79 76.32 75.69 77.35 77.20 77.82 77.98 78.25 78.42 78.12 78.09 77.35 77.65 77.47 76.49 76.38 76.62 76.46 76.61 76.33 77.67 75.79 76.06 75.86 75.86 75.68 76.23 76.19 75.88 75.78 76.00 76.08 75.98 75.94 75.65 75.90 75.63 76.03 75.45 75.36 75.50 75.30 74.79 74.86 75.28 76.13 76.94 76.39 76.64 76.76 76.86 77.97 82.29 84.18 84.03 84.03 84.22 84.07 83.68 83.90 83.96 84.15 83.82 83.92 84.11 84.17 84.18 84.15 84.26 84.20 84.23 84.20 83.99 82.93 82.80 81.85 79.80 77.88 77.76 77.54 77.61 77.28 77.21 76.97 76.77 76.52 76.28 76.30 77.02 76.59 76.40 76.31 75.86 75.80 75.41 75.04 75.02 75.12 75.16 74.85 74.95 75.82 76.77 76.95 76.89 76.68 76.55 76.09 76.36 76.33 76.50 74.80 75.80 75.85 76.70 75.41 75.73 76.11 76.04
41°S ||     76.61 76.51 76.55 76.94 76.74 75.91 76.05 75.93 76.62 77.01 77.62 77.45 76.17 75.25 75.58 75.43 74.89 75.22 74.85 75.29 74.86 75.54 75.48 75.48 75.25 74.25 74.90 75.13 75.41 74.86 74.72 75.06 74.85 74.87 74.60 74.97 75.07 75.29 75.36 72.94 72.60 72.41 70.46 70.18 70.26 72.79 72.78 72.78 73.66 74.07 73.71 74.15 73.82 74.01 73.94 73.99 74.08 74.67 75.70 75.48 75.03 74.32 75.96 76.66 76.59 77.20 77.17 77.45 77.82 77.89 77.84 77.38 77.64 76.97 77.05 77.05 76.84 77.78 76.77 76.27 76.54 76.40 76.00 76.01 75.79 75.81 75.96 76.33 76.33 76.16 75.86 76.11 75.78 75.85 75.99 75.39 75.21 75.82 75.76 75.62 75.22 75.32 74.74 74.44 76.32 75.46 75.91 76.53 76.56 76.58 76.82 77.09 77.90 82.34 83.90 84.04 83.88 84.25 83.90 83.88 83.83 84.02 83.72 83.53 84.04 84.15 84.13 84.14 84.24 84.17 84.25 84.25 83.82 83.20 82.80 82.40 81.20 79.47 78.46 77.80 78.17 77.02 76.80 77.10 75.91 76.10 76.55 76.67 76.73 76.67 76.55 76.52 76.55 75.80 75.63 75.56 75.24 75.76 75.71 75.42 75.32 75.23 76.00 76.46 76.61 76.47 76.57 76.47 75.57 76.12 76.13 75.20 75.08 75.98 75.88 75.96 76.04 76.30 76.53 76.12
39°S ||     76.43 76.60 76.26 75.82 76.82 75.80 76.36 76.21 75.35 75.87 77.21 77.20 75.67 75.28 76.00 75.65 75.96 75.39 75.69 75.78 75.97 75.10 76.00 76.00 75.69 75.71 75.45 75.13 75.31 75.18 75.05 72.90 74.16 74.65 74.67 74.89 75.07 75.04 74.23 74.08 73.42 71.99 71.62 71.72 72.12 72.26 72.13 72.41 71.74 72.96 73.77 73.79 73.80 73.89 74.05 74.07 74.33 74.70 74.77 75.35 75.34 75.50 74.93 75.18 76.07 75.36 76.69 77.69 77.56 77.53 77.55 77.54 77.15 76.97 77.13 77.02 76.93 76.72 76.55 76.58 76.52 76.52 76.34 76.13 76.09 75.81 76.24 76.55 76.18 76.10 76.39 76.45 76.35 75.83 76.06 75.65 75.67 75.62 75.59 76.08 75.31 75.53 75.09 75.22 75.11 75.05 75.88 76.38 76.64 76.68 76.67 77.29 77.99 80.62 83.85 83.98 83.58 83.72 84.20 83.95 83.63 83.82 83.63 83.55 83.93 84.11 83.91 84.12 84.05 84.25 84.27 84.04 83.40 82.93 82.11 81.53 81.05 80.29 78.34 77.49 77.36 76.72 76.73 76.60 76.60 76.83 76.94 76.77 75.90 76.60 76.66 76.76 76.49 76.29 75.86 76.17 75.86 75.50 76.19 76.00 75.62 75.44 75.46 75.72 76.14 76.29 76.77 76.56 76.21 76.16 76.32 76.08 76.49 76.36 76.39 76.04 76.20 76.48 76.65 76.79
37°S ||     76.80 76.60 76.62 76.19 77.30 77.02 76.60 75.67 75.08 74.35 74.00 75.12 74.97 75.98 76.44 76.39 76.39 76.39 76.20 76.09 76.07 76.05 75.66 75.91 75.54 75.12 75.23 74.71 74.59 75.21 75.10 74.08 74.27 73.58 74.40 73.41 74.09 71.98 72.14 74.08 71.97 71.12 72.54 72.57 72.47 72.41 72.63 73.42 72.72 72.68 72.42 73.10 73.75 74.28 74.27 74.39 74.25 74.91 75.03 74.80 74.76 75.64 75.59 76.00 76.49 76.40 76.89 77.08 75.46 77.29 76.94 77.02 77.09 77.20 77.07 76.91 76.80 76.78 76.80 76.56 76.30 76.13 75.78 77.25 76.19 75.94 75.96 75.84 76.44 76.12 76.29 76.46 76.41 76.17 75.65 76.00 75.58 75.50 75.98 75.93 75.26 75.22 75.05 75.26 75.48 75.45 76.99 76.00 76.55 76.78 76.84 76.94 77.41 79.99 82.15 84.10 83.65 83.04 82.10 84.00 83.90 83.85 84.19 83.65 84.06 84.03 84.19 84.13 84.17 84.22 84.21 83.81 82.75 82.21 81.34 80.77 79.71 78.42 77.89 77.53 76.89 77.00 76.46 76.49 76.32 76.46 76.78 76.80 76.76 76.60 76.79 76.63 76.53 76.47 76.28 76.32 76.56 76.34 76.21 75.38 75.78 75.70 75.15 75.11 75.96 76.17 76.73 76.27 76.31 76.46 76.63 76.59 76.56 76.54 76.31 76.09 76.82 76.96 76.82 77.20
35°S ||     76.79 77.28 76.63 75.84 76.53 75.83 75.71 75.96 75.24 74.39 74.23 75.18 75.97 76.17 76.35 76.25 76.39 74.75 76.11 76.04 75.97 75.74 75.72 75.53 74.96 75.25 75.06 74.91 74.33 74.51 74.18 74.05 74.17 73.86 74.02 74.23 73.48 71.93 72.07 72.02 71.43 72.55 73.32 73.20 72.85 73.15 72.94 73.02 73.30 73.35 73.13 72.16 73.01 74.16 74.52 74.74 74.72 74.72 74.73 74.82 75.01 75.20 75.16 76.37 76.29 75.58 75.86 76.32 76.22 77.03 76.93 77.08 76.83 76.51 76.66 76.84 76.85 76.83 77.04 76.74 76.35 76.00 76.23 76.03 76.15 75.76 75.65 75.82 75.99 76.09 76.14 76.37 76.28 75.80 75.84 75.81 76.09 76.34 75.62 75.48 75.53 74.87 75.03 75.46 75.67 75.62 75.69 76.11 76.68 76.56 76.54 76.72 77.07 77.31 79.33 82.09 84.07 83.60 82.82 82.56 83.94 83.97 82.26 82.71 84.18 84.08 84.16 84.21 84.17 84.23 84.08 81.97 80.72 80.75 80.20 79.44 79.69 78.38 78.25 78.13 77.17 76.82 75.92 76.47 76.20 76.36 76.52 76.60 76.74 76.82 76.66 76.43 75.71 75.73 75.84 76.19 75.85 75.61 76.00 76.26 75.97 75.57 76.03 76.28 76.08 76.09 75.89 76.17 76.12 75.59 76.66 76.75 76.43 76.36 76.55 76.63 77.15 77.00 76.63 75.95
33°S ||     76.86 76.96 75.84 75.67 75.91 74.96 75.44 74.42 74.47 75.12 75.05 75.34 76.06 76.23 76.53 76.13 76.40 76.43 76.05 76.05 75.23 75.76 75.68 75.66 75.33 75.04 75.07 74.86 74.61 74.32 74.16 73.30 73.73 73.50 73.15 73.37 72.67 71.64 71.47 70.76 71.02 72.62 73.55 73.12 73.92 73.23 74.21 74.29 73.98 74.02 73.33 72.29 71.39 73.16 74.13 74.74 74.69 74.76 74.79 74.75 75.16 75.63 75.46 76.32 76.40 76.45 76.40 76.39 76.30 76.11 76.34 76.86 76.81 76.52 76.92 76.55 77.00 76.77 76.72 76.82 76.59 76.36 76.59 76.23 76.16 76.01 75.95 75.83 75.84 75.95 76.02 75.67 75.94 76.14 75.89 76.04 75.79 76.08 75.77 75.20 75.40 75.20 74.93 75.18 75.47 75.60 75.60 75.52 76.24 76.55 76.40 76.34 76.11 76.48 77.10 78.75 83.25 84.10 83.94 83.29 83.30 82.41 83.91 84.21 84.10 84.09 84.22 84.24 83.92 83.05 82.31 80.31 78.89 78.71 78.58 78.54 79.10 78.70 77.98 77.87 77.48 76.86 76.49 76.37 76.19 76.12 76.31 76.26 76.38 76.52 76.48 76.19 76.03 75.80 75.19 75.07 75.21 75.16 75.93 75.46 75.85 76.14 75.59 75.91 75.76 75.68 76.10 76.26 76.50 76.04 76.24 76.73 75.92 76.48 76.50 76.67 76.81 76.61 76.29 76.26
31°S ||     76.79 76.06 75.93 75.85 75.15 75.26 74.69 75.19 75.35 75.18 75.38 75.42 75.84 76.14 76.42 76.40 76.40 75.90 75.74 76.05 75.61 75.68 75.60 75.52 75.31 75.25 75.03 74.81 74.48 74.14 73.85 73.70 73.65 73.03 72.87 73.48 72.59 71.45 71.62 70.77 71.82 72.69 73.10 73.73 74.00 74.25 74.27 74.50 74.48 74.60 73.55 72.29 72.71 72.81 72.95 72.89 74.35 74.96 74.92 75.26 75.69 76.08 76.31 76.36 76.51 76.45 76.51 76.64 76.56 76.49 76.59 77.32 76.52 76.27 76.46 76.47 76.57 76.69 76.86 76.84 76.90 76.80 76.56 76.57 76.41 76.03 75.73 75.57 75.81 75.87 75.88 75.99 75.71 75.97 76.05 75.95 76.03 75.91 75.88 75.43 75.41 75.92 75.59 75.39 75.68 75.87 75.96 75.66 76.28 76.52 76.74 76.35 76.73 76.64 77.34 77.32 78.72 79.87 80.78 84.12 84.08 83.69 84.26 84.18 84.24 84.20 84.21 84.04 81.14 78.94 80.47 79.75 78.34 78.30 78.13 77.74 77.70 77.97 77.90 77.61 77.52 76.53 76.57 76.27 76.38 75.93 76.08 76.04 76.05 76.14 76.26 76.03 75.80 75.81 75.41 75.32 76.03 75.09 74.89 74.68 75.96 76.31 76.66 76.05 76.24 76.41 76.55 76.44 76.48 76.32 76.17 76.43 76.07 76.38 76.36 76.16 76.37 76.53 76.50 76.44
29°S ||     76.77 76.05 74.61 75.85 75.15 74.98 75.58 75.11 75.47 75.27 75.27 75.52 76.11 76.31 76.41 76.35 76.31 75.16 76.14 76.10 75.88 75.59 75.59 75.46 75.37 75.19 75.02 74.69 74.35 74.06 73.79 73.46 73.25 73.22 73.19 72.38 72.44 71.95 70.49 69.55 71.74 72.88 73.33 73.66 74.03 74.36 74.55 74.68 74.79 74.76 74.69 74.51 73.73 73.73 73.61 72.81 73.11 73.64 74.88 75.20 75.75 76.40 76.51 76.45 76.77 76.48 76.31 76.44 76.66 76.62 76.77 77.04 76.77 76.39 76.64 76.91 76.70 76.67 77.01 76.95 76.89 76.90 76.67 76.78 76.18 76.15 76.00 75.76 75.64 75.85 75.95 76.01 76.15 76.08 76.05 75.97 76.02 75.54 75.93 75.55 76.07 76.14 75.83 75.84 76.11 76.23 76.31 76.22 75.64 76.46 76.18 76.69 76.83 76.93 76.32 76.57 77.59 77.50 78.31 78.35 79.68 79.75 81.75 83.66 82.53 82.90 81.19 81.85 78.84 78.05 77.76 77.50 77.84 77.97 77.78 77.47 77.60 77.58 77.50 77.07 77.02 76.73 76.47 76.32 76.26 76.09 76.04 76.11 76.09 76.12 76.15 75.91 75.89 75.39 75.65 75.17 74.63 74.92 75.76 74.61 75.72 76.19 76.36 75.83 76.39 75.50 76.32 76.51 76.25 76.11 76.31 76.17 75.94 76.08 76.15 76.37 76.20 76.37 76.51 76.68
27°S ||     76.42 75.99 75.95 75.89 75.27 75.14 75.79 74.82 75.32 75.69 75.58 75.99 75.92 76.08 76.41 76.17 76.41 75.55 76.12 75.52 75.55 75.58 75.45 75.42 75.21 75.09 74.94 74.80 74.31 73.98 73.63 73.31 72.91 72.93 72.77 72.97 73.21 71.74 71.45 69.81 72.03 72.94 73.33 73.77 74.14 74.47 74.69 74.84 74.93 75.08 75.04 75.09 74.79 74.11 74.09 74.19 74.49 74.46 74.34 74.31 74.05 75.78 76.55 76.57 76.52 76.53 76.62 76.80 76.58 76.48 76.51 77.08 77.18 77.37 76.93 76.59 76.88 76.90 77.09 77.08 77.06 77.04 76.93 76.68 76.56 76.29 76.37 76.39 76.00 75.88 75.85 76.09 76.12 75.70 75.88 76.03 76.05 75.76 75.76 75.76 76.06 76.29 75.77 76.07 76.28 76.17 76.45 75.83 75.41 75.69 76.33 76.37 76.65 76.46 76.41 76.50 76.48 77.53 77.47 77.65 77.82 77.96 78.18 78.31 78.48 79.12 79.82 79.17 78.88 78.02 77.52 77.83 77.78 77.65 77.27 77.43 75.46 77.49 77.46 76.02 76.58 76.22 76.12 76.11 76.13 76.13 76.11 76.11 75.99 75.94 75.89 75.61 75.08 74.96 74.81 75.13 75.80 74.72 74.83 75.56 75.16 75.67 76.18 76.16 76.59 75.66 76.38 76.12 76.34 76.48 76.40 76.22 75.77 75.53 75.58 76.01 76.02 76.10 76.49 76.55
25°S ||     76.52 75.78 76.18 75.89 75.84 75.80 75.96 76.33 75.76 76.11 75.91 76.51 76.50 76.41 76.51 76.29 76.35 75.93 75.54 76.02 75.64 75.48 75.42 75.27 75.13 74.91 74.75 74.58 74.18 73.71 73.36 73.07 72.80 72.62 72.57 71.87 72.30 72.71 71.46 71.83 72.31 72.89 73.42 73.80 74.05 74.34 74.53 74.78 74.94 74.94 75.11 75.14 74.82 74.38 73.40 74.16 74.49 74.66 74.65 74.47 73.67 75.03 76.30 76.36 76.48 76.49 76.48 75.91 76.16 76.31 76.38 76.41 76.91 77.51 77.67 77.02 77.16 77.24 77.42 77.16 77.16 77.07 77.34 76.96 77.16 76.55 76.64 76.65 76.62 75.97 76.35 76.23 76.49 75.62 76.08 76.04 76.06 75.61 75.26 76.01 76.05 75.93 76.02 76.07 75.93 75.54 76.01 75.33 75.11 75.49 75.81 75.92 76.30 76.14 76.64 77.07 76.75 77.27 77.46 77.61 77.74 77.63 77.55 78.15 77.71 78.62 78.19 77.58 77.46 77.30 77.46 77.22 77.21 77.41 77.22 76.53 76.44 76.76 75.83 76.31 76.15 75.92 75.74 75.78 75.88 75.94 76.23 75.95 75.87 75.72 75.64 75.41 75.00 74.57 74.74 75.04 75.47 74.98 74.41 74.90 74.78 75.24 75.71 76.18 75.78 75.81 76.30 75.79 76.13 76.31 76.28 75.85 75.50 76.13 76.19 75.98 76.13 76.55 76.79 76.46
23°S ||     76.46 76.45 75.91 75.94 75.86 75.99 76.22 76.39 76.54 76.61 76.59 76.55 76.73 76.80 76.52 76.67 75.29 75.63 76.09 75.67 75.66 75.37 75.36 75.25 75.06 74.75 74.51 74.16 73.76 73.38 73.04 72.65 72.45 72.34 72.42 72.36 71.50 71.92 71.41 71.71 72.26 72.87 73.25 73.53 73.81 74.05 74.32 74.56 74.84 74.98 75.26 75.21 75.18 74.78 73.94 74.12 74.46 74.46 74.41 74.00 73.25 75.26 76.14 76.19 75.87 76.07 76.34 75.95 76.33 76.29 76.10 76.58 76.73 77.24 77.39 77.53 77.08 77.22 77.11 77.28 77.27 77.18 77.20 77.43 77.09 76.76 76.87 76.97 76.84 75.76 76.43 76.23 76.52 76.56 76.59 76.12 76.03 77.06 75.95 75.56 75.74 75.53 75.32 75.17 75.48 75.94 75.16 75.11 74.80 75.43 75.70 76.16 76.04 75.67 75.63 75.91 76.50 76.73 76.98 77.16 77.52 77.31 77.54 77.72 77.73 78.08 77.68 77.31 77.30 77.16 76.84 76.90 77.06 77.15 76.42 75.85 75.16 75.36 75.78 76.10 75.85 75.62 75.25 75.40 75.73 75.83 75.89 75.97 75.66 75.58 75.49 75.41 75.62 75.46 75.54 74.95 75.48 74.97 74.56 74.93 74.50 75.42 75.67 75.94 75.93 76.12 76.02 76.17 76.07 76.65 76.06 76.95 76.04 76.13 76.21 76.15 75.97 76.62 76.94 76.44
21°S ||     76.22 76.33 75.93 75.95 75.92 75.94 76.28 76.93 76.65 76.56 76.43 76.48 76.59 76.42 76.55 76.64 76.27 75.90 75.94 75.72 75.53 75.33 75.27 75.10 74.90 74.67 74.26 73.78 73.24 72.81 72.50 72.15 71.93 71.91 72.08 71.58 71.78 71.05 71.22 71.77 72.18 72.62 72.90 73.18 73.50 73.74 74.07 74.31 74.58 74.80 74.93 75.12 75.14 74.70 74.15 74.45 74.01 74.31 73.96 73.57 73.63 73.99 76.00 75.96 76.04 75.89 76.25 76.36 76.30 76.33 76.46 76.44 76.67 76.92 77.41 77.65 77.37 77.23 77.36 77.41 77.33 77.28 77.23 77.40 77.30 77.41 76.97 77.00 76.82 76.47 76.34 76.51 76.66 76.72 76.34 76.21 76.05 75.71 75.66 75.85 75.96 76.07 75.08 75.47 75.75 75.65 75.89 74.90 74.81 75.28 75.75 75.35 75.85 75.84 75.92 76.19 76.32 76.72 76.80 77.17 77.30 77.43 77.08 77.61 77.34 77.25 77.33 76.42 76.83 76.84 76.73 76.58 76.98 76.44 76.01 75.73 74.53 74.69 75.59 75.44 75.65 75.61 75.19 74.82 75.74 75.85 75.85 75.87 75.85 75.59 75.30 75.03 74.73 75.05 75.85 75.05 75.24 75.17 74.64 75.40 75.26 75.46 75.33 75.31 75.95 76.10 76.34 76.11 75.82 76.59 76.71 76.38 76.44 76.70 76.60 76.10 75.71 76.27 76.29 76.05
19°S ||     75.41 75.76 75.79 75.61 76.01 76.29 76.62 77.23 77.20 76.87 76.74 76.48 76.59 76.56 76.74 76.55 76.31 76.23 75.76 75.71 75.52 75.27 75.12 74.84 74.66 74.39 73.99 73.29 72.42 71.97 71.69 71.56 71.42 71.56 71.80 70.20 71.47 70.95 71.11 71.43 71.64 72.03 72.34 72.64 73.02 73.38 73.75 74.03 74.36 74.57 74.70 74.79 74.93 74.84 74.36 73.90 73.87 73.83 73.95 73.82 73.42 74.87 75.73 75.66 75.86 76.03 76.39 76.42 76.48 76.27 76.42 76.62 76.89 77.26 77.79 77.81 77.74 77.26 77.43 77.44 77.64 77.39 77.30 77.27 77.47 77.53 77.15 76.91 76.93 77.01 76.84 76.70 76.75 76.66 76.28 76.38 76.02 75.93 76.18 75.45 75.85 75.95 75.28 75.67 75.24 75.60 74.89 74.70 75.24 75.27 75.06 75.45 75.43 75.64 75.77 75.95 75.99 75.93 76.00 76.91 77.08 77.10 77.18 77.17 76.99 76.98 76.58 76.59 76.67 76.57 76.52 76.02 75.84 76.12 75.82 75.49 75.00 74.83 75.27 75.48 75.77 75.77 75.96 75.93 75.76 75.79 75.80 75.81 75.65 75.53 75.74 75.16 74.77 74.88 75.33 75.47 75.34 75.54 75.00 75.44 75.55 75.35 75.23 75.14 75.73 75.75 75.62 75.54 76.25 76.64 76.88 77.00 77.08 77.26 76.98 77.03 76.89 76.63 76.71 75.46
17°S ||     75.46 75.47 75.64 76.04 76.07 76.32 76.97 77.10 77.08 77.00 76.86 76.61 76.68 76.09 76.66 77.03 76.43 76.41 76.05 75.65 75.49 75.28 74.88 74.56 74.35 74.04 73.55 72.43 71.49 70.92 70.84 70.94 71.13 71.31 70.98 70.34 70.76 70.99 70.86 70.75 70.88 71.30 71.73 72.04 72.56 72.98 73.38 73.67 74.02 74.31 74.42 74.62 74.61 74.66 74.25 73.84 73.28 73.29 73.84 73.70 73.42 75.01 75.67 75.06 75.51 77.90 78.80 77.58 76.36 76.51 76.08 76.54 76.82 77.11 77.78 77.73 77.77 77.24 77.48 77.31 77.47 77.40 77.42 77.41 77.44 77.40 77.25 77.25 77.19 77.02 76.70 76.76 76.77 76.64 76.45 76.43 76.08 76.14 75.80 76.45 75.96 75.72 75.31 75.31 75.30 75.24 75.36 74.84 75.37 75.33 75.49 75.30 75.09 75.08 75.41 75.47 75.66 76.28 76.36 75.88 76.41 76.31 76.51 76.54 76.45 76.85 76.76 76.74 76.63 76.51 75.97 76.04 74.97 75.37 75.51 75.34 74.73 74.75 75.31 75.56 75.85 75.85 75.95 76.03 75.81 75.75 75.70 75.62 75.56 75.29 75.44 75.33 74.97 75.10 74.95 75.03 75.30 75.53 75.29 75.85 75.52 75.48 75.24 75.04 76.07 75.09 75.43 75.69 76.26 76.84 76.98 77.15 77.15 77.29 77.40 77.08 77.11 76.87 77.10 76.50
15°S ||     76.76 75.48 76.41 76.16 76.50 76.70 77.42 77.32 76.94 77.01 77.00 76.63 76.46 76.51 76.68 76.99 75.62 76.47 76.69 75.77 75.56 75.23 74.92 74.60 74.19 73.66 72.78 71.34 69.87 69.43 69.90 70.50 70.69 70.97 71.13 71.07 71.28 71.32 70.61 70.27 70.24 70.84 71.22 71.56 72.09 72.69 73.10 73.41 73.62 73.78 73.77 74.17 74.35 74.32 73.95 73.81 73.39 74.40 73.63 74.56 74.96 77.66 78.48 78.91 79.33 78.99 78.36 79.18 79.10 76.64 76.52 77.01 76.94 77.05 77.56 77.54 77.67 77.53 77.41 77.37 77.41 77.42 77.38 77.51 77.38 77.33 77.34 77.23 77.15 77.09 77.15 76.99 76.87 76.59 76.45 76.47 76.38 76.18 75.68 76.18 75.54 75.66 75.53 75.18 75.31 75.03 75.18 75.15 75.00 75.08 75.49 74.99 74.81 74.78 74.87 74.51 75.46 76.25 76.28 76.31 75.85 76.33 76.31 76.20 76.45 76.63 76.57 76.78 76.26 75.90 75.71 74.82 74.73 74.80 75.10 74.96 74.70 74.88 74.93 75.37 75.68 75.88 75.81 75.82 75.92 75.79 75.56 75.65 75.31 75.49 75.30 75.52 74.89 74.57 75.56 75.74 75.04 75.68 75.74 75.47 75.53 75.40 75.03 75.27 75.74 75.88 75.74 75.77 76.04 77.01 77.23 77.69 77.48 77.40 77.06 77.50 77.24 77.67 76.43 76.59
13°S ||     76.88 76.82 76.55 76.28 76.51 76.90 77.22 77.46 77.34 77.44 77.24 76.87 76.76 76.91 76.89 76.96 76.52 76.49 76.35 76.02 75.70 75.31 74.96 74.60 74.08 73.41 72.40 70.37 68.10 67.63 68.90 70.04 70.41 70.51 70.60 71.33 71.09 71.05 70.44 70.16 70.21 71.50 70.72 71.24 71.79 72.32 72.85 73.16 73.40 73.57 73.59 74.34 73.70 74.95 78.01 77.53 77.49 75.44 79.12 79.68 77.78 75.07 74.97 75.23 77.99 78.18 77.59 77.63 75.94 78.63 76.77 76.83 77.05 77.21 77.28 77.52 77.46 77.65 77.77 77.46 77.42 77.43 77.41 77.41 77.28 77.32 77.42 77.28 77.13 77.32 77.21 77.14 76.98 76.76 77.03 76.65 76.48 76.25 76.11 76.12 76.09 75.81 75.44 75.23 75.03 75.51 75.08 75.06 74.93 74.85 74.87 75.03 74.61 75.00 74.88 75.12 75.14 75.95 76.14 75.99 76.06 76.29 76.18 76.16 75.87 76.34 76.40 76.41 76.20 76.00 74.97 74.72 74.41 74.95 74.84 75.07 74.63 74.81 75.49 75.51 75.99 75.85 75.95 75.85 75.89 75.80 75.42 75.24 75.17 75.24 75.20 74.97 75.37 74.89 75.78 75.75 75.22 75.21 75.57 75.68 75.38 75.48 75.09 74.95 75.30 76.24 76.29 76.45 76.80 77.26 77.42 77.57 77.61 77.55 77.52 77.62 77.70 77.56 77.70 77.56
11°S ||     77.69 77.47 77.75 77.77 77.08 77.07 77.26 77.49 77.35 77.35 77.24 77.19 77.23 76.93 77.11 77.01 76.94 76.66 76.49 76.18 75.82 75.52 75.03 74.59 73.92 73.28 72.35 70.59 68.17 66.30 67.31 70.02 70.30 70.31 70.22 70.91 70.84 70.53 70.05 69.80 70.29 70.66 70.59 71.13 71.60 72.04 72.77 72.98 73.20 73.42 73.27 73.97 77.21 77.73 79.85 79.95 76.08 72.62 72.40 73.51 74.23 74.45 74.76 74.99 75.48 75.35 75.55 76.88 76.22 76.41 78.98 77.31 78.96 77.57 77.37 77.83 77.79 77.59 77.70 77.73 77.47 77.48 77.51 77.44 77.47 77.43 77.56 77.37 77.42 77.27 77.28 77.42 77.02 76.89 76.71 76.72 76.76 76.41 75.24 75.66 76.13 76.20 75.71 75.46 75.35 75.02 74.98 75.06 74.83 74.87 75.30 74.98 75.07 74.77 75.03 75.18 75.10 75.35 75.74 75.52 75.67 75.95 75.91 75.82 75.49 76.27 76.21 76.43 76.18 76.15 75.86 75.06 74.49 74.73 74.68 75.23 74.88 75.34 75.69 75.71 76.11 76.00 75.81 75.89 75.90 75.85 75.71 75.76 75.48 75.45 75.29 74.92 74.51 75.01 74.93 75.18 75.59 75.69 75.41 75.85 75.57 76.07 76.32 75.99 76.20 77.19 76.37 76.76 76.97 77.36 77.48 77.51 77.70 77.64 77.74 77.81 77.82 77.45 77.56 77.36
9°S ||     77.18 77.37 77.34 77.59 77.76 77.21 77.50 77.34 77.51 77.58 77.33 77.41 77.25 77.18 77.19 77.03 77.02 76.81 76.65 76.30 76.04 75.60 75.24 74.71 74.14 73.42 72.56 71.74 68.55 65.10 65.09 68.92 70.16 70.17 70.24 70.12 70.57 70.34 70.38 70.05 70.19 70.85 72.61 74.32 73.11 72.08 72.69 73.30 73.24 73.66 77.33 78.19 78.09 79.64 77.62 73.16 72.22 74.21 72.86 74.17 74.44 74.60 75.29 75.20 75.67 75.86 77.16 76.30 78.02 76.61 79.06 79.02 79.30 78.39 78.13 77.83 77.47 77.62 77.64 78.05 77.72 77.45 77.54 77.57 77.53 77.55 77.67 77.41 77.44 77.44 77.57 77.17 77.18 77.12 76.89 76.65 76.73 76.52 75.95 75.86 76.17 75.92 75.58 75.75 75.71 75.29 74.99 75.37 76.45 76.76 75.08 75.38 75.20 75.30 75.25 75.10 75.13 75.22 75.49 75.56 75.54 75.35 75.58 75.38 75.34 75.48 75.76 76.11 76.16 76.15 75.81 75.39 74.50 75.36 75.37 74.78 75.65 75.90 75.30 75.75 76.07 76.09 76.21 76.00 75.99 75.77 75.67 76.07 75.96 75.55 74.77 75.00 74.52 75.29 75.72 75.54 75.75 76.15 75.73 75.93 76.39 77.18 77.41 77.02 76.98 77.41 77.38 77.27 77.43 77.47 77.56 77.66 77.75 78.17 77.91 77.89 77.41 75.93 77.54 77.45
7°S ||     77.50 77.47 77.40 77.40 78.00 77.85 77.59 77.63 77.89 77.72 77.64 77.48 77.37 77.34 77.33 77.37 77.31 77.03 76.79 76.52 76.19 75.80 75.42 74.84 74.27 73.73 73.03 72.42 69.16 66.21 66.91 68.34 69.80 70.06 70.25 70.48 70.03 70.05 70.49 70.05 73.51 73.86 71.08 75.16 74.37 74.40 74.80 77.04 76.65 75.79 74.42 72.88 75.71 79.37 77.31 77.70 78.00 74.95 74.00 74.65 74.78 74.80 75.13 75.31 76.49 77.78 77.74 77.44 75.93 76.11 77.72 79.11 78.98 78.43 78.77 78.33 78.07 77.53 77.51 77.64 77.69 77.61 77.65 77.51 77.56 77.50 77.41 77.34 77.30 77.38 77.34 77.42 77.17 77.12 77.10 77.15 77.16 76.71 76.25 76.40 75.56 75.51 75.67 75.75 75.03 75.52 75.68 75.36 75.34 75.38 75.59 75.55 75.70 74.97 75.08 75.09 75.08 75.61 75.66 75.47 75.07 74.90 75.01 74.78 75.23 75.77 75.53 75.69 76.12 76.12 76.01 75.88 74.87 74.78 75.22 75.45 75.50 75.60 75.45 75.83 76.10 76.02 76.30 76.24 76.18 76.22 76.31 76.33 76.29 76.54 74.55 74.38 74.56 75.28 74.81 76.08 77.19 76.64 76.75 76.70 77.18 77.38 77.33 77.23 77.56 77.72 77.59 77.70 77.72 77.70 77.73 77.72 77.81 77.94 78.07 78.07 77.80 77.67 77.62 77.50
5°S ||     77.54 77.62 77.69 77.66 77.53 78.03 77.98 77.98 78.08 77.77 77.63 77.34 77.44 77.53 77.65 77.73 77.73 77.51 76.90 76.89 76.50 76.16 75.73 75.16 74.66 74.10 73.53 72.60 71.39 69.78 68.52 68.76 69.78 69.93 70.32 70.59 70.57 71.62 70.86 70.22 70.58 70.89 71.35 75.80 73.99 76.16 73.91 74.88 73.94 73.15 72.70 75.85 76.75 77.30 76.62 73.20 73.58 74.76 77.30 77.10 75.03 75.19 75.30 75.36 76.07 75.68 76.44 75.93 76.03 76.31 76.85 77.35 78.33 77.21 77.18 78.27 78.42 78.14 77.36 77.48 78.01 77.77 77.73 77.65 77.60 77.49 77.38 77.40 77.50 77.43 77.35 77.31 77.38 77.07 77.11 77.21 77.16 77.14 76.87 76.95 76.24 75.32 75.52 75.70 76.03 75.73 75.61 75.54 75.66 75.47 76.04 76.11 75.95 75.19 75.01 75.07 74.82 75.04 74.77 75.35 75.03 75.37 75.12 75.14 75.40 75.20 75.79 75.41 75.96 76.03 75.88 75.33 75.46 74.93 75.40 75.58 75.91 75.82 75.93 76.05 75.93 76.16 76.61 76.65 76.45 76.42 77.02 76.77 76.34 76.11 75.53 75.07 75.88 75.78 75.67 76.20 77.62 77.21 78.52 77.63 77.47 77.30 77.27 77.60 77.60 77.82 77.83 77.79 77.79 77.85 77.89 77.87 78.00 78.00 78.00 78.04 78.06 77.91 77.77 77.64
3°S ||     77.66 77.63 77.77 77.80 77.71 78.26 78.28 78.15 77.88 78.00 77.49 77.09 77.64 78.05 78.00 78.10 77.43 76.93 77.49 77.22 76.98 76.46 76.33 75.76 75.11 74.53 73.99 73.05 72.33 71.02 70.05 69.88 69.60 69.59 70.41 70.86 71.20 71.38 71.41 70.98 70.77 71.36 71.75 72.65 72.96 73.01 73.65 73.69 73.50 73.18 72.93 72.70 73.21 75.37 74.87 73.75 74.37 74.90 75.24 77.85 75.00 75.73 75.69 75.90 76.05 76.16 77.06 76.47 76.61 76.91 77.10 77.24 78.95 77.50 77.43 78.05 77.82 77.93 77.58 77.63 77.73 77.74 78.01 77.78 77.63 77.55 77.62 77.51 77.50 77.47 77.43 77.35 77.29 77.27 77.17 77.14 76.78 77.15 77.14 77.18 76.47 75.90 75.72 75.88 76.16 75.70 75.83 76.01 75.94 75.94 76.17 76.17 75.87 75.56 75.37 74.91 74.60 75.84 75.59 75.39 75.29 75.41 75.23 75.60 75.07 75.43 75.18 75.87 75.93 76.15 75.71 75.86 75.75 75.61 76.03 76.67 75.67 76.33 76.20 75.93 76.18 76.24 76.89 76.89 76.53 77.13 76.98 76.58 76.28 75.99 75.42 75.63 75.51 75.70 75.92 76.75 77.57 77.62 77.64 77.42 77.68 77.62 77.59 77.55 77.66 77.84 77.75 77.62 77.97 78.00 77.98 78.06 78.09 78.13 78.13 78.13 78.09 78.02 77.83 77.80
1°S ||     77.85 77.81 77.85 77.97 78.03 78.29 78.30 78.12 78.02 77.68 77.39 76.97 77.73 78.01 78.23 77.81 77.49 77.68 77.61 77.25 77.13 76.91 76.66 76.21 75.65 74.86 74.20 73.46 72.75 72.00 70.96 70.39 69.04 67.61 70.60 71.05 71.33 71.61 71.77 71.80 71.85 72.71 73.07 73.39 73.65 74.21 74.53 74.75 75.01 75.20 74.52 75.94 78.07 73.76 73.90 74.19 75.04 75.38 75.46 76.57 75.76 76.02 76.03 76.02 76.26 76.36 76.34 77.05 77.16 77.16 77.94 77.28 78.60 78.72 77.68 77.69 77.60 77.63 77.67 77.82 78.18 78.00 77.93 77.67 77.70 77.68 77.61 77.51 77.45 77.43 77.47 77.53 77.38 77.34 77.21 77.15 76.69 77.13 77.12 77.16 76.50 76.32 76.15 75.95 76.16 76.09 76.04 76.21 76.25 76.31 76.44 76.41 75.74 75.50 75.46 75.11 74.80 75.87 75.64 75.60 75.63 75.22 75.29 75.09 75.46 75.53 75.72 75.86 76.42 76.28 75.94 75.41 75.92 76.03 76.60 76.60 76.39 77.10 76.24 76.07 76.28 76.42 76.95 76.99 77.04 77.17 77.08 76.19 76.47 76.01 75.87 75.96 76.60 76.66 76.97 77.60 77.78 77.87 77.75 77.73 77.93 77.84 77.68 77.66 77.85 77.78 77.59 77.78 77.95 78.02 78.04 78.07 78.08 78.13 78.15 78.14 78.04 78.06 77.96 77.88
1°N ||     77.90 77.83 77.95 78.14 78.08 78.18 78.30 78.53 78.04 77.78 77.45 77.46 77.93 78.25 78.24 78.02 77.87 77.77 77.20 77.50 77.27 77.27 76.69 75.99 75.44 75.28 74.59 73.66 72.83 72.54 72.10 71.54 69.42 66.93 67.83 71.31 71.48 71.62 71.95 72.29 72.70 73.03 73.28 73.60 74.01 74.52 74.86 75.22 75.77 76.12 74.71 73.66 73.48 73.89 74.22 74.84 75.30 75.74 75.79 76.21 75.94 76.18 76.80 76.17 76.30 76.43 76.29 77.43 76.82 77.08 77.36 78.47 79.29 79.20 77.48 77.59 77.61 77.66 77.50 78.19 77.53 78.13 77.78 77.63 77.83 77.76 77.62 77.50 77.56 77.45 77.44 77.51 77.41 77.40 77.37 77.20 77.14 76.85 76.88 76.72 76.69 76.75 76.54 76.65 76.23 76.01 76.06 76.56 76.41 76.38 76.35 75.96 76.08 75.95 75.53 75.33 75.66 75.63 75.33 75.75 75.54 75.38 75.47 75.51 75.50 75.61 75.80 76.05 76.09 76.30 76.70 76.53 76.95 76.92 76.96 76.95 76.69 76.66 76.85 76.59 76.97 77.03 77.25 77.23 77.28 77.03 76.51 76.46 76.51 76.20 76.44 76.80 77.38 77.53 77.56 77.61 77.79 77.88 77.83 77.92 77.84 77.84 77.77 77.89 77.87 77.79 77.69 77.90 77.97 78.01 78.05 78.08 78.09 78.12 78.13 78.13 78.15 78.10 78.06 78.00
3°N ||     78.17 78.11 78.16 78.24 78.35 78.40 78.37 78.29 78.20 77.78 77.68 77.72 78.27 78.38 78.35 78.17 78.06 77.52 77.41 77.66 77.53 77.02 76.48 75.78 75.10 75.86 75.09 73.06 72.85 72.94 72.79 72.92 72.43 69.14 70.59 71.58 71.35 71.48 71.99 72.47 72.89 73.13 73.32 73.30 74.40 74.85 75.35 75.69 76.02 76.63 76.69 75.28 74.67 74.92 75.33 75.68 75.91 76.02 76.10 76.39 76.30 76.18 75.90 76.84 76.94 76.58 76.72 77.10 77.16 77.34 77.43 77.54 78.68 78.83 78.47 78.14 78.20 78.04 77.94 77.92 77.66 77.59 77.79 77.70 77.64 77.82 77.59 77.45 77.51 77.51 77.57 77.51 77.47 77.41 77.35 77.22 77.20 77.01 77.12 76.98 76.97 76.98 76.96 76.76 76.75 76.20 76.47 76.83 77.13 76.32 76.46 76.20 75.81 75.77 75.62 76.03 75.82 75.81 75.49 75.78 75.60 75.45 75.42 75.56 75.58 75.66 75.90 76.05 76.30 76.42 77.15 77.43 77.60 77.69 77.94 77.67 77.09 77.00 76.86 77.10 77.13 77.27 77.36 77.27 77.22 76.83 76.78 76.63 76.50 76.19 76.98 77.61 77.55 77.45 77.50 77.76 77.83 77.89 77.91 77.95 77.81 77.94 77.89 77.93 77.92 77.83 77.87 77.95 77.98 78.00 78.02 78.07 78.09 78.10 78.10 78.12 78.14 78.16 78.17 78.19
5°N ||     78.15 78.23 78.51 78.27 78.42 78.45 78.39 78.36 78.27 78.02 77.92 77.86 78.39 78.50 78.50 78.38 77.86 77.41 77.82 77.74 77.42 76.64 76.04 75.61 75.90 76.02 75.77 74.47 72.96 72.84 73.05 73.48 73.74 73.40 72.50 71.88 71.14 70.97 72.11 72.72 73.14 73.36 73.47 73.23 74.60 75.40 75.78 76.06 76.43 76.95 77.16 75.73 75.71 76.03 76.24 76.41 76.38 76.42 76.47 76.62 76.88 76.48 76.09 76.25 76.52 76.94 77.12 77.21 77.25 77.46 77.69 78.50 77.70 78.21 78.76 78.39 78.00 77.71 77.64 77.67 77.57 77.71 77.62 77.69 77.84 77.68 77.65 77.49 77.54 77.50 77.47 77.49 77.34 77.31 77.29 77.28 77.25 77.27 77.17 77.00 76.98 76.98 76.90 76.96 76.88 76.85 76.90 76.81 76.88 76.17 76.33 75.57 75.76 75.65 75.84 75.68 75.70 75.84 75.76 75.74 75.60 75.47 75.37 75.42 75.99 75.73 75.88 76.16 76.47 76.88 77.41 78.62 78.76 78.76 78.72 78.54 78.29 77.53 77.38 77.32 77.30 77.46 77.38 77.22 77.24 76.92 76.76 76.78 76.31 76.39 77.59 77.53 77.62 77.64 77.70 77.72 77.85 77.90 77.94 77.95 77.92 77.90 77.93 77.93 77.94 77.94 77.95 77.94 77.98 77.99 77.99 78.03 78.06 78.08 78.09 78.12 78.14 78.15 78.17 78.20
7°N ||     78.18 78.24 78.29 78.32 78.41 78.44 78.44 78.42 78.36 78.18 78.00 78.23 78.51 78.59 78.61 78.40 77.78 78.02 77.97 77.75 77.22 76.74 76.83 76.59 76.43 76.36 76.02 75.19 72.54 72.69 73.04 73.87 74.15 73.88 73.22 72.32 70.21 70.20 72.58 73.08 73.37 73.56 73.68 73.95 75.14 75.54 75.87 76.22 76.56 76.89 77.17 77.21 76.33 76.31 76.31 76.35 76.50 76.65 76.77 76.87 76.92 76.73 76.28 76.71 77.05 77.12 77.30 77.37 77.41 77.55 77.75 78.52 78.83 78.50 78.71 77.74 77.70 77.66 77.96 78.08 77.94 77.67 77.71 77.77 77.68 77.56 77.57 77.48 77.54 77.44 77.50 77.46 77.44 77.50 77.28 77.22 77.16 77.27 77.10 76.88 76.88 76.93 77.01 76.88 76.84 77.01 76.62 77.13 76.88 76.92 76.49 76.10 76.00 75.49 75.60 75.70 75.59 75.75 75.75 75.78 75.55 75.61 75.38 75.92 76.30 75.63 75.88 76.23 76.87 77.54 78.53 78.84 78.80 78.79 78.78 78.71 78.67 78.28 77.56 77.54 77.58 77.49 77.30 77.34 76.92 76.63 76.74 77.03 76.79 76.76 77.51 77.67 77.71 77.77 77.84 77.79 77.91 77.94 77.91 77.94 77.96 77.91 77.93 77.92 77.95 77.95 77.94 77.94 77.94 77.95 77.97 77.94 78.02 78.06 78.05 78.11 78.15 78.17 78.18 78.20
9°N ||     78.23 78.36 78.19 78.24 78.42 78.42 78.44 78.41 78.49 78.23 78.07 78.44 78.61 78.66 78.63 78.23 78.03 78.21 77.94 77.54 77.45 77.28 77.19 77.05 76.86 76.57 76.26 75.32 73.11 72.99 73.58 74.44 74.42 74.61 74.14 72.77 69.60 67.90 71.86 73.37 73.54 73.77 74.00 74.40 75.05 75.54 75.93 76.31 76.58 76.92 77.17 77.22 77.06 76.53 76.46 76.48 76.60 76.75 76.86 76.99 77.11 77.03 76.86 76.91 77.07 77.33 77.55 77.57 77.61 77.86 78.45 78.52 78.41 78.76 77.88 77.87 77.92 77.86 78.06 77.72 77.73 77.69 77.66 77.72 77.77 77.66 77.61 77.70 77.62 77.64 77.52 77.48 77.40 77.45 77.36 77.51 77.26 77.17 77.12 77.14 77.09 76.78 76.58 76.50 76.93 77.06 77.11 76.73 76.67 76.52 76.47 76.46 76.29 76.45 76.13 75.83 75.69 75.72 75.72 75.42 75.62 75.55 75.26 76.55 75.74 75.62 76.01 76.48 77.12 77.92 78.65 78.87 78.89 78.87 78.82 78.77 78.72 78.55 78.14 77.85 77.70 77.73 77.29 77.10 77.08 77.01 77.28 77.42 77.31 77.32 77.61 77.77 77.91 77.76 77.89 77.95 77.91 77.90 77.86 77.87 78.18 77.83 77.81 77.85 77.91 77.94 77.88 77.91 77.86 77.89 77.90 78.00 78.01 78.05 78.02 78.10 78.14 78.17 78.19 78.19
11°N ||     78.26 78.26 78.30 78.29 78.46 78.47 78.52 78.50 78.62 78.55 78.44 78.69 78.72 78.70 78.66 78.60 78.24 78.26 77.93 77.66 77.55 77.46 77.28 77.07 76.83 76.60 76.16 75.28 74.48 74.79 74.70 74.68 74.69 74.70 74.80 74.69 70.25 64.95 66.42 73.35 73.70 73.95 74.24 74.61 75.04 75.59 76.07 76.38 76.70 76.91 77.12 77.23 77.21 76.71 76.61 76.60 76.71 76.86 76.93 77.04 77.14 76.94 76.86 77.16 77.35 77.49 77.71 77.82 77.93 77.86 78.69 78.55 77.85 78.77 78.52 77.84 78.47 77.77 77.71 77.83 77.70 77.67 77.60 77.57 77.66 77.69 77.78 77.69 77.67 77.64 77.52 77.49 77.50 77.51 77.58 77.35 77.48 77.16 77.22 77.26 77.17 77.13 76.87 76.53 77.04 76.97 77.50 76.92 77.24 76.45 76.65 76.60 76.55 76.71 76.41 75.91 75.67 75.91 76.11 75.57 75.75 75.65 75.44 75.32 75.50 75.93 76.29 76.75 77.41 78.07 78.84 78.90 78.95 78.88 78.78 78.77 78.67 78.61 78.29 77.94 77.82 77.32 77.46 77.35 77.20 77.47 77.63 77.70 77.70 77.72 77.81 77.90 78.00 78.02 77.94 77.99 77.94 77.94 77.83 77.78 77.71 77.64 77.67 77.70 77.74 77.78 77.79 77.80 77.82 78.06 77.62 77.90 77.98 77.99 77.99 78.12 78.15 78.14 77.93 78.17
13°N ||     78.17 78.30 78.06 78.07 78.43 78.42 78.53 78.59 78.63 78.67 78.73 78.79 78.78 78.77 78.74 78.61 78.48 78.21 77.63 77.67 77.59 77.38 77.23 77.11 76.80 76.50 76.19 75.80 75.02 75.01 74.87 74.84 74.83 74.92 75.11 75.29 74.54 66.79 67.95 72.46 73.50 74.18 74.55 74.81 71.87 75.84 76.22 76.50 76.76 76.91 77.15 77.22 77.24 76.77 76.70 76.76 76.86 76.95 77.02 77.09 77.12 77.16 77.26 77.18 77.45 77.76 77.88 78.00 78.05 78.51 78.62 78.56 78.09 78.03 77.91 78.38 77.99 77.91 77.69 77.56 77.56 77.67 77.60 77.65 77.64 77.64 78.76 77.66 78.12 77.61 77.49 77.52 77.53 77.64 77.61 77.32 77.34 77.38 77.43 77.45 77.41 77.08 76.96 77.02 77.10 77.20 77.09 77.25 77.51 76.86 76.85 77.07 76.74 76.66 76.53 76.33 76.09 76.20 76.32 76.25 76.09 75.77 75.68 75.71 75.80 76.03 76.46 77.01 77.58 78.13 78.84 78.88 78.87 78.83 78.77 78.75 78.70 78.63 78.39 78.04 77.91 77.61 77.65 77.69 77.68 77.73 77.71 77.90 77.82 77.94 77.99 78.03 78.12 78.18 78.20 78.07 78.04 77.91 77.75 77.56 77.36 77.25 77.41 77.42 77.54 77.62 77.65 77.74 77.73 77.75 77.77 77.69 77.98 77.96 78.01 78.03 78.12 78.14 77.69 78.04
15°N ||     78.22 78.31 78.33 78.50 78.47 78.40 78.57 78.68 78.70 78.75 78.81 78.90 78.88 78.86 78.86 78.70 78.22 77.96 77.70 77.68 77.27 74.40 69.86 69.27 71.66 76.39 76.08 75.95 75.68 75.18 75.08 74.96 74.97 75.04 75.13 75.24 75.27 74.02 72.00 72.39 73.71 74.37 74.80 75.05 75.51 76.12 76.35 76.60 76.77 76.90 77.11 77.22 77.27 76.84 76.84 76.83 76.91 77.02 77.09 77.10 77.15 77.15 77.11 77.34 77.78 77.92 78.02 78.10 78.13 78.45 78.66 78.59 78.32 78.15 78.39 78.11 78.13 77.91 77.83 77.79 77.91 77.67 77.39 78.25 77.69 77.65 77.68 77.64 77.65 77.67 77.98 77.72 77.56 77.52 77.53 77.43 77.46 77.50 77.53 77.60 77.50 77.48 77.19 77.13 77.20 77.21 77.09 77.53 77.36 76.68 76.90 76.93 76.97 77.00 76.60 76.53 76.31 76.15 76.23 76.23 76.04 76.14 75.96 76.03 76.14 76.32 76.64 77.25 77.78 78.76 78.80 78.75 78.85 78.79 78.74 78.71 78.65 78.60 78.41 78.11 77.97 77.90 77.83 77.80 77.78 77.80 77.84 77.90 78.03 78.06 78.12 78.18 78.19 78.24 78.26 78.23 78.07 77.88 77.62 77.37 77.15 77.01 76.84 77.02 77.16 77.44 77.55 77.63 77.64 77.69 77.72 77.74 77.84 77.93 77.96 78.03 78.04 78.15 77.89 78.68
17°N ||     78.25 78.36 78.40 78.51 78.16 78.52 78.55 78.63 78.75 78.79 78.86 78.93 78.96 78.95 78.99 78.37 78.07 78.02 77.81 77.82 76.78 68.96 65.33 64.25 66.94 73.92 76.04 75.98 76.19 75.68 75.38 75.10 75.02 75.08 75.15 75.26 75.28 75.07 73.96 73.84 74.34 74.58 74.87 75.15 75.58 76.15 76.46 76.69 76.84 76.96 77.05 77.27 77.23 76.69 76.73 76.94 76.98 77.05 77.09 77.13 77.17 77.25 77.38 77.68 77.82 78.03 78.14 78.28 78.47 78.53 78.42 78.56 78.50 78.36 78.42 78.22 77.97 78.01 77.96 77.77 77.70 77.53 77.74 78.07 77.62 77.66 77.68 78.52 77.68 77.81 77.69 77.67 77.53 77.50 77.57 77.63 77.58 77.59 77.59 77.67 77.66 77.57 77.37 77.30 77.46 77.44 77.44 77.41 77.02 76.84 76.98 77.00 76.88 76.74 76.68 76.59 76.37 75.78 76.11 76.22 76.26 76.25 76.19 76.26 76.34 76.50 77.09 77.34 77.84 78.61 78.75 78.78 78.76 78.72 78.71 78.70 78.65 78.52 78.40 78.24 78.10 78.13 78.03 78.02 78.01 78.08 78.10 78.13 78.18 78.23 78.28 78.28 78.29 78.36 78.33 78.32 78.18 77.85 77.62 77.21 76.92 76.60 76.36 76.37 76.70 77.29 77.48 77.52 77.52 77.59 77.67 77.76 77.84 77.91 77.90 77.99 78.17 78.16 78.10 78.36
19°N ||     78.24 78.36 78.47 78.52 78.56 78.50 78.53 78.65 78.77 78.83 78.90 78.97 79.00 79.02 79.05 78.45 78.09 77.92 77.54 77.69 77.15 69.10 65.43 64.62 66.55 74.07 76.30 76.41 76.43 76.28 75.72 75.24 74.95 74.88 74.89 75.16 75.32 75.29 74.83 74.66 74.76 74.83 74.93 75.13 75.45 75.98 76.54 76.75 76.92 76.98 77.06 77.30 77.13 77.18 76.69 76.85 76.98 77.03 77.11 77.12 77.23 77.25 77.51 77.81 78.00 78.16 78.38 78.47 78.63 78.64 78.74 78.66 78.63 78.55 78.49 78.16 78.09 78.12 78.37 77.83 77.73 77.65 77.73 77.75 78.39 77.59 77.64 77.54 77.65 77.69 77.71 77.72 77.90 77.63 77.62 77.67 77.63 77.64 77.63 77.66 77.67 77.49 78.06 77.49 77.58 77.31 77.18 77.39 77.16 77.10 76.99 76.89 76.71 76.66 76.67 76.87 76.22 76.38 76.18 76.47 76.62 76.78 76.27 76.32 76.41 76.59 77.01 76.89 77.60 78.04 78.45 78.70 78.65 78.65 78.63 78.58 78.57 78.53 78.45 78.37 78.34 78.32 78.39 78.30 78.31 78.28 78.36 78.36 78.37 78.42 78.46 78.42 78.51 78.48 78.47 78.36 78.21 77.84 77.47 77.03 76.45 76.06 75.95 76.22 76.27 75.44 77.29 77.40 77.47 77.54 77.63 77.74 77.83 77.90 77.93 78.07 77.90 78.21 78.18 78.28
21°N ||     78.52 78.44 78.42 78.59 78.68 78.68 78.66 78.74 78.85 78.88 78.97 79.00 79.04 79.06 79.07 78.42 78.09 77.66 77.55 77.75 77.57 71.11 68.77 67.87 69.71 75.84 76.71 76.69 76.59 76.35 75.96 75.43 74.94 74.68 74.48 74.39 75.25 75.28 75.11 74.98 74.94 74.96 75.03 75.17 75.45 75.96 76.62 76.74 76.85 76.96 76.96 77.17 77.32 77.39 76.78 76.85 76.89 76.99 77.03 77.15 77.24 77.27 77.64 77.83 78.03 78.46 78.54 78.59 78.69 78.72 78.73 78.71 78.60 78.62 78.53 78.28 78.23 78.27 78.03 77.83 77.82 77.98 77.80 77.73 77.57 77.74 77.87 77.65 77.68 77.73 77.68 77.69 77.64 77.62 77.72 77.68 77.64 77.66 77.65 77.65 77.70 77.52 77.41 77.59 77.33 77.42 77.55 76.89 77.17 77.40 76.85 76.68 76.66 76.72 76.72 76.87 76.48 76.48 75.59 76.69 76.74 76.70 76.06 76.24 76.52 76.58 76.96 76.83 77.19 77.53 77.97 78.08 78.33 78.41 78.41 78.53 78.52 78.51 78.50 78.47 78.47 78.53 78.51 78.51 78.52 78.50 78.54 78.56 78.56 78.52 78.56 78.54 78.57 78.50 78.54 78.53 78.38 77.89 77.41 76.73 75.92 75.73 75.66 75.64 76.12 76.69 77.11 77.27 77.38 77.51 77.64 77.73 77.81 77.87 77.99 78.02 77.89 78.24 78.24 78.33
23°N ||     78.46 78.51 78.55 78.63 78.68 78.75 78.80 78.87 78.92 78.94 79.00 79.02 79.04 79.05 79.06 78.45 77.96 77.59 77.74 77.87 77.88 76.18 74.16 73.42 76.29 77.21 76.94 76.85 76.69 76.27 75.85 75.44 75.03 74.56 74.29 74.20 74.98 75.28 75.21 74.97 74.97 74.76 75.05 75.23 75.27 76.15 76.39 76.62 76.72 76.85 76.93 77.02 77.16 77.35 77.17 76.96 77.44 77.90 77.76 77.37 77.28 77.16 77.66 77.84 78.06 78.44 78.60 78.67 78.75 78.78 78.74 78.80 78.58 78.77 78.66 78.48 78.43 78.46 78.41 78.05 77.84 77.67 77.56 77.68 77.61 77.67 77.68 77.70 77.69 77.61 77.74 77.77 77.73 77.68 77.78 77.81 77.90 77.55 77.75 77.73 77.65 77.54 77.42 77.54 77.55 77.50 77.50 77.34 77.14 77.26 77.05 76.82 76.81 76.66 76.62 76.66 76.76 76.45 75.78 76.61 76.71 76.53 77.25 76.99 76.49 76.46 76.72 76.91 77.00 77.32 77.54 77.72 77.88 78.03 78.22 78.40 78.48 78.52 78.57 78.58 78.57 78.68 78.60 78.68 78.72 78.74 78.77 78.72 78.81 78.75 78.76 78.73 78.71 78.72 78.75 78.66 78.60 77.96 77.37 76.63 76.05 75.66 75.50 73.88 74.75 76.18 76.90 77.20 77.40 77.52 77.64 77.74 77.85 77.93 78.05 77.98 78.15 78.22 78.09 78.41
25°N ||     78.50 78.54 78.53 78.68 78.78 78.79 78.85 78.87 78.90 78.95 78.99 79.01 79.02 79.03 79.05 78.49 77.86 77.69 77.73 77.63 77.88 77.81 77.79 77.77 77.56 77.30 76.78 76.93 76.55 76.10 75.63 75.31 74.86 74.46 74.22 73.73 73.78 75.19 75.27 74.96 75.06 74.99 75.10 74.35 75.57 76.18 76.49 76.60 76.67 76.75 76.61 76.88 76.90 77.43 76.88 76.92 76.98 76.93 77.50 78.04 78.14 77.47 77.76 78.18 78.41 78.62 78.70 78.72 78.77 78.82 78.81 78.78 78.74 78.68 78.49 78.57 78.56 78.62 78.73 78.24 78.06 77.76 77.70 77.80 77.83 77.72 77.76 77.73 77.74 77.64 77.72 77.85 77.75 77.76 77.78 78.00 77.83 77.75 77.69 77.75 77.52 77.54 77.61 77.54 77.46 77.67 77.60 77.30 77.45 77.37 77.08 77.22 77.16 77.11 77.35 76.71 76.87 76.17 76.39 75.90 76.26 76.19 76.22 76.47 76.51 76.62 76.56 76.52 77.05 76.89 77.46 77.74 77.72 77.91 78.23 78.44 78.52 78.64 78.68 78.70 78.76 78.79 78.82 78.89 78.96 79.02 79.06 79.07 79.06 79.00 78.95 78.92 78.94 78.90 78.84 78.78 78.66 78.51 77.63 76.96 75.99 75.62 73.93 67.88 73.69 76.07 76.93 77.25 77.39 77.54 77.72 77.72 77.87 77.97 78.12 78.14 78.21 78.22 78.37 78.43
27°N ||     78.60 78.65 78.67 78.66 78.81 78.75 78.89 78.92 78.93 78.95 78.97 78.98 78.99 79.00 79.02 78.62 77.93 77.70 77.73 77.70 77.66 77.71 77.38 77.49 77.51 77.37 77.19 76.68 76.32 75.96 75.49 75.12 74.78 74.39 73.75 73.67 73.99 75.37 75.56 75.17 75.33 75.31 75.35 74.37 75.24 76.16 76.43 76.54 76.61 76.48 76.30 76.40 76.95 77.18 77.39 77.53 77.46 77.65 77.71 78.04 77.80 77.36 78.38 78.47 78.57 78.63 78.64 78.71 78.80 78.82 78.67 78.77 78.77 78.71 78.54 78.73 78.60 78.66 78.74 78.73 78.20 78.06 77.95 77.89 77.92 77.80 77.72 77.69 77.74 77.75 77.78 77.80 77.76 77.74 77.80 77.72 77.85 77.80 77.63 77.52 77.87 77.47 77.60 77.60 77.27 77.77 77.03 77.36 77.44 77.29 77.26 77.31 77.27 77.20 77.13 77.21 77.10 77.46 76.81 76.53 76.74 77.22 76.45 76.69 76.76 76.29 76.07 76.75 77.19 76.96 77.50 77.64 77.83 78.13 78.39 78.56 78.71 78.71 78.77 78.84 78.88 78.98 79.03 79.16 79.26 79.27 79.30 79.26 79.24 79.17 79.13 79.13 79.05 78.97 78.87 78.80 78.68 78.55 78.09 77.12 76.36 75.80 75.02 74.35 75.09 76.67 77.18 77.36 77.46 77.59 77.63 77.86 77.95 78.03 78.15 78.26 78.26 78.31 78.42 78.53
29°N ||     78.70 78.73 78.78 78.82 78.88 78.88 78.92 78.94 78.96 78.95 78.97 78.99 79.00 78.89 79.02 79.00 78.45 77.84 77.63 77.65 77.65 77.67 77.36 77.29 77.60 77.44 76.93 76.58 76.21 75.79 75.39 75.01 74.76 74.36 73.21 73.58 74.54 75.40 75.53 75.34 75.62 75.68 75.64 75.76 75.97 76.19 76.46 76.59 76.58 76.23 76.31 76.54 76.56 77.20 77.26 77.34 77.34 77.61 77.67 77.82 77.79 77.98 78.26 78.13 77.98 78.48 78.55 78.65 78.76 78.80 78.75 78.82 78.78 78.81 78.78 78.75 78.69 78.73 78.79 78.83 78.82 78.27 78.12 78.00 78.05 77.84 77.76 79.23 77.79 77.75 77.82 77.93 77.81 77.85 77.71 77.75 77.82 77.81 77.65 77.65 77.56 77.63 77.58 77.61 77.45 77.34 77.15 77.27 77.31 77.13 77.29 77.25 77.41 77.59 77.54 77.52 77.25 76.86 76.78 76.72 76.91 76.68 76.55 76.68 76.44 76.84 77.41 77.60 77.58 77.69 77.77 77.91 78.24 78.34 78.50 78.70 78.75 78.83 78.94 79.03 79.13 79.21 79.34 79.42 79.47 79.56 79.51 79.38 79.44 79.34 79.29 79.20 79.11 79.00 78.93 78.87 78.77 78.69 78.35 77.63 77.11 76.62 76.10 76.07 76.55 77.22 77.38 77.46 77.53 77.61 77.82 77.91 78.04 78.15 78.28 78.40 78.42 78.45 78.59 78.65
31°N ||     78.84 78.80 78.88 78.89 78.90 78.91 78.93 78.97 78.99 78.97 78.97 79.00 79.02 79.02 79.02 79.01 78.71 78.25 78.05 78.01 77.87 77.80 77.61 77.58 77.70 77.04 76.79 76.50 76.03 75.70 75.31 75.18 74.68 74.41 73.94 74.00 74.59 75.48 75.52 75.52 75.73 75.84 75.99 76.00 76.14 76.29 76.45 76.62 76.54 76.03 76.54 76.64 76.69 76.89 76.98 77.09 77.25 77.30 77.41 77.77 77.64 77.93 78.03 78.13 78.31 78.35 78.51 78.58 78.62 78.77 78.79 78.78 78.82 78.86 78.83 78.92 78.74 78.80 78.86 78.82 78.82 78.74 78.43 78.65 78.26 78.08 77.86 77.74 77.84 77.89 77.92 77.86 77.80 77.77 78.01 77.86 77.76 77.65 77.61 77.75 77.54 77.57 77.65 77.64 77.50 77.46 77.23 77.23 77.33 77.22 77.17 77.14 77.41 77.52 77.47 77.46 77.17 76.90 77.04 77.05 77.00 77.39 76.76 76.66 77.01 76.89 77.20 77.69 77.64 77.77 77.91 78.17 78.26 78.48 78.60 78.73 78.84 78.98 79.15 79.26 79.34 79.45 79.71 79.58 79.67 79.72 79.68 79.61 79.55 79.46 79.33 79.26 79.33 79.09 79.08 79.00 78.91 78.82 78.57 78.25 77.69 77.46 77.32 77.29 77.12 76.83 77.55 77.56 77.61 77.69 77.52 78.64 78.22 77.83 78.48 78.23 78.59 78.62 78.65 78.79
33°N ||     78.94 78.54 78.87 78.88 78.94 78.93 78.94 78.98 78.96 78.98 78.99 79.02 79.03 79.03 79.08 79.08 79.05 78.75 78.20 77.77 77.85 77.83 77.87 77.79 77.29 76.90 76.68 76.37 76.12 75.50 75.16 74.87 74.47 74.11 73.83 73.94 74.53 75.38 75.68 75.77 75.92 76.06 76.12 76.19 76.10 76.28 76.28 76.16 76.14 76.27 76.54 76.74 76.77 76.72 76.94 77.18 77.28 77.33 77.31 77.35 77.33 77.35 77.63 78.11 78.11 78.47 78.55 78.59 78.62 78.72 78.80 78.92 78.91 78.91 78.88 78.97 78.94 78.96 78.96 78.84 78.96 78.95 78.79 78.55 78.36 78.13 77.95 77.84 77.99 77.90 77.89 77.71 77.85 77.84 77.87 77.75 77.79 77.64 77.75 77.80 77.49 77.46 77.59 77.39 77.76 77.30 77.34 77.18 77.32 77.01 76.86 77.03 77.30 77.40 77.32 77.14 77.12 77.22 77.07 77.39 77.32 77.39 77.34 76.99 77.19 77.49 77.54 77.73 77.84 78.04 78.12 78.31 78.43 78.58 78.70 78.84 78.99 79.19 79.32 79.40 79.54 79.61 79.70 79.77 79.90 79.75 79.69 79.66 79.61 79.38 79.44 79.38 79.29 79.17 79.05 79.15 79.11 79.00 78.90 78.78 78.59 78.36 78.26 78.03 77.85 77.46 77.85 77.74 77.70 77.80 77.84 78.20 78.41 78.48 78.61 78.68 78.71 78.80 78.85 78.91
35°N ||     79.02 78.96 78.96 78.93 78.96 78.95 78.97 78.97 78.97 78.99 79.01 79.02 79.03 79.03 79.09 79.05 79.11 79.05 78.70 77.34 77.70 77.80 77.71 77.40 76.77 76.89 76.65 76.34 75.89 75.33 74.81 74.23 73.70 73.45 73.29 73.25 73.69 74.34 75.38 75.96 76.14 76.20 76.26 76.24 75.63 75.85 76.39 76.55 76.32 76.22 76.54 76.44 76.31 76.46 76.82 77.17 77.31 77.39 77.40 77.42 77.44 77.41 77.62 78.10 78.38 78.49 78.55 78.56 78.64 78.72 78.75 78.92 78.86 78.95 78.97 79.05 79.05 79.13 79.07 79.01 79.00 78.96 78.99 78.53 78.40 78.18 78.12 78.05 77.96 78.02 77.76 77.79 77.82 78.01 78.08 77.72 77.79 77.70 77.78 77.69 77.69 77.64 77.62 77.57 77.55 77.37 77.26 77.58 77.23 76.91 77.34 76.98 77.03 76.95 76.87 76.82 77.00 77.12 77.20 77.52 77.55 77.50 77.81 77.71 77.63 77.81 77.80 77.85 78.00 78.11 78.27 78.44 78.53 78.67 78.77 78.96 79.10 79.30 79.45 79.57 79.62 79.69 79.84 79.93 79.98 79.95 79.84 79.81 79.66 79.63 79.52 79.27 79.38 79.26 79.24 79.22 79.16 79.08 79.07 78.98 78.92 78.77 78.72 78.68 78.53 78.44 78.22 77.98 77.89 77.92 77.93 78.13 78.19 78.58 78.65 78.72 78.80 78.93 79.00 79.04
37°N ||     79.10 78.99 79.00 78.93 78.99 78.97 79.00 78.99 78.97 78.99 79.01 79.02 79.03 79.02 79.01 79.01 79.01 78.96 78.93 77.74 77.72 77.65 77.49 77.27 76.90 76.92 76.67 76.36 75.95 75.07 74.06 73.33 72.65 72.24 72.24 72.61 73.00 73.14 74.09 75.29 76.08 76.38 76.41 76.38 76.30 76.17 76.29 76.42 76.53 76.80 76.31 76.19 76.06 75.90 76.41 76.93 77.29 77.37 77.38 77.37 77.42 77.39 77.76 78.15 78.37 78.47 78.54 78.59 78.63 78.75 78.78 78.86 78.90 79.02 79.04 79.14 79.23 79.21 79.21 79.13 79.18 79.15 79.09 79.06 78.88 78.77 78.73 78.59 78.35 78.63 77.98 77.90 77.80 77.79 77.89 77.80 77.90 78.02 77.73 77.93 77.77 77.88 77.70 78.03 77.75 77.73 77.51 77.40 77.30 77.09 77.00 76.92 76.92 76.77 76.77 76.77 76.90 77.29 77.86 77.72 77.63 77.52 77.62 77.55 77.80 77.87 77.90 77.93 78.14 78.24 78.40 78.56 78.65 78.74 78.94 79.10 79.19 79.39 79.51 79.69 79.77 79.90 80.01 80.03 80.06 80.08 80.02 79.90 79.87 79.73 79.66 79.59 79.54 79.41 79.51 79.47 79.32 79.17 79.18 79.06 78.94 78.88 78.72 78.66 78.50 78.46 78.29 78.14 78.05 78.05 78.03 78.19 78.17 78.68 78.71 78.78 78.93 78.95 79.03 79.04
39°N ||     79.05 79.02 79.04 78.99 78.75 79.00 79.01 78.86 79.00 79.00 78.98 79.00 78.97 78.98 78.97 78.96 78.97 79.01 78.87 78.50 77.53 77.45 77.59 77.32 77.30 76.98 76.79 76.52 75.81 74.53 73.28 72.21 71.55 71.47 71.15 71.40 72.61 72.85 73.28 74.46 75.76 76.41 76.53 76.49 76.26 76.35 76.20 75.47 76.38 76.42 76.40 76.24 75.93 75.67 76.00 76.60 77.08 77.25 77.33 77.32 77.54 77.57 77.59 77.94 78.38 78.51 78.54 78.58 78.68 78.76 78.86 78.95 78.97 79.10 79.18 79.23 79.28 79.32 79.34 79.44 79.24 79.26 79.24 79.21 79.11 78.80 78.91 78.75 78.48 78.45 78.33 78.07 78.06 78.03 78.00 77.87 77.80 77.78 78.01 77.91 78.00 78.55 77.99 77.69 78.05 77.63 77.56 77.53 77.44 77.45 77.27 77.00 77.58 76.88 76.91 77.17 77.03 77.20 77.81 77.83 77.84 77.83 77.84 77.91 77.93 77.98 78.04 78.15 78.22 78.38 78.51 78.66 78.70 78.89 79.01 79.18 79.30 79.41 79.62 79.66 79.96 80.08 80.12 80.12 80.11 80.13 80.05 80.02 79.93 79.99 79.81 79.77 79.64 79.62 79.57 79.53 79.47 79.27 79.07 79.11 78.98 78.91 78.79 78.67 78.52 78.52 78.40 78.31 78.26 78.20 78.15 77.98 77.62 78.73 78.77 78.79 78.93 79.02 79.06 79.02
41°N ||     79.04 79.05 79.07 79.06 79.03 79.02 78.99 79.01 78.99 78.98 78.98 79.00 78.97 79.01 78.94 78.98 78.94 78.78 78.70 78.47 78.10 77.88 77.69 77.56 77.37 77.18 77.01 76.59 75.75 74.35 72.96 72.11 71.82 71.76 71.06 71.45 72.49 73.05 73.61 74.81 75.93 76.49 76.55 76.52 75.95 76.43 76.28 75.97 76.24 76.15 76.16 76.02 76.02 76.14 76.34 76.51 76.91 77.23 77.25 77.21 77.41 77.58 77.59 77.88 78.27 78.57 78.62 78.57 78.72 78.82 78.89 79.01 79.08 79.17 79.26 79.35 79.39 79.42 79.44 79.44 79.43 79.42 79.36 79.51 79.50 79.21 79.04 79.00 78.80 78.83 78.45 78.77 78.54 78.33 78.40 78.08 77.96 78.26 77.85 78.09 78.65 78.65 78.60 77.84 77.98 77.53 77.44 77.66 77.68 77.58 77.46 77.57 78.25 77.82 77.39 77.52 77.93 77.41 77.89 77.83 77.87 77.86 78.03 78.05 78.12 78.08 78.18 78.20 78.38 78.55 78.62 78.67 78.79 78.91 79.14 79.27 79.43 79.50 79.77 79.88 79.97 80.13 80.15 80.14 80.13 80.09 80.11 80.07 80.03 79.94 79.87 79.89 79.88 79.77 79.67 79.57 79.49 79.42 79.30 79.18 79.04 78.90 78.82 78.72 78.57 78.58 78.53 78.46 78.46 78.32 77.89 78.05 77.90 78.64 78.76 78.87 78.89 79.01 79.01 79.06
43°N ||     79.05 79.09 79.09 79.06 79.04 79.03 79.01 79.00 78.99 79.00 78.98 79.03 79.01 79.02 78.95 78.94 78.86 78.76 78.53 78.22 78.02 77.87 77.73 77.60 77.47 77.34 77.14 76.91 76.30 75.29 74.02 72.98 72.50 72.36 72.26 72.41 72.99 73.38 75.09 76.14 76.65 76.78 76.66 76.63 76.65 76.23 76.47 75.89 76.20 76.23 76.15 76.27 75.72 76.20 76.68 76.58 76.73 77.11 77.28 77.48 77.46 77.49 77.61 77.90 78.26 78.61 78.72 78.75 78.82 78.90 79.04 79.11 79.26 79.31 79.59 79.40 79.49 79.44 79.52 79.54 79.52 79.52 79.41 79.45 79.50 79.30 79.25 79.06 79.01 79.04 78.95 78.89 78.88 78.77 78.59 78.30 78.18 78.10 78.47 78.56 78.72 78.63 78.22 78.54 78.20 78.49 78.35 78.47 77.54 77.49 77.39 77.93 77.48 77.34 78.01 78.04 77.95 77.87 77.90 77.99 78.01 78.02 78.25 78.49 78.22 78.21 78.25 78.46 78.58 78.63 78.59 78.78 78.80 78.97 79.15 79.36 79.49 79.52 79.75 79.91 80.03 80.11 80.07 79.95 80.12 80.07 80.03 79.96 80.09 79.85 79.88 79.86 79.79 79.76 79.77 79.65 79.54 79.50 79.25 79.19 79.04 78.91 78.76 78.71 78.66 78.62 78.54 78.58 78.57 78.41 78.19 78.05 77.81 78.59 78.86 78.86 79.00 79.01 79.06 79.10
45°N ||     79.14 79.13 79.09 79.09 79.08 79.05 79.04 79.00 78.99 79.02 79.02 78.98 78.98 78.95 78.94 78.86 78.74 78.59 78.36 78.16 77.98 77.86 77.74 77.66 77.59 77.50 77.38 77.20 76.86 76.26 75.73 75.29 75.13 73.68 73.05 72.90 73.53 74.89 75.81 76.49 76.80 76.92 76.92 76.99 77.08 77.18 77.22 77.05 76.49 76.15 75.76 76.14 76.69 76.64 76.65 76.84 77.29 77.18 77.30 77.52 77.61 77.76 77.86 78.04 78.30 78.67 78.71 78.85 78.93 79.04 79.10 79.27 79.33 79.42 79.41 79.56 79.56 79.57 79.66 79.67 79.56 79.61 79.57 79.55 79.50 79.45 79.29 79.35 79.27 79.11 79.09 79.18 79.00 78.91 78.88 78.82 78.55 78.40 78.70 78.69 78.41 78.21 78.06 78.59 78.20 78.50 78.54 78.56 78.19 77.92 77.67 78.02 77.90 77.83 78.05 77.93 77.83 78.02 78.05 78.11 78.08 78.21 78.29 78.42 78.42 78.48 78.51 78.52 78.64 78.69 78.76 78.77 78.96 79.04 79.30 79.43 79.57 79.71 79.77 79.90 80.00 80.11 80.10 80.11 80.09 80.00 80.04 80.05 80.02 80.00 79.91 79.96 79.91 79.71 79.78 79.75 79.62 79.46 79.20 79.11 79.04 78.85 78.75 78.72 78.71 78.69 78.68 78.68 78.68 78.62 78.53 78.29 77.97 78.72 78.73 78.78 78.94 79.09 79.09 79.14
47°N ||     79.14 79.13 79.12 79.07 79.06 79.06 79.03 79.04 78.98 79.05 79.03 79.00 79.00 78.93 78.84 78.81 78.62 78.49 78.31 78.15 77.98 77.90 77.82 77.77 77.70 77.63 77.53 77.47 77.34 77.15 76.95 76.85 76.85 76.81 76.03 75.86 76.39 76.64 76.70 76.76 76.89 76.96 76.95 77.01 77.13 77.25 77.26 77.23 76.46 76.23 76.61 76.90 77.31 77.10 77.18 77.48 77.33 77.75 77.33 77.50 77.66 77.83 78.04 78.32 78.59 78.75 78.85 78.91 79.09 79.13 79.27 79.36 79.41 79.48 79.52 79.50 79.44 79.32 79.67 79.69 79.66 79.71 79.64 79.63 79.56 79.54 79.52 79.48 79.41 79.33 79.27 79.24 79.22 79.16 78.98 79.02 78.89 78.81 78.81 78.84 78.75 78.69 78.84 78.64 78.44 78.59 78.36 78.35 78.52 78.24 78.02 78.16 78.20 78.27 78.30 77.90 78.07 78.14 78.18 78.31 78.32 78.38 78.52 78.43 78.58 78.59 78.59 78.62 78.70 78.74 78.87 78.91 79.04 79.14 79.62 79.65 79.58 79.67 79.78 79.88 79.98 80.09 80.09 80.05 80.06 80.03 80.01 80.01 79.92 80.02 79.99 79.96 79.86 79.86 79.85 79.70 79.55 79.40 79.28 78.73 78.84 79.00 78.86 78.84 78.81 78.78 78.79 78.75 78.77 78.75 78.73 78.60 78.65 78.70 78.77 78.92 78.95 79.06 79.09 79.15
49°N ||     79.16 79.14 79.13 79.09 79.11 79.10 79.08 79.07 79.04 79.03 79.05 78.99 78.98 78.88 78.79 78.69 78.54 78.44 78.31 78.16 78.05 77.99 77.92 77.85 77.75 77.69 77.65 77.60 77.56 77.50 77.44 77.38 77.32 77.27 77.19 77.22 77.24 77.22 77.08 76.99 76.98 77.08 77.07 76.93 77.04 77.16 77.18 77.18 77.48 76.71 77.88 78.03 78.11 77.89 77.85 77.51 77.53 77.55 77.86 77.59 77.84 78.02 78.30 78.55 78.63 78.87 79.00 79.12 79.15 79.33 79.34 79.42 79.51 79.53 79.55 79.57 79.62 79.70 79.75 79.75 79.77 79.72 79.72 79.69 79.67 79.63 79.63 79.52 79.49 79.46 79.41 79.34 79.22 79.17 79.11 79.12 79.02 79.04 79.04 78.99 78.80 78.91 78.68 78.75 80.71 79.04 78.42 78.67 78.59 78.37 78.28 78.37 78.32 78.31 78.19 78.40 78.35 78.41 78.47 78.43 78.45 78.50 78.60 78.58 78.58 78.64 78.61 78.68 78.73 78.81 78.93 79.03 79.14 79.27 79.54 79.62 79.57 79.71 79.72 79.86 79.94 80.00 80.05 80.05 80.01 80.03 80.01 80.00 79.96 79.87 80.00 79.91 79.81 79.75 79.75 79.58 79.49 79.34 79.29 78.80 78.70 79.05 78.95 78.92 78.92 78.89 78.91 78.88 78.82 78.87 78.82 78.83 78.47 78.66 79.01 78.97 78.96 79.12 79.22 79.12
51°N ||     79.17 79.17 79.13 79.13 79.14 79.14 79.06 79.05 79.06 79.05 79.01 78.94 78.89 78.83 78.74 78.63 78.50 78.36 78.26 78.16 78.01 78.02 77.95 77.87 77.83 77.78 77.73 77.69 77.64 77.61 77.56 77.51 77.45 77.41 77.41 77.42 77.36 77.33 77.23 77.15 77.11 77.14 77.17 77.22 77.18 77.29 77.43 77.59 77.85 77.95 78.04 78.12 78.22 78.28 78.29 78.06 77.67 77.62 77.72 77.98 78.12 78.36 78.55 78.83 78.86 78.99 79.09 79.22 79.33 79.40 79.51 79.59 79.64 79.65 79.69 79.72 79.74 79.67 79.91 79.98 79.80 79.79 79.84 79.61 79.76 79.70 79.61 79.59 79.63 79.55 79.54 79.48 79.40 79.33 79.27 79.22 79.16 79.02 79.16 79.05 79.03 79.02 78.70 80.10 80.71 78.89 78.27 78.69 78.64 78.55 78.55 78.53 78.52 78.56 78.64 78.54 78.57 78.55 78.61 78.63 78.61 78.65 78.62 78.63 78.67 78.67 78.64 78.72 78.77 78.83 78.91 79.04 79.18 79.28 79.42 79.44 79.61 79.67 79.79 79.86 79.92 79.97 80.05 80.03 80.05 80.04 79.97 80.02 80.00 79.95 79.93 79.84 79.83 79.67 79.50 79.54 79.46 79.36 79.29 79.24 79.15 79.11 79.06 79.00 78.99 79.00 78.95 78.98 78.92 78.91 78.90 78.92 78.84 79.00 79.00 78.93 79.00 79.14 79.23 79.21
53°N ||     79.18 79.15 79.19 79.19 79.17 79.15 79.11 79.07 79.04 78.97 78.99 78.94 78.85 78.78 78.67 78.53 78.33 78.34 78.29 78.19 78.13 78.08 78.01 77.96 77.90 77.86 77.81 77.75 77.73 77.68 77.64 77.62 77.57 77.55 77.55 77.54 77.53 77.47 77.38 77.31 77.27 77.27 77.31 77.36 77.45 77.57 77.65 77.77 77.89 78.03 78.14 78.21 78.28 78.35 78.40 78.45 78.00 78.14 77.91 78.35 78.72 78.82 78.92 78.98 79.07 79.17 79.33 79.41 79.49 79.54 79.68 79.73 79.75 79.78 79.82 79.87 79.88 79.86 79.93 79.90 79.85 79.90 79.87 79.90 79.84 79.94 79.89 79.75 79.73 79.62 79.64 79.58 79.50 79.46 79.36 79.29 79.31 79.48 79.20 79.18 79.05 79.05 78.95 78.86 78.63 78.65 78.63 78.80 78.72 78.76 78.71 78.71 78.66 78.71 78.71 78.69 78.74 78.79 78.71 78.77 78.72 78.69 78.63 78.67 78.69 78.66 78.65 78.74 78.78 78.82 78.96 79.07 79.17 79.26 79.25 79.40 79.49 79.62 79.64 79.71 79.74 79.82 79.83 79.91 79.94 79.95 79.90 79.91 79.81 79.82 79.83 79.82 79.68 79.56 79.51 79.42 79.46 79.37 79.32 79.25 79.20 79.14 79.10 79.08 79.07 79.04 79.06 79.04 78.88 78.95 78.91 78.99 78.97 78.96 78.99 79.09 79.19 79.18 79.23 79.24
55°N ||     79.27 79.25 79.19 79.13 79.15 79.05 79.08 79.09 79.05 79.01 78.99 78.91 78.86 78.76 78.73 78.56 79.65 78.29 78.33 78.28 78.21 78.14 78.10 78.07 77.99 77.93 77.88 77.83 77.78 77.75 77.72 77.71 77.68 77.68 77.66 77.67 77.63 77.61 77.58 77.53 77.47 77.48 77.45 77.48 77.55 77.67 77.78 78.21 78.12 78.24 78.29 78.31 78.52 78.41 78.48 78.58 78.66 78.69 78.84 78.93 79.01 79.09 79.23 79.30 79.40 79.48 79.52 79.60 79.65 79.72 79.81 79.86 79.88 79.93 79.96 79.93 79.96 79.96 80.00 80.07 79.93 79.96 79.99 79.95 80.02 79.93 79.83 79.82 79.73 79.74 79.71 79.69 79.61 79.53 79.41 79.39 79.37 79.36 79.30 79.23 79.19 79.13 79.04 79.04 79.01 78.92 78.87 78.88 78.88 78.84 78.84 78.84 78.80 78.86 78.81 78.87 78.94 78.92 78.91 78.87 78.78 78.76 78.71 78.69 78.65 78.66 78.76 78.82 78.82 78.86 78.96 79.06 79.14 79.16 79.25 79.36 79.44 79.51 79.53 79.58 79.62 79.67 79.70 79.76 79.79 79.75 79.77 79.77 79.60 79.62 79.69 79.61 79.59 79.49 79.43 79.48 79.33 79.40 79.36 79.22 79.17 79.16 79.14 79.15 79.09 79.10 79.07 79.01 78.98 79.03 79.04 78.93 78.96 78.95 79.06 79.17 79.21 79.26 79.30 79.31
57°N ||     79.30 79.29 79.26 79.22 79.24 79.16 79.10 79.07 79.06 79.06 78.97 78.90 78.89 78.80 78.73 78.69 78.43 78.46 78.38 78.36 78.30 78.25 78.18 78.13 78.09 78.04 77.98 77.93 77.92 77.87 77.85 77.82 77.80 77.81 77.79 77.79 77.78 77.75 77.74 77.67 77.65 77.63 77.62 77.64 77.70 77.81 77.94 78.04 78.20 78.28 78.36 78.40 78.45 78.52 78.61 78.71 78.80 78.92 79.03 79.12 79.30 79.37 79.44 79.49 79.57 79.61 79.68 79.75 79.80 79.89 79.90 80.26 80.03 80.04 80.05 80.09 80.09 80.06 80.08 80.07 80.06 80.15 80.01 80.03 79.65 80.59 79.92 79.88 79.86 79.80 79.82 79.72 79.67 79.62 79.59 79.50 79.49 79.41 79.36 79.25 79.25 79.21 79.11 79.03 78.99 79.00 78.99 78.93 79.01 78.97 78.94 78.99 79.04 79.03 79.03 79.05 79.09 79.05 78.99 78.89 78.85 78.85 78.82 78.77 78.77 78.78 78.75 78.80 78.85 78.88 78.98 79.01 79.10 79.11 79.16 79.24 79.36 79.40 79.43 79.40 79.52 79.50 79.59 79.66 79.67 79.64 79.62 79.64 79.62 79.56 79.60 79.56 79.58 79.56 79.46 79.49 79.41 79.44 79.41 79.31 79.25 79.27 79.20 79.17 79.16 79.11 79.11 79.08 79.00 79.07 79.06 79.02 79.14 79.08 79.09 79.18 79.27 79.26 79.29 79.30
59°N ||     79.30 79.32 79.30 79.21 79.26 79.24 79.09 79.16 79.15 79.14 79.08 79.02 78.94 78.89 78.80 78.70 78.71 78.62 78.55 78.49 78.43 78.36 78.28 78.22 78.20 78.17 78.15 78.10 78.07 78.04 78.01 77.97 77.95 77.95 77.98 77.94 77.94 77.94 77.89 77.84 77.82 77.81 77.82 77.89 77.94 78.06 78.13 78.22 78.34 78.41 78.47 78.57 78.61 78.68 78.77 78.85 78.96 79.06 79.17 79.32 79.49 79.43 79.64 79.69 79.72 79.78 79.85 79.91 79.94 79.95 80.03 80.04 80.07 80.13 80.15 80.16 80.13 80.20 80.24 80.22 80.15 80.14 80.15 80.10 80.08 80.07 80.04 80.02 79.98 79.88 79.80 79.83 79.74 79.73 79.57 79.61 79.59 79.52 79.40 79.36 79.30 79.27 79.24 79.20 79.20 79.16 79.07 79.07 79.09 79.11 79.16 79.18 79.17 79.17 79.11 79.16 79.16 79.16 79.04 79.00 78.97 78.93 78.85 78.86 78.81 78.81 78.79 78.83 78.87 78.88 78.95 78.94 79.07 79.17 79.14 79.07 79.21 79.26 79.24 79.35 79.43 79.34 79.45 79.52 79.51 79.47 79.52 79.51 79.52 79.52 79.51 79.53 79.52 79.48 79.47 79.50 79.48 79.41 79.41 79.35 79.38 79.30 79.27 79.22 79.19 79.15 79.05 79.07 79.05 79.10 79.13 79.14 79.18 79.17 79.20 79.23 79.28 79.35 79.24 79.30
61°N ||     79.33 79.33 79.32 79.32 79.30 79.32 79.25 79.20 79.22 79.13 79.08 79.07 79.02 78.95 78.88 78.83 78.77 78.72 78.67 78.60 78.53 78.50 78.45 78.41 78.36 78.33 78.29 78.25 78.22 78.21 78.19 78.16 78.17 78.16 78.14 78.13 78.12 78.13 78.11 78.30 78.10 78.10 78.12 78.14 78.18 78.23 78.29 78.38 78.50 78.58 78.61 78.76 78.85 78.92 78.99 79.10 79.19 79.28 79.38 79.46 79.59 79.72 79.79 79.84 79.92 80.23 79.90 80.06 80.09 80.11 80.19 80.11 80.18 80.29 80.33 80.32 80.30 80.32 80.26 80.30 80.26 80.27 80.23 80.25 80.19 80.16 80.10 80.07 80.01 79.97 79.91 79.87 79.85 79.78 79.77 79.75 79.63 79.57 79.55 79.46 79.43 79.38 79.31 79.30 79.28 79.29 79.21 79.25 79.24 79.28 79.27 79.28 79.30 79.29 79.23 79.27 79.23 79.22 79.19 79.07 79.11 79.09 78.87 78.95 78.92 78.88 78.84 78.82 78.85 78.90 78.91 78.94 78.98 78.74 78.99 79.11 79.14 79.12 79.22 79.28 79.32 79.22 79.38 79.41 79.42 79.34 79.40 79.39 79.44 79.46 79.44 79.47 79.44 79.40 79.45 79.46 79.42 79.40 79.41 79.37 79.34 79.36 79.31 79.29 79.27 79.14 79.22 79.20 79.14 79.18 79.16 79.22 79.24 79.23 79.29 79.29 79.26 79.34 79.32 79.27
63°N ||     79.43 79.34 79.33 79.86 79.34 79.35 79.35 79.32 79.29 79.26 79.21 79.13 79.11 79.04 79.00 78.97 78.92 78.88 78.78 78.69 78.56 78.65 78.61 78.57 78.54 78.52 78.47 78.47 78.46 78.42 78.40 78.36 78.35 78.32 78.29 78.27 78.26 78.27 78.28 78.27 78.28 78.31 78.33 78.37 78.43 78.48 78.55 78.59 78.70 78.78 78.90 78.99 79.08 79.19 79.30 79.36 79.44 79.52 79.62 79.66 79.74 79.84 79.94 80.03 80.04 80.08 80.19 80.19 80.19 80.20 80.26 80.24 80.31 80.31 80.34 80.39 80.37 80.33 80.33 80.37 80.36 80.35 80.29 80.25 80.21 80.05 80.08 80.05 80.04 80.02 79.99 79.93 79.84 79.81 79.83 79.65 79.62 79.62 79.59 79.54 79.52 79.46 79.41 79.41 79.41 79.39 79.39 79.39 79.38 79.36 79.40 79.38 79.41 79.37 79.35 79.33 79.32 79.26 79.30 79.24 79.19 79.16 79.14 79.08 79.03 78.99 78.94 78.91 78.89 78.89 78.90 78.94 78.98 78.98 79.03 79.09 79.12 79.13 79.19 79.11 79.25 79.15 79.28 79.33 79.27 79.35 79.35 79.36 79.38 79.39 79.37 79.38 79.44 79.44 79.44 79.41 79.42 79.39 79.41 79.42 79.40 79.36 79.38 79.36 79.28 79.32 79.32 79.33 79.20 79.25 79.27 79.29 79.24 79.32 79.37 79.39 79.37 79.39 79.40 79.40
65°N ||     79.46 79.53 79.46 79.51 79.49 79.46 79.43 79.43 79.28 79.33 79.28 79.26 79.26 79.23 79.32 79.11 79.07 79.03 78.94 78.97 78.93 78.86 78.83 78.81 78.77 78.75 78.67 78.69 78.67 78.64 78.60 78.57 78.55 78.53 78.49 78.46 78.46 78.47 78.45 78.45 78.46 78.51 78.56 78.61 78.68 78.74 78.80 78.87 78.93 79.02 79.10 79.13 79.29 79.43 79.54 79.65 79.75 79.87 79.91 79.95 79.98 80.07 80.12 80.12 80.21 80.25 80.27 80.23 80.28 80.33 80.28 80.30 80.38 80.40 80.41 80.43 80.44 80.40 80.42 80.42 80.44 80.38 80.35 80.15 80.94 82.40 79.75 80.06 80.12 80.05 80.07 79.96 79.97 79.86 79.84 79.78 79.72 79.70 79.69 79.65 79.59 79.58 79.55 79.47 79.52 79.45 79.44 79.46 79.45 79.44 79.47 79.47 79.49 79.44 79.36 79.37 79.43 79.36 79.33 79.37 79.33 79.28 79.26 79.14 79.13 79.03 79.05 79.00 78.98 78.91 78.96 78.95 78.95 78.97 79.02 79.01 79.06 79.08 79.05 79.12 79.17 79.17 79.22 79.24 79.20 79.29 79.28 79.31 79.30 79.32 79.35 79.36 79.37 79.40 79.30 79.41 79.40 79.45 79.44 79.43 79.38 79.38 79.45 79.44 79.38 79.45 79.45 79.34 79.42 79.36 79.44 79.43 79.41 79.41 79.42 79.46 79.39 79.40 79.49 79.31
67°N ||     79.60 79.59 79.62 79.59 79.56 79.62 79.58 79.53 79.55 79.50 79.39 79.40 79.42 79.34 79.34 79.29 79.28 79.24 79.21 79.19 79.08 79.11 79.02 78.98 78.97 78.89 78.94 78.91 78.86 78.83 78.81 78.75 78.76 78.70 78.85 78.65 78.65 78.65 78.64 78.66 78.69 78.73 78.80 78.83 78.89 78.96 79.04 79.14 79.21 79.30 79.40 79.52 79.62 79.74 79.86 79.97 80.09 80.17 80.26 80.34 80.38 80.37 80.32 80.31 80.32 80.33 80.32 80.36 80.41 80.40 80.43 80.44 80.43 80.48 80.49 80.47 80.46 80.40 80.51 80.49 80.47 80.44 80.33 80.30 80.29 80.19 80.17 80.18 80.15 80.16 80.09 80.03 80.01 79.94 79.91 79.84 79.81 79.77 79.74 79.67 79.62 79.65 79.62 79.54 79.55 79.55 79.55 79.51 79.47 79.41 79.44 79.52 79.55 79.51 79.48 79.48 79.41 79.45 79.43 79.41 79.38 79.31 79.32 79.28 79.23 79.19 79.18 79.09 79.05 79.03 78.99 78.95 78.96 78.96 78.92 79.01 79.02 79.04 78.89 79.08 79.12 79.17 79.19 79.16 79.19 79.20 79.11 79.27 79.26 79.29 79.28 79.36 79.35 79.38 79.40 79.40 79.42 79.43 79.44 79.48 79.39 79.41 79.42 79.46 79.45 79.46 79.53 79.53 79.54 79.50 79.54 79.50 79.56 79.55 79.47 79.50 79.51 79.59 79.57 79.59
69°N ||     79.60 79.71 79.72 79.68 79.69 79.69 79.67 79.68 79.60 79.69 79.61 79.59 79.56 79.57 79.46 79.41 79.40 79.45 79.46 79.38 79.38 79.36 79.33 79.30 79.22 79.20 79.00 79.15 79.14 79.04 79.11 78.99 79.01 78.94 78.88 78.85 78.87 78.86 78.88 78.89 78.91 78.99 79.04 79.10 79.16 79.24 79.37 79.48 79.60 79.69 79.76 79.83 79.88 79.96 80.03 80.12 80.19 80.22 80.30 80.34 80.35 80.37 80.37 80.38 80.36 80.40 80.42 80.44 80.42 80.48 80.50 80.49 80.54 80.54 80.46 80.52 80.52 80.47 80.49 80.48 80.44 80.42 80.44 80.39 80.31 80.32 80.22 80.19 80.17 80.13 80.13 80.07 80.00 79.99 79.98 79.85 79.87 79.85 79.81 79.79 79.76 79.74 79.71 79.64 79.64 79.68 79.65 79.61 79.60 79.61 79.47 79.49 79.56 79.54 79.56 79.53 79.49 79.50 79.49 79.42 79.38 79.39 79.37 79.35 79.27 79.25 79.24 79.22 79.19 79.15 79.12 79.06 79.06 79.02 78.98 78.95 78.98 79.04 79.09 79.07 79.10 79.10 79.13 79.14 79.15 79.16 79.18 79.22 79.23 79.22 79.28 79.25 79.30 79.35 79.40 79.43 79.41 79.45 79.55 79.52 79.49 79.49 79.50 79.55 79.55 79.59 79.60 79.64 79.62 79.60 79.59 79.65 79.66 79.68 79.76 79.71 79.68 79.70 79.66 79.63
71°N ||     79.80 79.85 79.88 79.81 79.78 79.82 80.09 79.72 79.78 79.79 79.69 79.72 79.73 79.69 79.74 79.74 79.73 79.67 79.75 79.58 79.51 79.59 79.58 79.53 79.47 79.44 79.38 79.32 79.35 79.26 79.28 79.29 79.30 79.20 79.26 79.27 79.20 79.20 79.22 79.25 79.22 79.33 79.37 79.41 79.48 79.54 79.62 79.72 79.79 79.88 79.95 80.00 80.02 80.01 80.08 80.10 80.13 80.17 80.22 80.23 80.22 80.28 80.29 80.33 80.43 80.40 80.42 80.46 80.53 80.49 80.53 80.52 80.52 80.56 80.52 80.49 80.50 80.53 80.51 80.47 80.45 80.45 80.43 80.39 80.34 80.33 80.30 80.29 80.25 80.18 80.10 80.04 80.07 80.07 80.00 79.98 79.94 79.92 79.89 79.85 79.79 79.74 79.71 79.69 79.72 79.73 79.70 79.66 79.66 79.64 79.67 79.62 79.60 79.59 79.55 79.57 79.52 79.50 79.44 79.48 79.39 79.44 79.41 79.34 79.34 79.33 79.31 79.30 79.27 79.22 79.19 79.20 79.16 79.14 79.09 79.10 79.06 79.04 79.03 79.01 78.98 78.98 79.01 79.04 79.07 79.11 79.16 79.18 79.24 79.24 79.29 79.29 79.29 79.32 79.38 79.37 79.46 79.51 79.54 79.57 79.59 79.54 79.62 79.64 79.66 79.70 79.69 79.71 79.63 79.74 79.74 79.72 79.67 79.75 79.77 79.79 79.85 79.75 79.80 79.78
73°N ||     79.97 80.01 80.01 79.97 79.92 80.01 80.02 79.98 79.97 80.00 80.04 79.96 79.97 79.89 80.03 79.92 79.89 79.87 79.82 79.81 79.83 79.66 79.66 79.71 79.64 79.71 79.63 79.87 79.73 79.66 79.70 79.60 79.55 79.52 79.46 79.51 79.46 79.49 79.51 79.57 79.61 79.65 79.68 79.71 79.77 79.82 79.85 79.89 79.93 79.98 80.05 80.15 80.13 80.14 80.15 80.15 80.13 80.14 80.12 80.17 80.20 80.25 80.28 80.29 80.33 80.39 80.42 80.41 80.42 80.46 80.52 80.57 80.57 80.51 80.56 80.58 80.60 80.54 80.51 80.45 80.47 80.44 80.41 80.38 80.40 80.39 80.36 80.32 80.27 80.27 80.21 80.08 80.07 80.07 80.05 79.96 79.97 79.95 79.91 79.92 79.87 79.86 79.82 79.72 79.78 79.77 79.72 79.69 79.68 79.63 79.67 79.66 79.69 79.67 79.63 79.65 79.65 79.60 79.53 79.48 79.50 79.54 79.51 79.44 79.42 79.39 79.36 79.38 79.31 79.30 79.27 79.24 79.25 79.21 79.23 79.20 79.18 79.15 79.15 79.16 79.18 79.19 79.21 79.22 79.24 79.26 79.28 79.29 79.32 79.35 79.33 79.39 79.39 79.42 79.43 79.44 79.52 79.56 79.59 79.58 79.66 79.67 79.64 79.71 79.77 79.81 79.76 79.81 79.86 79.89 79.58 80.53 79.70 79.05 79.86 79.90 79.99 79.96 79.85 79.92
75°N ||     80.06 80.12 80.07 80.10 80.09 80.17 80.06 80.12 80.12 80.11 80.14 80.08 80.09 80.15 80.08 80.12 80.11 79.97 80.03 80.06 80.01 80.08 80.11 80.16 80.05 79.93 79.95 79.94 79.76 79.81 79.82 79.78 79.87 79.90 79.94 79.83 79.80 79.81 79.74 79.82 79.81 79.84 79.91 79.91 79.91 79.88 79.94 79.99 80.02 80.10 80.14 80.16 80.17 80.19 80.20 80.30 80.21 80.21 80.24 80.27 80.33 80.38 80.41 80.43 80.44 80.43 80.42 80.44 80.48 80.43 80.53 80.54 80.55 80.56 80.55 80.59 80.55 80.56 80.50 80.53 80.48 80.48 80.44 80.56 80.42 80.36 80.32 80.28 80.27 80.27 80.22 80.20 80.17 80.12 80.12 80.09 80.15 80.01 79.97 79.94 79.92 79.91 79.89 79.85 79.85 79.85 79.84 79.81 79.76 79.79 79.75 79.72 79.75 79.74 79.72 79.70 79.67 79.68 79.61 79.61 79.59 79.57 79.51 79.58 79.57 79.54 79.47 79.45 79.44 79.39 79.43 79.40 79.41 79.38 79.32 79.34 79.32 79.32 79.32 79.33 79.32 79.35 79.36 79.29 79.34 79.38 79.41 79.42 79.39 79.40 79.43 79.47 79.49 79.51 79.54 79.55 79.59 79.65 79.68 79.71 79.72 79.78 79.79 79.85 79.87 79.86 79.87 79.90 79.93 79.96 79.96 80.00 79.96 80.13 80.13 80.14 80.14 80.13 80.09 80.03
77°N ||     80.24 80.15 79.97 79.88 79.99 80.19 80.11 79.83 79.85 80.13 80.20 80.20 80.22 80.19 80.18 80.06 79.86 79.89 79.81 80.04 79.89 79.97 80.27 80.48 80.16 80.04 80.02 80.11 80.06 80.04 80.02 80.02 80.05 79.99 79.77 79.98 79.91 79.97 79.94 79.91 80.03 80.01 79.96 79.96 80.02 80.08 80.11 80.14 80.17 80.20 80.23 80.26 80.18 80.32 80.35 80.39 80.41 80.42 80.43 80.45 80.48 80.03 80.06 80.34 80.44 80.44 80.44 80.47 80.43 80.44 80.49 80.52 80.53 80.54 80.52 80.54 80.53 80.54 80.58 80.57 80.54 80.47 80.47 80.45 80.45 80.40 80.30 80.29 80.35 80.31 80.32 80.27 80.21 80.13 80.12 80.15 80.15 80.12 80.08 80.04 80.02 80.01 79.96 80.01 79.94 79.92 79.91 79.89 79.87 79.86 79.85 79.82 79.79 79.73 79.73 79.71 79.74 79.68 79.68 79.61 79.63 79.64 79.64 79.64 79.63 79.63 79.60 79.58 79.55 79.51 79.53 79.49 79.46 79.41 79.23 79.37 79.43 79.44 79.47 79.46 79.43 79.44 79.44 79.44 79.46 79.45 79.50 79.47 79.50 79.47 79.52 79.56 79.55 79.59 79.63 79.65 79.68 79.69 79.67 79.72 79.75 79.79 79.86 79.90 79.91 79.92 79.95 80.01 80.01 79.98 80.03 79.98 80.02 80.06 80.04 80.18 80.26 80.23 80.17 80.21
79°N ||     80.08 79.99 80.00 80.07 80.08 80.05 80.01 80.01 80.03 80.02 80.03 79.91 80.09 80.05 80.08 80.15 80.16 80.20 80.19 80.14 80.12 80.21 80.19 80.21 80.24 80.26 80.20 80.04 80.10 80.01 80.04 80.06 80.08 80.10 80.07 80.11 80.07 80.14 80.13 80.12 80.13 80.16 80.16 80.13 80.09 80.11 80.14 80.18 80.20 80.26 80.32 80.30 80.34 80.38 80.42 80.44 80.42 80.46 80.52 80.53 80.57 80.59 80.59 80.61 80.58 80.60 80.66 80.63 80.57 80.54 80.51 80.50 80.46 80.49 80.51 80.40 80.37 80.42 80.51 80.53 80.45 80.51 80.39 80.01 80.24 80.51 79.56 79.73 80.29 79.22 79.58 80.01 79.75 79.42 79.90 79.29 79.41 79.95 79.73 79.44 79.53 79.60 79.69 79.99 80.01 79.94 79.97 79.96 79.97 79.94 79.92 79.90 79.88 79.86 79.82 79.82 79.80 79.79 79.77 79.61 80.00 79.58 79.71 79.68 79.65 79.67 79.64 79.62 79.62 79.62 79.61 79.61 79.59 79.60 79.59 79.59 79.60 79.60 79.57 79.59 79.57 79.55 79.51 79.53 79.54 79.50 79.45 79.47 79.52 79.56 79.58 79.56 79.63 79.67 79.67 79.73 79.70 79.75 79.74 79.76 79.79 79.83 79.85 79.91 79.93 79.98 79.95 79.93 79.96 80.05 80.05 80.07 80.06 80.08 80.09 80.06 80.05 80.15 80.14 80.11
81°N ||     79.50 79.51 79.53 79.58 79.54 79.54 79.56 79.55 79.56 79.57 79.59 79.61 79.62 79.64 79.67 79.69 79.70 79.72 79.72 79.73 79.74 79.76 79.78 79.81 79.83 79.88 79.95 80.02 80.02 80.08 80.15 80.08 80.09 80.23 79.86 79.86 79.72 79.92 79.49 79.59 79.75 79.83 80.15 80.16 80.18 80.24 80.30 80.27 80.14 80.10 79.71 79.67 79.55 79.72 80.12 79.85 79.80 79.80 79.81 79.90 80.36 80.21 80.25 80.25 80.31 80.36 80.44 80.19 80.07 79.87 79.90 79.92 79.57 79.77 79.63 79.40 79.25 79.41 79.23 79.06 79.03 78.79 78.84 78.70 78.69 78.76 78.55 78.53 78.55 78.46 78.53 78.63 78.38 78.38 78.64 78.45 78.48 78.30 78.30 78.34 78.64 78.73 78.71 78.71 78.72 78.78 78.50 79.16 79.23 79.78 79.72 79.21 79.40 79.87 79.60 79.67 79.44 79.53 79.72 79.26 79.29 79.23 79.31 79.33 79.53 79.78 79.39 79.46 79.45 79.44 79.49 79.47 79.46 79.48 79.49 79.50 79.56 79.63 79.70 79.70 79.70 79.70 79.71 79.68 79.70 79.66 79.67 79.70 79.72 79.76 79.76 79.79 79.80 79.81 79.81 79.80 79.80 79.82 79.84 79.81 79.82 79.83 79.85 79.85 79.85 79.85 79.83 79.80 79.79 79.73 79.67 79.68 79.66 79.65 79.64 79.60 79.56 79.52 79.52 79.50
83°N ||     79.29 79.30 79.30 79.30 79.30 79.30 79.31 79.32 79.33 79.35 79.37 79.39 79.40 79.42 79.44 79.47 79.51 79.51 79.57 79.57 79.60 79.61 79.61 79.60 79.60 79.55 79.67 79.64 79.60 79.17 79.08 78.94 79.15 79.23 78.94 79.10 78.91 78.95 78.95 78.88 78.78 78.89 78.71 78.62 78.63 78.77 78.75 78.71 78.78 78.84 78.94 79.04 79.24 79.33 79.05 79.14 78.98 78.88 78.87 78.99 78.89 79.43 79.35 79.97 80.10 80.24 80.37 80.46 80.45 80.20 80.00 79.74 79.52 79.37 79.30 79.13 79.04 78.95 78.88 78.85 78.81 78.75 78.71 78.67 78.61 78.56 78.53 78.49 78.46 78.46 78.47 78.46 78.45 78.43 78.39 78.37 78.34 78.32 78.30 78.28 78.27 78.23 78.21 78.19 78.17 78.16 78.15 78.14 78.15 78.23 78.35 78.52 78.47 78.52 78.37 78.49 78.67 78.71 78.60 78.49 78.43 78.47 78.70 78.55 78.61 78.50 78.58 78.62 78.54 78.59 78.46 78.49 78.59 78.75 78.68 78.65 78.69 78.55 78.63 78.64 78.76 79.01 79.07 79.16 79.49 79.46 79.68 79.82 79.84 79.82 79.80 79.78 79.78 79.78 79.83 79.84 79.82 79.81 79.76 79.73 79.72 79.71 79.69 79.66 79.63 79.60 79.58 79.55 79.53 79.51 79.48 79.47 79.44 79.42 79.40 79.38 79.33 79.31 79.30 79.30
85°N ||     79.58 79.47 79.57 79.68 79.74 79.92 78.93 78.84 79.03 79.19 78.74 79.01 78.86 78.79 78.87 79.04 78.50 78.34 78.31 78.34 78.34 78.54 78.93 78.69 78.69 78.79 79.08 78.87 78.83 79.04 78.97 78.23 78.29 78.55 78.31 78.23 78.20 78.20 78.22 78.26 78.25 78.36 78.29 78.23 78.26 78.20 78.17 78.19 78.19 78.29 78.28 78.25 78.32 78.51 78.50 78.39 78.40 78.43 78.49 78.55 78.58 78.51 78.63 78.54 78.50 78.50 78.73 78.74 79.05 79.22 79.33 79.58 79.40 79.38 79.35 79.46 79.60 79.75 79.83 79.86 79.93 79.96 79.64 79.33 78.99 78.94 78.99 79.06 79.16 79.38 79.78 79.77 78.67 78.49 78.48 78.55 78.49 78.44 78.34 78.28 78.25 78.32 78.23 78.20 78.18 78.17 78.15 78.14 78.12 78.10 78.09 78.09 78.09 78.10 78.10 78.11 78.12 78.13 78.13 78.11 78.13 78.15 78.16 78.14 78.14 78.13 78.13 78.13 78.14 78.13 78.13 78.13 78.12 78.13 78.15 78.14 78.19 78.19 78.19 78.34 78.17 78.18 78.17 78.45 78.47 78.49 78.58 78.83 78.57 78.42 78.55 78.43 78.70 78.77 78.95 79.13 78.77 78.94 79.07 79.15 79.11 78.90 79.00 79.33 79.20 79.23 79.41 79.73 79.55 79.78 79.56 79.39 79.28 79.16 79.28 79.42 79.49 79.24 79.29 79.37
87°N ||     78.01 78.06 78.04 78.05 78.08 78.05 78.06 78.05 77.98 77.96 77.96 77.97 77.99 78.01 77.99 77.95 77.95 77.95 77.95 77.95 77.96 78.01 78.01 77.91 77.91 77.90 77.93 77.94 77.96 77.97 77.98 77.94 77.91 77.93 77.91 77.87 77.84 77.84 77.84 77.85 77.88 77.87 77.90 77.89 77.87 77.82 77.82 77.81 77.83 77.85 77.85 77.85 77.86 77.87 77.91 77.96 77.96 77.98 78.00 78.00 77.97 77.95 77.95 77.94 77.93 77.93 77.92 77.93 77.94 77.95 78.06 78.29 78.34 78.25 78.21 78.17 78.21 78.15 78.13 78.20 78.11 78.08 78.06 78.06 78.09 78.05 78.07 78.14 78.08 78.13 78.05 78.03 78.05 78.01 77.97 77.97 77.98 77.98 78.00 77.99 77.96 77.92 77.92 77.96 77.97 77.92 77.91 77.90 77.88 77.87 77.86 77.88 77.86 77.87 77.88 77.88 77.89 77.90 77.89 77.96 77.87 77.88 77.90 77.92 77.97 78.00 77.92 77.91 77.94 77.94 77.98 77.93 77.87 77.88 77.88 77.87 77.86 77.88 77.93 77.94 77.95 77.96 77.97 77.95 77.98 77.97 77.97 77.94 77.91 77.88 77.92 77.89 77.94 77.92 77.87 77.87 77.89 78.01 77.96 78.00 77.95 78.05 78.04 78.10 78.09 78.10 78.06 78.05 78.07 78.07 78.04 78.08 78.12 78.10 78.10 78.09 78.04 78.07 78.14 78.06
89°N ||     77.76 77.75 77.76 77.77 77.77 77.73 77.73 77.71 77.71 77.71 77.71 77.71 77.71 77.71 77.71 77.70 77.70 77.70 77.70 77.70 77.70 77.70 77.71 77.70 77.70 77.70 77.70 77.69 77.68 77.67 77.67 77.66 77.66 77.66 77.65 77.65 77.65 77.65 77.65 77.64 77.64 77.64 77.64 77.64 77.64 77.64 77.64 77.64 77.64 77.64 77.65 77.65 77.66 77.66 77.67 77.68 77.69 77.69 77.70 77.70 77.69 77.70 77.70 77.71 77.71 77.71 77.72 77.72 77.72 77.72 77.72 77.73 77.73 77.74 77.74 77.74 77.75 77.75 77.76 77.77 77.76 77.76 77.76 77.77 77.76 77.77 77.77 77.76 77.76 77.76 77.76 77.78 77.79 77.78 77.77 77.76 77.75 77.76 77.79 77.80 77.78 77.75 77.75 77.75 77.75 77.74 77.74 77.73 77.73 77.72 77.72 77.72 77.71 77.71 77.71 77.70 77.70 77.70 77.70 77.70 77.70 77.70 77.70 77.70 77.70 77.70 77.70 77.69 77.69 77.69 77.69 77.68 77.68 77.68 77.67 77.67 77.66 77.65 77.65 77.65 77.65 77.65 77.65 77.65 77.65 77.65 77.65 77.65 77.65 77.65 77.66 77.67 77.67 77.68 77.68 77.69 77.70 77.71 77.70 77.69 77.69 77.69 77.70 77.70 77.69 77.70 77.70 77.70 77.70 77.70 77.71 77.71 77.72 77.72 77.72 77.73 77.73 77.73 77.74 77.75
